      0.463340E-02      0.127039E-03      0.194014E+02      0.116682E-07      0.100000E+01      0.100000E+01      0.152285E+01      0.293745E+01      0.695740E+00      0.100000E-02      0.793518E-01      0.508723E+00      0.177306E-15      0.119613E-04      0.524347E-06
      0.139601E-01      0.255739E-03      0.193993E+02      0.116840E-07      0.100000E+01      0.100000E+01      0.152440E+01      0.294476E+01      0.695684E+00      0.100000E-02      0.792290E-01      0.506580E+00      0.178474E-15      0.119611E-04      0.524270E-06
      0.234019E-01      0.385974E-03      0.193950E+02      0.117164E-07      0.100000E+01      0.100000E+01      0.152756E+01      0.295970E+01      0.695568E+00      0.100000E-02      0.789796E-01      0.504535E+00      0.183174E-15      0.119606E-04      0.524114E-06
      0.329489E-01      0.517611E-03      0.193884E+02      0.117661E-07      0.100000E+01      0.100000E+01      0.153241E+01      0.298263E+01      0.695392E+00      0.100000E-02      0.786009E-01      0.502595E+00      0.191589E-15      0.119598E-04      0.523876E-06
      0.425908E-01      0.650513E-03      0.193794E+02      0.118336E-07      0.100000E+01      0.100000E+01      0.153900E+01      0.301397E+01      0.695155E+00      0.100000E-02      0.780917E-01      0.500769E+00      0.203874E-15      0.119588E-04      0.523552E-06
      0.523167E-01      0.784537E-03      0.193679E+02      0.119195E-07      0.100000E+01      0.100000E+01      0.154741E+01      0.305413E+01      0.694854E+00      0.100000E-02      0.774523E-01      0.499065E+00      0.220151E-15      0.119575E-04      0.523141E-06
      0.621154E-01      0.919534E-03      0.193538E+02      0.120242E-07      0.100000E+01      0.100000E+01      0.155771E+01      0.310362E+01      0.694490E+00      0.100000E-02      0.766846E-01      0.497490E+00      0.240503E-15      0.119559E-04      0.522641E-06
      0.719755E-01      0.105535E-02      0.193370E+02      0.121479E-07      0.100000E+01      0.100000E+01      0.156997E+01      0.316294E+01      0.694062E+00      0.100000E-02      0.757917E-01      0.496052E+00      0.264964E-15      0.119539E-04      0.522050E-06
      0.818851E-01      0.119182E-02      0.193175E+02      0.122906E-07      0.100000E+01      0.100000E+01      0.158426E+01      0.323270E+01      0.693570E+00      0.100000E-02      0.747783E-01      0.494758E+00      0.293512E-15      0.119517E-04      0.521368E-06
      0.918320E-01      0.132879E-02      0.192950E+02      0.124523E-07      0.100000E+01      0.100000E+01      0.160066E+01      0.331351E+01      0.693014E+00      0.100000E-02      0.736505E-01      0.493615E+00      0.326063E-15      0.119492E-04      0.520595E-06
      0.101804E+00      0.146607E-02      0.192694E+02      0.126329E-07      0.100000E+01      0.100000E+01      0.161924E+01      0.340608E+01      0.692395E+00      0.100000E-02      0.724156E-01      0.492630E+00      0.362459E-15      0.119463E-04      0.519730E-06
      0.111789E+00      0.160350E-02      0.192408E+02      0.128319E-07      0.100000E+01      0.100000E+01      0.164006E+01      0.351114E+01      0.691712E+00      0.100000E-02      0.710820E-01      0.491805E+00      0.402464E-15      0.119431E-04      0.518775E-06
      0.121774E+00      0.174090E-02      0.192088E+02      0.130487E-07      0.100000E+01      0.100000E+01      0.166321E+01      0.362951E+01      0.690965E+00      0.100000E-02      0.696589E-01      0.491143E+00      0.445752E-15      0.119396E-04      0.517730E-06
      0.131747E+00      0.187808E-02      0.191734E+02      0.132825E-07      0.100000E+01      0.100000E+01      0.168874E+01      0.376206E+01      0.690154E+00      0.100000E-02      0.681561E-01      0.490644E+00      0.491907E-15      0.119358E-04      0.516597E-06
      0.141695E+00      0.201485E-02      0.191345E+02      0.135325E-07      0.100000E+01      0.100000E+01      0.171672E+01      0.390972E+01      0.689277E+00      0.100000E-02      0.665841E-01      0.490306E+00      0.540412E-15      0.119316E-04      0.515378E-06
      0.151606E+00      0.215101E-02      0.190920E+02      0.137975E-07      0.100000E+01      0.100000E+01      0.174721E+01      0.407347E+01      0.688333E+00      0.100000E-02      0.649533E-01      0.490122E+00      0.590658E-15      0.119271E-04      0.514076E-06
      0.161468E+00      0.228637E-02      0.190457E+02      0.140761E-07      0.100000E+01      0.100000E+01      0.178026E+01      0.425438E+01      0.687317E+00      0.100000E-02      0.632743E-01      0.490085E+00      0.641936E-15      0.119223E-04      0.512693E-06
      0.171270E+00      0.242071E-02      0.189956E+02      0.143669E-07      0.100000E+01      0.100000E+01      0.181592E+01      0.445354E+01      0.686226E+00      0.100000E-02      0.615574E-01      0.490180E+00      0.693457E-15      0.119171E-04      0.511233E-06
      0.180999E+00      0.255382E-02      0.189414E+02      0.146682E-07      0.100000E+01      0.100000E+01      0.185421E+01      0.467213E+01      0.685052E+00      0.100000E-02      0.598124E-01      0.490391E+00      0.744356E-15      0.119116E-04      0.509700E-06
      0.190644E+00      0.268549E-02      0.188831E+02      0.149783E-07      0.100000E+01      0.100000E+01      0.189518E+01      0.491136E+01      0.683787E+00      0.100000E-02      0.580486E-01      0.490697E+00      0.793713E-15      0.119058E-04      0.508097E-06
      0.200195E+00      0.281550E-02      0.188206E+02      0.152953E-07      0.100000E+01      0.100000E+01      0.193882E+01      0.517251E+01      0.682421E+00      0.100000E-02      0.562745E-01      0.491073E+00      0.840577E-15      0.118997E-04      0.506428E-06
      0.209642E+00      0.294363E-02      0.187538E+02      0.156171E-07      0.100000E+01      0.100000E+01      0.198515E+01      0.545689E+01      0.680939E+00      0.100000E-02      0.544979E-01      0.491490E+00      0.883988E-15      0.118933E-04      0.504699E-06
      0.218973E+00      0.306967E-02      0.186827E+02      0.159417E-07      0.100000E+01      0.100000E+01      0.203416E+01      0.576587E+01      0.679326E+00      0.100000E-02      0.527255E-01      0.491913E+00      0.923018E-15      0.118866E-04      0.502913E-06
      0.228180E+00      0.319339E-02      0.186070E+02      0.162671E-07      0.100000E+01      0.100000E+01      0.208582E+01      0.610086E+01      0.677564E+00      0.100000E-02      0.509634E-01      0.492307E+00      0.956791E-15      0.118796E-04      0.501076E-06
      0.237255E+00      0.331457E-02      0.185268E+02      0.165910E-07      0.100000E+01      0.100000E+01      0.214010E+01      0.646330E+01      0.675630E+00      0.100000E-02      0.492166E-01      0.492630E+00      0.984526E-15      0.118723E-04      0.499192E-06
      0.246189E+00      0.343298E-02      0.184420E+02      0.169115E-07      0.100000E+01      0.100000E+01      0.219695E+01      0.685468E+01      0.673501E+00      0.100000E-02      0.474890E-01      0.492840E+00      0.100557E-14      0.118648E-04      0.497267E-06
      0.254973E+00      0.354840E-02      0.183526E+02      0.172265E-07      0.100000E+01      0.100000E+01      0.225631E+01      0.727654E+01      0.671150E+00      0.100000E-02      0.457842E-01      0.492889E+00      0.101942E-14      0.118570E-04      0.495305E-06
      0.263603E+00      0.366060E-02      0.182584E+02      0.175342E-07      0.100000E+01      0.100000E+01      0.231811E+01      0.773044E+01      0.668548E+00      0.100000E-02      0.441047E-01      0.492732E+00      0.102575E-14      0.118489E-04      0.493311E-06
      0.272070E+00      0.376935E-02      0.181595E+02      0.178326E-07      0.100000E+01      0.100000E+01      0.238227E+01      0.821801E+01      0.665665E+00      0.100000E-02      0.424524E-01      0.492319E+00      0.102443E-14      0.118407E-04      0.491290E-06
      0.280369E+00      0.387441E-02      0.180558E+02      0.181201E-07      0.100000E+01      0.100000E+01      0.244868E+01      0.874090E+01      0.662468E+00      0.100000E-02      0.408286E-01      0.491601E+00      0.101555E-14      0.118322E-04      0.489247E-06
      0.288495E+00      0.397555E-02      0.179474E+02      0.183952E-07      0.100000E+01      0.100000E+01      0.251726E+01      0.930081E+01      0.658924E+00      0.100000E-02      0.392342E-01      0.490531E+00      0.999382E-15      0.118235E-04      0.487187E-06
      0.296444E+00      0.407251E-02      0.178340E+02      0.186565E-07      0.100000E+01      0.100000E+01      0.258787E+01      0.989950E+01      0.655000E+00      0.100000E-02      0.376698E-01      0.489060E+00      0.976423E-15      0.118146E-04      0.485113E-06
      0.304211E+00      0.416506E-02      0.177159E+02      0.189029E-07      0.100000E+01      0.100000E+01      0.266041E+01      0.105388E+02      0.650660E+00      0.100000E-02      0.361357E-01      0.487144E+00      0.947340E-15      0.118055E-04      0.483030E-06
      0.311794E+00      0.425294E-02      0.175928E+02      0.191333E-07      0.100000E+01      0.100000E+01      0.273475E+01      0.112205E+02      0.645873E+00      0.100000E-02      0.346318E-01      0.484739E+00      0.912961E-15      0.117962E-04      0.480943E-06
      0.319190E+00      0.433591E-02      0.174649E+02      0.193469E-07      0.100000E+01      0.100000E+01      0.281073E+01      0.119466E+02      0.640606E+00      0.100000E-02      0.331581E-01      0.481806E+00      0.874242E-15      0.117868E-04      0.478854E-06
      0.326396E+00      0.441370E-02      0.173321E+02      0.195432E-07      0.100000E+01      0.100000E+01      0.288823E+01      0.127190E+02      0.634827E+00      0.100000E-02      0.317145E-01      0.478308E+00      0.832231E-15      0.117772E-04      0.476768E-06
      0.333412E+00      0.448605E-02      0.171943E+02      0.197218E-07      0.100000E+01      0.100000E+01      0.296708E+01      0.135397E+02      0.628509E+00      0.100000E-02      0.303009E-01      0.474213E+00      0.788030E-15      0.117675E-04      0.474689E-06
      0.340236E+00      0.455270E-02      0.170516E+02      0.198825E-07      0.100000E+01      0.100000E+01      0.304713E+01      0.144108E+02      0.621624E+00      0.100000E-02      0.289171E-01      0.469492E+00      0.742752E-15      0.117576E-04      0.472619E-06
      0.346868E+00      0.461338E-02      0.169038E+02      0.200251E-07      0.100000E+01      0.100000E+01      0.312821E+01      0.153343E+02      0.614150E+00      0.100000E-02      0.275632E-01      0.464124E+00      0.697479E-15      0.117476E-04      0.470561E-06
      0.353308E+00      0.466782E-02      0.167510E+02      0.201499E-07      0.100000E+01      0.100000E+01      0.321013E+01      0.163123E+02      0.606066E+00      0.100000E-02      0.262392E-01      0.458088E+00      0.653236E-15      0.117375E-04      0.468518E-06
      0.359556E+00      0.471574E-02      0.165930E+02      0.202570E-07      0.100000E+01      0.100000E+01      0.329270E+01      0.173468E+02      0.597356E+00      0.100000E-02      0.249452E-01      0.451373E+00      0.610942E-15      0.117272E-04      0.466492E-06
      0.365614E+00      0.475686E-02      0.164299E+02      0.203469E-07      0.100000E+01      0.100000E+01      0.337571E+01      0.184399E+02      0.588007E+00      0.100000E-02      0.236815E-01      0.443969E+00      0.571396E-15      0.117168E-04      0.464487E-06
      0.371483E+00      0.479089E-02      0.162615E+02      0.204200E-07      0.100000E+01      0.100000E+01      0.345893E+01      0.195935E+02      0.578010E+00      0.100000E-02      0.224485E-01      0.435873E+00      0.535248E-15      0.117063E-04      0.462503E-06
      0.377164E+00      0.481757E-02      0.160877E+02      0.204771E-07      0.100000E+01      0.100000E+01      0.354212E+01      0.208093E+02      0.567359E+00      0.100000E-02      0.212465E-01      0.427088E+00      0.502992E-15      0.116957E-04      0.460544E-06
      0.382660E+00      0.483659E-02      0.159084E+02      0.205188E-07      0.100000E+01      0.100000E+01      0.362500E+01      0.220888E+02      0.556054E+00      0.100000E-02      0.200760E-01      0.417619E+00      0.474949E-15      0.116849E-04      0.458609E-06
      0.387972E+00      0.484768E-02      0.157236E+02      0.205458E-07      0.100000E+01      0.100000E+01      0.370728E+01      0.234332E+02      0.544098E+00      0.100000E-02      0.189375E-01      0.407479E+00      0.451277E-15      0.116741E-04      0.456702E-06
      0.393105E+00      0.485055E-02      0.155330E+02      0.205591E-07      0.100000E+01      0.100000E+01      0.378862E+01      0.248436E+02      0.531500E+00      0.100000E-02      0.178317E-01      0.396684E+00      0.431970E-15      0.116630E-04      0.454823E-06
      0.398060E+00      0.484492E-02      0.153365E+02      0.205594E-07      0.100000E+01      0.100000E+01      0.386865E+01      0.263201E+02      0.518270E+00      0.100000E-02      0.167591E-01      0.385253E+00      0.416873E-15      0.116519E-04      0.452973E-06
      0.402841E+00      0.483053E-02      0.151339E+02      0.205478E-07      0.100000E+01      0.100000E+01      0.394697E+01      0.278625E+02      0.504424E+00      0.100000E-02      0.157204E-01      0.373213E+00      0.405698E-15      0.116406E-04      0.451153E-06
      0.407451E+00      0.480710E-02      0.149251E+02      0.205249E-07      0.100000E+01      0.100000E+01      0.402310E+01      0.294697E+02      0.489984E+00      0.100000E-02      0.147160E-01      0.360592E+00      0.398045E-15      0.116291E-04      0.449365E-06
      0.411894E+00      0.477439E-02      0.147099E+02      0.204919E-07      0.100000E+01      0.100000E+01      0.409655E+01      0.311397E+02      0.474972E+00      0.100000E-02      0.137466E-01      0.347424E+00      0.393421E-15      0.116175E-04      0.447608E-06
      0.416173E+00      0.473216E-02      0.144880E+02      0.204495E-07      0.100000E+01      0.100000E+01      0.416672E+01      0.328691E+02      0.459418E+00      0.100000E-02      0.128126E-01      0.333745E+00      0.391271E-15      0.116056E-04      0.445883E-06
      0.420292E+00      0.468019E-02      0.142592E+02      0.203987E-07      0.100000E+01      0.100000E+01      0.423299E+01      0.346532E+02      0.443353E+00      0.100000E-02      0.119145E-01      0.319598E+00      0.390997E-15      0.115936E-04      0.444191E-06
      0.424256E+00      0.461830E-02      0.140232E+02      0.203403E-07      0.100000E+01      0.100000E+01      0.429465E+01      0.364858E+02      0.426813E+00      0.100000E-02      0.110526E-01      0.305028E+00      0.391984E-15      0.115813E-04      0.442531E-06
      0.428067E+00      0.454633E-02      0.137799E+02      0.202751E-07      0.100000E+01      0.100000E+01      0.435089E+01      0.383583E+02      0.409840E+00      0.100000E-02      0.102272E-01      0.290083E+00      0.393626E-15      0.115687E-04      0.440904E-06
      0.431731E+00      0.446417E-02      0.135290E+02      0.202038E-07      0.100000E+01      0.100000E+01      0.440086E+01      0.402603E+02      0.392476E+00      0.100000E-02      0.943835E-02      0.274818E+00      0.395343E-15      0.115558E-04      0.439309E-06
      0.435251E+00      0.437174E-02      0.132701E+02      0.201273E-07      0.100000E+01      0.100000E+01      0.444360E+01      0.421785E+02      0.374769E+00      0.100000E-02      0.868623E-02      0.259290E+00      0.396606E-15      0.115425E-04      0.437747E-06
      0.438632E+00      0.426904E-02      0.130030E+02      0.200461E-07      0.100000E+01      0.100000E+01      0.447809E+01      0.440968E+02      0.356772E+00      0.100000E-02      0.797075E-02      0.243562E+00      0.396944E-15      0.115289E-04      0.436218E-06
      0.441877E+00      0.415612E-02      0.127274E+02      0.199609E-07      0.100000E+01      0.100000E+01      0.450319E+01      0.459962E+02      0.338540E+00      0.100000E-02      0.729174E-02      0.227700E+00      0.395965E-15      0.115148E-04      0.434721E-06
      0.444991E+00      0.403314E-02      0.124431E+02      0.198721E-07      0.100000E+01      0.100000E+01      0.451773E+01      0.478542E+02      0.320132E+00      0.100000E-02      0.664893E-02      0.211778E+00      0.393358E-15      0.115002E-04      0.433256E-06
      0.447978E+00      0.390032E-02      0.121499E+02      0.197804E-07      0.100000E+01      0.100000E+01      0.452044E+01      0.496450E+02      0.301611E+00      0.100000E-02      0.604193E-02      0.195872E+00      0.388910E-15      0.114849E-04      0.431822E-06
      0.450842E+00      0.375802E-02      0.118474E+02      0.196861E-07      0.100000E+01      0.100000E+01      0.451005E+01      0.513393E+02      0.283044E+00      0.100000E-02      0.547025E-02      0.180066E+00      0.382493E-15      0.114690E-04      0.430421E-06
      0.453587E+00      0.360669E-02      0.115354E+02      0.195895E-07      0.100000E+01      0.100000E+01      0.448521E+01      0.529050E+02      0.264501E+00      0.100000E-02      0.493328E-02      0.164446E+00      0.374074E-15      0.114522E-04      0.429052E-06
      0.456217E+00      0.344694E-02      0.112138E+02      0.194909E-07      0.100000E+01      0.100000E+01      0.444464E+01      0.543073E+02      0.246057E+00      0.100000E-02      0.443034E-02      0.149105E+00      0.363707E-15      0.114344E-04      0.427715E-06
      0.458736E+00      0.327948E-02      0.108825E+02      0.193906E-07      0.100000E+01      0.100000E+01      0.438711E+01      0.555096E+02      0.227788E+00      0.100000E-02      0.396063E-02      0.134138E+00      0.351525E-15      0.114155E-04      0.426413E-06
      0.461149E+00      0.310521E-02      0.105414E+02      0.192885E-07      0.100000E+01      0.100000E+01      0.431149E+01      0.564748E+02      0.209774E+00      0.100000E-02      0.352329E-02      0.119646E+00      0.337733E-15      0.113952E-04      0.425145E-06
      0.463458E+00      0.292515E-02      0.101906E+02      0.191848E-07      0.100000E+01      0.100000E+01      0.421685E+01      0.571669E+02      0.192098E+00      0.100000E-02      0.311738E-02      0.105728E+00      0.322588E-15      0.113732E-04      0.423917E-06
      0.465668E+00      0.274050E-02      0.983003E+01      0.190793E-07      0.100000E+01      0.100000E+01      0.410252E+01      0.575534E+02      0.174843E+00      0.100000E-02      0.274190E-02      0.924834E-01      0.306397E-15      0.113493E-04      0.422731E-06
      0.467782E+00      0.255258E-02      0.946005E+01      0.189720E-07      0.100000E+01      0.100000E+01      0.396818E+01      0.576069E+02      0.158094E+00      0.100000E-02      0.239583E-02      0.800063E-01      0.289487E-15      0.113229E-04      0.421596E-06
      0.469804E+00      0.236287E-02      0.908099E+01      0.188625E-07      0.100000E+01      0.100000E+01      0.381394E+01      0.573091E+02      0.141934E+00      0.100000E-02      0.207807E-02      0.683842E-01      0.272196E-15      0.112936E-04      0.420522E-06
      0.471738E+00      0.217294E-02      0.869335E+01      0.187504E-07      0.100000E+01      0.100000E+01      0.364043E+01      0.566524E+02      0.126446E+00      0.100000E-02      0.178756E-02      0.576927E-01      0.254856E-15      0.112606E-04      0.419524E-06
      0.473586E+00      0.198446E-02      0.829780E+01      0.186352E-07      0.100000E+01      0.100000E+01      0.344887E+01      0.556442E+02      0.111706E+00      0.100000E-02      0.152320E-02      0.479923E-01      0.237770E-15      0.112230E-04      0.418626E-06
      0.475353E+00      0.179913E-02      0.789521E+01      0.185162E-07      0.100000E+01      0.100000E+01      0.324115E+01      0.543084E+02      0.977873E-01      0.100000E-02      0.128392E-02      0.393236E-01      0.221196E-15      0.111797E-04      0.417862E-06
      0.477041E+00      0.161863E-02      0.748664E+01      0.183926E-07      0.100000E+01      0.100000E+01      0.301980E+01      0.526882E+02      0.847552E-01      0.100000E-02      0.106869E-02      0.317047E-01      0.205333E-15      0.111290E-04      0.417284E-06
      0.478654E+00      0.144462E-02      0.707337E+01      0.182634E-07      0.100000E+01      0.100000E+01      0.278799E+01      0.508465E+02      0.726647E-01      0.100000E-02      0.876549E-03      0.251288E-01      0.190297E-15      0.110688E-04      0.416968E-06
      0.480194E+00      0.127861E-02      0.665688E+01      0.181275E-07      0.100000E+01      0.100000E+01      0.254947E+01      0.488661E+02      0.615599E-01      0.100000E-02      0.706584E-03      0.195630E-01      0.176108E-15      0.109963E-04      0.417030E-06
      0.481665E+00      0.112198E-02      0.623889E+01      0.179834E-07      0.100000E+01      0.100000E+01      0.230841E+01      0.468480E+02      0.514716E-01      0.100000E-02      0.557973E-03      0.149501E-01      0.162678E-15      0.109076E-04      0.417641E-06
      0.483070E+00      0.976314E-03      0.582194E+01      0.178297E-07      0.100000E+01      0.100000E+01      0.206965E+01      0.449135E+02      0.424307E-01      0.100000E-02      0.440468E-03      0.112140E-01      0.149792E-15      0.107978E-04      0.419061E-06
      0.484411E+00      0.842689E-03      0.541027E+01      0.176651E-07      0.100000E+01      0.100000E+01      0.183840E+01      0.431802E+02      0.344771E-01      0.100000E-02      0.365016E-03      0.826204E-02      0.137076E-15      0.106601E-04      0.421653E-06
      0.485691E+00      0.721168E-03      0.500692E+01      0.174886E-07      0.100000E+01      0.100000E+01      0.161761E+01      0.416953E+02      0.275968E-01      0.100000E-02      0.297330E-03      0.597799E-02      0.123938E-15      0.104859E-04      0.425864E-06
      0.486912E+00      0.611624E-03      0.461265E+01      0.172996E-07      0.100000E+01      0.100000E+01      0.140893E+01      0.404981E+02      0.217223E-01      0.100000E-02      0.237471E-03      0.424505E-02      0.109875E-15      0.102642E-04      0.432296E-06
      0.488077E+00      0.513752E-03      0.422825E+01      0.170985E-07      0.100000E+01      0.100000E+01      0.121378E+01      0.396207E+02      0.167799E-01      0.100000E-02      0.185460E-03      0.295719E-02      0.945346E-16      0.998171E-05      0.441739E-06
      0.489189E+00      0.427095E-03      0.385446E+01      0.168875E-07      0.100000E+01      0.100000E+01      0.103329E+01      0.390872E+02      0.126903E-01      0.100000E-02      0.141214E-03      0.202076E-02      0.778343E-16      0.962383E-05      0.455148E-06
      0.490250E+00      0.351065E-03      0.349198E+01      0.166709E-07      0.100000E+01      0.100000E+01      0.868243E+00      0.389131E+02      0.936950E-02      0.100000E-02      0.104494E-03      0.135534E-02      0.602452E-16      0.917662E-05      0.473473E-06
      0.491261E+00      0.284979E-03      0.314142E+01      0.164559E-07      0.100000E+01      0.100000E+01      0.719084E+00      0.391051E+02      0.672986E-02      0.100000E-02      0.748707E-04      0.893682E-03      0.429748E-16      0.863093E-05      0.497339E-06
      0.492226E+00      0.228085E-03      0.280325E+01      0.162516E-07      0.100000E+01      0.100000E+01      0.585898E+00      0.396623E+02      0.468213E-02      0.100000E-02      0.517222E-04      0.580774E-03      0.277336E-16      0.798680E-05      0.526792E-06
      0.493146E+00      0.179594E-03      0.247782E+01      0.160671E-07      0.100000E+01      0.100000E+01      0.468457E+00      0.405767E+02      0.313751E-02      0.100000E-02      0.342664E-04      0.372949E-03      0.159864E-16      0.725577E-05      0.561286E-06
      0.494023E+00      0.138707E-03      0.216530E+01      0.159095E-07      0.100000E+01      0.100000E+01      0.366274E+00      0.418355E+02      0.200997E-02      0.100000E-02      0.216192E-04      0.236917E-03      0.819052E-17      0.645891E-05      0.599826E-06
      0.494859E+00      0.104637E-03      0.186571E+01      0.157818E-07      0.100000E+01      0.100000E+01      0.278664E+00      0.434219E+02      0.121849E-02      0.100000E-02      0.128644E-04      0.148525E-03      0.373094E-17      0.562123E-05      0.641222E-06
      0.495655E+00      0.766277E-04      0.157895E+01      0.156836E-07      0.100000E+01      0.100000E+01      0.204812E+00      0.453176E+02      0.688916E-03      0.100000E-02      0.711959E-05      0.911459E-04      0.150943E-17      0.476616E-05      0.684326E-06
      0.496415E+00      0.539701E-04      0.130479E+01      0.156119E-07      0.100000E+01      0.100000E+01      0.143833E+00      0.475031E+02      0.355474E-03      0.100000E-02      0.358814E-05      0.538701E-04      0.537255E-18      0.391243E-05      0.728172E-06
      0.497139E+00      0.360064E-04      0.104290E+01      0.155625E-07      0.100000E+01      0.100000E+01      0.948201E-01      0.499591E+02      0.161735E-03      0.100000E-02      0.159191E-05      0.298082E-04      0.164427E-18      0.307352E-05      0.772009E-06
      0.497829E+00      0.221376E-04      0.792884E+00      0.155308E-07      0.100000E+01      0.100000E+01      0.568730E-01      0.526670E+02      0.611369E-04      0.100000E-02      0.586080E-06      0.146923E-04      0.416526E-19      0.225853E-05      0.815272E-06
      0.498486E+00      0.118239E-04      0.554323E+00      0.155126E-07      0.100000E+01      0.100000E+01      0.291245E-01      0.556091E+02      0.170728E-04      0.100000E-02      0.159278E-06      0.583952E-05      0.829056E-20      0.147325E-05      0.857549E-06
      0.499112E+00      0.458575E-05      0.326757E+00      0.155043E-07      0.100000E+01      0.100000E+01      0.107506E-01      0.587688E+02      0.263028E-05      0.100000E-02      0.238699E-07      0.143513E-05      0.114973E-20      0.721126E-06      0.898538E-06
      0.499709E+00      0.000000E+00      0.109723E+00      0.155028E-07      0.100000E+01      0.100000E+01      0.975348E-03      0.621306E+02      0.517874E-07      0.100000E-02      0.457082E-09      0.115082E-07      0.715709E-23      0.379825E-08      0.938055E-06
