      0.463340E-02      0.000000E+00      0.178457E+02      0.000000E+00      0.100000E+01      0.100000E+01      0.108069E+01      0.100000E+01      0.666667E-01      0.100000E-02      0.537420E-01
      0.139601E-01      0.000000E+00      0.178426E+02      0.000000E+00      0.100000E+01      0.100000E+01      0.108243E+01      0.100000E+01      0.666667E-01      0.100000E-02      0.537107E-01
      0.234019E-01      0.000000E+00      0.178364E+02      0.000000E+00      0.100000E+01      0.100000E+01      0.108598E+01      0.100000E+01      0.666667E-01      0.100000E-02      0.536468E-01
      0.329489E-01      0.000000E+00      0.178268E+02      0.000000E+00      0.100000E+01      0.100000E+01      0.109139E+01      0.100000E+01      0.666667E-01      0.100000E-02      0.535494E-01
      0.425908E-01      0.000000E+00      0.178139E+02      0.000000E+00      0.100000E+01      0.100000E+01      0.109870E+01      0.100000E+01      0.666667E-01      0.100000E-02      0.534175E-01
      0.523167E-01      0.000000E+00      0.177975E+02      0.000000E+00      0.100000E+01      0.100000E+01      0.110795E+01      0.100000E+01      0.666667E-01      0.100000E-02      0.532505E-01
      0.621154E-01      0.000000E+00      0.177774E+02      0.000000E+00      0.100000E+01      0.100000E+01      0.111914E+01      0.100000E+01      0.666667E-01      0.100000E-02      0.530476E-01
      0.719755E-01      0.000000E+00      0.177537E+02      0.000000E+00      0.100000E+01      0.100000E+01      0.113230E+01      0.100000E+01      0.666667E-01      0.100000E-02      0.528084E-01
      0.818851E-01      0.000000E+00      0.177262E+02      0.000000E+00      0.100000E+01      0.100000E+01      0.114740E+01      0.100000E+01      0.666667E-01      0.100000E-02      0.525326E-01
      0.918320E-01      0.000000E+00      0.176949E+02      0.000000E+00      0.100000E+01      0.100000E+01      0.116443E+01      0.100000E+01      0.666667E-01      0.100000E-02      0.522200E-01
      0.101804E+00      0.000000E+00      0.176596E+02      0.000000E+00      0.100000E+01      0.100000E+01      0.118336E+01      0.100000E+01      0.666667E-01      0.100000E-02      0.518705E-01
      0.111789E+00      0.000000E+00      0.176205E+02      0.000000E+00      0.100000E+01      0.100000E+01      0.120413E+01      0.100000E+01      0.666667E-01      0.100000E-02      0.514841E-01
      0.121774E+00      0.000000E+00      0.175773E+02      0.000000E+00      0.100000E+01      0.100000E+01      0.122669E+01      0.100000E+01      0.666667E-01      0.100000E-02      0.510609E-01
      0.131747E+00      0.000000E+00      0.175302E+02      0.000000E+00      0.100000E+01      0.100000E+01      0.125095E+01      0.100000E+01      0.666667E-01      0.100000E-02      0.506012E-01
      0.141695E+00      0.000000E+00      0.174790E+02      0.000000E+00      0.100000E+01      0.100000E+01      0.127685E+01      0.100000E+01      0.666667E-01      0.100000E-02      0.501053E-01
      0.151606E+00      0.000000E+00      0.174237E+02      0.000000E+00      0.100000E+01      0.100000E+01      0.130427E+01      0.100000E+01      0.666667E-01      0.100000E-02      0.495734E-01
      0.161468E+00      0.000000E+00      0.173644E+02      0.000000E+00      0.100000E+01      0.100000E+01      0.133311E+01      0.100000E+01      0.666667E-01      0.100000E-02      0.490062E-01
      0.171270E+00      0.000000E+00      0.173010E+02      0.000000E+00      0.100000E+01      0.100000E+01      0.136326E+01      0.100000E+01      0.666667E-01      0.100000E-02      0.484039E-01
      0.180999E+00      0.000000E+00      0.172337E+02      0.000000E+00      0.100000E+01      0.100000E+01      0.139459E+01      0.100000E+01      0.666667E-01      0.100000E-02      0.477673E-01
      0.190644E+00      0.000000E+00      0.171623E+02      0.000000E+00      0.100000E+01      0.100000E+01      0.142698E+01      0.100000E+01      0.666667E-01      0.100000E-02      0.470970E-01
      0.200195E+00      0.000000E+00      0.170869E+02      0.000000E+00      0.100000E+01      0.100000E+01      0.146029E+01      0.100000E+01      0.666667E-01      0.100000E-02      0.463937E-01
      0.209642E+00      0.000000E+00      0.170075E+02      0.000000E+00      0.100000E+01      0.100000E+01      0.149439E+01      0.100000E+01      0.666667E-01      0.100000E-02      0.456581E-01
      0.218973E+00      0.000000E+00      0.169243E+02      0.000000E+00      0.100000E+01      0.100000E+01      0.152913E+01      0.100000E+01      0.666667E-01      0.100000E-02      0.448913E-01
      0.228180E+00      0.000000E+00      0.168372E+02      0.000000E+00      0.100000E+01      0.100000E+01      0.156438E+01      0.100000E+01      0.666667E-01      0.100000E-02      0.440941E-01
      0.237255E+00      0.000000E+00      0.167463E+02      0.000000E+00      0.100000E+01      0.100000E+01      0.160000E+01      0.100000E+01      0.666667E-01      0.100000E-02      0.432677E-01
      0.246189E+00      0.000000E+00      0.166516E+02      0.000000E+00      0.100000E+01      0.100000E+01      0.163584E+01      0.100000E+01      0.666667E-01      0.100000E-02      0.424132E-01
      0.254973E+00      0.000000E+00      0.165532E+02      0.000000E+00      0.100000E+01      0.100000E+01      0.167177E+01      0.100000E+01      0.666667E-01      0.100000E-02      0.415319E-01
      0.263603E+00      0.000000E+00      0.164511E+02      0.000000E+00      0.100000E+01      0.100000E+01      0.170766E+01      0.100000E+01      0.666667E-01      0.100000E-02      0.406252E-01
      0.272070E+00      0.000000E+00      0.163455E+02      0.000000E+00      0.100000E+01      0.100000E+01      0.174337E+01      0.100000E+01      0.666667E-01      0.100000E-02      0.396945E-01
      0.280369E+00      0.000000E+00      0.162363E+02      0.000000E+00      0.100000E+01      0.100000E+01      0.177877E+01      0.100000E+01      0.666667E-01      0.100000E-02      0.387415E-01
      0.288495E+00      0.000000E+00      0.161236E+02      0.000000E+00      0.100000E+01      0.100000E+01      0.181375E+01      0.100000E+01      0.666667E-01      0.100000E-02      0.377677E-01
      0.296444E+00      0.000000E+00      0.160075E+02      0.000000E+00      0.100000E+01      0.100000E+01      0.184818E+01      0.100000E+01      0.666667E-01      0.100000E-02      0.367750E-01
      0.304211E+00      0.000000E+00      0.158880E+02      0.000000E+00      0.100000E+01      0.100000E+01      0.188194E+01      0.100000E+01      0.666667E-01      0.100000E-02      0.357653E-01
      0.311794E+00      0.000000E+00      0.157652E+02      0.000000E+00      0.100000E+01      0.100000E+01      0.191493E+01      0.100000E+01      0.666667E-01      0.100000E-02      0.347403E-01
      0.319190E+00      0.000000E+00      0.156390E+02      0.000000E+00      0.100000E+01      0.100000E+01      0.194704E+01      0.100000E+01      0.666667E-01      0.100000E-02      0.337020E-01
      0.326396E+00      0.000000E+00      0.155096E+02      0.000000E+00      0.100000E+01      0.100000E+01      0.197816E+01      0.100000E+01      0.666667E-01      0.100000E-02      0.326526E-01
      0.333412E+00      0.000000E+00      0.153769E+02      0.000000E+00      0.100000E+01      0.100000E+01      0.200819E+01      0.100000E+01      0.666667E-01      0.100000E-02      0.315940E-01
      0.340236E+00      0.000000E+00      0.152411E+02      0.000000E+00      0.100000E+01      0.100000E+01      0.203704E+01      0.100000E+01      0.666667E-01      0.100000E-02      0.305283E-01
      0.346868E+00      0.000000E+00      0.151020E+02      0.000000E+00      0.100000E+01      0.100000E+01      0.206462E+01      0.100000E+01      0.666667E-01      0.100000E-02      0.294576E-01
      0.353308E+00      0.000000E+00      0.149597E+02      0.000000E+00      0.100000E+01      0.100000E+01      0.209082E+01      0.100000E+01      0.666667E-01      0.100000E-02      0.283841E-01
      0.359556E+00      0.000000E+00      0.148143E+02      0.000000E+00      0.100000E+01      0.100000E+01      0.211556E+01      0.100000E+01      0.666667E-01      0.100000E-02      0.273098E-01
      0.365614E+00      0.000000E+00      0.146656E+02      0.000000E+00      0.100000E+01      0.100000E+01      0.213874E+01      0.100000E+01      0.666667E-01      0.100000E-02      0.262368E-01
      0.371483E+00      0.000000E+00      0.145137E+02      0.000000E+00      0.100000E+01      0.100000E+01      0.216028E+01      0.100000E+01      0.666667E-01      0.100000E-02      0.251671E-01
      0.377164E+00      0.000000E+00      0.143585E+02      0.000000E+00      0.100000E+01      0.100000E+01      0.218007E+01      0.100000E+01      0.666667E-01      0.100000E-02      0.241028E-01
      0.382660E+00      0.000000E+00      0.142000E+02      0.000000E+00      0.100000E+01      0.100000E+01      0.219803E+01      0.100000E+01      0.666667E-01      0.100000E-02      0.230457E-01
      0.387972E+00      0.000000E+00      0.140382E+02      0.000000E+00      0.100000E+01      0.100000E+01      0.221405E+01      0.100000E+01      0.666667E-01      0.100000E-02      0.219978E-01
      0.393105E+00      0.000000E+00      0.138729E+02      0.000000E+00      0.100000E+01      0.100000E+01      0.222804E+01      0.100000E+01      0.666667E-01      0.100000E-02      0.209609E-01
      0.398060E+00      0.000000E+00      0.137041E+02      0.000000E+00      0.100000E+01      0.100000E+01      0.223987E+01      0.100000E+01      0.666667E-01      0.100000E-02      0.199368E-01
      0.402841E+00      0.000000E+00      0.135317E+02      0.000000E+00      0.100000E+01      0.100000E+01      0.224944E+01      0.100000E+01      0.666667E-01      0.100000E-02      0.189271E-01
      0.407451E+00      0.000000E+00      0.133555E+02      0.000000E+00      0.100000E+01      0.100000E+01      0.225661E+01      0.100000E+01      0.666667E-01      0.100000E-02      0.179334E-01
      0.411894E+00      0.000000E+00      0.131755E+02      0.000000E+00      0.100000E+01      0.100000E+01      0.226126E+01      0.100000E+01      0.666667E-01      0.100000E-02      0.169572E-01
      0.416173E+00      0.000000E+00      0.129915E+02      0.000000E+00      0.100000E+01      0.100000E+01      0.226323E+01      0.100000E+01      0.666667E-01      0.100000E-02      0.159999E-01
      0.420292E+00      0.000000E+00      0.128032E+02      0.000000E+00      0.100000E+01      0.100000E+01      0.226238E+01      0.100000E+01      0.666667E-01      0.100000E-02      0.150628E-01
      0.424256E+00      0.000000E+00      0.126107E+02      0.000000E+00      0.100000E+01      0.100000E+01      0.225851E+01      0.100000E+01      0.666667E-01      0.100000E-02      0.141472E-01
      0.428067E+00      0.000000E+00      0.124135E+02      0.000000E+00      0.100000E+01      0.100000E+01      0.225144E+01      0.100000E+01      0.666667E-01      0.100000E-02      0.132542E-01
      0.431731E+00      0.000000E+00      0.122115E+02      0.000000E+00      0.100000E+01      0.100000E+01      0.224095E+01      0.100000E+01      0.666667E-01      0.100000E-02      0.123848E-01
      0.435251E+00      0.000000E+00      0.120044E+02      0.000000E+00      0.100000E+01      0.100000E+01      0.222682E+01      0.100000E+01      0.666667E-01      0.100000E-02      0.115400E-01
      0.438632E+00      0.000000E+00      0.117920E+02      0.000000E+00      0.100000E+01      0.100000E+01      0.220878E+01      0.100000E+01      0.666667E-01      0.100000E-02      0.107207E-01
      0.441877E+00      0.000000E+00      0.115739E+02      0.000000E+00      0.100000E+01      0.100000E+01      0.218656E+01      0.100000E+01      0.666667E-01      0.100000E-02      0.992756E-02
      0.444991E+00      0.000000E+00      0.113498E+02      0.000000E+00      0.100000E+01      0.100000E+01      0.215984E+01      0.100000E+01      0.666667E-01      0.100000E-02      0.916138E-02
      0.447978E+00      0.000000E+00      0.111192E+02      0.000000E+00      0.100000E+01      0.100000E+01      0.212829E+01      0.100000E+01      0.666667E-01      0.100000E-02      0.842276E-02
      0.450842E+00      0.000000E+00      0.108819E+02      0.000000E+00      0.100000E+01      0.100000E+01      0.209154E+01      0.100000E+01      0.666667E-01      0.100000E-02      0.771228E-02
      0.453587E+00      0.000000E+00      0.106372E+02      0.000000E+00      0.100000E+01      0.100000E+01      0.204920E+01      0.100000E+01      0.666667E-01      0.100000E-02      0.703045E-02
      0.456217E+00      0.000000E+00      0.103848E+02      0.000000E+00      0.100000E+01      0.100000E+01      0.200085E+01      0.100000E+01      0.666667E-01      0.100000E-02      0.637772E-02
      0.458736E+00      0.000000E+00      0.101242E+02      0.000000E+00      0.100000E+01      0.100000E+01      0.194607E+01      0.100000E+01      0.666667E-01      0.100000E-02      0.575452E-02
      0.461149E+00      0.000000E+00      0.985471E+01      0.000000E+00      0.100000E+01      0.100000E+01      0.188441E+01      0.100000E+01      0.666667E-01      0.100000E-02      0.516124E-02
      0.463458E+00      0.000000E+00      0.957587E+01      0.000000E+00      0.100000E+01      0.100000E+01      0.181544E+01      0.100000E+01      0.666667E-01      0.100000E-02      0.459828E-02
      0.465668E+00      0.000000E+00      0.928707E+01      0.000000E+00      0.100000E+01      0.100000E+01      0.173879E+01      0.100000E+01      0.666667E-01      0.100000E-02      0.406603E-02
      0.467782E+00      0.000000E+00      0.898774E+01      0.000000E+00      0.100000E+01      0.100000E+01      0.165414E+01      0.100000E+01      0.666667E-01      0.100000E-02      0.356493E-02
      0.469804E+00      0.000000E+00      0.867732E+01      0.000000E+00      0.100000E+01      0.100000E+01      0.156132E+01      0.100000E+01      0.666667E-01      0.100000E-02      0.309547E-02
      0.471738E+00      0.000000E+00      0.835535E+01      0.000000E+00      0.100000E+01      0.100000E+01      0.146034E+01      0.100000E+01      0.666667E-01      0.100000E-02      0.265821E-02
      0.473586E+00      0.000000E+00      0.802147E+01      0.000000E+00      0.100000E+01      0.100000E+01      0.135153E+01      0.100000E+01      0.666667E-01      0.100000E-02      0.225383E-02
      0.475353E+00      0.000000E+00      0.767552E+01      0.000000E+00      0.100000E+01      0.100000E+01      0.123561E+01      0.100000E+01      0.666667E-01      0.100000E-02      0.188311E-02
      0.477041E+00      0.000000E+00      0.731764E+01      0.000000E+00      0.100000E+01      0.100000E+01      0.111380E+01      0.100000E+01      0.666667E-01      0.100000E-02      0.154693E-02
      0.478654E+00      0.000000E+00      0.694838E+01      0.000000E+00      0.100000E+01      0.100000E+01      0.987940E+00      0.100000E+01      0.666667E-01      0.100000E-02      0.124620E-02
      0.480194E+00      0.000000E+00      0.656883E+01      0.000000E+00      0.100000E+01      0.100000E+01      0.860481E+00      0.100000E+01      0.666667E-01      0.100000E-02      0.981691E-03
      0.481665E+00      0.000000E+00      0.618068E+01      0.000000E+00      0.100000E+01      0.100000E+01      0.734451E+00      0.100000E+01      0.666667E-01      0.100000E-02      0.753885E-03
      0.483070E+00      0.000000E+00      0.578629E+01      0.000000E+00      0.100000E+01      0.100000E+01      0.613219E+00      0.100000E+01      0.666667E-01      0.100000E-02      0.562618E-03
      0.484411E+00      0.000000E+00      0.538865E+01      0.000000E+00      0.100000E+01      0.100000E+01      0.500129E+00      0.100000E+01      0.666667E-01      0.100000E-02      0.406801E-03
      0.485691E+00      0.000000E+00      0.499112E+01      0.000000E+00      0.100000E+01      0.100000E+01      0.398059E+00      0.100000E+01      0.666667E-01      0.100000E-02      0.284183E-03
      0.486912E+00      0.000000E+00      0.459719E+01      0.000000E+00      0.100000E+01      0.100000E+01      0.309019E+00      0.100000E+01      0.666667E-01      0.100000E-02      0.191335E-03
      0.488077E+00      0.000000E+00      0.421011E+01      0.000000E+00      0.100000E+01      0.100000E+01      0.233921E+00      0.100000E+01      0.666667E-01      0.100000E-02      0.123885E-03
      0.489189E+00      0.000000E+00      0.383260E+01      0.000000E+00      0.100000E+01      0.100000E+01      0.172604E+00      0.100000E+01      0.666667E-01      0.100000E-02      0.769725E-04
      0.490250E+00      0.000000E+00      0.346674E+01      0.000000E+00      0.100000E+01      0.100000E+01      0.124047E+00      0.100000E+01      0.666667E-01      0.100000E-02      0.457782E-04
      0.491261E+00      0.000000E+00      0.311388E+01      0.000000E+00      0.100000E+01      0.100000E+01      0.866939E-01      0.100000E+01      0.666667E-01      0.100000E-02      0.259739E-04
      0.492226E+00      0.000000E+00      0.277478E+01      0.000000E+00      0.100000E+01      0.100000E+01      0.587536E-01      0.100000E+01      0.666667E-01      0.100000E-02      0.139918E-04
      0.493146E+00      0.000000E+00      0.244973E+01      0.000000E+00      0.100000E+01      0.100000E+01      0.384405E-01      0.100000E+01      0.666667E-01      0.100000E-02      0.710524E-05
      0.494023E+00      0.000000E+00      0.213866E+01      0.000000E+00      0.100000E+01      0.100000E+01      0.241177E-01      0.100000E+01      0.666667E-01      0.100000E-02      0.336592E-05
      0.494859E+00      0.000000E+00      0.184129E+01      0.000000E+00      0.100000E+01      0.100000E+01      0.143664E-01      0.100000E+01      0.666667E-01      0.100000E-02      0.146460E-05
      0.495655E+00      0.000000E+00      0.155723E+01      0.000000E+00      0.100000E+01      0.100000E+01      0.800493E-02      0.100000E+01      0.666667E-01      0.100000E-02      0.571903E-06
      0.496415E+00      0.000000E+00      0.128600E+01      0.000000E+00      0.100000E+01      0.100000E+01      0.407720E-02      0.100000E+01      0.666667E-01      0.100000E-02      0.193323E-06
      0.497139E+00      0.000000E+00      0.102709E+01      0.000000E+00      0.100000E+01      0.100000E+01      0.182829E-02      0.100000E+01      0.666667E-01      0.100000E-02      0.533558E-07
      0.497829E+00      0.000000E+00      0.780006E+00      0.000000E+00      0.100000E+01      0.100000E+01      0.675407E-03      0.100000E+01      0.666667E-01      0.100000E-02      0.108535E-07
      0.498486E+00      0.000000E+00      0.544250E+00      0.000000E+00      0.100000E+01      0.100000E+01      0.180264E-03      0.100000E+01      0.666667E-01      0.100000E-02      0.133469E-08
      0.499112E+00      0.000000E+00      0.319334E+00      0.000000E+00      0.100000E+01      0.100000E+01      0.257433E-04      0.100000E+01      0.666667E-01      0.100000E-02      0.640275E-10
      0.499709E+00      0.000000E+00      0.104793E+00      0.000000E+00      0.100000E+01      0.100000E+01      0.908035E-06      0.100000E+01      0.666667E-01      0.100000E-02      0.404185E-12
