      0.153125E+02      0.176159E+01      0.151687E-01      0.861078E-02      0.108965E+01      0.100769E+01      0.100000E+01      0.105944E+01
      0.156250E+02      0.176159E+01      0.154947E-01      0.879584E-02      0.109236E+01      0.100784E+01      0.100000E+01      0.106085E+01
      0.159375E+02      0.176159E+01      0.158207E-01      0.898089E-02      0.109522E+01      0.100798E+01      0.100000E+01      0.106226E+01
      0.162500E+02      0.176159E+01      0.161466E-01      0.916594E-02      0.109821E+01      0.100812E+01      0.100000E+01      0.106368E+01
      0.165625E+02      0.176159E+01      0.164726E-01      0.935098E-02      0.110133E+01      0.100826E+01      0.999999E+00      0.106511E+01
      0.168750E+02      0.176159E+01      0.167985E-01      0.953601E-02      0.110458E+01      0.100840E+01      0.999999E+00      0.106654E+01
      0.171875E+02      0.176159E+01      0.171245E-01      0.972103E-02      0.110794E+01      0.100854E+01      0.999999E+00      0.106798E+01
      0.175000E+02      0.176159E+01      0.174504E-01      0.990605E-02      0.111140E+01      0.100868E+01      0.999998E+00      0.106943E+01
      0.178125E+02      0.176159E+01      0.177763E-01      0.100911E-01      0.111495E+01      0.100882E+01      0.999997E+00      0.107088E+01
      0.181250E+02      0.176159E+01      0.181022E-01      0.102761E-01      0.111857E+01      0.100896E+01      0.999997E+00      0.107234E+01
      0.184375E+02      0.176158E+01      0.184280E-01      0.104611E-01      0.112224E+01      0.100909E+01      0.999996E+00      0.107380E+01
      0.187500E+02      0.176158E+01      0.187539E-01      0.106461E-01      0.112595E+01      0.100923E+01      0.999995E+00      0.107527E+01
      0.190625E+02      0.176158E+01      0.190798E-01      0.108311E-01      0.112967E+01      0.100936E+01      0.999993E+00      0.107675E+01
      0.193750E+02      0.176158E+01      0.194056E-01      0.110160E-01      0.113338E+01      0.100950E+01      0.999992E+00      0.107823E+01
      0.196875E+02      0.176157E+01      0.197315E-01      0.112011E-01      0.113705E+01      0.100963E+01      0.999990E+00      0.107972E+01
      0.200000E+02      0.176157E+01      0.200570E-01      0.113859E-01      0.114066E+01      0.100976E+01      0.999988E+00      0.108121E+01
      0.203125E+02      0.176157E+01      0.203833E-01      0.115711E-01      0.114416E+01      0.100989E+01      0.999986E+00      0.108272E+01
      0.206250E+02      0.176156E+01      0.207085E-01      0.117558E-01      0.114753E+01      0.101002E+01      0.999982E+00      0.108422E+01
      0.209375E+02      0.176156E+01      0.210344E-01      0.119408E-01      0.115073E+01      0.101015E+01      0.999982E+00      0.108574E+01
      0.212500E+02      0.176155E+01      0.213602E-01      0.121258E-01      0.115370E+01      0.101028E+01      0.999979E+00      0.108726E+01
      0.215625E+02      0.176155E+01      0.216859E-01      0.123107E-01      0.115638E+01      0.101041E+01      0.999977E+00      0.108879E+01
      0.218750E+02      0.176155E+01      0.220117E-01      0.124957E-01      0.115873E+01      0.101053E+01      0.999976E+00      0.109032E+01
      0.221875E+02      0.176155E+01      0.223376E-01      0.126807E-01      0.116070E+01      0.101066E+01      0.999976E+00      0.109187E+01
      0.225000E+02      0.176156E+01      0.226639E-01      0.128658E-01      0.116224E+01      0.101078E+01      0.999980E+00      0.109342E+01
      0.228125E+02      0.176155E+01      0.229906E-01      0.130514E-01      0.116332E+01      0.101091E+01      0.999975E+00      0.109498E+01
      0.231250E+02      0.176156E+01      0.233164E-01      0.132362E-01      0.116403E+01      0.101103E+01      0.999984E+00      0.109655E+01
      0.234375E+02      0.176157E+01      0.236426E-01      0.134214E-01      0.116405E+01      0.101115E+01      0.999986E+00      0.109813E+01
      0.237500E+02      0.176157E+01      0.239693E-01      0.136068E-01      0.116387E+01      0.101127E+01      0.999986E+00      0.109971E+01
      0.240625E+02      0.176157E+01      0.242962E-01      0.137923E-01      0.116331E+01      0.101139E+01      0.999989E+00      0.110130E+01
      0.243750E+02      0.176158E+01      0.246228E-01      0.139777E-01      0.116244E+01      0.101151E+01      0.999992E+00      0.110290E+01
      0.246875E+02      0.176158E+01      0.249493E-01      0.141631E-01      0.116135E+01      0.101163E+01      0.999993E+00      0.110450E+01
      0.250000E+02      0.176158E+01      0.252758E-01      0.143484E-01      0.116011E+01      0.101175E+01      0.999995E+00      0.110611E+01
      0.253125E+02      0.176158E+01      0.256023E-01      0.145337E-01      0.115878E+01      0.101186E+01      0.999996E+00      0.110773E+01
      0.256250E+02      0.176159E+01      0.259286E-01      0.147189E-01      0.115741E+01      0.101198E+01      0.999997E+00      0.110935E+01
      0.259375E+02      0.176159E+01      0.262550E-01      0.149042E-01      0.115603E+01      0.101209E+01      0.999997E+00      0.111099E+01
      0.262500E+02      0.176159E+01      0.265813E-01      0.150894E-01      0.115467E+01      0.101221E+01      0.999998E+00      0.111262E+01
      0.265625E+02      0.176159E+01      0.269075E-01      0.152746E-01      0.115335E+01      0.101232E+01      0.999998E+00      0.111427E+01
      0.268750E+02      0.176159E+01      0.272337E-01      0.154598E-01      0.115209E+01      0.101243E+01      0.999998E+00      0.111592E+01
      0.271875E+02      0.176159E+01      0.275599E-01      0.156449E-01      0.115090E+01      0.101254E+01      0.999998E+00      0.111758E+01
      0.275000E+02      0.176159E+01      0.278861E-01      0.158301E-01      0.114977E+01      0.101265E+01      0.999998E+00      0.111924E+01
      0.278125E+02      0.176159E+01      0.282122E-01      0.160152E-01      0.114872E+01      0.101276E+01      0.999998E+00      0.112091E+01
      0.281250E+02      0.176159E+01      0.285384E-01      0.162004E-01      0.114773E+01      0.101287E+01      0.999998E+00      0.112260E+01
      0.284375E+02      0.176159E+01      0.288645E-01      0.163855E-01      0.114680E+01      0.101297E+01      0.999998E+00      0.112428E+01
      0.287500E+02      0.176159E+01      0.291906E-01      0.165706E-01      0.114593E+01      0.101308E+01      0.999998E+00      0.112598E+01
      0.290625E+02      0.176159E+01      0.295168E-01      0.167558E-01      0.114512E+01      0.101319E+01      0.999998E+00      0.112768E+01
      0.293750E+02      0.176159E+01      0.298429E-01      0.169409E-01      0.114436E+01      0.101329E+01      0.999998E+00      0.112939E+01
      0.296875E+02      0.176159E+01      0.301690E-01      0.171261E-01      0.114365E+01      0.101339E+01      0.999998E+00      0.113111E+01
      0.300000E+02      0.176159E+01      0.304952E-01      0.173112E-01      0.114298E+01      0.101350E+01      0.999998E+00      0.113283E+01
