      0.453125E+02      0.176158E+01      0.464737E-01      0.263818E-01      0.114346E+01      0.101750E+01      0.100000E+01      0.122731E+01
      0.456250E+02      0.176158E+01      0.467997E-01      0.265669E-01      0.114422E+01      0.101757E+01      0.100000E+01      0.122945E+01
      0.459375E+02      0.176158E+01      0.471257E-01      0.267519E-01      0.114500E+01      0.101763E+01      0.100000E+01      0.123161E+01
      0.462500E+02      0.176158E+01      0.474518E-01      0.269370E-01      0.114580E+01      0.101769E+01      0.100000E+01      0.123376E+01
      0.465625E+02      0.176158E+01      0.477778E-01      0.271221E-01      0.114661E+01      0.101775E+01      0.100000E+01      0.123593E+01
      0.468750E+02      0.176158E+01      0.481038E-01      0.273071E-01      0.114742E+01      0.101781E+01      0.100000E+01      0.123811E+01
      0.471875E+02      0.176158E+01      0.484298E-01      0.274922E-01      0.114825E+01      0.101787E+01      0.999999E+00      0.124030E+01
      0.475000E+02      0.176158E+01      0.487559E-01      0.276773E-01      0.114907E+01      0.101793E+01      0.999999E+00      0.124249E+01
      0.478125E+02      0.176158E+01      0.490819E-01      0.278624E-01      0.114990E+01      0.101799E+01      0.999999E+00      0.124470E+01
      0.481250E+02      0.176158E+01      0.494079E-01      0.280475E-01      0.115073E+01      0.101804E+01      0.999999E+00      0.124691E+01
      0.484375E+02      0.176158E+01      0.497339E-01      0.282325E-01      0.115156E+01      0.101810E+01      0.999999E+00      0.124913E+01
      0.487500E+02      0.176158E+01      0.500600E-01      0.284176E-01      0.115238E+01      0.101815E+01      0.999999E+00      0.125136E+01
      0.490625E+02      0.176158E+01      0.503860E-01      0.286027E-01      0.115319E+01      0.101821E+01      0.999999E+00      0.125360E+01
      0.493750E+02      0.176158E+01      0.507120E-01      0.287878E-01      0.115400E+01      0.101826E+01      0.999999E+00      0.125585E+01
      0.496875E+02      0.176158E+01      0.510381E-01      0.289729E-01      0.115479E+01      0.101832E+01      0.999999E+00      0.125811E+01
      0.500000E+02      0.176158E+01      0.513641E-01      0.291580E-01      0.115557E+01      0.101837E+01      0.999999E+00      0.126038E+01
      0.503125E+02      0.176158E+01      0.516902E-01      0.293430E-01      0.115634E+01      0.101843E+01      0.999999E+00      0.126266E+01
      0.506250E+02      0.176158E+01      0.520162E-01      0.295281E-01      0.115709E+01      0.101848E+01      0.999999E+00      0.126494E+01
      0.509375E+02      0.176158E+01      0.523423E-01      0.297132E-01      0.115782E+01      0.101853E+01      0.999999E+00      0.126724E+01
      0.512500E+02      0.176158E+01      0.526683E-01      0.298983E-01      0.115854E+01      0.101858E+01      0.999999E+00      0.126954E+01
      0.515625E+02      0.176158E+01      0.529944E-01      0.300834E-01      0.115924E+01      0.101863E+01      0.999999E+00      0.127185E+01
      0.518750E+02      0.176158E+01      0.533204E-01      0.302685E-01      0.115992E+01      0.101868E+01      0.999999E+00      0.127418E+01
      0.521875E+02      0.176158E+01      0.536465E-01      0.304536E-01      0.116058E+01      0.101873E+01      0.999999E+00      0.127651E+01
      0.525000E+02      0.176158E+01      0.539726E-01      0.306387E-01      0.116123E+01      0.101878E+01      0.999999E+00      0.127885E+01
      0.528125E+02      0.176158E+01      0.542986E-01      0.308238E-01      0.116185E+01      0.101883E+01      0.999999E+00      0.128120E+01
      0.531250E+02      0.176158E+01      0.546247E-01      0.310089E-01      0.116246E+01      0.101887E+01      0.999999E+00      0.128356E+01
      0.534375E+02      0.176158E+01      0.549508E-01      0.311940E-01      0.116305E+01      0.101892E+01      0.999999E+00      0.128592E+01
      0.537500E+02      0.176158E+01      0.552768E-01      0.313791E-01      0.116363E+01      0.101897E+01      0.999999E+00      0.128830E+01
      0.540625E+02      0.176158E+01      0.556029E-01      0.315642E-01      0.116418E+01      0.101901E+01      0.999999E+00      0.129069E+01
      0.543750E+02      0.176158E+01      0.559290E-01      0.317493E-01      0.116472E+01      0.101906E+01      0.999999E+00      0.129308E+01
      0.546875E+02      0.176158E+01      0.562550E-01      0.319344E-01      0.116525E+01      0.101910E+01      0.999999E+00      0.129549E+01
      0.550000E+02      0.176158E+01      0.565811E-01      0.321195E-01      0.116576E+01      0.101915E+01      0.999999E+00      0.129790E+01
      0.553125E+02      0.176158E+01      0.569072E-01      0.323046E-01      0.116626E+01      0.101919E+01      0.999999E+00      0.130032E+01
      0.556250E+02      0.176158E+01      0.572332E-01      0.324897E-01      0.116674E+01      0.101923E+01      0.999999E+00      0.130275E+01
      0.559375E+02      0.176158E+01      0.575593E-01      0.326748E-01      0.116721E+01      0.101928E+01      0.999999E+00      0.130519E+01
      0.562500E+02      0.176158E+01      0.578854E-01      0.328599E-01      0.116768E+01      0.101932E+01      0.999999E+00      0.130764E+01
      0.565625E+02      0.176158E+01      0.582115E-01      0.330450E-01      0.116813E+01      0.101936E+01      0.999999E+00      0.131010E+01
      0.568750E+02      0.176158E+01      0.585375E-01      0.332301E-01      0.116857E+01      0.101940E+01      0.999999E+00      0.131257E+01
      0.571875E+02      0.176158E+01      0.588636E-01      0.334152E-01      0.116900E+01      0.101944E+01      0.999999E+00      0.131504E+01
      0.575000E+02      0.176158E+01      0.591897E-01      0.336003E-01      0.116943E+01      0.101948E+01      0.999999E+00      0.131753E+01
      0.578125E+02      0.176158E+01      0.595158E-01      0.337854E-01      0.116985E+01      0.101952E+01      0.999999E+00      0.132002E+01
      0.581250E+02      0.176158E+01      0.598418E-01      0.339705E-01      0.117026E+01      0.101956E+01      0.100000E+01      0.132252E+01
      0.584375E+02      0.176158E+01      0.601679E-01      0.341556E-01      0.117067E+01      0.101960E+01      0.100000E+01      0.132504E+01
      0.587500E+02      0.176158E+01      0.604940E-01      0.343407E-01      0.117107E+01      0.101964E+01      0.100000E+01      0.132756E+01
      0.590625E+02      0.176158E+01      0.608200E-01      0.345258E-01      0.117147E+01      0.101968E+01      0.100000E+01      0.133009E+01
      0.593750E+02      0.176158E+01      0.611461E-01      0.347109E-01      0.117187E+01      0.101972E+01      0.100000E+01      0.133262E+01
      0.596875E+02      0.176158E+01      0.614722E-01      0.348960E-01      0.117226E+01      0.101975E+01      0.999999E+00      0.133517E+01
      0.600000E+02      0.176158E+01      0.617983E-01      0.350811E-01      0.117265E+01      0.101979E+01      0.100000E+01      0.133773E+01
