      0.463340E-02      0.000000E+00      0.184097E+02      0.000000E+00      0.100000E+01      0.100000E+01      0.942000E+00      0.215182E+01      0.666667E-01      0.100000E-02      0.438956E-01      0.487728E-01      0.000000E+00      0.100000E+00      0.100000E+01
      0.139601E-01      0.000000E+00      0.184060E+02      0.000000E+00      0.100000E+01      0.100000E+01      0.944726E+00      0.216229E+01      0.666667E-01      0.100000E-02      0.437484E-01      0.486093E-01      0.000000E+00      0.100000E+00      0.100000E+01
      0.234019E-01      0.000000E+00      0.183984E+02      0.000000E+00      0.100000E+01      0.100000E+01      0.950291E+00      0.218372E+01      0.666667E-01      0.100000E-02      0.436267E-01      0.484741E-01      0.000000E+00      0.100000E+00      0.100000E+01
      0.329489E-01      0.000000E+00      0.183868E+02      0.000000E+00      0.100000E+01      0.100000E+01      0.958783E+00      0.221657E+01      0.666667E-01      0.100000E-02      0.435304E-01      0.483671E-01      0.000000E+00      0.100000E+00      0.100000E+01
      0.425908E-01      0.000000E+00      0.183711E+02      0.000000E+00      0.100000E+01      0.100000E+01      0.970270E+00      0.226128E+01      0.666667E-01      0.100000E-02      0.434587E-01      0.482875E-01      0.000000E+00      0.100000E+00      0.100000E+01
      0.523167E-01      0.000000E+00      0.183511E+02      0.000000E+00      0.100000E+01      0.100000E+01      0.984792E+00      0.231826E+01      0.666667E-01      0.100000E-02      0.434104E-01      0.482338E-01      0.000000E+00      0.100000E+00      0.100000E+01
      0.621154E-01      0.000000E+00      0.183269E+02      0.000000E+00      0.100000E+01      0.100000E+01      0.100236E+01      0.238791E+01      0.666667E-01      0.100000E-02      0.433835E-01      0.482039E-01      0.000000E+00      0.100000E+00      0.100000E+01
      0.719755E-01      0.000000E+00      0.182982E+02      0.000000E+00      0.100000E+01      0.100000E+01      0.102298E+01      0.247058E+01      0.666667E-01      0.100000E-02      0.433754E-01      0.481949E-01      0.000000E+00      0.100000E+00      0.100000E+01
      0.818851E-01      0.000000E+00      0.182652E+02      0.000000E+00      0.100000E+01      0.100000E+01      0.104659E+01      0.256661E+01      0.666667E-01      0.100000E-02      0.433827E-01      0.482030E-01      0.000000E+00      0.100000E+00      0.100000E+01
      0.918320E-01      0.000000E+00      0.182278E+02      0.000000E+00      0.100000E+01      0.100000E+01      0.107316E+01      0.267631E+01      0.666667E-01      0.100000E-02      0.434014E-01      0.482238E-01      0.000000E+00      0.100000E+00      0.100000E+01
      0.101804E+00      0.000000E+00      0.181860E+02      0.000000E+00      0.100000E+01      0.100000E+01      0.110259E+01      0.279999E+01      0.666667E-01      0.100000E-02      0.434269E-01      0.482521E-01      0.000000E+00      0.100000E+00      0.100000E+01
      0.111789E+00      0.000000E+00      0.181398E+02      0.000000E+00      0.100000E+01      0.100000E+01      0.113478E+01      0.293791E+01      0.666667E-01      0.100000E-02      0.434540E-01      0.482822E-01      0.000000E+00      0.100000E+00      0.100000E+01
      0.121774E+00      0.000000E+00      0.180894E+02      0.000000E+00      0.100000E+01      0.100000E+01      0.116964E+01      0.309036E+01      0.666667E-01      0.100000E-02      0.434771E-01      0.483079E-01      0.000000E+00      0.100000E+00      0.100000E+01
      0.131747E+00      0.000000E+00      0.180347E+02      0.000000E+00      0.100000E+01      0.100000E+01      0.120702E+01      0.325762E+01      0.666667E-01      0.100000E-02      0.434906E-01      0.483229E-01      0.000000E+00      0.100000E+00      0.100000E+01
      0.141695E+00      0.000000E+00      0.179759E+02      0.000000E+00      0.100000E+01      0.100000E+01      0.124681E+01      0.343997E+01      0.666667E-01      0.100000E-02      0.434884E-01      0.483204E-01      0.000000E+00      0.100000E+00      0.100000E+01
      0.151606E+00      0.000000E+00      0.179131E+02      0.000000E+00      0.100000E+01      0.100000E+01      0.128887E+01      0.363769E+01      0.666667E-01      0.100000E-02      0.434646E-01      0.482940E-01      0.000000E+00      0.100000E+00      0.100000E+01
      0.161468E+00      0.000000E+00      0.178463E+02      0.000000E+00      0.100000E+01      0.100000E+01      0.133304E+01      0.385113E+01      0.666667E-01      0.100000E-02      0.434136E-01      0.482374E-01      0.000000E+00      0.100000E+00      0.100000E+01
      0.171270E+00      0.000000E+00      0.177756E+02      0.000000E+00      0.100000E+01      0.100000E+01      0.137920E+01      0.408063E+01      0.666667E-01      0.100000E-02      0.433301E-01      0.481445E-01      0.000000E+00      0.100000E+00      0.100000E+01
      0.180999E+00      0.000000E+00      0.177012E+02      0.000000E+00      0.100000E+01      0.100000E+01      0.142721E+01      0.432658E+01      0.666667E-01      0.100000E-02      0.432090E-01      0.480099E-01      0.000000E+00      0.100000E+00      0.100000E+01
      0.190644E+00      0.000000E+00      0.176231E+02      0.000000E+00      0.100000E+01      0.100000E+01      0.147694E+01      0.458942E+01      0.666667E-01      0.100000E-02      0.430458E-01      0.478287E-01      0.000000E+00      0.100000E+00      0.100000E+01
      0.200195E+00      0.000000E+00      0.175414E+02      0.000000E+00      0.100000E+01      0.100000E+01      0.152825E+01      0.486963E+01      0.666667E-01      0.100000E-02      0.428367E-01      0.475963E-01      0.000000E+00      0.100000E+00      0.100000E+01
      0.209642E+00      0.000000E+00      0.174563E+02      0.000000E+00      0.100000E+01      0.100000E+01      0.158102E+01      0.516775E+01      0.666667E-01      0.100000E-02      0.425783E-01      0.473092E-01      0.000000E+00      0.100000E+00      0.100000E+01
      0.218973E+00      0.000000E+00      0.173678E+02      0.000000E+00      0.100000E+01      0.100000E+01      0.163513E+01      0.548438E+01      0.666667E-01      0.100000E-02      0.422680E-01      0.469645E-01      0.000000E+00      0.100000E+00      0.100000E+01
      0.228180E+00      0.000000E+00      0.172760E+02      0.000000E+00      0.100000E+01      0.100000E+01      0.169048E+01      0.582020E+01      0.666667E-01      0.100000E-02      0.419039E-01      0.465598E-01      0.000000E+00      0.100000E+00      0.100000E+01
      0.237255E+00      0.000000E+00      0.171810E+02      0.000000E+00      0.100000E+01      0.100000E+01      0.174696E+01      0.617592E+01      0.666667E-01      0.100000E-02      0.414843E-01      0.460937E-01      0.000000E+00      0.100000E+00      0.100000E+01
      0.246189E+00      0.000000E+00      0.170829E+02      0.000000E+00      0.100000E+01      0.100000E+01      0.180446E+01      0.655236E+01      0.666667E-01      0.100000E-02      0.410088E-01      0.455653E-01      0.000000E+00      0.100000E+00      0.100000E+01
      0.254973E+00      0.000000E+00      0.169817E+02      0.000000E+00      0.100000E+01      0.100000E+01      0.186291E+01      0.695040E+01      0.666667E-01      0.100000E-02      0.404771E-01      0.449745E-01      0.000000E+00      0.100000E+00      0.100000E+01
      0.263603E+00      0.000000E+00      0.168775E+02      0.000000E+00      0.100000E+01      0.100000E+01      0.192220E+01      0.737099E+01      0.666667E-01      0.100000E-02      0.398896E-01      0.443218E-01      0.000000E+00      0.100000E+00      0.100000E+01
      0.272070E+00      0.000000E+00      0.167704E+02      0.000000E+00      0.100000E+01      0.100000E+01      0.198225E+01      0.781518E+01      0.666667E-01      0.100000E-02      0.392474E-01      0.436082E-01      0.000000E+00      0.100000E+00      0.100000E+01
      0.280369E+00      0.000000E+00      0.166604E+02      0.000000E+00      0.100000E+01      0.100000E+01      0.204299E+01      0.828409E+01      0.666667E-01      0.100000E-02      0.385519E-01      0.428355E-01      0.000000E+00      0.100000E+00      0.100000E+01
      0.288495E+00      0.000000E+00      0.165475E+02      0.000000E+00      0.100000E+01      0.100000E+01      0.210432E+01      0.877895E+01      0.666667E-01      0.100000E-02      0.378051E-01      0.420057E-01      0.000000E+00      0.100000E+00      0.100000E+01
      0.296444E+00      0.000000E+00      0.164318E+02      0.000000E+00      0.100000E+01      0.100000E+01      0.216619E+01      0.930104E+01      0.666667E-01      0.100000E-02      0.370094E-01      0.411216E-01      0.000000E+00      0.100000E+00      0.100000E+01
      0.304211E+00      0.000000E+00      0.163133E+02      0.000000E+00      0.100000E+01      0.100000E+01      0.222850E+01      0.985177E+01      0.666667E-01      0.100000E-02      0.361674E-01      0.401860E-01      0.000000E+00      0.100000E+00      0.100000E+01
      0.311794E+00      0.000000E+00      0.161919E+02      0.000000E+00      0.100000E+01      0.100000E+01      0.229119E+01      0.104326E+02      0.666667E-01      0.100000E-02      0.352822E-01      0.392024E-01      0.000000E+00      0.100000E+00      0.100000E+01
      0.319190E+00      0.000000E+00      0.160678E+02      0.000000E+00      0.100000E+01      0.100000E+01      0.235417E+01      0.110452E+02      0.666667E-01      0.100000E-02      0.343570E-01      0.381745E-01      0.000000E+00      0.100000E+00      0.100000E+01
      0.326396E+00      0.000000E+00      0.159408E+02      0.000000E+00      0.100000E+01      0.100000E+01      0.241736E+01      0.116913E+02      0.666667E-01      0.100000E-02      0.333954E-01      0.371060E-01      0.000000E+00      0.100000E+00      0.100000E+01
      0.333412E+00      0.000000E+00      0.158111E+02      0.000000E+00      0.100000E+01      0.100000E+01      0.248068E+01      0.123725E+02      0.666667E-01      0.100000E-02      0.324010E-01      0.360011E-01      0.000000E+00      0.100000E+00      0.100000E+01
      0.340236E+00      0.000000E+00      0.156784E+02      0.000000E+00      0.100000E+01      0.100000E+01      0.254403E+01      0.130909E+02      0.666667E-01      0.100000E-02      0.313777E-01      0.348641E-01      0.000000E+00      0.100000E+00      0.100000E+01
      0.346868E+00      0.000000E+00      0.155429E+02      0.000000E+00      0.100000E+01      0.100000E+01      0.260732E+01      0.138485E+02      0.666667E-01      0.100000E-02      0.303292E-01      0.336991E-01      0.000000E+00      0.100000E+00      0.100000E+01
      0.353308E+00      0.000000E+00      0.154045E+02      0.000000E+00      0.100000E+01      0.100000E+01      0.267044E+01      0.146474E+02      0.666667E-01      0.100000E-02      0.292595E-01      0.325105E-01      0.000000E+00      0.100000E+00      0.100000E+01
      0.359556E+00      0.000000E+00      0.152630E+02      0.000000E+00      0.100000E+01      0.100000E+01      0.273326E+01      0.154898E+02      0.666667E-01      0.100000E-02      0.281724E-01      0.313027E-01      0.000000E+00      0.100000E+00      0.100000E+01
      0.365614E+00      0.000000E+00      0.151185E+02      0.000000E+00      0.100000E+01      0.100000E+01      0.279567E+01      0.163781E+02      0.666667E-01      0.100000E-02      0.270720E-01      0.300800E-01      0.000000E+00      0.100000E+00      0.100000E+01
      0.371483E+00      0.000000E+00      0.149708E+02      0.000000E+00      0.100000E+01      0.100000E+01      0.285751E+01      0.173148E+02      0.666667E-01      0.100000E-02      0.259619E-01      0.288466E-01      0.000000E+00      0.100000E+00      0.100000E+01
      0.377164E+00      0.000000E+00      0.148199E+02      0.000000E+00      0.100000E+01      0.100000E+01      0.291862E+01      0.183025E+02      0.666667E-01      0.100000E-02      0.248459E-01      0.276066E-01      0.000000E+00      0.100000E+00      0.100000E+01
      0.382660E+00      0.000000E+00      0.146656E+02      0.000000E+00      0.100000E+01      0.100000E+01      0.297883E+01      0.193438E+02      0.666667E-01      0.100000E-02      0.237276E-01      0.263640E-01      0.000000E+00      0.100000E+00      0.100000E+01
      0.387972E+00      0.000000E+00      0.145078E+02      0.000000E+00      0.100000E+01      0.100000E+01      0.303793E+01      0.204415E+02      0.666667E-01      0.100000E-02      0.226105E-01      0.251228E-01      0.000000E+00      0.100000E+00      0.100000E+01
      0.393105E+00      0.000000E+00      0.143463E+02      0.000000E+00      0.100000E+01      0.100000E+01      0.309569E+01      0.215985E+02      0.666667E-01      0.100000E-02      0.214979E-01      0.238865E-01      0.000000E+00      0.100000E+00      0.100000E+01
      0.398060E+00      0.000000E+00      0.141810E+02      0.000000E+00      0.100000E+01      0.100000E+01      0.315185E+01      0.228176E+02      0.666667E-01      0.100000E-02      0.203929E-01      0.226588E-01      0.000000E+00      0.100000E+00      0.100000E+01
      0.402841E+00      0.000000E+00      0.140118E+02      0.000000E+00      0.100000E+01      0.100000E+01      0.320614E+01      0.241018E+02      0.666667E-01      0.100000E-02      0.192987E-01      0.214430E-01      0.000000E+00      0.100000E+00      0.100000E+01
      0.407451E+00      0.000000E+00      0.138383E+02      0.000000E+00      0.100000E+01      0.100000E+01      0.325821E+01      0.254538E+02      0.666667E-01      0.100000E-02      0.182179E-01      0.202422E-01      0.000000E+00      0.100000E+00      0.100000E+01
      0.411894E+00      0.000000E+00      0.136604E+02      0.000000E+00      0.100000E+01      0.100000E+01      0.330771E+01      0.268765E+02      0.666667E-01      0.100000E-02      0.171534E-01      0.190593E-01      0.000000E+00      0.100000E+00      0.100000E+01
      0.416173E+00      0.000000E+00      0.134778E+02      0.000000E+00      0.100000E+01      0.100000E+01      0.335422E+01      0.283725E+02      0.666667E-01      0.100000E-02      0.161076E-01      0.178973E-01      0.000000E+00      0.100000E+00      0.100000E+01
      0.420292E+00      0.000000E+00      0.132902E+02      0.000000E+00      0.100000E+01      0.100000E+01      0.339728E+01      0.299440E+02      0.666667E-01      0.100000E-02      0.150828E-01      0.167586E-01      0.000000E+00      0.100000E+00      0.100000E+01
      0.424256E+00      0.000000E+00      0.130974E+02      0.000000E+00      0.100000E+01      0.100000E+01      0.343636E+01      0.315929E+02      0.666667E-01      0.100000E-02      0.140812E-01      0.156457E-01      0.000000E+00      0.100000E+00      0.100000E+01
      0.428067E+00      0.000000E+00      0.128989E+02      0.000000E+00      0.100000E+01      0.100000E+01      0.347087E+01      0.333202E+02      0.666667E-01      0.100000E-02      0.131048E-01      0.145609E-01      0.000000E+00      0.100000E+00      0.100000E+01
      0.431731E+00      0.000000E+00      0.126945E+02      0.000000E+00      0.100000E+01      0.100000E+01      0.350016E+01      0.351262E+02      0.666667E-01      0.100000E-02      0.121556E-01      0.135062E-01      0.000000E+00      0.100000E+00      0.100000E+01
      0.435251E+00      0.000000E+00      0.124836E+02      0.000000E+00      0.100000E+01      0.100000E+01      0.352349E+01      0.370099E+02      0.666667E-01      0.100000E-02      0.112352E-01      0.124835E-01      0.000000E+00      0.100000E+00      0.100000E+01
      0.438632E+00      0.000000E+00      0.122658E+02      0.000000E+00      0.100000E+01      0.100000E+01      0.354004E+01      0.389685E+02      0.666667E-01      0.100000E-02      0.103453E-01      0.114948E-01      0.000000E+00      0.100000E+00      0.100000E+01
      0.441877E+00      0.000000E+00      0.120407E+02      0.000000E+00      0.100000E+01      0.100000E+01      0.354889E+01      0.409972E+02      0.666667E-01      0.100000E-02      0.948746E-02      0.105416E-01      0.000000E+00      0.100000E+00      0.100000E+01
      0.444991E+00      0.000000E+00      0.118077E+02      0.000000E+00      0.100000E+01      0.100000E+01      0.354907E+01      0.430883E+02      0.666667E-01      0.100000E-02      0.866306E-02      0.962562E-02      0.000000E+00      0.100000E+00      0.100000E+01
      0.447978E+00      0.000000E+00      0.115662E+02      0.000000E+00      0.100000E+01      0.100000E+01      0.353947E+01      0.452303E+02      0.666667E-01      0.100000E-02      0.787342E-02      0.874824E-02      0.000000E+00      0.100000E+00      0.100000E+01
      0.450842E+00      0.000000E+00      0.113157E+02      0.000000E+00      0.100000E+01      0.100000E+01      0.351894E+01      0.474076E+02      0.666667E-01      0.100000E-02      0.711976E-02      0.791085E-02      0.000000E+00      0.100000E+00      0.100000E+01
      0.453587E+00      0.000000E+00      0.110554E+02      0.000000E+00      0.100000E+01      0.100000E+01      0.348625E+01      0.495989E+02      0.666667E-01      0.100000E-02      0.640325E-02      0.711472E-02      0.000000E+00      0.100000E+00      0.100000E+01
      0.456217E+00      0.000000E+00      0.107847E+02      0.000000E+00      0.100000E+01      0.100000E+01      0.344012E+01      0.517766E+02      0.666667E-01      0.100000E-02      0.572492E-02      0.636102E-02      0.000000E+00      0.100000E+00      0.100000E+01
      0.458736E+00      0.000000E+00      0.105030E+02      0.000000E+00      0.100000E+01      0.100000E+01      0.337929E+01      0.539056E+02      0.666667E-01      0.100000E-02      0.508576E-02      0.565085E-02      0.000000E+00      0.100000E+00      0.100000E+01
      0.461149E+00      0.000000E+00      0.102096E+02      0.000000E+00      0.100000E+01      0.100000E+01      0.330258E+01      0.559429E+02      0.666667E-01      0.100000E-02      0.448664E-02      0.498516E-02      0.000000E+00      0.100000E+00      0.100000E+01
      0.463458E+00      0.000000E+00      0.990396E+01      0.000000E+00      0.100000E+01      0.100000E+01      0.320894E+01      0.578367E+02      0.666667E-01      0.100000E-02      0.392833E-02      0.436481E-02      0.000000E+00      0.100000E+00      0.100000E+01
      0.465668E+00      0.000000E+00      0.958550E+01      0.000000E+00      0.100000E+01      0.100000E+01      0.309760E+01      0.595277E+02      0.666667E-01      0.100000E-02      0.341144E-02      0.379049E-02      0.000000E+00      0.100000E+00      0.100000E+01
      0.467782E+00      0.000000E+00      0.925390E+01      0.000000E+00      0.100000E+01      0.100000E+01      0.296818E+01      0.609499E+02      0.666667E-01      0.100000E-02      0.293644E-02      0.326271E-02      0.000000E+00      0.100000E+00      0.100000E+01
      0.469804E+00      0.000000E+00      0.890903E+01      0.000000E+00      0.100000E+01      0.100000E+01      0.282088E+01      0.620347E+02      0.666667E-01      0.100000E-02      0.250356E-02      0.278173E-02      0.000000E+00      0.100000E+00      0.100000E+01
      0.471738E+00      0.000000E+00      0.855105E+01      0.000000E+00      0.100000E+01      0.100000E+01      0.265659E+01      0.627150E+02      0.666667E-01      0.100000E-02      0.211275E-02      0.234749E-02      0.000000E+00      0.100000E+00      0.100000E+01
      0.473586E+00      0.000000E+00      0.818050E+01      0.000000E+00      0.100000E+01      0.100000E+01      0.247704E+01      0.629328E+02      0.666667E-01      0.100000E-02      0.176360E-02      0.195956E-02      0.000000E+00      0.100000E+00      0.100000E+01
      0.475353E+00      0.000000E+00      0.779836E+01      0.000000E+00      0.100000E+01      0.100000E+01      0.228484E+01      0.626462E+02      0.666667E-01      0.100000E-02      0.145529E-02      0.161699E-02      0.000000E+00      0.100000E+00      0.100000E+01
      0.477041E+00      0.000000E+00      0.740607E+01      0.000000E+00      0.100000E+01      0.100000E+01      0.208346E+01      0.618381E+02      0.666667E-01      0.100000E-02      0.118648E-02      0.131831E-02      0.000000E+00      0.100000E+00      0.100000E+01
      0.478654E+00      0.000000E+00      0.700557E+01      0.000000E+00      0.100000E+01      0.100000E+01      0.187708E+01      0.605211E+02      0.666667E-01      0.100000E-02      0.955290E-03      0.106143E-02      0.000000E+00      0.100000E+00      0.100000E+01
      0.480194E+00      0.000000E+00      0.659921E+01      0.000000E+00      0.100000E+01      0.100000E+01      0.167028E+01      0.587407E+02      0.666667E-01      0.100000E-02      0.759322E-03      0.843691E-03      0.000000E+00      0.100000E+00      0.100000E+01
      0.481665E+00      0.000000E+00      0.618968E+01      0.000000E+00      0.100000E+01      0.100000E+01      0.146765E+01      0.565724E+02      0.666667E-01      0.100000E-02      0.595687E-03      0.661874E-03      0.000000E+00      0.100000E+00      0.100000E+01
      0.483070E+00      0.000000E+00      0.577981E+01      0.000000E+00      0.100000E+01      0.100000E+01      0.127346E+01      0.541132E+02      0.666667E-01      0.100000E-02      0.461138E-03      0.512376E-03      0.000000E+00      0.100000E+00      0.100000E+01
      0.484411E+00      0.000000E+00      0.537243E+01      0.000000E+00      0.100000E+01      0.100000E+01      0.109129E+01      0.514651E+02      0.666667E-01      0.100000E-02      0.352239E-03      0.391377E-03      0.000000E+00      0.100000E+00      0.100000E+01
      0.485691E+00      0.000000E+00      0.497019E+01      0.000000E+00      0.100000E+01      0.100000E+01      0.923776E+00      0.487159E+02      0.666667E-01      0.100000E-02      0.265520E-03      0.295022E-03      0.000000E+00      0.100000E+00      0.100000E+01
      0.486912E+00      0.000000E+00      0.457544E+01      0.000000E+00      0.100000E+01      0.100000E+01      0.772594E+00      0.459324E+02      0.666667E-01      0.100000E-02      0.197567E-03      0.219519E-03      0.000000E+00      0.100000E+00      0.100000E+01
      0.488077E+00      0.000000E+00      0.419016E+01      0.000000E+00      0.100000E+01      0.100000E+01      0.638434E+00      0.431697E+02      0.666667E-01      0.100000E-02      0.145111E-03      0.161235E-03      0.000000E+00      0.100000E+00      0.100000E+01
      0.489189E+00      0.000000E+00      0.381587E+01      0.000000E+00      0.100000E+01      0.100000E+01      0.521175E+00      0.404782E+02      0.666667E-01      0.100000E-02      0.105160E-03      0.116844E-03      0.000000E+00      0.100000E+00      0.100000E+01
      0.490250E+00      0.000000E+00      0.345367E+01      0.000000E+00      0.100000E+01      0.100000E+01      0.420070E+00      0.379031E+02      0.666667E-01      0.100000E-02      0.751022E-04      0.834469E-04      0.000000E+00      0.100000E+00      0.100000E+01
      0.491261E+00      0.000000E+00      0.310429E+01      0.000000E+00      0.100000E+01      0.100000E+01      0.333965E+00      0.354808E+02      0.666667E-01      0.100000E-02      0.527556E-04      0.586174E-04      0.000000E+00      0.100000E+00      0.100000E+01
      0.492226E+00      0.000000E+00      0.276815E+01      0.000000E+00      0.100000E+01      0.100000E+01      0.261477E+00      0.332366E+02      0.666667E-01      0.100000E-02      0.363458E-04      0.403842E-04      0.000000E+00      0.100000E+00      0.100000E+01
      0.493146E+00      0.000000E+00      0.244539E+01      0.000000E+00      0.100000E+01      0.100000E+01      0.201139E+00      0.311850E+02      0.666667E-01      0.100000E-02      0.244603E-04      0.271781E-04      0.000000E+00      0.100000E+00      0.100000E+01
      0.494023E+00      0.000000E+00      0.213599E+01      0.000000E+00      0.100000E+01      0.100000E+01      0.151499E+00      0.293316E+02      0.666667E-01      0.100000E-02      0.159904E-04      0.177671E-04      0.000000E+00      0.100000E+00      0.100000E+01
      0.494859E+00      0.000000E+00      0.183976E+01      0.000000E+00      0.100000E+01      0.100000E+01      0.111182E+00      0.276747E+02      0.666667E-01      0.100000E-02      0.100743E-04      0.111937E-04      0.000000E+00      0.100000E+00      0.100000E+01
      0.495655E+00      0.000000E+00      0.155641E+01      0.000000E+00      0.100000E+01      0.100000E+01      0.789296E-01      0.262079E+02      0.666667E-01      0.100000E-02      0.604759E-05      0.671955E-05      0.000000E+00      0.100000E+00      0.100000E+01
      0.496415E+00      0.000000E+00      0.128560E+01      0.000000E+00      0.100000E+01      0.100000E+01      0.536104E-01      0.249217E+02      0.666667E-01      0.100000E-02      0.340004E-05      0.377782E-05      0.000000E+00      0.100000E+00      0.100000E+01
      0.497139E+00      0.000000E+00      0.102692E+01      0.000000E+00      0.100000E+01      0.100000E+01      0.342269E-01      0.238044E+02      0.666667E-01      0.100000E-02      0.174155E-05      0.193505E-05      0.000000E+00      0.100000E+00      0.100000E+01
      0.497829E+00      0.000000E+00      0.779947E+00      0.000000E+00      0.100000E+01      0.100000E+01      0.199082E-01      0.228435E+02      0.666667E-01      0.100000E-02      0.774277E-06      0.860308E-06      0.000000E+00      0.100000E+00      0.100000E+01
      0.498486E+00      0.000000E+00      0.544234E+00      0.000000E+00      0.100000E+01      0.100000E+01      0.990018E-02      0.220259E+02      0.666667E-01      0.100000E-02      0.270854E-06      0.300949E-06      0.000000E+00      0.100000E+00      0.100000E+01
      0.499112E+00      0.000000E+00      0.319332E+00      0.000000E+00      0.100000E+01      0.100000E+01      0.355400E-02      0.213378E+02      0.666667E-01      0.100000E-02      0.575949E-07      0.639943E-07      0.000000E+00      0.100000E+00      0.100000E+01
      0.499709E+00      0.000000E+00      0.104793E+00      0.000000E+00      0.100000E+01      0.100000E+01      0.313205E-03      0.207650E+02      0.666667E-01      0.100000E-02      0.168324E-08      0.187027E-08      0.000000E+00      0.100000E+00      0.100000E+01
