       7.5000000000E+000      -1.0100607860E-003      -2.0802508430E+000      -9.6700438129E+000      -1.3910361204E+016       3.6663664711E-003       1.0036663665E+000      -2.5244424497E+001       1.7905523860E+005       0.0000000000E+000       0.0000000000E+000       0.0000000000E+000       0.0000000000E+000       9.9634702667E-001       0.0000000000E+000       2.7777777778E-003       5.2022073953E-005
       7.5000000000E+000       1.0100607860E-003      -1.0401254215E+000       9.6700438129E+000      -1.3910361204E+016       1.6462448991E-003       1.0016462449E+000       2.5244424497E+001       9.6373362184E+004       6.6666666667E-002       1.0000000000E-003       1.0000000000E-003       0.0000000000E+000       9.9835646077E-001       0.0000000000E+000       2.7777777778E-003       5.2022073953E-005
       7.5000000000E+000       3.1294375279E-003       1.0401254215E+000       2.4805555758E+001      -1.3910361204E+016       6.3877357374E-004       1.0006387736E+000       1.6065224387E+002       7.0577697229E+004       6.6666666667E-002       1.0000000000E-003       1.0000000000E-003       0.0000000000E+000       9.9936163420E-001       0.0000000000E+000       2.7777777778E-003       3.4251453234E-003
       7.5000000000E+000       5.4568238521E-003       1.3229587602E+000       2.8813246675E+001      -1.3910361204E+016       3.3338242698E-004       1.0003333824E+000       2.4243828347E+002       5.5999927262E+004       6.6666666667E-002       1.0000000000E-003       1.0000000000E-003       0.0000000000E+000       9.9966672868E-001       0.0000000000E+000       2.7777777778E-003       1.5145978570E-002
       7.5000000000E+000       8.0120745591E-003       1.1359031480E+000       3.0312699901E+001      -1.3910361204E+016       2.1119486825E-004       1.0002111949E+000       2.6416774300E+002       4.1673501609E+004       6.6666666667E-002       1.0000000000E-003       1.0000000000E-003       0.0000000000E+000       9.9978884973E-001       0.0000000000E+000       2.7777777778E-003       3.3517010106E-002
       7.5000000000E+000       1.0816823264E-002       2.1096882033E+000       3.2437794060E+001      -1.3910361204E+016       1.4624806737E-004       1.0001462481E+000       2.7704994061E+002       3.3346288741E+004       6.6666666667E-002       1.0000000000E-003       1.0000000000E-003       0.0000000000E+000       9.9985377332E-001       0.0000000000E+000       2.7777777778E-003       5.8994289335E-002
       7.5000000000E+000       1.3894617523E-002       2.8431043201E+000       3.4102465270E+001      -1.3910361204E+016       1.0561534417E-004       1.0001056153E+000       2.8572442339E+002       2.7883573083E+004       6.6666666667E-002       1.0000000000E-003       1.0000000000E-003       0.0000000000E+000       9.9989439581E-001       0.0000000000E+000       2.7777777778E-003       9.1402324053E-002
       7.5000000000E+000       1.7271059037E-002       2.3733196584E+000       3.4384164789E+001      -1.3910361204E+016       7.8521575749E-005       1.0000785216E+000       2.9133892769E+002       2.3959835801E+004       6.6666666667E-002       1.0000000000E-003       1.0000000000E-003       0.0000000000E+000       9.9992148459E-001       0.0000000000E+000       2.7777777778E-003       1.3109075492E-001
       7.5000000000E+000       2.0973947879E-002       2.0746260950E+000       3.5510356228E+001      -1.3910361204E+016       5.9747636118E-005       1.0000597476E+000       2.9060496868E+002       2.0525194455E+004       6.6666666667E-002       1.0000000000E-003       1.0000000000E-003       0.0000000000E+000       9.9994025593E-001       0.0000000000E+000       2.7777777778E-003       1.7526306781E-001
       7.5000000000E+000       2.5033429320E-002       2.9519027449E+000       3.6580267764E+001      -1.3910361204E+016       4.6335139253E-005       1.0000463351E+000       2.9027312824E+002       1.7887904347E+004       6.6666666667E-002       1.0000000000E-003       1.0000000000E-003       0.0000000000E+000       9.9995366701E-001       0.0000000000E+000       2.7777777778E-003       2.2671430369E-001
       7.5000000000E+000       2.9482141392E-002       3.6375446916E+000       3.7225478702E+001      -1.3910361204E+016       3.6504728426E-005       1.0000365047E+000       2.8568265024E+002       1.5458098738E+004       6.6666666667E-002       1.0000000000E-003       1.0000000000E-003       0.0000000000E+000       9.9996349660E-001       0.0000000000E+000       2.7777777778E-003       2.8248498443E-001
       7.5000000000E+000       3.4355360827E-002       4.3847659760E+000       3.7478011949E+001      -1.3910361204E+016       2.9156659905E-005       1.0000291567E+000       2.7971583566E+002       1.3361966175E+004       6.6666666667E-002       1.0000000000E-003       1.0000000000E-003       0.0000000000E+000       9.9997084419E-001       0.0000000000E+000       2.7777777778E-003       3.4394287741E-001
       7.5000000000E+000       3.9691144380E-002       4.4495608896E+000       3.8172085238E+001      -1.3910361204E+016       2.3565421807E-005       1.0000235654E+000       2.7347321386E+002       1.1581133199E+004       6.6666666667E-002       1.0000000000E-003       1.0000000000E-003       0.0000000000E+000       9.9997643513E-001       0.0000000000E+000       2.7777777778E-003       4.1106365665E-001
       7.5000000000E+000       4.5530461881E-002       3.9004293672E+000       3.8578666566E+001      -1.3910361204E+016       1.9253856563E-005       1.0000192539E+000       2.6606007414E+002       1.0004928814E+004       6.6666666667E-002       1.0000000000E-003       1.0000000000E-003       0.0000000000E+000       9.9998074651E-001       0.0000000000E+000       2.7777777778E-003       4.8289347615E-001
       7.5000000000E+000       5.1917316536E-002       3.7146124501E+000       3.8894558243E+001      -1.3910361204E+016       1.5895999540E-005       1.0000158960E+000       2.5850926827E+002       8.6487797323E+003       6.6666666667E-002       1.0000000000E-003       1.0000000000E-003       0.0000000000E+000       9.9998410425E-001       0.0000000000E+000       2.7777777778E-003       5.6043798942E-001
       7.5000000000E+000       5.8898847137E-002       4.1984711168E+000       3.9272506166E+001      -1.3910361204E+016       1.3256641406E-005       1.0000132566E+000       2.5069996088E+002       7.4726970130E+003       6.6666666667E-002       1.0000000000E-003       1.0000000000E-003       0.0000000000E+000       9.9998674353E-001       0.0000000000E+000       2.7777777778E-003       6.4242164355E-001
       7.5000000000E+000       6.6525405813E-002       4.5983742227E+000       3.9730837747E+001      -1.3910361204E+016       1.1163837045E-005       1.0000111638E+000       2.4319443913E+002       6.4698099902E+003       6.6666666667E-002       1.0000000000E-003       1.0000000000E-003       0.0000000000E+000       9.9998883629E-001       0.0000000000E+000       2.7777777778E-003       7.2945601131E-001
       7.5000000000E+000       7.4850603903E-002       4.6398616270E+000       4.0059421492E+001      -1.3910361204E+016       9.4911432530E-006       1.0000094911E+000       2.3565729922E+002       5.6037632855E+003       6.6666666667E-002       1.0000000000E-003       1.0000000000E-003       0.0000000000E+000       9.9999050895E-001       0.0000000000E+000       2.7777777778E-003       8.2040356338E-001
       7.5000000000E+000       8.3931317363E-002       4.4796661449E+000       4.0309018605E+001      -1.3910361204E+016       8.1441823697E-006       1.0000081442E+000       2.2857689163E+002       4.8710273847E+003       6.6666666667E-002       1.0000000000E-003       1.0000000000E-003       0.0000000000E+000       9.9999185588E-001       0.0000000000E+000       2.7777777778E-003       9.1556580040E-001
       7.5000000000E+000       9.3827641929E-002       4.1925628101E+000       4.0741559864E+001      -1.3910361204E+016       7.0466867907E-006       1.0000070467E+000       2.2121643559E+002       4.2293648042E+003       6.6666666667E-002       1.0000000000E-003       1.0000000000E-003       0.0000000000E+000       9.9999295336E-001       0.0000000000E+000       2.7777777778E-003       1.0000000000E+000
       7.5000000000E+000       1.0460278706E-001       4.0299507939E+000       4.1110753038E+001      -1.3910361204E+016       6.1049338506E-006       1.0000061049E+000       2.1394173601E+002       3.6568029654E+003       6.6666666667E-002       1.0000000000E-003       1.0000000000E-003       0.0000000000E+000       9.9999389510E-001       0.0000000000E+000       2.7777777778E-003       1.0000000000E+000
       7.5000000000E+000       1.1632289650E-001       4.0700499014E+000       4.1657746483E+001      -1.3910361204E+016       5.2615022085E-006       1.0000052615E+000       2.0662056085E+002       3.1299351966E+003       6.6666666667E-002       1.0000000000E-003       1.0000000000E-003       0.0000000000E+000       9.9999473853E-001       0.0000000000E+000       2.7777777778E-003       1.0000000000E+000
       7.5000000000E+000       1.2905678245E-001       4.3797452861E+000       4.2191229951E+001      -1.3910361204E+016       4.5074324591E-006       1.0000045074E+000       1.9953544772E+002       2.6525679105E+003       6.6666666667E-002       1.0000000000E-003       1.0000000000E-003       0.0000000000E+000       9.9999549259E-001       0.0000000000E+000       2.7777777778E-003       1.0000000000E+000
       7.5000000000E+000       1.4287555919E-001       4.4472241731E+000       4.2550953848E+001      -1.3910361204E+016       3.8369922672E-006       1.0000038370E+000       1.9275213388E+002       2.2246128632E+003       6.6666666667E-002       1.0000000000E-003       1.0000000000E-003       0.0000000000E+000       9.9999616302E-001       0.0000000000E+000       2.7777777778E-003       1.0000000000E+000
       7.5000000000E+000       1.5785216215E-001       4.1372444765E+000       4.3104553108E+001      -1.3910361204E+016       3.2440342803E-006       1.0000032440E+000       1.8722228714E+002       1.8573688527E+003       6.6666666667E-002       1.0000000000E-003       1.0000000000E-003       0.0000000000E+000       9.9999675598E-001       0.0000000000E+000       2.7777777778E-003       1.0000000000E+000
       7.5000000000E+000       1.7406073782E-001       4.0090879419E+000       4.3709198988E+001      -1.3910361204E+016       2.7233026911E-006       1.0000027233E+000       1.8136819131E+002       1.5260009500E+003       6.6666666667E-002       1.0000000000E-003       1.0000000000E-003       0.0000000000E+000       9.9999727670E-001       0.0000000000E+000       2.7777777778E-003       1.0000000000E+000
       7.5000000000E+000       1.9157589134E-001       3.9495392114E+000       4.4289637698E+001      -1.3910361204E+016       2.2709596842E-006       1.0000022710E+000       1.7645020723E+002       1.2437020124E+003       6.6666666667E-002       1.0000000000E-003       1.0000000000E-003       0.0000000000E+000       9.9999772905E-001       0.0000000000E+000       2.7777777778E-003       1.0000000000E+000
       7.5000000000E+000       2.1047177964E-001       3.8162222978E+000       4.5048791934E+001      -1.3910361204E+016       1.8828180035E-006       1.0000018828E+000       1.7204059737E+002       1.0026264635E+003       6.6666666667E-002       1.0000000000E-003       1.0000000000E-003       0.0000000000E+000       9.9999811719E-001       0.0000000000E+000       2.7777777778E-003       1.0000000000E+000
       7.5000000000E+000       2.3082104100E-001       3.9195193807E+000       4.5593736842E+001      -1.3910361204E+016       1.5531453387E-006       1.0000015531E+000       1.6819192492E+002       7.9998311830E+002       6.6666666667E-002       1.0000000000E-003       1.0000000000E-003       0.0000000000E+000       9.9999844686E-001       0.0000000000E+000       2.7777777778E-003       1.0000000000E+000
       7.5000000000E+000       2.5269355587E-001       3.9759779140E+000       4.6373392459E+001      -1.3910361204E+016       1.2754144700E-006       1.0000012754E+000       1.6493316153E+002       6.3263636022E+002       6.6666666667E-002       1.0000000000E-003       1.0000000000E-003       0.0000000000E+000       9.9999872459E-001       0.0000000000E+000       2.7777777778E-003       1.0000000000E+000
       7.5000000000E+000       2.7615503885E-001       4.1124233520E+000       4.7006850565E+001      -1.3910361204E+016       1.0430468562E-006       1.0000010430E+000       1.6194578504E+002       4.9516910762E+002       6.6666666667E-002       1.0000000000E-003       1.0000000000E-003       0.0000000000E+000       9.9999895695E-001       0.0000000000E+000       2.7777777778E-003       1.0000000000E+000
       7.5000000000E+000       3.0126546880E-001       4.1991531874E+000       4.7627828711E+001      -1.3910361204E+016       8.4986381991E-007       1.0000008499E+000       1.5883847240E+002       3.8287606194E+002       6.6666666667E-002       1.0000000000E-003       1.0000000000E-003       0.0000000000E+000       9.9999915014E-001       0.0000000000E+000       2.7777777778E-003       1.0000000000E+000
       7.5000000000E+000       3.2807737251E-001       4.1294980956E+000       4.8253418169E+001      -1.3910361204E+016       6.9008135070E-007       1.0000006901E+000       1.5549284049E+002       2.9261135165E+002       6.6666666667E-002       1.0000000000E-003       1.0000000000E-003       0.0000000000E+000       9.9999930992E-001       0.0000000000E+000       2.7777777778E-003       1.0000000000E+000
       7.5000000000E+000       3.5663398698E-001       4.1296633547E+000       4.8950390917E+001      -1.3910361204E+016       5.5841404525E-007       1.0000005584E+000       1.5165984055E+002       2.2113174959E+002       6.6666666667E-002       1.0000000000E-003       1.0000000000E-003       0.0000000000E+000       9.9999944159E-001       0.0000000000E+000       2.7777777778E-003       1.0000000000E+000
       7.5000000000E+000       3.8696733669E-001       4.0191721797E+000       4.9657362847E+001      -1.3910361204E+016       4.5028300413E-007       1.0000004503E+000       1.4706449226E+002       1.6546163156E+002       6.6666666667E-002       1.0000000000E-003       1.0000000000E-003       0.0000000000E+000       9.9999954972E-001       0.0000000000E+000       2.7777777778E-003       1.0000000000E+000
       7.5000000000E+000       4.1909627393E-001       3.9940821539E+000       5.0287390359E+001      -1.3910361204E+016       3.6172946087E-007       1.0000003617E+000       1.4181706695E+002       1.2319621063E+002       6.6666666667E-002       1.0000000000E-003       1.0000000000E-003       0.0000000000E+000       9.9999963827E-001       0.0000000000E+000       2.7777777778E-003       1.0000000000E+000
       7.5000000000E+000       4.5302454235E-001       4.2395093021E+000       5.0962664289E+001      -1.3910361204E+016       2.8937434183E-007       1.0000002894E+000       1.3588693135E+002       9.1837062967E+001       6.6666666667E-002       1.0000000000E-003       1.0000000000E-003       0.0000000000E+000       9.9999971063E-001       0.0000000000E+000       2.7777777778E-003       1.0000000000E+000
       7.5000000000E+000       4.8873893491E-001       4.4071486812E+000       5.1479826832E+001      -1.3910361204E+016       2.3054103386E-007       1.0000002305E+000       1.2895551120E+002       6.8970583754E+001       6.6666666667E-002       1.0000000000E-003       1.0000000000E-003       0.0000000000E+000       9.9999976946E-001       0.0000000000E+000       2.7777777778E-003       1.0000000000E+000
       7.5000000000E+000       5.2620762723E-001       4.3913688280E+000       5.2040703884E+001      -1.3910361204E+016       1.8305045671E-007       1.0000001831E+000       1.2127687827E+002       5.3014104393E+001       6.6666666667E-002       1.0000000000E-003       1.0000000000E-003       0.0000000000E+000       9.9999981695E-001       0.0000000000E+000       2.7777777778E-003       1.0000000000E+000
       7.5000000000E+000       5.6537877348E-001       4.3294458045E+000       5.2568476875E+001      -1.3910361204E+016       1.4461112368E-007       1.0000001446E+000       1.1286680785E+002       4.2400064926E+001       6.6666666667E-002       1.0000000000E-003       1.0000000000E-003       0.0000000000E+000       9.9999985539E-001       0.0000000000E+000       2.7777777778E-003       1.0000000000E+000
       7.5000000000E+000       6.0617945461E-001       4.3800778029E+000       5.2964633576E+001      -1.3910361204E+016       1.1342686174E-007       1.0000001134E+000       1.0393850146E+002       3.6169839807E+001       6.6666666667E-002       1.0000000000E-003       1.0000000000E-003       0.0000000000E+000       9.9999988657E-001       0.0000000000E+000       2.7777777778E-003       1.0000000000E+000
       7.5000000000E+000       6.4851506570E-001       4.3709004483E+000       5.3486460848E+001      -1.3910361204E+016       8.8082539926E-008       1.0000000881E+000       9.4725027379E+001       3.3408993939E+001       6.6666666667E-002       1.0000000000E-003       1.0000000000E-003       0.0000000000E+000       9.9999991192E-001       0.0000000000E+000       2.7777777778E-003       1.0000000000E+000
       7.5000000000E+000       6.9226922041E-001       4.3962827534E+000       5.3637927360E+001      -1.3910361204E+016       6.7438157034E-008       1.0000000674E+000       8.5410983062E+001       3.3192283486E+001       6.6666666667E-002       1.0000000000E-003       1.0000000000E-003       0.0000000000E+000       9.9999993256E-001       0.0000000000E+000       2.7777777778E-003       1.0000000000E+000
       7.5000000000E+000       7.3730423491E-001       4.3341159809E+000       5.3850674905E+001      -1.3910361204E+016       5.0932093374E-008       1.0000000509E+000       7.6303607386E+001       3.4751926258E+001       6.6666666667E-002       1.0000000000E-003       1.0000000000E-003       0.0000000000E+000       9.9999994907E-001       0.0000000000E+000       2.7777777778E-003       1.0000000000E+000
       7.5000000000E+000       7.8346223196E-001       4.2501328807E+000       5.3936602016E+001      -1.3910361204E+016       3.7980404237E-008       1.0000000380E+000       6.7560802200E+001       3.7558776497E+001       6.6666666667E-002       1.0000000000E-003       1.0000000000E-003       0.0000000000E+000       9.9999996202E-001       0.0000000000E+000       2.7777777778E-003       1.0000000000E+000
       7.5000000000E+000       8.3056687844E-001       4.3359699765E+000       5.4129463803E+001      -1.3910361204E+016       2.8032301815E-008       1.0000000280E+000       5.9509234472E+001       4.1105728003E+001       6.6666666667E-002       1.0000000000E-003       1.0000000000E-003       0.0000000000E+000       9.9999997197E-001       0.0000000000E+000       2.7777777778E-003       1.0000000000E+000
       7.5000000000E+000       8.7842573817E-001       4.4555652213E+000       5.4083890231E+001      -1.3910361204E+016       2.0577797937E-008       1.0000000206E+000       5.2188786258E+001       4.4868271394E+001       6.6666666667E-002       1.0000000000E-003       1.0000000000E-003       0.0000000000E+000       9.9999997942E-001       0.0000000000E+000       2.7777777778E-003       1.0000000000E+000
       7.5000000000E+000       9.2683318857E-001       4.4839963798E+000       5.4021235234E+001      -1.3910361204E+016       1.5134830265E-008       1.0000000151E+000       4.5787888361E+001       4.8573069658E+001       6.6666666667E-002       1.0000000000E-003       1.0000000000E-003       0.0000000000E+000       9.9999998487E-001       0.0000000000E+000       2.7777777778E-003       1.0000000000E+000
       7.5000000000E+000       9.7557381694E-001       4.4669131390E+000       5.3913515327E+001      -1.3910361204E+016       1.1270958545E-008       1.0000000113E+000       4.0236092216E+001       5.1849760164E+001       6.6666666667E-002       1.0000000000E-003       1.0000000000E-003       0.0000000000E+000       9.9999998873E-001       0.0000000000E+000       2.7777777778E-003       1.0000000000E+000
       7.5000000000E+000       1.0244261831E+000       4.4567144065E+000       5.3784931307E+001      -1.3910361204E+016       8.5920031627E-009       1.0000000086E+000       3.5688940603E+001       5.4733160542E+001       6.6666666667E-002       1.0000000000E-003       1.0000000000E-003       0.0000000000E+000       9.9999999141E-001       0.0000000000E+000       2.7777777778E-003       1.0000000000E+000
       7.5000000000E+000       1.0731668114E+000       4.4154301892E+000       5.3361949310E+001      -1.3910361204E+016       6.7093151233E-009       1.0000000067E+000       3.2219876903E+001       5.6739691897E+001       6.6666666667E-002       1.0000000000E-003       1.0000000000E-003       0.0000000000E+000       9.9999999329E-001       0.0000000000E+000       2.7777777778E-003       1.0000000000E+000
       7.5000000000E+000       1.1215742618E+000       4.4095331735E+000       5.3072956791E+001      -1.3910361204E+016       5.6505015602E-009       1.0000000057E+000       3.0467968468E+001       5.7918464560E+001       6.6666666667E-002       1.0000000000E-003       1.0000000000E-003       0.0000000000E+000       9.9999999435E-001       0.0000000000E+000       2.7777777778E-003       1.0000000000E+000
       7.5000000000E+000       1.1694331216E+000       4.3715913104E+000       5.2665948202E+001      -1.3910361204E+016       5.4817722746E-009       1.0000000055E+000       3.0596306865E+001       5.8059266723E+001       6.6666666667E-002       1.0000000000E-003       1.0000000000E-003       0.0000000000E+000       9.9999999452E-001       0.0000000000E+000       2.7777777778E-003       1.0000000000E+000
       7.5000000000E+000       1.2165377680E+000       4.3553858608E+000       5.2112181673E+001      -1.3910361204E+016       6.2662681311E-009       1.0000000063E+000       3.2434373028E+001       5.6809440712E+001       6.6666666667E-002       1.0000000000E-003       1.0000000000E-003       0.0000000000E+000       9.9999999373E-001       0.0000000000E+000       2.7777777778E-003       1.0000000000E+000
       7.5000000000E+000       1.2626957651E+000       4.3157496815E+000       5.1668956835E+001      -1.3910361204E+016       8.0865477695E-009       1.0000000081E+000       3.5770142224E+001       5.4040704570E+001       6.6666666667E-002       1.0000000000E-003       1.0000000000E-003       0.0000000000E+000       9.9999999191E-001       0.0000000000E+000       2.7777777778E-003       1.0000000000E+000
       7.5000000000E+000       1.3077307796E+000       4.3632803686E+000       5.1250659199E+001      -1.3910361204E+016       1.0993663965E-008       1.0000000110E+000       3.9816719667E+001       5.0371349670E+001       6.6666666667E-002       1.0000000000E-003       1.0000000000E-003       0.0000000000E+000       9.9999998901E-001       0.0000000000E+000       2.7777777778E-003       1.0000000000E+000
       7.5000000000E+000       1.3514849343E+000       4.4347457877E+000       5.0672243541E+001      -1.3910361204E+016       1.5203578384E-008       1.0000000152E+000       4.4269997217E+001       4.6725062535E+001       6.6666666667E-002       1.0000000000E-003       1.0000000000E-003       0.0000000000E+000       9.9999998480E-001       0.0000000000E+000       2.7777777778E-003       1.0000000000E+000
       7.5000000000E+000       1.3938205454E+000       4.3579673555E+000       5.0294367594E+001      -1.3910361204E+016       2.1271749075E-008       1.0000000213E+000       4.9030120642E+001       4.3936871351E+001       6.6666666667E-002       1.0000000000E-003       1.0000000000E-003       0.0000000000E+000       9.9999997873E-001       0.0000000000E+000       2.7777777778E-003       1.0000000000E+000
       7.5000000000E+000       1.4346212265E+000       4.3479363517E+000       4.9835931362E+001      -1.3910361204E+016       2.9781769743E-008       1.0000000298E+000       5.3904525760E+001       4.2777908048E+001       6.6666666667E-002       1.0000000000E-003       1.0000000000E-003       0.0000000000E+000       9.9999997022E-001       0.0000000000E+000       2.7777777778E-003       1.0000000000E+000
       7.5000000000E+000       1.4737923728E+000       4.3006924045E+000       4.9489924836E+001      -1.3910361204E+016       4.1409014295E-008       1.0000000414E+000       5.8862524902E+001       4.4288819027E+001       6.6666666667E-002       1.0000000000E-003       1.0000000000E-003       0.0000000000E+000       9.9999995859E-001       0.0000000000E+000       2.7777777778E-003       1.0000000000E+000
       7.5000000000E+000       1.5112610651E+000       4.2148502841E+000       4.9007688053E+001      -1.3910361204E+016       5.6971118252E-008       1.0000000570E+000       6.3692034352E+001       4.9454843598E+001       6.6666666667E-002       1.0000000000E-003       1.0000000000E-003       0.0000000000E+000       9.9999994303E-001       0.0000000000E+000       2.7777777778E-003       1.0000000000E+000
       7.5000000000E+000       1.5469754577E+000       4.1997654866E+000       4.8627368413E+001      -1.3910361204E+016       7.7461426357E-008       1.0000000775E+000       6.8335026999E+001       5.9554657030E+001       6.6666666667E-002       1.0000000000E-003       1.0000000000E-003       0.0000000000E+000       9.9999992254E-001       0.0000000000E+000       2.7777777778E-003       1.0000000000E+000
       7.5000000000E+000       1.5809037261E+000       4.1964144641E+000       4.8216990227E+001      -1.3910361204E+016       1.0406756831E-007       1.0000001041E+000       7.2654446514E+001       7.5810073145E+001       6.6666666667E-002       1.0000000000E-003       1.0000000000E-003       0.0000000000E+000       9.9999989593E-001       0.0000000000E+000       2.7777777778E-003       1.0000000000E+000
       7.5000000000E+000       1.6130326633E+000       4.1424798004E+000       4.8056356840E+001      -1.3910361204E+016       1.3820275401E-007       1.0000001382E+000       7.6799832092E+001       9.9725284683E+001       6.6666666667E-002       1.0000000000E-003       1.0000000000E-003       0.0000000000E+000       9.9999986180E-001       0.0000000000E+000       2.7777777778E-003       1.0000000000E+000
       7.5000000000E+000       1.6433660130E+000       4.1275788544E+000       4.7812620490E+001      -1.3910361204E+016       1.8150787831E-007       1.0000001815E+000       8.0609893362E+001       1.3236738005E+002       6.6666666667E-002       1.0000000000E-003       1.0000000000E-003       0.0000000000E+000       9.9999981849E-001       0.0000000000E+000       2.7777777778E-003       1.0000000000E+000
       7.5000000000E+000       1.6719226275E+000       4.2380780996E+000       4.7516257346E+001      -1.3910361204E+016       2.3584319532E-007       1.0000002358E+000       8.4192771753E+001       1.7586758350E+002       6.6666666667E-002       1.0000000000E-003       1.0000000000E-003       0.0000000000E+000       9.9999976416E-001       0.0000000000E+000       2.7777777778E-003       1.0000000000E+000
       7.5000000000E+000       1.6987345312E+000       4.1667771472E+000       4.7187981158E+001      -1.3910361204E+016       3.0336224622E-007       1.0000003034E+000       8.7657166912E+001       2.3241425800E+002       6.6666666667E-002       1.0000000000E-003       1.0000000000E-003       0.0000000000E+000       9.9999969664E-001       0.0000000000E+000       2.7777777778E-003       1.0000000000E+000
       7.5000000000E+000       1.7238449611E+000       4.0604773364E+000       4.7009596482E+001      -1.3910361204E+016       3.8646943504E-007       1.0000003865E+000       9.0897130632E+001       3.0331783838E+002       6.6666666667E-002       1.0000000000E-003       1.0000000000E-003       0.0000000000E+000       9.9999961353E-001       0.0000000000E+000       2.7777777778E-003       1.0000000000E+000
       7.5000000000E+000       1.7473064441E+000       3.9220172638E+000       4.6765023075E+001      -1.3910361204E+016       4.8782159170E-007       1.0000004878E+000       9.3953005560E+001       3.9034263119E+002       6.6666666667E-002       1.0000000000E-003       1.0000000000E-003       0.0000000000E+000       9.9999951218E-001       0.0000000000E+000       2.7777777778E-003       1.0000000000E+000
       7.5000000000E+000       1.7691789590E+000       3.8713011082E+000       4.6547942986E+001      -1.3910361204E+016       6.1051193539E-007       1.0000006105E+000       9.7016365456E+001       4.9598166025E+002       6.6666666667E-002       1.0000000000E-003       1.0000000000E-003       0.0000000000E+000       9.9999938949E-001       0.0000000000E+000       2.7777777778E-003       1.0000000000E+000
       7.5000000000E+000       1.7895282204E+000       3.9224563343E+000       4.6372222637E+001      -1.3910361204E+016       7.5813599428E-007       1.0000007581E+000       1.0002641649E+002       6.2118857014E+002       6.6666666667E-002       1.0000000000E-003       1.0000000000E-003       0.0000000000E+000       9.9999924186E-001       0.0000000000E+000       2.7777777778E-003       1.0000000000E+000
       7.5000000000E+000       1.8084241087E+000       3.7391679540E+000       4.6123061556E+001      -1.3910361204E+016       9.3486620444E-007       1.0000009349E+000       1.0293548542E+002       7.6636338556E+002       6.6666666667E-002       1.0000000000E-003       1.0000000000E-003       0.0000000000E+000       9.9999906513E-001       0.0000000000E+000       2.7777777778E-003       1.0000000000E+000
       7.5000000000E+000       1.8259392622E+000       3.6775361527E+000       4.6049135999E+001      -1.3910361204E+016       1.1456773640E-006       1.0000011457E+000       1.0591445434E+002       9.3311165725E+002       6.6666666667E-002       1.0000000000E-003       1.0000000000E-003       0.0000000000E+000       9.9999885432E-001       0.0000000000E+000       2.7777777778E-003       1.0000000000E+000
       7.5000000000E+000       1.8421478379E+000       3.4854255844E+000       4.5819773472E+001      -1.3910361204E+016       1.3973836069E-006       1.0000013974E+000       1.0891623175E+002       1.1215335312E+003       6.6666666667E-002       1.0000000000E-003       1.0000000000E-003       0.0000000000E+000       9.9999860262E-001       0.0000000000E+000       2.7777777778E-003       9.9337307019E-001
       7.5000000000E+000       1.8571244408E+000       3.3400190918E+000       4.5600557994E+001      -1.3910361204E+016       1.7157524850E-006       1.0000017158E+000       1.1191953639E+002       1.3416893476E+003       6.6666666667E-002       1.0000000000E-003       1.0000000000E-003       0.0000000000E+000       9.9999828425E-001       0.0000000000E+000       2.7777777778E-003       8.7351309378E-001
       7.5000000000E+000       1.8709432175E+000       3.5274603851E+000       4.5697996308E+001      -1.3910361204E+016       2.1429824227E-006       1.0000021430E+000       1.1531798387E+002       1.6156371731E+003       6.6666666667E-002       1.0000000000E-003       1.0000000000E-003       0.0000000000E+000       9.9999785702E-001       0.0000000000E+000       2.7777777778E-003       7.6507527418E-001
       7.5000000000E+000       1.8836771035E+000       3.5215180110E+000       4.5470252331E+001      -1.3910361204E+016       2.7159266936E-006       1.0000027159E+000       1.1914609962E+002       1.9532213177E+003       6.6666666667E-002       1.0000000000E-003       1.0000000000E-003       0.0000000000E+000       9.9999728408E-001       0.0000000000E+000       2.7777777778E-003       6.6976575609E-001
       7.5000000000E+000       1.8953972129E+000       3.5975735702E+000       4.5387957426E+001      -1.3910361204E+016       3.4811617120E-006       1.0000034812E+000       1.2337384264E+002       2.3630015907E+003       6.6666666667E-002       1.0000000000E-003       1.0000000000E-003       0.0000000000E+000       9.9999651885E-001       0.0000000000E+000       2.7777777778E-003       5.8583327221E-001
       7.5000000000E+000       1.9061723581E+000       3.5272737515E+000       4.5228557379E+001      -1.3910361204E+016       4.4969569875E-006       1.0000044970E+000       1.2827310540E+002       2.8613043729E+003       6.6666666667E-002       1.0000000000E-003       1.0000000000E-003       0.0000000000E+000       9.9999550306E-001       0.0000000000E+000       2.7777777778E-003       5.1395504635E-001
       7.5000000000E+000       1.9160686826E+000       3.2426131663E+000       4.4903961671E+001      -1.3910361204E+016       5.8343713448E-006       1.0000058344E+000       1.3362245175E+002       3.4516975710E+003       6.6666666667E-002       1.0000000000E-003       1.0000000000E-003       0.0000000000E+000       9.9999416566E-001       0.0000000000E+000       2.7777777778E-003       4.5206326251E-001
       7.5000000000E+000       1.9251493961E+000       3.5507135996E+000       4.4954048217E+001      -1.3910361204E+016       7.5800945044E-006       1.0000075801E+000       1.3916058665E+002       4.1341814834E+003       6.6666666667E-002       1.0000000000E-003       1.0000000000E-003       0.0000000000E+000       9.9999241996E-001       0.0000000000E+000       2.7777777778E-003       3.9749700831E-001
       7.5000000000E+000       1.9334745942E+000       3.7020537326E+000       4.4639433206E+001      -1.3910361204E+016       9.8415980829E-006       1.0000098416E+000       1.4522758219E+002       4.9299545664E+003       6.6666666667E-002       1.0000000000E-003       1.0000000000E-003       0.0000000000E+000       9.9999015850E-001       0.0000000000E+000       2.7777777778E-003       3.5045398662E-001
       7.5000000000E+000       1.9411011529E+000       3.8218707275E+000       4.3976635505E+001      -1.3910361204E+016       1.2747032200E-005       1.0000127470E+000       1.5126654712E+002       5.8220484935E+003       6.6666666667E-002       1.0000000000E-003       1.0000000000E-003       0.0000000000E+000       9.9998725313E-001       0.0000000000E+000       2.7777777778E-003       3.0856660932E-001
       7.5000000000E+000       1.9480826835E+000       3.7680728034E+000       4.3469103093E+001      -1.3910361204E+016       1.6459445239E-005       1.0000164594E+000       1.5749828961E+002       6.8298101304E+003       6.6666666667E-002       1.0000000000E-003       1.0000000000E-003       0.0000000000E+000       9.9998354083E-001       0.0000000000E+000       2.7777777778E-003       2.7092436164E-001
       7.5000000000E+000       1.9544695381E+000       2.9340351700E+000       4.2216125301E+001      -1.3910361204E+016       2.1184151442E-005       1.0000211842E+000       1.6252977157E+002       7.8845348278E+003       6.6666666667E-002       1.0000000000E-003       1.0000000000E-003       0.0000000000E+000       9.9997881630E-001       0.0000000000E+000       2.7777777778E-003       2.3559158721E-001
       7.5000000000E+000       1.9603088556E+000       1.8956304383E+000       4.1562758144E+001      -1.3910361204E+016       2.7188517693E-005       1.0000271885E+000       1.6712232128E+002       9.0366877343E+003       6.6666666667E-002       1.0000000000E-003       1.0000000000E-003       0.0000000000E+000       9.9997281222E-001       0.0000000000E+000       2.7777777778E-003       2.0284480460E-001
       7.5000000000E+000       1.9656446392E+000       1.3518707303E+000       4.1172563203E+001      -1.3910361204E+016       3.4849558083E-005       1.0000348496E+000       1.6948030169E+002       1.0177945285E+004       6.6666666667E-002       1.0000000000E-003       1.0000000000E-003       0.0000000000E+000       9.9996515166E-001       0.0000000000E+000       2.7777777778E-003       1.7101237610E-001
       7.5000000000E+000       1.9705178586E+000       1.1422371412E+000       4.1637359775E+001      -1.3910361204E+016       4.4688184633E-005       1.0000446882E+000       1.7047958413E+002       1.1386899541E+004       6.6666666667E-002       1.0000000000E-003       1.0000000000E-003       0.0000000000E+000       9.9995531381E-001       0.0000000000E+000       2.7777777778E-003       1.4104525575E-001
       7.5000000000E+000       1.9749665707E+000       1.2640456175E+000       4.1516902044E+001      -1.3910361204E+016       5.7453283461E-005       1.0000574533E+000       1.7104432334E+002       1.2781583086E+004       6.6666666667E-002       1.0000000000E-003       1.0000000000E-003       0.0000000000E+000       9.9994255002E-001       0.0000000000E+000       2.7777777778E-003       1.1380280352E-001
       7.5000000000E+000       1.9790260521E+000       1.0143293242E+000       3.9891372474E+001      -1.3910361204E+016       7.4200044654E-005       1.0000742000E+000       1.6906247604E+002       1.4209364933E+004       6.6666666667E-002       1.0000000000E-003       1.0000000000E-003       0.0000000000E+000       9.9992580546E-001       0.0000000000E+000       2.7777777778E-003       8.8797132415E-002
       7.5000000000E+000       1.9827289410E+000       7.2037622047E-001       4.0458650391E+001      -1.3910361204E+016       9.6602726662E-005       1.0000966027E+000       1.6627401918E+002       1.5939202298E+004       6.6666666667E-002       1.0000000000E-003       1.0000000000E-003       0.0000000000E+000       9.9990340660E-001       0.0000000000E+000       2.7777777778E-003       6.6383147278E-002
       7.5000000000E+000       1.9861053825E+000       8.5677321217E-001       3.7912303893E+001      -1.3910361204E+016       1.2757097931E-004       1.0001275710E+000       1.6228440293E+002       1.8151855982E+004       6.6666666667E-002       1.0000000000E-003       1.0000000000E-003       0.0000000000E+000       9.9987244529E-001       0.0000000000E+000       2.7777777778E-003       4.7361089257E-002
       7.5000000000E+000       1.9891831767E+000       3.9018630857E-001       3.7588287124E+001      -1.3910361204E+016       1.7239367345E-004       1.0001723937E+000       1.5730845697E+002       2.1333287981E+004       6.6666666667E-002       1.0000000000E-003       1.0000000000E-003       0.0000000000E+000       9.9982763604E-001       0.0000000000E+000       2.7777777778E-003       3.1137013807E-002
       7.5000000000E+000       1.9919879254E+000       9.5112846716E-001       3.5373162377E+001      -1.3910361204E+016       2.4247858512E-004       1.0002424786E+000       1.4251664343E+002       2.4884087702E+004       6.6666666667E-002       1.0000000000E-003       1.0000000000E-003       0.0000000000E+000       9.9975758020E-001       0.0000000000E+000       2.7777777778E-003       1.7244794013E-002
       7.5000000000E+000       1.9945431761E+000       1.2145778624E+000       2.7421192555E+001      -1.3910361204E+016       3.7432659481E-004       1.0003743266E+000       1.2197047046E+002       3.1996495647E+004       6.6666666667E-002       1.0000000000E-003       1.0000000000E-003       0.0000000000E+000       9.9962581347E-001       0.0000000000E+000       2.7777777778E-003       7.4201991700E-003
       7.5000000000E+000       1.9968705625E+000      -1.1903868108E-001       2.2384908884E+001      -1.3910361204E+016       7.0113975290E-004       1.0007011398E+000       8.2101207523E+001       4.4925250189E+004       6.6666666667E-002       1.0000000000E-003       1.0000000000E-003       0.0000000000E+000       9.9929935150E-001       0.0000000000E+000       2.7777777778E-003       1.6112317930E-003
       7.5000000000E+000       1.9989899392E+000      -4.4393004123E-001       9.6229334810E+000      -1.3910361204E+016       1.7410061596E-003       1.0017410062E+000       1.0424622376E+001       4.5804754371E+004       6.6666666667E-002       1.0000000000E-003       1.0000000000E-003       0.0000000000E+000       9.9826201967E-001       0.0000000000E+000       2.7777777778E-003       2.7074075096E-005
       7.5000000000E+000       2.0010100608E+000       4.4393004123E-001      -9.6229334810E+000      -1.3910361204E+016       3.7611277316E-003       1.0037611277E+000      -1.0424622376E+001       6.7929929770E+004       0.0000000000E+000       0.0000000000E+000       0.0000000000E+000       0.0000000000E+000       9.9625296534E-001       0.0000000000E+000       2.7777777778E-003      -2.7074075096E-005
       8.4375000000E+000      -1.0100607860E-003      -1.6587721880E+000      -9.8568808879E+000      -1.3910361204E+016       3.3268948510E-003       1.0033268949E+000      -3.0005715950E+001       2.1689970614E+005       0.0000000000E+000       0.0000000000E+000       0.0000000000E+000       0.0000000000E+000       9.9668413668E-001       0.0000000000E+000       2.7777777778E-003       5.9954698061E-005
       8.4375000000E+000       1.0100607860E-003      -8.2938609399E-001       9.8568808879E+000      -1.3910361204E+016       1.3067732789E-003       1.0013067733E+000       3.0005715950E+001       1.1041564449E+005       6.6666666667E-002       1.0000000000E-003       1.0000000000E-003       1.9225426489E+000       9.9869493215E-001       2.6613626762E+003       2.7777777778E-003       5.9954698061E-005
       8.4375000000E+000       3.1294375279E-003       8.2938609399E-001       2.4815844539E+001      -1.3910361204E+016       5.8014358116E-004       1.0005801436E+000       1.8550890162E+002       7.7507454930E+004       6.6666666667E-002       1.0000000000E-003       1.0000000000E-003       5.9595841096E+000       9.9942019279E-001       5.5951230113E+003       2.7777777778E-003       3.9901821721E-003
       8.4375000000E+000       5.4568238521E-003       1.8838410425E+000       2.8326933703E+001      -1.3910361204E+016       3.1013453849E-004       1.0003101345E+000       2.6400099201E+002       5.7409500336E+004       6.6666666667E-002       1.0000000000E-003       1.0000000000E-003       1.0393230236E+001       9.9968996162E-001       7.4887816142E+003       2.7777777778E-003       1.7436028122E-002
       8.4375000000E+000       8.0120745591E-003       1.8851706962E+000       2.9988831495E+001      -1.3910361204E+016       1.9632436944E-004       1.0001963244E+000       2.8730913297E+002       4.2554857023E+004       6.6666666667E-002       1.0000000000E-003       1.0000000000E-003       1.5260921666E+001       9.9980371417E-001       9.1318047370E+003       2.7777777778E-003       3.8575436727E-002
       8.4375000000E+000       1.0816823264E-002       2.0641242711E+000       3.2149002322E+001      -1.3910361204E+016       1.3567222216E-004       1.0001356722E+000       3.0079295589E+002       3.3760777046E+004       6.6666666667E-002       1.0000000000E-003       1.0000000000E-003       2.0603866704E+001       9.9986434618E-001       9.9565536063E+003       2.7777777778E-003       6.8283788341E-002
       8.4375000000E+000       1.3894617523E-002       3.3852671940E+000       3.3718104274E+001      -1.3910361204E+016       9.8708689285E-005       1.0000987087E+000       3.0833733309E+002       2.7777827338E+004       6.6666666667E-002       1.0000000000E-003       1.0000000000E-003       2.6466932947E+001       9.9990130105E-001       1.0510290966E+004       2.7777777778E-003       1.0631287423E-001
       8.4375000000E+000       1.7271059037E-002       2.9018529759E+000       3.4002066011E+001      -1.3910361204E+016       7.4570840026E-005       1.0000745708E+000       3.1223912924E+002       2.3420402457E+004       6.6666666667E-002       1.0000000000E-003       1.0000000000E-003       3.2898888734E+001       9.9992543472E-001       1.1128345261E+004       2.7777777778E-003       1.5322284189E-001
       8.4375000000E+000       2.0973947879E-002       2.4914214788E+000       3.5064149715E+001      -1.3910361204E+016       5.8032786127E-005       1.0000580328E+000       3.1086937746E+002       1.9817966486E+004       6.6666666667E-002       1.0000000000E-003       1.0000000000E-003       3.9952690641E+001       9.9994197058E-001       1.1217456226E+004       2.7777777778E-003       2.0669647315E-001
       8.4375000000E+000       2.5033429320E-002       3.3642162647E+000       3.6230338860E+001      -1.3910361204E+016       4.6269954928E-005       1.0000462700E+000       3.0933786599E+002       1.7030291365E+004       6.6666666667E-002       1.0000000000E-003       1.0000000000E-003       4.7685763901E+001       9.9995373219E-001       1.1416172604E+004       2.7777777778E-003       2.6910828195E-001
       8.4375000000E+000       2.9482141392E-002       3.9564715188E+000       3.6727541994E+001      -1.3910361204E+016       3.7657467662E-005       1.0000376575E+000       3.0406374067E+002       1.4571759989E+004       6.6666666667E-002       1.0000000000E-003       1.0000000000E-003       5.6160282927E+001       9.9996234395E-001       1.1688859216E+004       2.7777777778E-003       3.3781489978E-001
       8.4375000000E+000       3.4355360827E-002       4.6816270242E+000       3.7125446527E+001      -1.3910361204E+016       3.1205145279E-005       1.0000312051E+000       2.9765864645E+002       1.2504790785E+004       6.6666666667E-002       1.0000000000E-003       1.0000000000E-003       6.5443448303E+001       9.9996879583E-001       1.2036409085E+004       2.7777777778E-003       4.1412846889E-001
       8.4375000000E+000       3.9691144380E-002       4.6659795645E+000       3.7651008394E+001      -1.3910361204E+016       2.6263437692E-005       1.0000262634E+000       2.9062682691E+002       1.0759859851E+004       6.6666666667E-002       1.0000000000E-003       1.0000000000E-003       7.5607756665E+001       9.9997373725E-001       1.2357648545E+004       2.7777777778E-003       4.9702757684E-001
       8.4375000000E+000       4.5530461881E-002       4.4510862747E+000       3.8026827529E+001      -1.3910361204E+016       2.2408733471E-005       1.0000224087E+000       2.8206539669E+002       9.2302215509E+003       6.6666666667E-002       1.0000000000E-003       1.0000000000E-003       8.6731253465E+001       9.9997759177E-001       1.2550689811E+004       2.7777777778E-003       5.8566719360E-001
       8.4375000000E+000       5.1917316536E-002       4.2337044079E+000       3.8389017010E+001      -1.3910361204E+016       1.9350643944E-005       1.0000193506E+000       2.7389634037E+002       7.9569200343E+003       6.6666666667E-002       1.0000000000E-003       1.0000000000E-003       9.8897762655E+001       9.9998064973E-001       1.2755515403E+004       2.7777777778E-003       6.8067373414E-001
       8.4375000000E+000       5.8898847137E-002       4.4108311224E+000       3.8761244001E+001      -1.3910361204E+016       1.6882225571E-005       1.0000168822E+000       2.6518503680E+002       6.8603845207E+003       6.6666666667E-002       1.0000000000E-003       1.0000000000E-003       1.1219708126E+002       9.9998311806E-001       1.2940669109E+004       2.7777777778E-003       7.7939046561E-001
       8.4375000000E+000       6.6525405813E-002       4.7688299897E+000       3.9103165929E+001      -1.3910361204E+016       1.4856950113E-005       1.0000148570E+000       2.5699511896E+002       5.9456197708E+003       6.6666666667E-002       1.0000000000E-003       1.0000000000E-003       1.2672512741E+002       9.9998514327E-001       1.3157212865E+004       2.7777777778E-003       8.8257276256E-001
       8.4375000000E+000       7.4850603903E-002       5.0300569850E+000       3.9414123890E+001      -1.3910361204E+016       1.3169705922E-005       1.0000131697E+000       2.4886904103E+002       5.1699313683E+003       6.6666666667E-002       1.0000000000E-003       1.0000000000E-003       1.4258402776E+002       9.9998683047E-001       1.3302202300E+004       2.7777777778E-003       9.8775783399E-001
       8.4375000000E+000       8.3931317363E-002       4.8236806352E+000       3.9669845201E+001      -1.3910361204E+016       1.1687398245E-005       1.0000116874E+000       2.4062955901E+002       4.4886696906E+003       6.6666666667E-002       1.0000000000E-003       1.0000000000E-003       1.5988213218E+002       9.9998831274E-001       1.3479525305E+004       2.7777777778E-003       1.0000000000E+000
       8.4375000000E+000       9.3827641929E-002       4.6768516831E+000       4.0152430768E+001      -1.3910361204E+016       1.0312515065E-005       1.0000103125E+000       2.3171575064E+002       3.8561943268E+003       6.6666666667E-002       1.0000000000E-003       1.0000000000E-003       1.7873392466E+002       9.9998968759E-001       1.3614406180E+004       2.7777777778E-003       1.0000000000E+000
       8.4375000000E+000       1.0460278706E-001       4.4713324259E+000       4.0501275571E+001      -1.3910361204E+016       9.0281794326E-006       1.0000090282E+000       2.2292393010E+002       3.2830552369E+003       6.6666666667E-002       1.0000000000E-003       1.0000000000E-003       1.9925981596E+002       9.9999097190E-001       1.3783161960E+004       2.7777777778E-003       1.0000000000E+000
       8.4375000000E+000       1.1632289650E-001       4.3023689983E+000       4.0982149159E+001      -1.3910361204E+016       7.8374754401E-006       1.0000078375E+000       2.1417704508E+002       2.7651803925E+003       6.6666666667E-002       1.0000000000E-003       1.0000000000E-003       2.2158580472E+002       9.9999216259E-001       1.3900296725E+004       2.7777777778E-003       1.0000000000E+000
       8.4375000000E+000       1.2905678245E-001       4.5990965346E+000       4.1483855320E+001      -1.3910361204E+016       6.7433318212E-006       1.0000067433E+000       2.0614688409E+002       2.3106675411E+003       6.6666666667E-002       1.0000000000E-003       1.0000000000E-003       2.4584297237E+002       9.9999325671E-001       1.4069286667E+004       2.7777777778E-003       1.0000000000E+000
       8.4375000000E+000       1.4287555919E-001       4.7759537134E+000       4.1876393178E+001      -1.3910361204E+016       5.7487258262E-006       1.0000057487E+000       1.9856922692E+002       1.9113680518E+003       6.6666666667E-002       1.0000000000E-003       1.0000000000E-003       2.7216678538E+002       9.9999425131E-001       1.4224390352E+004       2.7777777778E-003       1.0000000000E+000
       8.4375000000E+000       1.5785216215E-001       4.4350644892E+000       4.2374477326E+001      -1.3910361204E+016       4.8540549218E-006       1.0000048541E+000       1.9245178708E+002       1.5749654506E+003       6.6666666667E-002       1.0000000000E-003       1.0000000000E-003       3.0069617917E+002       9.9999514597E-001       1.4488693680E+004       2.7777777778E-003       1.0000000000E+000
       8.4375000000E+000       1.7406073782E-001       4.2502530743E+000       4.2978619731E+001      -1.3910361204E+016       4.0578586463E-006       1.0000040579E+000       1.8659588776E+002       1.2820683794E+003       6.6666666667E-002       1.0000000000E-003       1.0000000000E-003       3.3157239608E+002       9.9999594216E-001       1.4660301102E+004       2.7777777778E-003       1.0000000000E+000
       8.4375000000E+000       1.9157589134E-001       4.2812835910E+000       4.3556985401E+001      -1.3910361204E+016       3.3584458190E-006       1.0000033584E+000       1.8176957374E+002       1.0362179639E+003       6.6666666667E-002       1.0000000000E-003       1.0000000000E-003       3.6493755180E+002       9.9999664157E-001       1.4858345925E+004       2.7777777778E-003       1.0000000000E+000
       8.4375000000E+000       2.1047177964E-001       4.0306300139E+000       4.4227910851E+001      -1.3910361204E+016       2.7519370180E-006       1.0000027519E+000       1.7759947267E+002       8.2973253510E+002       6.6666666667E-002       1.0000000000E-003       1.0000000000E-003       4.0093290819E+002       9.9999724807E-001       1.5022452975E+004       2.7777777778E-003       1.0000000000E+000
       8.4375000000E+000       2.3082104100E-001       4.0992842884E+000       4.4827528330E+001      -1.3910361204E+016       2.2327580686E-006       1.0000022328E+000       1.7434266338E+002       6.5974696949E+002       6.6666666667E-002       1.0000000000E-003       1.0000000000E-003       4.3969683438E+002       9.9999776725E-001       1.5202897895E+004       2.7777777778E-003       1.0000000000E+000
       8.4375000000E+000       2.5269355587E-001       4.2093729860E+000       4.5602778013E+001      -1.3910361204E+016       1.7936856146E-006       1.0000017937E+000       1.7189349816E+002       5.2132988411E+002       6.6666666667E-002       1.0000000000E-003       1.0000000000E-003       4.8136244627E+002       9.9999820632E-001       1.5410702811E+004       2.7777777778E-003       1.0000000000E+000
       8.4375000000E+000       2.7615503885E-001       4.3244945645E+000       4.6224444961E+001      -1.3910361204E+016       1.4270313987E-006       1.0000014270E+000       1.6976595973E+002       4.0851268492E+002       6.6666666667E-002       1.0000000000E-003       1.0000000000E-003       5.2605492420E+002       9.9999857297E-001       1.5659632103E+004       2.7777777778E-003       1.0000000000E+000
       8.4375000000E+000       3.0126546880E-001       4.3947348601E+000       4.6904572388E+001      -1.3910361204E+016       1.1246429364E-006       1.0000011246E+000       1.6801339564E+002       3.1804281132E+002       6.6666666667E-002       1.0000000000E-003       1.0000000000E-003       5.7388852269E+002       9.9999887536E-001       1.5961631608E+004       2.7777777778E-003       1.0000000000E+000
       8.4375000000E+000       3.2807737251E-001       4.3112685254E+000       4.7502658984E+001      -1.3910361204E+016       8.7826450485E-007       1.0000008783E+000       1.6607597491E+002       2.4529047873E+002       6.6666666667E-002       1.0000000000E-003       1.0000000000E-003       6.2496330079E+002       9.9999912174E-001       1.6207368636E+004       2.7777777778E-003       1.0000000000E+000
       8.4375000000E+000       3.5663398698E-001       4.3199651259E+000       4.8200024850E+001      -1.3910361204E+016       6.7998846090E-007       1.0000006800E+000       1.6387735509E+002       1.8759565902E+002       6.6666666667E-002       1.0000000000E-003       1.0000000000E-003       6.7936162140E+002       9.9999932001E-001       1.6429236375E+004       2.7777777778E-003       1.0000000000E+000
       8.4375000000E+000       3.8696733669E-001       4.1361606255E+000       4.8917086470E+001      -1.3910361204E+016       5.2229314473E-007       1.0000005223E+000       1.6113149641E+002       1.4214438184E+002       6.6666666667E-002       1.0000000000E-003       1.0000000000E-003       7.3714448865E+002       9.9999947771E-001       1.6642384342E+004       2.7777777778E-003       1.0000000000E+000
       8.4375000000E+000       4.1909627393E-001       4.1335568446E+000       4.9619666001E+001      -1.3910361204E+016       3.9831861930E-007       1.0000003983E+000       1.5767533225E+002       1.0676086815E+002       6.6666666667E-002       1.0000000000E-003       1.0000000000E-003       7.9834781480E+002       9.9999960168E-001       1.6848122289E+004       2.7777777778E-003       1.0000000000E+000
       8.4375000000E+000       4.5302454235E-001       4.3988893824E+000       5.0328784284E+001      -1.3910361204E+016       3.0177624475E-007       1.0000003018E+000       1.5366087613E+002       7.9778394985E+001       6.6666666667E-002       1.0000000000E-003       1.0000000000E-003       8.6297873148E+002       9.9999969822E-001       1.7052415220E+004       2.7777777778E-003       1.0000000000E+000
       8.4375000000E+000       4.8873893491E-001       4.5068785195E+000       5.0852414784E+001      -1.3910361204E+016       2.2721186902E-007       1.0000002272E+000       1.4846610822E+002       5.9169607635E+001       6.6666666667E-002       1.0000000000E-003       1.0000000000E-003       9.3101208064E+002       9.9999977279E-001       1.7301547921E+004       2.7777777778E-003       1.0000000000E+000
       8.4375000000E+000       5.2620762723E-001       4.4642900163E+000       5.1462956417E+001      -1.3910361204E+016       1.6997140798E-007       1.0000001700E+000       1.4247429049E+002       4.3840927821E+001       6.6666666667E-002       1.0000000000E-003       1.0000000000E-003       1.0023872396E+003       9.9999983003E-001       1.7505940994E+004       2.7777777778E-003       1.0000000000E+000
       8.4375000000E+000       5.6537877348E-001       4.3999291626E+000       5.2052159637E+001      -1.3910361204E+016       1.2608682566E-007       1.0000001261E+000       1.3550788089E+002       3.2772182178E+001       6.6666666667E-002       1.0000000000E-003       1.0000000000E-003       1.0770054464E+003       9.9999987391E-001       1.7734871430E+004       2.7777777778E-003       1.0000000000E+000
       8.4375000000E+000       6.0617945461E-001       4.4753184064E+000       5.2547311984E+001      -1.3910361204E+016       9.2806206885E-008       1.0000000928E+000       1.2772033386E+002       2.5164905349E+001       6.6666666667E-002       1.0000000000E-003       1.0000000000E-003       1.1547277959E+003       9.9999990719E-001       1.7906394382E+004       2.7777777778E-003       1.0000000000E+000
       8.4375000000E+000       6.4851506570E-001       4.4664465288E+000       5.3037838942E+001      -1.3910361204E+016       6.7878117594E-008       1.0000000679E+000       1.1925785957E+002       2.0306001066E+001       6.6666666667E-002       1.0000000000E-003       1.0000000000E-003       1.2353740729E+003       9.9999993212E-001       1.8039831960E+004       2.7777777778E-003       1.0000000000E+000
       8.4375000000E+000       6.9226922041E-001       4.4693274049E+000       5.3316452941E+001      -1.3910361204E+016       4.9452450781E-008       1.0000000495E+000       1.1046019662E+002       1.7644510917E+001       6.6666666667E-002       1.0000000000E-003       1.0000000000E-003       1.3187225701E+003       9.9999995055E-001       1.8171519859E+004       2.7777777778E-003       1.0000000000E+000
       8.4375000000E+000       7.3730423491E-001       4.4055702371E+000       5.3581914892E+001      -1.3910361204E+016       3.5862373420E-008       1.0000000359E+000       1.0151682019E+002       1.6680471417E+001       6.6666666667E-002       1.0000000000E-003       1.0000000000E-003       1.4045110104E+003       9.9999996414E-001       1.8281397545E+004       2.7777777778E-003       1.0000000000E+000
       8.4375000000E+000       7.8346223196E-001       4.3107886338E+000       5.3758675408E+001      -1.3910361204E+016       2.5872804995E-008       1.0000000259E+000       9.2628431461E+001       1.6939832335E+001       6.6666666667E-002       1.0000000000E-003       1.0000000000E-003       1.4924386493E+003       9.9999997413E-001       1.8337470735E+004       2.7777777778E-003       1.0000000000E+000
       8.4375000000E+000       8.3056687844E-001       4.3890990263E+000       5.3948529309E+001      -1.3910361204E+016       1.8570053688E-008       1.0000000186E+000       8.4250915748E+001       1.8055543804E+001       6.6666666667E-002       1.0000000000E-003       1.0000000000E-003       1.5821695854E+003       9.9999998143E-001       1.8341080578E+004       2.7777777778E-003       1.0000000000E+000
       8.4375000000E+000       8.7842573817E-001       4.5016151709E+000       5.3981899818E+001      -1.3910361204E+016       1.3278255327E-008       1.0000000133E+000       7.6579307972E+001       1.9697893595E+001       6.6666666667E-002       1.0000000000E-003       1.0000000000E-003       1.6733372419E+003       9.9999998672E-001       1.8383956437E+004       2.7777777778E-003       1.0000000000E+000
       8.4375000000E+000       9.2683318857E-001       4.5081160967E+000       5.3961257754E+001      -1.3910361204E+016       9.5078368969E-009       1.0000000095E+000       6.9790742488E+001       2.1520205928E+001       6.6666666667E-002       1.0000000000E-003       1.0000000000E-003       1.7655499230E+003       9.9999999049E-001       1.8407764372E+004       2.7777777778E-003       1.0000000000E+000
       8.4375000000E+000       9.7557381694E-001       4.4889601838E+000       5.3921453422E+001      -1.3910361204E+016       6.9062594693E-009       1.0000000069E+000       6.4094050784E+001       2.3250154947E+001       6.6666666667E-002       1.0000000000E-003       1.0000000000E-003       1.8583972832E+003       9.9999999309E-001       1.8379743750E+004       2.7777777778E-003       1.0000000000E+000
       8.4375000000E+000       1.0244261831E+000       4.4708065456E+000       5.3785186344E+001      -1.3910361204E+016       5.2214663173E-009       1.0000000052E+000       5.9615536989E+001       2.4662024044E+001       6.6666666667E-002       1.0000000000E-003       1.0000000000E-003       1.8583972848E+003       9.9999999478E-001       1.8347526157E+004       2.7777777778E-003       1.0000000000E+000
       8.4375000000E+000       1.0731668114E+000       4.4565735857E+000       5.3475448275E+001      -1.3910361204E+016       4.2805476351E-009       1.0000000043E+000       5.6319289414E+001       2.5475794707E+001       6.6666666667E-002       1.0000000000E-003       1.0000000000E-003       1.7655499276E+003       9.9999999572E-001       1.8236668669E+004       2.7777777778E-003       1.0000000000E+000
       8.4375000000E+000       1.1215742618E+000       4.4542557710E+000       5.3264741647E+001      -1.3910361204E+016       3.9898277203E-009       1.0000000040E+000       5.4502866969E+001       2.5695423358E+001       6.6666666667E-002       1.0000000000E-003       1.0000000000E-003       1.6733372497E+003       9.9999999601E-001       1.8193891216E+004       2.7777777778E-003       1.0000000000E+000
       8.4375000000E+000       1.1694331216E+000       4.3784264028E+000       5.2870687523E+001      -1.3910361204E+016       4.3286151478E-009       1.0000000043E+000       5.4006256229E+001       2.5227423161E+001       6.6666666667E-002       1.0000000000E-003       1.0000000000E-003       1.5821695966E+003       9.9999999567E-001       1.8057265281E+004       2.7777777778E-003       1.0000000000E+000
       8.4375000000E+000       1.2165377680E+000       4.3719885641E+000       5.2454620859E+001      -1.3910361204E+016       5.3655484735E-009       1.0000000054E+000       5.4627384878E+001       2.4121610830E+001       6.6666666667E-002       1.0000000000E-003       1.0000000000E-003       1.4924386645E+003       9.9999999463E-001       1.7897204133E+004       2.7777777778E-003       1.0000000000E+000
       8.4375000000E+000       1.2626957651E+000       4.3453596915E+000       5.2101638395E+001      -1.3910361204E+016       7.2483848566E-009       1.0000000072E+000       5.6254938353E+001       2.2749451138E+001       6.6666666667E-002       1.0000000000E-003       1.0000000000E-003       1.4045110304E+003       9.9999999275E-001       1.7769000474E+004       2.7777777778E-003       1.0000000000E+000
       8.4375000000E+000       1.3077307796E+000       4.3424222414E+000       5.1748264687E+001      -1.3910361204E+016       1.0207527990E-008       1.0000000102E+000       5.8668999763E+001       2.1620981868E+001       6.6666666667E-002       1.0000000000E-003       1.0000000000E-003       1.3187225959E+003       9.9999998979E-001       1.7629566832E+004       2.7777777778E-003       1.0000000000E+000
       8.4375000000E+000       1.3514849343E+000       4.4299413725E+000       5.1261518625E+001      -1.3910361204E+016       1.4560806962E-008       1.0000000146E+000       6.1626509336E+001       2.1283667477E+001       6.6666666667E-002       1.0000000000E-003       1.0000000000E-003       1.2353741057E+003       9.9999998544E-001       1.7502380682E+004       2.7777777778E-003       1.0000000000E+000
       8.4375000000E+000       1.3938205454E+000       4.4122442419E+000       5.0877327638E+001      -1.3910361204E+016       2.0720594798E-008       1.0000000207E+000       6.5060957159E+001       2.2428990930E+001       6.6666666667E-002       1.0000000000E-003       1.0000000000E-003       1.1547278374E+003       9.9999997928E-001       1.7382193551E+004       2.7777777778E-003       1.0000000000E+000
       8.4375000000E+000       1.4346212265E+000       4.3879809150E+000       5.0426817415E+001      -1.3910361204E+016       2.9220438136E-008       1.0000000292E+000       6.8674512023E+001       2.5781822691E+001       6.6666666667E-002       1.0000000000E-003       1.0000000000E-003       1.0770054984E+003       9.9999997078E-001       1.7234687804E+004       2.7777777778E-003       1.0000000000E+000
       8.4375000000E+000       1.4737923728E+000       4.3087788419E+000       5.0161286454E+001      -1.3910361204E+016       4.0728280908E-008       1.0000000407E+000       7.2495997414E+001       3.2248584964E+001       6.6666666667E-002       1.0000000000E-003       1.0000000000E-003       1.0023873042E+003       9.9999995927E-001       1.7140059456E+004       2.7777777778E-003       1.0000000000E+000
       8.4375000000E+000       1.5112610651E+000       4.2137933752E+000       4.9759683473E+001      -1.3910361204E+016       5.6049224829E-008       1.0000000560E+000       7.6203859863E+001       4.2640339057E+001       6.6666666667E-002       1.0000000000E-003       1.0000000000E-003       9.3101216011E+002       9.9999994395E-001       1.7017063560E+004       2.7777777778E-003       1.0000000000E+000
       8.4375000000E+000       1.5469754577E+000       4.2326318829E+000       4.9327591018E+001      -1.3910361204E+016       7.6130528425E-008       1.0000000761E+000       7.9858723462E+001       5.8111174294E+001       6.6666666667E-002       1.0000000000E-003       1.0000000000E-003       8.6297882860E+002       9.9999992387E-001       1.6843868828E+004       2.7777777778E-003       1.0000000000E+000
       8.4375000000E+000       1.5809037261E+000       4.1847567133E+000       4.9015997087E+001      -1.3910361204E+016       1.0206974935E-007       1.0000001021E+000       8.3224108378E+001       7.9646107711E+001       6.6666666667E-002       1.0000000000E-003       1.0000000000E-003       7.9834793277E+002       9.9999989793E-001       1.6749944294E+004       2.7777777778E-003       1.0000000000E+000
       8.4375000000E+000       1.6130326633E+000       4.1491900340E+000       4.8787330410E+001      -1.3910361204E+016       1.3513661046E-007       1.0000001351E+000       8.6479850943E+001       1.0900836852E+002       6.6666666667E-002       1.0000000000E-003       1.0000000000E-003       7.3714463101E+002       9.9999986486E-001       1.6647640985E+004       2.7777777778E-003       1.0000000000E+000
       8.4375000000E+000       1.6433660130E+000       4.1746115353E+000       4.8588897573E+001      -1.3910361204E+016       1.7678598382E-007       1.0000001768E+000       8.9443480430E+001       1.4770826357E+002       6.6666666667E-002       1.0000000000E-003       1.0000000000E-003       6.7936179197E+002       9.9999982321E-001       1.6573990463E+004       2.7777777778E-003       1.0000000000E+000
       8.4375000000E+000       1.6719226275E+000       4.1985735692E+000       4.8322796435E+001      -1.3910361204E+016       2.2866341217E-007       1.0000002287E+000       9.2233224957E+001       1.9758469257E+002       6.6666666667E-002       1.0000000000E-003       1.0000000000E-003       6.2496350340E+002       9.9999977134E-001       1.6487600680E+004       2.7777777778E-003       1.0000000000E+000
       8.4375000000E+000       1.6987345312E+000       4.2101737346E+000       4.8070926309E+001      -1.3910361204E+016       2.9266622686E-007       1.0000002927E+000       9.4825654553E+001       2.6045018769E+002       6.6666666667E-002       1.0000000000E-003       1.0000000000E-003       5.7388876103E+002       9.9999970733E-001       1.6454100925E+004       2.7777777778E-003       1.0000000000E+000
       8.4375000000E+000       1.7238449611E+000       4.1224785691E+000       4.7861962800E+001      -1.3910361204E+016       3.7096746739E-007       1.0000003710E+000       9.7193147872E+001       3.3803425451E+002       6.6666666667E-002       1.0000000000E-003       1.0000000000E-003       5.2605520155E+002       9.9999962903E-001       1.6404446052E+004       2.7777777778E-003       1.0000000000E+000
