      0.156250E+02      0.171113E+01      0.146982E-01      0.858980E-02      0.110321E+01      0.100767E+01      0.100000E+01      0.105928E+01
      0.162500E+02      0.171113E+01      0.153499E-01      0.897064E-02      0.110412E+01      0.100797E+01      0.100000E+01      0.106218E+01
      0.168750E+02      0.171113E+01      0.160014E-01      0.935138E-02      0.110496E+01      0.100826E+01      0.100000E+01      0.106512E+01
      0.175000E+02      0.171113E+01      0.166527E-01      0.973200E-02      0.110573E+01      0.100855E+01      0.100000E+01      0.106807E+01
      0.181250E+02      0.171113E+01      0.173038E-01      0.101125E-01      0.110644E+01      0.100884E+01      0.100000E+01      0.107105E+01
      0.187500E+02      0.171113E+01      0.179545E-01      0.104928E-01      0.110710E+01      0.100912E+01      0.100000E+01      0.107406E+01
      0.193750E+02      0.171113E+01      0.186050E-01      0.108729E-01      0.110771E+01      0.100939E+01      0.100000E+01      0.107709E+01
      0.200000E+02      0.171113E+01      0.192552E-01      0.112529E-01      0.110826E+01      0.100967E+01      0.100000E+01      0.108015E+01
      0.206250E+02      0.171113E+01      0.199049E-01      0.116326E-01      0.110877E+01      0.100994E+01      0.100000E+01      0.108324E+01
      0.212500E+02      0.171113E+01      0.205543E-01      0.120121E-01      0.110924E+01      0.101020E+01      0.100000E+01      0.108635E+01
      0.218750E+02      0.171114E+01      0.212032E-01      0.123913E-01      0.110966E+01      0.101046E+01      0.100001E+01      0.108949E+01
      0.225000E+02      0.171114E+01      0.218516E-01      0.127702E-01      0.111005E+01      0.101072E+01      0.100001E+01      0.109265E+01
      0.231250E+02      0.171114E+01      0.224995E-01      0.131488E-01      0.111040E+01      0.101097E+01      0.100001E+01      0.109584E+01
      0.237500E+02      0.171114E+01      0.231469E-01      0.135271E-01      0.111072E+01      0.101122E+01      0.100001E+01      0.109905E+01
      0.243750E+02      0.171115E+01      0.237937E-01      0.139051E-01      0.111101E+01      0.101146E+01      0.100001E+01      0.110230E+01
      0.250000E+02      0.171115E+01      0.244399E-01      0.142827E-01      0.111128E+01      0.101170E+01      0.100001E+01      0.110556E+01
      0.256250E+02      0.171116E+01      0.250855E-01      0.146600E-01      0.111151E+01      0.101194E+01      0.100002E+01      0.110886E+01
      0.262500E+02      0.171116E+01      0.257305E-01      0.150369E-01      0.111173E+01      0.101217E+01      0.100002E+01      0.111218E+01
      0.268750E+02      0.171116E+01      0.263747E-01      0.154133E-01      0.111192E+01      0.101240E+01      0.100002E+01      0.111553E+01
      0.275000E+02      0.171117E+01      0.270183E-01      0.157894E-01      0.111209E+01      0.101263E+01      0.100002E+01      0.111890E+01
      0.281250E+02      0.171118E+01      0.276611E-01      0.161650E-01      0.111224E+01      0.101285E+01      0.100003E+01      0.112231E+01
      0.287500E+02      0.171118E+01      0.283031E-01      0.165401E-01      0.111238E+01      0.101306E+01      0.100003E+01      0.112574E+01
      0.293750E+02      0.171119E+01      0.289443E-01      0.169147E-01      0.111250E+01      0.101328E+01      0.100004E+01      0.112919E+01
      0.300000E+02      0.171120E+01      0.295847E-01      0.172889E-01      0.111260E+01      0.101349E+01      0.100004E+01      0.113267E+01
