      0.306250E+02      0.171121E+01      0.302242E-01      0.176625E-01      0.111270E+01      0.101369E+01      0.100000E+01      0.113613E+01
      0.312500E+02      0.171121E+01      0.308628E-01      0.180356E-01      0.111277E+01      0.101389E+01      0.100001E+01      0.113967E+01
      0.318750E+02      0.171122E+01      0.315005E-01      0.184082E-01      0.111284E+01      0.101409E+01      0.100001E+01      0.114323E+01
      0.325000E+02      0.171123E+01      0.321372E-01      0.187802E-01      0.111289E+01      0.101428E+01      0.100002E+01      0.114682E+01
      0.331250E+02      0.171124E+01      0.327729E-01      0.191515E-01      0.111294E+01      0.101447E+01      0.100002E+01      0.115043E+01
      0.337500E+02      0.171126E+01      0.334076E-01      0.195223E-01      0.111297E+01      0.101466E+01      0.100003E+01      0.115408E+01
      0.343750E+02      0.171127E+01      0.340411E-01      0.198924E-01      0.111300E+01      0.101484E+01      0.100004E+01      0.115774E+01
      0.350000E+02      0.171128E+01      0.346736E-01      0.202618E-01      0.111302E+01      0.101502E+01      0.100004E+01      0.116144E+01
      0.356250E+02      0.171129E+01      0.353049E-01      0.206305E-01      0.111303E+01      0.101519E+01      0.100005E+01      0.116516E+01
      0.362500E+02      0.171131E+01      0.359350E-01      0.209985E-01      0.111303E+01      0.101536E+01      0.100006E+01      0.116891E+01
      0.368750E+02      0.171132E+01      0.365638E-01      0.213658E-01      0.111302E+01      0.101553E+01      0.100007E+01      0.117268E+01
      0.375000E+02      0.171134E+01      0.371914E-01      0.217323E-01      0.111301E+01      0.101569E+01      0.100008E+01      0.117647E+01
      0.381250E+02      0.171136E+01      0.378176E-01      0.220980E-01      0.111300E+01      0.101585E+01      0.100009E+01      0.118030E+01
      0.387500E+02      0.171138E+01      0.384425E-01      0.224629E-01      0.111298E+01      0.101601E+01      0.100010E+01      0.118414E+01
      0.393750E+02      0.171140E+01      0.390659E-01      0.228269E-01      0.111295E+01      0.101616E+01      0.100011E+01      0.118802E+01
      0.400000E+02      0.171142E+01      0.396879E-01      0.231901E-01      0.111292E+01      0.101631E+01      0.100012E+01      0.119191E+01
      0.406250E+02      0.171144E+01      0.403084E-01      0.235523E-01      0.111288E+01      0.101646E+01      0.100014E+01      0.119583E+01
      0.412500E+02      0.171146E+01      0.409273E-01      0.239137E-01      0.111284E+01      0.101660E+01      0.100015E+01      0.119978E+01
      0.418750E+02      0.171148E+01      0.415445E-01      0.242740E-01      0.111279E+01      0.101674E+01      0.100016E+01      0.120374E+01
      0.425000E+02      0.171151E+01      0.421602E-01      0.246333E-01      0.111274E+01      0.101688E+01      0.100018E+01      0.120773E+01
      0.431250E+02      0.171154E+01      0.427740E-01      0.249916E-01      0.111269E+01      0.101701E+01      0.100019E+01      0.121174E+01
      0.437500E+02      0.171156E+01      0.433861E-01      0.253489E-01      0.111264E+01      0.101714E+01      0.100021E+01      0.121578E+01
      0.443750E+02      0.171159E+01      0.439964E-01      0.257050E-01      0.111258E+01      0.101727E+01      0.100023E+01      0.121983E+01
      0.450000E+02      0.171162E+01      0.446048E-01      0.260600E-01      0.111252E+01      0.101739E+01      0.100024E+01      0.122391E+01
