      0.312500E+00      0.171112E+01      0.247290E-10      0.144520E-10      0.100000E+01      0.100000E+01      0.100000E+01      0.100000E+01
      0.625000E+00      0.171135E+01      0.506797E-07      0.296139E-07      0.100000E+01      0.100000E+01      0.100013E+01      0.100014E+01
      0.937500E+00      0.171109E+01      0.140113E-03      0.818856E-04      0.101990E+01      0.100008E+01      0.999983E+00      0.100050E+01
      0.125000E+01      0.171115E+01      0.243718E-03      0.142429E-03      0.102166E+01      0.100014E+01      0.100002E+01      0.100091E+01
      0.156250E+01      0.171140E+01      0.280978E-03      0.164181E-03      0.102171E+01      0.100016E+01      0.100016E+01      0.100119E+01
      0.187500E+01      0.171163E+01      0.288344E-03      0.168462E-03      0.102171E+01      0.100017E+01      0.100030E+01      0.100136E+01
      0.218750E+01      0.171183E+01      0.289809E-03      0.169298E-03      0.102171E+01      0.100017E+01      0.100042E+01      0.100148E+01
      0.250000E+01      0.171203E+01      0.290605E-03      0.169743E-03      0.102171E+01      0.100017E+01      0.100053E+01      0.100160E+01
      0.281250E+01      0.171222E+01      0.291187E-03      0.170064E-03      0.102171E+01      0.100017E+01      0.100065E+01      0.100172E+01
      0.312500E+01      0.171242E+01      0.291640E-03      0.170309E-03      0.102171E+01      0.100017E+01      0.100076E+01      0.100183E+01
      0.343750E+01      0.171262E+01      0.292003E-03      0.170501E-03      0.102171E+01      0.100017E+01      0.100088E+01      0.100195E+01
      0.375000E+01      0.171281E+01      0.292303E-03      0.170657E-03      0.102171E+01      0.100017E+01      0.100099E+01      0.100206E+01
      0.406250E+01      0.171301E+01      0.292556E-03      0.170785E-03      0.102171E+01      0.100017E+01      0.100111E+01      0.100218E+01
      0.437500E+01      0.171321E+01      0.292774E-03      0.170893E-03      0.102171E+01      0.100017E+01      0.100122E+01      0.100230E+01
      0.468750E+01      0.171340E+01      0.292965E-03      0.170984E-03      0.102171E+01      0.100017E+01      0.100134E+01      0.100241E+01
      0.500000E+01      0.171360E+01      0.293134E-03      0.171063E-03      0.102171E+01      0.100017E+01      0.100145E+01      0.100253E+01
      0.531250E+01      0.171380E+01      0.293285E-03      0.171132E-03      0.102171E+01      0.100017E+01      0.100157E+01      0.100264E+01
      0.562500E+01      0.171399E+01      0.293421E-03      0.171192E-03      0.102171E+01      0.100017E+01      0.100168E+01      0.100276E+01
      0.593750E+01      0.171419E+01      0.293546E-03      0.171245E-03      0.102171E+01      0.100017E+01      0.100180E+01      0.100287E+01
      0.625000E+01      0.171439E+01      0.293660E-03      0.171292E-03      0.102171E+01      0.100017E+01      0.100191E+01      0.100299E+01
      0.656250E+01      0.171458E+01      0.293766E-03      0.171334E-03      0.102171E+01      0.100017E+01      0.100203E+01      0.100310E+01
      0.687500E+01      0.171478E+01      0.293864E-03      0.171372E-03      0.102171E+01      0.100017E+01      0.100214E+01      0.100322E+01
      0.718750E+01      0.171498E+01      0.293956E-03      0.171405E-03      0.102171E+01      0.100017E+01      0.100226E+01      0.100333E+01
      0.750000E+01      0.171517E+01      0.294042E-03      0.171436E-03      0.102171E+01      0.100017E+01      0.100237E+01      0.100345E+01
      0.781250E+01      0.171537E+01      0.294124E-03      0.171464E-03      0.102171E+01      0.100017E+01      0.100249E+01      0.100356E+01
      0.812500E+01      0.171556E+01      0.294200E-03      0.171489E-03      0.102171E+01      0.100017E+01      0.100260E+01      0.100368E+01
      0.843750E+01      0.171576E+01      0.294273E-03      0.171512E-03      0.102171E+01      0.100017E+01      0.100271E+01      0.100379E+01
      0.875000E+01      0.171596E+01      0.294343E-03      0.171533E-03      0.102171E+01      0.100017E+01      0.100283E+01      0.100391E+01
      0.906250E+01      0.171615E+01      0.294410E-03      0.171552E-03      0.102171E+01      0.100017E+01      0.100294E+01      0.100402E+01
      0.937500E+01      0.171635E+01      0.294473E-03      0.171569E-03      0.102171E+01      0.100017E+01      0.100306E+01      0.100414E+01
      0.968750E+01      0.171655E+01      0.294535E-03      0.171586E-03      0.102171E+01      0.100017E+01      0.100317E+01      0.100425E+01
      0.100000E+02      0.171674E+01      0.294594E-03      0.171600E-03      0.102171E+01      0.100017E+01      0.100329E+01      0.100437E+01
      0.103125E+02      0.171694E+01      0.294651E-03      0.171614E-03      0.102171E+01      0.100017E+01      0.100340E+01      0.100449E+01
      0.106250E+02      0.171714E+01      0.294707E-03      0.171627E-03      0.102171E+01      0.100017E+01      0.100352E+01      0.100460E+01
      0.109375E+02      0.171733E+01      0.294760E-03      0.171638E-03      0.102171E+01      0.100017E+01      0.100363E+01      0.100472E+01
      0.112500E+02      0.171753E+01      0.294813E-03      0.171649E-03      0.102171E+01      0.100017E+01      0.100375E+01      0.100483E+01
      0.115625E+02      0.171773E+01      0.294864E-03      0.171659E-03      0.102171E+01      0.100017E+01      0.100386E+01      0.100495E+01
      0.118750E+02      0.171792E+01      0.294913E-03      0.171668E-03      0.102171E+01      0.100017E+01      0.100398E+01      0.100506E+01
      0.121875E+02      0.171812E+01      0.294962E-03      0.171677E-03      0.102171E+01      0.100017E+01      0.100409E+01      0.100518E+01
      0.125000E+02      0.171832E+01      0.295009E-03      0.171685E-03      0.102171E+01      0.100017E+01      0.100421E+01      0.100529E+01
      0.128125E+02      0.171851E+01      0.295056E-03      0.171693E-03      0.102171E+01      0.100017E+01      0.100432E+01      0.100541E+01
      0.131250E+02      0.171871E+01      0.295102E-03      0.171700E-03      0.102171E+01      0.100017E+01      0.100444E+01      0.100552E+01
      0.134375E+02      0.171891E+01      0.295147E-03      0.171706E-03      0.102171E+01      0.100017E+01      0.100455E+01      0.100564E+01
      0.137500E+02      0.171910E+01      0.295191E-03      0.171712E-03      0.102171E+01      0.100017E+01      0.100467E+01      0.100575E+01
      0.140625E+02      0.171930E+01      0.295235E-03      0.171718E-03      0.102171E+01      0.100017E+01      0.100478E+01      0.100587E+01
      0.143750E+02      0.171950E+01      0.295278E-03      0.171723E-03      0.102171E+01      0.100017E+01      0.100490E+01      0.100598E+01
      0.146875E+02      0.171969E+01      0.295320E-03      0.171728E-03      0.102171E+01      0.100017E+01      0.100501E+01      0.100610E+01
      0.150000E+02      0.171989E+01      0.295362E-03      0.171733E-03      0.102171E+01      0.100017E+01      0.100513E+01      0.100621E+01
