      0.453125E+02      0.173894E+01      0.298945E-03      0.171913E-03      0.102171E+01      0.100017E+01      0.100000E+01      0.100108E+01
      0.456250E+02      0.173913E+01      0.298981E-03      0.171914E-03      0.102171E+01      0.100017E+01      0.100011E+01      0.100119E+01
      0.459375E+02      0.173933E+01      0.299018E-03      0.171916E-03      0.102171E+01      0.100017E+01      0.100023E+01      0.100131E+01
      0.462500E+02      0.173952E+01      0.299054E-03      0.171917E-03      0.102171E+01      0.100017E+01      0.100034E+01      0.100142E+01
      0.465625E+02      0.173972E+01      0.299090E-03      0.171919E-03      0.102171E+01      0.100017E+01      0.100045E+01      0.100153E+01
      0.468750E+02      0.173992E+01      0.299126E-03      0.171920E-03      0.102171E+01      0.100017E+01      0.100056E+01      0.100164E+01
      0.471875E+02      0.174011E+01      0.299163E-03      0.171922E-03      0.102171E+01      0.100017E+01      0.100068E+01      0.100176E+01
      0.475000E+02      0.174031E+01      0.299199E-03      0.171923E-03      0.102171E+01      0.100017E+01      0.100079E+01      0.100187E+01
      0.478125E+02      0.174050E+01      0.299235E-03      0.171924E-03      0.102171E+01      0.100017E+01      0.100090E+01      0.100198E+01
      0.481250E+02      0.174070E+01      0.299272E-03      0.171926E-03      0.102171E+01      0.100017E+01      0.100102E+01      0.100210E+01
      0.484375E+02      0.174090E+01      0.299308E-03      0.171927E-03      0.102171E+01      0.100017E+01      0.100113E+01      0.100221E+01
      0.487500E+02      0.174109E+01      0.299344E-03      0.171929E-03      0.102171E+01      0.100017E+01      0.100124E+01      0.100232E+01
      0.490625E+02      0.174129E+01      0.299381E-03      0.171930E-03      0.102171E+01      0.100017E+01      0.100135E+01      0.100243E+01
      0.493750E+02      0.174149E+01      0.299417E-03      0.171932E-03      0.102171E+01      0.100017E+01      0.100147E+01      0.100255E+01
      0.496875E+02      0.174168E+01      0.299453E-03      0.171933E-03      0.102171E+01      0.100017E+01      0.100158E+01      0.100266E+01
      0.500000E+02      0.174188E+01      0.299489E-03      0.171935E-03      0.102171E+01      0.100017E+01      0.100169E+01      0.100277E+01
      0.503125E+02      0.174207E+01      0.299526E-03      0.171936E-03      0.102171E+01      0.100017E+01      0.100180E+01      0.100289E+01
      0.506250E+02      0.174227E+01      0.299562E-03      0.171938E-03      0.102171E+01      0.100017E+01      0.100192E+01      0.100300E+01
      0.509375E+02      0.174247E+01      0.299598E-03      0.171939E-03      0.102171E+01      0.100017E+01      0.100203E+01      0.100311E+01
      0.512500E+02      0.174266E+01      0.299635E-03      0.171941E-03      0.102171E+01      0.100017E+01      0.100214E+01      0.100323E+01
      0.515625E+02      0.174286E+01      0.299671E-03      0.171942E-03      0.102171E+01      0.100017E+01      0.100226E+01      0.100334E+01
      0.518750E+02      0.174305E+01      0.299707E-03      0.171944E-03      0.102171E+01      0.100017E+01      0.100237E+01      0.100345E+01
      0.521875E+02      0.174325E+01      0.299743E-03      0.171945E-03      0.102171E+01      0.100017E+01      0.100248E+01      0.100356E+01
      0.525000E+02      0.174345E+01      0.299780E-03      0.171947E-03      0.102171E+01      0.100017E+01      0.100259E+01      0.100368E+01
      0.528125E+02      0.174364E+01      0.299816E-03      0.171948E-03      0.102171E+01      0.100017E+01      0.100271E+01      0.100379E+01
      0.531250E+02      0.174384E+01      0.299852E-03      0.171949E-03      0.102171E+01      0.100017E+01      0.100282E+01      0.100390E+01
      0.534375E+02      0.174404E+01      0.299888E-03      0.171951E-03      0.102171E+01      0.100017E+01      0.100293E+01      0.100402E+01
      0.537500E+02      0.174423E+01      0.299925E-03      0.171952E-03      0.102171E+01      0.100017E+01      0.100305E+01      0.100413E+01
      0.540625E+02      0.174443E+01      0.299961E-03      0.171954E-03      0.102171E+01      0.100017E+01      0.100316E+01      0.100424E+01
      0.543750E+02      0.174462E+01      0.299997E-03      0.171955E-03      0.102171E+01      0.100017E+01      0.100327E+01      0.100435E+01
      0.546875E+02      0.174482E+01      0.300034E-03      0.171957E-03      0.102171E+01      0.100017E+01      0.100338E+01      0.100447E+01
      0.550000E+02      0.174502E+01      0.300070E-03      0.171958E-03      0.102171E+01      0.100017E+01      0.100350E+01      0.100458E+01
      0.553125E+02      0.174521E+01      0.300106E-03      0.171960E-03      0.102171E+01      0.100017E+01      0.100361E+01      0.100469E+01
      0.556250E+02      0.174541E+01      0.300142E-03      0.171961E-03      0.102171E+01      0.100017E+01      0.100372E+01      0.100481E+01
      0.559375E+02      0.174560E+01      0.300179E-03      0.171963E-03      0.102171E+01      0.100017E+01      0.100383E+01      0.100492E+01
      0.562500E+02      0.174580E+01      0.300215E-03      0.171964E-03      0.102171E+01      0.100017E+01      0.100395E+01      0.100503E+01
      0.565625E+02      0.174600E+01      0.300251E-03      0.171966E-03      0.102171E+01      0.100017E+01      0.100406E+01      0.100514E+01
      0.568750E+02      0.174619E+01      0.300287E-03      0.171967E-03      0.102171E+01      0.100017E+01      0.100417E+01      0.100526E+01
      0.571875E+02      0.174639E+01      0.300324E-03      0.171968E-03      0.102171E+01      0.100017E+01      0.100429E+01      0.100537E+01
      0.575000E+02      0.174658E+01      0.300360E-03      0.171970E-03      0.102171E+01      0.100017E+01      0.100440E+01      0.100548E+01
      0.578125E+02      0.174678E+01      0.300396E-03      0.171971E-03      0.102171E+01      0.100017E+01      0.100451E+01      0.100560E+01
      0.581250E+02      0.174698E+01      0.300432E-03      0.171973E-03      0.102171E+01      0.100017E+01      0.100462E+01      0.100571E+01
      0.584375E+02      0.174717E+01      0.300469E-03      0.171974E-03      0.102171E+01      0.100017E+01      0.100474E+01      0.100582E+01
      0.587500E+02      0.174737E+01      0.300505E-03      0.171976E-03      0.102171E+01      0.100017E+01      0.100485E+01      0.100593E+01
      0.590625E+02      0.174756E+01      0.300541E-03      0.171977E-03      0.102171E+01      0.100017E+01      0.100496E+01      0.100605E+01
      0.593750E+02      0.174776E+01      0.300576E-03      0.171978E-03      0.102171E+01      0.100017E+01      0.100508E+01      0.100616E+01
      0.596875E+02      0.174796E+01      0.300609E-03      0.171977E-03      0.102171E+01      0.100017E+01      0.100519E+01      0.100627E+01
      0.600000E+02      0.174815E+01      0.300632E-03      0.171971E-03      0.102171E+01      0.100017E+01      0.100530E+01      0.100639E+01
