      0.303125E+02      0.172951E+01      0.297201E-03      0.171841E-03      0.102171E+01      0.100017E+01      0.100000E+01      0.100108E+01
      0.306250E+02      0.172971E+01      0.297238E-03      0.171842E-03      0.102171E+01      0.100017E+01      0.100011E+01      0.100119E+01
      0.309375E+02      0.172991E+01      0.297274E-03      0.171844E-03      0.102171E+01      0.100017E+01      0.100023E+01      0.100131E+01
      0.312500E+02      0.173010E+01      0.297310E-03      0.171845E-03      0.102171E+01      0.100017E+01      0.100034E+01      0.100142E+01
      0.315625E+02      0.173030E+01      0.297347E-03      0.171847E-03      0.102171E+01      0.100017E+01      0.100045E+01      0.100153E+01
      0.318750E+02      0.173050E+01      0.297383E-03      0.171848E-03      0.102171E+01      0.100017E+01      0.100057E+01      0.100165E+01
      0.321875E+02      0.173069E+01      0.297419E-03      0.171850E-03      0.102171E+01      0.100017E+01      0.100068E+01      0.100176E+01
      0.325000E+02      0.173089E+01      0.297456E-03      0.171851E-03      0.102171E+01      0.100017E+01      0.100079E+01      0.100187E+01
      0.328125E+02      0.173108E+01      0.297492E-03      0.171853E-03      0.102171E+01      0.100017E+01      0.100091E+01      0.100199E+01
      0.331250E+02      0.173128E+01      0.297528E-03      0.171854E-03      0.102171E+01      0.100017E+01      0.100102E+01      0.100210E+01
      0.334375E+02      0.173148E+01      0.297565E-03      0.171856E-03      0.102171E+01      0.100017E+01      0.100114E+01      0.100222E+01
      0.337500E+02      0.173167E+01      0.297601E-03      0.171857E-03      0.102171E+01      0.100017E+01      0.100125E+01      0.100233E+01
      0.340625E+02      0.173187E+01      0.297637E-03      0.171859E-03      0.102171E+01      0.100017E+01      0.100136E+01      0.100244E+01
      0.343750E+02      0.173207E+01      0.297674E-03      0.171861E-03      0.102171E+01      0.100017E+01      0.100148E+01      0.100256E+01
      0.346875E+02      0.173226E+01      0.297710E-03      0.171862E-03      0.102171E+01      0.100017E+01      0.100159E+01      0.100267E+01
      0.350000E+02      0.173246E+01      0.297746E-03      0.171864E-03      0.102171E+01      0.100017E+01      0.100170E+01      0.100278E+01
      0.353125E+02      0.173266E+01      0.297783E-03      0.171865E-03      0.102171E+01      0.100017E+01      0.100182E+01      0.100290E+01
      0.356250E+02      0.173285E+01      0.297819E-03      0.171866E-03      0.102171E+01      0.100017E+01      0.100193E+01      0.100301E+01
      0.359375E+02      0.173305E+01      0.297855E-03      0.171868E-03      0.102171E+01      0.100017E+01      0.100204E+01      0.100312E+01
      0.362500E+02      0.173324E+01      0.297892E-03      0.171869E-03      0.102171E+01      0.100017E+01      0.100216E+01      0.100324E+01
      0.365625E+02      0.173344E+01      0.297928E-03      0.171871E-03      0.102171E+01      0.100017E+01      0.100227E+01      0.100335E+01
      0.368750E+02      0.173364E+01      0.297964E-03      0.171872E-03      0.102171E+01      0.100017E+01      0.100238E+01      0.100347E+01
      0.371875E+02      0.173383E+01      0.298001E-03      0.171874E-03      0.102171E+01      0.100017E+01      0.100250E+01      0.100358E+01
      0.375000E+02      0.173403E+01      0.298037E-03      0.171875E-03      0.102171E+01      0.100017E+01      0.100261E+01      0.100369E+01
      0.378125E+02      0.173423E+01      0.298073E-03      0.171877E-03      0.102171E+01      0.100017E+01      0.100272E+01      0.100381E+01
      0.381250E+02      0.173442E+01      0.298110E-03      0.171878E-03      0.102171E+01      0.100017E+01      0.100284E+01      0.100392E+01
      0.384375E+02      0.173462E+01      0.298146E-03      0.171880E-03      0.102171E+01      0.100017E+01      0.100295E+01      0.100403E+01
      0.387500E+02      0.173481E+01      0.298182E-03      0.171881E-03      0.102171E+01      0.100017E+01      0.100306E+01      0.100415E+01
      0.390625E+02      0.173501E+01      0.298219E-03      0.171883E-03      0.102171E+01      0.100017E+01      0.100318E+01      0.100426E+01
      0.393750E+02      0.173521E+01      0.298255E-03      0.171884E-03      0.102171E+01      0.100017E+01      0.100329E+01      0.100437E+01
      0.396875E+02      0.173540E+01      0.298291E-03      0.171886E-03      0.102171E+01      0.100017E+01      0.100341E+01      0.100449E+01
      0.400000E+02      0.173560E+01      0.298328E-03      0.171887E-03      0.102171E+01      0.100017E+01      0.100352E+01      0.100460E+01
      0.403125E+02      0.173580E+01      0.298364E-03      0.171889E-03      0.102171E+01      0.100017E+01      0.100363E+01      0.100472E+01
      0.406250E+02      0.173599E+01      0.298400E-03      0.171890E-03      0.102171E+01      0.100017E+01      0.100375E+01      0.100483E+01
      0.409375E+02      0.173619E+01      0.298437E-03      0.171892E-03      0.102171E+01      0.100017E+01      0.100386E+01      0.100494E+01
      0.412500E+02      0.173638E+01      0.298473E-03      0.171893E-03      0.102171E+01      0.100017E+01      0.100397E+01      0.100506E+01
      0.415625E+02      0.173658E+01      0.298509E-03      0.171895E-03      0.102171E+01      0.100017E+01      0.100409E+01      0.100517E+01
      0.418750E+02      0.173678E+01      0.298546E-03      0.171896E-03      0.102171E+01      0.100017E+01      0.100420E+01      0.100528E+01
      0.421875E+02      0.173697E+01      0.298582E-03      0.171898E-03      0.102171E+01      0.100017E+01      0.100431E+01      0.100540E+01
      0.425000E+02      0.173717E+01      0.298618E-03      0.171899E-03      0.102171E+01      0.100017E+01      0.100443E+01      0.100551E+01
      0.428125E+02      0.173737E+01      0.298655E-03      0.171901E-03      0.102171E+01      0.100017E+01      0.100454E+01      0.100562E+01
      0.431250E+02      0.173756E+01      0.298691E-03      0.171902E-03      0.102171E+01      0.100017E+01      0.100465E+01      0.100574E+01
      0.434375E+02      0.173776E+01      0.298727E-03      0.171904E-03      0.102171E+01      0.100017E+01      0.100477E+01      0.100585E+01
      0.437500E+02      0.173795E+01      0.298763E-03      0.171905E-03      0.102171E+01      0.100017E+01      0.100488E+01      0.100596E+01
      0.440625E+02      0.173815E+01      0.298800E-03      0.171907E-03      0.102171E+01      0.100017E+01      0.100499E+01      0.100608E+01
      0.443750E+02      0.173835E+01      0.298836E-03      0.171908E-03      0.102171E+01      0.100017E+01      0.100511E+01      0.100619E+01
      0.446875E+02      0.173854E+01      0.298872E-03      0.171910E-03      0.102171E+01      0.100017E+01      0.100522E+01      0.100631E+01
      0.450000E+02      0.173874E+01      0.298909E-03      0.171911E-03      0.102171E+01      0.100017E+01      0.100533E+01      0.100642E+01
