0  1.00258793378168
0.04137115839243499  1.0134552983524934
0.08274231678486998  1.0248401273476277
0.12411347517730498  1.033120169796837
0.4137115839243499  1.0414038822065024
0.7033096926713949  1.0471002724945637
0.9101654846335689  1.0522779750381521
1.4893617021276597  1.0564262536737832
2.2340425531914896  1.0574721924037935
2.9787234042553195  1.0595530599824454
3.8061465721040193  1.0611176864569285
4.468085106382979  1.063714795139749
5.254137115839244  1.0673486676514394
6.164302600472814  1.0715018395676785
6.950354609929079  1.0761706409280105
7.570921985815604  1.0803195312237177
8.398345153664303  1.0860238730927674
9.349881796690307  1.0917300499420453
10.342789598108748  1.096919374027078
11.25295508274232  1.102107474791959
11.997635933806146  1.1083280577651775
12.82505910165485  1.1140323996342272
13.693853427895982  1.1212897464363154
14.604018912529552  1.1285477048984798
15.265957446808512  1.1337321357029042
15.886524822695035  1.1394334192715738
16.713947990543737  1.1477250832622277
17.417257683215134  1.1523926613024078
17.872340425531917  1.158091498230773
18.45153664302601  1.1643096345636874
19.11347517730497  1.1694940653681123
19.65130023640662  1.1736417323436672
20.27186761229315  1.1798604803366577
20.892434988179666  1.1865966927539688
21.678486997635936  1.1948877450845465
22.63002364066194  1.2042161729040701
23.2919621749409  1.2109529969814574
23.995271867612296  1.2187253615675624
24.657210401891255  1.2259796500692703
25.153664302600475  1.2316790986577117
25.8983451536643  1.2404870037525344
26.43617021276596  1.2467045284253728
27.09810874704492  1.2539588169270808
27.677304964539005  1.2612118821086369
28.421985815602838  1.2689848583548178
28.794326241134755  1.2746824719630312
29.497635933806144  1.2829723009734568
29.86997635933806  1.2881524501573494
