-0.07834110296535535    1.0009826488964544
0.12302454687892972    1.0266050254366792
0.6364972822407493    1.0418928242128815
3.2700156682205943    1.0552798034702207
5.509894191152291    1.06372774693567
7.82772694740507    1.0692225854498327
9.516606379480436    1.0712484928203443
11.677079907925025    1.075260331031459
14.072673462676752    1.0768168365669188
16.232566686654934    1.0778729906957851
18.038957773178332    1.078424924721615
20.316652803837748    1.0794849475469241
22.280306400758263    1.081027267862094
24.243669845445574    1.0810917461361396
25.971429676770413    1.0811484870172996
27.620654970307754    1.081202648767498
28.877304292318705    1.0817365288765952
29.81962202835755    1.081274864434429
