0.03911336637306295   1.0004914366523436
-0.0011038127933504782   1.0117791222608643
0.03676176520462082   1.024540477934942
0.15280608408813823   1.037793910152838
0.1125889049217248   1.0490815957613588
0.22839326450234054   1.0647890117836014
0.3438136891983108   1.0844228018927988
0.537748797803892   1.1011130912197291
0.6534571736633463   1.1178021007637104
0.847680233432409   1.1315476095254244
1.120513960832242   1.1413680239831323
1.5892024712608732   1.148246857332996
2.136117714435631   1.155126970465809
2.800037113705514   1.1654445805991303
3.307695014925468   1.1737964441230766
3.8929077628434214   1.1890207420821428
4.517329860855597   1.2032640864109445
4.985346485236104   1.2170140744129794
5.531445866780993   1.2322377324805711
5.960349124788435   1.2459870805911315
6.467479115542002   1.2597377084846408
7.052691863459955   1.274962006443707
7.520948447143365   1.286258010641395
7.9500916644537085   1.2975533749476087
8.49657498088324   1.3088506589282456
8.926006149357068   1.3172012426692432
9.629086906860595   1.3270286959331696
10.371568981900667   1.3339120085233542
10.997286860148517   1.3349038403086835
11.701375446724231   1.3344245615943535
12.366734601811533   1.330018268901594
13.07120712327189   1.3256126161003092
13.580496747751578   1.3172773897546974
14.324370586748483   1.3099275962796708
14.91174296839256   1.303066039999616
15.420936609151084   1.2957124071757429
15.969243616282675   1.288359414243344
16.67414806448826   1.279536590594235
17.339891154460197   1.271203923814521
18.161751766900327   1.2663093939267898
18.787949563753983   1.2623932581034254
19.531391476005666   1.259460635476223
20.39207750365538   1.2575115260451826
21.135039497301253   1.2594868710266738
21.95651617485674   1.2585187152258974
22.660556769571876   1.2585302332724368
23.638246953316713   1.260018620841905
24.576583811385586   1.2639603523242455
25.866701007509125   1.2703618266342027
26.609471033712683   1.2743003586591712
27.8213135052295   1.2811913499470489
28.407342114777325   1.2880721029713358
29.18893755619047   1.294956055452995
29.814367483274832   1.2988926678035404
