   0.14080E+02   0.27243E-03
   0.14097E+02   0.26869E-03
   0.14115E+02   0.25311E-03
   0.14132E+02   0.25771E-03
   0.14149E+02   0.27140E-03
   0.14167E+02   0.25330E-03
   0.14184E+02   0.26126E-03
   0.14201E+02   0.29034E-03
   0.14219E+02   0.29265E-03
   0.14236E+02   0.27481E-03
   0.14253E+02   0.26128E-03
   0.14271E+02   0.25676E-03
   0.14288E+02   0.24267E-03
   0.14306E+02   0.25160E-03
   0.14323E+02   0.26853E-03
   0.14340E+02   0.28133E-03
   0.14358E+02   0.27689E-03
   0.14375E+02   0.27230E-03
