   0.19080E+02   0.26424E-03
   0.19097E+02   0.28220E-03
   0.19115E+02   0.30345E-03
   0.19132E+02   0.28541E-03
   0.19149E+02   0.25689E-03
   0.19167E+02   0.24710E-03
   0.19184E+02   0.26503E-03
   0.19201E+02   0.27271E-03
   0.19219E+02   0.27786E-03
   0.19236E+02   0.28262E-03
   0.19253E+02   0.28605E-03
   0.19271E+02   0.29681E-03
   0.19288E+02   0.28340E-03
   0.19306E+02   0.24576E-03
   0.19323E+02   0.25415E-03
   0.19340E+02   0.27473E-03
   0.19358E+02   0.27004E-03
   0.19375E+02   0.26058E-03
