   0.17361E-01  -0.54359E+00
   0.34722E-01   0.53766E-10
   0.52083E-01   0.18306E-08
   0.69444E-01   0.65022E-07
   0.86806E-01   0.22809E-05
   0.10417E+00   0.77626E-04
   0.12153E+00   0.18642E-03
   0.13889E+00   0.22911E-03
   0.15625E+00   0.23937E-03
   0.17361E+00   0.24188E-03
   0.19097E+00   0.24262E-03
   0.20833E+00   0.24292E-03
   0.22569E+00   0.24308E-03
   0.24306E+00   0.24317E-03
   0.26042E+00   0.24322E-03
   0.27778E+00   0.24327E-03
   0.29514E+00   0.24335E-03
   0.31250E+00   0.24337E-03
