   0.87674E+01   0.24420E-03
   0.87847E+01   0.24245E-03
   0.88021E+01   0.24979E-03
   0.88194E+01   0.26160E-03
   0.88368E+01   0.27592E-03
   0.88542E+01   0.27587E-03
   0.88715E+01   0.25660E-03
   0.88889E+01   0.25130E-03
   0.89062E+01   0.25325E-03
   0.89236E+01   0.24114E-03
   0.89410E+01   0.23897E-03
   0.89583E+01   0.25098E-03
   0.89757E+01   0.26324E-03
   0.89931E+01   0.27051E-03
   0.90104E+01   0.27198E-03
   0.90278E+01   0.26466E-03
   0.90451E+01   0.25892E-03
   0.90625E+01   0.25042E-03
