   0.78299E+01   0.24435E-03
   0.78472E+01   0.24251E-03
   0.78646E+01   0.24906E-03
   0.78819E+01   0.26070E-03
   0.78993E+01   0.26207E-03
   0.79167E+01   0.25165E-03
   0.79340E+01   0.24629E-03
   0.79514E+01   0.24711E-03
   0.79688E+01   0.25596E-03
   0.79861E+01   0.26186E-03
   0.80035E+01   0.26308E-03
   0.80208E+01   0.25812E-03
   0.80382E+01   0.25266E-03
   0.80556E+01   0.24218E-03
   0.80729E+01   0.23885E-03
   0.80903E+01   0.25278E-03
   0.81076E+01   0.25976E-03
   0.81250E+01   0.26520E-03
