   0.53299E+01   0.25246E-03
   0.53472E+01   0.25818E-03
   0.53646E+01   0.25981E-03
   0.53819E+01   0.26360E-03
   0.53993E+01   0.25858E-03
   0.54167E+01   0.24243E-03
   0.54340E+01   0.23979E-03
   0.54514E+01   0.24404E-03
   0.54688E+01   0.25435E-03
   0.54861E+01   0.25916E-03
   0.55035E+01   0.25912E-03
   0.55208E+01   0.25558E-03
   0.55382E+01   0.25566E-03
   0.55556E+01   0.25103E-03
   0.55729E+01   0.24224E-03
   0.55903E+01   0.24452E-03
   0.56076E+01   0.24835E-03
   0.56250E+01   0.25838E-03
