   0.23142E+02   0.29321E-03
   0.23160E+02   0.31156E-03
   0.23177E+02   0.31544E-03
   0.23194E+02   0.30834E-03
   0.23212E+02   0.29894E-03
   0.23229E+02   0.26646E-03
   0.23247E+02   0.24595E-03
   0.23264E+02   0.24494E-03
   0.23281E+02   0.25493E-03
   0.23299E+02   0.28433E-03
   0.23316E+02   0.30199E-03
   0.23333E+02   0.29505E-03
   0.23351E+02   0.29399E-03
   0.23368E+02   0.30432E-03
   0.23385E+02   0.29516E-03
   0.23403E+02   0.26017E-03
   0.23420E+02   0.25803E-03
   0.23438E+02   0.25006E-03
