   0.18924E+01   0.25245E-03
   0.19097E+01   0.25295E-03
   0.19271E+01   0.24987E-03
   0.19444E+01   0.24277E-03
   0.19618E+01   0.23881E-03
   0.19792E+01   0.24360E-03
   0.19965E+01   0.25064E-03
   0.20139E+01   0.25400E-03
   0.20312E+01   0.25469E-03
   0.20486E+01   0.24821E-03
   0.20660E+01   0.24248E-03
   0.20833E+01   0.23801E-03
   0.21007E+01   0.24311E-03
   0.21181E+01   0.25115E-03
   0.21354E+01   0.25475E-03
   0.21528E+01   0.25338E-03
   0.21701E+01   0.24813E-03
   0.21875E+01   0.24448E-03
