   0.18767E+02   0.27125E-03
   0.18785E+02   0.30033E-03
   0.18802E+02   0.32119E-03
   0.18819E+02   0.30779E-03
   0.18837E+02   0.27540E-03
   0.18854E+02   0.25924E-03
   0.18872E+02   0.25092E-03
   0.18889E+02   0.25785E-03
   0.18906E+02   0.23755E-03
   0.18924E+02   0.25072E-03
   0.18941E+02   0.27283E-03
   0.18958E+02   0.31270E-03
   0.18976E+02   0.32032E-03
   0.18993E+02   0.28570E-03
   0.19010E+02   0.25163E-03
   0.19028E+02   0.25026E-03
   0.19045E+02   0.26957E-03
   0.19062E+02   0.26484E-03
