   0.16267E+02   0.22803E-03
   0.16285E+02   0.23437E-03
   0.16302E+02   0.25288E-03
   0.16319E+02   0.28433E-03
   0.16337E+02   0.31844E-03
   0.16354E+02   0.30276E-03
   0.16372E+02   0.29222E-03
   0.16389E+02   0.27929E-03
   0.16406E+02   0.26296E-03
   0.16424E+02   0.26231E-03
   0.16441E+02   0.24706E-03
   0.16458E+02   0.23582E-03
   0.16476E+02   0.24735E-03
   0.16493E+02   0.26664E-03
   0.16510E+02   0.28285E-03
   0.16528E+02   0.30196E-03
   0.16545E+02   0.30104E-03
   0.16562E+02   0.28635E-03
