   0.27830E+02   0.30985E-03
   0.27847E+02   0.28866E-03
   0.27865E+02   0.25725E-03
   0.27882E+02   0.27051E-03
   0.27899E+02   0.29172E-03
   0.27917E+02   0.30180E-03
   0.27934E+02   0.29538E-03
   0.27951E+02   0.28412E-03
   0.27969E+02   0.29189E-03
   0.27986E+02   0.29351E-03
   0.28003E+02   0.28717E-03
   0.28021E+02   0.28097E-03
   0.28038E+02   0.27348E-03
   0.28056E+02   0.25925E-03
   0.28073E+02   0.26453E-03
   0.28090E+02   0.29262E-03
   0.28108E+02   0.32728E-03
   0.28125E+02   0.31012E-03
