   0.15799E+01   0.24470E-03
   0.15972E+01   0.24392E-03
   0.16146E+01   0.24381E-03
   0.16319E+01   0.24720E-03
   0.16493E+01   0.25088E-03
   0.16667E+01   0.25054E-03
   0.16840E+01   0.24699E-03
   0.17014E+01   0.24322E-03
   0.17188E+01   0.24275E-03
   0.17361E+01   0.24458E-03
   0.17535E+01   0.24803E-03
   0.17708E+01   0.25071E-03
   0.17882E+01   0.25121E-03
   0.18056E+01   0.24752E-03
   0.18229E+01   0.24319E-03
   0.18403E+01   0.24153E-03
   0.18576E+01   0.24407E-03
   0.18750E+01   0.24771E-03
