   0.95486E+00   0.24430E-03
   0.97222E+00   0.24381E-03
   0.98958E+00   0.24427E-03
   0.10069E+01   0.24475E-03
   0.10243E+01   0.24522E-03
   0.10417E+01   0.24541E-03
   0.10590E+01   0.24439E-03
   0.10764E+01   0.24402E-03
   0.10938E+01   0.24448E-03
   0.11111E+01   0.24495E-03
   0.11285E+01   0.24485E-03
   0.11458E+01   0.24453E-03
   0.11632E+01   0.24520E-03
   0.11806E+01   0.24476E-03
   0.11979E+01   0.24508E-03
   0.12153E+01   0.24443E-03
   0.12326E+01   0.24443E-03
   0.12500E+01   0.24591E-03
