   0.50174E+01   0.24983E-03
   0.50347E+01   0.25007E-03
   0.50521E+01   0.24555E-03
   0.50694E+01   0.24522E-03
   0.50868E+01   0.25258E-03
   0.51042E+01   0.26241E-03
   0.51215E+01   0.26199E-03
   0.51389E+01   0.25022E-03
   0.51562E+01   0.24457E-03
   0.51736E+01   0.24403E-03
   0.51910E+01   0.24836E-03
   0.52083E+01   0.25363E-03
   0.52257E+01   0.26034E-03
   0.52431E+01   0.26461E-03
   0.52604E+01   0.25745E-03
   0.52778E+01   0.24520E-03
   0.52951E+01   0.24166E-03
   0.53125E+01   0.24185E-03
