   0.21580E+02   0.28858E-03
   0.21597E+02   0.26026E-03
   0.21615E+02   0.24340E-03
   0.21632E+02   0.25323E-03
   0.21649E+02   0.27623E-03
   0.21667E+02   0.28156E-03
   0.21684E+02   0.28110E-03
   0.21701E+02   0.28907E-03
   0.21719E+02   0.30804E-03
   0.21736E+02   0.31805E-03
   0.21753E+02   0.28101E-03
   0.21771E+02   0.25604E-03
   0.21788E+02   0.25808E-03
   0.21806E+02   0.27450E-03
   0.21823E+02   0.29722E-03
   0.21840E+02   0.28403E-03
   0.21858E+02   0.26646E-03
   0.21875E+02   0.26626E-03
