   0.16892E+02   0.28301E-03
   0.16910E+02   0.25182E-03
   0.16927E+02   0.25001E-03
   0.16944E+02   0.25771E-03
   0.16962E+02   0.25883E-03
   0.16979E+02   0.26226E-03
   0.16997E+02   0.27438E-03
   0.17014E+02   0.29894E-03
   0.17031E+02   0.30049E-03
   0.17049E+02   0.29270E-03
   0.17066E+02   0.27627E-03
   0.17083E+02   0.25252E-03
   0.17101E+02   0.23832E-03
   0.17118E+02   0.23513E-03
   0.17135E+02   0.25073E-03
   0.17153E+02   0.28909E-03
   0.17170E+02   0.30422E-03
   0.17188E+02   0.30983E-03
