   0.20642E+02   0.27689E-03
   0.20660E+02   0.26168E-03
   0.20677E+02   0.26207E-03
   0.20694E+02   0.27708E-03
   0.20712E+02   0.29063E-03
   0.20729E+02   0.27557E-03
   0.20747E+02   0.27144E-03
   0.20764E+02   0.28991E-03
   0.20781E+02   0.32212E-03
   0.20799E+02   0.31124E-03
   0.20816E+02   0.25036E-03
   0.20833E+02   0.21406E-03
   0.20851E+02   0.24783E-03
   0.20868E+02   0.27399E-03
   0.20885E+02   0.27599E-03
   0.20903E+02   0.29489E-03
   0.20920E+02   0.31390E-03
   0.20938E+02   0.32597E-03
