   0.13142E+02   0.24814E-03
   0.13160E+02   0.25487E-03
   0.13177E+02   0.26389E-03
   0.13194E+02   0.27758E-03
   0.13212E+02   0.27979E-03
   0.13229E+02   0.27601E-03
   0.13247E+02   0.25954E-03
   0.13264E+02   0.24474E-03
   0.13281E+02   0.24950E-03
   0.13299E+02   0.26079E-03
   0.13316E+02   0.27042E-03
   0.13333E+02   0.27615E-03
   0.13351E+02   0.28175E-03
   0.13368E+02   0.26782E-03
   0.13385E+02   0.25763E-03
   0.13403E+02   0.24669E-03
   0.13420E+02   0.25275E-03
   0.13438E+02   0.26201E-03
