   0.40799E+01   0.24951E-03
   0.40972E+01   0.26417E-03
   0.41146E+01   0.26749E-03
   0.41319E+01   0.25876E-03
   0.41493E+01   0.24778E-03
   0.41667E+01   0.23783E-03
   0.41840E+01   0.23286E-03
   0.42014E+01   0.24142E-03
   0.42188E+01   0.25101E-03
   0.42361E+01   0.26387E-03
   0.42535E+01   0.26717E-03
   0.42708E+01   0.26072E-03
   0.42882E+01   0.24599E-03
   0.43056E+01   0.23562E-03
   0.43229E+01   0.23620E-03
   0.43403E+01   0.24594E-03
   0.43576E+01   0.25868E-03
   0.43750E+01   0.26168E-03
