   0.90799E+01   0.24332E-03
   0.90972E+01   0.23787E-03
   0.91146E+01   0.24264E-03
   0.91319E+01   0.25465E-03
   0.91493E+01   0.27212E-03
   0.91667E+01   0.27899E-03
   0.91840E+01   0.27625E-03
   0.92014E+01   0.26376E-03
   0.92188E+01   0.24339E-03
   0.92361E+01   0.24143E-03
   0.92535E+01   0.23558E-03
   0.92708E+01   0.24375E-03
   0.92882E+01   0.25462E-03
   0.93056E+01   0.26807E-03
   0.93229E+01   0.28174E-03
   0.93403E+01   0.27443E-03
   0.93576E+01   0.25982E-03
   0.93750E+01   0.25142E-03
