   0.32986E+00   0.24337E-03
   0.34722E+00   0.24332E-03
   0.36458E+00   0.24330E-03
   0.38194E+00   0.24335E-03
   0.39931E+00   0.24345E-03
   0.41667E+00   0.24348E-03
   0.43403E+00   0.24354E-03
   0.45139E+00   0.24354E-03
   0.46875E+00   0.24359E-03
   0.48611E+00   0.24354E-03
   0.50347E+00   0.24347E-03
   0.52083E+00   0.24346E-03
   0.53819E+00   0.24356E-03
   0.55556E+00   0.24369E-03
   0.57292E+00   0.24386E-03
   0.59028E+00   0.24379E-03
   0.60764E+00   0.24368E-03
   0.62500E+00   0.24366E-03
