   0.20017E+02   0.25992E-03
   0.20035E+02   0.28009E-03
   0.20052E+02   0.29388E-03
   0.20069E+02   0.30676E-03
   0.20087E+02   0.29477E-03
   0.20104E+02   0.26868E-03
   0.20122E+02   0.27457E-03
   0.20139E+02   0.27461E-03
   0.20156E+02   0.25229E-03
   0.20174E+02   0.25334E-03
   0.20191E+02   0.26832E-03
   0.20208E+02   0.28900E-03
   0.20226E+02   0.28633E-03
   0.20243E+02   0.28513E-03
   0.20260E+02   0.28876E-03
   0.20278E+02   0.28348E-03
   0.20295E+02   0.26558E-03
   0.20312E+02   0.26291E-03
