   0.25955E+02   0.27418E-03
   0.25972E+02   0.26103E-03
   0.25990E+02   0.29229E-03
   0.26007E+02   0.29201E-03
   0.26024E+02   0.29616E-03
   0.26042E+02   0.29232E-03
   0.26059E+02   0.30417E-03
   0.26076E+02   0.29485E-03
   0.26094E+02   0.28279E-03
   0.26111E+02   0.27349E-03
   0.26128E+02   0.25362E-03
   0.26146E+02   0.27020E-03
   0.26163E+02   0.29189E-03
   0.26181E+02   0.30364E-03
   0.26198E+02   0.29292E-03
   0.26215E+02   0.30581E-03
   0.26233E+02   0.29031E-03
   0.26250E+02   0.26615E-03
