   0.29080E+02   0.30427E-03
   0.29097E+02   0.30038E-03
   0.29115E+02   0.26610E-03
   0.29132E+02   0.26176E-03
   0.29149E+02   0.28002E-03
   0.29167E+02   0.30521E-03
   0.29184E+02   0.30169E-03
   0.29201E+02   0.29953E-03
   0.29219E+02   0.28697E-03
   0.29236E+02   0.26363E-03
   0.29253E+02   0.26874E-03
   0.29271E+02   0.28605E-03
   0.29288E+02   0.31052E-03
   0.29306E+02   0.32252E-03
   0.29323E+02   0.30084E-03
   0.29340E+02   0.27829E-03
   0.29358E+02   0.26414E-03
   0.29375E+02   0.27902E-03
