   0.34549E+01   0.25326E-03
   0.34722E+01   0.24877E-03
   0.34896E+01   0.24281E-03
   0.35069E+01   0.24379E-03
   0.35243E+01   0.24306E-03
   0.35417E+01   0.25100E-03
   0.35590E+01   0.25595E-03
   0.35764E+01   0.25500E-03
   0.35938E+01   0.25018E-03
   0.36111E+01   0.24402E-03
   0.36285E+01   0.24436E-03
   0.36458E+01   0.24314E-03
   0.36632E+01   0.24630E-03
   0.36806E+01   0.25619E-03
   0.36979E+01   0.25591E-03
   0.37153E+01   0.25342E-03
   0.37326E+01   0.24745E-03
   0.37500E+01   0.24444E-03
