   0.68924E+01   0.23684E-03
   0.69097E+01   0.24920E-03
   0.69271E+01   0.25951E-03
   0.69444E+01   0.25732E-03
   0.69618E+01   0.26424E-03
   0.69792E+01   0.25949E-03
   0.69965E+01   0.25357E-03
   0.70139E+01   0.24501E-03
   0.70312E+01   0.24361E-03
   0.70486E+01   0.25190E-03
   0.70660E+01   0.25370E-03
   0.70833E+01   0.24806E-03
   0.71007E+01   0.25178E-03
   0.71181E+01   0.25664E-03
   0.71354E+01   0.25772E-03
   0.71528E+01   0.25313E-03
   0.71701E+01   0.25254E-03
   0.71875E+01   0.25609E-03
