   0.27517E+02   0.27419E-03
   0.27535E+02   0.27862E-03
   0.27552E+02   0.28078E-03
   0.27569E+02   0.27943E-03
   0.27587E+02   0.30190E-03
   0.27604E+02   0.31627E-03
   0.27622E+02   0.28192E-03
   0.27639E+02   0.27175E-03
   0.27656E+02   0.29805E-03
   0.27674E+02   0.28468E-03
   0.27691E+02   0.27933E-03
   0.27708E+02   0.28003E-03
   0.27726E+02   0.27082E-03
   0.27743E+02   0.29131E-03
   0.27760E+02   0.30415E-03
   0.27778E+02   0.29338E-03
   0.27795E+02   0.27831E-03
   0.27812E+02   0.28402E-03
