   0.93924E+01   0.25077E-03
   0.94097E+01   0.24342E-03
   0.94271E+01   0.23695E-03
   0.94444E+01   0.24624E-03
   0.94618E+01   0.26061E-03
   0.94792E+01   0.26942E-03
   0.94965E+01   0.28014E-03
   0.95139E+01   0.27307E-03
   0.95312E+01   0.26093E-03
   0.95486E+01   0.25769E-03
   0.95660E+01   0.24609E-03
   0.95833E+01   0.23370E-03
   0.96007E+01   0.22939E-03
   0.96181E+01   0.25187E-03
   0.96354E+01   0.26930E-03
   0.96528E+01   0.28491E-03
   0.96701E+01   0.28167E-03
   0.96875E+01   0.27252E-03
