   0.28455E+02   0.27096E-03
   0.28472E+02   0.29918E-03
   0.28490E+02   0.28911E-03
   0.28507E+02   0.28496E-03
   0.28524E+02   0.26675E-03
   0.28542E+02   0.28040E-03
   0.28559E+02   0.29364E-03
   0.28576E+02   0.29115E-03
   0.28594E+02   0.29098E-03
   0.28611E+02   0.30662E-03
   0.28628E+02   0.28943E-03
   0.28646E+02   0.28117E-03
   0.28663E+02   0.26117E-03
   0.28681E+02   0.26329E-03
   0.28698E+02   0.29679E-03
   0.28715E+02   0.30643E-03
   0.28733E+02   0.30523E-03
   0.28750E+02   0.28332E-03
