   0.22517E+02   0.30406E-03
   0.22535E+02   0.27817E-03
   0.22552E+02   0.26867E-03
   0.22569E+02   0.26463E-03
   0.22587E+02   0.29172E-03
   0.22604E+02   0.27824E-03
   0.22622E+02   0.26259E-03
   0.22639E+02   0.25283E-03
   0.22656E+02   0.26926E-03
   0.22674E+02   0.28033E-03
   0.22691E+02   0.29833E-03
   0.22708E+02   0.31364E-03
   0.22726E+02   0.32220E-03
   0.22743E+02   0.28850E-03
   0.22760E+02   0.25247E-03
   0.22778E+02   0.22408E-03
   0.22795E+02   0.24072E-03
   0.22812E+02   0.27212E-03
