   0.23767E+02   0.27639E-03
   0.23785E+02   0.26701E-03
   0.23802E+02   0.28362E-03
   0.23819E+02   0.30204E-03
   0.23837E+02   0.30572E-03
   0.23854E+02   0.28306E-03
   0.23872E+02   0.27400E-03
   0.23889E+02   0.29243E-03
   0.23906E+02   0.28649E-03
   0.23924E+02   0.26737E-03
   0.23941E+02   0.24705E-03
   0.23958E+02   0.24023E-03
   0.23976E+02   0.28483E-03
   0.23993E+02   0.30845E-03
   0.24010E+02   0.30934E-03
   0.24028E+02   0.31157E-03
   0.24045E+02   0.29465E-03
   0.24062E+02   0.29867E-03
