   0.10642E+02   0.25245E-03
   0.10660E+02   0.24523E-03
   0.10677E+02   0.25482E-03
   0.10694E+02   0.27195E-03
   0.10712E+02   0.27386E-03
   0.10729E+02   0.27427E-03
   0.10747E+02   0.27140E-03
   0.10764E+02   0.26279E-03
   0.10781E+02   0.24583E-03
   0.10799E+02   0.25234E-03
   0.10816E+02   0.25112E-03
   0.10833E+02   0.25262E-03
   0.10851E+02   0.27448E-03
   0.10868E+02   0.27199E-03
   0.10885E+02   0.26895E-03
   0.10903E+02   0.26144E-03
   0.10920E+02   0.25340E-03
   0.10938E+02   0.25604E-03
