   0.12205E+02   0.25125E-03
   0.12222E+02   0.24842E-03
   0.12240E+02   0.25523E-03
   0.12257E+02   0.26703E-03
   0.12274E+02   0.27402E-03
   0.12292E+02   0.26694E-03
   0.12309E+02   0.25609E-03
   0.12326E+02   0.25917E-03
   0.12344E+02   0.26797E-03
   0.12361E+02   0.26195E-03
   0.12378E+02   0.24876E-03
   0.12396E+02   0.26042E-03
   0.12413E+02   0.27033E-03
   0.12431E+02   0.25963E-03
   0.12448E+02   0.25596E-03
   0.12465E+02   0.26042E-03
   0.12483E+02   0.26696E-03
   0.12500E+02   0.27503E-03
