   0.25174E+01   0.25029E-03
   0.25347E+01   0.25412E-03
   0.25521E+01   0.25039E-03
   0.25694E+01   0.24727E-03
   0.25868E+01   0.24514E-03
   0.26042E+01   0.24467E-03
   0.26215E+01   0.24600E-03
   0.26389E+01   0.25225E-03
   0.26562E+01   0.25636E-03
   0.26736E+01   0.25018E-03
   0.26910E+01   0.24641E-03
   0.27083E+01   0.24474E-03
   0.27257E+01   0.24373E-03
   0.27431E+01   0.24807E-03
   0.27604E+01   0.25148E-03
   0.27778E+01   0.25435E-03
   0.27951E+01   0.25016E-03
   0.28125E+01   0.24723E-03
