   0.25330E+02   0.25447E-03
   0.25347E+02   0.27312E-03
   0.25365E+02   0.28561E-03
   0.25382E+02   0.26308E-03
   0.25399E+02   0.28744E-03
   0.25417E+02   0.29935E-03
   0.25434E+02   0.30399E-03
   0.25451E+02   0.28923E-03
   0.25469E+02   0.27035E-03
   0.25486E+02   0.25658E-03
   0.25503E+02   0.27358E-03
   0.25521E+02   0.29103E-03
   0.25538E+02   0.30983E-03
   0.25556E+02   0.29525E-03
   0.25573E+02   0.26892E-03
   0.25590E+02   0.25340E-03
   0.25608E+02   0.26642E-03
   0.25625E+02   0.29185E-03
