   0.14705E+02   0.26906E-03
   0.14722E+02   0.28678E-03
   0.14740E+02   0.28715E-03
   0.14757E+02   0.25395E-03
   0.14774E+02   0.24097E-03
   0.14792E+02   0.26858E-03
   0.14809E+02   0.29603E-03
   0.14826E+02   0.27680E-03
   0.14844E+02   0.25399E-03
   0.14861E+02   0.24255E-03
   0.14878E+02   0.26113E-03
   0.14896E+02   0.26487E-03
   0.14913E+02   0.26778E-03
   0.14931E+02   0.28364E-03
   0.14948E+02   0.30585E-03
   0.14965E+02   0.29120E-03
   0.14983E+02   0.25789E-03
   0.15000E+02   0.23419E-03
