   0.23455E+02   0.27719E-03
   0.23472E+02   0.29694E-03
   0.23490E+02   0.31206E-03
   0.23507E+02   0.30565E-03
   0.23524E+02   0.25926E-03
   0.23542E+02   0.24695E-03
   0.23559E+02   0.27576E-03
   0.23576E+02   0.27777E-03
   0.23594E+02   0.28320E-03
   0.23611E+02   0.28593E-03
   0.23628E+02   0.29791E-03
   0.23646E+02   0.29383E-03
   0.23663E+02   0.28792E-03
   0.23681E+02   0.28726E-03
   0.23698E+02   0.26603E-03
   0.23715E+02   0.25632E-03
   0.23733E+02   0.26697E-03
   0.23750E+02   0.28975E-03
