   0.47049E+01   0.24651E-03
   0.47222E+01   0.25343E-03
   0.47396E+01   0.26149E-03
   0.47569E+01   0.25783E-03
   0.47743E+01   0.24646E-03
   0.47917E+01   0.24242E-03
   0.48090E+01   0.24644E-03
   0.48264E+01   0.25168E-03
   0.48438E+01   0.24929E-03
   0.48611E+01   0.25465E-03
   0.48785E+01   0.25989E-03
   0.48958E+01   0.25582E-03
   0.49132E+01   0.24617E-03
   0.49306E+01   0.24161E-03
   0.49479E+01   0.24704E-03
   0.49653E+01   0.25476E-03
   0.49826E+01   0.25962E-03
   0.50000E+01   0.25569E-03
