   0.62674E+01   0.25190E-03
   0.62847E+01   0.24787E-03
   0.63021E+01   0.24534E-03
   0.63194E+01   0.24856E-03
   0.63368E+01   0.25268E-03
   0.63542E+01   0.25550E-03
   0.63715E+01   0.25999E-03
   0.63889E+01   0.26591E-03
   0.64062E+01   0.25292E-03
   0.64236E+01   0.24554E-03
   0.64410E+01   0.23798E-03
   0.64583E+01   0.23305E-03
   0.64757E+01   0.24656E-03
   0.64931E+01   0.25832E-03
   0.65104E+01   0.26970E-03
   0.65278E+01   0.27611E-03
   0.65451E+01   0.26624E-03
   0.65625E+01   0.24149E-03
