   0.24392E+02   0.34323E-03
   0.24410E+02   0.33582E-03
   0.24427E+02   0.30465E-03
   0.24444E+02   0.28188E-03
   0.24462E+02   0.26812E-03
   0.24479E+02   0.24120E-03
   0.24497E+02   0.23051E-03
   0.24514E+02   0.23098E-03
   0.24531E+02   0.25460E-03
   0.24549E+02   0.28701E-03
   0.24566E+02   0.32214E-03
   0.24583E+02   0.34665E-03
   0.24601E+02   0.33267E-03
   0.24618E+02   0.29976E-03
   0.24635E+02   0.26828E-03
   0.24653E+02   0.25841E-03
   0.24670E+02   0.25735E-03
   0.24688E+02   0.23215E-03
