   0.11580E+02   0.28073E-03
   0.11597E+02   0.27547E-03
   0.11615E+02   0.26217E-03
   0.11632E+02   0.24544E-03
   0.11649E+02   0.23866E-03
   0.11667E+02   0.23804E-03
   0.11684E+02   0.25381E-03
   0.11701E+02   0.26878E-03
   0.11719E+02   0.27281E-03
   0.11736E+02   0.26719E-03
   0.11753E+02   0.27186E-03
   0.11771E+02   0.27589E-03
   0.11788E+02   0.26076E-03
   0.11806E+02   0.25634E-03
   0.11823E+02   0.24235E-03
   0.11840E+02   0.23390E-03
   0.11858E+02   0.24910E-03
   0.11875E+02   0.26327E-03
