   0.19392E+02   0.27811E-03
   0.19410E+02   0.28026E-03
   0.19427E+02   0.29443E-03
   0.19444E+02   0.28226E-03
   0.19462E+02   0.28681E-03
   0.19479E+02   0.28828E-03
   0.19497E+02   0.27573E-03
   0.19514E+02   0.25159E-03
   0.19531E+02   0.22058E-03
   0.19549E+02   0.25133E-03
   0.19566E+02   0.28837E-03
   0.19583E+02   0.30653E-03
   0.19601E+02   0.30822E-03
   0.19618E+02   0.29740E-03
   0.19635E+02   0.28999E-03
   0.19653E+02   0.26983E-03
   0.19670E+02   0.23717E-03
   0.19688E+02   0.23513E-03
