   0.17355E+03   0.96417E+00   0.17398E+03   0.24096E+01   0.75670E-02  -0.24177E+01  -0.11023E+00  -0.96473E+00   0.13530E+01  -0.26691E-06   0.14996E-17   0.54023E-04   0.30540E-14  -0.12989E-17   0.26455E-17   0.00000E+00
   0.16926E+03   0.94036E+00   0.16968E+03   0.19665E+01  -0.28441E-02  -0.38835E+00   0.56313E+00  -0.15659E+01   0.20767E-01  -0.17094E-06   0.28477E-17   0.46826E-04   0.44105E-15  -0.17644E-17  -0.27411E-18   0.00000E+00
   0.16500E+03   0.91667E+00   0.16541E+03   0.18206E+01  -0.14847E-01  -0.34150E+00   0.78285E+00  -0.17286E+01   0.16866E+00   0.25205E-06   0.56563E-17   0.38073E-04  -0.49989E-15  -0.50013E-17   0.37687E-18   0.00000E+00
   0.16077E+03   0.89314E+00   0.16116E+03   0.14949E+01  -0.20958E-01  -0.18210E+00   0.84616E+00  -0.17778E+01   0.13742E+00   0.61767E-06   0.18473E-17   0.32184E-04   0.18839E-14  -0.89922E-17   0.93041E-18   0.00000E+00
   0.15657E+03   0.86983E+00   0.15695E+03   0.97342E+00  -0.22346E-01   0.19580E+00   0.79931E+00  -0.18125E+01   0.10525E+00   0.57631E-06   0.71806E-17   0.34692E-04  -0.70594E-15  -0.78971E-17   0.25511E-18   0.00000E+00
   0.15242E+03   0.84677E+00   0.15279E+03   0.56867E+00  -0.17922E-01   0.51258E+00   0.77922E+00  -0.18554E+01   0.87466E-01   0.22522E-06   0.60754E-17   0.47508E-04   0.16705E-14  -0.15185E-16   0.49030E-17   0.00000E+00
   0.14832E+03   0.82400E+00   0.14868E+03   0.43260E+00  -0.24075E-02   0.61949E+00   0.82669E+00  -0.19143E+01   0.91243E-01   0.38450E-07   0.63780E-17   0.66838E-04  -0.30681E-15   0.34012E-17   0.11235E-16   0.00000E+00
   0.14428E+03   0.80156E+00   0.14464E+03   0.44326E+00   0.83366E-02   0.60138E+00   0.90226E+00  -0.19811E+01   0.10039E+00   0.39298E-06   0.71223E-17   0.86451E-04  -0.11514E-15   0.74494E-17  -0.12178E-16   0.00000E+00
   0.14031E+03   0.77949E+00   0.14065E+03   0.51678E+00  -0.60767E-02   0.52358E+00   0.99962E+00  -0.20416E+01   0.90592E-01   0.67406E-06  -0.96756E-18   0.10078E-03   0.97661E-15   0.67894E-17  -0.24503E-16   0.00000E+00
   0.13641E+03   0.75782E+00   0.13674E+03   0.61531E+00  -0.38342E-01   0.35002E+00   0.11539E+01  -0.21076E+01   0.84460E-01   0.61030E-06  -0.23610E-17   0.10670E-03   0.88603E-15  -0.38021E-17   0.54617E-17   0.00000E+00
   0.13258E+03   0.73658E+00   0.13291E+03   0.79593E+00  -0.64975E-01   0.32529E-01   0.13982E+01  -0.21967E+01   0.11599E+00   0.59100E-06  -0.78258E-18   0.10687E-03   0.15773E-14   0.59447E-17   0.42752E-16   0.00000E+00
   0.12884E+03   0.71579E+00   0.12916E+03   0.10058E+01  -0.73640E-01  -0.29359E+00   0.16500E+01  -0.22946E+01   0.15900E+00   0.79142E-06  -0.10615E-16   0.10942E-03  -0.50373E-16   0.48448E-18  -0.51032E-19   0.00000E+00
   0.12519E+03   0.69548E+00   0.12549E+03   0.11175E+01  -0.62504E-01  -0.48531E+00   0.18462E+01  -0.23865E+01   0.17443E+00   0.11656E-05  -0.49016E-17   0.11630E-03   0.90926E-15   0.13190E-16   0.11991E-16   0.00000E+00
   0.12162E+03   0.67566E+00   0.12192E+03   0.11535E+01  -0.26923E-01  -0.50627E+00   0.19558E+01  -0.24740E+01   0.15832E+00   0.15644E-05  -0.78365E-17   0.12355E-03   0.38744E-15   0.26907E-16  -0.78805E-17   0.00000E+00
   0.11815E+03   0.65636E+00   0.11844E+03   0.11709E+01   0.27864E-01  -0.44495E+00   0.20203E+01  -0.25628E+01   0.12679E+00   0.18316E-05  -0.12058E-16   0.12940E-03   0.23045E-14   0.27548E-16  -0.52650E-17   0.00000E+00
   0.11476E+03   0.63758E+00   0.11505E+03   0.11691E+01   0.78163E-01  -0.41892E+00   0.21319E+01  -0.26495E+01   0.91787E-01   0.18648E-05  -0.19946E-16   0.13134E-03   0.10234E-14   0.22432E-16  -0.19513E-16   0.00000E+00
   0.11148E+03   0.61934E+00   0.11176E+03   0.11320E+01   0.95077E-01  -0.49044E+00   0.23555E+01  -0.27417E+01   0.75038E-01   0.17331E-05  -0.15901E-16   0.12820E-03  -0.45391E-15  -0.26526E-16  -0.18243E-16   0.00000E+00
   0.10829E+03   0.60163E+00   0.10856E+03   0.10627E+01   0.76294E-01  -0.58446E+00   0.26234E+01  -0.28459E+01   0.88813E-01   0.16496E-05  -0.78411E-17   0.12439E-03   0.33790E-14  -0.41099E-17  -0.16671E-16   0.00000E+00
   0.10521E+03   0.58448E+00   0.10546E+03   0.93082E+00   0.36528E-01  -0.64058E+00   0.28774E+01  -0.29618E+01   0.12433E+00   0.16849E-05  -0.19228E-16   0.12908E-03   0.97433E-15   0.16908E-16   0.18739E-16   0.00000E+00
   0.10221E+03   0.56786E+00   0.10247E+03   0.76272E+00  -0.12307E-01  -0.66988E+00   0.31157E+01  -0.30883E+01   0.16637E+00   0.17282E-05  -0.71550E-17   0.14574E-03  -0.85046E-15   0.41159E-16  -0.20891E-16   0.00000E+00
   0.99322E+02   0.55179E+00   0.99567E+02   0.62072E+00  -0.67577E-01  -0.66924E+00   0.33201E+01  -0.32105E+01   0.18507E+00   0.15447E-05  -0.25160E-17   0.16340E-03  -0.49535E-15   0.37372E-16   0.38249E-16   0.00000E+00
   0.96527E+02   0.53626E+00   0.96764E+02   0.51304E+00  -0.12624E+00  -0.64185E+00   0.34892E+01  -0.33161E+01   0.16242E+00   0.10639E-05  -0.16889E-18   0.16974E-03   0.25559E-14   0.67145E-16  -0.33351E-16   0.00000E+00
   0.93827E+02   0.52126E+00   0.94058E+02   0.43056E+00  -0.17315E+00  -0.61431E+00   0.36476E+01  -0.34128E+01   0.11514E+00   0.54976E-06   0.27437E-17   0.16236E-03  -0.21834E-15  -0.28381E-16  -0.18568E-16   0.00000E+00
   0.91223E+02   0.50679E+00   0.91447E+02   0.36356E+00  -0.19023E+00  -0.59632E+00   0.38083E+01  -0.35130E+01   0.69324E-01   0.20968E-06  -0.10498E-18   0.14397E-03  -0.17594E-14  -0.62711E-18  -0.75220E-17   0.00000E+00
   0.88711E+02   0.49284E+00   0.88929E+02   0.28975E+00  -0.17912E+00  -0.59594E+00   0.39839E+01  -0.36270E+01   0.43765E-01  -0.44337E-07   0.38476E-17   0.12147E-03   0.28070E-14  -0.10830E-16  -0.25805E-16   0.00000E+00
   0.86290E+02   0.47939E+00   0.86502E+02   0.22841E+00  -0.15573E+00  -0.62465E+00   0.41810E+01  -0.37566E+01   0.43580E-01  -0.27558E-06   0.13252E-16   0.10562E-03   0.88981E-15  -0.39202E-16   0.20258E-16   0.00000E+00
   0.83958E+02   0.46643E+00   0.84165E+02   0.20464E+00  -0.13801E+00  -0.66873E+00   0.43816E+01  -0.38913E+01   0.54784E-01  -0.44383E-06   0.18248E-16   0.10249E-03  -0.19470E-15   0.20766E-17   0.14528E-16   0.00000E+00
   0.81713E+02   0.45396E+00   0.81914E+02   0.21456E+00  -0.13607E+00  -0.70519E+00   0.45685E+01  -0.40187E+01   0.60527E-01  -0.51717E-06   0.15681E-16   0.11123E-03   0.19211E-14   0.80335E-16   0.20197E-16   0.00000E+00
   0.79552E+02   0.44195E+00   0.79747E+02   0.24827E+00  -0.14714E+00  -0.73493E+00   0.47485E+01  -0.41349E+01   0.53451E-01  -0.46259E-06   0.34178E-17   0.12702E-03   0.12473E-14   0.32604E-16  -0.20993E-16   0.00000E+00
   0.77471E+02   0.43040E+00   0.77662E+02   0.27982E+00  -0.15962E+00  -0.77064E+00   0.49393E+01  -0.42425E+01   0.34622E-01  -0.25588E-06  -0.21135E-17   0.14265E-03  -0.48576E-14  -0.39182E-17   0.50861E-16   0.00000E+00
   0.75470E+02   0.41928E+00   0.75656E+02   0.26878E+00  -0.16199E+00  -0.80750E+00   0.51458E+01  -0.43475E+01   0.11542E-01   0.31604E-07   0.13778E-16   0.15373E-03   0.11691E-14   0.12244E-15   0.16061E-16   0.00000E+00
   0.73544E+02   0.40858E+00   0.73725E+02   0.20133E+00  -0.15207E+00  -0.82786E+00   0.53588E+01  -0.44529E+01  -0.86874E-02   0.25694E-06   0.18150E-16   0.15956E-03  -0.25998E-14   0.18179E-15   0.32678E-16   0.00000E+00
   0.71691E+02   0.39828E+00   0.71868E+02   0.94996E-01  -0.13522E+00  -0.83078E+00   0.55738E+01  -0.45566E+01  -0.25974E-01   0.34921E-06   0.34515E-16   0.15993E-03   0.18072E-15  -0.14408E-16   0.22531E-16   0.00000E+00
   0.69908E+02   0.38838E+00   0.70080E+02  -0.27418E-01  -0.11727E+00  -0.82579E+00   0.57902E+01  -0.46561E+01  -0.43405E-01   0.37094E-06   0.16093E-16   0.15462E-03  -0.11962E-14   0.22647E-16  -0.48540E-16   0.00000E+00
   0.68193E+02   0.37885E+00   0.68360E+02  -0.14871E+00  -0.10117E+00  -0.81238E+00   0.59998E+01  -0.47515E+01  -0.61053E-01   0.41917E-06   0.14011E-16   0.14434E-03   0.25322E-14   0.16066E-15   0.50099E-17   0.00000E+00
   0.66541E+02   0.36967E+00   0.66705E+02  -0.26273E+00  -0.87189E-01  -0.78443E+00   0.61960E+01  -0.48433E+01  -0.76566E-01   0.50820E-06   0.13007E-16   0.13094E-03  -0.12298E-14   0.85046E-16  -0.13570E-16   0.00000E+00
   0.64951E+02   0.36084E+00   0.65111E+02  -0.37394E+00  -0.73954E-01  -0.74521E+00   0.63864E+01  -0.49308E+01  -0.89252E-01   0.58998E-06  -0.19280E-17   0.11719E-03   0.21088E-14  -0.16256E-15  -0.13280E-16   0.00000E+00
   0.63419E+02   0.35233E+00   0.63575E+02  -0.49007E+00  -0.59559E-01  -0.70241E+00   0.65817E+01  -0.50136E+01  -0.99931E-01   0.65212E-06   0.13400E-16   0.10600E-03  -0.26633E-14  -0.38737E-16   0.32457E-19   0.00000E+00
   0.61943E+02   0.34413E+00   0.62096E+02  -0.61462E+00  -0.42922E-01  -0.65480E+00   0.67799E+01  -0.50926E+01  -0.10979E+00   0.74333E-06   0.13639E-18   0.99390E-04   0.51456E-15  -0.76376E-17   0.14760E-18   0.00000E+00
   0.60521E+02   0.33623E+00   0.60670E+02  -0.74733E+00  -0.24806E-01  -0.59190E+00   0.69667E+01  -0.51673E+01  -0.12250E+00   0.92819E-06   0.24441E-16   0.98314E-04   0.27103E-14   0.94774E-16  -0.19104E-16   0.00000E+00
   0.59148E+02   0.32860E+00   0.59294E+02  -0.89036E+00  -0.72844E-02  -0.50369E+00   0.71294E+01  -0.52356E+01  -0.14226E+00   0.12593E-05   0.20787E-16   0.10341E-03   0.53553E-15   0.43460E-16   0.33129E-18   0.00000E+00
   0.57824E+02   0.32125E+00   0.57966E+02  -0.10482E+01   0.74695E-02  -0.38641E+00   0.72630E+01  -0.52966E+01  -0.16920E+00   0.17822E-05   0.78284E-17   0.11569E-03   0.27790E-15   0.16622E-15  -0.56926E-16   0.00000E+00
   0.56546E+02   0.31414E+00   0.56685E+02  -0.12223E+01   0.17867E-01  -0.24238E+00   0.73685E+01  -0.53513E+01  -0.19952E+00   0.25289E-05   0.88039E-17   0.13629E-03  -0.81375E-15   0.82636E-17   0.29393E-16   0.00000E+00
   0.55310E+02   0.30728E+00   0.55446E+02  -0.14089E+01   0.23268E-01  -0.79899E-01   0.74523E+01  -0.54016E+01  -0.22851E+00   0.34809E-05   0.28172E-16   0.16560E-03  -0.39606E-15  -0.13922E-15   0.12851E-15   0.00000E+00
   0.54115E+02   0.30064E+00   0.54248E+02  -0.15999E+01   0.24156E-01   0.85695E-01   0.75261E+01  -0.54488E+01  -0.25321E+00   0.45419E-05   0.16122E-16   0.20270E-03  -0.19897E-14  -0.59207E-18  -0.10974E-15   0.00000E+00
   0.52959E+02   0.29422E+00   0.53089E+02  -0.17836E+01   0.21902E-01   0.23221E+00   0.76063E+01  -0.54933E+01  -0.27386E+00   0.55636E-05   0.90354E-17   0.24568E-03  -0.43918E-15  -0.13267E-15  -0.21260E-17   0.00000E+00
   0.51839E+02   0.28799E+00   0.51967E+02  -0.19467E+01   0.18237E-01   0.33513E+00   0.77093E+01  -0.55344E+01  -0.29366E+00   0.64022E-05   0.16134E-16   0.29225E-03   0.23934E-14   0.60262E-16   0.22229E-16   0.00000E+00
   0.50754E+02   0.28197E+00   0.50879E+02  -0.20801E+01   0.14659E-01   0.37636E+00   0.78465E+01  -0.55713E+01  -0.31608E+00   0.69567E-05   0.13939E-16   0.34037E-03   0.30118E-14   0.37944E-16   0.63533E-16   0.00000E+00
   0.49701E+02   0.27612E+00   0.49823E+02  -0.21825E+01   0.11910E-01   0.35202E+00   0.80202E+01  -0.56042E+01  -0.34242E+00   0.71791E-05   0.13568E-16   0.38861E-03  -0.40539E-14   0.12142E-16  -0.87081E-16   0.00000E+00
   0.48679E+02   0.27044E+00   0.48799E+02  -0.22598E+01   0.98039E-02   0.27300E+00   0.82234E+01  -0.56345E+01  -0.37144E+00   0.70677E-05   0.20924E-16   0.43610E-03  -0.35816E-15  -0.15130E-16   0.65453E-16   0.00000E+00
   0.47686E+02   0.26492E+00   0.47803E+02  -0.23205E+01   0.75167E-02   0.15733E+00   0.84444E+01  -0.56637E+01  -0.40056E+00   0.66564E-05   0.65387E-17   0.48231E-03   0.22255E-14   0.10629E-15   0.11618E-15   0.00000E+00
   0.46720E+02   0.25955E+00   0.46835E+02  -0.23703E+01   0.39954E-02   0.21740E-01   0.86716E+01  -0.56929E+01  -0.42760E+00   0.60016E-05   0.36225E-16   0.52704E-03   0.40402E-14   0.24439E-16  -0.55381E-18   0.00000E+00
   0.45780E+02   0.25433E+00   0.45892E+02  -0.24101E+01  -0.18095E-02  -0.12130E+00   0.88958E+01  -0.57218E+01  -0.45248E+00   0.51650E-05   0.54454E-16   0.57038E-03  -0.55731E-14  -0.30316E-16   0.24109E-15   0.00000E+00
   0.44863E+02   0.24924E+00   0.44974E+02  -0.24379E+01  -0.10827E-01  -0.26225E+00   0.91090E+01  -0.57489E+01  -0.47728E+00   0.41963E-05   0.39667E-16   0.61269E-03  -0.18465E-14   0.17668E-16  -0.27146E-15   0.00000E+00
   0.43970E+02   0.24428E+00   0.44078E+02  -0.24529E+01  -0.23647E-01  -0.39326E+00   0.93050E+01  -0.57723E+01  -0.50452E+00   0.31267E-05   0.75055E-16   0.65446E-03  -0.88119E-15   0.19372E-15   0.10202E-15   0.00000E+00
   0.43098E+02   0.23943E+00   0.43204E+02  -0.24563E+01  -0.40276E-01  -0.50814E+00   0.94792E+01  -0.57908E+01  -0.53549E+00   0.19712E-05   0.29271E-16   0.69604E-03  -0.46972E-14  -0.10589E-15  -0.10592E-15   0.00000E+00
   0.42246E+02   0.23470E+00   0.42350E+02  -0.24508E+01  -0.60107E-01  -0.60244E+00   0.96284E+01  -0.58037E+01  -0.56984E+00   0.73701E-06   0.51684E-16   0.73740E-03  -0.89773E-14  -0.19006E-15   0.80797E-16   0.00000E+00
   0.41413E+02   0.23007E+00   0.41515E+02  -0.24392E+01  -0.82148E-01  -0.67317E+00   0.97506E+01  -0.58115E+01  -0.60622E+00  -0.56629E-06  -0.73346E-17   0.77807E-03  -0.87989E-14  -0.35701E-16  -0.10770E-15   0.00000E+00
   0.40597E+02   0.22554E+00   0.40697E+02  -0.24244E+01  -0.10533E+00  -0.71867E+00   0.98444E+01  -0.58146E+01  -0.64292E+00  -0.19174E-05   0.75771E-16   0.81712E-03   0.12998E-13   0.20163E-15  -0.19581E-15   0.00000E+00
   0.39798E+02   0.22110E+00   0.39896E+02  -0.24094E+01  -0.12872E+00  -0.73908E+00   0.99096E+01  -0.58141E+01  -0.67775E+00  -0.32773E-05   0.55750E-16   0.85348E-03  -0.13177E-13  -0.17990E-15  -0.88083E-16   0.00000E+00
   0.39015E+02   0.21675E+00   0.39111E+02  -0.23968E+01  -0.15163E+00  -0.73676E+00   0.99476E+01  -0.58114E+01  -0.70816E+00  -0.45928E-05   0.46443E-16   0.88628E-03   0.14536E-13  -0.17615E-15   0.14885E-15   0.00000E+00
   0.38246E+02   0.21248E+00   0.38340E+02  -0.23875E+01  -0.17357E+00  -0.71608E+00   0.99612E+01  -0.58078E+01  -0.73188E+00  -0.58090E-05   0.67427E-16   0.91517E-03  -0.21227E-13  -0.24429E-15  -0.61776E-18   0.00000E+00
   0.37491E+02   0.20829E+00   0.37584E+02  -0.23803E+01  -0.19424E+00  -0.68243E+00   0.99542E+01  -0.58041E+01  -0.74795E+00  -0.68835E-05   0.10969E-15   0.94067E-03  -0.11328E-14   0.40414E-17  -0.30623E-18   0.00000E+00
   0.36749E+02   0.20416E+00   0.36840E+02  -0.23719E+01  -0.21342E+00  -0.64118E+00   0.99297E+01  -0.58003E+01  -0.75728E+00  -0.77955E-05   0.92205E-16   0.96412E-03   0.15976E-13  -0.21813E-15   0.97944E-16   0.00000E+00
   0.36019E+02   0.20011E+00   0.36108E+02  -0.23580E+01  -0.23090E+00  -0.59699E+00   0.98903E+01  -0.57955E+01  -0.76209E+00  -0.85490E-05   0.73747E-16   0.98759E-03  -0.24468E-14   0.13127E-15   0.33488E-16   0.00000E+00
   0.35301E+02   0.19611E+00   0.35388E+02  -0.23345E+01  -0.24640E+00  -0.55382E+00   0.98380E+01  -0.57885E+01  -0.76487E+00  -0.91709E-05   0.85774E-16   0.10135E-02   0.96087E-15   0.66527E-18  -0.56658E-19   0.00000E+00
   0.34593E+02   0.19218E+00   0.34678E+02  -0.22990E+01  -0.25960E+00  -0.51518E+00   0.97743E+01  -0.57784E+01  -0.76742E+00  -0.97062E-05   0.11265E-15   0.10439E-02   0.51441E-14   0.37841E-16   0.36295E-16   0.00000E+00
   0.33894E+02   0.18830E+00   0.33978E+02  -0.22510E+01  -0.27024E+00  -0.48456E+00   0.97014E+01  -0.57648E+01  -0.77025E+00  -0.10209E-04   0.10711E-15   0.10804E-02  -0.33923E-13  -0.37371E-15   0.36689E-16   0.00000E+00
   0.33206E+02   0.18448E+00   0.33287E+02  -0.21914E+01  -0.27826E+00  -0.46538E+00   0.96219E+01  -0.57478E+01  -0.77282E+00  -0.10730E-04   0.92848E-16   0.11231E-02   0.27864E-13  -0.12345E-15  -0.15456E-15   0.00000E+00
   0.32525E+02   0.18070E+00   0.32605E+02  -0.21216E+01  -0.28385E+00  -0.46075E+00   0.95386E+01  -0.57279E+01  -0.77413E+00  -0.11310E-04   0.16362E-15   0.11712E-02  -0.79701E-13  -0.23918E-15  -0.39847E-16   0.00000E+00
   0.31853E+02   0.17696E+00   0.31932E+02  -0.20427E+01  -0.28750E+00  -0.47315E+00   0.94541E+01  -0.57053E+01  -0.77362E+00  -0.11962E-04   0.11412E-15   0.12222E-02   0.51193E-13  -0.15957E-15   0.82911E-16   0.00000E+00
   0.31189E+02   0.17327E+00   0.31266E+02  -0.19545E+01  -0.28982E+00  -0.50450E+00   0.93707E+01  -0.56796E+01  -0.77166E+00  -0.12668E-04   0.13371E-15   0.12731E-02  -0.29615E-14  -0.55513E-18  -0.42885E-16   0.00000E+00
   0.30532E+02   0.16962E+00   0.30607E+02  -0.18562E+01  -0.29141E+00  -0.55622E+00   0.92897E+01  -0.56504E+01  -0.76918E+00  -0.13374E-04   0.10536E-15   0.13203E-02   0.50161E-14  -0.38051E-15  -0.88499E-16   0.00000E+00
   0.29881E+02   0.16601E+00   0.29955E+02  -0.17464E+01  -0.29274E+00  -0.62907E+00   0.92121E+01  -0.56173E+01  -0.76688E+00  -0.13998E-04   0.18201E-15   0.13598E-02  -0.12951E-14  -0.93718E-16  -0.27872E-15   0.00000E+00
   0.29237E+02   0.16243E+00   0.29309E+02  -0.16242E+01  -0.29400E+00  -0.72272E+00   0.91377E+01  -0.55804E+01  -0.76469E+00  -0.14440E-04   0.13444E-15   0.13881E-02   0.32023E-13   0.42769E-15  -0.29190E-15   0.00000E+00
   0.28598E+02   0.15888E+00   0.28669E+02  -0.14897E+01  -0.29512E+00  -0.83538E+00   0.90651E+01  -0.55400E+01  -0.76185E+00  -0.14612E-04   0.18589E-15   0.14020E-02  -0.38320E-14  -0.73894E-16   0.35409E-15   0.00000E+00
   0.27965E+02   0.15536E+00   0.28034E+02  -0.13432E+01  -0.29577E+00  -0.96368E+00   0.89917E+01  -0.54966E+01  -0.75743E+00  -0.14452E-04   0.10056E-15   0.13989E-02  -0.43185E-13   0.13973E-15   0.51088E-16   0.00000E+00
   0.27337E+02   0.15187E+00   0.27405E+02  -0.11855E+01  -0.29549E+00  -0.11031E+01   0.89142E+01  -0.54506E+01  -0.75071E+00  -0.13941E-04   0.79621E-16   0.13764E-02  -0.12619E-13   0.13066E-16  -0.54857E-16   0.00000E+00
   0.26714E+02   0.14841E+00   0.26780E+02  -0.10176E+01  -0.29372E+00  -0.12482E+01   0.88282E+01  -0.54019E+01  -0.74127E+00  -0.13102E-04   0.25133E-15   0.13330E-02   0.80824E-13  -0.64700E-16  -0.17124E-15   0.00000E+00
   0.26096E+02   0.14498E+00   0.26160E+02  -0.84117E+00  -0.28992E+00  -0.13934E+01   0.87295E+01  -0.53505E+01  -0.72882E+00  -0.11987E-04   0.21766E-15   0.12677E-02  -0.10828E-12  -0.18485E-15   0.30927E-16   0.00000E+00
   0.25481E+02   0.14156E+00   0.25544E+02  -0.65861E+00  -0.28371E+00  -0.15335E+01   0.86142E+01  -0.52962E+01  -0.71309E+00  -0.10664E-04   0.20534E-15   0.11799E-02   0.18346E-13  -0.49688E-17   0.61909E-16   0.00000E+00
   0.24871E+02   0.13817E+00   0.24932E+02  -0.47244E+00  -0.27493E+00  -0.16640E+01   0.84790E+01  -0.52387E+01  -0.69381E+00  -0.92026E-05   0.18864E-15   0.10703E-02   0.49196E-13  -0.61461E-15   0.42252E-15   0.00000E+00
   0.24264E+02   0.13480E+00   0.24324E+02  -0.28491E+00  -0.26374E+00  -0.17820E+01   0.83218E+01  -0.51780E+01  -0.67076E+00  -0.76681E-05   0.11387E-15   0.94015E-03   0.13574E-14   0.21340E-15   0.10515E-15   0.00000E+00
   0.23661E+02   0.13145E+00   0.23719E+02  -0.97463E-01  -0.25056E+00  -0.18860E+01   0.81416E+01  -0.51140E+01  -0.64375E+00  -0.61138E-05   0.14536E-15   0.79146E-03  -0.46630E-13  -0.25060E-15  -0.78796E-18   0.00000E+00
   0.23061E+02   0.12811E+00   0.23117E+02   0.89184E-01  -0.23607E+00  -0.19762E+01   0.79387E+01  -0.50470E+01  -0.61249E+00  -0.45813E-05   0.26352E-15   0.62677E-03  -0.73449E-14   0.18195E-15   0.75060E-16   0.00000E+00
   0.22464E+02   0.12480E+00   0.22519E+02   0.27468E+00  -0.22105E+00  -0.20533E+01   0.77141E+01  -0.49772E+01  -0.57662E+00  -0.31009E-05   0.69931E-16   0.44877E-03   0.12828E-13  -0.83017E-15   0.38757E-18   0.00000E+00
   0.21869E+02   0.12150E+00   0.21923E+02   0.45871E+00  -0.20629E+00  -0.21181E+01   0.74689E+01  -0.49051E+01  -0.53588E+00  -0.16950E-05   0.16726E-15   0.25990E-03   0.38877E-13  -0.16222E-14   0.20920E-16   0.00000E+00
   0.21277E+02   0.11821E+00   0.21330E+02   0.64083E+00  -0.19248E+00  -0.21704E+01   0.72039E+01  -0.48310E+01  -0.49027E+00  -0.38130E-06   0.17922E-15   0.62118E-04  -0.23176E-13  -0.15832E-14  -0.64585E-16   0.00000E+00
   0.20688E+02   0.11493E+00   0.20739E+02   0.82027E+00  -0.18010E+00  -0.22085E+01   0.69193E+01  -0.47550E+01  -0.44006E+00   0.82501E-06   0.29412E-15  -0.14338E-03   0.88546E-14  -0.31667E-14   0.25122E-15   0.00000E+00
   0.20101E+02   0.11167E+00   0.20151E+02   0.99551E+00  -0.16936E+00  -0.22288E+01   0.66142E+01  -0.46771E+01  -0.38550E+00   0.19113E-05   0.39759E-15  -0.35618E-03   0.65070E-14  -0.58890E-14  -0.18862E-15   0.00000E+00
   0.19516E+02   0.10842E+00   0.19564E+02   0.11639E+01  -0.16023E+00  -0.22264E+01   0.62872E+01  -0.45973E+01  -0.32661E+00   0.28689E-05   0.31356E-15  -0.57658E-03  -0.81535E-13  -0.10055E-13   0.15432E-15   0.00000E+00
   0.18934E+02   0.10519E+00   0.18980E+02   0.13216E+01  -0.15240E+00  -0.21956E+01   0.59370E+01  -0.45155E+01  -0.26321E+00   0.36942E-05   0.39657E-15  -0.80541E-03  -0.28314E-13  -0.19141E-13  -0.81181E-16   0.00000E+00
   0.18353E+02   0.10196E+00   0.18398E+02   0.14644E+01  -0.14546E+00  -0.21313E+01   0.55631E+01  -0.44315E+01  -0.19518E+00   0.43878E-05   0.57050E-15  -0.10437E-02   0.53264E-13  -0.35720E-13   0.47883E-16   0.00000E+00
   0.17773E+02   0.98741E-01   0.17817E+02   0.15883E+01  -0.13892E+00  -0.20302E+01   0.51659E+01  -0.43449E+01  -0.12287E+00   0.49529E-05   0.78703E-15  -0.12921E-02   0.36923E-14  -0.67174E-13   0.20669E-15   0.00000E+00
   0.17196E+02   0.95532E-01   0.17238E+02   0.16901E+01  -0.13235E+00  -0.18913E+01   0.47477E+01  -0.42551E+01  -0.47097E-01   0.53928E-05   0.13483E-14  -0.15508E-02   0.38945E-13  -0.12945E-12   0.20923E-16   0.00000E+00
   0.16620E+02   0.92332E-01   0.16661E+02   0.17678E+01  -0.12542E+00  -0.17159E+01   0.43117E+01  -0.41612E+01   0.31131E-01   0.57101E-05   0.20727E-14  -0.18187E-02  -0.97117E-13  -0.24787E-12   0.11122E-14   0.00000E+00
   0.16045E+02   0.89139E-01   0.16085E+02   0.18205E+01  -0.11798E+00  -0.15065E+01   0.38617E+01  -0.40630E+01   0.11109E+00   0.59068E-05   0.33673E-14  -0.20932E-02   0.91307E-13  -0.48218E-12   0.21195E-14   0.00000E+00
   0.15472E+02   0.85954E-01   0.15510E+02   0.18481E+01  -0.11002E+00  -0.12657E+01   0.34007E+01  -0.39603E+01   0.19274E+00   0.59859E-05   0.60192E-14  -0.23707E-02  -0.96848E-13  -0.94634E-12   0.46872E-14   0.00000E+00
   0.14900E+02   0.82776E-01   0.14936E+02   0.18508E+01  -0.10168E+00  -0.99507E+00   0.29301E+01  -0.38538E+01   0.27688E+00   0.59526E-05   0.11099E-13  -0.26459E-02  -0.18306E-13  -0.18719E-11   0.10547E-13   0.00000E+00
   0.14329E+02   0.79605E-01   0.14364E+02   0.18287E+01  -0.93192E-01  -0.69463E+00   0.24498E+01  -0.37440E+01   0.36480E+00   0.58137E-05   0.20398E-13  -0.29132E-02   0.64204E-13  -0.37365E-11   0.23030E-13   0.00000E+00
   0.13759E+02   0.76439E-01   0.13793E+02   0.17819E+01  -0.84822E-01  -0.36390E+00   0.19583E+01  -0.36321E+01   0.45777E+00   0.55751E-05   0.38443E-13  -0.31660E-02   0.50965E-13  -0.75390E-11   0.49313E-13   0.00000E+00
   0.13190E+02   0.73279E-01   0.13223E+02   0.17106E+01  -0.76787E-01  -0.30726E-02   0.14544E+01  -0.35186E+01   0.55646E+00   0.52394E-05   0.74664E-13  -0.33983E-02  -0.14564E-12  -0.15383E-10   0.10289E-12   0.00000E+00
   0.12622E+02   0.70125E-01   0.12653E+02   0.16157E+01  -0.69216E-01   0.38571E+00   0.93829E+00  -0.34042E+01   0.66054E+00   0.48046E-05   0.15034E-12  -0.36039E-02  -0.33650E-12  -0.31759E-10   0.21322E-12   0.00000E+00
   0.12055E+02   0.66975E-01   0.12085E+02   0.14997E+01  -0.62132E-01   0.79750E+00   0.41247E+00  -0.32889E+01   0.76850E+00   0.42677E-05   0.31475E-12  -0.37777E-02  -0.10226E-11  -0.66379E-10   0.43554E-12   0.00000E+00
   0.11489E+02   0.63830E-01   0.11518E+02   0.13667E+01  -0.55465E-01   0.12244E+01  -0.11795E+00  -0.31727E+01   0.87790E+00   0.36297E-05   0.68206E-12  -0.39151E-02  -0.35681E-11  -0.14038E-09   0.88182E-12   0.00000E+00
   0.10924E+02   0.60689E-01   0.10951E+02   0.12225E+01  -0.49098E-01   0.16566E+01  -0.64600E+00  -0.30554E+01   0.98595E+00   0.29033E-05   0.15102E-11  -0.40123E-02  -0.12566E-10  -0.30004E-09   0.17443E-11   0.00000E+00
   0.10359E+02   0.57552E-01   0.10385E+02   0.10729E+01  -0.42921E-01   0.20842E+01  -0.11643E+01  -0.29372E+01   0.10903E+01   0.21177E-05   0.33742E-11  -0.40665E-02  -0.40528E-10  -0.64671E-09   0.33488E-11   0.00000E+00
   0.97955E+01   0.54419E-01   0.98196E+01   0.92355E+00  -0.36873E-01   0.24993E+01  -0.16672E+01  -0.28184E+01   0.11893E+01   0.13194E-05   0.75108E-11  -0.40749E-02  -0.12390E-09  -0.14017E-08   0.61578E-11   0.00000E+00
   0.92322E+01   0.51290E-01   0.92549E+01   0.77805E+00  -0.30966E-01   0.28977E+01  -0.21515E+01  -0.26998E+01   0.12823E+01   0.56635E-06   0.16504E-10  -0.40351E-02  -0.36102E-09  -0.30441E-08   0.10644E-10   0.00000E+00
   0.86695E+01   0.48164E-01   0.86908E+01   0.63897E+00  -0.25269E-01   0.32790E+01  -0.26176E+01  -0.25818E+01   0.13685E+01  -0.84281E-07   0.35610E-10  -0.39445E-02  -0.10095E-08  -0.65957E-08   0.16725E-10   0.00000E+00
   0.81073E+01   0.45041E-01   0.81273E+01   0.50852E+00  -0.19886E-01   0.36453E+01  -0.30677E+01  -0.24644E+01   0.14465E+01  -0.58888E-06   0.75165E-10  -0.38007E-02  -0.27219E-08  -0.14187E-07   0.21781E-10   0.00000E+00
   0.75457E+01   0.41921E-01   0.75643E+01   0.38935E+00  -0.14929E-01   0.39994E+01  -0.35052E+01  -0.23476E+01   0.15147E+01  -0.92600E-06   0.15482E-09  -0.36020E-02  -0.70831E-08  -0.30124E-07   0.15558E-10   0.00000E+00
   0.69846E+01   0.38803E-01   0.70017E+01   0.28441E+00  -0.10501E-01   0.43441E+01  -0.39333E+01  -0.22312E+01   0.15711E+01  -0.10965E-05   0.31020E-09  -0.33485E-02  -0.17762E-07  -0.62740E-07  -0.32343E-10   0.00000E+00
   0.64239E+01   0.35688E-01   0.64397E+01   0.19602E+00  -0.66998E-02   0.46813E+01  -0.43539E+01  -0.21144E+01   0.16140E+01  -0.11160E-05   0.60123E-09  -0.30440E-02  -0.42759E-07  -0.12725E-06  -0.20004E-09   0.00000E+00
   0.58636E+01   0.32575E-01   0.58780E+01   0.12497E+00  -0.36127E-02   0.50120E+01  -0.47671E+01  -0.19962E+01   0.16407E+01  -0.10032E-05   0.11189E-08  -0.26968E-02  -0.98220E-07  -0.24919E-06  -0.66702E-09   0.00000E+00
   0.53037E+01   0.29465E-01   0.53167E+01   0.70686E-01  -0.13074E-02   0.53348E+01  -0.51699E+01  -0.18736E+01   0.16470E+01  -0.77055E-06   0.19795E-08  -0.23198E-02  -0.21347E-06  -0.46652E-06  -0.18062E-08   0.00000E+00
   0.47442E+01   0.26356E-01   0.47558E+01   0.32179E-01   0.19455E-03   0.56445E+01  -0.55549E+01  -0.17421E+01   0.16261E+01  -0.42135E-06   0.32872E-08  -0.19295E-02  -0.43415E-06  -0.82501E-06  -0.43085E-08   0.00000E+00
   0.41850E+01   0.23250E-01   0.41953E+01   0.81494E-02   0.94817E-03   0.59294E+01  -0.59074E+01  -0.15955E+01   0.15695E+01   0.40747E-07   0.50433E-08  -0.15438E-02  -0.81425E-06  -0.13581E-05  -0.92808E-08   0.00000E+00
   0.36261E+01   0.20145E-01   0.36350E+01  -0.37063E-02   0.11013E-02   0.61676E+01  -0.62015E+01  -0.14276E+01   0.14692E+01   0.58626E-06   0.70091E-08  -0.11795E-02  -0.13818E-05  -0.20431E-05  -0.18144E-07   0.00000E+00
   0.30676E+01   0.17042E-01   0.30751E+01  -0.69391E-02   0.87810E-03   0.63207E+01  -0.63946E+01  -0.12327E+01   0.13181E+01   0.11249E-05   0.86160E-08  -0.85105E-03  -0.20693E-05  -0.27426E-05  -0.32027E-07   0.00000E+00
   0.25093E+01   0.13940E-01   0.25155E+01  -0.55800E-02   0.52291E-03   0.63240E+01  -0.64184E+01  -0.10072E+01   0.11123E+01   0.14922E-05   0.91107E-08  -0.56940E-03  -0.26430E-05  -0.31803E-05  -0.50375E-07   0.00000E+00
   0.19513E+01   0.10840E-01   0.19561E+01  -0.29728E-02   0.22425E-03   0.60741E+01  -0.61673E+01  -0.75236E+00   0.85355E+00   0.15079E-05   0.80396E-08  -0.34200E-03  -0.27408E-05  -0.30394E-05  -0.68952E-07   0.00000E+00
   0.13935E+01   0.77416E-02   0.13969E+01  -0.10124E-02   0.60581E-04   0.54117E+01  -0.54840E+01  -0.48010E+00   0.55696E+00   0.11226E-05   0.57057E-08  -0.17305E-03  -0.21324E-05  -0.22176E-05  -0.78498E-07   0.00000E+00
   0.83595E+00   0.46441E-02   0.83800E+00  -0.16401E-03   0.72743E-05   0.41033E+01  -0.41424E+01  -0.22131E+00   0.26185E+00   0.53887E-06   0.29662E-08  -0.63737E-04  -0.10671E-05  -0.10601E-05  -0.66847E-07   0.00000E+00
   0.27861E+00   0.15479E-02   0.27930E+00  -0.44240E-05   0.13287E-06   0.18213E+01  -0.18317E+01  -0.37769E-01   0.48063E-01   0.12104E-06   0.83240E-09  -0.11971E-04  -0.24370E-06  -0.23300E-06  -0.27442E-07   0.00000E+00
