   0.19235E+03   0.96417E+00   0.29629E+03   0.12179E+01   0.42718E-01  -0.28001E-01   0.00000E+00   0.00000E+00   0.00000E+00   0.00000E+00   0.00000E+00   0.00000E+00   0.00000E+00   0.00000E+00   0.00000E+00
   0.18762E+03   0.94036E+00   0.28898E+03   0.60401E+00   0.71121E-01   0.38360E-01   0.00000E+00   0.00000E+00   0.00000E+00   0.00000E+00   0.00000E+00   0.00000E+00   0.00000E+00   0.00000E+00   0.00000E+00
   0.18292E+03   0.91667E+00   0.28170E+03   0.33812E+00   0.10573E+00   0.13619E+00   0.00000E+00   0.00000E+00   0.00000E+00   0.00000E+00   0.00000E+00   0.00000E+00   0.00000E+00   0.00000E+00   0.00000E+00
   0.17826E+03   0.89314E+00   0.27447E+03   0.18607E+00   0.13770E+00   0.22396E+00   0.00000E+00   0.00000E+00   0.00000E+00   0.00000E+00   0.00000E+00   0.00000E+00   0.00000E+00   0.00000E+00   0.00000E+00
   0.17365E+03   0.86983E+00   0.26730E+03   0.83293E-01   0.16423E+00   0.23047E+00   0.00000E+00   0.00000E+00   0.00000E+00   0.00000E+00   0.00000E+00   0.00000E+00   0.00000E+00   0.00000E+00   0.00000E+00
   0.16910E+03   0.84677E+00   0.26022E+03   0.13197E-01   0.18820E+00   0.15072E+00   0.00000E+00   0.00000E+00   0.00000E+00   0.00000E+00   0.00000E+00   0.00000E+00   0.00000E+00   0.00000E+00   0.00000E+00
   0.16461E+03   0.82400E+00   0.25322E+03  -0.30187E-01   0.21213E+00   0.73353E-01   0.00000E+00   0.00000E+00   0.00000E+00   0.00000E+00   0.00000E+00   0.00000E+00   0.00000E+00   0.00000E+00   0.00000E+00
   0.16019E+03   0.80156E+00   0.24633E+03  -0.60869E-01   0.23958E+00   0.78635E-01   0.00000E+00   0.00000E+00   0.00000E+00   0.00000E+00   0.00000E+00   0.00000E+00   0.00000E+00   0.00000E+00   0.00000E+00
   0.15585E+03   0.77949E+00   0.23954E+03  -0.81872E-01   0.26966E+00   0.16125E+00   0.00000E+00   0.00000E+00   0.00000E+00   0.00000E+00   0.00000E+00   0.00000E+00   0.00000E+00   0.00000E+00   0.00000E+00
   0.15159E+03   0.75782E+00   0.23288E+03  -0.93234E-01   0.29658E+00   0.25158E+00   0.00000E+00   0.00000E+00   0.00000E+00   0.00000E+00   0.00000E+00   0.00000E+00   0.00000E+00   0.00000E+00   0.00000E+00
   0.14742E+03   0.73658E+00   0.22636E+03  -0.10214E+00   0.31625E+00   0.29827E+00   0.00000E+00   0.00000E+00   0.00000E+00   0.00000E+00   0.00000E+00   0.00000E+00   0.00000E+00   0.00000E+00   0.00000E+00
   0.14334E+03   0.71579E+00   0.21997E+03  -0.10913E+00   0.32690E+00   0.32350E+00   0.00000E+00   0.00000E+00   0.00000E+00   0.00000E+00   0.00000E+00   0.00000E+00   0.00000E+00   0.00000E+00   0.00000E+00
   0.13935E+03   0.69548E+00   0.21373E+03  -0.11270E+00   0.32920E+00   0.36102E+00   0.00000E+00   0.00000E+00   0.00000E+00   0.00000E+00   0.00000E+00   0.00000E+00   0.00000E+00   0.00000E+00   0.00000E+00
   0.13547E+03   0.67566E+00   0.20764E+03  -0.11334E+00   0.32536E+00   0.40334E+00   0.00000E+00   0.00000E+00   0.00000E+00   0.00000E+00   0.00000E+00   0.00000E+00   0.00000E+00   0.00000E+00   0.00000E+00
   0.13168E+03   0.65636E+00   0.20170E+03  -0.11476E+00   0.31719E+00   0.41542E+00   0.00000E+00   0.00000E+00   0.00000E+00   0.00000E+00   0.00000E+00   0.00000E+00   0.00000E+00   0.00000E+00   0.00000E+00
   0.12800E+03   0.63758E+00   0.19593E+03  -0.11978E+00   0.30571E+00   0.38743E+00   0.00000E+00   0.00000E+00   0.00000E+00   0.00000E+00   0.00000E+00   0.00000E+00   0.00000E+00   0.00000E+00   0.00000E+00
   0.12443E+03   0.61934E+00   0.19033E+03  -0.13228E+00   0.29125E+00   0.34026E+00   0.00000E+00   0.00000E+00   0.00000E+00   0.00000E+00   0.00000E+00   0.00000E+00   0.00000E+00   0.00000E+00   0.00000E+00
   0.12095E+03   0.60163E+00   0.18489E+03  -0.15116E+00   0.27580E+00   0.28814E+00   0.00000E+00   0.00000E+00   0.00000E+00   0.00000E+00   0.00000E+00   0.00000E+00   0.00000E+00   0.00000E+00   0.00000E+00
   0.11759E+03   0.58448E+00   0.17961E+03  -0.16684E+00   0.26053E+00   0.23150E+00   0.00000E+00   0.00000E+00   0.00000E+00   0.00000E+00   0.00000E+00   0.00000E+00   0.00000E+00   0.00000E+00   0.00000E+00
   0.11434E+03   0.56786E+00   0.17451E+03  -0.17096E+00   0.24516E+00   0.19222E+00   0.00000E+00   0.00000E+00   0.00000E+00   0.00000E+00   0.00000E+00   0.00000E+00   0.00000E+00   0.00000E+00   0.00000E+00
   0.11119E+03   0.55179E+00   0.16957E+03  -0.16844E+00   0.22919E+00   0.18079E+00   0.00000E+00   0.00000E+00   0.00000E+00   0.00000E+00   0.00000E+00   0.00000E+00   0.00000E+00   0.00000E+00   0.00000E+00
   0.10815E+03   0.53626E+00   0.16480E+03  -0.16934E+00   0.21171E+00   0.16367E+00   0.00000E+00   0.00000E+00   0.00000E+00   0.00000E+00   0.00000E+00   0.00000E+00   0.00000E+00   0.00000E+00   0.00000E+00
   0.10521E+03   0.52126E+00   0.16019E+03  -0.16805E+00   0.19388E+00   0.12546E+00   0.00000E+00   0.00000E+00   0.00000E+00   0.00000E+00   0.00000E+00   0.00000E+00   0.00000E+00   0.00000E+00   0.00000E+00
   0.10237E+03   0.50679E+00   0.15574E+03  -0.16202E+00   0.17656E+00   0.81994E-01   0.00000E+00   0.00000E+00   0.00000E+00   0.00000E+00   0.00000E+00   0.00000E+00   0.00000E+00   0.00000E+00   0.00000E+00
   0.99635E+02   0.49284E+00   0.15145E+03  -0.16037E+00   0.15779E+00   0.28518E-01   0.00000E+00   0.00000E+00   0.00000E+00   0.00000E+00   0.00000E+00   0.00000E+00   0.00000E+00   0.00000E+00   0.00000E+00
   0.96996E+02   0.47939E+00   0.14732E+03  -0.16663E+00   0.13557E+00  -0.36367E-01   0.00000E+00   0.00000E+00   0.00000E+00   0.00000E+00   0.00000E+00   0.00000E+00   0.00000E+00   0.00000E+00   0.00000E+00
   0.94452E+02   0.46643E+00   0.14334E+03  -0.18126E+00   0.11027E+00  -0.82028E-01   0.00000E+00   0.00000E+00   0.00000E+00   0.00000E+00   0.00000E+00   0.00000E+00   0.00000E+00   0.00000E+00   0.00000E+00
   0.92001E+02   0.45396E+00   0.13951E+03  -0.19892E+00   0.85144E-01  -0.80321E-01   0.00000E+00   0.00000E+00   0.00000E+00   0.00000E+00   0.00000E+00   0.00000E+00   0.00000E+00   0.00000E+00   0.00000E+00
   0.89640E+02   0.44195E+00   0.13582E+03  -0.20655E+00   0.63916E-01  -0.31088E-01   0.00000E+00   0.00000E+00   0.00000E+00   0.00000E+00   0.00000E+00   0.00000E+00   0.00000E+00   0.00000E+00   0.00000E+00
   0.87367E+02   0.43040E+00   0.13226E+03  -0.19723E+00   0.48123E-01   0.40415E-01   0.00000E+00   0.00000E+00   0.00000E+00   0.00000E+00   0.00000E+00   0.00000E+00   0.00000E+00   0.00000E+00   0.00000E+00
   0.85180E+02   0.41928E+00   0.12885E+03  -0.17937E+00   0.37109E-01   0.12780E+00   0.00000E+00   0.00000E+00   0.00000E+00   0.00000E+00   0.00000E+00   0.00000E+00   0.00000E+00   0.00000E+00   0.00000E+00
   0.83074E+02   0.40858E+00   0.12556E+03  -0.16041E+00   0.29064E-01   0.21959E+00   0.00000E+00   0.00000E+00   0.00000E+00   0.00000E+00   0.00000E+00   0.00000E+00   0.00000E+00   0.00000E+00   0.00000E+00
   0.81048E+02   0.39828E+00   0.12240E+03  -0.14783E+00   0.21793E-01   0.28126E+00   0.00000E+00   0.00000E+00   0.00000E+00   0.00000E+00   0.00000E+00   0.00000E+00   0.00000E+00   0.00000E+00   0.00000E+00
   0.79096E+02   0.38838E+00   0.11935E+03  -0.13964E+00   0.14088E-01   0.30031E+00   0.00000E+00   0.00000E+00   0.00000E+00   0.00000E+00   0.00000E+00   0.00000E+00   0.00000E+00   0.00000E+00   0.00000E+00
   0.77218E+02   0.37885E+00   0.11642E+03  -0.13514E+00   0.60695E-02   0.28658E+00   0.00000E+00   0.00000E+00   0.00000E+00   0.00000E+00   0.00000E+00   0.00000E+00   0.00000E+00   0.00000E+00   0.00000E+00
   0.75408E+02   0.36967E+00   0.11360E+03  -0.13647E+00  -0.18383E-02   0.26582E+00   0.00000E+00   0.00000E+00   0.00000E+00   0.00000E+00   0.00000E+00   0.00000E+00   0.00000E+00   0.00000E+00   0.00000E+00
   0.73666E+02   0.36084E+00   0.11089E+03  -0.14580E+00  -0.88404E-02   0.26015E+00   0.00000E+00   0.00000E+00   0.00000E+00   0.00000E+00   0.00000E+00   0.00000E+00   0.00000E+00   0.00000E+00   0.00000E+00
   0.71986E+02   0.35233E+00   0.10827E+03  -0.16146E+00  -0.14756E-01   0.28095E+00   0.00000E+00   0.00000E+00   0.00000E+00   0.00000E+00   0.00000E+00   0.00000E+00   0.00000E+00   0.00000E+00   0.00000E+00
   0.70368E+02   0.34413E+00   0.10575E+03  -0.18552E+00  -0.20045E-01   0.33060E+00   0.00000E+00   0.00000E+00   0.00000E+00   0.00000E+00   0.00000E+00   0.00000E+00   0.00000E+00   0.00000E+00   0.00000E+00
   0.68808E+02   0.33623E+00   0.10332E+03  -0.21870E+00  -0.24659E-01   0.40737E+00   0.00000E+00   0.00000E+00   0.00000E+00   0.00000E+00   0.00000E+00   0.00000E+00   0.00000E+00   0.00000E+00   0.00000E+00
   0.67304E+02   0.32860E+00   0.10098E+03  -0.25392E+00  -0.28057E-01   0.51556E+00   0.00000E+00   0.00000E+00   0.00000E+00   0.00000E+00   0.00000E+00   0.00000E+00   0.00000E+00   0.00000E+00   0.00000E+00
   0.65851E+02   0.32125E+00   0.98721E+02  -0.29104E+00  -0.29211E-01   0.65520E+00   0.00000E+00   0.00000E+00   0.00000E+00   0.00000E+00   0.00000E+00   0.00000E+00   0.00000E+00   0.00000E+00   0.00000E+00
   0.64448E+02   0.31414E+00   0.96538E+02  -0.32861E+00  -0.27186E-01   0.81592E+00   0.00000E+00   0.00000E+00   0.00000E+00   0.00000E+00   0.00000E+00   0.00000E+00   0.00000E+00   0.00000E+00   0.00000E+00
   0.63092E+02   0.30728E+00   0.94428E+02  -0.35832E+00  -0.21801E-01   0.97752E+00   0.00000E+00   0.00000E+00   0.00000E+00   0.00000E+00   0.00000E+00   0.00000E+00   0.00000E+00   0.00000E+00   0.00000E+00
   0.61780E+02   0.30064E+00   0.92388E+02  -0.38155E+00  -0.13736E-01   0.11019E+01   0.00000E+00   0.00000E+00   0.00000E+00   0.00000E+00   0.00000E+00   0.00000E+00   0.00000E+00   0.00000E+00   0.00000E+00
   0.60510E+02   0.29422E+00   0.90414E+02  -0.40099E+00  -0.37720E-02   0.11665E+01   0.00000E+00   0.00000E+00   0.00000E+00   0.00000E+00   0.00000E+00   0.00000E+00   0.00000E+00   0.00000E+00   0.00000E+00
   0.59281E+02   0.28799E+00   0.88503E+02  -0.41815E+00   0.80189E-02   0.11798E+01   0.00000E+00   0.00000E+00   0.00000E+00   0.00000E+00   0.00000E+00   0.00000E+00   0.00000E+00   0.00000E+00   0.00000E+00
   0.58089E+02   0.28197E+00   0.86650E+02  -0.43319E+00   0.22093E-01   0.11475E+01   0.00000E+00   0.00000E+00   0.00000E+00   0.00000E+00   0.00000E+00   0.00000E+00   0.00000E+00   0.00000E+00   0.00000E+00
   0.56933E+02   0.27612E+00   0.84853E+02  -0.44698E+00   0.38632E-01   0.10763E+01   0.00000E+00   0.00000E+00   0.00000E+00   0.00000E+00   0.00000E+00   0.00000E+00   0.00000E+00   0.00000E+00   0.00000E+00
   0.55810E+02   0.27044E+00   0.83108E+02  -0.46179E+00   0.57404E-01   0.96828E+00   0.00000E+00   0.00000E+00   0.00000E+00   0.00000E+00   0.00000E+00   0.00000E+00   0.00000E+00   0.00000E+00   0.00000E+00
   0.54719E+02   0.26492E+00   0.81412E+02  -0.47651E+00   0.78102E-01   0.82713E+00   0.00000E+00   0.00000E+00   0.00000E+00   0.00000E+00   0.00000E+00   0.00000E+00   0.00000E+00   0.00000E+00   0.00000E+00
   0.53657E+02   0.25955E+00   0.79763E+02  -0.49135E+00   0.10052E+00   0.66359E+00   0.00000E+00   0.00000E+00   0.00000E+00   0.00000E+00   0.00000E+00   0.00000E+00   0.00000E+00   0.00000E+00   0.00000E+00
   0.52624E+02   0.25433E+00   0.78158E+02  -0.50604E+00   0.12470E+00   0.50347E+00   0.00000E+00   0.00000E+00   0.00000E+00   0.00000E+00   0.00000E+00   0.00000E+00   0.00000E+00   0.00000E+00   0.00000E+00
   0.51617E+02   0.24924E+00   0.76594E+02  -0.52297E+00   0.15071E+00   0.37062E+00   0.00000E+00   0.00000E+00   0.00000E+00   0.00000E+00   0.00000E+00   0.00000E+00   0.00000E+00   0.00000E+00   0.00000E+00
   0.50634E+02   0.24428E+00   0.75068E+02  -0.54544E+00   0.17824E+00   0.26836E+00   0.00000E+00   0.00000E+00   0.00000E+00   0.00000E+00   0.00000E+00   0.00000E+00   0.00000E+00   0.00000E+00   0.00000E+00
   0.49675E+02   0.23943E+00   0.73579E+02  -0.56735E+00   0.20698E+00   0.19811E+00   0.00000E+00   0.00000E+00   0.00000E+00   0.00000E+00   0.00000E+00   0.00000E+00   0.00000E+00   0.00000E+00   0.00000E+00
   0.48737E+02   0.23470E+00   0.72125E+02  -0.58554E+00   0.23682E+00   0.16773E+00   0.00000E+00   0.00000E+00   0.00000E+00   0.00000E+00   0.00000E+00   0.00000E+00   0.00000E+00   0.00000E+00   0.00000E+00
   0.47820E+02   0.23007E+00   0.70702E+02  -0.59917E+00   0.26782E+00   0.16910E+00   0.00000E+00   0.00000E+00   0.00000E+00   0.00000E+00   0.00000E+00   0.00000E+00   0.00000E+00   0.00000E+00   0.00000E+00
   0.46923E+02   0.22554E+00   0.69310E+02  -0.61010E+00   0.30051E+00   0.17991E+00   0.00000E+00   0.00000E+00   0.00000E+00   0.00000E+00   0.00000E+00   0.00000E+00   0.00000E+00   0.00000E+00   0.00000E+00
   0.46043E+02   0.22110E+00   0.67946E+02  -0.61618E+00   0.33563E+00   0.19565E+00   0.00000E+00   0.00000E+00   0.00000E+00   0.00000E+00   0.00000E+00   0.00000E+00   0.00000E+00   0.00000E+00   0.00000E+00
   0.45181E+02   0.21675E+00   0.66609E+02  -0.61790E+00   0.37355E+00   0.21926E+00   0.00000E+00   0.00000E+00   0.00000E+00   0.00000E+00   0.00000E+00   0.00000E+00   0.00000E+00   0.00000E+00   0.00000E+00
   0.44334E+02   0.21248E+00   0.65297E+02  -0.61829E+00   0.41393E+00   0.24880E+00   0.00000E+00   0.00000E+00   0.00000E+00   0.00000E+00   0.00000E+00   0.00000E+00   0.00000E+00   0.00000E+00   0.00000E+00
   0.43503E+02   0.20829E+00   0.64008E+02  -0.61685E+00   0.45607E+00   0.26848E+00   0.00000E+00   0.00000E+00   0.00000E+00   0.00000E+00   0.00000E+00   0.00000E+00   0.00000E+00   0.00000E+00   0.00000E+00
   0.42686E+02   0.20416E+00   0.62741E+02  -0.61439E+00   0.49995E+00   0.25451E+00   0.00000E+00   0.00000E+00   0.00000E+00   0.00000E+00   0.00000E+00   0.00000E+00   0.00000E+00   0.00000E+00   0.00000E+00
   0.41882E+02   0.20011E+00   0.61495E+02  -0.61512E+00   0.54601E+00   0.21890E+00   0.00000E+00   0.00000E+00   0.00000E+00   0.00000E+00   0.00000E+00   0.00000E+00   0.00000E+00   0.00000E+00   0.00000E+00
   0.41090E+02   0.19611E+00   0.60267E+02  -0.62206E+00   0.59454E+00   0.17597E+00   0.00000E+00   0.00000E+00   0.00000E+00   0.00000E+00   0.00000E+00   0.00000E+00   0.00000E+00   0.00000E+00   0.00000E+00
   0.40310E+02   0.19218E+00   0.59059E+02  -0.62802E+00   0.64550E+00   0.12926E+00   0.00000E+00   0.00000E+00   0.00000E+00   0.00000E+00   0.00000E+00   0.00000E+00   0.00000E+00   0.00000E+00   0.00000E+00
   0.39541E+02   0.18830E+00   0.57867E+02  -0.63260E+00   0.69881E+00   0.83364E-01   0.00000E+00   0.00000E+00   0.00000E+00   0.00000E+00   0.00000E+00   0.00000E+00   0.00000E+00   0.00000E+00   0.00000E+00
   0.38782E+02   0.18448E+00   0.56690E+02  -0.63469E+00   0.75472E+00   0.27870E-01   0.00000E+00   0.00000E+00   0.00000E+00   0.00000E+00   0.00000E+00   0.00000E+00   0.00000E+00   0.00000E+00   0.00000E+00
   0.38033E+02   0.18070E+00   0.55529E+02  -0.63031E+00   0.81366E+00  -0.38135E-01   0.00000E+00   0.00000E+00   0.00000E+00   0.00000E+00   0.00000E+00   0.00000E+00   0.00000E+00   0.00000E+00   0.00000E+00
   0.37292E+02   0.17696E+00   0.54382E+02  -0.61937E+00   0.87578E+00  -0.99651E-01   0.00000E+00   0.00000E+00   0.00000E+00   0.00000E+00   0.00000E+00   0.00000E+00   0.00000E+00   0.00000E+00   0.00000E+00
   0.36560E+02   0.17327E+00   0.53248E+02  -0.60358E+00   0.94112E+00  -0.14464E+00   0.00000E+00   0.00000E+00   0.00000E+00   0.00000E+00   0.00000E+00   0.00000E+00   0.00000E+00   0.00000E+00   0.00000E+00
   0.35836E+02   0.16962E+00   0.52125E+02  -0.58498E+00   0.10098E+01  -0.15947E+00   0.00000E+00   0.00000E+00   0.00000E+00   0.00000E+00   0.00000E+00   0.00000E+00   0.00000E+00   0.00000E+00   0.00000E+00
   0.35120E+02   0.16601E+00   0.51015E+02  -0.56868E+00   0.10818E+01  -0.14421E+00   0.00000E+00   0.00000E+00   0.00000E+00   0.00000E+00   0.00000E+00   0.00000E+00   0.00000E+00   0.00000E+00   0.00000E+00
   0.34411E+02   0.16243E+00   0.49915E+02  -0.54964E+00   0.11574E+01  -0.10311E+00   0.00000E+00   0.00000E+00   0.00000E+00   0.00000E+00   0.00000E+00   0.00000E+00   0.00000E+00   0.00000E+00   0.00000E+00
   0.33708E+02   0.15888E+00   0.48825E+02  -0.52491E+00   0.12371E+01  -0.43159E-01   0.00000E+00   0.00000E+00   0.00000E+00   0.00000E+00   0.00000E+00   0.00000E+00   0.00000E+00   0.00000E+00   0.00000E+00
   0.33012E+02   0.15536E+00   0.47744E+02  -0.49262E+00   0.13213E+01   0.27926E-01   0.00000E+00   0.00000E+00   0.00000E+00   0.00000E+00   0.00000E+00   0.00000E+00   0.00000E+00   0.00000E+00   0.00000E+00
   0.32322E+02   0.15187E+00   0.46672E+02  -0.45735E+00   0.14103E+01   0.10068E+00   0.00000E+00   0.00000E+00   0.00000E+00   0.00000E+00   0.00000E+00   0.00000E+00   0.00000E+00   0.00000E+00   0.00000E+00
   0.31637E+02   0.14841E+00   0.45608E+02  -0.42241E+00   0.15039E+01   0.16735E+00   0.00000E+00   0.00000E+00   0.00000E+00   0.00000E+00   0.00000E+00   0.00000E+00   0.00000E+00   0.00000E+00   0.00000E+00
   0.30957E+02   0.14498E+00   0.44552E+02  -0.38145E+00   0.16022E+01   0.21538E+00   0.00000E+00   0.00000E+00   0.00000E+00   0.00000E+00   0.00000E+00   0.00000E+00   0.00000E+00   0.00000E+00   0.00000E+00
   0.30283E+02   0.14156E+00   0.43503E+02  -0.33651E+00   0.17058E+01   0.21879E+00   0.00000E+00   0.00000E+00   0.00000E+00   0.00000E+00   0.00000E+00   0.00000E+00   0.00000E+00   0.00000E+00   0.00000E+00
   0.29613E+02   0.13817E+00   0.42461E+02  -0.28747E+00   0.18150E+01   0.17890E+00   0.00000E+00   0.00000E+00   0.00000E+00   0.00000E+00   0.00000E+00   0.00000E+00   0.00000E+00   0.00000E+00   0.00000E+00
   0.28947E+02   0.13480E+00   0.41425E+02  -0.23239E+00   0.19294E+01   0.12115E+00   0.00000E+00   0.00000E+00   0.00000E+00   0.00000E+00   0.00000E+00   0.00000E+00   0.00000E+00   0.00000E+00   0.00000E+00
   0.28285E+02   0.13145E+00   0.40395E+02  -0.16211E+00   0.20483E+01   0.62085E-01   0.00000E+00   0.00000E+00   0.00000E+00   0.00000E+00   0.00000E+00   0.00000E+00   0.00000E+00   0.00000E+00   0.00000E+00
   0.27627E+02   0.12811E+00   0.39371E+02  -0.80707E-01   0.21720E+01   0.13496E-01   0.00000E+00   0.00000E+00   0.00000E+00   0.00000E+00   0.00000E+00   0.00000E+00   0.00000E+00   0.00000E+00   0.00000E+00
   0.26973E+02   0.12480E+00   0.38351E+02   0.78943E-02   0.23007E+01  -0.24894E-01   0.00000E+00   0.00000E+00   0.00000E+00   0.00000E+00   0.00000E+00   0.00000E+00   0.00000E+00   0.00000E+00   0.00000E+00
   0.26322E+02   0.12150E+00   0.37336E+02   0.99486E-01   0.24345E+01  -0.55948E-01   0.00000E+00   0.00000E+00   0.00000E+00   0.00000E+00   0.00000E+00   0.00000E+00   0.00000E+00   0.00000E+00   0.00000E+00
   0.25675E+02   0.11821E+00   0.36326E+02   0.18736E+00   0.25727E+01  -0.79479E-01   0.00000E+00   0.00000E+00   0.00000E+00   0.00000E+00   0.00000E+00   0.00000E+00   0.00000E+00   0.00000E+00   0.00000E+00
   0.25031E+02   0.11493E+00   0.35320E+02   0.27359E+00   0.27149E+01  -0.11320E+00   0.00000E+00   0.00000E+00   0.00000E+00   0.00000E+00   0.00000E+00   0.00000E+00   0.00000E+00   0.00000E+00   0.00000E+00
   0.24390E+02   0.11167E+00   0.34318E+02   0.36008E+00   0.28606E+01  -0.18846E+00   0.00000E+00   0.00000E+00   0.00000E+00   0.00000E+00   0.00000E+00   0.00000E+00   0.00000E+00   0.00000E+00   0.00000E+00
   0.23752E+02   0.10842E+00   0.33320E+02   0.45578E+00   0.30094E+01  -0.31088E+00   0.00000E+00   0.00000E+00   0.00000E+00   0.00000E+00   0.00000E+00   0.00000E+00   0.00000E+00   0.00000E+00   0.00000E+00
   0.23117E+02   0.10519E+00   0.32324E+02   0.56569E+00   0.31611E+01  -0.47184E+00   0.00000E+00   0.00000E+00   0.00000E+00   0.00000E+00   0.00000E+00   0.00000E+00   0.00000E+00   0.00000E+00   0.00000E+00
   0.22486E+02   0.10196E+00   0.31333E+02   0.67145E+00   0.33148E+01  -0.67181E+00   0.00000E+00   0.00000E+00   0.00000E+00   0.00000E+00   0.00000E+00   0.00000E+00   0.00000E+00   0.00000E+00   0.00000E+00
   0.21857E+02   0.98741E-01   0.30344E+02   0.77907E+00   0.34695E+01  -0.92972E+00   0.00000E+00   0.00000E+00   0.00000E+00   0.00000E+00   0.00000E+00   0.00000E+00   0.00000E+00   0.00000E+00   0.00000E+00
   0.21232E+02   0.95532E-01   0.29358E+02   0.88150E+00   0.36236E+01  -0.12275E+01   0.00000E+00   0.00000E+00   0.00000E+00   0.00000E+00   0.00000E+00   0.00000E+00   0.00000E+00   0.00000E+00   0.00000E+00
   0.20610E+02   0.92332E-01   0.28374E+02   0.97365E+00   0.37754E+01  -0.15520E+01   0.00000E+00   0.00000E+00   0.00000E+00   0.00000E+00   0.00000E+00   0.00000E+00   0.00000E+00   0.00000E+00   0.00000E+00
   0.19991E+02   0.89139E-01   0.27393E+02   0.10648E+01   0.39232E+01  -0.19417E+01   0.00000E+00   0.00000E+00   0.00000E+00   0.00000E+00   0.00000E+00   0.00000E+00   0.00000E+00   0.00000E+00   0.00000E+00
   0.19376E+02   0.85954E-01   0.26414E+02   0.11556E+01   0.40653E+01  -0.24247E+01   0.00000E+00   0.00000E+00   0.00000E+00   0.00000E+00   0.00000E+00   0.00000E+00   0.00000E+00   0.00000E+00   0.00000E+00
   0.18764E+02   0.82776E-01   0.25438E+02   0.12581E+01   0.42008E+01  -0.30003E+01   0.00000E+00   0.00000E+00   0.00000E+00   0.00000E+00   0.00000E+00   0.00000E+00   0.00000E+00   0.00000E+00   0.00000E+00
   0.18156E+02   0.79605E-01   0.24463E+02   0.13913E+01   0.43290E+01  -0.36209E+01   0.00000E+00   0.00000E+00   0.00000E+00   0.00000E+00   0.00000E+00   0.00000E+00   0.00000E+00   0.00000E+00   0.00000E+00
   0.17552E+02   0.76439E-01   0.23490E+02   0.15472E+01   0.44482E+01  -0.41900E+01   0.00000E+00   0.00000E+00   0.00000E+00   0.00000E+00   0.00000E+00   0.00000E+00   0.00000E+00   0.00000E+00   0.00000E+00
   0.16952E+02   0.73279E-01   0.22519E+02   0.17103E+01   0.45567E+01  -0.47025E+01   0.00000E+00   0.00000E+00   0.00000E+00   0.00000E+00   0.00000E+00   0.00000E+00   0.00000E+00   0.00000E+00   0.00000E+00
   0.16357E+02   0.70125E-01   0.21550E+02   0.18663E+01   0.46524E+01  -0.52278E+01   0.00000E+00   0.00000E+00   0.00000E+00   0.00000E+00   0.00000E+00   0.00000E+00   0.00000E+00   0.00000E+00   0.00000E+00
   0.15767E+02   0.66975E-01   0.20582E+02   0.19901E+01   0.47350E+01  -0.57569E+01   0.00000E+00   0.00000E+00   0.00000E+00   0.00000E+00   0.00000E+00   0.00000E+00   0.00000E+00   0.00000E+00   0.00000E+00
   0.15182E+02   0.63830E-01   0.19615E+02   0.20714E+01   0.48016E+01  -0.63657E+01   0.00000E+00   0.00000E+00   0.00000E+00   0.00000E+00   0.00000E+00   0.00000E+00   0.00000E+00   0.00000E+00   0.00000E+00
   0.14603E+02   0.60689E-01   0.18650E+02   0.21195E+01   0.48454E+01  -0.70775E+01   0.00000E+00   0.00000E+00   0.00000E+00   0.00000E+00   0.00000E+00   0.00000E+00   0.00000E+00   0.00000E+00   0.00000E+00
   0.14028E+02   0.57552E-01   0.17686E+02   0.21200E+01   0.48579E+01  -0.77091E+01   0.00000E+00   0.00000E+00   0.00000E+00   0.00000E+00   0.00000E+00   0.00000E+00   0.00000E+00   0.00000E+00   0.00000E+00
   0.13458E+02   0.54419E-01   0.16723E+02   0.20758E+01   0.48299E+01  -0.80907E+01   0.00000E+00   0.00000E+00   0.00000E+00   0.00000E+00   0.00000E+00   0.00000E+00   0.00000E+00   0.00000E+00   0.00000E+00
   0.12892E+02   0.51290E-01   0.15762E+02   0.19887E+01   0.47498E+01  -0.81360E+01   0.00000E+00   0.00000E+00   0.00000E+00   0.00000E+00   0.00000E+00   0.00000E+00   0.00000E+00   0.00000E+00   0.00000E+00
   0.12330E+02   0.48164E-01   0.14801E+02   0.18706E+01   0.46069E+01  -0.77722E+01   0.00000E+00   0.00000E+00   0.00000E+00   0.00000E+00   0.00000E+00   0.00000E+00   0.00000E+00   0.00000E+00   0.00000E+00
   0.11768E+02   0.45041E-01   0.13841E+02   0.17313E+01   0.43970E+01  -0.70452E+01   0.00000E+00   0.00000E+00   0.00000E+00   0.00000E+00   0.00000E+00   0.00000E+00   0.00000E+00   0.00000E+00   0.00000E+00
   0.11205E+02   0.41921E-01   0.12883E+02   0.15954E+01   0.41216E+01  -0.58608E+01   0.00000E+00   0.00000E+00   0.00000E+00   0.00000E+00   0.00000E+00   0.00000E+00   0.00000E+00   0.00000E+00   0.00000E+00
   0.10635E+02   0.38803E-01   0.11924E+02   0.14698E+01   0.37829E+01  -0.39385E+01   0.00000E+00   0.00000E+00   0.00000E+00   0.00000E+00   0.00000E+00   0.00000E+00   0.00000E+00   0.00000E+00   0.00000E+00
   0.10053E+02   0.35688E-01   0.10967E+02   0.13461E+01   0.33913E+01  -0.13349E+01   0.00000E+00   0.00000E+00   0.00000E+00   0.00000E+00   0.00000E+00   0.00000E+00   0.00000E+00   0.00000E+00   0.00000E+00
   0.94480E+01   0.32575E-01   0.10011E+02   0.12247E+01   0.29646E+01   0.13324E+01   0.00000E+00   0.00000E+00   0.00000E+00   0.00000E+00   0.00000E+00   0.00000E+00   0.00000E+00   0.00000E+00   0.00000E+00
   0.88053E+01   0.29465E-01   0.90548E+01   0.11005E+01   0.25209E+01   0.35272E+01   0.00000E+00   0.00000E+00   0.00000E+00   0.00000E+00   0.00000E+00   0.00000E+00   0.00000E+00   0.00000E+00   0.00000E+00
   0.81042E+01   0.26356E-01   0.80995E+01   0.96101E+00   0.20843E+01   0.49228E+01   0.00000E+00   0.00000E+00   0.00000E+00   0.00000E+00   0.00000E+00   0.00000E+00   0.00000E+00   0.00000E+00   0.00000E+00
   0.73230E+01   0.23250E-01   0.71448E+01   0.81623E+00   0.16695E+01   0.51479E+01   0.00000E+00   0.00000E+00   0.00000E+00   0.00000E+00   0.00000E+00   0.00000E+00   0.00000E+00   0.00000E+00   0.00000E+00
   0.64494E+01   0.20145E-01   0.61907E+01   0.66128E+00   0.12758E+01   0.42438E+01   0.00000E+00   0.00000E+00   0.00000E+00   0.00000E+00   0.00000E+00   0.00000E+00   0.00000E+00   0.00000E+00   0.00000E+00
   0.54913E+01   0.17042E-01   0.52371E+01   0.48955E+00   0.90830E+00   0.29641E+01   0.00000E+00   0.00000E+00   0.00000E+00   0.00000E+00   0.00000E+00   0.00000E+00   0.00000E+00   0.00000E+00   0.00000E+00
   0.44810E+01   0.13940E-01   0.42840E+01   0.33622E+00   0.58481E+00   0.19291E+01   0.00000E+00   0.00000E+00   0.00000E+00   0.00000E+00   0.00000E+00   0.00000E+00   0.00000E+00   0.00000E+00   0.00000E+00
   0.34564E+01   0.10840E-01   0.33313E+01   0.21114E+00   0.32328E+00   0.14183E+01   0.00000E+00   0.00000E+00   0.00000E+00   0.00000E+00   0.00000E+00   0.00000E+00   0.00000E+00   0.00000E+00   0.00000E+00
   0.24414E+01   0.77416E-02   0.23791E+01   0.98618E-01   0.14016E+00   0.17148E+01   0.00000E+00   0.00000E+00   0.00000E+00   0.00000E+00   0.00000E+00   0.00000E+00   0.00000E+00   0.00000E+00   0.00000E+00
   0.14463E+01   0.46441E-02   0.14272E+01   0.27753E-01   0.39738E-01   0.26519E+01   0.00000E+00   0.00000E+00   0.00000E+00   0.00000E+00   0.00000E+00   0.00000E+00   0.00000E+00   0.00000E+00   0.00000E+00
   0.47567E+00   0.15479E-02   0.47567E+00   0.28043E-02   0.36606E-02   0.32188E+01   0.00000E+00   0.00000E+00   0.00000E+00   0.00000E+00   0.00000E+00   0.00000E+00   0.00000E+00   0.00000E+00   0.00000E+00
