   0.96417E+00   0.55199E+00   0.52759E-02  -0.34593E+00   0.17988E+01  -0.48631E+00   0.29373E+00   0.82296E-02   0.13653E-04  -0.84408E-05  -0.22993E-02  -0.44372E-03   0.25807E-03   0.13572E+02
   0.94036E+00   0.52170E+00   0.10526E-01  -0.25428E-01   0.51274E+00  -0.49320E+00   0.42487E-01   0.96220E-02   0.27655E-04  -0.17908E-04  -0.18134E-02  -0.44977E-03   0.25678E-03   0.14301E+02
   0.91667E+00   0.48119E+00   0.15187E-01   0.43173E-01  -0.69066E-01  -0.51333E+00   0.51532E-01   0.10343E-01   0.40969E-04  -0.24242E-04  -0.21886E-02  -0.41841E-03   0.24185E-03   0.15158E+02
   0.89314E+00   0.42590E+00   0.20208E-01   0.88139E-01  -0.28505E+00  -0.52397E+00   0.47433E-01   0.10242E-01   0.51904E-04  -0.30623E-04  -0.15451E-02  -0.37695E-03   0.22963E-03   0.16013E+02
   0.86983E+00   0.40329E+00   0.26167E-01   0.10340E+00  -0.20075E+00  -0.53380E+00   0.39855E-01   0.10273E-01   0.64960E-04  -0.43314E-04  -0.15068E-02  -0.35743E-03   0.22942E-03   0.16941E+02
   0.84677E+00   0.40520E+00   0.32978E-01   0.11829E+00   0.53281E-01  -0.54804E+00   0.36793E-01   0.10722E-01   0.83252E-04  -0.59090E-04  -0.19256E-02  -0.40566E-03   0.26213E-03   0.18042E+02
   0.82400E+00   0.40915E+00   0.40638E-01   0.12625E+00   0.35124E+00  -0.56880E+00   0.45877E-01   0.11434E-01   0.10758E-03  -0.74861E-04  -0.24779E-02  -0.52763E-03   0.33233E-03   0.19240E+02
   0.80156E+00   0.40505E+00   0.49157E-01   0.12286E+00   0.54173E+00  -0.59037E+00   0.49059E-01   0.11957E-01   0.14047E-03  -0.96286E-04  -0.26149E-02  -0.68907E-03   0.42329E-03   0.20521E+02
   0.77949E+00   0.39605E+00   0.59311E-01   0.12026E+00   0.51471E+00  -0.62036E+00   0.60195E-01   0.12828E-01   0.18635E-03  -0.13324E-03  -0.32199E-02  -0.88320E-03   0.53430E-03   0.21996E+02
   0.75782E+00   0.40648E+00   0.72235E-01   0.11032E+00   0.33427E+00  -0.66062E+00   0.79069E-01   0.14259E-01   0.24666E-03  -0.18665E-03  -0.43844E-02  -0.10838E-02   0.65059E-03   0.23828E+02
   0.73658E+00   0.45812E+00   0.89028E-01   0.11208E+00   0.17218E+00  -0.70258E+00   0.86409E-01   0.15954E-01   0.32035E-03  -0.24844E-03  -0.52550E-02  -0.12647E-02   0.75533E-03   0.26032E+02
   0.71579E+00   0.54691E+00   0.10878E+00   0.10096E+00   0.19596E+00  -0.74672E+00   0.89850E-01   0.18010E-01   0.41121E-03  -0.31605E-03  -0.53848E-02  -0.14989E-02   0.89035E-03   0.28548E+02
   0.69548E+00   0.64536E+00   0.13153E+00   0.87096E-01   0.27113E+00  -0.79725E+00   0.95054E-01   0.20458E-01   0.52645E-03  -0.39938E-03  -0.52366E-02  -0.17664E-02   0.10527E-02   0.31355E+02
   0.67566E+00   0.72275E+00   0.15779E+00   0.64688E-01   0.26383E+00  -0.85281E+00   0.96875E-01   0.23310E-01   0.65683E-03  -0.49689E-03  -0.51039E-02  -0.20022E-02   0.12101E-02   0.34554E+02
   0.65636E+00   0.77052E+00   0.18585E+00   0.43249E-01   0.14062E+00  -0.91134E+00   0.95447E-01   0.26187E-01   0.77396E-03  -0.58443E-03  -0.45831E-02  -0.22116E-02   0.13599E-02   0.38087E+02
   0.63758E+00   0.79038E+00   0.21521E+00   0.23205E-01  -0.83057E-01  -0.97097E+00   0.87114E-01   0.28788E-01   0.88067E-03  -0.66894E-03  -0.35996E-02  -0.24545E-02   0.15344E-02   0.41782E+02
   0.61934E+00   0.78335E+00   0.24631E+00   0.14442E-01  -0.36793E+00  -0.10382E+01   0.86165E-01   0.32233E-01   0.10100E-02  -0.78687E-03  -0.43462E-02  -0.28344E-02   0.17853E-02   0.45680E+02
   0.60163E+00   0.79233E+00   0.28155E+00   0.73618E-02  -0.65692E+00  -0.11208E+01   0.99831E-01   0.37364E-01   0.11780E-02  -0.94172E-03  -0.70888E-02  -0.32336E-02   0.20611E-02   0.49955E+02
   0.58448E+00   0.83389E+00   0.31986E+00   0.58448E-02  -0.78821E+00  -0.12148E+01   0.11823E+00   0.43335E-01   0.13710E-02  -0.11128E-02  -0.96305E-02  -0.36732E-02   0.23795E-02   0.54629E+02
   0.56786E+00   0.91265E+00   0.35995E+00   0.13106E-01  -0.70866E+00  -0.13148E+01   0.13268E+00   0.49501E-01   0.15556E-02  -0.12719E-02  -0.98059E-02  -0.40523E-02   0.26675E-02   0.59654E+02
   0.55179E+00   0.99650E+00   0.39744E+00   0.11014E-01  -0.65187E+00  -0.14109E+01   0.13554E+00   0.54471E-01   0.16959E-02  -0.13773E-02  -0.76014E-02  -0.43631E-02   0.29055E-02   0.64828E+02
   0.53626E+00   0.10408E+01   0.43191E+00  -0.32731E-01  -0.68495E+00  -0.15010E+01   0.11737E+00   0.58640E-01   0.18075E-02  -0.14460E-02  -0.57726E-02  -0.46575E-02   0.31388E-02   0.69858E+02
   0.52126E+00   0.10447E+01   0.46581E+00  -0.84009E-01  -0.76453E+00  -0.15901E+01   0.78673E-01   0.62958E-01   0.19211E-02  -0.15489E-02  -0.35311E-02  -0.49744E-02   0.34087E-02   0.74750E+02
   0.50679E+00   0.10091E+01   0.50043E+00  -0.11436E+00  -0.84358E+00  -0.16866E+01   0.62084E-01   0.67871E-01   0.20466E-02  -0.17000E-02  -0.30738E-02  -0.55062E-02   0.37885E-02   0.79673E+02
   0.49284E+00   0.93866E+00   0.54003E+00  -0.12555E+00  -0.88815E+00  -0.17941E+01   0.69655E-01   0.73698E-01   0.21933E-02  -0.18886E-02  -0.46740E-02  -0.61524E-02   0.41993E-02   0.84661E+02
   0.47939E+00   0.86818E+00   0.58857E+00  -0.10532E+00  -0.93445E+00  -0.19108E+01   0.89472E-01   0.80277E-01   0.23747E-02  -0.21186E-02  -0.67292E-02  -0.69432E-02   0.46600E-02   0.89799E+02
   0.46643E+00   0.83773E+00   0.64827E+00  -0.84891E-01  -0.10153E+01  -0.20366E+01   0.11745E+00   0.87172E-01   0.26024E-02  -0.23852E-02  -0.84439E-02  -0.79359E-02   0.52311E-02   0.95127E+02
   0.45396E+00   0.85404E+00   0.71579E+00  -0.75518E-01  -0.11828E+01  -0.21711E+01   0.15054E+00   0.94777E-01   0.28955E-02  -0.27107E-02  -0.11087E-01  -0.90149E-02   0.58874E-02   0.10070E+03
   0.44195E+00   0.91319E+00   0.78529E+00  -0.76220E-01  -0.14379E+01  -0.23076E+01   0.15775E+00   0.10256E+00   0.32172E-02  -0.30844E-02  -0.10953E-01  -0.97682E-02   0.64047E-02   0.10658E+03
   0.43040E+00   0.96139E+00   0.85123E+00  -0.88233E-01  -0.17605E+01  -0.24455E+01   0.15571E+00   0.11037E+00   0.35166E-02  -0.34619E-02  -0.10429E-01  -0.10472E-01   0.68958E-02   0.11275E+03
   0.41928E+00   0.10001E+01   0.91076E+00  -0.11089E+00  -0.20070E+01  -0.25863E+01   0.14171E+00   0.11822E+00   0.37648E-02  -0.38042E-02  -0.94568E-02  -0.10870E-01   0.72097E-02   0.11912E+03
   0.40858E+00   0.10158E+01   0.96291E+00  -0.12270E+00  -0.21069E+01  -0.27262E+01   0.11984E+00   0.12582E+00   0.39475E-02  -0.41030E-02  -0.82135E-02  -0.11124E-01   0.74543E-02   0.12560E+03
   0.39828E+00   0.10014E+01   0.10102E+01  -0.13735E+00  -0.20456E+01  -0.28670E+01   0.10520E+00   0.13382E+00   0.40844E-02  -0.43853E-02  -0.80081E-02  -0.11553E-01   0.78182E-02   0.13213E+03
   0.38838E+00   0.99428E+00   0.10552E+01  -0.15976E+00  -0.18714E+01  -0.30113E+01   0.10658E+00   0.14306E+00   0.42184E-02  -0.46838E-02  -0.11142E-01  -0.12166E-01   0.82908E-02   0.13870E+03
   0.37885E+00   0.10348E+01   0.11015E+01  -0.18139E+00  -0.16578E+01  -0.31596E+01   0.11591E+00   0.15346E+00   0.43624E-02  -0.49782E-02  -0.14885E-01  -0.12924E-01   0.88290E-02   0.14535E+03
   0.36967E+00   0.11246E+01   0.11505E+01  -0.20739E+00  -0.14696E+01  -0.33084E+01   0.10850E+00   0.16353E+00   0.45021E-02  -0.52439E-02  -0.15080E-01  -0.13587E-01   0.93099E-02   0.15201E+03
   0.36084E+00   0.11957E+01   0.12026E+01  -0.25509E+00  -0.12777E+01  -0.34557E+01   0.89541E-01   0.17269E+00   0.46361E-02  -0.55380E-02  -0.12172E-01  -0.14094E-01   0.97306E-02   0.15865E+03
   0.35233E+00   0.12093E+01   0.12580E+01  -0.30349E+00  -0.10763E+01  -0.36050E+01   0.82471E-01   0.18183E+00   0.47648E-02  -0.58925E-02  -0.98823E-02  -0.14637E-01   0.10242E-01   0.16536E+03
   0.34413E+00   0.11853E+01   0.13152E+01  -0.35169E+00  -0.88464E+00  -0.37637E+01   0.94708E-01   0.19191E+00   0.48764E-02  -0.62604E-02  -0.88417E-02  -0.15158E-01   0.10771E-01   0.17217E+03
   0.33623E+00   0.11497E+01   0.13714E+01  -0.38509E+00  -0.74965E+00  -0.39314E+01   0.11486E+00   0.20275E+00   0.49518E-02  -0.66079E-02  -0.75518E-02  -0.15624E-01   0.11235E-01   0.17904E+03
   0.32860E+00   0.11193E+01   0.14258E+01  -0.40383E+00  -0.64299E+00  -0.40998E+01   0.12823E+00   0.21353E+00   0.49876E-02  -0.69195E-02  -0.63278E-02  -0.15995E-01   0.11585E-01   0.18594E+03
   0.32125E+00   0.10792E+01   0.14774E+01  -0.40905E+00  -0.52788E+00  -0.42639E+01   0.13022E+00   0.22387E+00   0.50043E-02  -0.72065E-02  -0.53472E-02  -0.16267E-01   0.11828E-01   0.19282E+03
   0.31414E+00   0.10287E+01   0.15263E+01  -0.40062E+00  -0.40712E+00  -0.44263E+01   0.12067E+00   0.23407E+00   0.50201E-02  -0.75217E-02  -0.28261E-02  -0.16428E-01   0.11979E-01   0.19967E+03
   0.30728E+00   0.97914E+00   0.15724E+01  -0.39881E+00  -0.29122E+00  -0.45927E+01   0.10926E+00   0.24490E+00   0.50262E-02  -0.78900E-02  -0.69175E-03  -0.16307E-01   0.11962E-01   0.20656E+03
   0.30064E+00   0.93321E+00   0.16160E+01  -0.39971E+00  -0.20270E+00  -0.47675E+01   0.98313E-01   0.25692E+00   0.49881E-02  -0.82914E-02   0.17042E-02  -0.15878E-01   0.11752E-01   0.21352E+03
   0.29422E+00   0.89788E+00   0.16577E+01  -0.40375E+00  -0.13644E+00  -0.49520E+01   0.10681E+00   0.27039E+00   0.48930E-02  -0.87096E-02   0.11952E-02  -0.15605E-01   0.11662E-01   0.22060E+03
   0.28799E+00   0.88846E+00   0.16956E+01  -0.40319E+00  -0.11761E+00  -0.51433E+01   0.12921E+00   0.28554E+00   0.47549E-02  -0.91101E-02  -0.28196E-02  -0.15348E-01   0.11618E-01   0.22780E+03
   0.28197E+00   0.91356E+00   0.17257E+01  -0.41267E+00  -0.14562E+00  -0.53371E+01   0.15472E+00   0.30168E+00   0.45899E-02  -0.94545E-02  -0.10377E-01  -0.14896E-01   0.11471E-01   0.23509E+03
   0.27612E+00   0.97515E+00   0.17455E+01  -0.43107E+00  -0.19486E+00  -0.55309E+01   0.16385E+00   0.31787E+00   0.44068E-02  -0.97430E-02  -0.16400E-01  -0.14160E-01   0.11145E-01   0.24245E+03
   0.27044E+00   0.10516E+01   0.17540E+01  -0.47517E+00  -0.24956E+00  -0.57271E+01   0.15079E+00   0.33477E+00   0.42060E-02  -0.99974E-02  -0.17740E-01  -0.13215E-01   0.10678E-01   0.24984E+03
   0.26492E+00   0.11272E+01   0.17523E+01  -0.51380E+00  -0.30692E+00  -0.59261E+01   0.11952E+00   0.35240E+00   0.39818E-02  -0.10245E-01  -0.13923E-01  -0.12016E-01   0.10028E-01   0.25726E+03
   0.25955E+00   0.11980E+01   0.17417E+01  -0.54636E+00  -0.33040E+00  -0.61268E+01   0.77810E-01   0.37051E+00   0.37297E-02  -0.10490E-01  -0.61659E-02  -0.10652E-01   0.92337E-02   0.26474E+03
   0.25433E+00   0.12649E+01   0.17235E+01  -0.57707E+00  -0.30616E+00  -0.63264E+01   0.32668E-01   0.38829E+00   0.34415E-02  -0.10720E-01   0.33663E-02  -0.90705E-02   0.82439E-02   0.27228E+03
   0.24924E+00   0.13254E+01   0.16984E+01  -0.61084E+00  -0.24418E+00  -0.65238E+01  -0.20399E-01   0.40512E+00   0.31026E-02  -0.10910E-01   0.16172E-01  -0.74664E-02   0.71658E-02   0.27990E+03
   0.24428E+00   0.13484E+01   0.16676E+01  -0.63483E+00  -0.16599E+00  -0.67218E+01  -0.74615E-01   0.42138E+00   0.27083E-02  -0.11053E-01   0.30519E-01  -0.56637E-02   0.58828E-02   0.28757E+03
   0.23943E+00   0.13166E+01   0.16289E+01  -0.63563E+00  -0.94250E-01  -0.69269E+01  -0.10973E+00   0.43860E+00   0.22575E-02  -0.11155E-01   0.40421E-01  -0.36889E-02   0.44074E-02   0.29530E+03
   0.23470E+00   0.12589E+01   0.15822E+01  -0.62446E+00  -0.32091E-01  -0.71431E+01  -0.11905E+00   0.45774E+00   0.17673E-02  -0.11193E-01   0.45871E-01  -0.16150E-02   0.28090E-02   0.30307E+03
   0.23007E+00   0.11774E+01   0.15271E+01  -0.59879E+00   0.23249E-01  -0.73707E+01  -0.11373E+00   0.47866E+00   0.12548E-02  -0.11155E-01   0.48966E-01   0.11805E-02   0.70624E-03   0.31087E+03
   0.22554E+00   0.10642E+01   0.14623E+01  -0.57320E+00   0.73832E-01  -0.76080E+01  -0.97682E-01   0.50094E+00   0.72360E-03  -0.11050E-01   0.48089E-01   0.47038E-02  -0.18772E-02   0.31867E+03
   0.22110E+00   0.93242E+00   0.13910E+01  -0.54366E+00   0.10945E+00  -0.78526E+01  -0.91740E-01   0.52406E+00   0.18324E-03  -0.10887E-01   0.47188E-01   0.90866E-02  -0.50299E-02   0.32647E+03
   0.21675E+00   0.80032E+00   0.13155E+01  -0.51382E+00   0.13741E+00  -0.81035E+01  -0.10155E+00   0.54767E+00  -0.35750E-03  -0.10652E-01   0.50014E-01   0.14231E-01  -0.86784E-02   0.33429E+03
   0.21248E+00   0.68917E+00   0.12365E+01  -0.48766E+00   0.15327E+00  -0.83599E+01  -0.11826E+00   0.57186E+00  -0.88931E-03  -0.10322E-01   0.55245E-01   0.19777E-01  -0.12590E-01   0.34212E+03
   0.20829E+00   0.61708E+00   0.11530E+01  -0.45605E+00   0.14440E+00  -0.86187E+01  -0.15270E+00   0.59688E+00  -0.14030E-02  -0.98943E-02   0.64474E-01   0.25564E-01  -0.16689E-01   0.34994E+03
   0.20416E+00   0.58537E+00   0.10626E+01  -0.39846E+00   0.90737E-01  -0.88786E+01  -0.20769E+00   0.62271E+00  -0.18902E-02  -0.93722E-02   0.78805E-01   0.31376E-01  -0.20877E-01   0.35777E+03
   0.20011E+00   0.55319E+00   0.96374E+00  -0.31840E+00  -0.11574E-01  -0.91425E+01  -0.27119E+00   0.64939E+00  -0.23376E-02  -0.87404E-02   0.95334E-01   0.36985E-01  -0.25008E-01   0.36557E+03
   0.19611E+00   0.50169E+00   0.85377E+00  -0.23867E+00  -0.15195E+00  -0.94177E+01  -0.32320E+00   0.67805E+00  -0.27194E-02  -0.80155E-02   0.11069E+00   0.42392E-01  -0.29068E-01   0.37331E+03
   0.19218E+00   0.41333E+00   0.73097E+00  -0.15827E+00  -0.34212E+00  -0.97093E+01  -0.34981E+00   0.70903E+00  -0.30111E-02  -0.72291E-02   0.12019E+00   0.48054E-01  -0.33328E-01   0.38095E+03
   0.18830E+00   0.29222E+00   0.59426E+00  -0.88482E-01  -0.56119E+00  -0.10019E+02  -0.34145E+00   0.74222E+00  -0.31929E-02  -0.63943E-02   0.12320E+00   0.53824E-01  -0.37638E-01   0.38849E+03
   0.18448E+00   0.14018E+00   0.44480E+00  -0.30955E-01  -0.78655E+00  -0.10347E+02  -0.30671E+00   0.77778E+00  -0.32524E-02  -0.55219E-02   0.11935E+00   0.60442E-01  -0.42504E-01   0.39593E+03
   0.18070E+00  -0.48323E-01   0.28383E+00   0.33346E-01  -0.10167E+01  -0.10693E+02  -0.26728E+00   0.81520E+00  -0.31730E-02  -0.46164E-02   0.11315E+00   0.68437E-01  -0.48301E-01   0.40326E+03
   0.17696E+00  -0.27584E+00   0.11500E+00   0.10657E+00  -0.12291E+01  -0.11053E+02  -0.24832E+00   0.85391E+00  -0.29330E-02  -0.36680E-02   0.11251E+00   0.77509E-01  -0.54854E-01   0.41053E+03
   0.17327E+00  -0.52329E+00  -0.57061E-01   0.18462E+00  -0.14002E+01  -0.11426E+02  -0.25444E+00   0.89357E+00  -0.25048E-02  -0.26433E-02   0.12174E+00   0.87308E-01  -0.61972E-01   0.41779E+03
   0.16962E+00  -0.76023E+00  -0.23074E+00   0.25530E+00  -0.14979E+01  -0.11814E+02  -0.26421E+00   0.93414E+00  -0.18502E-02  -0.15213E-02   0.13370E+00   0.97066E-01  -0.69154E-01   0.42506E+03
   0.16601E+00  -0.99743E+00  -0.40756E+00   0.31168E+00  -0.15145E+01  -0.12217E+02  -0.26616E+00   0.97619E+00  -0.93732E-03  -0.31044E-03   0.14143E+00   0.10656E+00  -0.76262E-01   0.43230E+03
   0.16243E+00  -0.12056E+01  -0.59000E+00   0.36082E+00  -0.14801E+01  -0.12637E+02  -0.25929E+00   0.10203E+01   0.24970E-03   0.98139E-03   0.14477E+00   0.11563E+00  -0.83233E-01   0.43954E+03
   0.15888E+00  -0.13725E+01  -0.77885E+00   0.41253E+00  -0.14213E+01  -0.13074E+02  -0.26172E+00   0.10673E+01   0.17245E-02   0.23602E-02   0.14979E+00   0.12449E+00  -0.90258E-01   0.44680E+03
   0.15536E+00  -0.15088E+01  -0.97298E+00   0.47442E+00  -0.13668E+01  -0.13533E+02  -0.26704E+00   0.11181E+01   0.35014E-02   0.38275E-02   0.15724E+00   0.13331E+00  -0.97446E-01   0.45411E+03
   0.15187E+00  -0.16146E+01  -0.11723E+01   0.56247E+00  -0.13326E+01  -0.14011E+02  -0.27033E+00   0.11718E+01   0.55878E-02   0.53725E-02   0.16446E+00   0.14194E+00  -0.10462E+00   0.46145E+03
   0.14841E+00  -0.16842E+01  -0.13781E+01   0.64791E+00  -0.12835E+01  -0.14508E+02  -0.28939E+00   0.12275E+01   0.79813E-02   0.70130E-02   0.17551E+00   0.15116E+00  -0.11228E+00   0.46882E+03
   0.14498E+00  -0.16972E+01  -0.15885E+01   0.73866E+00  -0.12052E+01  -0.15030E+02  -0.32724E+00   0.12853E+01   0.10705E-01   0.87898E-02   0.19363E+00   0.16199E+00  -0.12113E+00   0.47624E+03
   0.14156E+00  -0.16774E+01  -0.18006E+01   0.83148E+00  -0.10794E+01  -0.15580E+02  -0.37250E+00   0.13458E+01   0.13829E-01   0.10727E-01   0.21998E+00   0.17442E+00  -0.13114E+00   0.48375E+03
   0.13817E+00  -0.16520E+01  -0.20119E+01   0.93423E+00  -0.91136E+00  -0.16163E+02  -0.40215E+00   0.14088E+01   0.17454E-01   0.12827E-01   0.24541E+00   0.18837E+00  -0.14234E+00   0.49135E+03
   0.13480E+00  -0.16452E+01  -0.22190E+01   0.10457E+01  -0.71453E+00  -0.16780E+02  -0.40945E+00   0.14749E+01   0.21658E-01   0.15135E-01   0.26625E+00   0.20264E+00  -0.15394E+00   0.49905E+03
   0.13145E+00  -0.16737E+01  -0.24209E+01   0.11671E+01  -0.51997E+00  -0.17439E+02  -0.37343E+00   0.15453E+01   0.26469E-01   0.17748E-01   0.28180E+00   0.21672E+00  -0.16566E+00   0.50689E+03
   0.12811E+00  -0.17423E+01  -0.26149E+01   0.12675E+01  -0.31058E+00  -0.18144E+02  -0.31261E+00   0.16217E+01   0.31919E-01   0.20715E-01   0.29759E+00   0.23190E+00  -0.17839E+00   0.51493E+03
   0.12480E+00  -0.18442E+01  -0.28015E+01   0.13752E+01  -0.13224E+00  -0.18892E+02  -0.23717E+00   0.17038E+01   0.38070E-01   0.24068E-01   0.31204E+00   0.24843E+00  -0.19233E+00   0.52323E+03
   0.12150E+00  -0.19776E+01  -0.29814E+01   0.14691E+01   0.25367E-01  -0.19681E+02  -0.15975E+00   0.17898E+01   0.44995E-01   0.27759E-01   0.32736E+00   0.26520E+00  -0.20661E+00   0.53182E+03
   0.11821E+00  -0.21753E+01  -0.31561E+01   0.15479E+01   0.15917E+00  -0.20509E+02  -0.99516E-01   0.18791E+01   0.52778E-01   0.31818E-01   0.33968E+00   0.28291E+00  -0.22177E+00   0.54067E+03
   0.11493E+00  -0.24242E+01  -0.33233E+01   0.16153E+01   0.26947E+00  -0.21367E+02  -0.75805E-01   0.19694E+01   0.61542E-01   0.36484E-01   0.34513E+00   0.30211E+00  -0.23827E+00   0.54985E+03
   0.11167E+00  -0.27122E+01  -0.34816E+01   0.16680E+01   0.37365E+00  -0.22253E+02  -0.13725E+00   0.20578E+01   0.71439E-01   0.41999E-01   0.37022E+00   0.32450E+00  -0.25757E+00   0.55943E+03
   0.10842E+00  -0.30035E+01  -0.36266E+01   0.16933E+01   0.49761E+00  -0.23176E+02  -0.24087E+00   0.21488E+01   0.82748E-01   0.48492E-01   0.41706E+00   0.35015E+00  -0.27987E+00   0.56953E+03
   0.10519E+00  -0.32759E+01  -0.37516E+01   0.16837E+01   0.65533E+00  -0.24156E+02  -0.32714E+00   0.22494E+01   0.95846E-01   0.56031E-01   0.46612E+00   0.37993E+00  -0.30616E+00   0.58020E+03
   0.10196E+00  -0.35309E+01  -0.38488E+01   0.16417E+01   0.85222E+00  -0.25187E+02  -0.35796E+00   0.23603E+01   0.11115E+00   0.64612E-01   0.50574E+00   0.41166E+00  -0.33518E+00   0.59151E+03
   0.98741E-01  -0.37706E+01  -0.39150E+01   0.15965E+01   0.10694E+01  -0.26260E+02  -0.36223E+00   0.24804E+01   0.12896E+00   0.74254E-01   0.53530E+00   0.44406E+00  -0.36633E+00   0.60350E+03
   0.95532E-01  -0.39604E+01  -0.39472E+01   0.15383E+01   0.12876E+01  -0.27355E+02  -0.45136E+00   0.26069E+01   0.14951E+00   0.85347E-01   0.57316E+00   0.47952E+00  -0.40156E+00   0.61619E+03
   0.92332E-01  -0.40886E+01  -0.39342E+01   0.14212E+01   0.15352E+01  -0.28455E+02  -0.66511E+00   0.27319E+01   0.17332E+00   0.98449E-01   0.64798E+00   0.52123E+00  -0.44387E+00   0.62969E+03
   0.89139E-01  -0.41812E+01  -0.38755E+01   0.12854E+01   0.17576E+01  -0.29562E+02  -0.92872E+00   0.28503E+01   0.20149E+00   0.11360E+00   0.76513E+00   0.56857E+00  -0.49339E+00   0.64412E+03
   0.85954E-01  -0.43123E+01  -0.37782E+01   0.11353E+01   0.19091E+01  -0.30681E+02  -0.11738E+01   0.29633E+01   0.23532E+00   0.13035E+00   0.88716E+00   0.62259E+00  -0.55136E+00   0.65952E+03
   0.82776E-01  -0.44591E+01  -0.36462E+01   0.99575E+00   0.19342E+01  -0.31801E+02  -0.13912E+01   0.30702E+01   0.27598E+00   0.14895E+00   0.99206E+00   0.68656E+00  -0.62082E+00   0.67585E+03
   0.79605E-01  -0.45751E+01  -0.34801E+01   0.82702E+00   0.18638E+01  -0.32898E+02  -0.16473E+01   0.31647E+01   0.32513E+00   0.16975E+00   0.11093E+01   0.76468E+00  -0.70572E+00   0.69313E+03
   0.76439E-01  -0.46772E+01  -0.32676E+01   0.59793E+00   0.17007E+01  -0.33946E+02  -0.20165E+01   0.32403E+01   0.38549E+00   0.19264E+00   0.12583E+01   0.86481E+00  -0.81349E+00   0.71129E+03
   0.73279E-01  -0.47754E+01  -0.29899E+01   0.33871E+00   0.14138E+01  -0.34927E+02  -0.24708E+01   0.32910E+01   0.46177E+00   0.21685E+00   0.14403E+01   0.99320E+00  -0.95138E+00   0.73027E+03
   0.70125E-01  -0.48743E+01  -0.26151E+01   0.50064E-01   0.96877E+00  -0.35807E+02  -0.30557E+01   0.33145E+01   0.56121E+00   0.24018E+00   0.16418E+01   0.11510E+01  -0.11233E+01   0.74978E+03
   0.66975E-01  -0.49022E+01  -0.21103E+01  -0.31521E+00   0.41016E+00  -0.36531E+02  -0.37790E+01   0.33126E+01   0.69437E+00   0.25748E+00   0.18439E+01   0.13302E+01  -0.13260E+01   0.76929E+03
   0.63830E-01  -0.48605E+01  -0.14516E+01  -0.78817E+00  -0.18178E+00  -0.37052E+02  -0.45918E+01   0.32812E+01   0.87541E+00   0.25792E+00   0.20706E+01   0.15142E+01  -0.15498E+01   0.78783E+03
   0.60689E-01  -0.47105E+01  -0.62011E+00  -0.12221E+01  -0.86736E+00  -0.37345E+02  -0.53592E+01   0.32317E+01   0.11231E+01   0.22219E+00   0.22540E+01   0.16770E+01  -0.17757E+01   0.80372E+03
   0.57552E-01  -0.44400E+01   0.39522E+00  -0.15528E+01  -0.16334E+01  -0.37360E+02  -0.59224E+01   0.31891E+01   0.14632E+01   0.11518E+00   0.22621E+01   0.17686E+01  -0.19615E+01   0.81445E+03
   0.54419E-01  -0.41260E+01   0.15874E+01  -0.17764E+01  -0.24075E+01  -0.37105E+02  -0.60560E+01   0.31797E+01   0.19308E+01  -0.12346E+00   0.20530E+01   0.17044E+01  -0.20263E+01   0.81614E+03
   0.51290E-01  -0.38519E+01   0.29265E+01  -0.20173E+01  -0.29595E+01  -0.36594E+02  -0.56696E+01   0.32603E+01   0.25651E+01  -0.57589E+00   0.14789E+01   0.13791E+01  -0.18560E+01   0.80308E+03
   0.48164E-01  -0.35160E+01   0.44375E+01  -0.21199E+01  -0.33748E+01  -0.35792E+02  -0.50738E+01   0.34854E+01   0.33964E+01  -0.13151E+01   0.51881E+00   0.72454E+00  -0.13576E+01   0.76866E+03
   0.45041E-01  -0.30121E+01   0.61752E+01  -0.21378E+01  -0.35888E+01  -0.34718E+02  -0.41647E+01   0.39124E+01   0.44498E+01  -0.24162E+01  -0.80527E+00  -0.36223E+00  -0.39545E+00   0.70716E+03
   0.41921E-01  -0.24619E+01   0.81351E+01  -0.22675E+01  -0.34082E+01  -0.33472E+02  -0.26271E+01   0.46248E+01   0.57295E+01  -0.39746E+01  -0.24946E+01  -0.20035E+01   0.12211E+01   0.61316E+03
   0.38803E-01  -0.20230E+01   0.10238E+02  -0.23861E+01  -0.29873E+01  -0.32125E+02  -0.49516E+00   0.56727E+01   0.71670E+01  -0.60006E+01  -0.46116E+01  -0.41650E+01   0.35911E+01   0.48178E+03
   0.35688E-01  -0.15400E+01   0.12399E+02  -0.24309E+01  -0.23673E+01  -0.30571E+02   0.16896E+01   0.69016E+01   0.85553E+01  -0.82215E+01  -0.69868E+01  -0.64700E+01   0.64910E+01   0.31343E+03
   0.32575E-01  -0.92241E+00   0.14438E+02  -0.22847E+01  -0.17152E+01  -0.28630E+02   0.34603E+01   0.78405E+01   0.95721E+01  -0.10045E+02  -0.89970E+01  -0.82393E+01   0.93142E+01   0.11906E+03
   0.29465E-01  -0.28564E+00   0.16062E+02  -0.18093E+01  -0.11615E+01  -0.26196E+02   0.41668E+01   0.77964E+01   0.98425E+01  -0.10574E+02  -0.10164E+02  -0.85801E+01   0.11043E+02  -0.79516E+02
   0.26356E-01   0.36885E+00   0.16974E+02  -0.12059E+01  -0.56840E+00  -0.23240E+02   0.30893E+01   0.59680E+01   0.90538E+01  -0.88090E+01  -0.97992E+01  -0.67672E+01   0.10457E+02  -0.24916E+03
   0.23250E-01   0.11087E+01   0.16849E+02  -0.49505E+00  -0.28548E-01  -0.20015E+02   0.55226E+00   0.20886E+01   0.72170E+01  -0.44521E+01  -0.74003E+01  -0.30204E+01   0.69824E+01  -0.35423E+03
   0.20145E-01   0.20320E+01   0.15462E+02   0.14610E+00   0.54490E+00  -0.17027E+02  -0.21181E+01  -0.29332E+01   0.47821E+01   0.13606E+01  -0.30844E+01   0.12244E+01   0.15188E+01  -0.37482E+03
   0.17042E-01   0.26492E+01   0.12872E+02   0.61533E+00   0.11750E+01  -0.14930E+02  -0.30636E+01  -0.72047E+01   0.24965E+01   0.63478E+01   0.18453E+01   0.41220E+01  -0.37056E+01  -0.32207E+03
   0.13940E-01   0.29604E+01   0.95151E+01   0.10487E+01   0.15975E+01  -0.14117E+02  -0.15236E+01  -0.92240E+01   0.81285E+00   0.88238E+01   0.53855E+01   0.49260E+01  -0.68122E+01  -0.23153E+03
   0.10840E-01   0.28553E+01   0.60096E+01   0.13460E+01   0.18199E+01  -0.14736E+02   0.28290E+01  -0.86888E+01  -0.11691E+00   0.84304E+01   0.67589E+01   0.39957E+01  -0.71547E+01  -0.13916E+03
   0.77416E-02   0.19110E+01   0.30294E+01   0.15082E+01   0.17563E+01  -0.16615E+02   0.92282E+01  -0.63950E+01  -0.41513E+00   0.61227E+01   0.58224E+01   0.23705E+01  -0.54496E+01  -0.70204E+02
   0.46441E-02   0.71743E+00   0.10252E+01   0.13617E+01   0.14316E+01  -0.19152E+02   0.15704E+02  -0.39101E+01  -0.40473E+00   0.36469E+01   0.38352E+01   0.10975E+01  -0.33560E+01  -0.29410E+02
   0.15479E-02   0.86860E-01   0.10505E+00   0.58759E+00   0.84989E+00  -0.21928E+02   0.21087E+02  -0.24137E+01  -0.33255E+00   0.22039E+01   0.24118E+01   0.46830E+00  -0.21268E+01  -0.78005E+01
