   0.17355E+03   0.96417E+00   0.17398E+03   0.71424E+01   0.49275E+00  -0.62506E+00   0.00000E+00   0.00000E+00   0.00000E+00   0.00000E+00   0.00000E+00   0.00000E+00   0.00000E+00   0.00000E+00   0.00000E+00
   0.16926E+03   0.94036E+00   0.16968E+03   0.47557E+01   0.82512E+00  -0.76963E+00   0.00000E+00   0.00000E+00   0.00000E+00   0.00000E+00   0.00000E+00   0.00000E+00   0.00000E+00   0.00000E+00   0.00000E+00
   0.16500E+03   0.91667E+00   0.16541E+03   0.37537E+01   0.11343E+01  -0.89563E+00   0.00000E+00   0.00000E+00   0.00000E+00   0.00000E+00   0.00000E+00   0.00000E+00   0.00000E+00   0.00000E+00   0.00000E+00
   0.16077E+03   0.89314E+00   0.16116E+03   0.29172E+01   0.14603E+01  -0.98674E+00   0.00000E+00   0.00000E+00   0.00000E+00   0.00000E+00   0.00000E+00   0.00000E+00   0.00000E+00   0.00000E+00   0.00000E+00
   0.15657E+03   0.86983E+00   0.15695E+03   0.22345E+01   0.18164E+01  -0.10678E+01   0.00000E+00   0.00000E+00   0.00000E+00   0.00000E+00   0.00000E+00   0.00000E+00   0.00000E+00   0.00000E+00   0.00000E+00
   0.15242E+03   0.84677E+00   0.15279E+03   0.19368E+01   0.21831E+01  -0.12256E+01   0.00000E+00   0.00000E+00   0.00000E+00   0.00000E+00   0.00000E+00   0.00000E+00   0.00000E+00   0.00000E+00   0.00000E+00
   0.14832E+03   0.82400E+00   0.14868E+03   0.19535E+01   0.25250E+01  -0.13999E+01   0.00000E+00   0.00000E+00   0.00000E+00   0.00000E+00   0.00000E+00   0.00000E+00   0.00000E+00   0.00000E+00   0.00000E+00
   0.14428E+03   0.80156E+00   0.14464E+03   0.19445E+01   0.28403E+01  -0.13975E+01   0.00000E+00   0.00000E+00   0.00000E+00   0.00000E+00   0.00000E+00   0.00000E+00   0.00000E+00   0.00000E+00   0.00000E+00
   0.14031E+03   0.77949E+00   0.14065E+03   0.17549E+01   0.31447E+01  -0.11556E+01   0.00000E+00   0.00000E+00   0.00000E+00   0.00000E+00   0.00000E+00   0.00000E+00   0.00000E+00   0.00000E+00   0.00000E+00
   0.13641E+03   0.75782E+00   0.13674E+03   0.14583E+01   0.34488E+01  -0.81274E+00   0.00000E+00   0.00000E+00   0.00000E+00   0.00000E+00   0.00000E+00   0.00000E+00   0.00000E+00   0.00000E+00   0.00000E+00
   0.13258E+03   0.73658E+00   0.13291E+03   0.12997E+01   0.37732E+01  -0.64692E+00   0.00000E+00   0.00000E+00   0.00000E+00   0.00000E+00   0.00000E+00   0.00000E+00   0.00000E+00   0.00000E+00   0.00000E+00
   0.12884E+03   0.71579E+00   0.12916E+03   0.13405E+01   0.41242E+01  -0.75034E+00   0.00000E+00   0.00000E+00   0.00000E+00   0.00000E+00   0.00000E+00   0.00000E+00   0.00000E+00   0.00000E+00   0.00000E+00
   0.12519E+03   0.69548E+00   0.12549E+03   0.14250E+01   0.44841E+01  -0.10230E+01   0.00000E+00   0.00000E+00   0.00000E+00   0.00000E+00   0.00000E+00   0.00000E+00   0.00000E+00   0.00000E+00   0.00000E+00
   0.12162E+03   0.67566E+00   0.12192E+03   0.15607E+01   0.48464E+01  -0.13969E+01   0.00000E+00   0.00000E+00   0.00000E+00   0.00000E+00   0.00000E+00   0.00000E+00   0.00000E+00   0.00000E+00   0.00000E+00
   0.11815E+03   0.65636E+00   0.11844E+03   0.17718E+01   0.52176E+01  -0.17772E+01   0.00000E+00   0.00000E+00   0.00000E+00   0.00000E+00   0.00000E+00   0.00000E+00   0.00000E+00   0.00000E+00   0.00000E+00
   0.11476E+03   0.63758E+00   0.11505E+03   0.19397E+01   0.55953E+01  -0.20282E+01   0.00000E+00   0.00000E+00   0.00000E+00   0.00000E+00   0.00000E+00   0.00000E+00   0.00000E+00   0.00000E+00   0.00000E+00
   0.11148E+03   0.61934E+00   0.11176E+03   0.20020E+01   0.59650E+01  -0.20769E+01   0.00000E+00   0.00000E+00   0.00000E+00   0.00000E+00   0.00000E+00   0.00000E+00   0.00000E+00   0.00000E+00   0.00000E+00
   0.10829E+03   0.60163E+00   0.10856E+03   0.20248E+01   0.63060E+01  -0.20158E+01   0.00000E+00   0.00000E+00   0.00000E+00   0.00000E+00   0.00000E+00   0.00000E+00   0.00000E+00   0.00000E+00   0.00000E+00
   0.10521E+03   0.58448E+00   0.10546E+03   0.20132E+01   0.66080E+01  -0.19870E+01   0.00000E+00   0.00000E+00   0.00000E+00   0.00000E+00   0.00000E+00   0.00000E+00   0.00000E+00   0.00000E+00   0.00000E+00
   0.10221E+03   0.56786E+00   0.10247E+03   0.19496E+01   0.68775E+01  -0.20308E+01   0.00000E+00   0.00000E+00   0.00000E+00   0.00000E+00   0.00000E+00   0.00000E+00   0.00000E+00   0.00000E+00   0.00000E+00
   0.99322E+02   0.55179E+00   0.99567E+02   0.18823E+01   0.71367E+01  -0.21170E+01   0.00000E+00   0.00000E+00   0.00000E+00   0.00000E+00   0.00000E+00   0.00000E+00   0.00000E+00   0.00000E+00   0.00000E+00
   0.96527E+02   0.53626E+00   0.96764E+02   0.18266E+01   0.74174E+01  -0.21802E+01   0.00000E+00   0.00000E+00   0.00000E+00   0.00000E+00   0.00000E+00   0.00000E+00   0.00000E+00   0.00000E+00   0.00000E+00
   0.93827E+02   0.52126E+00   0.94058E+02   0.17793E+01   0.77243E+01  -0.21664E+01   0.00000E+00   0.00000E+00   0.00000E+00   0.00000E+00   0.00000E+00   0.00000E+00   0.00000E+00   0.00000E+00   0.00000E+00
   0.91223E+02   0.50679E+00   0.91447E+02   0.17390E+01   0.80202E+01  -0.20582E+01   0.00000E+00   0.00000E+00   0.00000E+00   0.00000E+00   0.00000E+00   0.00000E+00   0.00000E+00   0.00000E+00   0.00000E+00
   0.88711E+02   0.49284E+00   0.88929E+02   0.17092E+01   0.82728E+01  -0.18670E+01   0.00000E+00   0.00000E+00   0.00000E+00   0.00000E+00   0.00000E+00   0.00000E+00   0.00000E+00   0.00000E+00   0.00000E+00
   0.86290E+02   0.47939E+00   0.86502E+02   0.17042E+01   0.84958E+01  -0.16799E+01   0.00000E+00   0.00000E+00   0.00000E+00   0.00000E+00   0.00000E+00   0.00000E+00   0.00000E+00   0.00000E+00   0.00000E+00
   0.83958E+02   0.46643E+00   0.84165E+02   0.17136E+01   0.87316E+01  -0.15932E+01   0.00000E+00   0.00000E+00   0.00000E+00   0.00000E+00   0.00000E+00   0.00000E+00   0.00000E+00   0.00000E+00   0.00000E+00
   0.81713E+02   0.45396E+00   0.81914E+02   0.17194E+01   0.90093E+01  -0.16235E+01   0.00000E+00   0.00000E+00   0.00000E+00   0.00000E+00   0.00000E+00   0.00000E+00   0.00000E+00   0.00000E+00   0.00000E+00
   0.79552E+02   0.44195E+00   0.79747E+02   0.17335E+01   0.93258E+01  -0.17423E+01   0.00000E+00   0.00000E+00   0.00000E+00   0.00000E+00   0.00000E+00   0.00000E+00   0.00000E+00   0.00000E+00   0.00000E+00
   0.77471E+02   0.43040E+00   0.77662E+02   0.17496E+01   0.96553E+01  -0.19045E+01   0.00000E+00   0.00000E+00   0.00000E+00   0.00000E+00   0.00000E+00   0.00000E+00   0.00000E+00   0.00000E+00   0.00000E+00
   0.75470E+02   0.41928E+00   0.75656E+02   0.17378E+01   0.99758E+01  -0.20610E+01   0.00000E+00   0.00000E+00   0.00000E+00   0.00000E+00   0.00000E+00   0.00000E+00   0.00000E+00   0.00000E+00   0.00000E+00
   0.73544E+02   0.40858E+00   0.73725E+02   0.17151E+01   0.10283E+02  -0.22036E+01   0.00000E+00   0.00000E+00   0.00000E+00   0.00000E+00   0.00000E+00   0.00000E+00   0.00000E+00   0.00000E+00   0.00000E+00
   0.71691E+02   0.39828E+00   0.71868E+02   0.17130E+01   0.10575E+02  -0.23477E+01   0.00000E+00   0.00000E+00   0.00000E+00   0.00000E+00   0.00000E+00   0.00000E+00   0.00000E+00   0.00000E+00   0.00000E+00
   0.69908E+02   0.38838E+00   0.70080E+02   0.17162E+01   0.10845E+02  -0.24723E+01   0.00000E+00   0.00000E+00   0.00000E+00   0.00000E+00   0.00000E+00   0.00000E+00   0.00000E+00   0.00000E+00   0.00000E+00
   0.68193E+02   0.37885E+00   0.68360E+02   0.16940E+01   0.11088E+02  -0.25300E+01   0.00000E+00   0.00000E+00   0.00000E+00   0.00000E+00   0.00000E+00   0.00000E+00   0.00000E+00   0.00000E+00   0.00000E+00
   0.66541E+02   0.36967E+00   0.66705E+02   0.16370E+01   0.11310E+02  -0.24995E+01   0.00000E+00   0.00000E+00   0.00000E+00   0.00000E+00   0.00000E+00   0.00000E+00   0.00000E+00   0.00000E+00   0.00000E+00
   0.64951E+02   0.36084E+00   0.65111E+02   0.15551E+01   0.11522E+02  -0.24001E+01   0.00000E+00   0.00000E+00   0.00000E+00   0.00000E+00   0.00000E+00   0.00000E+00   0.00000E+00   0.00000E+00   0.00000E+00
   0.63419E+02   0.35233E+00   0.63575E+02   0.14668E+01   0.11733E+02  -0.22602E+01   0.00000E+00   0.00000E+00   0.00000E+00   0.00000E+00   0.00000E+00   0.00000E+00   0.00000E+00   0.00000E+00   0.00000E+00
   0.61943E+02   0.34413E+00   0.62096E+02   0.13856E+01   0.11945E+02  -0.21001E+01   0.00000E+00   0.00000E+00   0.00000E+00   0.00000E+00   0.00000E+00   0.00000E+00   0.00000E+00   0.00000E+00   0.00000E+00
   0.60521E+02   0.33623E+00   0.60670E+02   0.13126E+01   0.12156E+02  -0.19439E+01   0.00000E+00   0.00000E+00   0.00000E+00   0.00000E+00   0.00000E+00   0.00000E+00   0.00000E+00   0.00000E+00   0.00000E+00
   0.59148E+02   0.32860E+00   0.59294E+02   0.12389E+01   0.12365E+02  -0.18090E+01   0.00000E+00   0.00000E+00   0.00000E+00   0.00000E+00   0.00000E+00   0.00000E+00   0.00000E+00   0.00000E+00   0.00000E+00
   0.57824E+02   0.32125E+00   0.57966E+02   0.11543E+01   0.12572E+02  -0.16855E+01   0.00000E+00   0.00000E+00   0.00000E+00   0.00000E+00   0.00000E+00   0.00000E+00   0.00000E+00   0.00000E+00   0.00000E+00
   0.56546E+02   0.31414E+00   0.56685E+02   0.10509E+01   0.12778E+02  -0.15463E+01   0.00000E+00   0.00000E+00   0.00000E+00   0.00000E+00   0.00000E+00   0.00000E+00   0.00000E+00   0.00000E+00   0.00000E+00
   0.55310E+02   0.30728E+00   0.55446E+02   0.92565E+00   0.12984E+02  -0.13729E+01   0.00000E+00   0.00000E+00   0.00000E+00   0.00000E+00   0.00000E+00   0.00000E+00   0.00000E+00   0.00000E+00   0.00000E+00
   0.54115E+02   0.30064E+00   0.54248E+02   0.78261E+00   0.13192E+02  -0.11698E+01   0.00000E+00   0.00000E+00   0.00000E+00   0.00000E+00   0.00000E+00   0.00000E+00   0.00000E+00   0.00000E+00   0.00000E+00
   0.52959E+02   0.29422E+00   0.53089E+02   0.63129E+00   0.13407E+02  -0.95878E+00   0.00000E+00   0.00000E+00   0.00000E+00   0.00000E+00   0.00000E+00   0.00000E+00   0.00000E+00   0.00000E+00   0.00000E+00
   0.51839E+02   0.28799E+00   0.51967E+02   0.48294E+00   0.13632E+02  -0.76299E+00   0.00000E+00   0.00000E+00   0.00000E+00   0.00000E+00   0.00000E+00   0.00000E+00   0.00000E+00   0.00000E+00   0.00000E+00
   0.50754E+02   0.28197E+00   0.50879E+02   0.35031E+00   0.13870E+02  -0.59462E+00   0.00000E+00   0.00000E+00   0.00000E+00   0.00000E+00   0.00000E+00   0.00000E+00   0.00000E+00   0.00000E+00   0.00000E+00
   0.49701E+02   0.27612E+00   0.49823E+02   0.24465E+00   0.14117E+02  -0.44821E+00   0.00000E+00   0.00000E+00   0.00000E+00   0.00000E+00   0.00000E+00   0.00000E+00   0.00000E+00   0.00000E+00   0.00000E+00
   0.48679E+02   0.27044E+00   0.48799E+02   0.16845E+00   0.14368E+02  -0.30454E+00   0.00000E+00   0.00000E+00   0.00000E+00   0.00000E+00   0.00000E+00   0.00000E+00   0.00000E+00   0.00000E+00   0.00000E+00
   0.47686E+02   0.26492E+00   0.47803E+02   0.11379E+00   0.14619E+02  -0.14381E+00   0.00000E+00   0.00000E+00   0.00000E+00   0.00000E+00   0.00000E+00   0.00000E+00   0.00000E+00   0.00000E+00   0.00000E+00
   0.46720E+02   0.25955E+00   0.46835E+02   0.69365E-01   0.14866E+02   0.42516E-01   0.00000E+00   0.00000E+00   0.00000E+00   0.00000E+00   0.00000E+00   0.00000E+00   0.00000E+00   0.00000E+00   0.00000E+00
   0.45780E+02   0.25433E+00   0.45892E+02   0.27939E-01   0.15109E+02   0.24960E+00   0.00000E+00   0.00000E+00   0.00000E+00   0.00000E+00   0.00000E+00   0.00000E+00   0.00000E+00   0.00000E+00   0.00000E+00
   0.44863E+02   0.24924E+00   0.44974E+02  -0.13958E-01   0.15351E+02   0.46407E+00   0.00000E+00   0.00000E+00   0.00000E+00   0.00000E+00   0.00000E+00   0.00000E+00   0.00000E+00   0.00000E+00   0.00000E+00
   0.43970E+02   0.24428E+00   0.44078E+02  -0.59823E-01   0.15593E+02   0.66981E+00   0.00000E+00   0.00000E+00   0.00000E+00   0.00000E+00   0.00000E+00   0.00000E+00   0.00000E+00   0.00000E+00   0.00000E+00
   0.43098E+02   0.23943E+00   0.43204E+02  -0.11365E+00   0.15839E+02   0.85311E+00   0.00000E+00   0.00000E+00   0.00000E+00   0.00000E+00   0.00000E+00   0.00000E+00   0.00000E+00   0.00000E+00   0.00000E+00
   0.42246E+02   0.23470E+00   0.42350E+02  -0.17754E+00   0.16091E+02   0.10070E+01   0.00000E+00   0.00000E+00   0.00000E+00   0.00000E+00   0.00000E+00   0.00000E+00   0.00000E+00   0.00000E+00   0.00000E+00
   0.41413E+02   0.23007E+00   0.41515E+02  -0.25079E+00   0.16348E+02   0.11336E+01   0.00000E+00   0.00000E+00   0.00000E+00   0.00000E+00   0.00000E+00   0.00000E+00   0.00000E+00   0.00000E+00   0.00000E+00
   0.40597E+02   0.22554E+00   0.40697E+02  -0.33258E+00   0.16611E+02   0.12436E+01   0.00000E+00   0.00000E+00   0.00000E+00   0.00000E+00   0.00000E+00   0.00000E+00   0.00000E+00   0.00000E+00   0.00000E+00
   0.39798E+02   0.22110E+00   0.39896E+02  -0.42543E+00   0.16879E+02   0.13539E+01   0.00000E+00   0.00000E+00   0.00000E+00   0.00000E+00   0.00000E+00   0.00000E+00   0.00000E+00   0.00000E+00   0.00000E+00
   0.39015E+02   0.21675E+00   0.39111E+02  -0.53560E+00   0.17153E+02   0.14813E+01   0.00000E+00   0.00000E+00   0.00000E+00   0.00000E+00   0.00000E+00   0.00000E+00   0.00000E+00   0.00000E+00   0.00000E+00
   0.38246E+02   0.21248E+00   0.38340E+02  -0.67045E+00   0.17433E+02   0.16369E+01   0.00000E+00   0.00000E+00   0.00000E+00   0.00000E+00   0.00000E+00   0.00000E+00   0.00000E+00   0.00000E+00   0.00000E+00
   0.37491E+02   0.20829E+00   0.37584E+02  -0.83548E+00   0.17720E+02   0.18214E+01   0.00000E+00   0.00000E+00   0.00000E+00   0.00000E+00   0.00000E+00   0.00000E+00   0.00000E+00   0.00000E+00   0.00000E+00
   0.36749E+02   0.20416E+00   0.36840E+02  -0.10331E+01   0.18016E+02   0.20249E+01   0.00000E+00   0.00000E+00   0.00000E+00   0.00000E+00   0.00000E+00   0.00000E+00   0.00000E+00   0.00000E+00   0.00000E+00
   0.36019E+02   0.20011E+00   0.36108E+02  -0.12632E+01   0.18320E+02   0.22321E+01   0.00000E+00   0.00000E+00   0.00000E+00   0.00000E+00   0.00000E+00   0.00000E+00   0.00000E+00   0.00000E+00   0.00000E+00
   0.35301E+02   0.19611E+00   0.35388E+02  -0.15239E+01   0.18634E+02   0.24300E+01   0.00000E+00   0.00000E+00   0.00000E+00   0.00000E+00   0.00000E+00   0.00000E+00   0.00000E+00   0.00000E+00   0.00000E+00
   0.34593E+02   0.19218E+00   0.34678E+02  -0.18131E+01   0.18956E+02   0.26143E+01   0.00000E+00   0.00000E+00   0.00000E+00   0.00000E+00   0.00000E+00   0.00000E+00   0.00000E+00   0.00000E+00   0.00000E+00
   0.33894E+02   0.18830E+00   0.33978E+02  -0.21284E+01   0.19285E+02   0.27902E+01   0.00000E+00   0.00000E+00   0.00000E+00   0.00000E+00   0.00000E+00   0.00000E+00   0.00000E+00   0.00000E+00   0.00000E+00
   0.33206E+02   0.18448E+00   0.33287E+02  -0.24670E+01   0.19620E+02   0.29685E+01   0.00000E+00   0.00000E+00   0.00000E+00   0.00000E+00   0.00000E+00   0.00000E+00   0.00000E+00   0.00000E+00   0.00000E+00
   0.32525E+02   0.18070E+00   0.32605E+02  -0.28244E+01   0.19960E+02   0.31604E+01   0.00000E+00   0.00000E+00   0.00000E+00   0.00000E+00   0.00000E+00   0.00000E+00   0.00000E+00   0.00000E+00   0.00000E+00
   0.31853E+02   0.17696E+00   0.31932E+02  -0.31939E+01   0.20304E+02   0.33724E+01   0.00000E+00   0.00000E+00   0.00000E+00   0.00000E+00   0.00000E+00   0.00000E+00   0.00000E+00   0.00000E+00   0.00000E+00
   0.31189E+02   0.17327E+00   0.31266E+02  -0.35681E+01   0.20651E+02   0.36064E+01   0.00000E+00   0.00000E+00   0.00000E+00   0.00000E+00   0.00000E+00   0.00000E+00   0.00000E+00   0.00000E+00   0.00000E+00
   0.30532E+02   0.16962E+00   0.30607E+02  -0.39401E+01   0.21000E+02   0.38613E+01   0.00000E+00   0.00000E+00   0.00000E+00   0.00000E+00   0.00000E+00   0.00000E+00   0.00000E+00   0.00000E+00   0.00000E+00
   0.29881E+02   0.16601E+00   0.29955E+02  -0.43053E+01   0.21352E+02   0.41345E+01   0.00000E+00   0.00000E+00   0.00000E+00   0.00000E+00   0.00000E+00   0.00000E+00   0.00000E+00   0.00000E+00   0.00000E+00
   0.29237E+02   0.16243E+00   0.29309E+02  -0.46610E+01   0.21705E+02   0.44223E+01   0.00000E+00   0.00000E+00   0.00000E+00   0.00000E+00   0.00000E+00   0.00000E+00   0.00000E+00   0.00000E+00   0.00000E+00
   0.28598E+02   0.15888E+00   0.28669E+02  -0.50060E+01   0.22058E+02   0.47192E+01   0.00000E+00   0.00000E+00   0.00000E+00   0.00000E+00   0.00000E+00   0.00000E+00   0.00000E+00   0.00000E+00   0.00000E+00
   0.27965E+02   0.15536E+00   0.28034E+02  -0.53397E+01   0.22410E+02   0.50178E+01   0.00000E+00   0.00000E+00   0.00000E+00   0.00000E+00   0.00000E+00   0.00000E+00   0.00000E+00   0.00000E+00   0.00000E+00
   0.27337E+02   0.15187E+00   0.27405E+02  -0.56615E+01   0.22758E+02   0.53100E+01   0.00000E+00   0.00000E+00   0.00000E+00   0.00000E+00   0.00000E+00   0.00000E+00   0.00000E+00   0.00000E+00   0.00000E+00
   0.26714E+02   0.14841E+00   0.26780E+02  -0.59706E+01   0.23100E+02   0.55885E+01   0.00000E+00   0.00000E+00   0.00000E+00   0.00000E+00   0.00000E+00   0.00000E+00   0.00000E+00   0.00000E+00   0.00000E+00
   0.26096E+02   0.14498E+00   0.26160E+02  -0.62652E+01   0.23434E+02   0.58480E+01   0.00000E+00   0.00000E+00   0.00000E+00   0.00000E+00   0.00000E+00   0.00000E+00   0.00000E+00   0.00000E+00   0.00000E+00
   0.25481E+02   0.14156E+00   0.25544E+02  -0.65417E+01   0.23758E+02   0.60850E+01   0.00000E+00   0.00000E+00   0.00000E+00   0.00000E+00   0.00000E+00   0.00000E+00   0.00000E+00   0.00000E+00   0.00000E+00
   0.24871E+02   0.13817E+00   0.24932E+02  -0.67947E+01   0.24068E+02   0.62975E+01   0.00000E+00   0.00000E+00   0.00000E+00   0.00000E+00   0.00000E+00   0.00000E+00   0.00000E+00   0.00000E+00   0.00000E+00
   0.24264E+02   0.13480E+00   0.24324E+02  -0.70178E+01   0.24363E+02   0.64839E+01   0.00000E+00   0.00000E+00   0.00000E+00   0.00000E+00   0.00000E+00   0.00000E+00   0.00000E+00   0.00000E+00   0.00000E+00
   0.23661E+02   0.13145E+00   0.23719E+02  -0.72051E+01   0.24640E+02   0.66437E+01   0.00000E+00   0.00000E+00   0.00000E+00   0.00000E+00   0.00000E+00   0.00000E+00   0.00000E+00   0.00000E+00   0.00000E+00
   0.23061E+02   0.12811E+00   0.23117E+02  -0.73523E+01   0.24898E+02   0.67775E+01   0.00000E+00   0.00000E+00   0.00000E+00   0.00000E+00   0.00000E+00   0.00000E+00   0.00000E+00   0.00000E+00   0.00000E+00
   0.22464E+02   0.12480E+00   0.22519E+02  -0.74574E+01   0.25134E+02   0.68876E+01   0.00000E+00   0.00000E+00   0.00000E+00   0.00000E+00   0.00000E+00   0.00000E+00   0.00000E+00   0.00000E+00   0.00000E+00
   0.21869E+02   0.12150E+00   0.21923E+02  -0.75196E+01   0.25344E+02   0.69775E+01   0.00000E+00   0.00000E+00   0.00000E+00   0.00000E+00   0.00000E+00   0.00000E+00   0.00000E+00   0.00000E+00   0.00000E+00
   0.21277E+02   0.11821E+00   0.21330E+02  -0.75393E+01   0.25527E+02   0.70511E+01   0.00000E+00   0.00000E+00   0.00000E+00   0.00000E+00   0.00000E+00   0.00000E+00   0.00000E+00   0.00000E+00   0.00000E+00
   0.20688E+02   0.11493E+00   0.20739E+02  -0.75168E+01   0.25678E+02   0.71114E+01   0.00000E+00   0.00000E+00   0.00000E+00   0.00000E+00   0.00000E+00   0.00000E+00   0.00000E+00   0.00000E+00   0.00000E+00
   0.20101E+02   0.11167E+00   0.20151E+02  -0.74519E+01   0.25792E+02   0.71594E+01   0.00000E+00   0.00000E+00   0.00000E+00   0.00000E+00   0.00000E+00   0.00000E+00   0.00000E+00   0.00000E+00   0.00000E+00
   0.19516E+02   0.10842E+00   0.19564E+02  -0.73439E+01   0.25865E+02   0.71939E+01   0.00000E+00   0.00000E+00   0.00000E+00   0.00000E+00   0.00000E+00   0.00000E+00   0.00000E+00   0.00000E+00   0.00000E+00
   0.18934E+02   0.10519E+00   0.18980E+02  -0.71917E+01   0.25891E+02   0.72122E+01   0.00000E+00   0.00000E+00   0.00000E+00   0.00000E+00   0.00000E+00   0.00000E+00   0.00000E+00   0.00000E+00   0.00000E+00
   0.18353E+02   0.10196E+00   0.18398E+02  -0.69940E+01   0.25864E+02   0.72114E+01   0.00000E+00   0.00000E+00   0.00000E+00   0.00000E+00   0.00000E+00   0.00000E+00   0.00000E+00   0.00000E+00   0.00000E+00
   0.17773E+02   0.98741E-01   0.17817E+02  -0.67487E+01   0.25780E+02   0.71903E+01   0.00000E+00   0.00000E+00   0.00000E+00   0.00000E+00   0.00000E+00   0.00000E+00   0.00000E+00   0.00000E+00   0.00000E+00
   0.17196E+02   0.95532E-01   0.17238E+02  -0.64537E+01   0.25631E+02   0.71501E+01   0.00000E+00   0.00000E+00   0.00000E+00   0.00000E+00   0.00000E+00   0.00000E+00   0.00000E+00   0.00000E+00   0.00000E+00
   0.16620E+02   0.92332E-01   0.16661E+02  -0.61066E+01   0.25412E+02   0.70929E+01   0.00000E+00   0.00000E+00   0.00000E+00   0.00000E+00   0.00000E+00   0.00000E+00   0.00000E+00   0.00000E+00   0.00000E+00
   0.16045E+02   0.89139E-01   0.16085E+02  -0.57052E+01   0.25118E+02   0.70196E+01   0.00000E+00   0.00000E+00   0.00000E+00   0.00000E+00   0.00000E+00   0.00000E+00   0.00000E+00   0.00000E+00   0.00000E+00
   0.15472E+02   0.85954E-01   0.15510E+02  -0.52480E+01   0.24742E+02   0.69254E+01   0.00000E+00   0.00000E+00   0.00000E+00   0.00000E+00   0.00000E+00   0.00000E+00   0.00000E+00   0.00000E+00   0.00000E+00
   0.14900E+02   0.82776E-01   0.14936E+02  -0.47338E+01   0.24280E+02   0.67983E+01   0.00000E+00   0.00000E+00   0.00000E+00   0.00000E+00   0.00000E+00   0.00000E+00   0.00000E+00   0.00000E+00   0.00000E+00
   0.14329E+02   0.79605E-01   0.14364E+02  -0.41622E+01   0.23726E+02   0.66190E+01   0.00000E+00   0.00000E+00   0.00000E+00   0.00000E+00   0.00000E+00   0.00000E+00   0.00000E+00   0.00000E+00   0.00000E+00
   0.13759E+02   0.76439E-01   0.13793E+02  -0.35329E+01   0.23075E+02   0.63637E+01   0.00000E+00   0.00000E+00   0.00000E+00   0.00000E+00   0.00000E+00   0.00000E+00   0.00000E+00   0.00000E+00   0.00000E+00
   0.13190E+02   0.73279E-01   0.13223E+02  -0.28476E+01   0.22323E+02   0.60088E+01   0.00000E+00   0.00000E+00   0.00000E+00   0.00000E+00   0.00000E+00   0.00000E+00   0.00000E+00   0.00000E+00   0.00000E+00
   0.12622E+02   0.70125E-01   0.12653E+02  -0.21107E+01   0.21467E+02   0.55348E+01   0.00000E+00   0.00000E+00   0.00000E+00   0.00000E+00   0.00000E+00   0.00000E+00   0.00000E+00   0.00000E+00   0.00000E+00
   0.12055E+02   0.66975E-01   0.12085E+02  -0.13312E+01   0.20506E+02   0.49303E+01   0.00000E+00   0.00000E+00   0.00000E+00   0.00000E+00   0.00000E+00   0.00000E+00   0.00000E+00   0.00000E+00   0.00000E+00
   0.11489E+02   0.63830E-01   0.11518E+02  -0.52341E+00   0.19442E+02   0.41938E+01   0.00000E+00   0.00000E+00   0.00000E+00   0.00000E+00   0.00000E+00   0.00000E+00   0.00000E+00   0.00000E+00   0.00000E+00
   0.10924E+02   0.60689E-01   0.10951E+02   0.29332E+00   0.18279E+02   0.33346E+01   0.00000E+00   0.00000E+00   0.00000E+00   0.00000E+00   0.00000E+00   0.00000E+00   0.00000E+00   0.00000E+00   0.00000E+00
   0.10359E+02   0.57552E-01   0.10385E+02   0.10962E+01   0.17025E+02   0.23718E+01   0.00000E+00   0.00000E+00   0.00000E+00   0.00000E+00   0.00000E+00   0.00000E+00   0.00000E+00   0.00000E+00   0.00000E+00
   0.97955E+01   0.54419E-01   0.98196E+01   0.18604E+01   0.15688E+02   0.13324E+01   0.00000E+00   0.00000E+00   0.00000E+00   0.00000E+00   0.00000E+00   0.00000E+00   0.00000E+00   0.00000E+00   0.00000E+00
   0.92322E+01   0.51290E-01   0.92549E+01   0.25587E+01   0.14283E+02   0.24986E+00   0.00000E+00   0.00000E+00   0.00000E+00   0.00000E+00   0.00000E+00   0.00000E+00   0.00000E+00   0.00000E+00   0.00000E+00
   0.86695E+01   0.48164E-01   0.86908E+01   0.31613E+01   0.12827E+02  -0.83624E+00   0.00000E+00   0.00000E+00   0.00000E+00   0.00000E+00   0.00000E+00   0.00000E+00   0.00000E+00   0.00000E+00   0.00000E+00
   0.81073E+01   0.45041E-01   0.81273E+01   0.36369E+01   0.11339E+02  -0.18789E+01   0.00000E+00   0.00000E+00   0.00000E+00   0.00000E+00   0.00000E+00   0.00000E+00   0.00000E+00   0.00000E+00   0.00000E+00
   0.75457E+01   0.41921E-01   0.75643E+01   0.39555E+01   0.98429E+01  -0.28219E+01   0.00000E+00   0.00000E+00   0.00000E+00   0.00000E+00   0.00000E+00   0.00000E+00   0.00000E+00   0.00000E+00   0.00000E+00
   0.69846E+01   0.38803E-01   0.70017E+01   0.40943E+01   0.83650E+01  -0.35992E+01   0.00000E+00   0.00000E+00   0.00000E+00   0.00000E+00   0.00000E+00   0.00000E+00   0.00000E+00   0.00000E+00   0.00000E+00
   0.64239E+01   0.35688E-01   0.64397E+01   0.40417E+01   0.69342E+01  -0.41364E+01   0.00000E+00   0.00000E+00   0.00000E+00   0.00000E+00   0.00000E+00   0.00000E+00   0.00000E+00   0.00000E+00   0.00000E+00
   0.58636E+01   0.32575E-01   0.58780E+01   0.38017E+01   0.55804E+01  -0.43532E+01   0.00000E+00   0.00000E+00   0.00000E+00   0.00000E+00   0.00000E+00   0.00000E+00   0.00000E+00   0.00000E+00   0.00000E+00
   0.53037E+01   0.29465E-01   0.53167E+01   0.33943E+01   0.43334E+01  -0.41667E+01   0.00000E+00   0.00000E+00   0.00000E+00   0.00000E+00   0.00000E+00   0.00000E+00   0.00000E+00   0.00000E+00   0.00000E+00
   0.47442E+01   0.26356E-01   0.47558E+01   0.28564E+01   0.32211E+01  -0.34976E+01   0.00000E+00   0.00000E+00   0.00000E+00   0.00000E+00   0.00000E+00   0.00000E+00   0.00000E+00   0.00000E+00   0.00000E+00
   0.41850E+01   0.23250E-01   0.41953E+01   0.22416E+01   0.22669E+01  -0.22788E+01   0.00000E+00   0.00000E+00   0.00000E+00   0.00000E+00   0.00000E+00   0.00000E+00   0.00000E+00   0.00000E+00   0.00000E+00
   0.36261E+01   0.20145E-01   0.36350E+01   0.16152E+01   0.14871E+01  -0.46631E+00   0.00000E+00   0.00000E+00   0.00000E+00   0.00000E+00   0.00000E+00   0.00000E+00   0.00000E+00   0.00000E+00   0.00000E+00
   0.30676E+01   0.17042E-01   0.30751E+01   0.10443E+01   0.88857E+00   0.19501E+01   0.00000E+00   0.00000E+00   0.00000E+00   0.00000E+00   0.00000E+00   0.00000E+00   0.00000E+00   0.00000E+00   0.00000E+00
   0.25093E+01   0.13940E-01   0.25155E+01   0.58412E+00   0.46610E+00   0.49334E+01   0.00000E+00   0.00000E+00   0.00000E+00   0.00000E+00   0.00000E+00   0.00000E+00   0.00000E+00   0.00000E+00   0.00000E+00
   0.19513E+01   0.10840E-01   0.19561E+01   0.26550E+00   0.20150E+00   0.83765E+01   0.00000E+00   0.00000E+00   0.00000E+00   0.00000E+00   0.00000E+00   0.00000E+00   0.00000E+00   0.00000E+00   0.00000E+00
   0.13935E+01   0.77416E-02   0.13969E+01   0.86834E-01   0.63550E-01   0.12058E+02   0.00000E+00   0.00000E+00   0.00000E+00   0.00000E+00   0.00000E+00   0.00000E+00   0.00000E+00   0.00000E+00   0.00000E+00
   0.83595E+00   0.46441E-02   0.83800E+00   0.15420E-01   0.11058E-01   0.15571E+02   0.00000E+00   0.00000E+00   0.00000E+00   0.00000E+00   0.00000E+00   0.00000E+00   0.00000E+00   0.00000E+00   0.00000E+00
   0.27861E+00   0.15479E-02   0.27930E+00   0.62434E-03   0.52707E-03   0.18216E+02   0.00000E+00   0.00000E+00   0.00000E+00   0.00000E+00   0.00000E+00   0.00000E+00   0.00000E+00   0.00000E+00   0.00000E+00
