   0.19906E+03   0.96417E+00  -0.94456E-04  -0.15301E-06  -0.88170E-05  -0.51874E-05   0.84891E-06   0.38037E-06   0.65755E-09  -0.27944E-09   0.43236E-06  -0.77522E-06   0.60269E-08   0.43915E-07
   0.19418E+03   0.94036E+00  -0.12186E-03  -0.73769E-07  -0.10633E-04  -0.50182E-05   0.17462E-06   0.39115E-06   0.93417E-09  -0.40655E-09   0.52694E-06  -0.68022E-06   0.55962E-08   0.24399E-06
   0.18933E+03   0.91667E+00  -0.12406E-03   0.14285E-06  -0.12488E-04  -0.50723E-05  -0.44799E-07   0.40355E-06   0.97938E-09  -0.43431E-09   0.70873E-06  -0.69963E-06   0.63492E-08   0.41955E-06
   0.18452E+03   0.89314E+00  -0.11372E-03   0.47619E-06  -0.14502E-04  -0.54013E-05   0.33078E-06   0.46198E-06   0.11781E-08  -0.52084E-09   0.62334E-06  -0.69218E-06   0.68990E-08   0.40069E-06
   0.17977E+03   0.86983E+00  -0.97476E-04   0.88427E-06  -0.12381E-04  -0.57517E-05   0.69182E-06   0.50168E-06   0.19070E-08  -0.82892E-09   0.64722E-06  -0.76051E-06   0.82580E-08   0.39773E-06
   0.17507E+03   0.84677E+00  -0.78095E-04   0.13588E-05  -0.62080E-05  -0.60130E-05   0.61147E-06   0.52178E-06   0.29369E-08  -0.12674E-08   0.74196E-06  -0.79954E-06   0.92890E-08   0.47516E-06
   0.17044E+03   0.82400E+00  -0.37360E-04   0.18995E-05   0.97194E-05  -0.62985E-05   0.43589E-06   0.55274E-06   0.38445E-08  -0.16563E-08   0.74443E-06  -0.79489E-06   0.95876E-08   0.51405E-06
   0.16588E+03   0.80156E+00   0.11590E-04   0.24777E-05   0.29010E-04  -0.66926E-05   0.35678E-06   0.60879E-06   0.45324E-08  -0.19614E-08   0.62087E-06  -0.71502E-06   0.88474E-08   0.52605E-06
   0.16140E+03   0.77949E+00   0.48771E-04   0.31544E-05   0.40642E-04  -0.71411E-05   0.56756E-06   0.66923E-06   0.55844E-08  -0.24178E-08   0.65333E-06  -0.85329E-06   0.10879E-07   0.48332E-06
   0.15701E+03   0.75782E+00   0.61661E-04   0.40239E-05   0.41372E-04  -0.74984E-05   0.55791E-06   0.70689E-06   0.73115E-08  -0.31712E-08   0.86808E-06  -0.10793E-05   0.14385E-07   0.51415E-06
   0.15271E+03   0.73658E+00   0.47146E-04   0.50675E-05   0.32584E-04  -0.78944E-05   0.51645E-06   0.73604E-06   0.92057E-08  -0.40327E-08   0.10717E-05  -0.12261E-05   0.17093E-07   0.60387E-06
   0.14851E+03   0.71579E+00   0.30074E-04   0.61460E-05   0.26183E-04  -0.84770E-05   0.61324E-06   0.81657E-06   0.11457E-07  -0.50224E-08   0.96244E-06  -0.11834E-05   0.17486E-07   0.61951E-06
   0.14442E+03   0.69548E+00   0.39743E-05   0.71365E-05   0.20517E-04  -0.91036E-05   0.62678E-06   0.91635E-06   0.14010E-07  -0.61364E-08   0.89316E-06  -0.11635E-05   0.18284E-07   0.67218E-06
   0.14042E+03   0.67566E+00  -0.29023E-04   0.81076E-05   0.14987E-04  -0.97164E-05   0.51818E-06   0.10012E-05   0.16414E-07  -0.71950E-08   0.96697E-06  -0.11960E-05   0.19896E-07   0.80128E-06
   0.13653E+03   0.65636E+00  -0.59014E-04   0.92285E-05   0.82315E-05  -0.10425E-04   0.55401E-06   0.11000E-05   0.18725E-07  -0.82349E-08   0.11000E-05  -0.13366E-05   0.23235E-07   0.89703E-06
   0.13275E+03   0.63758E+00  -0.81113E-04   0.10610E-04   0.21283E-05  -0.11272E-04   0.85927E-06   0.12202E-05   0.21954E-07  -0.96901E-08   0.12407E-05  -0.15531E-05   0.28190E-07   0.94833E-06
   0.12907E+03   0.61934E+00  -0.83704E-04   0.12217E-04   0.17496E-05  -0.12213E-04   0.11711E-05   0.13696E-05   0.26778E-07  -0.11841E-07   0.12037E-05  -0.16121E-05   0.31327E-07   0.10075E-05
   0.12551E+03   0.60163E+00  -0.10042E-03   0.13777E-04  -0.47184E-05  -0.13026E-04   0.11461E-05   0.15300E-05   0.32744E-07  -0.14424E-07   0.10573E-05  -0.14988E-05   0.32374E-07   0.11392E-05
   0.12205E+03   0.58448E+00  -0.13322E-03   0.15129E-04  -0.17316E-04  -0.13592E-04   0.67764E-06   0.16430E-05   0.37134E-07  -0.16382E-07   0.10444E-05  -0.13320E-05   0.32076E-07   0.14082E-05
   0.11871E+03   0.56786E+00  -0.20448E-03   0.16288E-04  -0.45461E-04  -0.14172E-04   0.27352E-06   0.17449E-05   0.39148E-07  -0.17324E-07   0.11881E-05  -0.13395E-05   0.33588E-07   0.16489E-05
   0.11546E+03   0.55179E+00  -0.28054E-03   0.17539E-04  -0.79622E-04  -0.14893E-04  -0.82387E-07   0.18523E-05   0.39652E-07  -0.17566E-07   0.14520E-05  -0.14292E-05   0.35885E-07   0.19330E-05
   0.11233E+03   0.53626E+00  -0.32697E-03   0.19078E-04  -0.10258E-03  -0.15831E-04   0.15960E-06   0.20129E-05   0.40512E-07  -0.17905E-07   0.17737E-05  -0.17856E-05   0.43252E-07   0.20669E-05
   0.10930E+03   0.52126E+00  -0.34273E-03   0.21052E-04  -0.11162E-03  -0.16863E-04   0.57428E-06   0.21900E-05   0.43562E-07  -0.19190E-07   0.20787E-05  -0.22403E-05   0.53505E-07   0.21064E-05
   0.10637E+03   0.50679E+00  -0.32192E-03   0.23505E-04  -0.10483E-03  -0.17977E-04   0.10074E-05   0.23878E-05   0.48855E-07  -0.21569E-07   0.22679E-05  -0.26891E-05   0.64557E-07   0.20584E-05
   0.10355E+03   0.49284E+00  -0.28442E-03   0.26365E-04  -0.88620E-04  -0.19266E-04   0.15157E-05   0.26345E-05   0.56790E-07  -0.25246E-07   0.24861E-05  -0.31639E-05   0.77260E-07   0.20655E-05
   0.10084E+03   0.47939E+00  -0.23525E-03   0.29525E-04  -0.67606E-04  -0.20617E-04   0.16122E-05   0.29098E-05   0.66982E-07  -0.29915E-07   0.25779E-05  -0.32903E-05   0.83806E-07   0.23182E-05
   0.98226E+02   0.46643E+00  -0.18881E-03   0.32730E-04  -0.46364E-04  -0.21873E-04   0.15557E-05   0.31529E-05   0.77669E-07  -0.34758E-07   0.27261E-05  -0.33890E-05   0.89808E-07   0.26226E-05
   0.95710E+02   0.45396E+00  -0.16637E-03   0.35946E-04  -0.35281E-04  -0.23073E-04   0.15099E-05   0.33634E-05   0.88589E-07  -0.39633E-07   0.29217E-05  -0.35487E-05   0.97235E-07   0.28825E-05
   0.93288E+02   0.44195E+00  -0.16023E-03   0.39178E-04  -0.31665E-04  -0.24322E-04   0.17006E-05   0.35850E-05   0.10016E-06  -0.44805E-07   0.29817E-05  -0.37221E-05   0.10544E-06   0.30054E-05
   0.90956E+02   0.43040E+00  -0.16395E-03   0.42391E-04  -0.32827E-04  -0.25688E-04   0.19134E-05   0.38731E-05   0.11288E-06  -0.50577E-07   0.28785E-05  -0.38538E-05   0.11322E-06   0.30734E-05
   0.88712E+02   0.41928E+00  -0.18628E-03   0.45525E-04  -0.40923E-04  -0.27110E-04   0.19875E-05   0.42130E-05   0.12652E-06  -0.56876E-07   0.28673E-05  -0.39918E-05   0.12179E-06   0.32799E-05
   0.86551E+02   0.40858E+00  -0.22333E-03   0.48580E-04  -0.52904E-04  -0.28517E-04   0.20019E-05   0.45397E-05   0.14052E-06  -0.63375E-07   0.30874E-05  -0.41690E-05   0.13174E-06   0.36669E-05
   0.84471E+02   0.39828E+00  -0.27440E-03   0.51538E-04  -0.67125E-04  -0.30077E-04   0.22139E-05   0.49276E-05   0.15532E-06  -0.70246E-07   0.30978E-05  -0.43922E-05   0.14331E-06   0.38616E-05
   0.82468E+02   0.38838E+00  -0.33164E-03   0.54436E-04  -0.79288E-04  -0.31721E-04   0.20303E-05   0.53633E-05   0.17092E-06  -0.77510E-07   0.34704E-05  -0.47179E-05   0.15797E-06   0.43672E-05
   0.80540E+02   0.37885E+00  -0.37557E-03   0.57441E-04  -0.83339E-04  -0.33277E-04   0.16166E-05   0.57247E-05   0.18559E-06  -0.84282E-07   0.40628E-05  -0.50481E-05   0.17239E-06   0.50131E-05
   0.78682E+02   0.36967E+00  -0.41030E-03   0.60657E-04  -0.81418E-04  -0.34848E-04   0.18439E-05   0.60580E-05   0.20052E-06  -0.91061E-07   0.46582E-05  -0.57062E-05   0.19527E-06   0.53147E-05
   0.76893E+02   0.36084E+00  -0.46167E-03   0.64148E-04  -0.84841E-04  -0.36651E-04   0.30774E-05   0.64915E-05   0.22075E-06  -0.10028E-06   0.49053E-05  -0.66205E-05   0.22734E-06   0.51240E-05
   0.75170E+02   0.35233E+00  -0.52763E-03   0.67888E-04  -0.95431E-04  -0.38483E-04   0.36792E-05   0.70117E-05   0.24755E-06  -0.11261E-06   0.49433E-05  -0.71154E-05   0.25148E-06   0.52261E-05
   0.73509E+02   0.34413E+00  -0.59332E-03   0.71755E-04  -0.10870E-03  -0.40244E-04   0.33596E-05   0.74943E-05   0.27531E-06  -0.12555E-06   0.52042E-05  -0.72629E-05   0.26700E-06   0.58523E-05
   0.71907E+02   0.33623E+00  -0.64693E-03   0.75748E-04  -0.12017E-03  -0.42282E-04   0.37004E-05   0.80459E-05   0.30327E-06  -0.13856E-06   0.54238E-05  -0.76295E-05   0.28885E-06   0.62938E-05
   0.70362E+02   0.32860E+00  -0.67551E-03   0.79916E-04  -0.12456E-03  -0.44548E-04   0.40941E-05   0.87418E-05   0.33430E-06  -0.15287E-06   0.55100E-05  -0.79584E-05   0.31109E-06   0.67859E-05
   0.68870E+02   0.32125E+00  -0.68189E-03   0.84302E-04  -0.12210E-03  -0.46713E-04   0.43861E-05   0.94286E-05   0.36801E-06  -0.16847E-06   0.58316E-05  -0.85372E-05   0.34208E-06   0.72647E-05
   0.67428E+02   0.31414E+00  -0.68124E-03   0.88987E-04  -0.11772E-03  -0.48811E-04   0.45073E-05   0.10083E-04   0.40409E-06  -0.18525E-06   0.64778E-05  -0.93246E-05   0.38069E-06   0.78358E-05
   0.66034E+02   0.30728E+00  -0.68979E-03   0.93971E-04  -0.11682E-03  -0.51004E-04   0.49927E-05   0.10756E-04   0.44343E-06  -0.20366E-06   0.69677E-05  -0.10250E-04   0.42538E-06   0.81395E-05
   0.64686E+02   0.30064E+00  -0.70955E-03   0.99381E-04  -0.12038E-03  -0.53449E-04   0.65855E-05   0.11527E-04   0.49068E-06  -0.22613E-06   0.73172E-05  -0.11780E-04   0.49303E-06   0.78219E-05
   0.63382E+02   0.29422E+00  -0.74366E-03   0.10525E-03  -0.13044E-03  -0.56149E-04   0.78342E-05   0.12459E-04   0.54848E-06  -0.25418E-06   0.74358E-05  -0.12983E-04   0.55623E-06   0.77622E-05
   0.62119E+02   0.28799E+00  -0.79581E-03   0.11142E-03  -0.14870E-03  -0.58962E-04   0.83262E-05   0.13521E-04   0.61354E-06  -0.28635E-06   0.78011E-05  -0.13943E-04   0.61644E-06   0.83229E-05
   0.60894E+02   0.28197E+00  -0.85122E-03   0.11787E-03  -0.16882E-03  -0.61638E-04   0.77143E-05   0.14486E-04   0.68101E-06  -0.31992E-06   0.90884E-05  -0.14775E-04   0.67460E-06   0.98351E-05
   0.59706E+02   0.27612E+00  -0.89826E-03   0.12465E-03  -0.18484E-03  -0.64271E-04   0.71657E-05   0.15328E-04   0.74956E-06  -0.35328E-06   0.10570E-04  -0.15716E-04   0.73678E-06   0.11315E-04
   0.58553E+02   0.27044E+00  -0.93211E-03   0.13186E-03  -0.19493E-03  -0.67071E-04   0.71503E-05   0.16203E-04   0.82201E-06  -0.38745E-06   0.11948E-04  -0.16920E-04   0.80920E-06   0.12475E-04
   0.57433E+02   0.26492E+00  -0.95301E-03   0.13944E-03  -0.19976E-03  -0.70085E-04   0.79623E-05   0.17208E-04   0.90135E-06  -0.42444E-06   0.12402E-04  -0.18005E-04   0.88046E-06   0.12963E-04
   0.56343E+02   0.25955E+00  -0.96871E-03   0.14722E-03  -0.20271E-03  -0.73087E-04   0.77883E-05   0.18249E-04   0.98514E-06  -0.46368E-06   0.13054E-04  -0.18729E-04   0.94114E-06   0.14036E-04
   0.55282E+02   0.25433E+00  -0.98803E-03   0.15517E-03  -0.20726E-03  -0.76162E-04   0.76548E-05   0.19321E-04   0.10701E-05  -0.50357E-06   0.13805E-04  -0.19715E-04   0.10122E-05   0.14990E-04
   0.54248E+02   0.24924E+00  -0.10138E-02   0.16341E-03  -0.21447E-03  -0.79546E-04   0.81123E-05   0.20578E-04   0.11588E-05  -0.54552E-06   0.14667E-04  -0.21249E-04   0.11060E-05   0.15715E-04
   0.53240E+02   0.24428E+00  -0.10555E-02   0.17207E-03  -0.22704E-03  -0.83258E-04   0.95535E-05   0.22003E-04   0.12575E-05  -0.59300E-06   0.15710E-04  -0.23558E-04   0.12353E-05   0.16056E-04
   0.52256E+02   0.23943E+00  -0.11088E-02   0.18130E-03  -0.24418E-03  -0.87028E-04   0.10834E-04   0.23403E-04   0.13712E-05  -0.64820E-06   0.16953E-04  -0.25903E-04   0.13742E-05   0.16550E-04
   0.51294E+02   0.23470E+00  -0.11634E-02   0.19111E-03  -0.26335E-03  -0.90890E-04   0.10956E-04   0.24822E-04   0.14967E-05  -0.70910E-06   0.18481E-04  -0.27710E-04   0.14981E-05   0.17879E-04
   0.50354E+02   0.23007E+00  -0.12170E-02   0.20151E-03  -0.28432E-03  -0.94956E-04   0.11104E-04   0.26301E-04   0.16305E-05  -0.77374E-06   0.19929E-04  -0.29560E-04   0.16278E-05   0.19156E-04
   0.49434E+02   0.22554E+00  -0.12623E-02   0.21253E-03  -0.30460E-03  -0.99272E-04   0.12170E-04   0.27899E-04   0.17758E-05  -0.84416E-06   0.20829E-04  -0.31688E-04   0.17751E-05   0.19747E-04
   0.48533E+02   0.22110E+00  -0.12935E-02   0.22419E-03  -0.32195E-03  -0.10370E-03   0.13052E-04   0.29510E-04   0.19346E-05  -0.92180E-06   0.21964E-04  -0.33748E-04   0.19267E-05   0.20666E-04
   0.47650E+02   0.21675E+00  -0.13102E-02   0.23644E-03  -0.33546E-03  -0.10835E-03   0.14185E-04   0.31190E-04   0.21075E-05  -0.10068E-05   0.22971E-04  -0.35812E-04   0.20861E-05   0.21536E-04
   0.46783E+02   0.21248E+00  -0.13149E-02   0.24927E-03  -0.34640E-03  -0.11331E-03   0.15328E-04   0.33041E-04   0.22971E-05  -0.11003E-05   0.24102E-04  -0.38102E-04   0.22644E-05   0.22502E-04
   0.45932E+02   0.20829E+00  -0.13056E-02   0.26270E-03  -0.35442E-03  -0.11848E-03   0.17135E-04   0.35059E-04   0.25061E-05  -0.12042E-05   0.24545E-04  -0.40398E-04   0.24539E-05   0.22962E-04
   0.45095E+02   0.20416E+00  -0.12788E-02   0.27668E-03  -0.35813E-03  -0.12374E-03   0.18004E-04   0.37253E-04   0.27323E-05  -0.13183E-05   0.25037E-04  -0.42301E-04   0.26366E-05   0.24040E-04
   0.44272E+02   0.20011E+00  -0.12334E-02   0.29116E-03  -0.35573E-03  -0.12886E-03   0.17189E-04   0.39390E-04   0.29658E-05  -0.14377E-05   0.26436E-04  -0.43891E-04   0.28112E-05   0.26274E-04
   0.43461E+02   0.19611E+00  -0.11678E-02   0.30627E-03  -0.34457E-03  -0.13405E-03   0.16909E-04   0.41500E-04   0.32048E-05  -0.15605E-05   0.28662E-04  -0.46540E-04   0.30395E-05   0.28306E-04
   0.42663E+02   0.19218E+00  -0.10822E-02   0.32215E-03  -0.32378E-03  -0.13960E-03   0.17267E-04   0.43780E-04   0.34565E-05  -0.16906E-05   0.30734E-04  -0.49469E-04   0.32883E-05   0.30100E-04
   0.41875E+02   0.18830E+00  -0.97938E-03   0.33877E-03  -0.29328E-03  -0.14537E-03   0.17199E-04   0.46112E-04   0.37229E-05  -0.18289E-05   0.33307E-04  -0.52492E-04   0.35489E-05   0.32371E-04
   0.41097E+02   0.18448E+00  -0.86673E-03   0.35617E-03  -0.25579E-03  -0.15125E-03   0.16887E-04   0.48376E-04   0.40058E-05  -0.19751E-05   0.36504E-04  -0.55998E-04   0.38395E-05   0.34753E-04
   0.40330E+02   0.18070E+00  -0.75512E-03   0.37452E-03  -0.21591E-03  -0.15759E-03   0.18504E-04   0.50755E-04   0.43161E-05  -0.21342E-05   0.39625E-04  -0.60905E-04   0.42120E-05   0.35868E-04
   0.39571E+02   0.17696E+00  -0.65428E-03   0.39399E-03  -0.17862E-03  -0.16475E-03   0.20844E-04   0.53595E-04   0.46694E-05  -0.23150E-05   0.42222E-04  -0.66239E-04   0.46261E-05   0.36558E-04
   0.38821E+02   0.17327E+00  -0.56953E-03   0.41455E-03  -0.14869E-03  -0.17247E-03   0.22531E-04   0.56795E-04   0.50655E-05  -0.25191E-05   0.44410E-04  -0.70973E-04   0.50307E-05   0.37810E-04
   0.38079E+02   0.16962E+00  -0.50048E-03   0.43622E-03  -0.12787E-03  -0.18062E-03   0.24154E-04   0.60292E-04   0.54984E-05  -0.27451E-05   0.46629E-04  -0.75907E-04   0.54671E-05   0.39235E-04
   0.37345E+02   0.16601E+00  -0.43778E-03   0.45921E-03  -0.11301E-03  -0.18926E-03   0.25196E-04   0.63942E-04   0.59636E-05  -0.29928E-05   0.50148E-04  -0.81370E-04   0.59533E-05   0.41644E-04
   0.36617E+02   0.16243E+00  -0.37068E-03   0.48377E-03  -0.99835E-04  -0.19878E-03   0.27559E-04   0.68016E-04   0.64729E-05  -0.32672E-05   0.53680E-04  -0.88015E-04   0.65295E-05   0.43416E-04
   0.35896E+02   0.15888E+00  -0.29299E-03   0.51000E-03  -0.85942E-04  -0.20904E-03   0.29495E-04   0.72465E-04   0.70376E-05  -0.35749E-05   0.57145E-04  -0.94569E-04   0.71319E-05   0.45636E-04
   0.35182E+02   0.15536E+00  -0.20533E-03   0.53771E-03  -0.70107E-04  -0.21974E-03   0.29702E-04   0.77119E-04   0.76441E-05  -0.39102E-05   0.60058E-04  -0.99557E-04   0.76704E-05   0.49025E-04
   0.34473E+02   0.15187E+00  -0.10865E-03   0.56674E-03  -0.49901E-04  -0.23065E-03   0.28752E-04   0.81748E-04   0.82725E-05  -0.42642E-05   0.64586E-04  -0.10487E-03   0.82436E-05   0.53715E-04
   0.33769E+02   0.14841E+00  -0.10170E-04   0.59742E-03  -0.25023E-04  -0.24210E-03   0.29227E-04   0.86499E-04   0.89345E-05  -0.46408E-05   0.70444E-04  -0.11255E-03   0.89737E-05   0.57658E-04
   0.33070E+02   0.14498E+00   0.84041E-04   0.63003E-03   0.20215E-05  -0.25474E-03   0.30871E-04   0.91799E-04   0.96548E-05  -0.50531E-05   0.76328E-04  -0.12107E-03   0.97818E-05   0.61440E-04
   0.32376E+02   0.14156E+00   0.17320E-03   0.66483E-03   0.30492E-04  -0.26878E-03   0.34552E-04   0.97808E-04   0.10458E-04  -0.55164E-05   0.82405E-04  -0.13145E-03   0.10746E-04   0.64448E-04
   0.31686E+02   0.13817E+00   0.25037E-03   0.70193E-03   0.58840E-04  -0.28389E-03   0.38236E-04   0.10432E-03   0.11364E-04  -0.60441E-05   0.88959E-04  -0.14232E-03   0.11797E-04   0.68075E-04
   0.31000E+02   0.13480E+00   0.30586E-03   0.74147E-03   0.86560E-04  -0.29958E-03   0.40758E-04   0.11082E-03   0.12379E-04  -0.66394E-05   0.97775E-04  -0.15446E-03   0.12989E-04   0.72859E-04
   0.30317E+02   0.13145E+00   0.33926E-03   0.78393E-03   0.11139E-03  -0.31627E-03   0.45777E-04   0.11768E-03   0.13535E-04  -0.73180E-05   0.10729E-03  -0.16908E-03   0.14415E-04   0.76516E-04
   0.29639E+02   0.12811E+00   0.34835E-03   0.82977E-03   0.12934E-03  -0.33463E-03   0.51013E-04   0.12517E-03   0.14863E-04  -0.81016E-05   0.11824E-03  -0.18531E-03   0.16041E-04   0.80901E-04
   0.28963E+02   0.12480E+00   0.32734E-03   0.87938E-03   0.13749E-03  -0.35579E-03   0.57582E-04   0.13424E-03   0.16397E-04  -0.90119E-05   0.12913E-03  -0.20290E-03   0.17874E-04   0.85721E-04
   0.28291E+02   0.12150E+00   0.29601E-03   0.93302E-03   0.13889E-03  -0.37897E-03   0.61228E-04   0.14426E-03   0.18144E-04  -0.10060E-04   0.14167E-03  -0.22017E-03   0.19806E-04   0.93652E-04
   0.27622E+02   0.11821E+00   0.26231E-03   0.99129E-03   0.13646E-03  -0.40346E-03   0.66791E-04   0.15470E-03   0.20131E-04  -0.11260E-04   0.15667E-03  -0.24188E-03   0.22176E-04   0.10053E-03
   0.26956E+02   0.11493E+00   0.22013E-03   0.10549E-02   0.13124E-03  -0.43005E-03   0.73404E-04   0.16580E-03   0.22419E-04  -0.12653E-04   0.17422E-03  -0.26710E-03   0.24963E-04   0.10765E-03
   0.26292E+02   0.11167E+00   0.16060E-03   0.11245E-02   0.12470E-03  -0.46015E-03   0.84113E-04   0.17851E-03   0.25090E-04  -0.14300E-04   0.19422E-03  -0.29764E-03   0.28353E-04   0.11424E-03
   0.25631E+02   0.10842E+00   0.88283E-04   0.12006E-02   0.11859E-03  -0.49435E-03   0.93050E-04   0.19275E-03   0.28200E-04  -0.16254E-04   0.21909E-03  -0.33061E-03   0.32184E-04   0.12536E-03
   0.24972E+02   0.10519E+00  -0.73006E-06   0.12844E-02   0.11331E-03  -0.53287E-03   0.10497E-03   0.20841E-03   0.31839E-04  -0.18575E-04   0.24959E-03  -0.37102E-03   0.36885E-04   0.13714E-03
   0.24316E+02   0.10196E+00  -0.89477E-04   0.13771E-02   0.11473E-03  -0.57711E-03   0.12062E-03   0.22660E-03   0.36171E-04  -0.21380E-04   0.28506E-03  -0.41906E-03   0.42597E-04   0.14999E-03
   0.23662E+02   0.98741E-01  -0.17695E-03   0.14804E-02   0.12238E-03  -0.62733E-03   0.13762E-03   0.24670E-03   0.41366E-04  -0.24807E-04   0.32947E-03  -0.47631E-03   0.49577E-04   0.16600E-03
   0.23010E+02   0.95532E-01  -0.29108E-03   0.15965E-02   0.12890E-03  -0.68620E-03   0.16127E-03   0.27028E-03   0.47683E-04  -0.29047E-04   0.38436E-03  -0.54768E-03   0.58400E-04   0.18400E-03
   0.22361E+02   0.92332E-01  -0.44947E-03   0.17271E-02   0.12176E-03  -0.75536E-03   0.18759E-03   0.29793E-03   0.55367E-04  -0.34356E-04   0.45086E-03  -0.62949E-03   0.69031E-04   0.20934E-03
   0.21715E+02   0.89139E-01  -0.64495E-03   0.18745E-02   0.96451E-04  -0.83466E-03   0.21556E-03   0.32914E-03   0.64621E-04  -0.40989E-04   0.53229E-03  -0.72430E-03   0.81957E-04   0.24272E-03
   0.21071E+02   0.85954E-01  -0.86219E-03   0.20416E-02   0.62290E-04  -0.92373E-03   0.23710E-03   0.36204E-03   0.75607E-04  -0.49215E-04   0.63804E-03  -0.83572E-03   0.97750E-04   0.28850E-03
   0.20430E+02   0.82776E-01  -0.10676E-02   0.22322E-02   0.40025E-04  -0.10231E-02   0.25653E-03   0.39540E-03   0.88605E-04  -0.59345E-04   0.77547E-03  -0.97215E-03   0.11743E-03   0.34540E-03
   0.19791E+02   0.79605E-01  -0.12327E-02   0.24514E-02   0.49213E-04  -0.11362E-02   0.27502E-03   0.42964E-03   0.10415E-03  -0.71868E-04   0.95537E-03  -0.11439E-02   0.14236E-03   0.41578E-03
   0.19155E+02   0.76439E-01  -0.13932E-02   0.27053E-02   0.85893E-04  -0.12686E-02   0.29923E-03   0.46710E-03   0.12308E-03  -0.87553E-04   0.11859E-02  -0.13630E-02   0.17436E-03   0.49991E-03
   0.18523E+02   0.73279E-01  -0.16298E-02   0.29999E-02   0.12962E-03  -0.14238E-02   0.31859E-03   0.50771E-03   0.14616E-03  -0.10733E-03   0.14810E-02  -0.16326E-02   0.21456E-03   0.60950E-03
   0.17895E+02   0.70125E-01  -0.19843E-02   0.33426E-02   0.16012E-03  -0.16050E-02   0.33571E-03   0.54922E-03   0.17396E-03  -0.13225E-03   0.18670E-02  -0.19723E-02   0.26577E-03   0.75142E-03
   0.17270E+02   0.66975E-01  -0.25128E-02   0.37410E-02   0.14723E-03  -0.18177E-02   0.34552E-03   0.59178E-03   0.20723E-03  -0.16362E-03   0.23718E-02  -0.24009E-02   0.33105E-03   0.93731E-03
   0.16649E+02   0.63830E-01  -0.31760E-02   0.42026E-02   0.98907E-04  -0.20687E-02   0.34113E-03   0.63626E-03   0.24665E-03  -0.20290E-03   0.30295E-02  -0.29467E-02   0.41445E-03   0.11772E-02
   0.16032E+02   0.60689E-01  -0.39404E-02   0.47316E-02   0.40740E-05  -0.23592E-02   0.30978E-03   0.68101E-03   0.29191E-03  -0.25138E-03   0.38823E-02  -0.36392E-02   0.51984E-03   0.14845E-02
   0.15417E+02   0.57552E-01  -0.46266E-02   0.53309E-02  -0.14761E-03  -0.26876E-02   0.22833E-03   0.72034E-03   0.34159E-03  -0.30914E-03   0.50024E-02  -0.45316E-02   0.65219E-03   0.18758E-02
   0.14804E+02   0.54419E-01  -0.50940E-02   0.59973E-02  -0.35139E-03  -0.30575E-02   0.97895E-04   0.76287E-03   0.39464E-03  -0.37503E-03   0.64707E-02  -0.57159E-02   0.81932E-03   0.23566E-02
   0.14190E+02   0.51290E-01  -0.51821E-02   0.67205E-02  -0.51244E-03  -0.34650E-02  -0.14272E-03   0.80668E-03   0.44816E-03  -0.44389E-03   0.84169E-02  -0.72941E-02   0.10246E-02   0.29583E-02
   0.13572E+02   0.48164E-01  -0.50765E-02   0.74748E-02  -0.57198E-03  -0.39220E-02  -0.51248E-03   0.87254E-03   0.50625E-03  -0.50361E-03   0.11022E-01  -0.94830E-02   0.12752E-02   0.36892E-02
   0.12947E+02   0.45041E-01  -0.48518E-02   0.82157E-02  -0.58121E-03  -0.44435E-02  -0.10380E-02   0.97847E-03   0.58002E-03  -0.53354E-03   0.14454E-01  -0.12478E-01   0.15612E-02   0.45624E-02
   0.12308E+02   0.41921E-01  -0.44320E-02   0.88725E-02  -0.61926E-03  -0.50334E-02  -0.17690E-02   0.11395E-02   0.68993E-03  -0.49629E-03   0.18878E-01  -0.16458E-01   0.18437E-02   0.55967E-02
   0.11648E+02   0.38803E-01  -0.38529E-02   0.93413E-02  -0.61839E-03  -0.56918E-02  -0.27521E-02   0.13546E-02   0.86581E-03  -0.33005E-03   0.24467E-01  -0.21614E-01   0.20454E-02   0.67883E-02
   0.10955E+02   0.35688E-01  -0.31052E-02   0.94780E-02  -0.54792E-03  -0.64272E-02  -0.38840E-02   0.16152E-02   0.11412E-02   0.48093E-04   0.30984E-01  -0.27779E-01   0.20107E-02   0.80194E-02
   0.10217E+02   0.32575E-01  -0.19240E-02   0.91156E-02  -0.48338E-03  -0.72187E-02  -0.48167E-02   0.18908E-02   0.15187E-02   0.70507E-03   0.37356E-01  -0.34010E-01   0.15283E-02   0.89894E-02
   0.94198E+01   0.29465E-01  -0.49434E-03   0.81492E-02  -0.36514E-03  -0.79445E-02  -0.50568E-02   0.21246E-02   0.19200E-02   0.16175E-02   0.41697E-01  -0.38675E-01   0.48684E-03   0.91708E-02
   0.85546E+01   0.26356E-01   0.94762E-03   0.66489E-02   0.39351E-04  -0.84455E-02  -0.40857E-02   0.23097E-02   0.22126E-02   0.25937E-02   0.42120E-01  -0.40199E-01  -0.92404E-03   0.81132E-02
   0.76194E+01   0.23250E-01   0.19044E-02   0.48710E-02   0.50217E-03  -0.85201E-02  -0.16900E-02   0.24203E-02   0.22449E-02   0.32658E-02   0.37255E-01  -0.37330E-01  -0.22075E-02   0.56486E-02
   0.66248E+01   0.20145E-01   0.28789E-02   0.31524E-02   0.52107E-03  -0.79357E-02   0.12439E-02   0.23573E-02   0.19700E-02   0.33273E-02   0.28930E-01  -0.31188E-01  -0.28063E-02   0.25908E-02
   0.55910E+01   0.17042E-01   0.28398E-02   0.17948E-02   0.11761E-03  -0.66487E-02   0.32252E-02   0.19797E-02   0.14981E-02   0.28280E-02   0.21062E-01  -0.24580E-01  -0.26273E-02   0.16070E-03
   0.45418E+01   0.13940E-01   0.22702E-02   0.89676E-03   0.33972E-04  -0.50085E-02   0.38714E-02   0.14273E-02   0.10190E-02   0.20919E-02   0.15745E-01  -0.19337E-01  -0.20334E-02  -0.10869E-02
   0.34962E+01   0.10840E-01   0.15289E-02   0.38251E-03   0.44270E-05  -0.33759E-02   0.37257E-02   0.86837E-03   0.63141E-03   0.13706E-02   0.12220E-01  -0.15298E-01  -0.13683E-02  -0.15763E-02
   0.24668E+01   0.77416E-02   0.74223E-03   0.13324E-03  -0.18213E-04  -0.19453E-02   0.27673E-02   0.40141E-03   0.36401E-03   0.82329E-03   0.10983E-01  -0.13066E-01  -0.83350E-03  -0.13280E-02
   0.14605E+01   0.46441E-02   0.30598E-03   0.32957E-04  -0.98688E-05  -0.92556E-03   0.16576E-02   0.13632E-03   0.21092E-03   0.49734E-03   0.10881E-01  -0.12064E-01  -0.50652E-03  -0.84492E-03
   0.48011E+00   0.15479E-02   0.93626E-04   0.39497E-05  -0.22062E-05  -0.39744E-03   0.67618E-03   0.39474E-04   0.14053E-03   0.34336E-03   0.19678E-01  -0.20271E-01  -0.30003E-03  -0.37004E-03
