   0.19906E+03   0.96417E+00   0.29906E+03   0.62660E+00   0.34223E-01  -0.51518E+00   0.20655E+00  -0.46286E+00   0.58649E-02   0.10019E-01   0.23351E-04  -0.15623E-04   0.49535E-02  -0.90127E-03   0.53540E-03   0.27144E+02
   0.19418E+03   0.94036E+00   0.29168E+03   0.64904E+00   0.50545E-01  -0.62958E+00   0.36754E+00  -0.49917E+00   0.45398E-01   0.13313E-01   0.52950E-04  -0.36272E-04  -0.11874E-02  -0.91998E-03   0.53866E-03   0.28601E+02
   0.18933E+03   0.91667E+00   0.28433E+03   0.59880E+00   0.62214E-01  -0.43597E+00   0.22918E+00  -0.52181E+00   0.62134E-01   0.14729E-01   0.86212E-04  -0.51674E-04  -0.34024E-02  -0.85948E-03   0.50389E-03   0.30316E+02
   0.18452E+03   0.89314E+00   0.27703E+03   0.53920E+00   0.72549E-01  -0.17569E+00  -0.81709E-02  -0.53381E+00   0.51367E-01   0.14553E-01   0.11442E-03  -0.64023E-04  -0.18803E-02  -0.77580E-03   0.47758E-03   0.32026E+02
   0.17977E+03   0.86983E+00   0.26980E+03   0.52031E+00   0.84818E-01  -0.28852E-02  -0.17517E+00  -0.54489E+00   0.31982E-01   0.14549E-01   0.13984E-03  -0.82930E-04  -0.11618E-02  -0.73007E-03   0.47996E-03   0.33882E+02
   0.17507E+03   0.84677E+00   0.26265E+03   0.52806E+00   0.99709E-01   0.10225E+00  -0.28040E+00  -0.56199E+00   0.24657E-01   0.15255E-01   0.17206E-03  -0.10685E-03  -0.20975E-02  -0.81496E-03   0.54517E-03   0.36084E+02
   0.17044E+03   0.82400E+00   0.25558E+03   0.54325E+00   0.11580E+00   0.21937E+00  -0.42077E+00  -0.58395E+00   0.35075E-01   0.16148E-01   0.21803E-03  -0.13237E-03  -0.31771E-02  -0.10422E-02   0.67475E-03   0.38480E+02
   0.16588E+03   0.80156E+00   0.24863E+03   0.54348E+00   0.13197E+00   0.36801E+00  -0.60308E+00  -0.60215E+00   0.29576E-01   0.16367E-01   0.28852E-03  -0.17180E-03  -0.28034E-02  -0.13477E-02   0.83908E-03   0.41043E+02
   0.16140E+03   0.77949E+00   0.24178E+03   0.52083E+00   0.14985E+00   0.45293E+00  -0.72303E+00  -0.63369E+00   0.40979E-01   0.17309E-01   0.39391E-03  -0.24469E-03  -0.34986E-02  -0.17278E-02   0.10486E-02   0.43991E+02
   0.15701E+03   0.75782E+00   0.23506E+03   0.51928E+00   0.17393E+00   0.44287E+00  -0.75873E+00  -0.68149E+00   0.68045E-01   0.19311E-01   0.53428E-03  -0.35230E-03  -0.54709E-02  -0.21375E-02   0.12863E-02   0.47657E+02
   0.15271E+03   0.73658E+00   0.22847E+03   0.57900E+00   0.20822E+00   0.43232E+00  -0.79159E+00  -0.73233E+00   0.82017E-01   0.21780E-01   0.70556E-03  -0.47885E-03  -0.71282E-02  -0.25149E-02   0.15100E-02   0.52063E+02
   0.14851E+03   0.71579E+00   0.22202E+03   0.72170E+00   0.24942E+00   0.44015E+00  -0.85313E+00  -0.78796E+00   0.97984E-01   0.24781E-01   0.91280E-03  -0.61928E-03  -0.79093E-02  -0.29941E-02   0.17858E-02   0.57097E+02
   0.14442E+03   0.69548E+00   0.21572E+03   0.91045E+00   0.29688E+00   0.47402E+00  -0.93376E+00  -0.85323E+00   0.11395E+00   0.28462E-01   0.11687E-02  -0.79323E-03  -0.83523E-02  -0.35361E-02   0.21133E-02   0.62710E+02
   0.14042E+03   0.67566E+00   0.20958E+03   0.10661E+01   0.35159E+00   0.40488E+00  -0.92268E+00  -0.92396E+00   0.11148E+00   0.32688E-01   0.14529E-02  -0.99996E-03  -0.78925E-02  -0.40126E-02   0.24265E-02   0.69108E+02
   0.13653E+03   0.65636E+00   0.20359E+03   0.11369E+01   0.40911E+00   0.22579E+00  -0.81983E+00  -0.99442E+00   0.92749E-01   0.36322E-01   0.17071E-02  -0.11871E-02  -0.52998E-02  -0.44287E-02   0.27160E-02   0.76174E+02
   0.13275E+03   0.63758E+00   0.19776E+03   0.11115E+01   0.46805E+00  -0.28503E-01  -0.65961E+00  -0.10653E+01   0.72765E-01   0.39396E-01   0.19351E-02  -0.13647E-02  -0.27525E-02  -0.49045E-02   0.30411E-02   0.83563E+02
   0.12907E+03   0.61934E+00   0.19210E+03   0.10419E+01   0.52973E+00  -0.24939E+00  -0.53604E+00  -0.11493E+01   0.79193E-01   0.44157E-01   0.22053E-02  -0.16052E-02  -0.47772E-02  -0.56541E-02   0.35131E-02   0.91360E+02
   0.12551E+03   0.60163E+00   0.18661E+03   0.10492E+01   0.59969E+00  -0.40347E+00  -0.47732E+00  -0.12538E+01   0.10441E+00   0.51485E-01   0.25579E-02  -0.19224E-02  -0.10140E-01  -0.64596E-02   0.40416E-02   0.99911E+02
   0.12205E+03   0.58448E+00   0.18129E+03   0.11423E+01   0.67645E+00  -0.46356E+00  -0.52011E+00  -0.13688E+01   0.12840E+00   0.59783E-01   0.29674E-02  -0.22751E-02  -0.14576E-01  -0.73531E-02   0.46527E-02   0.10926E+03
   0.11871E+03   0.56786E+00   0.17614E+03   0.12992E+01   0.75638E+00  -0.55720E+00  -0.53858E+00  -0.14868E+01   0.14310E+00   0.68030E-01   0.33592E-02  -0.26042E-02  -0.14263E-01  -0.80986E-02   0.51748E-02   0.11931E+03
   0.11546E+03   0.55179E+00   0.17115E+03   0.14504E+01   0.82826E+00  -0.68416E+00  -0.53754E+00  -0.15969E+01   0.14891E+00   0.74309E-01   0.36543E-02  -0.28183E-02  -0.10855E-01  -0.86781E-02   0.55713E-02   0.12966E+03
   0.11233E+03   0.53626E+00   0.16633E+03   0.15314E+01   0.89142E+00  -0.90042E+00  -0.47320E+00  -0.16991E+01   0.12879E+00   0.79701E-01   0.38810E-02  -0.29509E-02  -0.91693E-02  -0.92178E-02   0.59686E-02   0.13972E+03
   0.10930E+03   0.52126E+00   0.16168E+03   0.15600E+01   0.95129E+00  -0.11311E+01  -0.40312E+00  -0.17994E+01   0.70946E-01   0.85464E-01   0.41003E-02  -0.31471E-02  -0.58714E-02  -0.98050E-02   0.64574E-02   0.14950E+03
   0.10637E+03   0.50679E+00   0.15719E+03   0.15440E+01   0.10112E+01  -0.12626E+01  -0.42509E+00  -0.19089E+01   0.51792E-01   0.92036E-01   0.43283E-02  -0.34296E-02  -0.52085E-02  -0.10839E-01   0.72044E-02   0.15935E+03
   0.10355E+03   0.49284E+00   0.15287E+03   0.14740E+01   0.10824E+01  -0.12131E+01  -0.60620E+00  -0.20304E+01   0.67809E-01   0.99489E-01   0.45888E-02  -0.37820E-02  -0.72883E-02  -0.12144E-01   0.80792E-02   0.16932E+03
   0.10084E+03   0.47939E+00   0.14870E+03   0.13818E+01   0.11749E+01  -0.96046E+00  -0.96753E+00  -0.21601E+01   0.10119E+00   0.10745E+00   0.49157E-02  -0.42285E-02  -0.10277E-01  -0.13799E-01   0.91097E-02   0.17960E+03
   0.98226E+02   0.46643E+00   0.14468E+03   0.13331E+01   0.12942E+01  -0.63493E+00  -0.14051E+01  -0.23045E+01   0.15886E+00   0.11609E+00   0.53371E-02  -0.47638E-02  -0.14466E-01  -0.15883E-01   0.10364E-01   0.19025E+03
   0.95710E+02   0.45396E+00   0.14081E+03   0.13694E+01   0.14318E+01  -0.33098E+00  -0.18337E+01  -0.24672E+01   0.23582E+00   0.12653E+00   0.58930E-02  -0.54252E-02  -0.21562E-01  -0.18101E-01   0.11721E-01   0.20139E+03
   0.93288E+02   0.44195E+00   0.13708E+03   0.15043E+01   0.15732E+01  -0.12171E+00  -0.21898E+01  -0.26359E+01   0.26295E+00   0.13757E+00   0.65026E-02  -0.61823E-02  -0.23118E-01  -0.19613E-01   0.12716E-01   0.21315E+03
   0.90956E+02   0.43040E+00   0.13350E+03   0.16283E+01   0.17058E+01   0.13931E-01  -0.24961E+01  -0.28048E+01   0.26681E+00   0.14867E+00   0.70548E-02  -0.69417E-02  -0.23494E-01  -0.20994E-01   0.13602E-01   0.22549E+03
   0.88712E+02   0.41928E+00   0.13005E+03   0.17371E+01   0.18233E+01   0.13291E+00  -0.28002E+01  -0.29716E+01   0.23308E+00   0.15949E+00   0.74845E-02  -0.76287E-02  -0.21358E-01  -0.21763E-01   0.14115E-01   0.23824E+03
   0.86551E+02   0.40858E+00   0.12673E+03   0.17980E+01   0.19242E+01   0.22771E+00  -0.30813E+01  -0.31284E+01   0.17362E+00   0.16910E+00   0.77627E-02  -0.82277E-02  -0.16896E-01  -0.22252E-01   0.14507E-01   0.25120E+03
   0.84471E+02   0.39828E+00   0.12354E+03   0.17800E+01   0.20139E+01   0.30105E+00  -0.33412E+01  -0.32858E+01   0.13547E+00   0.17922E+00   0.79342E-02  -0.87961E-02  -0.14161E-01  -0.23113E-01   0.15164E-01   0.26425E+03
   0.82468E+02   0.38838E+00   0.12047E+03   0.17638E+01   0.20981E+01   0.37915E+00  -0.36158E+01  -0.34543E+01   0.14097E+00   0.19197E+00   0.80905E-02  -0.94093E-02  -0.19073E-01  -0.24389E-01   0.16065E-01   0.27740E+03
   0.80540E+02   0.37885E+00   0.11751E+03   0.18379E+01   0.21854E+01   0.44211E+00  -0.38773E+01  -0.36342E+01   0.16605E+00   0.20733E+00   0.82638E-02  -0.10028E-01  -0.26555E-01  -0.26006E-01   0.17130E-01   0.29069E+03
   0.78682E+02   0.36967E+00   0.11466E+03   0.20066E+01   0.22801E+01   0.45056E+00  -0.40954E+01  -0.38147E+01   0.15624E+00   0.22222E+00   0.84227E-02  -0.10596E-01  -0.27336E-01  -0.27475E-01   0.18116E-01   0.30402E+03
   0.76893E+02   0.36084E+00   0.11192E+03   0.21352E+01   0.23835E+01   0.38748E+00  -0.42557E+01  -0.39908E+01   0.12427E+00   0.23538E+00   0.85537E-02  -0.11223E-01  -0.22457E-01  -0.28644E-01   0.19010E-01   0.31730E+03
   0.75170E+02   0.35233E+00   0.10928E+03   0.21512E+01   0.24967E+01   0.28639E+00  -0.43850E+01  -0.41698E+01   0.12005E+00   0.24860E+00   0.86515E-02  -0.11969E-01  -0.19580E-01  -0.29856E-01   0.20062E-01   0.33072E+03
   0.73509E+02   0.34413E+00   0.10674E+03   0.20976E+01   0.26143E+01   0.21714E+00  -0.45529E+01  -0.43642E+01   0.15477E+00   0.26331E+00   0.86964E-02  -0.12735E-01  -0.19242E-01  -0.30960E-01   0.21101E-01   0.34433E+03
   0.71907E+02   0.33623E+00   0.10429E+03   0.20181E+01   0.27296E+01   0.21539E+00  -0.47836E+01  -0.45729E+01   0.20376E+00   0.27908E+00   0.86573E-02  -0.13453E-01  -0.18265E-01  -0.31923E-01   0.22001E-01   0.35808E+03
   0.70362E+02   0.32860E+00   0.10192E+03   0.19380E+01   0.28413E+01   0.28676E+00  -0.50799E+01  -0.47811E+01   0.23703E+00   0.29437E+00   0.85323E-02  -0.14093E-01  -0.17239E-01  -0.32674E-01   0.22692E-01   0.37188E+03
   0.68870E+02   0.32125E+00   0.99643E+02   0.18311E+01   0.29467E+01   0.41451E+00  -0.54207E+01  -0.49803E+01   0.24647E+00   0.30856E+00   0.83668E-02  -0.14681E-01  -0.16500E-01  -0.33237E-01   0.23207E-01   0.38563E+03
   0.67428E+02   0.31414E+00   0.97439E+02   0.17088E+01   0.30471E+01   0.57238E+00  -0.57879E+01  -0.51764E+01   0.23270E+00   0.32251E+00   0.82006E-02  -0.15329E-01  -0.12512E-01  -0.33606E-01   0.23576E-01   0.39935E+03
   0.66034E+02   0.30728E+00   0.95310E+02   0.16023E+01   0.31427E+01   0.70993E+00  -0.61308E+01  -0.53795E+01   0.21153E+00   0.33777E+00   0.80163E-02  -0.16090E-01  -0.87549E-02  -0.33428E-01   0.23635E-01   0.41312E+03
   0.64686E+02   0.30064E+00   0.93251E+02   0.15253E+01   0.32340E+01   0.80008E+00  -0.64268E+01  -0.55965E+01   0.18576E+00   0.35528E+00   0.77493E-02  -0.16924E-01  -0.39828E-02  -0.32668E-01   0.23345E-01   0.42705E+03
   0.63382E+02   0.29422E+00   0.91259E+02   0.14968E+01   0.33231E+01   0.82824E+00  -0.66621E+01  -0.58304E+01   0.19715E+00   0.37564E+00   0.73755E-02  -0.17798E-01  -0.53297E-02  -0.32253E-01   0.23305E-01   0.44119E+03
   0.62119E+02   0.28799E+00   0.89329E+02   0.15389E+01   0.34056E+01   0.80281E+00  -0.68482E+01  -0.60773E+01   0.23989E+00   0.39923E+00   0.69204E-02  -0.18643E-01  -0.14017E-01  -0.31819E-01   0.23270E-01   0.45559E+03
   0.60894E+02   0.28197E+00   0.87459E+02   0.16613E+01   0.34715E+01   0.72120E+00  -0.69819E+01  -0.63294E+01   0.29489E+00   0.42442E+00   0.64167E-02  -0.19373E-01  -0.29430E-01  -0.30897E-01   0.22908E-01   0.47019E+03
   0.59706E+02   0.27612E+00   0.85645E+02   0.18546E+01   0.35147E+01   0.59077E+00  -0.70730E+01  -0.65822E+01   0.32217E+00   0.44925E+00   0.58834E-02  -0.19987E-01  -0.41304E-01  -0.29341E-01   0.22117E-01   0.48490E+03
   0.58553E+02   0.27044E+00   0.83884E+02   0.20668E+01   0.35330E+01   0.41061E+00  -0.71261E+01  -0.68392E+01   0.30635E+00   0.47499E+00   0.53178E-02  -0.20527E-01  -0.43576E-01  -0.27322E-01   0.21013E-01   0.49967E+03
   0.57433E+02   0.26492E+00   0.82172E+02   0.22636E+01   0.35280E+01   0.22416E+00  -0.71787E+01  -0.71025E+01   0.25552E+00   0.50201E+00   0.47060E-02  -0.21045E-01  -0.36500E-01  -0.24794E-01   0.19565E-01   0.51452E+03
   0.56343E+02   0.25955E+00   0.80508E+02   0.24400E+01   0.35040E+01   0.69194E-01  -0.72613E+01  -0.73708E+01   0.18808E+00   0.53015E+00   0.40357E-02  -0.21552E-01  -0.23496E-01  -0.21958E-01   0.17866E-01   0.52947E+03
   0.55282E+02   0.25433E+00   0.78887E+02   0.26035E+01   0.34630E+01  -0.55134E-01  -0.73706E+01  -0.76398E+01   0.11790E+00   0.55805E+00   0.32927E-02  -0.22021E-01  -0.82520E-02  -0.18699E-01   0.15810E-01   0.54456E+03
   0.54248E+02   0.24924E+00   0.77309E+02   0.27495E+01   0.34077E+01  -0.15873E+00  -0.74966E+01  -0.79069E+01   0.30329E-01   0.58437E+00   0.24515E-02  -0.22402E-01   0.13495E-01  -0.15412E-01   0.13619E-01   0.55979E+03
   0.53240E+02   0.24428E+00   0.75769E+02   0.28233E+01   0.33409E+01  -0.23256E+00  -0.76465E+01  -0.81755E+01  -0.64555E-01   0.60940E+00   0.15008E-02  -0.22682E-01   0.39533E-01  -0.11737E-01   0.11038E-01   0.57513E+03
   0.52256E+02   0.23943E+00   0.74266E+02   0.27986E+01   0.32591E+01  -0.26416E+00  -0.78241E+01  -0.84587E+01  -0.12657E+00   0.63613E+00   0.44468E-03  -0.22867E-01   0.58276E-01  -0.77066E-02   0.80607E-02   0.59059E+03
   0.51294E+02   0.23470E+00   0.72798E+02   0.27336E+01   0.31615E+01  -0.26444E+00  -0.80194E+01  -0.87635E+01  -0.14257E+00   0.66617E+00  -0.67986E-03  -0.22913E-01   0.68949E-01  -0.34612E-02   0.48251E-02   0.60614E+03
   0.50354E+02   0.23007E+00   0.71362E+02   0.26366E+01   0.30480E+01  -0.23263E+00  -0.82275E+01  -0.90898E+01  -0.13238E+00   0.69938E+00  -0.18382E-02  -0.22797E-01   0.75114E-01   0.21851E-02   0.60381E-03   0.62174E+03
   0.49434E+02   0.22554E+00   0.69957E+02   0.24936E+01   0.29160E+01  -0.18797E+00  -0.84360E+01  -0.94340E+01  -0.10632E+00   0.73498E+00  -0.30179E-02  -0.22539E-01   0.74181E-01   0.92913E-02  -0.45644E-02   0.63734E+03
   0.48533E+02   0.22110E+00   0.68581E+02   0.23253E+01   0.27715E+01  -0.13910E+00  -0.86386E+01  -0.97906E+01  -0.10169E+00   0.77178E+00  -0.41920E-02  -0.22162E-01   0.73516E-01   0.18077E-01  -0.10783E-01   0.65295E+03
   0.47650E+02   0.21675E+00   0.67231E+02   0.21733E+01   0.26206E+01  -0.10771E+00  -0.88196E+01  -0.10158E+02  -0.12501E+00   0.80912E+00  -0.53356E-02  -0.21645E-01   0.79906E-01   0.28297E-01  -0.17890E-01   0.66858E+03
   0.46783E+02   0.21248E+00   0.65906E+02   0.20711E+01   0.24651E+01  -0.10553E+00  -0.89629E+01  -0.10533E+02  -0.16007E+00   0.84717E+00  -0.64219E-02  -0.20940E-01   0.91251E-01   0.39332E-01  -0.25531E-01   0.68423E+03
   0.45932E+02   0.20829E+00   0.64605E+02   0.20459E+01   0.23025E+01  -0.11818E+00  -0.90776E+01  -0.10913E+02  -0.22400E+00   0.88640E+00  -0.74227E-02  -0.20046E-01   0.11008E+00   0.50905E-01  -0.33620E-01   0.69989E+03
   0.45095E+02   0.20416E+00   0.63327E+02   0.20884E+01   0.21269E+01  -0.13544E+00  -0.91633E+01  -0.11294E+02  -0.31917E+00   0.92683E+00  -0.83134E-02  -0.18967E-01   0.13763E+00   0.62614E-01  -0.41997E-01   0.71554E+03
   0.44272E+02   0.20011E+00   0.62069E+02   0.21181E+01   0.19339E+01  -0.13413E+00  -0.92400E+01  -0.11683E+02  -0.42393E+00   0.96867E+00  -0.90620E-02  -0.17670E-01   0.16800E+00   0.74006E-01  -0.50371E-01   0.73114E+03
   0.43461E+02   0.19611E+00   0.60830E+02   0.20941E+01   0.17174E+01  -0.12019E+00  -0.93094E+01  -0.12093E+02  -0.50188E+00   0.10140E+01  -0.96133E-02  -0.16185E-01   0.19519E+00   0.85091E-01  -0.58716E-01   0.74661E+03
   0.42663E+02   0.19218E+00   0.59610E+02   0.19816E+01   0.14727E+01  -0.98774E-01  -0.93722E+01  -0.12532E+02  -0.53204E+00   0.10635E+01  -0.99115E-02  -0.14571E-01   0.21119E+00   0.96731E-01  -0.67522E-01   0.76190E+03
   0.41875E+02   0.18830E+00   0.58407E+02   0.17884E+01   0.11979E+01  -0.71668E-01  -0.94366E+01  -0.13003E+02  -0.50020E+00   0.11167E+01  -0.99126E-02  -0.12855E-01   0.21563E+00   0.10861E+00  -0.76455E-01   0.77699E+03
   0.41097E+02   0.18448E+00   0.57220E+02   0.15208E+01   0.89485E+00  -0.31858E-01  -0.95103E+01  -0.13506E+02  -0.42482E+00   0.11739E+01  -0.95853E-02  -0.11057E-01   0.20864E+00   0.12217E+00  -0.86461E-01   0.79185E+03
   0.40330E+02   0.18070E+00   0.56048E+02   0.11739E+01   0.56760E+00   0.26558E-01  -0.96020E+01  -0.14037E+02  -0.34771E+00   0.12341E+01  -0.88924E-02  -0.91927E-02   0.19880E+00   0.13835E+00  -0.98152E-01   0.80651E+03
   0.39571E+02   0.17696E+00   0.54890E+02   0.74708E+00   0.22476E+00   0.84831E-01  -0.96902E+01  -0.14592E+02  -0.31686E+00   0.12963E+01  -0.77871E-02  -0.72454E-02   0.20092E+00   0.15662E+00  -0.11121E+00   0.82105E+03
   0.38821E+02   0.17327E+00   0.53745E+02   0.28620E+00  -0.12417E+00   0.11708E+00  -0.97506E+01  -0.15170E+02  -0.33728E+00   0.13600E+01  -0.62123E-02  -0.51489E-02   0.22236E+00   0.17626E+00  -0.12526E+00   0.83559E+03
   0.38079E+02   0.16962E+00   0.52612E+02  -0.14757E+00  -0.47513E+00   0.96348E-01  -0.97560E+01  -0.15773E+02  -0.36098E+00   0.14254E+01  -0.40951E-02  -0.28642E-02   0.24771E+00   0.19572E+00  -0.13938E+00   0.85011E+03
   0.37345E+02   0.16601E+00   0.51491E+02  -0.57574E+00  -0.83150E+00   0.13750E-01  -0.96974E+01  -0.16404E+02  -0.36568E+00   0.14935E+01  -0.13718E-02  -0.40688E-03   0.26400E+00   0.21474E+00  -0.15348E+00   0.86461E+03
   0.36617E+02   0.16243E+00   0.50381E+02  -0.94703E+00  -0.11994E+01  -0.11733E+00  -0.95957E+01  -0.17063E+02  -0.34807E+00   0.15651E+01   0.19937E-02   0.22142E-02   0.27221E+00   0.23296E+00  -0.16742E+00   0.87908E+03
   0.35896E+02   0.15888E+00   0.49281E+02  -0.12465E+01  -0.15797E+01  -0.27114E+00  -0.94748E+01  -0.17756E+02  -0.33917E+00   0.16412E+01   0.60251E-02   0.50153E-02   0.28371E+00   0.25074E+00  -0.18147E+00   0.89360E+03
   0.35182E+02   0.15536E+00   0.48190E+02  -0.14933E+01  -0.19701E+01  -0.41362E+00  -0.93703E+01  -0.18489E+02  -0.32486E+00   0.17233E+01   0.10747E-01   0.80005E-02   0.29954E+00   0.26842E+00  -0.19585E+00   0.90821E+03
   0.34473E+02   0.15187E+00   0.47108E+02  -0.16991E+01  -0.23712E+01  -0.52512E+00  -0.92955E+01  -0.19257E+02  -0.29419E+00   0.18106E+01   0.16174E-01   0.11148E-01   0.31366E+00   0.28581E+00  -0.21031E+00   0.92290E+03
   0.33769E+02   0.14841E+00   0.46034E+02  -0.18542E+01  -0.27866E+01  -0.61722E+00  -0.92372E+01  -0.20061E+02  -0.29370E+00   0.19014E+01   0.22310E-01   0.14495E-01   0.33658E+00   0.30454E+00  -0.22589E+00   0.93763E+03
   0.33070E+02   0.14498E+00   0.44968E+02  -0.19241E+01  -0.32128E+01  -0.69965E+00  -0.91818E+01  -0.20910E+02  -0.32838E+00   0.19960E+01   0.29209E-01   0.18127E-01   0.37401E+00   0.32655E+00  -0.24382E+00   0.95248E+03
   0.32376E+02   0.14156E+00   0.43910E+02  -0.19500E+01  -0.36436E+01  -0.76803E+00  -0.91296E+01  -0.21812E+02  -0.37295E+00   0.20954E+01   0.37015E-01   0.22089E-01   0.42553E+00   0.35158E+00  -0.26385E+00   0.96749E+03
   0.31686E+02   0.13817E+00   0.42858E+02  -0.19820E+01  -0.40721E+01  -0.82482E+00  -0.90797E+01  -0.22770E+02  -0.38722E+00   0.21996E+01   0.45926E-01   0.26375E-01   0.47330E+00   0.37944E+00  -0.28600E+00   0.98270E+03
   0.31000E+02   0.13480E+00   0.41812E+02  -0.20673E+01  -0.44914E+01  -0.86734E+00  -0.90341E+01  -0.23791E+02  -0.36334E+00   0.23093E+01   0.56089E-01   0.31071E-01   0.51163E+00   0.40783E+00  -0.30881E+00   0.99810E+03
   0.30317E+02   0.13145E+00   0.40772E+02  -0.22343E+01  -0.48985E+01  -0.87507E+00  -0.90159E+01  -0.24889E+02  -0.25702E+00   0.24265E+01   0.67552E-01   0.36375E-01   0.54052E+00   0.43594E+00  -0.33192E+00   0.10138E+04
   0.29639E+02   0.12811E+00   0.39738E+02  -0.24856E+01  -0.52891E+01  -0.84310E+00  -0.90305E+01  -0.26072E+02  -0.97810E-01   0.25549E+01   0.80380E-01   0.42387E-01   0.56875E+00   0.46629E+00  -0.35711E+00   0.10299E+04
   0.28963E+02   0.12480E+00   0.38709E+02  -0.27997E+01  -0.56634E+01  -0.76755E+00  -0.90846E+01  -0.27339E+02   0.90101E-01   0.26931E+01   0.94691E-01   0.49171E-01   0.59456E+00   0.49919E+00  -0.38467E+00   0.10465E+04
   0.28291E+02   0.12150E+00   0.37685E+02  -0.31707E+01  -0.60227E+01  -0.65134E+00  -0.91817E+01  -0.28685E+02   0.27796E+00   0.28379E+01   0.11063E+00   0.56619E-01   0.62376E+00   0.53259E+00  -0.41299E+00   0.10636E+04
   0.27622E+02   0.11821E+00   0.36665E+02  -0.36540E+01  -0.63716E+01  -0.49862E+00  -0.93218E+01  -0.30105E+02   0.42874E+00   0.29876E+01   0.12837E+00   0.64791E-01   0.64732E+00   0.56788E+00  -0.44314E+00   0.10813E+04
   0.26956E+02   0.11493E+00   0.35650E+02  -0.42177E+01  -0.67054E+01  -0.31539E+00  -0.95072E+01  -0.31586E+02   0.50384E+00   0.31377E+01   0.14813E+00   0.74158E-01   0.65910E+00   0.60604E+00  -0.47597E+00   0.10997E+04
   0.26292E+02   0.11167E+00   0.34638E+02  -0.48366E+01  -0.70208E+01  -0.11796E+00  -0.97306E+01  -0.33124E+02   0.41213E+00   0.32825E+01   0.17022E+00   0.85209E-01   0.71063E+00   0.65051E+00  -0.51433E+00   0.11189E+04
   0.25631E+02   0.10842E+00   0.33631E+02  -0.54522E+01  -0.73081E+01   0.69254E-01  -0.99829E+01  -0.34748E+02   0.25010E+00   0.34314E+01   0.19519E+00   0.98210E-01   0.80442E+00   0.70141E+00  -0.55855E+00   0.11391E+04
   0.24972E+02   0.10519E+00   0.32626E+02  -0.60215E+01  -0.75543E+01   0.20919E+00  -0.10243E+02  -0.36492E+02   0.12408E+00   0.35968E+01   0.22382E+00   0.11328E+00   0.90622E+00   0.76064E+00  -0.61070E+00   0.11604E+04
   0.24316E+02   0.10196E+00   0.31625E+02  -0.65588E+01  -0.77437E+01   0.28975E+00  -0.10499E+02  -0.38353E+02   0.11457E+00   0.37806E+01   0.25692E+00   0.13042E+00   0.99260E+00   0.82384E+00  -0.66837E+00   0.11830E+04
   0.23662E+02   0.98741E-01   0.30627E+02  -0.70791E+01  -0.78695E+01   0.36357E+00  -0.10789E+02  -0.40317E+02   0.17247E+00   0.39809E+01   0.29508E+00   0.14969E+00   0.10592E+01   0.88815E+00  -0.73026E+00   0.12070E+04
   0.23010E+02   0.95532E-01   0.29632E+02  -0.75091E+01  -0.79247E+01   0.46379E+00  -0.11157E+02  -0.42344E+02   0.70203E-01   0.41938E+01   0.33872E+00   0.17186E+00   0.11399E+01   0.95890E+00  -0.80056E+00   0.12324E+04
   0.22361E+02   0.92332E-01   0.28639E+02  -0.78228E+01  -0.78903E+01   0.55868E+00  -0.11567E+02  -0.44398E+02  -0.28229E+00   0.44044E+01   0.38891E+00   0.19809E+00   0.12915E+01   0.10424E+01  -0.88518E+00   0.12594E+04
   0.21715E+02   0.89139E-01   0.27649E+02  -0.80725E+01  -0.77637E+01   0.63514E+00  -0.11999E+02  -0.46489E+02  -0.73571E+00   0.46033E+01   0.44778E+00   0.22845E+00   0.15251E+01   0.11370E+01  -0.98418E+00   0.12882E+04
   0.21071E+02   0.85954E-01   0.26661E+02  -0.83995E+01  -0.75605E+01   0.71021E+00  -0.12463E+02  -0.48626E+02  -0.11596E+01   0.47933E+01   0.51796E+00   0.26207E+00   0.17660E+01   0.12452E+01  -0.11007E+01   0.13190E+04
   0.20430E+02   0.82776E-01   0.25675E+02  -0.87628E+01  -0.72927E+01   0.77296E+00  -0.12942E+02  -0.50787E+02  -0.15478E+01   0.49731E+01   0.60187E+00   0.29942E+00   0.19757E+01   0.13738E+01  -0.12408E+01   0.13517E+04
   0.19791E+02   0.79605E-01   0.24691E+02  -0.90733E+01  -0.69602E+01   0.78419E+00  -0.13407E+02  -0.52934E+02  -0.20223E+01   0.51329E+01   0.70272E+00   0.34127E+00   0.22111E+01   0.15305E+01  -0.14118E+01   0.13863E+04
   0.19155E+02   0.76439E-01   0.23710E+02  -0.93627E+01  -0.65369E+01   0.66159E+00  -0.13768E+02  -0.55020E+02  -0.27332E+01   0.52609E+01   0.82591E+00   0.38743E+00   0.25081E+01   0.17309E+01  -0.16277E+01   0.14226E+04
   0.18523E+02   0.73279E-01   0.22729E+02  -0.96485E+01  -0.59824E+01   0.31898E+00  -0.13912E+02  -0.57008E+02  -0.36438E+01   0.53452E+01   0.98070E+00   0.43639E+00   0.28754E+01   0.19875E+01  -0.19031E+01   0.14605E+04
   0.17895E+02   0.70125E-01   0.21751E+02  -0.99320E+01  -0.52325E+01  -0.23792E+00  -0.13837E+02  -0.58838E+02  -0.48499E+01   0.53854E+01   0.11815E+01   0.48377E+00   0.32853E+01   0.23025E+01  -0.22454E+01   0.14996E+04
   0.17270E+02   0.66975E-01   0.20774E+02  -0.10091E+02  -0.42205E+01  -0.97566E+00  -0.13571E+02  -0.60399E+02  -0.63734E+01   0.53864E+01   0.14491E+01   0.51922E+00   0.36985E+01   0.26596E+01  -0.26483E+01   0.15386E+04
   0.16649E+02   0.63830E-01   0.19799E+02  -0.10114E+02  -0.28976E+01  -0.18126E+01  -0.13180E+02  -0.61605E+02  -0.81087E+01   0.53434E+01   0.18118E+01   0.52104E+00   0.41594E+01   0.30259E+01  -0.30929E+01   0.15757E+04
   0.16032E+02   0.60689E-01   0.18824E+02  -0.99323E+01  -0.12279E+01  -0.24990E+01  -0.12893E+02  -0.62412E+02  -0.97946E+01   0.52817E+01   0.23070E+01   0.45045E+00   0.45377E+01   0.33504E+01  -0.35424E+01   0.16074E+04
   0.15417E+02   0.57552E-01   0.17851E+02  -0.95176E+01   0.80751E+00  -0.27409E+01  -0.12973E+02  -0.62719E+02  -0.11132E+02   0.52539E+01   0.29860E+01   0.23737E+00   0.45785E+01   0.35335E+01  -0.39122E+01   0.16289E+04
   0.14804E+02   0.54419E-01   0.16880E+02  -0.89982E+01   0.31942E+01  -0.24536E+01  -0.13471E+02  -0.62546E+02  -0.11666E+02   0.53188E+01   0.39184E+01  -0.23886E+00   0.41956E+01   0.34049E+01  -0.40401E+01   0.16323E+04
   0.14190E+02   0.51290E-01   0.15909E+02  -0.85505E+01   0.58713E+01  -0.17647E+01  -0.14236E+02  -0.61923E+02  -0.11214E+02   0.55919E+01   0.51825E+01  -0.11428E+01   0.30887E+01   0.27543E+01  -0.36976E+01   0.16062E+04
   0.13572E+02   0.48164E-01   0.14939E+02  -0.79394E+01   0.88882E+01  -0.87558E+00  -0.15046E+02  -0.60780E+02  -0.10399E+02   0.61814E+01   0.68384E+01  -0.26207E+01   0.12123E+01   0.14463E+01  -0.27002E+01   0.15373E+04
   0.12947E+02   0.45041E-01   0.13971E+02  -0.69656E+01   0.12356E+02  -0.15880E-01  -0.15650E+02  -0.59171E+02  -0.89775E+01   0.71999E+01   0.89357E+01  -0.48219E+01  -0.13959E+01  -0.72538E+00  -0.77646E+00   0.14143E+04
   0.12308E+02   0.41921E-01   0.13003E+02  -0.58677E+01   0.16269E+02   0.55479E+00  -0.15761E+02  -0.57297E+02  -0.62656E+01   0.88122E+01   0.11483E+02  -0.79371E+01  -0.47638E+01  -0.40074E+01   0.24568E+01   0.12263E+04
   0.11648E+02   0.38803E-01   0.12036E+02  -0.49460E+01   0.20473E+02   0.72708E+00  -0.15212E+02  -0.55309E+02  -0.22824E+01   0.11107E+02   0.14343E+02  -0.11987E+02  -0.90308E+01  -0.83287E+01   0.71940E+01   0.96357E+03
   0.10955E+02   0.35688E-01   0.11070E+02  -0.38727E+01   0.24794E+02   0.61464E+00  -0.14120E+02  -0.52983E+02   0.19267E+01   0.13753E+02   0.17105E+02  -0.16428E+02  -0.13843E+02  -0.12934E+02   0.12987E+02   0.62686E+03
   0.10217E+02   0.32575E-01   0.10104E+02  -0.24888E+01   0.28870E+02   0.39654E+00  -0.12652E+02  -0.49946E+02   0.54469E+01   0.15785E+02   0.19124E+02  -0.20072E+02  -0.17932E+02  -0.16469E+02   0.18627E+02   0.23812E+03
   0.94198E+01   0.29465E-01   0.91393E+01  -0.10429E+01   0.32121E+02   0.40710E+00  -0.11155E+02  -0.45956E+02   0.69933E+01   0.15796E+02   0.19655E+02  -0.21131E+02  -0.20324E+02  -0.17148E+02   0.22080E+02  -0.15903E+03
   0.85546E+01   0.26356E-01   0.81751E+01   0.44740E+00   0.33946E+02   0.62225E+00  -0.96459E+01  -0.40907E+02   0.50936E+01   0.12177E+02   0.18076E+02  -0.17604E+02  -0.19627E+02  -0.13523E+02   0.20904E+02  -0.49832E+03
   0.76194E+01   0.23250E-01   0.72116E+01   0.20599E+01   0.33695E+02   0.81197E+00  -0.79638E+01  -0.35239E+02   0.31743E+00   0.44015E+01   0.14405E+02  -0.88933E+01  -0.14838E+02  -0.60324E+01   0.13953E+02  -0.70845E+03
   0.66248E+01   0.20145E-01   0.62485E+01   0.39787E+01   0.30922E+02   0.77665E+00  -0.60144E+01  -0.29896E+02  -0.47923E+01  -0.56888E+01   0.95395E+01   0.27288E+01  -0.62117E+01   0.24541E+01   0.30271E+01  -0.74965E+03
   0.55910E+01   0.17042E-01   0.52860E+01   0.52450E+01   0.25743E+02   0.43527E+00  -0.38002E+01  -0.26136E+02  -0.66000E+01  -0.14292E+02   0.49741E+01   0.12702E+02   0.36492E+01   0.82472E+01  -0.74172E+01  -0.64415E+03
   0.45418E+01   0.13940E-01   0.43240E+01   0.58774E+01   0.19030E+02   0.64007E-01  -0.16951E+01  -0.24685E+02  -0.36798E+01  -0.18379E+02   0.16134E+01   0.17651E+02   0.10728E+02   0.98528E+01  -0.13629E+02  -0.46307E+03
   0.34962E+01   0.10840E-01   0.33624E+01   0.56708E+01   0.12019E+02  -0.24101E+00   0.95807E-01  -0.25785E+02   0.45275E+01  -0.17340E+02  -0.24154E+00   0.16863E+02   0.13474E+02   0.79916E+01  -0.14312E+02  -0.27833E+03
   0.24668E+01   0.77416E-02   0.24013E+01   0.37867E+01   0.60588E+01  -0.39170E+00   0.13640E+01  -0.29057E+02   0.16415E+02  -0.12772E+02  -0.83490E+00   0.12247E+02   0.11611E+02   0.47412E+01  -0.10899E+02  -0.14041E+03
   0.14605E+01   0.46441E-02   0.14405E+01   0.14124E+01   0.20504E+01  -0.37905E+00   0.18980E+01  -0.33239E+02   0.27894E+02  -0.78105E+01  -0.81155E+00   0.72946E+01   0.76500E+01   0.21952E+01  -0.67114E+01  -0.58820E+02
   0.48011E+00   0.15479E-02   0.48011E+00   0.16848E+00   0.21009E+00  -0.20769E+00   0.12885E+01  -0.37251E+02   0.36182E+02  -0.48209E+01  -0.66559E+00   0.44080E+01   0.48140E+01   0.93662E+00  -0.42534E+01  -0.15601E+02
