   0.19906E+03   0.96417E+00   0.29906E+03  -0.95150E-03  -0.17905E-03   0.39930E-02  -0.35800E-02   0.19877E-03  -0.27908E-03  -0.14998E-04   0.26930E-07  -0.17978E-08   0.26105E-04  -0.51967E-07   0.12560E-06
   0.19418E+03   0.94036E+00   0.29168E+03  -0.10125E-02  -0.25009E-03   0.56304E-02  -0.50425E-02   0.11546E-03  -0.63047E-04  -0.84302E-05   0.44153E-07  -0.95302E-08   0.10122E-04   0.20539E-07   0.11293E-06
   0.18933E+03   0.91667E+00   0.28433E+03  -0.76409E-03  -0.32819E-03   0.48112E-02  -0.40413E-02   0.83917E-04  -0.40277E-04  -0.21162E-05   0.48091E-07   0.73490E-10   0.32725E-05   0.30534E-06  -0.10979E-07
   0.18452E+03   0.89314E+00   0.27703E+03  -0.58392E-03  -0.41195E-03   0.14473E-02  -0.67738E-03   0.77266E-04  -0.17900E-04   0.91096E-06   0.55154E-07   0.81625E-08  -0.45230E-05   0.49432E-06  -0.69098E-07
   0.17977E+03   0.86983E+00   0.26980E+03  -0.60906E-03  -0.50076E-03  -0.24584E-02   0.31377E-02   0.99252E-04   0.63368E-05  -0.12404E-05   0.72145E-07   0.88329E-08  -0.64374E-05   0.61331E-06  -0.64832E-07
   0.17507E+03   0.84677E+00   0.26265E+03  -0.69572E-03  -0.60013E-03  -0.47821E-02   0.53648E-02   0.13621E-03   0.66096E-05  -0.43050E-05   0.95882E-07   0.93046E-08  -0.39109E-05   0.72911E-06  -0.76792E-07
   0.17044E+03   0.82400E+00   0.25558E+03  -0.74050E-03  -0.70157E-03  -0.51522E-02   0.57848E-02   0.17892E-03  -0.21741E-04  -0.68610E-05   0.10132E-06   0.35341E-07   0.10868E-06   0.95475E-06  -0.18403E-06
   0.16588E+03   0.80156E+00   0.24863E+03  -0.78090E-03  -0.79003E-03  -0.42141E-02   0.50484E-02   0.20560E-03  -0.33581E-04  -0.81912E-05   0.75014E-07   0.93104E-07   0.23665E-05   0.12146E-05  -0.34623E-06
   0.16140E+03   0.77949E+00   0.24178E+03  -0.81679E-03  -0.88008E-03  -0.29925E-02   0.40794E-02   0.21783E-03  -0.83634E-05  -0.84929E-05   0.54513E-07   0.15117E-06   0.86256E-06   0.16310E-05  -0.50460E-06
   0.15701E+03   0.75782E+00   0.23506E+03  -0.86726E-03  -0.10033E-02  -0.20626E-02   0.33959E-02   0.24680E-03   0.58810E-05  -0.10266E-04   0.65167E-07   0.18809E-06  -0.27851E-06   0.19593E-05  -0.55765E-06
   0.15271E+03   0.73658E+00   0.22847E+03  -0.92605E-03  -0.11567E-02  -0.10126E-02   0.25858E-02   0.29632E-03  -0.76077E-05  -0.12404E-04   0.11449E-06   0.18755E-06   0.52794E-07   0.21017E-05  -0.52699E-06
   0.14851E+03   0.71579E+00   0.22202E+03  -0.97192E-03  -0.13078E-02   0.46687E-03   0.13965E-02   0.34191E-03  -0.20442E-04  -0.14964E-04   0.16303E-06   0.18417E-06   0.20806E-05   0.20699E-05  -0.49388E-06
   0.14442E+03   0.69548E+00   0.21572E+03  -0.99142E-03  -0.14382E-02   0.25477E-02  -0.42667E-03   0.36998E-03  -0.30122E-04  -0.16588E-04   0.20898E-06   0.18366E-06   0.29297E-05   0.21301E-05  -0.50834E-06
   0.14042E+03   0.67566E+00   0.20958E+03  -0.10249E-02  -0.15599E-02   0.55429E-02  -0.32771E-02   0.39524E-03  -0.43694E-04  -0.18094E-04   0.25406E-06   0.18768E-06   0.60876E-05   0.23784E-05  -0.58706E-06
   0.13653E+03   0.65636E+00   0.20359E+03  -0.11501E-02  -0.16932E-02   0.89501E-02  -0.65623E-02   0.43299E-03  -0.60773E-04  -0.20360E-04   0.29400E-06   0.19975E-06   0.98246E-05   0.29267E-05  -0.75634E-06
   0.13275E+03   0.63758E+00   0.19776E+03  -0.13591E-02  -0.18536E-02   0.11324E-01  -0.87819E-02   0.48651E-03  -0.79754E-04  -0.22965E-04   0.32108E-06   0.22753E-06   0.11750E-04   0.36787E-05  -0.98124E-06
   0.12907E+03   0.61934E+00   0.19210E+03  -0.16414E-02  -0.20290E-02   0.11802E-01  -0.91095E-02   0.53606E-03  -0.77254E-04  -0.26724E-04   0.32157E-06   0.29354E-06   0.13590E-04   0.41627E-05  -0.11571E-05
   0.12551E+03   0.60163E+00   0.18661E+03  -0.18817E-02  -0.21848E-02   0.10453E-01  -0.75697E-02   0.55780E-03  -0.35239E-04  -0.30894E-04   0.36431E-06   0.31354E-06   0.11572E-04   0.40990E-05  -0.11340E-05
   0.12205E+03   0.58448E+00   0.18129E+03  -0.19467E-02  -0.23071E-02   0.84119E-02  -0.52947E-02   0.56579E-03   0.95586E-05  -0.32726E-04   0.45903E-06   0.26128E-06   0.65618E-05   0.37459E-05  -0.10025E-05
   0.11871E+03   0.56786E+00   0.17614E+03  -0.19376E-02  -0.24136E-02   0.65435E-02  -0.32977E-02   0.57367E-03   0.23190E-04  -0.33298E-04   0.64105E-06   0.91070E-07   0.38784E-05   0.37965E-05  -0.10063E-05
   0.11546E+03   0.55179E+00   0.17115E+03  -0.20271E-02  -0.25360E-02   0.47588E-02  -0.13512E-02   0.59031E-03   0.32806E-04  -0.33796E-04   0.83998E-06  -0.10326E-06  -0.12449E-05   0.41797E-05  -0.11291E-05
   0.11233E+03   0.53626E+00   0.16633E+03  -0.21975E-02  -0.26992E-02   0.34017E-02   0.39096E-03   0.62191E-03   0.36501E-04  -0.35126E-04   0.97285E-06  -0.20138E-06  -0.55254E-05   0.51916E-05  -0.13964E-05
   0.10930E+03   0.52126E+00   0.16168E+03  -0.23738E-02  -0.29246E-02   0.24422E-02   0.16625E-02   0.67646E-03   0.21758E-04  -0.38477E-04   0.10250E-05  -0.16896E-06  -0.50955E-05   0.65503E-05  -0.17625E-05
   0.10637E+03   0.50679E+00   0.15719E+03  -0.25845E-02  -0.32113E-02   0.15080E-02   0.27488E-02   0.75304E-03  -0.13112E-04  -0.43695E-04   0.97630E-06   0.27112E-07   0.44684E-05   0.78607E-05  -0.20835E-05
   0.10355E+03   0.49284E+00   0.15287E+03  -0.28598E-02  -0.35436E-02   0.50575E-03   0.38493E-02   0.84856E-03  -0.43459E-04  -0.51410E-04   0.86079E-06   0.33693E-06   0.15292E-04   0.89223E-05  -0.22027E-05
   0.10084E+03   0.47939E+00   0.14870E+03  -0.30728E-02  -0.38901E-02  -0.33086E-03   0.46839E-02   0.93298E-03  -0.13741E-04  -0.59637E-04   0.73876E-06   0.67660E-06   0.14917E-04   0.88096E-05  -0.19030E-05
   0.98226E+02   0.46643E+00   0.14468E+03  -0.31157E-02  -0.42184E-02  -0.67216E-03   0.50590E-02   0.98740E-03   0.61075E-04  -0.62707E-04   0.70767E-06   0.94212E-06   0.76223E-06   0.84035E-05  -0.15051E-05
   0.95710E+02   0.45396E+00   0.14081E+03  -0.30577E-02  -0.45334E-02  -0.16468E-03   0.47590E-02   0.10385E-02   0.10935E-03  -0.63021E-04   0.83514E-06   0.10535E-05  -0.12212E-04   0.84126E-05  -0.13371E-05
   0.93288E+02   0.44195E+00   0.13708E+03  -0.30075E-02  -0.48439E-02   0.39047E-03   0.43969E-02   0.10965E-02   0.11999E-03  -0.65998E-04   0.10262E-05   0.11057E-05  -0.11329E-04   0.89849E-05  -0.15045E-05
   0.90956E+02   0.43040E+00   0.13350E+03  -0.29829E-02  -0.51500E-02  -0.15008E-03   0.50205E-02   0.11529E-02   0.13426E-03  -0.71713E-04   0.12228E-05   0.11677E-05  -0.63853E-05   0.97848E-05  -0.18773E-05
   0.88712E+02   0.41928E+00   0.13005E+03  -0.29636E-02  -0.54499E-02  -0.14077E-02   0.62650E-02   0.12142E-02   0.15836E-03  -0.79579E-04   0.14452E-05   0.12136E-05  -0.57358E-05   0.10553E-04  -0.22362E-05
   0.86551E+02   0.40858E+00   0.12673E+03  -0.29797E-02  -0.57467E-02  -0.26776E-02   0.73932E-02   0.12810E-02   0.17904E-03  -0.87930E-04   0.16919E-05   0.12505E-05  -0.65371E-05   0.11275E-04  -0.25147E-05
   0.84471E+02   0.39828E+00   0.12354E+03  -0.30294E-02  -0.60432E-02  -0.38924E-02   0.84736E-02   0.13530E-02   0.20336E-03  -0.97115E-04   0.19623E-05   0.12813E-05  -0.57200E-05   0.11878E-04  -0.26712E-05
   0.82468E+02   0.38838E+00   0.12047E+03  -0.30117E-02  -0.63450E-02  -0.47960E-02   0.93167E-02   0.14198E-02   0.24090E-03  -0.10558E-03   0.22262E-05   0.13378E-05  -0.15440E-04   0.12386E-04  -0.26825E-05
   0.80540E+02   0.37885E+00   0.11751E+03  -0.28990E-02  -0.66590E-02  -0.51746E-02   0.97207E-02   0.14692E-02   0.28285E-03  -0.10945E-03   0.24607E-05   0.14495E-05  -0.30335E-04   0.12493E-04  -0.24384E-05
   0.78682E+02   0.36967E+00   0.11466E+03  -0.27402E-02  -0.69924E-02  -0.54259E-02   0.10067E-01   0.15139E-02   0.31722E-03  -0.11112E-03   0.27071E-05   0.16046E-05  -0.38916E-04   0.13044E-04  -0.21290E-05
   0.76893E+02   0.36084E+00   0.11192E+03  -0.26639E-02  -0.73567E-02  -0.58313E-02   0.10544E-01   0.15727E-02   0.32635E-03  -0.11552E-03   0.30475E-05   0.17147E-05  -0.33038E-04   0.13911E-04  -0.17168E-05
   0.75170E+02   0.35233E+00   0.10928E+03  -0.27235E-02  -0.77403E-02  -0.62376E-02   0.11006E-01   0.16400E-02   0.34338E-03  -0.12387E-03   0.35245E-05   0.17370E-05  -0.27973E-04   0.13944E-04  -0.11728E-05
   0.73509E+02   0.34413E+00   0.10674E+03  -0.28913E-02  -0.81264E-02  -0.63085E-02   0.11162E-01   0.16968E-02   0.39145E-03  -0.13085E-03   0.40803E-05   0.16875E-05  -0.34925E-04   0.13715E-04  -0.81196E-06
   0.71907E+02   0.33623E+00   0.10429E+03  -0.30520E-02  -0.85148E-02  -0.60966E-02   0.10948E-01   0.17513E-02   0.43793E-03  -0.13609E-03   0.46691E-05   0.16203E-05  -0.39991E-04   0.14220E-04  -0.69262E-06
   0.70362E+02   0.32860E+00   0.10192E+03  -0.31854E-02  -0.89086E-02  -0.58454E-02   0.10558E-01   0.18143E-02   0.48949E-03  -0.14398E-03   0.52313E-05   0.16383E-05  -0.44146E-04   0.14920E-04  -0.75543E-06
   0.68870E+02   0.32125E+00   0.99643E+02  -0.32697E-02  -0.93146E-02  -0.55799E-02   0.10057E-01   0.18865E-02   0.54823E-03  -0.15482E-03   0.57535E-05   0.17730E-05  -0.47866E-04   0.16193E-04  -0.94992E-06
   0.67428E+02   0.31414E+00   0.97439E+02  -0.33172E-02  -0.97440E-02  -0.50266E-02   0.92376E-02   0.19718E-02   0.60578E-03  -0.16624E-03   0.63445E-05   0.19276E-05  -0.54065E-04   0.17629E-04  -0.10479E-05
   0.66034E+02   0.30728E+00   0.95310E+02  -0.33206E-02  -0.10202E-01  -0.44184E-02   0.84156E-02   0.20775E-02   0.65033E-03  -0.17959E-03   0.70609E-05   0.20176E-05  -0.60712E-04   0.19236E-04  -0.11091E-05
   0.64686E+02   0.30064E+00   0.93251E+02  -0.33119E-02  -0.10700E-01  -0.45218E-02   0.83752E-02   0.21929E-02   0.68036E-03  -0.19430E-03   0.79437E-05   0.20275E-05  -0.58325E-04   0.21824E-04  -0.11469E-05
   0.63382E+02   0.29422E+00   0.91259E+02  -0.32999E-02  -0.11237E-01  -0.55632E-02   0.92272E-02   0.23061E-02   0.75211E-03  -0.21117E-03   0.90794E-05   0.18952E-05  -0.57251E-04   0.23024E-04  -0.64820E-06
   0.62119E+02   0.28799E+00   0.89329E+02  -0.32304E-02  -0.11797E-01  -0.68244E-02   0.10253E-01   0.24049E-02   0.84023E-03  -0.22826E-03   0.10514E-04   0.15575E-05  -0.64223E-04   0.24042E-04  -0.34670E-06
   0.60894E+02   0.28197E+00   0.87459E+02  -0.31076E-02  -0.12381E-01  -0.73802E-02   0.10637E-01   0.24997E-02   0.89712E-03  -0.24468E-03   0.12062E-04   0.11808E-05  -0.75895E-04   0.26115E-04  -0.91180E-06
   0.59706E+02   0.27612E+00   0.85645E+02  -0.29304E-02  -0.12993E-01  -0.69182E-02   0.10195E-01   0.26043E-02   0.91997E-03  -0.26131E-03   0.13546E-04   0.95707E-06  -0.81024E-04   0.29638E-04  -0.23295E-05
   0.58553E+02   0.27044E+00   0.83884E+02  -0.27335E-02  -0.13640E-01  -0.60830E-02   0.95123E-02   0.27096E-02   0.94456E-03  -0.27649E-03   0.14905E-04   0.95034E-06  -0.92557E-04   0.34777E-04  -0.45523E-05
   0.57433E+02   0.26492E+00   0.82172E+02  -0.25477E-02  -0.14317E-01  -0.57794E-02   0.93656E-02   0.27973E-02   0.10045E-02  -0.28957E-03   0.16142E-04   0.11408E-05  -0.10974E-03   0.39787E-04  -0.68477E-05
   0.56343E+02   0.25955E+00   0.80508E+02  -0.23594E-02  -0.15007E-01  -0.59994E-02   0.97479E-02   0.28635E-02   0.11246E-02  -0.30101E-03   0.17402E-04   0.13931E-05  -0.13982E-03   0.43580E-04  -0.87602E-05
   0.55282E+02   0.25433E+00   0.78887E+02  -0.21617E-02  -0.15707E-01  -0.61752E-02   0.10034E-01   0.29132E-02   0.12631E-02  -0.31044E-03   0.18751E-04   0.16623E-05  -0.16642E-03   0.47725E-04  -0.10641E-04
   0.54248E+02   0.24924E+00   0.77309E+02  -0.20150E-02  -0.16428E-01  -0.62510E-02   0.10114E-01   0.29480E-02   0.14159E-02  -0.31306E-03   0.20273E-04   0.19181E-05  -0.20051E-03   0.52753E-04  -0.12548E-04
   0.53240E+02   0.24428E+00   0.75769E+02  -0.19337E-02  -0.17185E-01  -0.63908E-02   0.10103E-01   0.29971E-02   0.15334E-02  -0.31608E-03   0.22018E-04   0.21688E-05  -0.21974E-03   0.59321E-04  -0.14661E-04
   0.52256E+02   0.23943E+00   0.74266E+02  -0.19154E-02  -0.17985E-01  -0.66170E-02   0.10066E-01   0.30832E-02   0.16071E-02  -0.32737E-03   0.24008E-04   0.24747E-05  -0.21346E-03   0.66005E-04  -0.16846E-04
   0.51294E+02   0.23470E+00   0.72798E+02  -0.19707E-02  -0.18817E-01  -0.70556E-02   0.10155E-01   0.31859E-02   0.16710E-02  -0.34073E-03   0.26152E-04   0.29101E-05  -0.21024E-03   0.71562E-04  -0.18904E-04
   0.50354E+02   0.23007E+00   0.71362E+02  -0.20297E-02  -0.19671E-01  -0.73748E-02   0.10101E-01   0.32836E-02   0.17620E-02  -0.34885E-03   0.28457E-04   0.34142E-05  -0.22499E-03   0.76256E-04  -0.20349E-04
   0.49434E+02   0.22554E+00   0.69957E+02  -0.20762E-02  -0.20545E-01  -0.72517E-02   0.96766E-02   0.33874E-02   0.18461E-02  -0.35573E-03   0.30916E-04   0.39937E-05  -0.24153E-03   0.81504E-04  -0.21924E-04
   0.48533E+02   0.22110E+00   0.68581E+02  -0.21620E-02  -0.21440E-01  -0.68049E-02   0.89609E-02   0.35099E-02   0.19251E-02  -0.36698E-03   0.33495E-04   0.46741E-05  -0.25613E-03   0.85677E-04  -0.22889E-04
   0.47650E+02   0.21675E+00   0.67231E+02  -0.22258E-02  -0.22349E-01  -0.62656E-02   0.81911E-02   0.36353E-02   0.20220E-02  -0.38137E-03   0.36346E-04   0.53353E-05  -0.26336E-03   0.87895E-04  -0.22557E-04
   0.46783E+02   0.21248E+00   0.65906E+02  -0.22991E-02  -0.23271E-01  -0.61155E-02   0.78494E-02   0.37650E-02   0.20994E-02  -0.40364E-03   0.39538E-04   0.59376E-05  -0.24935E-03   0.90684E-04  -0.22431E-04
   0.45932E+02   0.20829E+00   0.64605E+02  -0.24074E-02  -0.24210E-01  -0.63243E-02   0.79440E-02   0.38919E-02   0.21688E-02  -0.43189E-03   0.43049E-04   0.65348E-05  -0.21681E-03   0.94404E-04  -0.23053E-04
   0.45095E+02   0.20416E+00   0.63327E+02  -0.25473E-02  -0.25156E-01  -0.65799E-02   0.81622E-02   0.40042E-02   0.22617E-02  -0.46045E-03   0.46858E-04   0.71873E-05  -0.19294E-03   0.98936E-04  -0.24865E-04
   0.44272E+02   0.20011E+00   0.62069E+02  -0.26962E-02  -0.26109E-01  -0.64075E-02   0.78972E-02   0.40794E-02   0.24156E-02  -0.47770E-03   0.50876E-04   0.79586E-05  -0.21063E-03   0.10456E-03  -0.27981E-04
   0.43461E+02   0.19611E+00   0.60830E+02  -0.28293E-02  -0.27084E-01  -0.54483E-02   0.68048E-02   0.41138E-02   0.26001E-02  -0.48062E-03   0.55089E-04   0.88901E-05  -0.26313E-03   0.11488E-03  -0.33391E-04
   0.42663E+02   0.19218E+00   0.59610E+02  -0.28983E-02  -0.28097E-01  -0.38148E-02   0.49702E-02   0.41331E-02   0.27962E-02  -0.47959E-03   0.59378E-04   0.10114E-04  -0.33240E-03   0.12703E-03  -0.39978E-04
   0.41875E+02   0.18830E+00   0.58407E+02  -0.28933E-02  -0.29148E-01  -0.15885E-02   0.26198E-02   0.41523E-02   0.29738E-02  -0.47764E-03   0.63769E-04   0.11623E-04  -0.40018E-03   0.14017E-03  -0.47375E-04
   0.41097E+02   0.18448E+00   0.57220E+02  -0.27988E-02  -0.30244E-01   0.85360E-03   0.19349E-03   0.41831E-02   0.31021E-02  -0.47420E-03   0.68167E-04   0.13519E-04  -0.45259E-03   0.15450E-03  -0.55199E-04
   0.40330E+02   0.18070E+00   0.56048E+02  -0.26366E-02  -0.31400E-01   0.34821E-02  -0.24247E-02   0.42388E-02   0.32275E-02  -0.47039E-03   0.72713E-04   0.15722E-04  -0.49286E-03   0.16922E-03  -0.61800E-04
   0.39571E+02   0.17696E+00   0.54890E+02  -0.24186E-02  -0.32622E-01   0.64412E-02  -0.54392E-02   0.43258E-02   0.33304E-02  -0.47454E-03   0.77666E-04   0.18120E-04  -0.50366E-03   0.18366E-03  -0.67872E-04
   0.38821E+02   0.17327E+00   0.53745E+02  -0.21737E-02  -0.33899E-01   0.95839E-02  -0.86497E-02   0.44172E-02   0.34578E-02  -0.48402E-03   0.83108E-04   0.20646E-04  -0.50621E-03   0.19464E-03  -0.72340E-04
   0.38079E+02   0.16962E+00   0.52612E+02  -0.18514E-02  -0.35220E-01   0.12493E-01  -0.11665E-01   0.44901E-02   0.36501E-02  -0.48832E-03   0.89233E-04   0.23102E-04  -0.52520E-03   0.20309E-03  -0.75084E-04
   0.37345E+02   0.16601E+00   0.51491E+02  -0.13903E-02  -0.36594E-01   0.14381E-01  -0.13842E-01   0.45758E-02   0.38202E-02  -0.49013E-03   0.96080E-04   0.25501E-04  -0.55426E-03   0.21419E-03  -0.79547E-04
   0.36617E+02   0.16243E+00   0.50381E+02  -0.83275E-03  -0.38034E-01   0.15056E-01  -0.14932E-01   0.47024E-02   0.39031E-02  -0.50069E-03   0.10335E-03   0.28167E-04  -0.55432E-03   0.22950E-03  -0.86122E-04
   0.35896E+02   0.15888E+00   0.49281E+02  -0.24654E-03  -0.39540E-01   0.14695E-01  -0.15053E-01   0.48402E-02   0.39875E-02  -0.51798E-03   0.11105E-03   0.31220E-04  -0.54056E-03   0.24286E-03  -0.91820E-04
   0.35182E+02   0.15536E+00   0.48190E+02   0.37203E-03  -0.41083E-01   0.13297E-01  -0.14167E-01   0.49323E-02   0.41846E-02  -0.52604E-03   0.11926E-03   0.34552E-04  -0.57098E-03   0.25189E-03  -0.96634E-04
   0.34473E+02   0.15187E+00   0.47108E+02   0.10446E-02  -0.42649E-01   0.10796E-01  -0.12111E-01   0.49658E-02   0.44772E-02  -0.51256E-03   0.12796E-03   0.38056E-04  -0.67341E-03   0.26314E-03  -0.10325E-03
   0.33769E+02   0.14841E+00   0.46034E+02   0.18318E-02  -0.44261E-01   0.78999E-02  -0.94128E-02   0.49963E-02   0.47376E-02  -0.49399E-03   0.13704E-03   0.41898E-04  -0.77735E-03   0.28374E-03  -0.11454E-03
   0.33070E+02   0.14498E+00   0.44968E+02   0.25889E-02  -0.45935E-01   0.58678E-02  -0.73678E-02   0.50252E-02   0.49817E-02  -0.47454E-03   0.14645E-03   0.46348E-04  -0.86373E-03   0.30769E-03  -0.12785E-03
   0.32376E+02   0.14156E+00   0.43910E+02   0.33711E-02  -0.47669E-01   0.55255E-02  -0.69069E-02   0.50459E-02   0.52820E-02  -0.45597E-03   0.15648E-03   0.51302E-04  -0.94514E-03   0.32996E-03  -0.13858E-03
   0.31686E+02   0.13817E+00   0.42858E+02   0.41881E-02  -0.49456E-01   0.66922E-02  -0.82246E-02   0.50552E-02   0.56871E-02  -0.43692E-03   0.16762E-03   0.56435E-04  -0.10458E-02   0.34517E-03  -0.14448E-03
   0.31000E+02   0.13480E+00   0.41812E+02   0.50512E-02  -0.51294E-01   0.82061E-02  -0.10347E-01   0.50534E-02   0.61791E-02  -0.40605E-03   0.18034E-03   0.61328E-04  -0.11839E-02   0.35757E-03  -0.14786E-03
   0.30317E+02   0.13145E+00   0.40772E+02   0.59012E-02  -0.53195E-01   0.95834E-02  -0.12388E-01   0.50689E-02   0.65307E-02  -0.37789E-03   0.19477E-03   0.66060E-04  -0.12496E-02   0.37609E-03  -0.15422E-03
   0.29639E+02   0.12811E+00   0.39738E+02   0.66585E-02  -0.55169E-01   0.10787E-01  -0.14244E-01   0.51133E-02   0.68573E-02  -0.35655E-03   0.21070E-03   0.71195E-04  -0.12988E-02   0.39747E-03  -0.16232E-03
   0.28963E+02   0.12480E+00   0.38709E+02   0.74599E-02  -0.57208E-01   0.11586E-01  -0.15620E-01   0.51345E-02   0.72761E-02  -0.33369E-03   0.22845E-03   0.76744E-04  -0.13571E-02   0.41452E-03  -0.16735E-03
   0.28291E+02   0.12150E+00   0.37685E+02   0.82519E-02  -0.59291E-01   0.12701E-01  -0.17320E-01   0.50703E-02   0.77413E-02  -0.29232E-03   0.24823E-03   0.82558E-04  -0.14140E-02   0.42800E-03  -0.17221E-03
   0.27622E+02   0.11821E+00   0.36665E+02   0.91744E-02  -0.61432E-01   0.14504E-01  -0.19677E-01   0.49386E-02   0.83339E-02  -0.22668E-03   0.27001E-03   0.88844E-04  -0.15429E-02   0.44699E-03  -0.17944E-03
   0.26956E+02   0.11493E+00   0.35650E+02   0.10321E-01  -0.63654E-01   0.17002E-01  -0.22487E-01   0.47993E-02   0.89428E-02  -0.15011E-03   0.29438E-03   0.95360E-04  -0.16908E-02   0.46525E-03  -0.18563E-03
   0.26292E+02   0.11167E+00   0.34638E+02   0.11661E-01  -0.65969E-01   0.20208E-01  -0.25977E-01   0.46811E-02   0.94382E-02  -0.74864E-04   0.32159E-03   0.10228E-03  -0.17873E-02   0.48539E-03  -0.19153E-03
   0.25631E+02   0.10842E+00   0.33631E+02   0.13231E-01  -0.68373E-01   0.24192E-01  -0.30336E-01   0.45406E-02   0.10028E-01   0.13168E-04   0.35218E-03   0.10920E-03  -0.19316E-02   0.49933E-03  -0.19449E-03
   0.24972E+02   0.10519E+00   0.32626E+02   0.15011E-01  -0.70874E-01   0.28458E-01  -0.34869E-01   0.44229E-02   0.10555E-01   0.88965E-04   0.38684E-03   0.11552E-03  -0.20470E-02   0.52074E-03  -0.20109E-03
   0.24316E+02   0.10196E+00   0.31625E+02   0.16746E-01  -0.73487E-01   0.30954E-01  -0.37180E-01   0.43383E-02   0.10925E-01   0.11823E-03   0.42618E-03   0.12118E-03  -0.20387E-02   0.54829E-03  -0.21155E-03
   0.23662E+02   0.98741E-01   0.30627E+02   0.18442E-01  -0.76218E-01   0.30335E-01  -0.35921E-01   0.42346E-02   0.11360E-01   0.13680E-03   0.47084E-03   0.12639E-03  -0.20092E-02   0.56767E-03  -0.21561E-03
   0.23010E+02   0.95532E-01   0.29632E+02   0.20250E-01  -0.79080E-01   0.27279E-01  -0.31740E-01   0.41262E-02   0.11766E-01   0.15976E-03   0.52196E-03   0.13087E-03  -0.19883E-02   0.60459E-03  -0.23292E-03
   0.22361E+02   0.92332E-01   0.28639E+02   0.22228E-01  -0.82071E-01   0.22532E-01  -0.25455E-01   0.40653E-02   0.11924E-01   0.14613E-03   0.57781E-03   0.13739E-03  -0.18477E-02   0.65132E-03  -0.26469E-03
   0.21715E+02   0.89139E-01   0.27649E+02   0.24194E-01  -0.85146E-01   0.16278E-01  -0.17682E-01   0.39119E-02   0.12153E-01   0.11284E-03   0.63881E-03   0.14611E-03  -0.16434E-02   0.67699E-03  -0.28962E-03
   0.21071E+02   0.85954E-01   0.26661E+02   0.26162E-01  -0.88293E-01   0.94151E-02  -0.94026E-02   0.34275E-02   0.12844E-01   0.16741E-03   0.70573E-03   0.15697E-03  -0.17014E-02   0.70927E-03  -0.33424E-03
   0.20430E+02   0.82776E-01   0.25675E+02   0.28311E-01  -0.91552E-01   0.19479E-02  -0.27440E-03   0.27354E-02   0.13651E-01   0.30893E-03   0.77526E-03   0.17208E-03  -0.19196E-02   0.75865E-03  -0.40533E-03
   0.19791E+02   0.79605E-01   0.24691E+02   0.30450E-01  -0.94957E-01  -0.59610E-02   0.10094E-01   0.19673E-02   0.14284E-01   0.47382E-03   0.84689E-03   0.19091E-03  -0.20128E-02   0.79631E-03  -0.47931E-03
   0.19155E+02   0.76439E-01   0.23710E+02   0.32694E-01  -0.98520E-01  -0.12788E-01   0.20166E-01   0.13062E-02   0.14723E-01   0.56491E-03   0.92041E-03   0.21285E-03  -0.18616E-02   0.79678E-03  -0.53949E-03
   0.18523E+02   0.73279E-01   0.22729E+02   0.35058E-01  -0.10219E+00  -0.18463E-01   0.29538E-01   0.81071E-03   0.14942E-01   0.54042E-03   0.99691E-03   0.23495E-03  -0.14039E-02   0.73201E-03  -0.57816E-03
   0.17895E+02   0.70125E-01   0.21751E+02   0.37413E-01  -0.10591E+00  -0.24864E-01   0.40121E-01   0.49613E-03   0.14963E-01   0.38486E-03   0.10771E-02   0.25396E-03  -0.62698E-03   0.57769E-03  -0.58699E-03
   0.17270E+02   0.66975E-01   0.20774E+02   0.39690E-01  -0.10955E+00  -0.34739E-01   0.54672E-01   0.37613E-03   0.14693E-01   0.84777E-04   0.11631E-02   0.26166E-03   0.54243E-03   0.26668E-03  -0.52719E-03
   0.16649E+02   0.63830E-01   0.19799E+02   0.41511E-01  -0.11295E+00  -0.53178E-01   0.78534E-01   0.40518E-03   0.14056E-01  -0.38059E-03   0.12576E-02   0.24171E-03   0.21205E-02  -0.22948E-03  -0.39546E-03
   0.16032E+02   0.60689E-01   0.18824E+02   0.42611E-01  -0.11587E+00  -0.84862E-01   0.11692E+00   0.36639E-03   0.13130E-01  -0.91053E-03   0.13532E-02   0.18207E-03   0.39929E-02  -0.87199E-03  -0.25050E-03
   0.15417E+02   0.57552E-01   0.17851E+02   0.42603E-01  -0.11805E+00  -0.12582E+00   0.16576E+00   0.63496E-03   0.11257E-01  -0.15950E-02   0.14218E-02   0.88527E-04   0.64555E-02  -0.16535E-02  -0.11263E-03
   0.14804E+02   0.54419E-01   0.16880E+02   0.41214E-01  -0.11918E+00  -0.16855E+00   0.21784E+00   0.10120E-02   0.82550E-02  -0.24878E-02   0.14351E-02  -0.30970E-04   0.96865E-02  -0.26375E-02   0.64316E-04
   0.14190E+02   0.51290E-01   0.15909E+02   0.38491E-01  -0.11897E+00  -0.20386E+00   0.26393E+00   0.16584E-02   0.44944E-02  -0.34043E-02   0.13706E-02  -0.18724E-03   0.13022E-01  -0.38084E-02   0.28237E-03
   0.13572E+02   0.48164E-01   0.14939E+02   0.34639E-01  -0.11724E+00  -0.22310E+00   0.29451E+00   0.37392E-02  -0.12307E-02  -0.44684E-02   0.11880E-02  -0.40255E-03   0.16293E-01  -0.49023E-02   0.39450E-03
   0.12947E+02   0.45041E-01   0.13971E+02   0.29374E-01  -0.11376E+00  -0.22937E+00   0.31217E+00   0.73784E-02  -0.91769E-02  -0.56494E-02   0.84456E-03  -0.65169E-03   0.19339E-01  -0.58539E-02   0.48557E-03
   0.12308E+02   0.41921E-01   0.13003E+02   0.22355E-01  -0.10812E+00  -0.22404E+00   0.31812E+00   0.11975E-01  -0.18295E-01  -0.66551E-02   0.33150E-03  -0.91714E-03   0.21064E-01  -0.67196E-02   0.85117E-03
   0.11648E+02   0.38803E-01   0.12036E+02   0.13591E-01  -0.10005E+00  -0.19483E+00   0.29925E+00   0.17179E-01  -0.27316E-01  -0.70174E-02  -0.32449E-03  -0.11952E-02   0.19519E-01  -0.68623E-02   0.11228E-02
   0.10955E+02   0.35688E-01   0.11070E+02   0.43621E-02  -0.89509E-01  -0.13214E+00   0.24295E+00   0.23613E-01  -0.35548E-01  -0.64866E-02  -0.11139E-02  -0.14153E-02   0.13678E-01  -0.55037E-02   0.79177E-03
   0.10217E+02   0.32575E-01   0.10104E+02  -0.42249E-02  -0.76626E-01  -0.57683E-01   0.16961E+00   0.30366E-01  -0.42121E-01  -0.50543E-02  -0.19395E-02  -0.14808E-02   0.40921E-02  -0.28061E-02   0.19719E-03
   0.94198E+01   0.29465E-01   0.91393E+01  -0.11164E-01  -0.61937E-01  -0.20244E-02   0.10803E+00   0.35213E-01  -0.44533E-01  -0.29059E-02  -0.25282E-02  -0.14233E-02  -0.69220E-02   0.63926E-03  -0.42733E-03
   0.85546E+01   0.26356E-01   0.81751E+01  -0.15749E-01  -0.46762E-01   0.53192E-01   0.39012E-01   0.37678E-01  -0.42932E-01  -0.66260E-03  -0.26153E-02  -0.16331E-02  -0.15646E-01   0.35177E-02  -0.52168E-03
   0.76194E+01   0.23250E-01   0.72116E+01  -0.17781E-01  -0.32549E-01   0.11460E+00  -0.42753E-01   0.37042E-01  -0.37504E-01   0.10136E-02  -0.21994E-02  -0.21949E-02  -0.18692E-01   0.48208E-02   0.18764E-03
   0.66248E+01   0.20145E-01   0.62485E+01  -0.17347E-01  -0.20628E-01   0.16425E+00  -0.11403E+00   0.34491E-01  -0.32265E-01   0.17461E-02  -0.16881E-02  -0.26015E-02  -0.16760E-01   0.48694E-02   0.10307E-02
   0.55910E+01   0.17042E-01   0.52860E+01  -0.14218E-01  -0.11789E-01   0.17961E+00  -0.14792E+00   0.30259E-01  -0.27598E-01   0.15222E-02  -0.13027E-02  -0.21223E-02  -0.11572E-01   0.42859E-02   0.10403E-02
   0.45418E+01   0.13940E-01   0.43240E+01  -0.10095E-01  -0.60234E-02   0.15980E+00  -0.14299E+00   0.25830E-01  -0.23455E-01   0.10023E-02  -0.89057E-03  -0.17194E-02  -0.60415E-02   0.30510E-02   0.99852E-03
   0.34962E+01   0.10840E-01   0.33624E+01  -0.57471E-02  -0.26464E-02   0.13069E+00  -0.12289E+00   0.21261E-01  -0.20472E-01   0.42590E-03  -0.59361E-03  -0.12140E-02  -0.22220E-02   0.18970E-02   0.77225E-03
   0.24668E+01   0.77416E-02   0.24013E+01  -0.23319E-02  -0.92216E-03   0.97344E-01  -0.93583E-01   0.16083E-01  -0.16901E-01   0.58059E-04  -0.38404E-03  -0.61131E-03  -0.48124E-03   0.10435E-02   0.35977E-03
   0.14605E+01   0.46441E-02   0.14405E+01  -0.65022E-03  -0.21113E-03   0.62219E-01  -0.59509E-01   0.10748E-01  -0.12868E-01  -0.54578E-04  -0.20578E-03  -0.21546E-03  -0.10111E-03   0.44799E-03   0.84238E-04
   0.48011E+00   0.15479E-02   0.48011E+00  -0.99256E-04  -0.16071E-04  -0.68919E-01  -0.25365E-01   0.57474E-02  -0.66478E-02  -0.13225E-04  -0.61092E-04  -0.18860E-05  -0.91558E-04   0.11256E-03  -0.40903E-04
