   0.18650E+03   0.96417E+00   0.30255E+03   0.26936E+01   0.49409E+00   0.74144E+00  -0.18736E+01  -0.24300E+01   0.18313E-01   0.30546E-02   0.16490E-04  -0.65539E-05  -0.98836E-03  -0.57306E-03   0.35228E-03  -0.83555E+01
   0.18190E+03   0.94036E+00   0.29508E+03   0.28144E+01   0.60821E+00   0.57134E+00  -0.18997E+01  -0.24404E+01  -0.64624E-01   0.25863E-02   0.25609E-04  -0.12116E-04   0.70689E-05  -0.68203E-03   0.41053E-03  -0.85025E+01
   0.17732E+03   0.91667E+00   0.28764E+03   0.27515E+01   0.76339E+00   0.36849E+00  -0.19130E+01  -0.25023E+01   0.13428E-01   0.26032E-02   0.39536E-04  -0.31107E-04  -0.30090E-03  -0.80635E-03   0.46754E-03  -0.88600E+01
   0.17279E+03   0.89314E+00   0.28026E+03   0.23642E+01   0.96032E+00   0.26981E+00  -0.19942E+01  -0.25791E+01   0.10648E+00   0.25392E-02   0.64136E-04  -0.57804E-04  -0.32952E-03  -0.97051E-03   0.54609E-03  -0.94317E+01
   0.16830E+03   0.86983E+00   0.27295E+03   0.19772E+01   0.12133E+01   0.32527E+00  -0.21622E+01  -0.26270E+01   0.10592E+00   0.24913E-02   0.99358E-04  -0.86511E-04  -0.93268E-03  -0.11010E-02   0.61516E-03  -0.10095E+02
   0.16385E+03   0.84677E+00   0.26571E+03   0.18174E+01   0.15124E+01   0.46248E+00  -0.23983E+01  -0.26832E+01   0.67919E-01   0.27352E-02   0.15281E-03  -0.12872E-03  -0.15851E-02  -0.11870E-02   0.67221E-03  -0.10844E+02
   0.15947E+03   0.82400E+00   0.25857E+03   0.19037E+01   0.18478E+01   0.56348E+00  -0.26630E+01  -0.27724E+01   0.10099E+00   0.32048E-02   0.22910E-03  -0.19264E-03  -0.13267E-02  -0.13039E-02   0.75390E-03  -0.11777E+02
   0.15515E+03   0.80156E+00   0.25152E+03   0.21444E+01   0.22132E+01   0.54029E+00  -0.28877E+01  -0.28628E+01   0.16930E+00   0.37605E-02   0.32005E-03  -0.27128E-03  -0.10343E-02  -0.14770E-02   0.86983E-03  -0.12944E+02
   0.15090E+03   0.77949E+00   0.24460E+03   0.23614E+01   0.25975E+01   0.40055E+00  -0.30297E+01  -0.29290E+01   0.14838E+00   0.41793E-02   0.40631E-03  -0.36582E-03  -0.96834E-03  -0.16706E-02   0.99755E-03  -0.14319E+02
   0.14674E+03   0.75782E+00   0.23780E+03   0.23639E+01   0.29844E+01   0.25388E+00  -0.31132E+01  -0.29907E+01   0.76466E-01   0.45840E-02   0.49146E-03  -0.48098E-03  -0.14001E-02  -0.18710E-02   0.11222E-02  -0.15995E+02
   0.14265E+03   0.73658E+00   0.23113E+03   0.20956E+01   0.33673E+01   0.19490E+00  -0.31881E+01  -0.30410E+01  -0.40423E-02   0.49426E-02   0.55438E-03  -0.57238E-03  -0.18068E-02  -0.20502E-02   0.12240E-02  -0.17938E+02
   0.13866E+03   0.71579E+00   0.22461E+03   0.16347E+01   0.37556E+01   0.21573E+00  -0.32754E+01  -0.30810E+01  -0.91757E-01   0.48798E-02   0.57327E-03  -0.63074E-03  -0.15241E-02  -0.22359E-02   0.13211E-02  -0.19959E+02
   0.13475E+03   0.69548E+00   0.21824E+03   0.10784E+01   0.41571E+01   0.25886E+00  -0.33627E+01  -0.31342E+01  -0.15380E+00   0.49192E-02   0.59424E-03  -0.70507E-03  -0.14821E-02  -0.24673E-02   0.14423E-02  -0.22049E+02
   0.13095E+03   0.67566E+00   0.21202E+03   0.59623E+00   0.45477E+01   0.25996E+00  -0.34216E+01  -0.31974E+01  -0.16222E+00   0.53323E-02   0.65122E-03  -0.80810E-03  -0.18000E-02  -0.27047E-02   0.15731E-02  -0.24291E+02
   0.12725E+03   0.65636E+00   0.20596E+03   0.27890E+00   0.48916E+01   0.21191E+00  -0.34545E+01  -0.32571E+01  -0.14277E+00   0.58454E-02   0.72456E-03  -0.93184E-03  -0.21241E-02  -0.28925E-02   0.16851E-02  -0.26721E+02
   0.12365E+03   0.63758E+00   0.20007E+03   0.25357E-01   0.51641E+01   0.16411E+00  -0.34985E+01  -0.33115E+01  -0.12196E+00   0.62784E-02   0.78594E-03  -0.10711E-02  -0.23655E-02  -0.30280E-02   0.17758E-02  -0.29398E+02
   0.12015E+03   0.61934E+00   0.19434E+03  -0.25329E+00   0.53573E+01   0.16604E+00  -0.35654E+01  -0.33643E+01  -0.89271E-01   0.66584E-02   0.82497E-03  -0.12007E-02  -0.25639E-02  -0.31534E-02   0.18663E-02  -0.32338E+02
   0.11676E+03   0.60163E+00   0.18879E+03  -0.51884E+00   0.54894E+01   0.23503E+00  -0.36523E+01  -0.34109E+01  -0.72494E-01   0.69959E-02   0.83889E-03  -0.12786E-02  -0.23730E-02  -0.32374E-02   0.19291E-02  -0.35460E+02
   0.11347E+03   0.58448E+00   0.18340E+03  -0.70598E+00   0.55817E+01   0.34726E+00  -0.37469E+01  -0.34443E+01  -0.10181E+00   0.72880E-02   0.81723E-03  -0.12846E-02  -0.14358E-02  -0.32572E-02   0.19432E-02  -0.38579E+02
   0.11029E+03   0.56786E+00   0.17819E+03  -0.86958E+00   0.56566E+01   0.44224E+00  -0.38174E+01  -0.34796E+01  -0.11299E+00   0.76262E-02   0.78943E-03  -0.12809E-02  -0.13473E-02  -0.33091E-02   0.19685E-02  -0.41552E+02
   0.10721E+03   0.55179E+00   0.17315E+03  -0.10197E+01   0.57234E+01   0.47183E+00  -0.38387E+01  -0.35216E+01  -0.10209E+00   0.82791E-02   0.79255E-03  -0.13383E-02  -0.23460E-02  -0.34366E-02   0.20476E-02  -0.44474E+02
   0.10424E+03   0.53626E+00   0.16827E+03  -0.11064E+01   0.57871E+01   0.41769E+00  -0.38163E+01  -0.35578E+01  -0.11009E+00   0.89182E-02   0.79975E-03  -0.14154E-02  -0.24494E-02  -0.35620E-02   0.21361E-02  -0.47498E+02
   0.10136E+03   0.52126E+00   0.16357E+03  -0.11488E+01   0.58501E+01   0.29202E+00  -0.37647E+01  -0.35914E+01  -0.11725E+00   0.92562E-02   0.77537E-03  -0.14373E-02  -0.17513E-02  -0.35945E-02   0.21695E-02  -0.50536E+02
   0.98594E+02   0.50679E+00   0.15903E+03  -0.11553E+01   0.59097E+01   0.14039E+00  -0.37067E+01  -0.36303E+01  -0.11353E+00   0.95552E-02   0.74162E-03  -0.14235E-02  -0.15176E-02  -0.35995E-02   0.21829E-02  -0.53447E+02
   0.95923E+02   0.49284E+00   0.15465E+03  -0.11190E+01   0.59610E+01   0.22146E-01  -0.36780E+01  -0.36743E+01  -0.10484E+00   0.10091E-01   0.72842E-03  -0.14345E-02  -0.21035E-02  -0.37401E-02   0.22800E-02  -0.56224E+02
   0.93350E+02   0.47939E+00   0.15043E+03  -0.10369E+01   0.60057E+01  -0.43071E-01  -0.36889E+01  -0.37174E+01  -0.86369E-01   0.10907E-01   0.73459E-03  -0.14932E-02  -0.32640E-02  -0.40189E-02   0.24711E-02  -0.58955E+02
   0.90870E+02   0.46643E+00   0.14636E+03  -0.90512E+00   0.60410E+01  -0.73994E-01  -0.37195E+01  -0.37569E+01  -0.71937E-01   0.11817E-01   0.75001E-03  -0.16039E-02  -0.35914E-02  -0.42872E-02   0.26716E-02  -0.61718E+02
   0.88482E+02   0.45396E+00   0.14245E+03  -0.74731E+00   0.60604E+01  -0.98828E-01  -0.37493E+01  -0.37975E+01  -0.51387E-01   0.12721E-01   0.76344E-03  -0.17652E-02  -0.34320E-02  -0.44334E-02   0.28096E-02  -0.64597E+02
   0.86184E+02   0.44195E+00   0.13868E+03  -0.57593E+00   0.60485E+01  -0.12360E+00  -0.37735E+01  -0.38405E+01  -0.16875E-01   0.13831E-01   0.78644E-03  -0.19597E-02  -0.43059E-02  -0.44498E-02   0.28792E-02  -0.67663E+02
   0.83972E+02   0.43040E+00   0.13506E+03  -0.38726E+00   0.59946E+01  -0.14399E+00  -0.37893E+01  -0.38805E+01   0.24389E-01   0.14968E-01   0.81195E-03  -0.21466E-02  -0.51766E-02  -0.44311E-02   0.29331E-02  -0.70924E+02
   0.81844E+02   0.41928E+00   0.13157E+03  -0.20147E+00   0.59022E+01  -0.16688E+00  -0.37911E+01  -0.39152E+01   0.50344E-01   0.15909E-01   0.80337E-03  -0.22778E-02  -0.41343E-02  -0.43516E-02   0.29448E-02  -0.74328E+02
   0.79795E+02   0.40858E+00   0.12821E+03  -0.46999E-01   0.57845E+01  -0.19709E+00  -0.37733E+01  -0.39441E+01   0.60411E-01   0.16736E-01   0.75190E-03  -0.23475E-02  -0.28153E-02  -0.42872E-02   0.29425E-02  -0.77753E+02
   0.77824E+02   0.39828E+00   0.12498E+03   0.75513E-01   0.56588E+01  -0.22883E+00  -0.37395E+01  -0.39655E+01   0.54551E-01   0.17674E-01   0.68777E-03  -0.24036E-02  -0.24649E-02  -0.43744E-02   0.30030E-02  -0.81139E+02
   0.75927E+02   0.38838E+00   0.12187E+03   0.17517E+00   0.55439E+01  -0.25590E+00  -0.36984E+01  -0.39823E+01   0.41064E-01   0.18722E-01   0.64449E-03  -0.24874E-02  -0.29214E-02  -0.46914E-02   0.31797E-02  -0.84504E+02
   0.74101E+02   0.37885E+00   0.11888E+03   0.26429E+00   0.54498E+01  -0.27254E+00  -0.36586E+01  -0.40000E+01   0.21776E-01   0.19921E-01   0.63419E-03  -0.26001E-02  -0.34484E-02  -0.51325E-02   0.34219E-02  -0.87895E+02
   0.72343E+02   0.36967E+00   0.11600E+03   0.34163E+00   0.53767E+01  -0.27813E+00  -0.36263E+01  -0.40222E+01  -0.34998E-02   0.21388E-01   0.65138E-03  -0.27200E-02  -0.37760E-02  -0.56574E-02   0.37064E-02  -0.91324E+02
   0.70651E+02   0.36084E+00   0.11323E+03   0.40032E+00   0.53219E+01  -0.27090E+00  -0.36069E+01  -0.40512E+01  -0.26027E-01   0.23044E-01   0.68791E-03  -0.28403E-02  -0.40954E-02  -0.62234E-02   0.40108E-02  -0.94774E+02
   0.69020E+02   0.35233E+00   0.11056E+03   0.43442E+00   0.52826E+01  -0.25167E+00  -0.36014E+01  -0.40877E+01  -0.29203E-01   0.24754E-01   0.73870E-03  -0.29809E-02  -0.49276E-02  -0.68633E-02   0.43581E-02  -0.98238E+02
   0.67449E+02   0.34413E+00   0.10799E+03   0.44670E+00   0.52591E+01  -0.22564E+00  -0.36046E+01  -0.41322E+01  -0.18327E-01   0.26598E-01   0.80518E-03  -0.31552E-02  -0.58771E-02  -0.74923E-02   0.47073E-02  -0.10175E+03
   0.65935E+02   0.33623E+00   0.10551E+03   0.45344E+00   0.52480E+01  -0.19357E+00  -0.36118E+01  -0.41840E+01   0.52360E-02   0.28864E-01   0.88777E-03  -0.33536E-02  -0.77021E-02  -0.81093E-02   0.50605E-02  -0.10533E+03
   0.64475E+02   0.32860E+00   0.10311E+03   0.47552E+00   0.52455E+01  -0.15494E+00  -0.36212E+01  -0.42413E+01   0.29767E-01   0.31558E-01   0.99277E-03  -0.35792E-02  -0.10210E-01  -0.87283E-02   0.54254E-02  -0.10898E+03
   0.63066E+02   0.32125E+00   0.10080E+03   0.51537E+00   0.52485E+01  -0.11135E+00  -0.36319E+01  -0.43025E+01   0.49950E-01   0.34510E-01   0.11210E-02  -0.38335E-02  -0.12078E-01  -0.93570E-02   0.58064E-02  -0.11273E+03
   0.61705E+02   0.31414E+00   0.98576E+02   0.56142E+00   0.52532E+01  -0.68124E-01  -0.36418E+01  -0.43667E+01   0.64112E-01   0.37709E-01   0.12638E-02  -0.40986E-02  -0.12413E-01  -0.99771E-02   0.61892E-02  -0.11658E+03
   0.60389E+02   0.30728E+00   0.96422E+02   0.60605E+00   0.52574E+01  -0.31806E-01  -0.36468E+01  -0.44341E+01   0.80306E-01   0.41238E-01   0.14139E-02  -0.43645E-02  -0.12471E-01  -0.10645E-01   0.66057E-02  -0.12053E+03
   0.59118E+02   0.30064E+00   0.94339E+02   0.64957E+00   0.52626E+01  -0.31145E-02  -0.36466E+01  -0.45059E+01   0.10262E+00   0.45142E-01   0.15626E-02  -0.46207E-02  -0.12803E-01  -0.11357E-01   0.70507E-02  -0.12457E+03
   0.57887E+02   0.29422E+00   0.92323E+02   0.69285E+00   0.52688E+01   0.17868E-01  -0.36408E+01  -0.45804E+01   0.12599E+00   0.49215E-01   0.16960E-02  -0.48580E-02  -0.13148E-01  -0.12079E-01   0.75049E-02  -0.12865E+03
   0.56694E+02   0.28799E+00   0.90371E+02   0.73613E+00   0.52755E+01   0.34376E-01  -0.36313E+01  -0.46540E+01   0.14286E+00   0.53188E-01   0.18119E-02  -0.50812E-02  -0.13627E-01  -0.12858E-01   0.79953E-02  -0.13276E+03
   0.55538E+02   0.28197E+00   0.88479E+02   0.77428E+00   0.52831E+01   0.48243E-01  -0.36214E+01  -0.47243E+01   0.15183E+00   0.57028E-01   0.19223E-02  -0.53088E-02  -0.14431E-01  -0.13761E-01   0.85641E-02  -0.13688E+03
   0.54416E+02   0.27612E+00   0.86644E+02   0.80644E+00   0.52933E+01   0.58840E-01  -0.36122E+01  -0.47909E+01   0.15690E+00   0.60918E-01   0.20357E-02  -0.55668E-02  -0.15423E-01  -0.14794E-01   0.92185E-02  -0.14102E+03
   0.53327E+02   0.27044E+00   0.84862E+02   0.83244E+00   0.53083E+01   0.64561E-01  -0.36043E+01  -0.48552E+01   0.16054E+00   0.65138E-01   0.21518E-02  -0.58608E-02  -0.16784E-01  -0.15986E-01   0.99765E-02  -0.14519E+03
   0.52269E+02   0.26492E+00   0.83130E+02   0.85081E+00   0.53324E+01   0.64916E-01  -0.35969E+01  -0.49196E+01   0.16545E+00   0.69763E-01   0.22832E-02  -0.62022E-02  -0.18800E-01  -0.17454E-01   0.10909E-01  -0.14942E+03
   0.51239E+02   0.25955E+00   0.81447E+02   0.86873E+00   0.53685E+01   0.60271E-01  -0.35903E+01  -0.49867E+01   0.17230E+00   0.74698E-01   0.24561E-02  -0.66125E-02  -0.21109E-01  -0.19199E-01   0.12020E-01  -0.15373E+03
   0.50236E+02   0.25433E+00   0.79807E+02   0.89502E+00   0.54180E+01   0.51364E-01  -0.35842E+01  -0.50570E+01   0.17708E+00   0.79963E-01   0.26865E-02  -0.71002E-02  -0.23806E-01  -0.21187E-01   0.13285E-01  -0.15815E+03
   0.49260E+02   0.24924E+00   0.78210E+02   0.93010E+00   0.54807E+01   0.41145E-01  -0.35819E+01  -0.51299E+01   0.17327E+00   0.85588E-01   0.29696E-02  -0.76532E-02  -0.26413E-01  -0.23303E-01   0.14634E-01  -0.16270E+03
   0.48307E+02   0.24428E+00   0.76653E+02   0.97031E+00   0.55554E+01   0.31082E-01  -0.35837E+01  -0.52057E+01   0.15856E+00   0.91565E-01   0.32845E-02  -0.82419E-02  -0.27942E-01  -0.25481E-01   0.16026E-01  -0.16741E+03
   0.47377E+02   0.23943E+00   0.75132E+02   0.10088E+01   0.56405E+01   0.21748E-01  -0.35878E+01  -0.52865E+01   0.14390E+00   0.98094E-01   0.36123E-02  -0.88532E-02  -0.29603E-01  -0.27744E-01   0.17472E-01  -0.17225E+03
   0.46468E+02   0.23470E+00   0.73647E+02   0.10487E+01   0.57348E+01   0.98493E-02  -0.35924E+01  -0.53743E+01   0.13915E+00   0.10535E+00   0.39414E-02  -0.94900E-02  -0.32061E-01  -0.30142E-01   0.19008E-01  -0.17721E+03
   0.45578E+02   0.23007E+00   0.72195E+02   0.10918E+01   0.58377E+01  -0.24837E-02  -0.35984E+01  -0.54694E+01   0.14251E+00   0.11316E+00   0.42576E-02  -0.10137E-01  -0.34180E-01  -0.32605E-01   0.20593E-01  -0.18230E+03
   0.44708E+02   0.22554E+00   0.70773E+02   0.11351E+01   0.59503E+01  -0.15537E-01  -0.36054E+01  -0.55713E+01   0.15156E+00   0.12144E+00   0.45536E-02  -0.10774E-01  -0.35784E-01  -0.35177E-01   0.22254E-01  -0.18749E+03
   0.43855E+02   0.22110E+00   0.69380E+02   0.11720E+01   0.60729E+01  -0.27200E-01  -0.36143E+01  -0.56799E+01   0.17120E+00   0.13027E+00   0.48524E-02  -0.11409E-01  -0.38113E-01  -0.37933E-01   0.24034E-01  -0.19275E+03
   0.43019E+02   0.21675E+00   0.68015E+02   0.12020E+01   0.62049E+01  -0.37770E-01  -0.36239E+01  -0.57937E+01   0.20055E+00   0.13954E+00   0.51811E-02  -0.12078E-01  -0.41271E-01  -0.40876E-01   0.25937E-01  -0.19807E+03
   0.42197E+02   0.21248E+00   0.66675E+02   0.12269E+01   0.63456E+01  -0.47419E-01  -0.36339E+01  -0.59106E+01   0.23222E+00   0.14899E+00   0.55543E-02  -0.12825E-01  -0.44331E-01  -0.44086E-01   0.28017E-01  -0.20346E+03
   0.41391E+02   0.20829E+00   0.65359E+02   0.12534E+01   0.64954E+01  -0.55635E-01  -0.36451E+01  -0.60296E+01   0.26084E+00   0.15849E+00   0.59760E-02  -0.13665E-01  -0.46236E-01  -0.47587E-01   0.30292E-01  -0.20895E+03
   0.40598E+02   0.20416E+00   0.64065E+02   0.12778E+01   0.66537E+01  -0.60306E-01  -0.36592E+01  -0.61511E+01   0.28928E+00   0.16806E+00   0.64442E-02  -0.14626E-01  -0.48727E-01  -0.51421E-01   0.32800E-01  -0.21455E+03
   0.39817E+02   0.20011E+00   0.62793E+02   0.12898E+01   0.68205E+01  -0.60051E-01  -0.36780E+01  -0.62761E+01   0.31424E+00   0.17794E+00   0.69504E-02  -0.15709E-01  -0.52668E-01  -0.55532E-01   0.35511E-01  -0.22030E+03
   0.39049E+02   0.19611E+00   0.61540E+02   0.12896E+01   0.69962E+01  -0.52414E-01  -0.37039E+01  -0.64057E+01   0.32664E+00   0.18821E+00   0.74749E-02  -0.16832E-01  -0.54129E-01  -0.59864E-01   0.38373E-01  -0.22622E+03
   0.38292E+02   0.19218E+00   0.60305E+02   0.12761E+01   0.71812E+01  -0.38343E-01  -0.37369E+01  -0.65417E+01   0.33289E+00   0.19905E+00   0.79996E-02  -0.17948E-01  -0.54022E-01  -0.64481E-01   0.41420E-01  -0.23226E+03
   0.37545E+02   0.18830E+00   0.59088E+02   0.12519E+01   0.73769E+01  -0.20222E-01  -0.37765E+01  -0.66863E+01   0.34317E+00   0.21079E+00   0.85199E-02  -0.19050E-01  -0.54369E-01  -0.69431E-01   0.44671E-01  -0.23843E+03
   0.36808E+02   0.18448E+00   0.57887E+02   0.12201E+01   0.75838E+01   0.30440E-02  -0.38225E+01  -0.68413E+01   0.36449E+00   0.22378E+00   0.90568E-02  -0.20177E-01  -0.56577E-01  -0.74864E-01   0.48225E-01  -0.24467E+03
   0.36081E+02   0.18070E+00   0.56701E+02   0.11805E+01   0.78028E+01   0.30458E-01  -0.38737E+01  -0.70073E+01   0.39954E+00   0.23845E+00   0.96475E-02  -0.21417E-01  -0.61340E-01  -0.80946E-01   0.52199E-01  -0.25101E+03
   0.35362E+02   0.17696E+00   0.55530E+02   0.11293E+01   0.80346E+01   0.62512E-01  -0.39289E+01  -0.71838E+01   0.44687E+00   0.25496E+00   0.10325E-01  -0.22827E-01  -0.69306E-01  -0.87775E-01   0.56669E-01  -0.25746E+03
   0.34651E+02   0.17327E+00   0.54371E+02   0.10661E+01   0.82792E+01   0.98792E-01  -0.39882E+01  -0.73684E+01   0.49652E+00   0.27285E+00   0.11100E-01  -0.24399E-01  -0.78790E-01  -0.95309E-01   0.61601E-01  -0.26405E+03
   0.33948E+02   0.16962E+00   0.53226E+02   0.99614E+00   0.85370E+01   0.13796E+00  -0.40504E+01  -0.75596E+01   0.54263E+00   0.29164E+00   0.11976E-01  -0.26158E-01  -0.88649E-01  -0.10369E+00   0.67089E-01  -0.27080E+03
   0.33252E+02   0.16601E+00   0.52092E+02   0.91938E+00   0.88085E+01   0.17746E+00  -0.41145E+01  -0.77577E+01   0.58987E+00   0.31135E+00   0.12956E-01  -0.28142E-01  -0.99524E-01  -0.11287E+00   0.73104E-01  -0.27773E+03
   0.32562E+02   0.16243E+00   0.50968E+02   0.83582E+00   0.90935E+01   0.21647E+00  -0.41796E+01  -0.79638E+01   0.63211E+00   0.33211E+00   0.14016E-01  -0.30309E-01  -0.10971E+00  -0.12278E+00   0.79601E-01  -0.28486E+03
   0.31879E+02   0.15888E+00   0.49855E+02   0.74870E+00   0.93925E+01   0.25505E+00  -0.42449E+01  -0.81783E+01   0.66882E+00   0.35421E+00   0.15127E-01  -0.32629E-01  -0.11958E+00  -0.13351E+00   0.86636E-01  -0.29220E+03
   0.31202E+02   0.15536E+00   0.48752E+02   0.65678E+00   0.97071E+01   0.29205E+00  -0.43094E+01  -0.84019E+01   0.70227E+00   0.37782E+00   0.16271E-01  -0.35109E-01  -0.12999E+00  -0.14517E+00   0.94292E-01  -0.29973E+03
   0.30530E+02   0.15187E+00   0.47657E+02   0.55905E+00   0.10039E+02   0.32663E+00  -0.43726E+01  -0.86361E+01   0.73157E+00   0.40310E+00   0.17437E-01  -0.37789E-01  -0.14035E+00  -0.15784E+00   0.10262E+00  -0.30747E+03
   0.29864E+02   0.14841E+00   0.46571E+02   0.46385E+00   0.10388E+02   0.35967E+00  -0.44352E+01  -0.88825E+01   0.75498E+00   0.43030E+00   0.18622E-01  -0.40705E-01  -0.14948E+00  -0.17158E+00   0.11166E+00  -0.31541E+03
   0.29202E+02   0.14498E+00   0.45493E+02   0.36509E+00   0.10757E+02   0.39020E+00  -0.44962E+01  -0.91422E+01   0.76642E+00   0.45946E+00   0.19801E-01  -0.43813E-01  -0.15625E+00  -0.18638E+00   0.12143E+00  -0.32358E+03
   0.28545E+02   0.14156E+00   0.44422E+02   0.25533E+00   0.11145E+02   0.41536E+00  -0.45529E+01  -0.94158E+01   0.77697E+00   0.49061E+00   0.20921E-01  -0.47081E-01  -0.16526E+00  -0.20248E+00   0.13205E+00  -0.33195E+03
   0.27892E+02   0.13817E+00   0.43357E+02   0.13709E+00   0.11554E+02   0.43356E+00  -0.46039E+01  -0.97052E+01   0.78861E+00   0.52407E+00   0.21940E-01  -0.50503E-01  -0.17493E+00  -0.21999E+00   0.14359E+00  -0.34051E+03
   0.27243E+02   0.13480E+00   0.42300E+02   0.11171E-01   0.11986E+02   0.44445E+00  -0.46490E+01  -0.10012E+02   0.79892E+00   0.56030E+00   0.22833E-01  -0.54050E-01  -0.18363E+00  -0.23897E+00   0.15608E+00  -0.34924E+03
   0.26598E+02   0.13145E+00   0.41248E+02  -0.12276E+00   0.12442E+02   0.45021E+00  -0.46895E+01  -0.10337E+02   0.81536E+00   0.59972E+00   0.23597E-01  -0.57768E-01  -0.19579E+00  -0.25966E+00   0.16966E+00  -0.35813E+03
   0.25957E+02   0.12811E+00   0.40202E+02  -0.25706E+00   0.12921E+02   0.45099E+00  -0.47259E+01  -0.10682E+02   0.83846E+00   0.64264E+00   0.24213E-01  -0.61748E-01  -0.21169E+00  -0.28217E+00   0.18443E+00  -0.36717E+03
   0.25319E+02   0.12480E+00   0.39161E+02  -0.39323E+00   0.13425E+02   0.44601E+00  -0.47573E+01  -0.11048E+02   0.86287E+00   0.68871E+00   0.24604E-01  -0.65978E-01  -0.22783E+00  -0.30640E+00   0.20034E+00  -0.37635E+03
   0.24684E+02   0.12150E+00   0.38124E+02  -0.53143E+00   0.13953E+02   0.43455E+00  -0.47817E+01  -0.11436E+02   0.89636E+00   0.73801E+00   0.24667E-01  -0.70446E-01  -0.24643E+00  -0.33276E+00   0.21765E+00  -0.38567E+03
   0.24052E+02   0.11821E+00   0.37093E+02  -0.67353E+00   0.14507E+02   0.41493E+00  -0.47994E+01  -0.11851E+02   0.93917E+00   0.79160E+00   0.24300E-01  -0.75148E-01  -0.26857E+00  -0.36146E+00   0.23653E+00  -0.39512E+03
   0.23424E+02   0.11493E+00   0.36066E+02  -0.81850E+00   0.15091E+02   0.38784E+00  -0.48105E+01  -0.12297E+02   0.98968E+00   0.85047E+00   0.23313E-01  -0.79827E-01  -0.29739E+00  -0.39231E+00   0.25679E+00  -0.40468E+03
   0.22798E+02   0.11167E+00   0.35042E+02  -0.96603E+00   0.15707E+02   0.35447E+00  -0.48164E+01  -0.12773E+02   0.10379E+01   0.91485E+00   0.21464E-01  -0.84088E-01  -0.33143E+00  -0.42529E+00   0.27834E+00  -0.41428E+03
   0.22174E+02   0.10842E+00   0.34023E+02  -0.11180E+01   0.16357E+02   0.31519E+00  -0.48188E+01  -0.13278E+02   0.10737E+01   0.98422E+00   0.18545E-01  -0.87604E-01  -0.36734E+00  -0.46031E+00   0.30103E+00  -0.42381E+03
   0.21554E+02   0.10519E+00   0.33007E+02  -0.12744E+01   0.17043E+02   0.27332E+00  -0.48203E+01  -0.13813E+02   0.10896E+01   0.10581E+01   0.14279E-01  -0.90007E-01  -0.40010E+00  -0.49739E+00   0.32475E+00  -0.43316E+03
   0.20935E+02   0.10196E+00   0.31994E+02  -0.14344E+01   0.17772E+02   0.23057E+00  -0.48216E+01  -0.14380E+02   0.10892E+01   0.11365E+01   0.83588E-02  -0.90908E-01  -0.42706E+00  -0.53669E+00   0.34944E+00  -0.44217E+03
   0.20319E+02   0.98741E-01   0.30984E+02  -0.16138E+01   0.18547E+02   0.18718E+00  -0.48233E+01  -0.14981E+02   0.10763E+01   0.12191E+01   0.49614E-03  -0.89751E-01  -0.44926E+00  -0.57768E+00   0.37455E+00  -0.45070E+03
   0.19706E+02   0.95532E-01   0.29977E+02  -0.18237E+01   0.19370E+02   0.14362E+00  -0.48270E+01  -0.15618E+02   0.10646E+01   0.13058E+01  -0.95862E-02  -0.85944E-01  -0.47236E+00  -0.62004E+00   0.39971E+00  -0.45852E+03
   0.19094E+02   0.92332E-01   0.28973E+02  -0.20639E+01   0.20245E+02   0.10255E+00  -0.48345E+01  -0.16291E+02   0.10512E+01   0.13968E+01  -0.22186E-01  -0.78948E-01  -0.49577E+00  -0.66310E+00   0.42424E+00  -0.46546E+03
   0.18485E+02   0.89139E-01   0.27971E+02  -0.23307E+01   0.21169E+02   0.66089E-01  -0.48476E+01  -0.17002E+02   0.10392E+01   0.14917E+01  -0.37764E-01  -0.67915E-01  -0.51884E+00  -0.70567E+00   0.44695E+00  -0.47130E+03
   0.17879E+02   0.85954E-01   0.26972E+02  -0.26084E+01   0.22140E+02   0.36214E-01  -0.48667E+01  -0.17749E+02   0.10374E+01   0.15895E+01  -0.57095E-01  -0.51606E-01  -0.53960E+00  -0.74542E+00   0.46591E+00  -0.47581E+03
   0.17274E+02   0.82776E-01   0.25975E+02  -0.28928E+01   0.23148E+02   0.14004E-01  -0.48902E+01  -0.18536E+02   0.10673E+01   0.16879E+01  -0.81283E-01  -0.28193E-01  -0.55856E+00  -0.77977E+00   0.47877E+00  -0.47868E+03
   0.16672E+02   0.79605E-01   0.24979E+02  -0.32002E+01   0.24183E+02  -0.42545E-03  -0.49177E+01  -0.19361E+02   0.11040E+01   0.17842E+01  -0.11158E+00   0.50851E-02  -0.56080E+00  -0.80621E+00   0.48284E+00  -0.47955E+03
   0.16072E+02   0.76439E-01   0.23986E+02  -0.35320E+01   0.25233E+02  -0.72503E-02  -0.49502E+01  -0.20212E+02   0.11062E+01   0.18744E+01  -0.14915E+00   0.51794E-01  -0.53446E+00  -0.82019E+00   0.47365E+00  -0.47794E+03
   0.15475E+02   0.73279E-01   0.22995E+02  -0.38977E+01   0.26284E+02  -0.92940E-02  -0.49836E+01  -0.21066E+02   0.10354E+01   0.19511E+01  -0.19554E+00   0.11687E+00  -0.48187E+00  -0.81602E+00   0.44564E+00  -0.47326E+03
   0.14880E+02   0.70125E-01   0.22005E+02  -0.42723E+01   0.27324E+02  -0.44480E-02  -0.50170E+01  -0.21900E+02   0.81944E+00   0.20033E+01  -0.25187E+00   0.20582E+00  -0.37852E+00  -0.78775E+00   0.39279E+00  -0.46471E+03
   0.14288E+02   0.66975E-01   0.21016E+02  -0.46145E+01   0.28342E+02   0.89465E-02  -0.50488E+01  -0.22691E+02   0.42348E+00   0.20194E+01  -0.31785E+00   0.32450E+00  -0.20522E+00  -0.72769E+00   0.30755E+00  -0.45149E+03
   0.13700E+02   0.63830E-01   0.20029E+02  -0.48928E+01   0.29336E+02   0.21752E-01  -0.50717E+01  -0.23414E+02  -0.21875E+00   0.19869E+01  -0.39213E+00   0.48166E+00   0.70435E-01  -0.62595E+00   0.17905E+00  -0.43263E+03
   0.13114E+02   0.60689E-01   0.19044E+02  -0.50745E+01   0.30299E+02   0.29223E-01  -0.50788E+01  -0.24046E+02  -0.11626E+01   0.18950E+01  -0.46995E+00   0.68575E+00   0.49909E+00  -0.47274E+00  -0.46895E-02  -0.40701E+03
   0.12532E+02   0.57552E-01   0.18060E+02  -0.52051E+01   0.31206E+02   0.39262E-01  -0.50756E+01  -0.24560E+02  -0.23269E+01   0.17349E+01  -0.54115E+00   0.94047E+00   0.10510E+01  -0.25953E+00  -0.25343E+00  -0.37358E+03
   0.11954E+02   0.54419E-01   0.17076E+02  -0.53059E+01   0.32024E+02   0.55048E-01  -0.50598E+01  -0.24907E+02  -0.37852E+01   0.14927E+01  -0.59001E+00   0.12469E+01   0.17172E+01   0.19857E-01  -0.57446E+00  -0.33161E+03
   0.11380E+02   0.51290E-01   0.16094E+02  -0.53563E+01   0.32732E+02   0.76824E-01  -0.50299E+01  -0.25033E+02  -0.57713E+01   0.11600E+01  -0.58967E+00   0.16044E+01   0.25442E+01   0.36822E+00  -0.97312E+00  -0.28066E+03
   0.10811E+02   0.48164E-01   0.15114E+02  -0.52690E+01   0.33326E+02   0.11031E+00  -0.49951E+01  -0.24899E+02  -0.84564E+01   0.75025E+00  -0.49051E+00   0.20005E+01   0.35844E+01   0.77536E+00  -0.14447E+01  -0.22068E+03
   0.10246E+02   0.45041E-01   0.14134E+02  -0.49529E+01   0.33797E+02   0.14136E+00  -0.49413E+01  -0.24524E+02  -0.11722E+02   0.32375E+00  -0.20615E+00   0.23905E+01   0.47709E+01   0.11993E+01  -0.19543E+01  -0.15270E+03
   0.96861E+01   0.41921E-01   0.13154E+02  -0.44495E+01   0.34105E+02   0.14469E+00  -0.48368E+01  -0.23996E+02  -0.15177E+02   0.17146E-01   0.39340E+00   0.26839E+01   0.57701E+01   0.15570E+01  -0.24189E+01  -0.79674E+02
   0.91305E+01   0.38803E-01   0.12176E+02  -0.36845E+01   0.34192E+02   0.12787E+00  -0.46811E+01  -0.23467E+02  -0.18278E+02  -0.48182E-03   0.14858E+01   0.27516E+01   0.61686E+01   0.17308E+01  -0.27054E+01  -0.71982E+01
   0.85789E+01   0.35688E-01   0.11199E+02  -0.26972E+01   0.34020E+02   0.12300E+00  -0.44968E+01  -0.23213E+02  -0.20615E+02   0.49627E+00   0.33132E+01   0.23976E+01   0.56876E+01   0.15137E+01  -0.25947E+01   0.57006E+02
   0.80291E+01   0.32575E-01   0.10222E+02  -0.17634E+01   0.33530E+02   0.14001E+00  -0.42853E+01  -0.23576E+02  -0.21214E+02   0.18223E+01   0.61911E+01   0.13074E+01   0.36635E+01   0.60150E+00  -0.17178E+01   0.10136E+03
   0.74774E+01   0.29465E-01   0.92459E+01  -0.90639E+00   0.32702E+02   0.11973E+00  -0.39810E+01  -0.24837E+02  -0.20063E+02   0.40863E+01   0.10400E+02  -0.76310E+00  -0.30591E+00  -0.11928E+01   0.26538E+00   0.11049E+03
   0.69165E+01   0.26356E-01   0.82705E+01   0.14127E+00   0.31479E+02   0.92629E-01  -0.36159E+01  -0.27175E+02  -0.17113E+02   0.69904E+01   0.15979E+02  -0.37929E+01  -0.58020E+01  -0.37589E+01   0.34567E+01   0.71858E+02
   0.63346E+01   0.23250E-01   0.72957E+01   0.12080E+01   0.29709E+02   0.47606E-01  -0.31685E+01  -0.30278E+02  -0.12507E+02   0.95857E+01   0.22278E+02  -0.71665E+01  -0.11661E+02  -0.63220E+01   0.73235E+01  -0.19378E+02
   0.57137E+01   0.20145E-01   0.63214E+01   0.20444E+01   0.27174E+02  -0.52567E-02  -0.26303E+01  -0.33197E+02  -0.79228E+01   0.99460E+01   0.27487E+02  -0.90914E+01  -0.15537E+02  -0.69519E+01   0.10010E+02  -0.14939E+03
   0.50303E+01   0.17042E-01   0.53477E+01   0.29346E+01   0.23556E+02  -0.30470E-01  -0.20457E+01  -0.34992E+02  -0.50848E+01   0.61591E+01   0.28735E+02  -0.71292E+01  -0.14499E+02  -0.36608E+01   0.88178E+01  -0.27261E+03
   0.42602E+01   0.13940E-01   0.43744E+01   0.35762E+01   0.18619E+02  -0.40190E-01  -0.14226E+01  -0.36047E+02  -0.16126E+01  -0.15777E+01   0.23889E+02  -0.44557E+00  -0.73014E+01   0.32113E+01   0.25556E+01  -0.32940E+03
   0.33941E+01   0.10840E-01   0.34016E+01   0.34303E+01   0.12717E+02  -0.65218E-01  -0.77368E+00  -0.38431E+02   0.66250E+01  -0.10016E+02   0.14234E+02   0.80034E+01   0.35070E+01   0.96328E+01  -0.60663E+01  -0.28310E+03
   0.24502E+01   0.77416E-02   0.24293E+01   0.24462E+01   0.68895E+01  -0.75293E-01  -0.20555E+00  -0.44592E+02   0.23355E+02  -0.13088E+02   0.51595E+01   0.11210E+02   0.11048E+02   0.98364E+01  -0.99304E+01  -0.16355E+03
   0.14684E+01   0.46441E-02   0.14573E+01   0.10169E+01   0.25159E+01  -0.63167E-01   0.16777E+00  -0.53938E+02   0.45187E+02  -0.93715E+01   0.54016E+00   0.74428E+01   0.97949E+01   0.51259E+01  -0.68468E+01  -0.67191E+02
   0.48571E+00   0.15479E-02   0.48571E+00   0.14081E+00   0.28132E+00  -0.28566E-01   0.21400E+00  -0.62042E+02   0.60848E+02  -0.60112E+01  -0.10897E+01   0.42195E+01   0.63434E+01   0.20973E+01  -0.40621E+01  -0.20645E+02
