   0.17355E+03   0.96417E+00   0.17398E+03   0.28470E-50  -0.29474E-50  -0.14602E-50   0.13856E-50  -0.37432E-52   0.15977E-51   0.53010E-62  -0.53012E-62  -0.31738E-65  -0.12284E-63   0.12955E-63   0.74745E-67
   0.16926E+03   0.94036E+00   0.16968E+03  -0.75055E-51  -0.85269E-51  -0.59149E-51   0.55730E-51   0.16600E-51  -0.42351E-51   0.44463E-63  -0.44373E-63  -0.41322E-65   0.14629E-63  -0.14742E-63  -0.17438E-65
   0.16500E+03   0.91667E+00   0.16541E+03  -0.54205E-49   0.71132E-49   0.50526E-49  -0.49392E-49  -0.42978E-50  -0.79725E-51   0.88961E-63  -0.91235E-63  -0.10104E-65   0.30838E-62  -0.32399E-62  -0.88465E-65
   0.16077E+03   0.89314E+00   0.16116E+03  -0.80979E-49   0.13807E-48   0.11529E-48  -0.11255E-48  -0.12685E-49   0.98049E-50  -0.61304E-62   0.60756E-62   0.39714E-64   0.18631E-62  -0.21747E-62   0.41913E-64
   0.15657E+03   0.86983E+00   0.15695E+03   0.15855E-47  -0.17858E-47  -0.15477E-47   0.15148E-47   0.17000E-48  -0.53489E-49  -0.18762E-61   0.19593E-61   0.24407E-62  -0.79131E-61   0.79277E-61   0.19279E-63
   0.15242E+03   0.84677E+00   0.15279E+03   0.70625E-47  -0.74398E-47  -0.71810E-47   0.70152E-47   0.55436E-48  -0.28579E-48   0.45963E-61  -0.43294E-61   0.23395E-61  -0.19850E-60   0.18943E-60   0.16840E-62
   0.14832E+03   0.82400E+00   0.14868E+03  -0.60611E-46   0.60209E-46   0.60233E-46  -0.59343E-46  -0.25512E-47   0.10587E-47   0.28644E-60  -0.30101E-60   0.91565E-61   0.28413E-59  -0.29581E-59  -0.38751E-62
   0.14428E+03   0.80156E+00   0.14464E+03  -0.39963E-45   0.39821E-45   0.45487E-45  -0.45226E-45   0.82219E-47  -0.89494E-47   0.39967E-61   0.17340E-62  -0.46595E-60   0.13110E-58  -0.12378E-58  -0.37486E-61
   0.14031E+03   0.77949E+00   0.14065E+03   0.17107E-44  -0.17667E-44  -0.20494E-44   0.20663E-44  -0.70988E-46   0.11991E-46  -0.31128E-59   0.26439E-59   0.64677E-60  -0.74657E-58   0.78934E-58   0.35028E-60
   0.13641E+03   0.75782E+00   0.13674E+03   0.14757E-43  -0.15273E-43  -0.19635E-43   0.19877E-43  -0.85696E-45   0.22971E-45  -0.61540E-59   0.27427E-59   0.13835E-58  -0.45099E-57   0.42433E-57   0.17911E-59
   0.13258E+03   0.73658E+00   0.13291E+03  -0.13693E-43   0.17426E-43   0.20649E-43  -0.20713E-43   0.93850E-48   0.13990E-44   0.35682E-59  -0.31855E-59  -0.17551E-59   0.10083E-56  -0.10342E-56  -0.16011E-59
   0.12884E+03   0.71579E+00   0.12916E+03  -0.27736E-42   0.34981E-42   0.47433E-42  -0.46829E-42  -0.42568E-44   0.24926E-43  -0.27357E-58   0.49049E-59  -0.27055E-57   0.91699E-56  -0.97587E-56  -0.84235E-58
   0.12519E+03   0.69548E+00   0.12549E+03  -0.30244E-42   0.41452E-42   0.60055E-42  -0.58002E-42  -0.15682E-43   0.30530E-43  -0.19485E-57   0.13235E-57  -0.32666E-57   0.50753E-56  -0.55224E-56  -0.38400E-58
   0.12162E+03   0.67566E+00   0.12192E+03   0.12305E-41  -0.47213E-41  -0.63351E-41   0.59453E-41   0.38073E-42  -0.73632E-42   0.58877E-57   0.13138E-56  -0.38261E-56  -0.16024E-54   0.14515E-54  -0.57310E-58
   0.11815E+03   0.65636E+00   0.11844E+03  -0.21300E-41  -0.16680E-40  -0.21379E-40   0.19409E-40   0.13835E-41  -0.25933E-41   0.14484E-55  -0.73185E-56   0.32433E-55  -0.40445E-54   0.38299E-54   0.26382E-56
   0.11476E+03   0.63758E+00   0.11505E+03   0.25443E-40   0.36950E-40   0.40929E-40  -0.35522E-40  -0.27580E-41   0.81375E-41   0.68283E-55  -0.84046E-55  -0.31516E-55   0.11828E-53  -0.12330E-53  -0.56684E-56
   0.11148E+03   0.61934E+00   0.11176E+03   0.50785E-39   0.40417E-39   0.37986E-39  -0.30619E-39  -0.18387E-40   0.76603E-40  -0.30251E-54   0.20317E-54   0.35941E-54   0.11761E-52  -0.96149E-53  -0.77812E-55
   0.10829E+03   0.60163E+00   0.10856E+03   0.64547E-39   0.25116E-39   0.19087E-39  -0.14145E-39  -0.71680E-41   0.10804E-40  -0.34672E-53   0.34324E-53  -0.57801E-55   0.80927E-54   0.28339E-54  -0.45283E-55
   0.10521E+03   0.58448E+00   0.10546E+03  -0.16546E-37  -0.69039E-38  -0.43263E-38   0.29089E-38   0.24744E-39  -0.21180E-38   0.28745E-53  -0.13800E-53  -0.16501E-52  -0.25495E-51   0.21958E-51  -0.28967E-54
   0.10221E+03   0.56786E+00   0.10247E+03  -0.71314E-37  -0.20606E-37  -0.11942E-37   0.86436E-38   0.10555E-38  -0.53996E-38   0.73082E-52  -0.64906E-52   0.19456E-52  -0.54196E-51   0.42482E-51   0.30844E-53
   0.99322E+02   0.55179E+00   0.99567E+02   0.32159E-36   0.73119E-37   0.42084E-37  -0.30770E-37  -0.28548E-38   0.53508E-37   0.70665E-52  -0.93714E-52   0.28948E-51   0.58063E-50  -0.47723E-50  -0.11236E-52
   0.96527E+02   0.53626E+00   0.96764E+02   0.27556E-35   0.50221E-36   0.28120E-36  -0.25658E-36  -0.32004E-38   0.19655E-36  -0.29509E-51   0.27644E-51   0.37812E-52   0.23508E-49  -0.19408E-49  -0.64626E-52
   0.93827E+02   0.52126E+00   0.94058E+02  -0.34268E-35  -0.39793E-36  -0.67792E-36   0.51980E-36  -0.53353E-37  -0.12516E-35  -0.12829E-50   0.11428E-50   0.35883E-51  -0.12006E-48   0.10421E-48   0.48356E-52
   0.91223E+02   0.50679E+00   0.91447E+02  -0.69193E-34  -0.83651E-35  -0.40163E-35   0.41153E-35  -0.60804E-36  -0.55742E-35  -0.52214E-50   0.30421E-50   0.10358E-49  -0.61905E-48   0.50518E-48   0.21706E-51
   0.88711E+02   0.49284E+00   0.88929E+02  -0.13342E-33  -0.20560E-34   0.11143E-34  -0.61179E-35   0.93265E-36   0.14781E-34   0.30000E-50   0.20417E-50  -0.13587E-49   0.12643E-47  -0.10318E-47   0.10875E-50
   0.86290E+02   0.47939E+00   0.86502E+02   0.78986E-33   0.48673E-34   0.40470E-34  -0.34118E-34   0.86458E-35   0.11455E-33   0.62056E-49  -0.35079E-49   0.79472E-48   0.11578E-46  -0.86900E-47   0.12276E-48
   0.83958E+02   0.46643E+00   0.84165E+02   0.46170E-32   0.48287E-33  -0.22644E-33   0.13160E-33  -0.38691E-34   0.57590E-34  -0.56306E-49  -0.17968E-48  -0.76765E-48  -0.21413E-47  -0.18199E-47  -0.15477E-48
   0.81713E+02   0.45396E+00   0.81914E+02  -0.26610E-33   0.64377E-33  -0.97258E-33   0.64015E-33   0.13465E-33  -0.17782E-32   0.14689E-47  -0.91605E-49   0.28247E-47  -0.11955E-45   0.93679E-46  -0.15382E-47
   0.79552E+02   0.44195E+00   0.79747E+02  -0.76557E-31  -0.46522E-32   0.15734E-32  -0.84160E-33   0.13553E-32  -0.46506E-32   0.51447E-47   0.29899E-47  -0.72852E-47  -0.27423E-45   0.20353E-45   0.14774E-47
   0.77471E+02   0.43040E+00   0.77662E+02  -0.21555E-30  -0.18743E-31   0.16028E-31  -0.99270E-32   0.14777E-32   0.90471E-32  -0.63712E-48   0.87185E-47   0.72207E-47   0.70363E-45  -0.51674E-45   0.70120E-48
   0.75470E+02   0.41928E+00   0.75656E+02   0.29015E-30  -0.14029E-33   0.21861E-31  -0.15066E-31  -0.45670E-32   0.55988E-31  -0.57885E-47  -0.16883E-46  -0.13420E-46   0.38012E-44  -0.30618E-44   0.46263E-46
   0.73544E+02   0.40858E+00   0.73725E+02   0.27548E-29   0.16011E-30  -0.96648E-31   0.59257E-31  -0.21052E-31   0.59654E-31  -0.64080E-47  -0.81489E-46  -0.34674E-46   0.31943E-44  -0.26174E-44  -0.51372E-46
   0.71691E+02   0.39828E+00   0.71868E+02   0.49735E-29   0.41127E-30  -0.43386E-30   0.29066E-30  -0.46122E-31  -0.18244E-30  -0.24552E-45  -0.11885E-46   0.37987E-45  -0.12335E-43   0.10427E-43  -0.29939E-45
   0.69908E+02   0.38838E+00   0.70080E+02  -0.48653E-29   0.14856E-31  -0.45485E-30   0.33491E-30  -0.33725E-31  -0.71001E-30   0.27312E-45  -0.60611E-45  -0.11261E-44  -0.55347E-43   0.37960E-43   0.13648E-45
   0.68193E+02   0.37885E+00   0.68360E+02  -0.40239E-28  -0.23958E-29   0.15360E-29  -0.10259E-29   0.20401E-30  -0.93679E-30   0.43606E-44  -0.37441E-44  -0.20184E-44  -0.33835E-43   0.40606E-43   0.60863E-46
   0.66541E+02   0.36967E+00   0.66705E+02  -0.80478E-28  -0.65191E-29   0.67221E-29  -0.47713E-29   0.86750E-30   0.49566E-30  -0.10845E-44   0.75096E-44   0.68990E-44   0.35506E-43  -0.63295E-43   0.10215E-44
   0.64951E+02   0.36084E+00   0.65111E+02  -0.30032E-28  -0.59327E-29   0.10437E-28  -0.76928E-29   0.13988E-29   0.49283E-29  -0.44857E-43   0.54251E-43   0.34106E-43   0.56149E-42  -0.36361E-42   0.18687E-44
   0.63419E+02   0.35233E+00   0.63575E+02   0.25161E-27   0.13332E-28  -0.27521E-29   0.15644E-29  -0.41221E-30   0.11488E-28  -0.32955E-43   0.34484E-43  -0.68976E-43   0.53824E-42  -0.45469E-42  -0.40364E-45
   0.61943E+02   0.34413E+00   0.62096E+02   0.77268E-27   0.61622E-28  -0.52024E-28   0.37848E-28  -0.75493E-29   0.14024E-28   0.58549E-43  -0.97571E-43   0.71953E-44   0.63673E-42  -0.42395E-42  -0.99500E-44
   0.60521E+02   0.33623E+00   0.60670E+02   0.11331E-26   0.11721E-27  -0.13051E-27   0.97403E-28  -0.19240E-28   0.16821E-30  -0.46809E-42   0.35757E-42  -0.74175E-44  -0.12108E-41   0.87885E-42  -0.14767E-43
   0.59148E+02   0.32860E+00   0.59294E+02   0.41941E-27   0.95405E-28  -0.16193E-27   0.12356E-27  -0.24176E-28  -0.42933E-28   0.10699E-43  -0.13952E-42   0.49438E-43  -0.44499E-41   0.32914E-41   0.60761E-43
   0.57824E+02   0.32125E+00   0.57966E+02  -0.23579E-26  -0.14491E-27   0.10527E-28  -0.61712E-29   0.18710E-29  -0.11706E-27   0.14503E-40  -0.14517E-40   0.29532E-42  -0.73069E-41   0.59667E-41  -0.73257E-43
   0.56546E+02   0.31414E+00   0.56685E+02  -0.72403E-26  -0.71482E-27   0.53864E-27  -0.41926E-27   0.85495E-28  -0.20697E-27   0.43880E-40  -0.43650E-40  -0.89544E-42  -0.92062E-41   0.89800E-41   0.30675E-42
   0.55310E+02   0.30728E+00   0.55446E+02  -0.12373E-25  -0.15308E-26   0.13792E-26  -0.10979E-26   0.22922E-27  -0.28406E-27  -0.59043E-40   0.60164E-40   0.63231E-42  -0.11203E-40   0.16223E-41   0.75375E-43
   0.54115E+02   0.30064E+00   0.54248E+02  -0.14038E-25  -0.21363E-26   0.21234E-26  -0.17258E-26   0.37621E-27  -0.27579E-27  -0.64583E-39   0.64847E-39   0.65051E-42   0.15924E-40  -0.73892E-41   0.83706E-43
   0.52959E+02   0.29422E+00   0.53089E+02  -0.73047E-26  -0.15793E-26   0.20302E-26  -0.16716E-26   0.37894E-27   0.76390E-28  -0.12331E-38   0.12345E-38  -0.62579E-42   0.31241E-40  -0.27038E-40  -0.22296E-42
   0.51839E+02   0.28799E+00   0.51967E+02   0.14945E-25   0.16355E-26   0.25701E-27  -0.98191E-28  -0.12642E-28   0.14009E-26   0.22136E-38  -0.22133E-38   0.16780E-41   0.11967E-39  -0.95000E-40   0.21655E-42
   0.50754E+02   0.28197E+00   0.50879E+02   0.64910E-25   0.94032E-26  -0.40161E-26   0.40217E-26  -0.11047E-26   0.44340E-26   0.16202E-37  -0.16206E-37   0.17301E-41   0.25869E-39  -0.20159E-39  -0.11550E-41
   0.49701E+02   0.27612E+00   0.49823E+02   0.15555E-24   0.23040E-25  -0.11698E-25   0.11882E-25  -0.30596E-26   0.85811E-26   0.17674E-37  -0.17685E-37  -0.39164E-40   0.29219E-39  -0.24682E-39  -0.34618E-41
   0.48679E+02   0.27044E+00   0.48799E+02   0.27049E-24   0.40236E-25  -0.23421E-25   0.23736E-25  -0.54576E-26   0.96379E-26  -0.66199E-37   0.66181E-37   0.21628E-40   0.47107E-39  -0.31342E-39  -0.94061E-43
   0.47686E+02   0.26492E+00   0.47803E+02   0.30610E-24   0.49783E-25  -0.37525E-25   0.35352E-25  -0.68011E-26  -0.11708E-27  -0.16147E-36   0.16143E-36  -0.14352E-40  -0.31983E-39   0.21839E-39  -0.57004E-41
   0.46720E+02   0.25955E+00   0.46835E+02   0.47258E-25   0.28692E-25  -0.46448E-25   0.32818E-25  -0.46508E-26  -0.24303E-25   0.19462E-37  -0.19518E-37   0.36986E-40  -0.12926E-38   0.97503E-39  -0.37484E-41
   0.45780E+02   0.25433E+00   0.45892E+02  -0.68722E-24  -0.46974E-25  -0.34049E-25  -0.95028E-26   0.26165E-26  -0.46649E-25   0.40647E-36  -0.40642E-36  -0.23335E-39  -0.30114E-38   0.22093E-38   0.43170E-40
   0.44863E+02   0.24924E+00   0.44974E+02  -0.16287E-23  -0.16653E-24   0.21912E-25  -0.12002E-24   0.12127E-25  -0.19272E-25   0.34275E-36  -0.34266E-36  -0.18617E-40  -0.61800E-39   0.75506E-39   0.14129E-40
   0.43970E+02   0.24428E+00   0.44078E+02  -0.15261E-23  -0.23192E-24   0.13759E-24  -0.30159E-24   0.12780E-25   0.12041E-24  -0.73001E-38   0.73782E-38  -0.16546E-40   0.57979E-38  -0.45413E-38   0.41562E-40
   0.43098E+02   0.23943E+00   0.43204E+02   0.19337E-23  -0.33724E-25   0.29486E-24  -0.47580E-24  -0.13045E-25   0.38261E-24   0.14276E-35  -0.14277E-35  -0.90670E-39   0.18178E-37  -0.11853E-37  -0.30857E-40
   0.42246E+02   0.23470E+00   0.42350E+02   0.10873E-22   0.65816E-24   0.38660E-24  -0.39394E-24  -0.72985E-25   0.61366E-24   0.52073E-35  -0.52078E-35   0.10352E-38   0.24601E-37  -0.14012E-37  -0.18396E-40
   0.41413E+02   0.23007E+00   0.41515E+02   0.23922E-22   0.18021E-23   0.13170E-24   0.47161E-24  -0.12540E-24   0.39151E-24   0.31812E-35  -0.31820E-35   0.12648E-38   0.73471E-38  -0.65299E-39  -0.63114E-40
   0.40597E+02   0.22554E+00   0.40697E+02   0.31170E-22   0.25819E-23  -0.10011E-23   0.29817E-23  -0.23888E-25  -0.98215E-24  -0.21770E-34   0.21770E-34   0.36476E-38  -0.65076E-37   0.55689E-37  -0.41364E-39
   0.39798E+02   0.22110E+00   0.39896E+02   0.98168E-23   0.86089E-24  -0.37357E-23   0.81571E-23   0.52506E-24  -0.43026E-23  -0.76292E-34   0.76295E-34  -0.23175E-37  -0.26008E-36   0.20986E-36  -0.43998E-39
   0.39015E+02   0.21675E+00   0.39111E+02  -0.73855E-22  -0.69941E-23  -0.85926E-23   0.16537E-22   0.19491E-23  -0.10003E-22  -0.12130E-33   0.12131E-33  -0.43755E-38  -0.52560E-36   0.31099E-36   0.45726E-38
   0.38246E+02   0.21248E+00   0.38340E+02  -0.24779E-21  -0.25275E-22  -0.14942E-22   0.26877E-22   0.47034E-23  -0.17211E-22  -0.49030E-34   0.49055E-34   0.67507E-37  -0.97815E-36   0.57756E-36   0.14994E-37
   0.37491E+02   0.20829E+00   0.37584E+02  -0.49571E-21  -0.56464E-22  -0.19357E-22   0.34117E-22   0.90427E-23  -0.22083E-22   0.28857E-33  -0.28852E-33   0.15829E-37  -0.65522E-36   0.51498E-36  -0.13593E-37
   0.36749E+02   0.20416E+00   0.36840E+02  -0.69948E-21  -0.97295E-22  -0.13298E-22   0.26610E-22   0.14690E-22  -0.16093E-22   0.97323E-33  -0.97316E-33   0.42834E-37  -0.16774E-36   0.45261E-36   0.11242E-37
   0.36019E+02   0.20011E+00   0.36108E+02  -0.58233E-21  -0.13541E-21   0.19271E-22  -0.17135E-22   0.20595E-22   0.12920E-22   0.18154E-32  -0.18153E-32  -0.52471E-37  -0.59687E-37  -0.48462E-36   0.98827E-38
   0.35301E+02   0.19611E+00   0.35388E+02   0.30130E-21  -0.15142E-21   0.10237E-21  -0.13080E-21   0.25276E-22   0.72708E-22   0.20973E-32  -0.20971E-32   0.11736E-37   0.50040E-35  -0.24080E-35   0.33006E-37
   0.34593E+02   0.19218E+00   0.34678E+02   0.24279E-20  -0.13538E-21   0.26255E-21  -0.35763E-21   0.28469E-22   0.14952E-21   0.59955E-33  -0.59936E-33   0.20589E-36   0.81560E-35  -0.48455E-35   0.21714E-37
   0.33894E+02   0.18830E+00   0.33978E+02   0.57701E-20  -0.13801E-21   0.51083E-21  -0.73504E-21   0.34730E-22   0.18062E-21  -0.33590E-32   0.33591E-32  -0.10149E-36   0.73727E-35  -0.55621E-35   0.33977E-37
   0.33206E+02   0.18448E+00   0.33287E+02   0.83420E-20  -0.40766E-21   0.79963E-21  -0.12542E-20   0.60641E-22  -0.21955E-24  -0.78003E-32   0.78005E-32  -0.28635E-36  -0.81700E-36   0.43327E-35   0.85943E-37
   0.32525E+02   0.18070E+00   0.32605E+02   0.29463E-20  -0.17208E-20   0.92743E-21  -0.17723E-20   0.15248E-21  -0.80734E-21  -0.81823E-32   0.81830E-32   0.49279E-37  -0.41989E-34   0.26608E-34   0.33275E-36
   0.31853E+02   0.17696E+00   0.31932E+02  -0.29345E-19  -0.60932E-20   0.34061E-21  -0.18352E-20   0.43024E-21  -0.32553E-20  -0.67610E-32   0.67633E-32  -0.17242E-36  -0.14535E-33   0.11206E-33   0.85679E-36
   0.31189E+02   0.17327E+00   0.31266E+02  -0.13248E-18  -0.18252E-19  -0.22480E-20  -0.32350E-21   0.11801E-20  -0.96508E-20  -0.30077E-31   0.30084E-31   0.26973E-35  -0.44140E-33   0.30392E-33   0.25224E-35
   0.30532E+02   0.16962E+00   0.30607E+02  -0.40450E-18  -0.48667E-19  -0.95308E-20   0.52468E-20   0.30148E-20  -0.24778E-19  -0.12437E-30   0.12438E-30  -0.21459E-34  -0.13081E-32   0.82048E-33   0.59815E-35
   0.29881E+02   0.16601E+00   0.29955E+02  -0.10582E-17  -0.12007E-18  -0.27058E-19   0.20263E-19   0.71657E-20  -0.58181E-19  -0.27047E-30   0.27051E-30  -0.50066E-34  -0.20857E-32   0.18686E-32  -0.16706E-34
   0.29237E+02   0.16243E+00   0.29309E+02  -0.25251E-17  -0.27984E-18  -0.66483E-19   0.56198E-19   0.16015E-19  -0.12930E-18  -0.22361E-30   0.22371E-30   0.22481E-33  -0.63741E-32   0.36563E-32   0.83647E-34
   0.28598E+02   0.15888E+00   0.28669E+02  -0.56732E-17  -0.62419E-18  -0.15203E-18   0.13737E-18   0.34084E-19  -0.27879E-18   0.42889E-30  -0.42872E-30  -0.58120E-33  -0.10555E-31   0.86749E-32   0.40203E-34
   0.27965E+02   0.15536E+00   0.28034E+02  -0.12184E-16  -0.13401E-17  -0.33316E-18   0.31437E-18   0.69832E-19  -0.57952E-18   0.11880E-29  -0.11876E-29   0.10222E-32  -0.25783E-31   0.16487E-31   0.74808E-34
   0.27337E+02   0.15187E+00   0.27405E+02  -0.25246E-16  -0.27904E-17  -0.70893E-18   0.69066E-18   0.13817E-18  -0.11538E-17  -0.25137E-29   0.25143E-29  -0.16029E-32  -0.54504E-31   0.37951E-31   0.99329E-34
   0.26714E+02   0.14841E+00   0.26780E+02  -0.50890E-16  -0.56774E-17  -0.14732E-17   0.14682E-17   0.26748E-18  -0.22229E-17  -0.24333E-28   0.24335E-28   0.35000E-32  -0.76150E-31   0.56346E-31   0.10455E-32
   0.26096E+02   0.14498E+00   0.26160E+02  -0.10028E-15  -0.11324E-16  -0.29914E-17   0.30351E-17   0.50695E-18  -0.42170E-17  -0.89124E-28   0.89126E-28  -0.94080E-32  -0.16115E-30   0.13467E-30   0.13328E-32
   0.25481E+02   0.14156E+00   0.25544E+02  -0.19348E-15  -0.22185E-16  -0.59251E-17   0.60985E-17   0.94335E-18  -0.78792E-17  -0.22050E-27   0.22051E-27   0.22514E-31   0.63639E-31   0.23359E-30  -0.55721E-32
   0.24871E+02   0.13817E+00   0.24932E+02  -0.36618E-15  -0.42761E-16  -0.11431E-16   0.11906E-16   0.17115E-17  -0.14575E-16  -0.40148E-27   0.40148E-27   0.14352E-31  -0.43874E-31   0.41000E-30   0.87888E-32
   0.24264E+02   0.13480E+00   0.24324E+02  -0.68141E-15  -0.81287E-16  -0.21485E-16   0.22613E-16   0.30444E-17  -0.26772E-16  -0.51812E-27   0.51810E-27  -0.11715E-30   0.17772E-29   0.90684E-30  -0.24219E-32
   0.23661E+02   0.13145E+00   0.23719E+02  -0.12504E-14  -0.15280E-15  -0.39380E-16   0.41858E-16   0.53381E-17  -0.48981E-16  -0.35724E-27   0.35715E-27   0.20566E-31   0.78784E-29   0.16254E-29  -0.28556E-31
   0.23061E+02   0.12811E+00   0.23117E+02  -0.22695E-14  -0.28485E-15  -0.70470E-16   0.75662E-16   0.92316E-17  -0.89118E-16   0.20426E-27  -0.20458E-27   0.16436E-31   0.26707E-28   0.28791E-29  -0.80503E-31
   0.22464E+02   0.12480E+00   0.22519E+02  -0.40862E-14  -0.52821E-15  -0.12339E-15   0.13392E-15   0.15783E-16  -0.16167E-15   0.72767E-27  -0.72855E-27   0.10922E-29   0.88827E-28   0.46652E-29  -0.39031E-30
   0.21869E+02   0.12150E+00   0.21923E+02  -0.73217E-14  -0.97707E-15  -0.21195E-15   0.23284E-15   0.26818E-16  -0.29383E-15  -0.27185E-27   0.26927E-27   0.84120E-30   0.26597E-27   0.10010E-28  -0.12830E-29
   0.21277E+02   0.11821E+00   0.21330E+02  -0.13097E-13  -0.18076E-14  -0.35810E-15   0.39881E-15   0.45561E-16  -0.53625E-15  -0.48359E-26   0.48289E-26   0.68024E-29   0.79167E-27   0.21370E-28  -0.38646E-29
   0.20688E+02   0.11493E+00   0.20739E+02  -0.23440E-13  -0.33518E-14  -0.59610E-15   0.67451E-15   0.77646E-16  -0.98220E-15  -0.12748E-25   0.12729E-25   0.69935E-29   0.23174E-26   0.55522E-28  -0.12381E-28
   0.20101E+02   0.11167E+00   0.20151E+02  -0.42039E-13  -0.62400E-14  -0.97802E-15   0.11278E-14   0.13277E-15  -0.18059E-14  -0.17065E-25   0.17015E-25   0.44857E-28   0.67594E-26   0.12262E-27  -0.40083E-28
   0.19516E+02   0.10842E+00   0.19564E+02  -0.75678E-13  -0.11679E-13  -0.15816E-14   0.18663E-14   0.22760E-15  -0.33426E-14  -0.72598E-26   0.71273E-26   0.99917E-28   0.19860E-25   0.34187E-27  -0.12717E-27
   0.18934E+02   0.10519E+00   0.18980E+02  -0.13688E-12  -0.21996E-13  -0.25189E-14   0.30590E-14   0.39016E-15  -0.62346E-14   0.11708E-25  -0.12063E-25   0.40216E-27   0.58677E-25   0.84653E-27  -0.39351E-27
   0.18353E+02   0.10196E+00   0.18398E+02  -0.24877E-12  -0.41717E-13  -0.39417E-14   0.49668E-14   0.66529E-15  -0.11722E-13   0.10409E-24  -0.10505E-24   0.12412E-26   0.17472E-24   0.24813E-26  -0.12652E-26
   0.17773E+02   0.98741E-01   0.17817E+02  -0.45436E-12  -0.79705E-13  -0.60316E-14   0.79808E-14   0.11190E-14  -0.22217E-13   0.54031E-24  -0.54300E-24   0.36284E-26   0.51989E-24   0.74772E-26  -0.39319E-26
   0.17196E+02   0.95532E-01   0.17238E+02  -0.83396E-12  -0.15351E-12  -0.89710E-14   0.12689E-13   0.18428E-14  -0.42488E-13   0.78633E-24  -0.79384E-24   0.11599E-25   0.15449E-23   0.22384E-25  -0.12169E-25
   0.16620E+02   0.92332E-01   0.16661E+02  -0.15384E-11  -0.29821E-12  -0.12870E-13   0.19985E-13   0.29495E-14  -0.82076E-13   0.12100E-24  -0.14206E-24   0.35779E-25   0.45817E-23   0.67618E-25  -0.37743E-25
   0.16045E+02   0.89139E-01   0.16085E+02  -0.28533E-11  -0.58493E-12  -0.17623E-13   0.31289E-13   0.45229E-14  -0.16039E-12  -0.69588E-24   0.63741E-24   0.11033E-24   0.13505E-22   0.20633E-24  -0.11648E-24
   0.15472E+02   0.85954E-01   0.15510E+02  -0.53264E-11  -0.11599E-11  -0.22612E-13   0.48951E-13   0.64256E-14  -0.31767E-12  -0.55180E-24   0.39175E-24   0.34147E-24   0.39597E-22   0.64122E-24  -0.36250E-24
   0.14900E+02   0.82776E-01   0.14936E+02  -0.10022E-10  -0.23285E-11  -0.26295E-13   0.77300E-13   0.76199E-14  -0.63873E-12   0.10601E-22  -0.11037E-22   0.10719E-23   0.11585E-21   0.19812E-23  -0.11283E-23
   0.14329E+02   0.79605E-01   0.14364E+02  -0.19044E-10  -0.47399E-11  -0.25635E-13   0.12511E-12   0.39553E-14  -0.13050E-11   0.74280E-22  -0.75476E-22   0.33727E-23   0.34002E-21   0.62889E-23  -0.35563E-23
   0.13759E+02   0.76439E-01   0.13793E+02  -0.36602E-10  -0.97965E-11  -0.15236E-13   0.21122E-12  -0.18541E-13  -0.27102E-11   0.32440E-21  -0.32776E-21   0.10815E-22   0.10086E-20   0.20317E-22  -0.11414E-22
   0.13190E+02   0.73279E-01   0.13223E+02  -0.71217E-10  -0.20573E-10   0.13419E-13   0.37728E-12  -0.10328E-12  -0.57168E-11   0.11383E-20  -0.11481E-20   0.35582E-22   0.30453E-20   0.67285E-22  -0.37455E-22
   0.12622E+02   0.70125E-01   0.12653E+02  -0.14027E-09  -0.43907E-10   0.72086E-13   0.71626E-12  -0.37788E-12  -0.12236E-10   0.34541E-20  -0.34840E-20   0.12046E-21   0.94142E-20   0.23050E-21  -0.12656E-21
   0.12055E+02   0.66975E-01   0.12085E+02  -0.27937E-09  -0.95206E-10   0.17695E-12   0.14338E-11  -0.12028E-11  -0.26535E-10   0.93893E-20  -0.94848E-20   0.42148E-21   0.29893E-19   0.82222E-21  -0.44264E-21
   0.11489E+02   0.63830E-01   0.11518E+02  -0.56165E-09  -0.20961E-09   0.35683E-12   0.29767E-11  -0.35681E-11  -0.58186E-10   0.23319E-19  -0.23633E-19   0.15285E-20   0.97478E-19   0.30584E-20  -0.16017E-20
   0.10924E+02   0.60689E-01   0.10951E+02  -0.11371E-08  -0.46807E-09   0.69406E-12   0.62936E-11  -0.10145E-10  -0.12869E-09   0.53593E-19  -0.54640E-19   0.57551E-20   0.32533E-18   0.11893E-19  -0.60135E-20
   0.10359E+02   0.57552E-01   0.10385E+02  -0.23120E-08  -0.10583E-08   0.14926E-11   0.13336E-10  -0.28043E-10  -0.28620E-09   0.11571E-18  -0.11921E-18   0.22462E-19   0.11075E-17   0.48369E-19  -0.23404E-19
   0.97955E+01   0.54419E-01   0.98196E+01  -0.47036E-08  -0.24164E-08   0.39028E-11   0.27920E-10  -0.75996E-10  -0.63758E-09   0.24313E-18  -0.25495E-18   0.90779E-19   0.38411E-17   0.20566E-18  -0.94250E-19
   0.92322E+01   0.51290E-01   0.92549E+01  -0.95338E-08  -0.55534E-08   0.12073E-10   0.56865E-10  -0.20278E-09  -0.14161E-08   0.53238E-18  -0.57351E-18   0.37957E-18   0.13580E-16   0.91272E-18  -0.39240E-18
   0.86695E+01   0.48164E-01   0.86908E+01  -0.19146E-07  -0.12792E-07   0.40034E-10   0.11031E-09  -0.53348E-09  -0.31182E-08   0.13525E-17  -0.15037E-17   0.16370E-17   0.48984E-16   0.42073E-17  -0.16831E-17
   0.81073E+01   0.45041E-01   0.81273E+01  -0.37838E-07  -0.29386E-07   0.13234E-09   0.19659E-09  -0.13828E-08  -0.67655E-08   0.43444E-17  -0.49421E-17   0.72430E-17   0.18013E-15   0.19977E-16  -0.73926E-17
   0.75457E+01   0.41921E-01   0.75643E+01  -0.72981E-07  -0.66946E-07   0.42216E-09   0.29665E-09  -0.35228E-08  -0.14360E-07   0.17009E-16  -0.19560E-16   0.32611E-16   0.67213E-15   0.96621E-16  -0.32959E-16
   0.69846E+01   0.38803E-01   0.70017E+01  -0.13601E-06  -0.15029E-06   0.12877E-08   0.27321E-09  -0.87872E-08  -0.29565E-07   0.72727E-16  -0.84302E-16   0.14779E-15   0.25212E-14   0.46966E-15  -0.14743E-15
   0.64239E+01   0.35688E-01   0.64397E+01  -0.24192E-06  -0.33011E-06   0.37441E-08  -0.39623E-09  -0.21353E-07  -0.58445E-07   0.31381E-15  -0.36821E-15   0.66523E-15   0.93756E-14   0.22605E-14  -0.65225E-15
   0.58636E+01   0.32575E-01   0.58780E+01  -0.40412E-06  -0.70385E-06   0.10349E-07  -0.33089E-08  -0.50241E-07  -0.10949E-06   0.13137E-14  -0.15712E-14   0.29296E-14   0.33980E-13   0.10606E-13  -0.28089E-14
   0.53037E+01   0.29465E-01   0.53167E+01  -0.62032E-06  -0.14434E-05   0.27112E-07  -0.12720E-07  -0.11362E-06  -0.19097E-06   0.52171E-14  -0.64116E-14   0.12420E-13   0.11774E-12   0.47728E-13  -0.11571E-13
   0.47442E+01   0.26356E-01   0.47558E+01  -0.84638E-06  -0.28167E-05   0.67001E-07  -0.38681E-07  -0.24485E-06  -0.30187E-06   0.19302E-13  -0.24583E-13   0.49812E-13   0.38199E-12   0.20248E-12  -0.44755E-13
   0.41850E+01   0.23250E-01   0.41953E+01  -0.96730E-06  -0.51628E-05   0.15510E-06  -0.10207E-06  -0.49761E-06  -0.41270E-06   0.65288E-13  -0.86961E-13   0.18546E-12   0.11342E-11   0.79469E-12  -0.15925E-12
   0.36261E+01   0.20145E-01   0.36350E+01  -0.80009E-06  -0.87455E-05   0.33301E-06  -0.23976E-06  -0.94186E-06  -0.43819E-06   0.19773E-12  -0.27797E-12   0.62752E-12   0.30049E-11   0.28239E-11  -0.50958E-12
   0.30676E+01   0.17042E-01   0.30751E+01  -0.18733E-06  -0.13400E-04   0.65415E-06  -0.50240E-06  -0.16348E-05  -0.22398E-06   0.52357E-12  -0.78351E-12   0.18822E-11   0.68970E-11   0.88530E-11  -0.14289E-11
   0.25093E+01   0.13940E-01   0.25155E+01   0.79807E-06  -0.18014E-04   0.11542E-05  -0.92914E-06  -0.25506E-05   0.40021E-06   0.11793E-11  -0.18909E-11   0.48533E-11   0.13245E-10   0.23700E-10  -0.34049E-11
   0.19513E+01   0.10840E-01   0.19561E+01   0.16862E-05  -0.20258E-04   0.17843E-05  -0.14837E-05  -0.34778E-05   0.14456E-05   0.21847E-11  -0.37626E-11   0.10325E-10   0.20394E-10   0.51835E-10  -0.66363E-11
   0.13935E+01   0.77416E-02   0.13969E+01   0.18189E-05  -0.17472E-04   0.23409E-05  -0.19786E-05  -0.39582E-05   0.25138E-05   0.31676E-11  -0.58448E-11   0.17027E-10   0.23796E-10   0.86604E-10  -0.10021E-10
   0.83595E+00   0.46441E-02   0.83800E+00   0.10403E-05  -0.94301E-05   0.25242E-05  -0.21162E-05  -0.33949E-05   0.27407E-05   0.32333E-11  -0.63522E-11   0.19229E-10   0.19052E-10   0.97123E-10  -0.10534E-10
   0.27861E+00   0.15479E-02   0.27930E+00   0.14370E-06  -0.13419E-05   0.22847E-05  -0.18347E-05  -0.13857E-05   0.12620E-05   0.14510E-11  -0.30173E-11   0.91761E-11   0.70957E-11   0.45749E-10  -0.48746E-11
