   0.18650E+03   0.96417E+00   0.30255E+03  -0.20126E-02  -0.85315E-04  -0.13170E-04   0.72406E-03   0.19364E-03  -0.12722E-04  -0.20707E-05  -0.36047E-08   0.26933E-08  -0.32360E-06   0.41952E-06  -0.22463E-06
   0.18190E+03   0.94036E+00   0.29508E+03  -0.17711E-02  -0.14927E-03   0.97211E-05   0.71928E-03   0.19357E-03  -0.16628E-04  -0.19541E-05  -0.14340E-07   0.15039E-07   0.15008E-06   0.55656E-06  -0.28298E-06
   0.17732E+03   0.91667E+00   0.28764E+03  -0.17703E-02  -0.25307E-03   0.68972E-04   0.72296E-03   0.21144E-03  -0.24058E-04  -0.23507E-05  -0.44738E-07   0.50506E-07   0.74494E-06   0.70638E-06  -0.36231E-06
   0.17279E+03   0.89314E+00   0.28026E+03  -0.18053E-02  -0.37502E-03   0.19159E-03   0.71443E-03   0.22636E-03  -0.19598E-04  -0.27176E-05  -0.91805E-07   0.10291E-06   0.58063E-06   0.88185E-06  -0.47414E-06
   0.16830E+03   0.86983E+00   0.27295E+03  -0.17828E-02  -0.52142E-03   0.30042E-03   0.73421E-03   0.23813E-03  -0.29267E-04  -0.28690E-05  -0.13657E-06   0.15315E-06   0.34761E-06   0.10800E-05  -0.58780E-06
   0.16385E+03   0.84677E+00   0.26571E+03  -0.18080E-02  -0.68528E-03   0.37526E-03   0.77955E-03   0.26137E-03  -0.51306E-04  -0.32394E-05  -0.17783E-06   0.19578E-06   0.20778E-06   0.12266E-05  -0.66816E-06
   0.15947E+03   0.82400E+00   0.25857E+03  -0.18628E-02  -0.84966E-03   0.44466E-03   0.83225E-03   0.29555E-03  -0.63887E-04  -0.38145E-05  -0.21018E-06   0.22502E-06   0.20842E-06   0.13136E-05  -0.72008E-06
   0.15515E+03   0.80156E+00   0.25152E+03  -0.19438E-02  -0.10139E-02   0.47749E-03   0.92429E-03   0.32969E-03  -0.61798E-04  -0.44484E-05  -0.24122E-06   0.25076E-06   0.47669E-06   0.14421E-05  -0.78060E-06
   0.15090E+03   0.77949E+00   0.24460E+03  -0.20009E-02  -0.11869E-02   0.43184E-03   0.11033E-02   0.36401E-03  -0.66088E-04  -0.47420E-05  -0.30715E-06   0.31734E-06   0.98697E-06   0.16805E-05  -0.88287E-06
   0.14674E+03   0.75782E+00   0.23780E+03  -0.20393E-02  -0.14017E-02   0.33668E-03   0.13400E-02   0.40279E-03  -0.62954E-04  -0.54161E-05  -0.42312E-06   0.44250E-06   0.21029E-05   0.19283E-05  -0.10152E-05
   0.14265E+03   0.73658E+00   0.23113E+03  -0.20491E-02  -0.16574E-02   0.23290E-03   0.15912E-02   0.43006E-03  -0.31479E-04  -0.62968E-05  -0.53619E-06   0.56888E-06   0.25358E-05   0.22129E-05  -0.11662E-05
   0.13866E+03   0.71579E+00   0.22461E+03  -0.19794E-02  -0.19660E-02   0.12991E-03   0.18552E-02   0.46348E-03  -0.24640E-04  -0.70054E-05  -0.63842E-06   0.69314E-06   0.25801E-05   0.26235E-05  -0.13661E-05
   0.13475E+03   0.69548E+00   0.21824E+03  -0.18239E-02  -0.23560E-02   0.25277E-04   0.21338E-02   0.52018E-03  -0.52921E-04  -0.81556E-05  -0.79663E-06   0.88018E-06   0.34661E-05   0.32325E-05  -0.16586E-05
   0.13095E+03   0.67566E+00   0.21202E+03  -0.17055E-02  -0.27989E-02  -0.39577E-04   0.24077E-02   0.58317E-03  -0.81969E-04  -0.95561E-05  -0.10149E-05   0.11277E-05   0.24859E-05   0.38575E-05  -0.19860E-05
   0.12725E+03   0.65636E+00   0.20596E+03  -0.17791E-02  -0.32352E-02  -0.11623E-04   0.26261E-02   0.64619E-03  -0.97241E-04  -0.10961E-04  -0.12566E-05   0.14054E-05   0.18594E-05   0.44689E-05  -0.23027E-05
   0.12365E+03   0.63758E+00   0.20007E+03  -0.20082E-02  -0.36290E-02   0.86091E-04   0.27940E-02   0.71137E-03  -0.94965E-04  -0.13177E-04  -0.15673E-05   0.17689E-05   0.53395E-05   0.51443E-05  -0.26610E-05
   0.12015E+03   0.61934E+00   0.19434E+03  -0.22334E-02  -0.39517E-02   0.20351E-03   0.29375E-02   0.77220E-03  -0.75309E-04  -0.15757E-04  -0.18953E-05   0.21530E-05   0.66400E-05   0.58092E-05  -0.30387E-05
   0.11676E+03   0.60163E+00   0.18879E+03  -0.23310E-02  -0.42365E-02   0.29107E-03   0.30832E-02   0.82524E-03  -0.38074E-04  -0.16607E-04  -0.21027E-05   0.24017E-05   0.19981E-05   0.62938E-05  -0.33066E-05
   0.11347E+03   0.58448E+00   0.18340E+03  -0.22523E-02  -0.45432E-02   0.33548E-03   0.32546E-02   0.88053E-03  -0.72870E-06  -0.16762E-04  -0.22229E-05   0.25576E-05  -0.25649E-05   0.67728E-05  -0.35349E-05
   0.11029E+03   0.56786E+00   0.17819E+03  -0.20906E-02  -0.48781E-02   0.37251E-03   0.34219E-02   0.95660E-03  -0.21424E-04  -0.18303E-04  -0.24039E-05   0.27853E-05  -0.65166E-06   0.74957E-05  -0.38839E-05
   0.10721E+03   0.55179E+00   0.17315E+03  -0.20059E-02  -0.52255E-02   0.42225E-03   0.35956E-02   0.10386E-02  -0.56559E-04  -0.21238E-04  -0.27352E-05   0.31817E-05   0.58913E-05   0.85685E-05  -0.44078E-05
   0.10424E+03   0.53626E+00   0.16827E+03  -0.20252E-02  -0.55798E-02   0.46497E-03   0.38069E-02   0.11045E-02  -0.25172E-04  -0.23883E-04  -0.31520E-05   0.36892E-05   0.62257E-05   0.97422E-05  -0.50167E-05
   0.10136E+03   0.52126E+00   0.16357E+03  -0.19512E-02  -0.59408E-02   0.47901E-03   0.40533E-02   0.11692E-02   0.19457E-04  -0.25584E-04  -0.34709E-05   0.40975E-05  -0.23023E-06   0.10713E-04  -0.55219E-05
   0.98594E+02   0.50679E+00   0.15903E+03  -0.17621E-02  -0.63199E-02   0.43796E-03   0.43284E-02   0.12563E-02   0.19142E-04  -0.27634E-04  -0.36373E-05   0.43149E-05  -0.43959E-05   0.11320E-04  -0.58382E-05
   0.95923E+02   0.49284E+00   0.15465E+03  -0.15967E-02  -0.67009E-02   0.33002E-03   0.46432E-02   0.13537E-02  -0.15389E-04  -0.30581E-04  -0.38267E-05   0.45471E-05  -0.10545E-05   0.12138E-04  -0.62635E-05
   0.93350E+02   0.47939E+00   0.15043E+03  -0.15745E-02  -0.70835E-02   0.22204E-03   0.49478E-02   0.14488E-02  -0.50814E-04  -0.35167E-04  -0.42006E-05   0.50093E-05   0.75265E-05   0.13438E-04  -0.69950E-05
   0.90870E+02   0.46643E+00   0.14636E+03  -0.16624E-02  -0.74674E-02   0.15685E-03   0.52035E-02   0.15447E-02  -0.75920E-04  -0.39817E-04  -0.47757E-05   0.57443E-05   0.11380E-04   0.15304E-04  -0.79820E-05
   0.88482E+02   0.45396E+00   0.14245E+03  -0.17516E-02  -0.78654E-02   0.13905E-03   0.54349E-02   0.16538E-02  -0.10293E-03  -0.43763E-04  -0.54983E-05   0.66886E-05   0.11524E-04   0.17201E-04  -0.89756E-05
   0.86184E+02   0.44195E+00   0.13868E+03  -0.19092E-02  -0.82444E-02   0.14835E-03   0.56637E-02   0.17768E-02  -0.12504E-03  -0.49704E-04  -0.62844E-05   0.77084E-05   0.15853E-04   0.18549E-04  -0.97520E-05
   0.83972E+02   0.43040E+00   0.13506E+03  -0.21893E-02  -0.85694E-02   0.18306E-03   0.58776E-02   0.18904E-02  -0.11581E-03  -0.55484E-04  -0.70021E-05   0.86371E-05   0.18636E-04   0.19797E-04  -0.10407E-04
   0.81844E+02   0.41928E+00   0.13157E+03  -0.24378E-02  -0.88400E-02   0.25720E-03   0.60597E-02   0.19906E-02  -0.40336E-04  -0.58555E-04  -0.75431E-05   0.93611E-05   0.76286E-05   0.20901E-04  -0.10902E-04
   0.79795E+02   0.40858E+00   0.12821E+03  -0.25343E-02  -0.90725E-02   0.36164E-03   0.62255E-02   0.20905E-02   0.97345E-05  -0.60522E-04  -0.79270E-05   0.99122E-05  -0.23997E-05   0.21825E-04  -0.11316E-04
   0.77824E+02   0.39828E+00   0.12498E+03  -0.25577E-02  -0.92956E-02   0.43693E-03   0.64158E-02   0.21994E-02   0.40757E-05  -0.63871E-04  -0.82080E-05   0.10351E-04  -0.41571E-05   0.23040E-04  -0.11844E-04
   0.75927E+02   0.38838E+00   0.12187E+03  -0.26089E-02  -0.95461E-02   0.46762E-03   0.66343E-02   0.23211E-02  -0.42208E-04  -0.69268E-04  -0.85327E-05   0.10840E-04   0.16645E-05   0.24930E-04  -0.12708E-04
   0.74101E+02   0.37885E+00   0.11888E+03  -0.27286E-02  -0.98266E-02   0.44835E-03   0.68775E-02   0.24551E-02  -0.77598E-04  -0.75970E-04  -0.90623E-05   0.11562E-04   0.77523E-05   0.27497E-04  -0.13958E-04
   0.72343E+02   0.36967E+00   0.11600E+03  -0.28355E-02  -0.10131E-01   0.39429E-03   0.71348E-02   0.25958E-02  -0.99115E-04  -0.83458E-04  -0.97559E-05   0.12482E-04   0.13831E-04   0.30667E-04  -0.15562E-04
   0.70651E+02   0.36084E+00   0.11323E+03  -0.29016E-02  -0.10466E-01   0.32128E-03   0.74048E-02   0.27354E-02  -0.11773E-03  -0.89984E-04  -0.10576E-04   0.13560E-04   0.16540E-04   0.34775E-04  -0.17537E-04
   0.69020E+02   0.35233E+00   0.11056E+03  -0.29606E-02  -0.10846E-01   0.24747E-03   0.76762E-02   0.28768E-02  -0.16093E-03  -0.95628E-04  -0.11564E-04   0.14831E-04   0.21161E-04   0.39475E-04  -0.19824E-04
   0.67449E+02   0.34413E+00   0.10799E+03  -0.30455E-02  -0.11262E-01   0.20081E-03   0.79247E-02   0.30299E-02  -0.19924E-03  -0.10186E-03  -0.12800E-04   0.16406E-04   0.28677E-04   0.43991E-04  -0.22236E-04
   0.65935E+02   0.33623E+00   0.10551E+03  -0.31720E-02  -0.11693E-01   0.18031E-03   0.81433E-02   0.32012E-02  -0.23626E-03  -0.10932E-03  -0.14216E-04   0.18229E-04   0.34236E-04   0.48297E-04  -0.24759E-04
   0.64475E+02   0.32860E+00   0.10311E+03  -0.33632E-02  -0.12128E-01   0.18457E-03   0.83293E-02   0.33938E-02  -0.29200E-03  -0.11896E-03  -0.15712E-04   0.20162E-04   0.38973E-04   0.53155E-04  -0.27460E-04
   0.63066E+02   0.32125E+00   0.10080E+03  -0.36191E-02  -0.12570E-01   0.20373E-03   0.84931E-02   0.35951E-02  -0.33027E-03  -0.12984E-03  -0.17285E-04   0.22174E-04   0.34818E-04   0.58247E-04  -0.30241E-04
   0.61705E+02   0.31414E+00   0.98576E+02  -0.38992E-02  -0.13013E-01   0.22830E-03   0.86484E-02   0.37935E-02  -0.34600E-03  -0.14172E-03  -0.18929E-04   0.24264E-04   0.27529E-04   0.63468E-04  -0.33081E-04
   0.60389E+02   0.30728E+00   0.96422E+02  -0.41693E-02  -0.13452E-01   0.25924E-03   0.87949E-02   0.39861E-02  -0.35482E-03  -0.15459E-03  -0.20703E-04   0.26516E-04   0.25989E-04   0.69109E-04  -0.36193E-04
   0.59118E+02   0.30064E+00   0.94339E+02  -0.43940E-02  -0.13886E-01   0.29339E-03   0.89361E-02   0.41739E-02  -0.33081E-03  -0.16693E-03  -0.22501E-04   0.28796E-04   0.19041E-04   0.74513E-04  -0.39369E-04
   0.57887E+02   0.29422E+00   0.92323E+02  -0.45429E-02  -0.14308E-01   0.31653E-03   0.90773E-02   0.43605E-02  -0.29664E-03  -0.17723E-03  -0.24200E-04   0.30953E-04   0.76341E-05   0.79963E-04  -0.42546E-04
   0.56694E+02   0.28799E+00   0.90371E+02  -0.46051E-02  -0.14718E-01   0.32609E-03   0.92264E-02   0.45544E-02  -0.27204E-03  -0.18658E-03  -0.25839E-04   0.33033E-04  -0.46021E-05   0.85526E-04  -0.45816E-04
   0.55538E+02   0.28197E+00   0.88479E+02  -0.46018E-02  -0.15126E-01   0.31611E-03   0.93939E-02   0.47576E-02  -0.28790E-03  -0.19705E-03  -0.27557E-04   0.35220E-04  -0.46348E-05   0.92709E-04  -0.49696E-04
   0.54416E+02   0.27612E+00   0.86644E+02  -0.45761E-02  -0.15547E-01   0.27848E-03   0.95853E-02   0.49643E-02  -0.31663E-03  -0.21006E-03  -0.29416E-04   0.37629E-04   0.58572E-05   0.10060E-03  -0.54042E-04
   0.53327E+02   0.27044E+00   0.84862E+02  -0.45029E-02  -0.15988E-01   0.21982E-03   0.98009E-02   0.51742E-02  -0.33724E-03  -0.22438E-03  -0.31428E-04   0.40276E-04   0.17669E-04   0.10960E-03  -0.58996E-04
   0.52269E+02   0.26492E+00   0.83130E+02  -0.43891E-02  -0.16463E-01   0.14486E-03   0.10030E-01   0.54000E-02  -0.41381E-03  -0.23891E-03  -0.33760E-04   0.43349E-04   0.35591E-04   0.12068E-03  -0.65045E-04
   0.51239E+02   0.25955E+00   0.81447E+02  -0.42844E-02  -0.16974E-01   0.53626E-04   0.10270E-01   0.56454E-02  -0.52911E-03  -0.25380E-03  -0.36500E-04   0.46932E-04   0.53291E-04   0.13333E-03  -0.72101E-04
   0.50236E+02   0.25433E+00   0.79807E+02  -0.42285E-02  -0.17516E-01  -0.40560E-04   0.10513E-01   0.58988E-02  -0.65383E-03  -0.26879E-03  -0.39655E-04   0.51018E-04   0.70508E-04   0.14753E-03  -0.80093E-04
   0.49260E+02   0.24924E+00   0.78210E+02  -0.42237E-02  -0.18078E-01  -0.13196E-03   0.10759E-01   0.61484E-02  -0.72909E-03  -0.28380E-03  -0.43145E-04   0.55494E-04   0.83553E-04   0.16173E-03  -0.88478E-04
   0.48307E+02   0.24428E+00   0.76653E+02  -0.42546E-02  -0.18648E-01  -0.21114E-03   0.10996E-01   0.63914E-02  -0.73959E-03  -0.29869E-03  -0.46791E-04   0.60155E-04   0.84058E-04   0.17624E-03  -0.97159E-04
   0.47377E+02   0.23943E+00   0.75132E+02  -0.43049E-02  -0.19223E-01  -0.26677E-03   0.11215E-01   0.66304E-02  -0.73198E-03  -0.31385E-03  -0.50608E-04   0.65070E-04   0.90308E-04   0.19178E-03  -0.10642E-03
   0.46468E+02   0.23470E+00   0.73647E+02  -0.43843E-02  -0.19807E-01  -0.29602E-03   0.11407E-01   0.68656E-02  -0.70194E-03  -0.32918E-03  -0.54659E-04   0.70341E-04   0.96234E-04   0.20857E-03  -0.11648E-03
   0.45578E+02   0.23007E+00   0.72195E+02  -0.45016E-02  -0.20400E-01  -0.30400E-03   0.11575E-01   0.70932E-02  -0.61966E-03  -0.34167E-03  -0.58957E-04   0.76006E-04   0.87553E-04   0.22647E-03  -0.12727E-03
   0.44708E+02   0.22554E+00   0.70773E+02  -0.46121E-02  -0.21008E-01  -0.29529E-03   0.11727E-01   0.73242E-02  -0.54229E-03  -0.35159E-03  -0.63609E-04   0.82231E-04   0.70979E-04   0.24598E-03  -0.13916E-03
   0.43855E+02   0.22110E+00   0.69380E+02  -0.46694E-02  -0.21637E-01  -0.28204E-03   0.11867E-01   0.75744E-02  -0.53425E-03  -0.36232E-03  -0.68644E-04   0.89019E-04   0.59218E-04   0.26707E-03  -0.15227E-03
   0.43019E+02   0.21675E+00   0.68015E+02  -0.46708E-02  -0.22291E-01  -0.27216E-03   0.12002E-01   0.78458E-02  -0.58611E-03  -0.37624E-03  -0.73988E-04   0.96231E-04   0.60004E-04   0.29045E-03  -0.16657E-03
   0.42197E+02   0.21248E+00   0.66675E+02  -0.46266E-02  -0.22992E-01  -0.27367E-03   0.12138E-01   0.81319E-02  -0.68336E-03  -0.39278E-03  -0.79758E-04   0.10401E-03   0.66644E-04   0.31828E-03  -0.18262E-03
   0.41391E+02   0.20829E+00   0.65359E+02  -0.45319E-02  -0.23750E-01  -0.28860E-03   0.12276E-01   0.84267E-02  -0.76050E-03  -0.40978E-03  -0.86131E-04   0.11258E-03   0.74002E-04   0.34776E-03  -0.20001E-03
   0.40598E+02   0.20416E+00   0.64065E+02  -0.43811E-02  -0.24566E-01  -0.31529E-03   0.12419E-01   0.87354E-02  -0.87576E-03  -0.42980E-03  -0.93143E-04   0.12198E-03   0.11779E-03   0.38045E-03  -0.21914E-03
   0.39817E+02   0.20011E+00   0.62793E+02  -0.42647E-02  -0.25441E-01  -0.35166E-03   0.12567E-01   0.90520E-02  -0.91624E-03  -0.45165E-03  -0.10063E-03   0.13199E-03   0.13520E-03   0.41475E-03  -0.23944E-03
   0.39049E+02   0.19611E+00   0.61540E+02  -0.41672E-02  -0.26374E-01  -0.39943E-03   0.12724E-01   0.93647E-02  -0.85823E-03  -0.46994E-03  -0.10845E-03   0.14247E-03   0.10037E-03   0.45089E-03  -0.26098E-03
   0.38292E+02   0.19218E+00   0.60305E+02  -0.40476E-02  -0.27368E-01  -0.45413E-03   0.12892E-01   0.96753E-02  -0.78570E-03  -0.48244E-03  -0.11681E-03   0.15373E-03   0.51174E-04   0.49082E-03  -0.28469E-03
   0.37545E+02   0.18830E+00   0.59088E+02  -0.38817E-02  -0.28422E-01  -0.52054E-03   0.13075E-01   0.10002E-01  -0.70793E-03  -0.49356E-03  -0.12587E-03   0.16602E-03  -0.66322E-05   0.53348E-03  -0.31066E-03
   0.36808E+02   0.18448E+00   0.57887E+02  -0.36483E-02  -0.29539E-01  -0.60459E-03   0.13277E-01   0.10360E-01  -0.73489E-03  -0.50841E-03  -0.13606E-03   0.17990E-03  -0.28296E-04   0.58363E-03  -0.34059E-03
   0.36081E+02   0.18070E+00   0.56701E+02  -0.33507E-02  -0.30726E-01  -0.70221E-03   0.13492E-01   0.10748E-01  -0.85178E-03  -0.52712E-03  -0.14795E-03   0.19616E-03  -0.19072E-04   0.64159E-03  -0.37525E-03
   0.35362E+02   0.17696E+00   0.55530E+02  -0.29803E-02  -0.31980E-01  -0.80925E-03   0.13714E-01   0.11146E-01  -0.99573E-03  -0.54492E-03  -0.16161E-03   0.21487E-03   0.13564E-05   0.70475E-03  -0.41429E-03
   0.34651E+02   0.17327E+00   0.54371E+02  -0.25571E-02  -0.33297E-01  -0.91901E-03   0.13941E-01   0.11539E-01  -0.10928E-02  -0.55744E-03  -0.17692E-03   0.23586E-03  -0.22609E-05   0.77528E-03  -0.45806E-03
   0.33948E+02   0.16962E+00   0.53226E+02  -0.20986E-02  -0.34686E-01  -0.10213E-02   0.14167E-01   0.11932E-01  -0.12365E-02  -0.56728E-03  -0.19404E-03   0.25937E-03   0.22277E-04   0.85577E-03  -0.50762E-03
   0.33252E+02   0.16601E+00   0.52092E+02  -0.16545E-02  -0.36146E-01  -0.11107E-02   0.14388E-01   0.12325E-01  -0.13230E-02  -0.57678E-03  -0.21308E-03   0.28558E-03   0.28844E-04   0.94280E-03  -0.56219E-03
   0.32562E+02   0.16243E+00   0.50968E+02  -0.12373E-02  -0.37676E-01  -0.11880E-02   0.14596E-01   0.12718E-01  -0.13176E-02  -0.58915E-03  -0.23406E-03   0.31462E-03   0.22322E-04   0.10387E-02  -0.62250E-03
   0.31879E+02   0.15888E+00   0.49855E+02  -0.81253E-03  -0.39282E-01  -0.12579E-02   0.14789E-01   0.13108E-01  -0.12715E-02  -0.60303E-03  -0.25731E-03   0.34708E-03   0.21150E-04   0.11461E-02  -0.68999E-03
   0.31202E+02   0.15536E+00   0.48752E+02  -0.34620E-03  -0.40973E-01  -0.13119E-02   0.14965E-01   0.13493E-01  -0.12092E-02  -0.61416E-03  -0.28331E-03   0.38371E-03   0.82768E-05   0.12665E-02  -0.76604E-03
   0.30530E+02   0.15187E+00   0.47657E+02   0.15031E-03  -0.42764E-01  -0.13441E-02   0.15129E-01   0.13878E-01  -0.11662E-02  -0.62170E-03  -0.31290E-03   0.42580E-03   0.12565E-05   0.14047E-02  -0.85283E-03
   0.29864E+02   0.14841E+00   0.46571E+02   0.70441E-03  -0.44671E-01  -0.13538E-02   0.15285E-01   0.14258E-01  -0.11075E-02  -0.62465E-03  -0.34687E-03   0.47460E-03  -0.25436E-05   0.15597E-02  -0.95136E-03
   0.29202E+02   0.14498E+00   0.45493E+02   0.13232E-02  -0.46706E-01  -0.13406E-02   0.15418E-01   0.14623E-01  -0.95561E-03  -0.61795E-03  -0.38549E-03   0.53055E-03  -0.39591E-04   0.17343E-02  -0.10630E-02
   0.28545E+02   0.14156E+00   0.44422E+02   0.20072E-02  -0.48896E-01  -0.13038E-02   0.15529E-01   0.14968E-01  -0.76450E-03  -0.59656E-03  -0.42930E-03   0.59457E-03  -0.10762E-03   0.19352E-02  -0.11909E-02
   0.27892E+02   0.13817E+00   0.43357E+02   0.28044E-02  -0.51254E-01  -0.12457E-02   0.15623E-01   0.15293E-01  -0.52208E-03  -0.56070E-03  -0.47895E-03   0.66771E-03  -0.20228E-03   0.21577E-02  -0.13356E-02
   0.27243E+02   0.13480E+00   0.42300E+02   0.37370E-02  -0.53785E-01  -0.11778E-02   0.15702E-01   0.15601E-01  -0.29036E-03  -0.51287E-03  -0.53516E-03   0.75121E-03  -0.30101E-03   0.24110E-02  -0.15008E-02
   0.26598E+02   0.13145E+00   0.41248E+02   0.47959E-02  -0.56507E-01  -0.11112E-02   0.15773E-01   0.15905E-01  -0.11865E-03  -0.45605E-03  -0.59895E-03   0.84668E-03  -0.37571E-03   0.26992E-02  -0.16897E-02
   0.25957E+02   0.12811E+00   0.40202E+02   0.59338E-02  -0.59433E-01  -0.10449E-02   0.15842E-01   0.16204E-01   0.52702E-04  -0.39450E-03  -0.67127E-03   0.95571E-03  -0.43720E-03   0.30236E-02  -0.19044E-02
   0.25319E+02   0.12480E+00   0.39161E+02   0.71329E-02  -0.62566E-01  -0.97818E-03   0.15908E-01   0.16486E-01   0.33585E-03  -0.32736E-03  -0.75337E-03   0.10806E-02  -0.51274E-03   0.33872E-02  -0.21477E-02
   0.24684E+02   0.12150E+00   0.38124E+02   0.84070E-02  -0.65930E-01  -0.91013E-03   0.15970E-01   0.16736E-01   0.63443E-03  -0.25127E-03  -0.84804E-03   0.12259E-02  -0.58482E-03   0.38103E-02  -0.24300E-02
   0.24052E+02   0.11821E+00   0.37093E+02   0.96853E-02  -0.69556E-01  -0.83656E-03   0.16025E-01   0.16927E-01   0.10202E-02  -0.15483E-03  -0.95852E-03   0.13969E-02  -0.68160E-03   0.42958E-02  -0.27577E-02
   0.23424E+02   0.11493E+00   0.36066E+02   0.10978E-01  -0.73466E-01  -0.75758E-03   0.16070E-01   0.17018E-01   0.16676E-02  -0.19024E-04  -0.10877E-02   0.15987E-02  -0.90807E-03   0.48555E-02  -0.31395E-02
   0.22798E+02   0.11167E+00   0.35042E+02   0.12373E-01  -0.77694E-01  -0.67303E-03   0.16107E-01   0.16990E-01   0.24708E-02   0.16687E-03  -0.12394E-02   0.18377E-02  -0.12207E-02   0.55068E-02  -0.35879E-02
   0.22174E+02   0.10842E+00   0.34023E+02   0.13919E-01  -0.82274E-01  -0.57931E-03   0.16142E-01   0.16833E-01   0.34011E-02   0.40319E-03  -0.14169E-02   0.21198E-02  -0.15912E-02   0.62581E-02  -0.41133E-02
   0.21554E+02   0.10519E+00   0.33007E+02   0.15698E-01  -0.87260E-01  -0.47463E-03   0.16180E-01   0.16508E-01   0.44737E-02   0.70408E-03  -0.16250E-02   0.24534E-02  -0.20773E-02   0.71473E-02  -0.47350E-02
   0.20935E+02   0.10196E+00   0.31994E+02   0.17747E-01  -0.92712E-01  -0.35907E-03   0.16221E-01   0.15995E-01   0.55959E-02   0.10836E-02  -0.18750E-02   0.28568E-02  -0.26297E-02   0.82075E-02  -0.54809E-02
   0.20319E+02   0.98741E-01   0.30984E+02   0.19997E-01  -0.98684E-01  -0.25456E-03   0.16270E-01   0.15290E-01   0.68610E-02   0.15406E-02  -0.21811E-02   0.33537E-02  -0.32488E-02   0.94747E-02  -0.63836E-02
   0.19706E+02   0.95532E-01   0.29977E+02   0.22430E-01  -0.10522E+00  -0.16473E-03   0.16327E-01   0.14363E-01   0.80644E-02   0.20805E-02  -0.25581E-02   0.39688E-02  -0.38417E-02   0.10991E-01  -0.74816E-02
   0.19094E+02   0.92332E-01   0.28973E+02   0.24928E-01  -0.11236E+00  -0.99718E-04   0.16408E-01   0.13195E-01   0.93206E-02   0.27081E-02  -0.30214E-02   0.47280E-02  -0.44819E-02   0.12806E-01  -0.88156E-02
   0.18485E+02   0.89139E-01   0.27971E+02   0.27412E-01  -0.12017E+00  -0.59096E-04   0.16527E-01   0.11761E-01   0.10727E-01   0.34218E-02  -0.35934E-02   0.56694E-02  -0.51900E-02   0.14995E-01  -0.10444E-01
   0.17879E+02   0.85954E-01   0.26972E+02   0.29920E-01  -0.12869E+00  -0.55670E-04   0.16694E-01   0.99978E-02   0.12426E-01   0.42461E-02  -0.43052E-02   0.68460E-02  -0.59784E-02   0.17629E-01  -0.12434E-01
   0.17274E+02   0.82776E-01   0.25975E+02   0.32476E-01  -0.13795E+00  -0.84911E-04   0.16910E-01   0.77604E-02   0.14552E-01   0.52447E-02  -0.51936E-02   0.83223E-02  -0.69603E-02   0.20813E-01  -0.14878E-01
   0.16672E+02   0.79605E-01   0.24979E+02   0.35000E-01  -0.14801E+00  -0.12786E-03   0.17190E-01   0.49166E-02   0.17063E-01   0.64560E-02  -0.63061E-02   0.10181E-01  -0.81450E-02   0.24699E-01  -0.17905E-01
   0.16072E+02   0.76439E-01   0.23986E+02   0.37511E-01  -0.15894E+00  -0.20218E-03   0.17533E-01   0.13504E-02   0.19854E-01   0.78759E-02  -0.77072E-02   0.12532E-01  -0.93596E-02   0.29473E-01  -0.21675E-01
   0.15475E+02   0.73279E-01   0.22995E+02   0.39885E-01  -0.17085E+00  -0.30454E-03   0.17939E-01  -0.31879E-02   0.23025E-01   0.95903E-02  -0.94837E-02   0.15529E-01  -0.10707E-01   0.35373E-01  -0.26410E-01
   0.14880E+02   0.70125E-01   0.22005E+02   0.41906E-01  -0.18383E+00  -0.45586E-03   0.18430E-01  -0.87954E-02   0.25697E-01   0.11625E-01  -0.11749E-01   0.19366E-01  -0.11772E-01   0.42716E-01  -0.32411E-01
   0.14288E+02   0.66975E-01   0.21016E+02   0.43688E-01  -0.19804E+00  -0.63885E-03   0.19008E-01  -0.15543E-01   0.27554E-01   0.13948E-01  -0.14653E-01   0.24303E-01  -0.12506E-01   0.51936E-01  -0.40070E-01
   0.13700E+02   0.63830E-01   0.20029E+02   0.45078E-01  -0.21365E+00  -0.81850E-03   0.19628E-01  -0.23660E-01   0.28524E-01   0.16670E-01  -0.18414E-01   0.30715E-01  -0.13147E-01   0.63641E-01  -0.49950E-01
   0.13114E+02   0.60689E-01   0.19044E+02   0.46517E-01  -0.23081E+00  -0.96703E-03   0.20262E-01  -0.32803E-01   0.26851E-01   0.19626E-01  -0.23348E-01   0.39134E-01  -0.12714E-01   0.78621E-01  -0.62831E-01
   0.12532E+02   0.57552E-01   0.18060E+02   0.47482E-01  -0.24952E+00  -0.11165E-02   0.20965E-01  -0.42364E-01   0.21129E-01   0.22444E-01  -0.29835E-01   0.50211E-01  -0.10143E-01   0.97744E-01  -0.79655E-01
   0.11954E+02   0.54419E-01   0.17076E+02   0.47045E-01  -0.26978E+00  -0.12923E-02   0.21771E-01  -0.52000E-01   0.10661E-01   0.24864E-01  -0.38283E-01   0.64670E-01  -0.52360E-02   0.12207E+00  -0.10158E+00
   0.11380E+02   0.51290E-01   0.16094E+02   0.44878E-01  -0.29163E+00  -0.14936E-02   0.22695E-01  -0.61074E-01  -0.71389E-02   0.26577E-01  -0.49192E-01   0.83423E-01   0.25724E-02   0.15309E+00  -0.13020E+00
   0.10811E+02   0.48164E-01   0.15114E+02   0.40601E-01  -0.31512E+00  -0.17028E-02   0.23697E-01  -0.67970E-01  -0.36923E-01   0.27077E-01  -0.63272E-01   0.10775E+00   0.14426E-01   0.19287E+00  -0.16780E+00
   0.10246E+02   0.45041E-01   0.14134E+02   0.34502E-01  -0.34013E+00  -0.19488E-02   0.24737E-01  -0.70321E-01  -0.82126E-01   0.25589E-01  -0.81307E-01   0.13914E+00   0.31244E-01   0.24358E+00  -0.21714E+00
   0.96861E+01   0.41921E-01   0.13154E+02   0.26366E-01  -0.36609E+00  -0.22338E-02   0.25772E-01  -0.66005E-01  -0.14313E+00   0.21708E-01  -0.10384E+00   0.17891E+00   0.51937E-01   0.30672E+00  -0.28092E+00
   0.91305E+01   0.38803E-01   0.12176E+02   0.15953E-01  -0.39218E+00  -0.24606E-02   0.26621E-01  -0.54505E-01  -0.21499E+00   0.16126E-01  -0.13071E+00   0.22755E+00   0.70159E-01   0.38226E+00  -0.36112E+00
   0.85789E+01   0.35688E-01   0.11199E+02   0.43102E-02  -0.41717E+00  -0.25555E-02   0.27102E-01  -0.35366E-01  -0.29297E+00   0.10281E-01  -0.16061E+00   0.28382E+00   0.78529E-01   0.46771E+00  -0.45883E+00
   0.80291E+01   0.32575E-01   0.10222E+02  -0.78532E-02  -0.43902E+00  -0.21397E-02   0.26666E-01  -0.96442E-02  -0.36243E+00   0.57788E-02  -0.18855E+00   0.34070E+00   0.69510E-01   0.55049E+00  -0.56800E+00
   0.74774E+01   0.29465E-01   0.92459E+01  -0.21357E-01  -0.45472E+00  -0.13708E-02   0.25173E-01   0.16909E-01  -0.38893E+00   0.60026E-02  -0.20320E+00   0.37965E+00   0.25480E-01   0.60252E+00  -0.66931E+00
   0.69165E+01   0.26356E-01   0.82705E+01  -0.35801E-01  -0.45951E+00  -0.86838E-03   0.22988E-01   0.35149E-01  -0.33521E+00   0.12902E-01  -0.18596E+00   0.36558E+00  -0.53787E-01   0.57399E+00  -0.72079E+00
   0.63346E+01   0.23250E-01   0.72957E+01  -0.50690E-01  -0.44671E+00  -0.84741E-04   0.19437E-01   0.34197E-01  -0.16907E+00   0.25189E-01  -0.11332E+00   0.24426E+00  -0.14543E+00   0.39839E+00  -0.65514E+00
   0.57137E+01   0.20145E-01   0.63214E+01  -0.66747E-01  -0.40859E+00   0.39347E-03   0.15158E-01   0.12520E-01   0.10180E+00   0.34697E-01   0.30786E-01  -0.46101E-01  -0.19605E+00   0.24276E-01  -0.39361E+00
   0.50303E+01   0.17042E-01   0.53477E+01  -0.83269E-01  -0.33878E+00   0.28276E-03   0.10848E-01  -0.10697E-01   0.39039E+00   0.31212E-01   0.22189E+00  -0.51434E+00  -0.14541E+00  -0.49822E+00   0.83700E-01
   0.42602E+01   0.13940E-01   0.43744E+01  -0.88829E-01  -0.24053E+00   0.76008E-04   0.64753E-02  -0.54952E-03   0.54854E+00   0.14490E-01   0.37801E+00  -0.10309E+01   0.34060E-02  -0.96557E+00   0.64878E+00
   0.33941E+01   0.10840E-01   0.34016E+01  -0.76383E-01  -0.13570E+00  -0.15758E-03   0.27727E-02   0.60285E-01   0.48737E+00   0.13284E-02   0.40246E+00  -0.13234E+01   0.12635E+00  -0.11061E+01   0.10163E+01
   0.24502E+01   0.77416E-02   0.24293E+01  -0.45193E-01  -0.54898E-01  -0.29859E-03   0.10978E-03   0.13836E+00   0.24612E+00  -0.24776E-02   0.27960E+00  -0.11697E+01   0.13330E+00  -0.83838E+00   0.94174E+00
   0.14684E+01   0.46441E-02   0.14573E+01  -0.16416E-01  -0.14385E-01  -0.25105E-03  -0.14533E-02   0.14764E+00   0.59333E-01  -0.48862E-02   0.13528E+00  -0.75323E+00   0.63194E-01  -0.45305E+00   0.58825E+00
   0.48571E+00   0.15479E-02   0.48571E+00  -0.30689E-02  -0.15819E-02  -0.18804E-03  -0.20297E-02   0.75921E-01   0.38071E-01  -0.38497E-02   0.61402E-01  -0.45969E+00   0.12427E-01  -0.23155E+00   0.33646E+00
