   0.17355E+03   0.96417E+00   0.17398E+03   0.71331E-51  -0.26538E-51  -0.17147E-51   0.14590E-51  -0.16374E-51  -0.11614E-51   0.16335E-63  -0.16398E-63  -0.43962E-70  -0.41297E-65  -0.12946E-67   0.11160E-69
   0.16926E+03   0.94036E+00   0.16968E+03   0.93893E-51   0.11179E-50   0.13857E-50  -0.13002E-50  -0.35068E-52   0.39338E-51   0.11353E-64  -0.11356E-64   0.61551E-71   0.65488E-65  -0.22278E-67   0.10940E-68
   0.16500E+03   0.91667E+00   0.16541E+03  -0.36786E-49   0.12135E-49   0.80882E-50  -0.73253E-50   0.35041E-50   0.40901E-50  -0.32595E-64   0.50610E-64   0.97848E-67   0.96025E-64   0.26893E-65  -0.14179E-66
   0.16077E+03   0.89314E+00   0.16116E+03  -0.61742E-49  -0.93165E-51  -0.26345E-49   0.26074E-49   0.13810E-50   0.42086E-50   0.13993E-62  -0.13857E-62   0.52397E-67   0.53295E-64   0.24895E-65  -0.75104E-68
   0.15657E+03   0.86983E+00   0.15695E+03   0.70616E-48  -0.43316E-48  -0.31226E-48   0.29425E-48  -0.44774E-49  -0.10778E-48   0.47781E-62  -0.52399E-62  -0.33996E-65  -0.18174E-62  -0.79242E-64   0.24929E-65
   0.15242E+03   0.84677E+00   0.15279E+03   0.15661E-47  -0.96772E-48   0.43266E-48  -0.44399E-48   0.11053E-48  -0.41572E-48  -0.50861E-62   0.47447E-62   0.16955E-65  -0.31471E-62  -0.28742E-63  -0.30870E-65
   0.14832E+03   0.82400E+00   0.14868E+03  -0.18475E-46   0.18177E-46   0.15976E-46  -0.14830E-46  -0.61003E-48   0.36692E-47   0.71754E-62   0.16472E-62  -0.21823E-64   0.37738E-61   0.23724E-62  -0.58471E-65
   0.14428E+03   0.80156E+00   0.14464E+03  -0.75121E-46   0.80567E-46   0.50637E-47  -0.24038E-47  -0.11832E-46   0.22680E-46  -0.35588E-62  -0.21672E-61  -0.23184E-62   0.15307E-60   0.26867E-61   0.22278E-62
   0.14031E+03   0.77949E+00   0.14065E+03   0.49044E-45  -0.61946E-45  -0.68232E-45   0.65042E-45   0.92787E-46  -0.18494E-45   0.92170E-60  -0.57468E-60   0.85277E-64  -0.17387E-59  -0.11519E-60   0.24341E-63
   0.13641E+03   0.75782E+00   0.13674E+03   0.23757E-44  -0.38776E-44  -0.13667E-44   0.12594E-44   0.62780E-45  -0.13383E-44   0.32740E-59  -0.27937E-60   0.11949E-62  -0.12616E-58  -0.66135E-60  -0.35493E-62
   0.13258E+03   0.73658E+00   0.13291E+03  -0.14654E-44   0.81605E-44   0.13182E-43  -0.12981E-43  -0.13314E-44   0.32543E-44  -0.98502E-59   0.20199E-59   0.92404E-61   0.39253E-58   0.94599E-60  -0.92336E-61
   0.12884E+03   0.71579E+00   0.12916E+03   0.82562E-44   0.99697E-43   0.51203E-43  -0.49981E-43  -0.88804E-44   0.33965E-43  -0.35249E-58  -0.12149E-58   0.16035E-61   0.39385E-57   0.23746E-58   0.77634E-61
   0.12519E+03   0.69548E+00   0.12549E+03   0.29394E-43   0.77952E-43  -0.85779E-43   0.86390E-43  -0.53709E-44   0.21927E-43  -0.25392E-58   0.33046E-58   0.18825E-59   0.91764E-58   0.41291E-58  -0.16228E-59
   0.12162E+03   0.67566E+00   0.12192E+03  -0.55029E-42  -0.14362E-41  -0.83503E-42   0.85536E-42  -0.10110E-43  -0.32310E-42  -0.18945E-56   0.97362E-57  -0.14336E-58  -0.38829E-56  -0.14128E-57   0.14042E-58
   0.11815E+03   0.65636E+00   0.11844E+03  -0.69993E-42  -0.45716E-41  -0.58179E-42   0.71637E-42  -0.35204E-43  -0.80023E-42  -0.96678E-58  -0.21021E-56   0.23726E-59  -0.72893E-56  -0.15144E-56   0.22450E-59
   0.11476E+03   0.63758E+00   0.11505E+03  -0.84707E-41   0.12754E-40   0.93722E-41  -0.99165E-41   0.13597E-41   0.16469E-42   0.55173E-55  -0.40771E-55  -0.65471E-59   0.43141E-57   0.33643E-56  -0.69511E-59
   0.11148E+03   0.61934E+00   0.11176E+03  -0.15722E-39   0.12504E-39   0.55463E-41  -0.10930E-40   0.10716E-40   0.31300E-41   0.76996E-55   0.61435E-55   0.63638E-58  -0.16506E-55   0.38968E-55  -0.33046E-57
   0.10829E+03   0.60163E+00   0.10856E+03  -0.61307E-40   0.58637E-40  -0.13759E-39   0.13569E-39  -0.17343E-41   0.20614E-40  -0.13123E-53   0.13779E-53   0.17639E-58   0.15549E-54   0.15102E-55  -0.13691E-58
   0.10521E+03   0.58448E+00   0.10546E+03   0.53844E-38  -0.25561E-38   0.12569E-38  -0.12844E-38  -0.20247E-39  -0.11261E-39  -0.23830E-53   0.11661E-54  -0.20515E-55  -0.24235E-54  -0.32825E-54   0.16204E-55
   0.10221E+03   0.56786E+00   0.10247E+03   0.14783E-37  -0.77302E-38   0.86332E-38  -0.91751E-38  -0.14746E-39  -0.95338E-39   0.21921E-52  -0.27173E-52  -0.76149E-55  -0.56476E-53  -0.16530E-53   0.76027E-55
   0.99322E+02   0.55179E+00   0.99567E+02  -0.38017E-37   0.42310E-37  -0.60402E-37   0.64738E-37  -0.28888E-38   0.13884E-37   0.23432E-52  -0.34460E-52   0.15334E-54   0.16661E-51   0.34804E-53  -0.14054E-54
   0.96527E+02   0.53626E+00   0.96764E+02  -0.20230E-37   0.26341E-36  -0.41364E-36   0.45845E-36  -0.34196E-37   0.89290E-37  -0.24136E-51   0.93272E-52  -0.19847E-54   0.90733E-51   0.20789E-53  -0.18706E-54
   0.93827E+02   0.52126E+00   0.94058E+02  -0.74538E-36  -0.56941E-36   0.11502E-35  -0.11706E-35   0.15439E-36  -0.57522E-36   0.71856E-51   0.18299E-51  -0.20153E-55  -0.72308E-50   0.32583E-52  -0.79485E-54
   0.91223E+02   0.50679E+00   0.91447E+02  -0.16941E-34  -0.62950E-35   0.10346E-34  -0.11155E-34   0.16287E-35  -0.38346E-35   0.63218E-50   0.39651E-51   0.38012E-53  -0.46397E-49  -0.16577E-51   0.52968E-53
   0.88711E+02   0.49284E+00   0.88929E+02  -0.40594E-34  -0.38921E-35  -0.36253E-35   0.26032E-35  -0.86738E-36   0.81029E-35  -0.59238E-50   0.13056E-50   0.80337E-52   0.12908E-48  -0.25925E-50  -0.85368E-52
   0.86290E+02   0.47939E+00   0.86502E+02   0.34142E-33   0.82842E-34  -0.16030E-33   0.16328E-33  -0.15853E-34   0.73728E-34  -0.79173E-49  -0.12666E-50  -0.19863E-51   0.10398E-47  -0.50211E-50  -0.68310E-52
   0.83958E+02   0.46643E+00   0.84165E+02   0.21016E-32   0.24393E-33  -0.27960E-33   0.28231E-33  -0.37025E-34   0.35798E-34  -0.27689E-48   0.66744E-49  -0.24919E-51   0.36366E-48   0.33884E-50   0.72224E-51
   0.81713E+02   0.45396E+00   0.81914E+02   0.13462E-33  -0.47887E-33   0.14217E-32  -0.14202E-32   0.52606E-34  -0.90512E-33   0.23743E-48   0.19207E-48  -0.11525E-50  -0.14556E-46   0.14629E-48  -0.30269E-52
   0.79552E+02   0.44195E+00   0.79747E+02  -0.36013E-31  -0.38800E-32   0.66629E-32  -0.64325E-32   0.10978E-32  -0.28354E-32   0.55719E-47  -0.47098E-48   0.45149E-50  -0.35526E-46  -0.22845E-49  -0.15202E-51
   0.77471E+02   0.43040E+00   0.77662E+02  -0.10916E-30  -0.45085E-32   0.14995E-32  -0.76923E-33   0.18896E-32   0.33348E-32   0.52743E-47  -0.88614E-48  -0.28225E-50   0.74185E-46  -0.12607E-47  -0.62273E-50
   0.75470E+02   0.41928E+00   0.75656E+02   0.13513E-30   0.22563E-31  -0.61866E-31   0.59678E-31  -0.65645E-32   0.33351E-31  -0.38113E-46   0.13090E-47  -0.80948E-49   0.50732E-45  -0.24576E-47  -0.76045E-50
   0.73544E+02   0.40858E+00   0.73725E+02   0.14792E-29   0.90444E-31  -0.17973E-30   0.16425E-30  -0.28262E-31   0.48893E-31  -0.14953E-45  -0.16889E-46   0.64718E-48   0.52457E-45   0.72794E-47  -0.27475E-48
   0.71691E+02   0.39828E+00   0.71868E+02   0.28909E-29   0.80749E-31  -0.27743E-32  -0.23293E-31  -0.24017E-31  -0.10409E-30  -0.11762E-45  -0.68473E-46  -0.10335E-48  -0.17673E-44   0.60827E-46  -0.17915E-49
   0.69908E+02   0.38838E+00   0.70080E+02  -0.27321E-29  -0.32635E-30   0.12136E-29  -0.11914E-29   0.81076E-31  -0.50973E-30   0.55293E-45  -0.24942E-45   0.17655E-47  -0.83218E-44   0.46659E-46  -0.14644E-47
   0.68193E+02   0.37885E+00   0.68360E+02  -0.25142E-28  -0.12931E-29   0.32777E-29  -0.31070E-29   0.28489E-30  -0.69225E-30   0.29460E-44  -0.12791E-44  -0.34007E-47  -0.74048E-44  -0.95041E-46   0.17922E-47
   0.66541E+02   0.36967E+00   0.66705E+02  -0.53071E-28  -0.18547E-29   0.24074E-29  -0.20924E-29   0.40754E-30   0.55064E-30  -0.21235E-44   0.47371E-44   0.94752E-48   0.10055E-43  -0.51754E-45  -0.15401E-47
   0.64951E+02   0.36084E+00   0.65111E+02  -0.21570E-28   0.84833E-30  -0.90090E-29   0.92048E-29   0.10912E-30   0.41239E-29  -0.64341E-43   0.66274E-43  -0.13371E-46   0.68805E-43  -0.88434E-45   0.10295E-46
   0.63419E+02   0.35233E+00   0.63575E+02   0.17509E-27   0.10097E-28  -0.34248E-28   0.33921E-28  -0.99079E-30   0.82719E-29  -0.10995E-42   0.10398E-42   0.49341E-46   0.10171E-42  -0.87191E-46  -0.41347E-46
   0.61943E+02   0.34413E+00   0.62096E+02   0.55834E-27   0.24119E-28  -0.55220E-28   0.54291E-28  -0.30442E-29   0.65055E-29   0.97709E-42  -0.10058E-41   0.15188E-45   0.13390E-42   0.14454E-44  -0.20339E-45
   0.60521E+02   0.33623E+00   0.60670E+02   0.84570E-27   0.28451E-28  -0.21575E-28   0.20562E-28  -0.54064E-29  -0.10439E-28   0.52312E-41  -0.52829E-41  -0.88513E-47  -0.16825E-42   0.50296E-44  -0.83816E-47
   0.59148E+02   0.32860E+00   0.59294E+02   0.33055E-27  -0.58689E-29   0.12545E-27  -0.12623E-27  -0.58286E-29  -0.45539E-28  -0.12158E-41   0.11706E-41   0.56898E-46  -0.86550E-42   0.12984E-43   0.15410E-46
   0.57824E+02   0.32125E+00   0.57966E+02  -0.18292E-26  -0.10788E-27   0.38180E-27  -0.38429E-27  -0.39225E-31  -0.83865E-28  -0.97190E-40   0.97203E-40   0.16254E-45  -0.12598E-41  -0.13538E-44  -0.27827E-45
   0.56546E+02   0.31414E+00   0.56685E+02  -0.57943E-26  -0.27505E-27   0.60958E-27  -0.61962E-27   0.17554E-28  -0.93685E-28  -0.28918E-39   0.28932E-39  -0.20173E-44  -0.11195E-41  -0.22439E-43   0.16876E-44
   0.55310E+02   0.30728E+00   0.55446E+02  -0.10114E-25  -0.44080E-27   0.56602E-27  -0.59161E-27   0.51030E-28  -0.48648E-28   0.39953E-39  -0.39915E-39   0.39575E-45  -0.10818E-41   0.48029E-43  -0.72398E-45
   0.54115E+02   0.30064E+00   0.54248E+02  -0.11465E-25  -0.45843E-27   0.61533E-28  -0.10558E-27   0.93827E-28   0.61619E-28   0.42564E-38  -0.42558E-38  -0.87507E-44   0.86682E-42  -0.55052E-43   0.89333E-44
   0.52959E+02   0.29422E+00   0.53089E+02  -0.52941E-26  -0.85171E-28  -0.94207E-27   0.89663E-27   0.10657E-27   0.29771E-27   0.78622E-38  -0.78615E-38   0.68660E-44   0.51916E-41  -0.14986E-42  -0.58906E-44
   0.51839E+02   0.28799E+00   0.51967E+02   0.13625E-25   0.10661E-26  -0.25929E-26   0.26143E-26  -0.85615E-29   0.88996E-27  -0.13580E-37   0.13579E-37  -0.21225E-44   0.16267E-40  -0.74358E-44   0.16327E-44
   0.50754E+02   0.28197E+00   0.50879E+02   0.51418E-25   0.35194E-26  -0.56753E-26   0.59458E-26  -0.37723E-27   0.21477E-26  -0.96526E-37   0.96523E-37  -0.31406E-43   0.32651E-40   0.41195E-42   0.33726E-43
   0.49701E+02   0.27612E+00   0.49823E+02   0.11335E-24   0.75129E-26  -0.11489E-25   0.12387E-25  -0.96012E-27   0.37987E-26  -0.10416E-36   0.10415E-36  -0.40572E-43   0.44847E-40   0.10981E-41  -0.11666E-43
   0.48679E+02   0.27044E+00   0.48799E+02   0.19409E-24   0.11760E-25  -0.19865E-25   0.21958E-25  -0.11613E-26   0.39970E-26   0.39686E-36  -0.39686E-36  -0.11907E-42   0.80133E-40   0.14937E-41   0.14133E-42
   0.47686E+02   0.26492E+00   0.47803E+02   0.26063E-24   0.11883E-25  -0.25227E-25   0.28938E-25   0.50057E-27  -0.43934E-27   0.10270E-35  -0.10270E-35  -0.12781E-44  -0.22586E-41   0.26807E-41   0.32330E-43
   0.46720E+02   0.25955E+00   0.46835E+02   0.25098E-24   0.91756E-27  -0.12767E-25   0.17579E-25   0.59888E-26  -0.10442E-25  -0.14001E-36   0.14002E-36  -0.14941E-42  -0.75584E-40   0.28973E-41   0.13499E-42
   0.45780E+02   0.25433E+00   0.45892E+02   0.13093E-24  -0.24637E-25   0.40948E-25  -0.37448E-25   0.15915E-25  -0.18416E-25  -0.36479E-35   0.36480E-35   0.36389E-42  -0.12902E-39   0.11144E-41  -0.36623E-42
   0.44863E+02   0.24924E+00   0.44974E+02   0.20536E-25  -0.52776E-25   0.15622E-24  -0.15837E-24   0.26353E-25  -0.63032E-26  -0.49296E-35   0.49297E-35  -0.19415E-43   0.26348E-39  -0.69011E-41   0.88088E-43
   0.43970E+02   0.24428E+00   0.44078E+02   0.28347E-24  -0.45929E-25   0.31813E-24  -0.32990E-24   0.25366E-25   0.40848E-25   0.17824E-35  -0.17823E-35  -0.94016E-43   0.10217E-38  -0.18249E-40   0.16307E-42
   0.43098E+02   0.23943E+00   0.43204E+02   0.13148E-23   0.49721E-25   0.41758E-24  -0.43819E-24  -0.97275E-26   0.10213E-24   0.11794E-34  -0.11794E-34  -0.16750E-42   0.15327E-38  -0.14539E-40  -0.26163E-42
   0.42246E+02   0.23470E+00   0.42350E+02   0.27260E-23   0.25646E-24   0.17716E-24  -0.19932E-24  -0.11360E-24   0.85147E-25   0.85744E-35  -0.85752E-35  -0.77182E-42   0.49914E-39   0.15562E-40   0.48234E-42
   0.41413E+02   0.23007E+00   0.41515E+02   0.18898E-23   0.47452E-24  -0.88886E-24   0.86776E-24  -0.33064E-24  -0.17807E-24  -0.29762E-35   0.29745E-35   0.13835E-42  -0.66619E-38   0.85635E-40   0.48070E-42
   0.40597E+02   0.22554E+00   0.40697E+02  -0.75926E-23   0.37563E-24  -0.33864E-23   0.33297E-23  -0.70478E-24  -0.87517E-24   0.58655E-34  -0.58657E-34  -0.12683E-40  -0.22300E-37   0.28104E-39   0.94186E-41
   0.39798E+02   0.22110E+00   0.39896E+02  -0.36178E-22  -0.65579E-24  -0.77001E-23   0.74734E-23  -0.12555E-23  -0.21002E-23   0.32491E-33  -0.32492E-33  -0.59684E-40  -0.44564E-37   0.16051E-39   0.55306E-40
   0.39015E+02   0.21675E+00   0.39111E+02  -0.95512E-22  -0.34390E-23  -0.13250E-22   0.12557E-22  -0.19347E-23  -0.36997E-23   0.70633E-33  -0.70633E-33   0.67022E-40  -0.85248E-37   0.68250E-40  -0.62003E-40
   0.38246E+02   0.21248E+00   0.38340E+02  -0.19046E-21  -0.86504E-23  -0.17165E-22   0.15515E-22  -0.25587E-23  -0.50442E-23   0.36434E-33  -0.36435E-33  -0.62412E-40  -0.13382E-36  -0.54948E-39   0.20876E-40
   0.37491E+02   0.20829E+00   0.37584E+02  -0.30522E-21  -0.16104E-22  -0.12231E-22   0.89930E-23  -0.27121E-23  -0.46734E-23  -0.26016E-32   0.26016E-32   0.81260E-40  -0.11069E-36  -0.22029E-38   0.34311E-40
   0.36749E+02   0.20416E+00   0.36840E+02  -0.38518E-21  -0.23738E-22   0.15795E-22  -0.21190E-22  -0.16034E-23  -0.18341E-25  -0.10167E-31   0.10167E-31  -0.26098E-40  -0.19076E-38  -0.75350E-38  -0.48800E-40
   0.36019E+02   0.20011E+00   0.36108E+02  -0.32020E-21  -0.26919E-22   0.91038E-22  -0.98658E-22   0.22045E-23   0.12017E-22  -0.20957E-31   0.20957E-31   0.92265E-39   0.15919E-36  -0.89468E-38  -0.86134E-39
   0.35301E+02   0.19611E+00   0.35388E+02   0.60217E-22  -0.19462E-22   0.24931E-21  -0.25804E-21   0.11331E-22   0.32653E-22  -0.25563E-31   0.25563E-31  -0.85653E-39   0.73537E-36  -0.98164E-38   0.87344E-39
   0.34593E+02   0.19218E+00   0.34678E+02   0.95725E-21   0.15125E-23   0.53595E-21  -0.54274E-21   0.30426E-22   0.56879E-22  -0.74267E-32   0.74268E-32  -0.22076E-38   0.12615E-35  -0.19066E-37   0.19242E-38
   0.33894E+02   0.18830E+00   0.33978E+02   0.24816E-20   0.23276E-22   0.99240E-21  -0.99199E-21   0.67006E-22   0.67105E-22   0.41257E-31  -0.41257E-31  -0.33860E-38   0.21205E-35  -0.10122E-37   0.39824E-38
   0.33206E+02   0.18448E+00   0.33287E+02   0.43203E-20  -0.10524E-22   0.16148E-20  -0.16009E-20   0.13157E-21   0.20542E-22   0.93927E-31  -0.93926E-31  -0.15247E-38   0.21538E-35  -0.57106E-37   0.13514E-38
   0.32525E+02   0.18070E+00   0.32605E+02   0.50087E-20  -0.26250E-21   0.22549E-20  -0.22245E-20   0.23695E-21  -0.18336E-21   0.96777E-31  -0.96776E-31  -0.50686E-37  -0.13765E-36  -0.19648E-36   0.50525E-37
   0.31853E+02   0.17696E+00   0.31932E+02   0.56055E-21  -0.11343E-20   0.24274E-20  -0.23926E-20   0.39952E-21  -0.77742E-21   0.79414E-31  -0.79412E-31  -0.34709E-38  -0.70583E-35  -0.39328E-36   0.12030E-38
   0.31189E+02   0.17327E+00   0.31266E+02  -0.18138E-19  -0.35363E-20   0.98023E-21  -0.99496E-21   0.64604E-21  -0.22640E-20   0.35603E-30  -0.35603E-30   0.73068E-37  -0.29474E-34   0.25286E-36  -0.78238E-37
   0.30532E+02   0.16962E+00   0.30607E+02  -0.70987E-19  -0.94184E-20  -0.44833E-20   0.42671E-20   0.10193E-20  -0.56299E-20   0.15057E-29  -0.15057E-29   0.17835E-36  -0.64070E-34  -0.50598E-35  -0.14673E-36
   0.29881E+02   0.16601E+00   0.29955E+02  -0.20113E-18  -0.22841E-19  -0.18731E-19   0.17957E-19   0.15855E-20  -0.12760E-19   0.33878E-29  -0.33878E-29  -0.21897E-37  -0.18993E-33  -0.81161E-35   0.38384E-37
   0.29237E+02   0.16243E+00   0.29309E+02  -0.49764E-18  -0.51986E-19  -0.51220E-19   0.49143E-19   0.24679E-20  -0.27433E-19   0.29155E-29  -0.29155E-29   0.15073E-35  -0.42699E-33  -0.26607E-34  -0.13662E-35
   0.28598E+02   0.15888E+00   0.28669E+02  -0.11388E-17  -0.11309E-18  -0.12071E-18   0.11587E-18   0.38493E-20  -0.57439E-19  -0.58187E-29   0.58187E-29   0.27479E-35  -0.79499E-33  -0.60445E-34  -0.27495E-35
   0.27965E+02   0.15536E+00   0.28034E+02  -0.24671E-17  -0.23686E-18  -0.26065E-18   0.25029E-18   0.59605E-20  -0.11593E-18  -0.16710E-28   0.16710E-28   0.21911E-34  -0.15276E-32  -0.12935E-33  -0.23393E-34
   0.27337E+02   0.15187E+00   0.27405E+02  -0.51274E-17  -0.48002E-18  -0.53208E-18   0.51110E-18   0.80129E-20  -0.22477E-18   0.36401E-28  -0.36401E-28   0.10966E-33  -0.27908E-32  -0.24117E-33  -0.10702E-33
   0.26714E+02   0.14841E+00   0.26780E+02  -0.10343E-16  -0.94707E-18  -0.10471E-17   0.10061E-17   0.99441E-20  -0.42199E-18   0.35969E-27  -0.35969E-27   0.42184E-33  -0.32496E-32   0.37581E-33  -0.41972E-33
   0.26096E+02   0.14498E+00   0.26160E+02  -0.20343E-16  -0.18279E-17  -0.20115E-17   0.19335E-17   0.78858E-20  -0.77760E-18   0.13345E-26  -0.13345E-26   0.18077E-32   0.59413E-32   0.17578E-32  -0.18084E-32
   0.25481E+02   0.14156E+00   0.25544E+02  -0.39042E-16  -0.34630E-17  -0.37620E-17   0.36169E-17  -0.70935E-20  -0.14023E-17   0.33249E-26  -0.33248E-26   0.75828E-32   0.30788E-31   0.11061E-31  -0.75647E-32
   0.24871E+02   0.13817E+00   0.24932E+02  -0.73265E-16  -0.64583E-17  -0.68555E-17   0.65937E-17  -0.54955E-19  -0.25067E-17   0.60742E-26  -0.60742E-26   0.30071E-31   0.14156E-30   0.47931E-31  -0.30102E-31
   0.24264E+02   0.13480E+00   0.24324E+02  -0.13485E-15  -0.11891E-16  -0.12203E-16   0.11745E-16  -0.18424E-18  -0.44314E-17   0.78567E-26  -0.78567E-26   0.11167E-30   0.53861E-30   0.18119E-30  -0.11157E-30
   0.23661E+02   0.13145E+00   0.23719E+02  -0.24435E-15  -0.21672E-16  -0.21278E-16   0.20493E-16  -0.50067E-18  -0.78053E-17   0.54340E-26  -0.54341E-26   0.39012E-30   0.17944E-29   0.65529E-30  -0.38972E-30
   0.23061E+02   0.12811E+00   0.23117E+02  -0.43735E-15  -0.39204E-16  -0.36447E-16   0.35123E-16  -0.12091E-17  -0.13647E-16  -0.31305E-26   0.31304E-26   0.13076E-29   0.55427E-29   0.22119E-29  -0.13063E-29
   0.22464E+02   0.12480E+00   0.22519E+02  -0.77581E-15  -0.70558E-16  -0.61416E-16   0.59205E-16  -0.27172E-17  -0.23771E-16  -0.11258E-25   0.11258E-25   0.42159E-29   0.15903E-28   0.72094E-29  -0.42120E-29
   0.21869E+02   0.12150E+00   0.21923E+02  -0.13684E-14  -0.12669E-15  -0.10187E-15   0.98209E-16  -0.58082E-17  -0.41493E-16   0.42351E-26  -0.42356E-26   0.13201E-28   0.45239E-28   0.22575E-28  -0.13188E-28
   0.21277E+02   0.11821E+00   0.21330E+02  -0.24065E-14  -0.22750E-15  -0.16695E-15   0.16089E-15  -0.11976E-16  -0.72630E-16   0.77234E-25  -0.77236E-25   0.40508E-28   0.12594E-27   0.69237E-28  -0.40476E-28
   0.20688E+02   0.11493E+00   0.20739E+02  -0.42264E-14  -0.40933E-15  -0.27075E-15   0.26076E-15  -0.24134E-16  -0.12707E-15   0.20897E-24  -0.20897E-24   0.12326E-27   0.35343E-27   0.21075E-27  -0.12317E-27
   0.20101E+02   0.11167E+00   0.20151E+02  -0.74189E-14  -0.73907E-15  -0.43439E-15   0.41809E-15  -0.48007E-16  -0.22174E-15   0.28986E-24  -0.28987E-24   0.37544E-27   0.99263E-27   0.64301E-27  -0.37521E-27
   0.19516E+02   0.10842E+00   0.19564E+02  -0.13031E-13  -0.13409E-14  -0.68576E-15   0.65977E-15  -0.95113E-16  -0.38734E-15   0.12931E-24  -0.12937E-24   0.11552E-26   0.28206E-26   0.19795E-26  -0.11546E-26
   0.18934E+02   0.10519E+00   0.18980E+02  -0.22924E-13  -0.24468E-14  -0.10550E-14   0.10153E-14  -0.18943E-15  -0.67726E-15  -0.22603E-24   0.22586E-24   0.36110E-26   0.80616E-26   0.61902E-26  -0.36094E-26
   0.18353E+02   0.10196E+00   0.18398E+02  -0.40412E-13  -0.44942E-14  -0.15617E-14   0.15056E-14  -0.38262E-15  -0.11839E-14  -0.22223E-23   0.22218E-23   0.11408E-25   0.22822E-25   0.19564E-25  -0.11404E-25
   0.17773E+02   0.98741E-01   0.17817E+02  -0.71461E-13  -0.83122E-14  -0.21817E-14   0.21137E-14  -0.78759E-15  -0.20671E-14  -0.13385E-22   0.13383E-22   0.36283E-25   0.63411E-25   0.62212E-25  -0.36270E-25
   0.17196E+02   0.95532E-01   0.17238E+02  -0.12690E-12  -0.15489E-13  -0.27651E-14   0.27112E-14  -0.16556E-14  -0.36040E-14  -0.24127E-22   0.24121E-22   0.11569E-24   0.17198E-24   0.19841E-24  -0.11564E-24
   0.16620E+02   0.92332E-01   0.16661E+02  -0.22643E-12  -0.29097E-13  -0.28585E-14   0.28976E-14  -0.35464E-14  -0.62590E-14  -0.48104E-23   0.47902E-23   0.36848E-24   0.45317E-24   0.63196E-24  -0.36834E-24
   0.16045E+02   0.89139E-01   0.16085E+02  -0.40618E-12  -0.55156E-13  -0.13596E-14   0.16894E-14  -0.77310E-14  -0.10774E-13   0.54750E-22  -0.54816E-22   0.11694E-23   0.11555E-23   0.20057E-23  -0.11689E-23
   0.15472E+02   0.85954E-01   0.15510E+02  -0.73250E-12  -0.10563E-12   0.41926E-14  -0.31192E-14  -0.17121E-13  -0.18231E-13   0.29215E-21  -0.29236E-21   0.37005E-23   0.28455E-23   0.63467E-23  -0.36989E-23
   0.14900E+02   0.82776E-01   0.14936E+02  -0.13277E-11  -0.20463E-12   0.18931E-13  -0.16129E-13  -0.38516E-13  -0.29808E-13   0.10883E-20  -0.10890E-20   0.11705E-22   0.67430E-23   0.20076E-22  -0.11700E-22
   0.14329E+02   0.79605E-01   0.14364E+02  -0.24185E-11  -0.40163E-12   0.53073E-13  -0.46467E-13  -0.88033E-13  -0.45536E-13   0.33921E-20  -0.33942E-20   0.37198E-22   0.15193E-22   0.63803E-22  -0.37181E-22
   0.13759E+02   0.76439E-01   0.13793E+02  -0.44287E-11  -0.79953E-12   0.12655E-12  -0.11179E-12  -0.20466E-12  -0.59451E-13   0.94226E-20  -0.94295E-20   0.11957E-21   0.31333E-22   0.20511E-21  -0.11952E-21
   0.13190E+02   0.73279E-01   0.13223E+02  -0.81538E-11  -0.16152E-11   0.27806E-12  -0.24586E-12  -0.48428E-12  -0.44073E-13   0.24075E-19  -0.24097E-19   0.39147E-21   0.51457E-22   0.67162E-21  -0.39131E-21
   0.12622E+02   0.70125E-01   0.12653E+02  -0.15094E-10  -0.33114E-11   0.58557E-12  -0.51572E-12  -0.11650E-11   0.94837E-13   0.56990E-19  -0.57061E-19   0.13128E-20   0.14777E-22   0.22526E-20  -0.13123E-20
   0.12055E+02   0.66975E-01   0.12085E+02  -0.28082E-10  -0.68862E-11   0.12159E-11  -0.10633E-11  -0.28404E-11   0.64632E-12   0.12520E-18  -0.12544E-18   0.45222E-20  -0.46541E-21   0.77613E-20  -0.45207E-20
   0.11489E+02   0.63830E-01   0.11518E+02  -0.52439E-10  -0.14512E-10   0.25354E-11  -0.21976E-11  -0.69962E-11   0.24512E-11   0.25365E-18  -0.25445E-18   0.16000E-19  -0.34127E-20   0.27467E-19  -0.15996E-19
   0.10924E+02   0.60689E-01   0.10951E+02  -0.98058E-10  -0.30947E-10   0.53635E-11  -0.46062E-11  -0.17361E-10   0.78782E-11   0.46556E-18  -0.46837E-18   0.58004E-19  -0.18510E-19   0.99607E-19  -0.57989E-19
   0.10359E+02   0.57552E-01   0.10385E+02  -0.18298E-09  -0.66638E-10   0.11626E-10  -0.99118E-11  -0.43318E-10   0.23461E-10   0.74928E-18  -0.75935E-18   0.21495E-18  -0.89619E-19   0.36927E-18  -0.21490E-18
   0.97955E+01   0.54419E-01   0.98196E+01  -0.33918E-09  -0.14447E-09   0.26099E-10  -0.22193E-10  -0.10854E-09   0.66969E-10   0.10013E-17  -0.10387E-17   0.81446E-18  -0.40954E-18   0.13998E-17  -0.81428E-18
   0.92322E+01   0.51290E-01   0.92549E+01  -0.62094E-09  -0.31418E-09   0.60935E-10  -0.52028E-10  -0.27272E-09   0.18617E-09   0.99914E-18  -0.11443E-17   0.31653E-17  -0.18182E-17   0.54435E-17  -0.31646E-17
   0.86695E+01   0.48164E-01   0.86908E+01  -0.11143E-08  -0.68212E-09   0.14703E-09  -0.12679E-09  -0.68603E-09   0.50784E-09   0.81603E-18  -0.14082E-17   0.12676E-16  -0.79990E-17   0.21814E-16  -0.12673E-16
   0.81073E+01   0.45041E-01   0.81273E+01  -0.19411E-08  -0.14706E-08   0.36207E-09  -0.31641E-09  -0.17233E-08   0.13628E-08   0.33660E-17  -0.59161E-17   0.52474E-16  -0.35321E-16   0.90362E-16  -0.52462E-16
   0.75457E+01   0.41921E-01   0.75643E+01  -0.32402E-08  -0.31287E-08   0.89784E-09  -0.79616E-09  -0.43090E-08   0.35966E-08   0.24311E-16  -0.35828E-16   0.22430E-15  -0.15731E-15   0.38649E-15  -0.22425E-15
   0.69846E+01   0.38803E-01   0.70017E+01  -0.50901E-08  -0.65226E-08   0.22112E-08  -0.19887E-08  -0.10681E-07   0.93179E-08   0.12583E-15  -0.17962E-15   0.98357E-15  -0.70441E-15   0.16955E-14  -0.98330E-15
   0.64239E+01   0.35688E-01   0.64397E+01  -0.73144E-08  -0.13219E-07   0.53340E-08  -0.48585E-08  -0.26123E-07   0.23619E-07   0.52991E-15  -0.78494E-15   0.43718E-14  -0.31386E-14   0.75379E-14  -0.43704E-14
   0.58636E+01   0.32575E-01   0.58780E+01  -0.91175E-08  -0.25807E-07   0.12443E-07  -0.11457E-07  -0.62679E-07   0.58322E-07   0.20000E-14  -0.32041E-14   0.19391E-13  -0.13707E-13   0.33434E-13  -0.19384E-13
   0.53037E+01   0.29465E-01   0.53167E+01  -0.86012E-08  -0.48010E-07   0.27714E-07  -0.25743E-07  -0.14660E-06   0.13953E-06   0.71230E-14  -0.12678E-13   0.84345E-13  -0.57643E-13   0.14540E-12  -0.84310E-13
   0.47442E+01   0.26356E-01   0.47558E+01  -0.25150E-08  -0.84011E-07   0.58110E-07  -0.54347E-07  -0.33180E-06   0.32137E-06   0.24393E-13  -0.48995E-13   0.35326E-12  -0.22899E-12   0.60872E-12  -0.35310E-12
   0.41850E+01   0.23250E-01   0.41953E+01   0.12920E-07  -0.13606E-06   0.11278E-06  -0.10598E-06  -0.72065E-06   0.70719E-06   0.79906E-13  -0.18262E-12   0.13980E-11  -0.84201E-12   0.24077E-11  -0.13973E-11
   0.36261E+01   0.20145E-01   0.36350E+01   0.39086E-07  -0.19973E-06   0.19817E-06  -0.18661E-06  -0.14877E-05   0.14738E-05   0.24548E-12  -0.64202E-12   0.51241E-11  -0.28041E-11   0.88199E-11  -0.51220E-11
   0.30676E+01   0.17042E-01   0.30751E+01   0.70296E-07  -0.25838E-06   0.30520E-06  -0.28690E-06  -0.28872E-05   0.28794E-05   0.68884E-12  -0.20750E-11   0.17025E-10  -0.82638E-11   0.29287E-10  -0.17020E-10
   0.25093E+01   0.13940E-01   0.25155E+01   0.91560E-07  -0.28281E-06   0.39060E-06  -0.36378E-06  -0.52027E-05   0.52114E-05   0.17171E-11  -0.60019E-11   0.50072E-10  -0.21037E-10   0.86088E-10  -0.50069E-10
   0.19513E+01   0.10840E-01   0.19561E+01   0.86206E-07  -0.24567E-06   0.37276E-06  -0.33646E-06  -0.85834E-05   0.86219E-05   0.37061E-11  -0.15114E-10   0.12699E-09  -0.45210E-10   0.21823E-09  -0.12702E-09
   0.13935E+01   0.77416E-02   0.13969E+01   0.53632E-07  -0.15090E-06   0.18713E-06  -0.14183E-06  -0.12766E-04   0.12848E-04   0.67771E-11  -0.32175E-10   0.26992E-09  -0.80571E-10   0.46367E-09  -0.27006E-09
   0.83595E+00   0.46441E-02   0.83800E+00   0.17343E-07  -0.50657E-07  -0.78549E-07   0.13070E-06  -0.16846E-04   0.16976E-04   0.10319E-10  -0.56044E-10   0.46613E-09  -0.11812E-09   0.80054E-09  -0.46651E-09
   0.27861E+00   0.15479E-02   0.27930E+00   0.13353E-08  -0.41094E-08   0.78151E-06   0.12939E-06  -0.19424E-04   0.19631E-04   0.12860E-10  -0.76651E-10   0.63089E-09  -0.14257E-09   0.10836E-08  -0.63162E-09
