   0.96417E+00   0.17836E+00   0.32078E-02  -0.61637E+00   0.65621E+01  -0.94270E+00   0.45537E+00   0.83463E-03   0.75096E-05   0.19719E-05  -0.20890E-02  -0.14161E-03   0.54869E-04  -0.54163E+01
   0.94036E+00   0.73129E-01   0.58468E-02  -0.33518E-01   0.29753E+01  -0.94965E+00   0.34407E-02   0.63212E-03   0.90488E-05  -0.18076E-05  -0.71889E-03  -0.15978E-03   0.63703E-04  -0.59036E+01
   0.91667E+00   0.61714E-01   0.13176E-01   0.20416E-01   0.11606E+01  -0.97230E+00   0.17310E-01   0.49555E-03   0.98386E-05  -0.17499E-05  -0.51349E-03  -0.15595E-03   0.62812E-04  -0.63745E+01
   0.89314E+00   0.37919E-01   0.22280E-01   0.47009E-01  -0.54569E-02  -0.97661E+00   0.81009E-02   0.50947E-03   0.86957E-05   0.20077E-05  -0.40525E-03  -0.12746E-03   0.52353E-04  -0.66602E+01
   0.86983E+00   0.22174E-01   0.31102E-01   0.65055E-01  -0.73462E+00  -0.97456E+00  -0.54890E-02   0.59707E-03   0.71050E-05   0.46982E-05  -0.38472E-03  -0.11005E-03   0.47981E-04  -0.67682E+01
   0.84677E+00   0.43762E-02   0.40033E-01   0.76901E-01  -0.11830E+01  -0.97136E+00  -0.16005E-01   0.62410E-03   0.53575E-05   0.37096E-05  -0.24602E-03  -0.10645E-03   0.51267E-04  -0.68126E+01
   0.82400E+00  -0.18299E-01   0.48259E-01   0.83520E-01  -0.15634E+01  -0.97023E+00  -0.18692E-01   0.64753E-03   0.24740E-05   0.48857E-06  -0.98161E-04  -0.10831E-03   0.57330E-04  -0.68954E+01
   0.80156E+00  -0.38737E-01   0.57633E-01   0.88791E-01  -0.19095E+01  -0.97139E+00  -0.15724E-01   0.78906E-03  -0.20687E-05  -0.14633E-05  -0.29795E-03  -0.11902E-03   0.63746E-04  -0.69987E+01
   0.77949E+00  -0.42502E-01   0.68103E-01   0.83919E-01  -0.21404E+01  -0.97533E+00  -0.12928E-01   0.99681E-03  -0.58412E-05  -0.33764E-05  -0.57266E-03  -0.12266E-03   0.65218E-04  -0.70912E+01
   0.75782E+00  -0.35918E-01   0.77995E-01   0.75910E-01  -0.22976E+01  -0.98208E+00  -0.96513E-02   0.12237E-02  -0.75138E-05  -0.83600E-05  -0.62631E-03  -0.12471E-03   0.69117E-04  -0.72370E+01
   0.73658E+00  -0.31173E-01   0.85476E-01   0.62639E-01  -0.24166E+01  -0.98987E+00  -0.66207E-02   0.14812E-02  -0.11205E-04  -0.11515E-04  -0.57488E-03  -0.11378E-03   0.65986E-04  -0.74761E+01
   0.71579E+00  -0.27084E-01   0.90425E-01   0.56105E-01  -0.24776E+01  -0.99587E+00  -0.59027E-02   0.17345E-02  -0.17097E-04  -0.81610E-05  -0.50793E-03  -0.82122E-04   0.47753E-04  -0.76928E+01
   0.69548E+00  -0.24981E-01   0.93002E-01   0.56239E-01  -0.23804E+01  -0.99943E+00  -0.58741E-02   0.20415E-02  -0.22621E-04  -0.21746E-05  -0.45783E-03  -0.50877E-04   0.28775E-04  -0.78090E+01
   0.67566E+00  -0.27260E-01   0.93490E-01   0.50323E-01  -0.20957E+01  -0.10030E+01  -0.70944E-02   0.25200E-02  -0.29481E-04   0.34455E-05  -0.78316E-03  -0.23265E-04   0.13679E-04  -0.78442E+01
   0.65636E+00  -0.37546E-01   0.92565E-01   0.51184E-01  -0.16877E+01  -0.10084E+01  -0.94076E-02   0.30812E-02  -0.38568E-04   0.84633E-05  -0.10809E-02  -0.15503E-05   0.38598E-05  -0.78033E+01
   0.63758E+00  -0.51913E-01   0.89846E-01   0.60760E-01  -0.12588E+01  -0.10172E+01  -0.47263E-02   0.36749E-02  -0.46442E-04   0.11285E-04  -0.10932E-02   0.15357E-04  -0.10609E-05  -0.77102E+01
   0.61934E+00  -0.57560E-01   0.84939E-01   0.65759E-01  -0.87059E+00  -0.10289E+01   0.52955E-02   0.42890E-02  -0.52544E-04   0.13367E-04  -0.10282E-02   0.29167E-04  -0.33540E-05  -0.75923E+01
   0.60163E+00  -0.49255E-01   0.79364E-01   0.66816E-01  -0.54564E+00  -0.10407E+01   0.10716E-01   0.49274E-02  -0.58170E-04   0.17443E-04  -0.10216E-02   0.32339E-04  -0.13013E-05  -0.74213E+01
   0.58448E+00  -0.36803E-01   0.73403E-01   0.62680E-01  -0.23808E+00  -0.10517E+01   0.10347E-01   0.55638E-02  -0.62736E-04   0.22642E-04  -0.72413E-03   0.37695E-04  -0.14726E-05  -0.71397E+01
   0.56786E+00  -0.28607E-01   0.66702E-01   0.54262E-01   0.26554E-01  -0.10630E+01   0.86396E-02   0.64356E-02  -0.66449E-04   0.27299E-04  -0.87275E-03   0.46711E-04  -0.67709E-05  -0.67465E+01
   0.55179E+00  -0.11999E-01   0.60067E-01   0.52117E-01   0.18876E+00  -0.10754E+01   0.75582E-02   0.77918E-02  -0.71480E-04   0.33042E-04  -0.18648E-02   0.64011E-04  -0.17902E-04  -0.62589E+01
   0.53626E+00   0.26350E-01   0.52987E-01   0.51627E-01   0.25920E+00  -0.10930E+01   0.10289E-01   0.96345E-02  -0.79719E-04   0.40511E-04  -0.28416E-02   0.81002E-04  -0.27044E-04  -0.56347E+01
   0.52126E+00   0.82100E-01   0.45821E-01   0.45265E-01   0.24500E+00  -0.11164E+01   0.12857E-01   0.11924E-01  -0.87360E-04   0.46805E-04  -0.30512E-02   0.87873E-04  -0.30812E-04  -0.48270E+01
   0.50679E+00   0.14010E+00   0.39046E-01   0.35587E-01   0.16279E+00  -0.11394E+01   0.11258E-01   0.13817E-01  -0.89234E-04   0.48835E-04  -0.22927E-02   0.93156E-04  -0.34030E-04  -0.38715E+01
   0.49284E+00   0.18086E+00   0.31765E-01   0.22762E-01   0.25868E-01  -0.11612E+01   0.90288E-02   0.15201E-01  -0.87140E-04   0.48289E-04  -0.19234E-02   0.10442E-03  -0.44647E-04  -0.28277E+01
   0.47939E+00   0.21469E+00   0.24358E-01   0.15061E-01  -0.13591E+00  -0.11861E+01   0.95056E-02   0.16901E-01  -0.81880E-04   0.46617E-04  -0.19210E-02   0.11021E-03  -0.56073E-04  -0.16850E+01
   0.46643E+00   0.24308E+00   0.16658E-01   0.12209E-01  -0.29766E+00  -0.12159E+01   0.10954E-01   0.19189E-01  -0.73150E-04   0.42529E-04  -0.17063E-02   0.93660E-04  -0.52227E-04  -0.41383E+00
   0.45396E+00   0.26145E+00   0.93550E-02   0.83013E-02  -0.40447E+00  -0.12513E+01   0.15015E-01   0.22160E-01  -0.60776E-04   0.35329E-04  -0.19422E-02   0.57004E-04  -0.34343E-04   0.10105E+01
   0.44195E+00   0.27835E+00   0.32933E-02   0.97199E-02  -0.45016E+00  -0.12892E+01   0.17867E-01   0.25235E-01  -0.46811E-04   0.25888E-04  -0.16594E-02   0.23427E-04  -0.20933E-04   0.25684E+01
   0.43040E+00   0.29627E+00  -0.80036E-03   0.99990E-02  -0.43479E+00  -0.13280E+01   0.18586E-01   0.28185E-01  -0.33572E-04   0.17206E-04  -0.82138E-03   0.78009E-05  -0.21163E-04   0.41824E+01
   0.41928E+00   0.31434E+00  -0.31732E-02   0.18172E-02  -0.40850E+00  -0.13691E+01   0.23228E-01   0.31533E-01  -0.22629E-04   0.10884E-04  -0.12738E-02  -0.30135E-06  -0.23369E-04   0.57954E+01
   0.40858E+00   0.33675E+00  -0.44455E-02  -0.84606E-02  -0.39011E+00  -0.14111E+01   0.28289E-01   0.35250E-01  -0.13470E-04   0.62784E-05  -0.28451E-02  -0.16059E-04  -0.14854E-04   0.74091E+01
   0.39828E+00   0.37073E+00  -0.54080E-02  -0.15545E-01  -0.37049E+00  -0.14530E+01   0.23998E-01   0.38899E-01  -0.50061E-05   0.16223E-05  -0.28148E-02  -0.48865E-04   0.13368E-04   0.90394E+01
   0.38838E+00   0.40833E+00  -0.67853E-02  -0.19949E-01  -0.36965E+00  -0.14965E+01   0.17161E-01   0.42543E-01   0.28564E-05  -0.41980E-05  -0.19247E-02  -0.99287E-04   0.62362E-04   0.10683E+02
   0.37885E+00   0.44330E+00  -0.85980E-02  -0.25773E-01  -0.37500E+00  -0.15431E+01   0.17055E-01   0.46641E-01   0.92813E-05  -0.11683E-04  -0.23697E-02  -0.15284E-03   0.12053E-03   0.12370E+02
   0.36967E+00   0.47835E+00  -0.11032E-01  -0.31397E-01  -0.38167E+00  -0.15936E+01   0.23519E-01   0.51188E-01   0.13482E-04  -0.20374E-04  -0.42267E-02  -0.19478E-03   0.17112E-03   0.14102E+02
   0.36084E+00   0.51830E+00  -0.13695E-01  -0.36331E-01  -0.42102E+00  -0.16471E+01   0.30261E-01   0.55953E-01   0.15198E-04  -0.29164E-04  -0.49307E-02  -0.21884E-03   0.20406E-03   0.15853E+02
   0.35233E+00   0.55993E+00  -0.16475E-01  -0.35698E-01  -0.48789E+00  -0.17028E+01   0.33504E-01   0.60822E-01   0.14607E-04  -0.37928E-04  -0.39970E-02  -0.24374E-03   0.22642E-03   0.17615E+02
   0.34413E+00   0.60257E+00  -0.19179E-01  -0.37207E-01  -0.57159E+00  -0.17603E+01   0.38990E-01   0.65801E-01   0.13513E-04  -0.47454E-04  -0.38311E-02  -0.27495E-03   0.24205E-03   0.19400E+02
   0.33623E+00   0.65205E+00  -0.21730E-01  -0.35525E-01  -0.65102E+00  -0.18207E+01   0.47453E-01   0.71079E-01   0.12710E-04  -0.58631E-04  -0.47201E-02  -0.30057E-03   0.24569E-03   0.21246E+02
   0.32860E+00   0.70794E+00  -0.23976E-01  -0.29915E-01  -0.71691E+00  -0.18851E+01   0.57773E-01   0.76679E-01   0.12477E-04  -0.70124E-04  -0.61134E-02  -0.30768E-03   0.23415E-03   0.23192E+02
   0.32125E+00   0.76812E+00  -0.25398E-01  -0.23106E-01  -0.76264E+00  -0.19551E+01   0.61356E-01   0.82879E-01   0.10004E-04  -0.78062E-04  -0.49046E-02  -0.26135E-03   0.19702E-03   0.25230E+02
   0.31414E+00   0.81847E+00  -0.26766E-01  -0.17937E-01  -0.77810E+00  -0.20299E+01   0.60511E-01   0.89305E-01   0.15117E-05  -0.79572E-04  -0.11805E-02  -0.16863E-03   0.13958E-03   0.27278E+02
   0.30728E+00   0.84451E+00  -0.28589E-01  -0.17249E-01  -0.75258E+00  -0.21091E+01   0.65477E-01   0.96105E-01  -0.13208E-04  -0.75804E-04   0.29759E-03  -0.66549E-04   0.76061E-04   0.29294E+02
   0.30064E+00   0.85956E+00  -0.30681E-01  -0.15740E-01  -0.68128E+00  -0.21934E+01   0.81243E-01   0.10389E+00  -0.31695E-04  -0.68826E-04  -0.19976E-02   0.16616E-04   0.86285E-05   0.31281E+02
   0.29422E+00   0.88462E+00  -0.32783E-01  -0.10627E-01  -0.56430E+00  -0.22817E+01   0.99981E-01   0.11239E+00  -0.51380E-04  -0.59788E-04  -0.70287E-02   0.91566E-04  -0.68817E-04   0.33257E+02
   0.28799E+00   0.91772E+00  -0.34955E-01  -0.58780E-02  -0.41646E+00  -0.23726E+01   0.11048E+00   0.12122E+00  -0.72260E-04  -0.48069E-04  -0.10672E-01   0.20150E-03  -0.17401E-03   0.35271E+02
   0.28197E+00   0.94440E+00  -0.37435E-01  -0.22602E-02  -0.25386E+00  -0.24669E+01   0.11671E+00   0.13073E+00  -0.95683E-04  -0.31155E-04  -0.12705E-01   0.37220E-03  -0.31951E-03   0.37354E+02
   0.27612E+00   0.95956E+00  -0.40204E-01   0.31236E-02  -0.81836E-01  -0.25646E+01   0.12354E+00   0.14097E+00  -0.12216E-03  -0.66725E-05  -0.14229E-01   0.58185E-03  -0.49465E-03   0.39515E+02
   0.27044E+00   0.96757E+00  -0.43133E-01   0.10779E-01   0.88568E-01  -0.26633E+01   0.12405E+00   0.15133E+00  -0.15114E-03   0.25617E-04  -0.14413E-01   0.81450E-03  -0.68608E-03   0.41727E+02
   0.26492E+00   0.97265E+00  -0.46475E-01   0.20152E-01   0.24704E+00  -0.27630E+01   0.12011E+00   0.16142E+00  -0.18134E-03   0.64117E-04  -0.12880E-01   0.10455E-02  -0.87145E-03   0.43952E+02
   0.25955E+00   0.97756E+00  -0.50370E-01   0.30359E-01   0.38841E+00  -0.28650E+01   0.11774E+00   0.17134E+00  -0.21219E-03   0.10701E-03  -0.10730E-01   0.12706E-02  -0.10408E-02   0.46160E+02
   0.25433E+00   0.98079E+00  -0.55363E-01   0.40464E-01   0.51850E+00  -0.29707E+01   0.12111E+00   0.18162E+00  -0.24440E-03   0.15441E-03  -0.99258E-02   0.15040E-02  -0.12039E-02   0.48343E+02
   0.24924E+00   0.98362E+00  -0.61967E-01   0.48446E-01   0.63928E+00  -0.30791E+01   0.13077E+00   0.19242E+00  -0.27967E-03   0.20835E-03  -0.10935E-01   0.17373E-02  -0.13684E-02   0.50521E+02
   0.24428E+00   0.99527E+00  -0.70117E-01   0.59378E-01   0.75504E+00  -0.31892E+01   0.14498E+00   0.20358E+00  -0.31964E-03   0.27072E-03  -0.13079E-01   0.19682E-02  -0.15359E-02   0.52728E+02
   0.23943E+00   0.10092E+01  -0.79990E-01   0.72011E-01   0.87505E+00  -0.33023E+01   0.15883E+00   0.21513E+00  -0.36332E-03   0.34185E-03  -0.13354E-01   0.22599E-02  -0.17517E-02   0.54990E+02
   0.23470E+00   0.10248E+01  -0.91103E-01   0.78216E-01   0.10012E+01  -0.34202E+01   0.17230E+00   0.22712E+00  -0.40733E-03   0.42018E-03  -0.11764E-01   0.25820E-02  -0.20000E-02   0.57310E+02
   0.23007E+00   0.10386E+01  -0.10298E+00   0.80329E-01   0.11301E+01  -0.35438E+01   0.18321E+00   0.23976E+00  -0.44918E-03   0.50468E-03  -0.91870E-02   0.29868E-02  -0.23080E-02   0.59679E+02
   0.22554E+00   0.10503E+01  -0.11566E+00   0.84942E-01   0.12513E+01  -0.36732E+01   0.18706E+00   0.25324E+00  -0.48712E-03   0.59740E-03  -0.53826E-02   0.35242E-02  -0.27013E-02   0.62086E+02
   0.22110E+00   0.10535E+01  -0.12902E+00   0.94084E-01   0.13556E+01  -0.38086E+01   0.18706E+00   0.26779E+00  -0.52066E-03   0.70464E-03  -0.21469E-02   0.41962E-02  -0.31882E-02   0.64526E+02
   0.21675E+00   0.10487E+01  -0.14272E+00   0.10433E+00   0.14382E+01  -0.39504E+01   0.18669E+00   0.28354E+00  -0.54656E-03   0.83232E-03   0.85587E-03   0.49904E-02  -0.37646E-02   0.67017E+02
   0.21248E+00   0.10388E+01  -0.15694E+00   0.11526E+00   0.14967E+01  -0.40991E+01   0.19906E+00   0.30000E+00  -0.56296E-03   0.98150E-03   0.12459E-02   0.57815E-02  -0.43356E-02   0.69567E+02
   0.20829E+00   0.10261E+01  -0.17155E+00   0.12247E+00   0.15353E+01  -0.42565E+01   0.21886E+00   0.31737E+00  -0.57194E-03   0.11504E-02   0.93897E-03   0.65800E-02  -0.49054E-02   0.72183E+02
   0.20416E+00   0.10135E+01  -0.18679E+00   0.13447E+00   0.15501E+01  -0.44234E+01   0.23731E+00   0.33649E+00  -0.57524E-03   0.13426E-02  -0.12263E-02   0.74980E-02  -0.55611E-02   0.74865E+02
   0.20011E+00   0.10105E+01  -0.20240E+00   0.14927E+00   0.15444E+01  -0.45975E+01   0.24381E+00   0.35731E+00  -0.57220E-03   0.15674E-02  -0.27252E-02   0.85738E-02  -0.63326E-02   0.77632E+02
   0.19611E+00   0.10259E+01  -0.21794E+00   0.16952E+00   0.15162E+01  -0.47797E+01   0.24237E+00   0.37947E+00  -0.55618E-03   0.18264E-02   0.13838E-05   0.98296E-02  -0.72273E-02   0.80499E+02
   0.19218E+00   0.10486E+01  -0.23358E+00   0.19937E+00   0.14650E+01  -0.49728E+01   0.24606E+00   0.40301E+00  -0.51820E-03   0.21163E-02   0.45395E-02   0.11198E-01  -0.81939E-02   0.83473E+02
   0.18830E+00   0.10709E+01  -0.24949E+00   0.23171E+00   0.13934E+01  -0.51774E+01   0.26076E+00   0.42820E+00  -0.45903E-03   0.24404E-02   0.56827E-02   0.12668E-01  -0.92256E-02   0.86549E+02
   0.18448E+00   0.10855E+01  -0.26592E+00   0.25539E+00   0.13061E+01  -0.53913E+01   0.27533E+00   0.45477E+00  -0.38517E-03   0.28154E-02   0.66037E-02   0.14340E-01  -0.10397E-01   0.89733E+02
   0.18070E+00   0.10868E+01  -0.28317E+00   0.27624E+00   0.12017E+01  -0.56133E+01   0.29062E+00   0.48221E+00  -0.29675E-03   0.32570E-02   0.75480E-02   0.16263E-01  -0.11741E-01   0.93050E+02
   0.17696E+00   0.10801E+01  -0.30117E+00   0.30061E+00   0.10766E+01  -0.58456E+01   0.30918E+00   0.51067E+00  -0.18528E-03   0.37695E-02   0.93495E-02   0.18413E-01  -0.13251E-01   0.96521E+02
   0.17327E+00   0.10764E+01  -0.31938E+00   0.32661E+00   0.93286E+00  -0.60911E+01   0.32428E+00   0.54062E+00  -0.40180E-04   0.43519E-02   0.13846E-01   0.20800E-01  -0.14935E-01   0.10015E+03
   0.16962E+00   0.10788E+01  -0.33793E+00   0.34944E+00   0.78140E+00  -0.63532E+01   0.34521E+00   0.57314E+00   0.14358E-03   0.50154E-02   0.17534E-01   0.23411E-01  -0.16797E-01   0.10395E+03
   0.16601E+00   0.10882E+01  -0.35699E+00   0.37599E+00   0.62671E+00  -0.66351E+01   0.37625E+00   0.60926E+00   0.36186E-03   0.57839E-02   0.19763E-01   0.26268E-01  -0.18865E-01   0.10793E+03
   0.16243E+00   0.10924E+01  -0.37654E+00   0.40597E+00   0.47416E+00  -0.69379E+01   0.41178E+00   0.64950E+00   0.61256E-03   0.66792E-02   0.22330E-01   0.29541E-01  -0.21254E-01   0.11211E+03
   0.15888E+00   0.10779E+01  -0.39699E+00   0.43705E+00   0.33096E+00  -0.72614E+01   0.45323E+00   0.69397E+00   0.90858E-03   0.77068E-02   0.25108E-01   0.33309E-01  -0.24025E-01   0.11652E+03
   0.15536E+00   0.10414E+01  -0.41806E+00   0.47225E+00   0.19532E+00  -0.75982E+01   0.49024E+00   0.74151E+00   0.12713E-02   0.88749E-02   0.27951E-01   0.37624E-01  -0.27212E-01   0.12116E+03
   0.15187E+00   0.99726E+00  -0.43942E+00   0.51091E+00   0.63205E-01  -0.79392E+01   0.51080E+00   0.78995E+00   0.17277E-02   0.10190E-01   0.36055E-01   0.42376E-01  -0.30729E-01   0.12605E+03
   0.14841E+00   0.94802E+00  -0.46156E+00   0.54737E+00  -0.65056E-01  -0.82918E+01   0.54257E+00   0.83975E+00   0.22875E-02   0.11651E-01   0.41747E-01   0.47372E-01  -0.34438E-01   0.13118E+03
   0.14498E+00   0.87408E+00  -0.48531E+00   0.58208E+00  -0.19584E+00  -0.86630E+01   0.58403E+00   0.89324E+00   0.29349E-02   0.13299E-01   0.39754E-01   0.52866E-01  -0.38600E-01   0.13656E+03
   0.14156E+00   0.78598E+00  -0.51027E+00   0.61581E+00  -0.32708E+00  -0.90505E+01   0.60762E+00   0.95022E+00   0.36716E-02   0.15221E-01   0.39832E-01   0.59131E-01  -0.43462E-01   0.14222E+03
   0.13817E+00   0.68735E+00  -0.53626E+00   0.65270E+00  -0.46365E+00  -0.94523E+01   0.61626E+00   0.10093E+01   0.45370E-02   0.17466E-01   0.45963E-01   0.66121E-01  -0.48981E-01   0.14819E+03
   0.13480E+00   0.57027E+00  -0.56307E+00   0.69467E+00  -0.61072E+00  -0.98723E+01   0.62836E+00   0.10713E+01   0.55345E-02   0.20060E-01   0.52946E-01   0.73573E-01  -0.54978E-01   0.15452E+03
   0.13145E+00   0.43043E+00  -0.59118E+00   0.73055E+00  -0.75580E+00  -0.10319E+02   0.64881E+00   0.11387E+01   0.66026E-02   0.23112E-01   0.57198E-01   0.81730E-01  -0.61663E-01   0.16124E+03
   0.12811E+00   0.27923E+00  -0.62050E+00   0.75591E+00  -0.89043E+00  -0.10797E+02   0.66287E+00   0.12131E+01   0.76748E-02   0.26833E-01   0.62707E-01   0.91221E-01  -0.69551E-01   0.16844E+03
   0.12480E+00   0.13381E+00  -0.65034E+00   0.76496E+00  -0.10058E+01  -0.11309E+02   0.66745E+00   0.12941E+01   0.87509E-02   0.31404E-01   0.75955E-01   0.10244E+00  -0.78957E-01   0.17624E+03
   0.12150E+00   0.38477E-02  -0.67991E+00   0.76273E+00  -0.11085E+01  -0.11854E+02   0.67606E+00   0.13812E+01   0.98433E-02   0.36944E-01   0.93321E-01   0.11547E+00  -0.89923E-01   0.18475E+03
   0.11821E+00  -0.10994E+00  -0.70926E+00   0.75453E+00  -0.11951E+01  -0.12427E+02   0.67234E+00   0.14732E+01   0.10908E-01   0.43611E-01   0.11671E+00   0.13052E+00  -0.10263E+00   0.19409E+03
   0.11493E+00  -0.20993E+00  -0.73824E+00   0.74806E+00  -0.12650E+01  -0.13028E+02   0.64999E+00   0.15677E+01   0.11896E-01   0.51609E-01   0.15479E+00   0.14794E+00  -0.11745E+00   0.20437E+03
   0.11167E+00  -0.30460E+00  -0.76668E+00   0.73266E+00  -0.13087E+01  -0.13664E+02   0.61065E+00   0.16652E+01   0.12827E-01   0.61184E-01   0.21346E+00   0.16840E+00  -0.13500E+00   0.21573E+03
   0.10842E+00  -0.42237E+00  -0.79339E+00   0.70427E+00  -0.13327E+01  -0.14350E+02   0.61031E+00   0.17711E+01   0.13685E-01   0.72685E-01   0.27269E+00   0.19242E+00  -0.15589E+00   0.22831E+03
   0.10519E+00  -0.59649E+00  -0.81718E+00   0.65823E+00  -0.13372E+01  -0.15092E+02   0.67417E+00   0.18893E+01   0.14399E-01   0.86665E-01   0.31458E+00   0.22073E+00  -0.18093E+00   0.24228E+03
   0.10196E+00  -0.80304E+00  -0.83466E+00   0.61368E+00  -0.13459E+01  -0.15883E+02   0.74488E+00   0.20195E+01   0.14889E-01   0.10380E+00   0.35168E+00   0.25444E+00  -0.21123E+00   0.25788E+03
   0.98741E-01  -0.10361E+01  -0.84348E+00   0.57503E+00  -0.13750E+01  -0.16715E+02   0.76248E+00   0.21586E+01   0.15110E-01   0.12483E+00   0.41815E+00   0.29444E+00  -0.24776E+00   0.27538E+03
   0.95532E-01  -0.12935E+01  -0.84139E+00   0.53116E+00  -0.14243E+01  -0.17585E+02   0.74433E+00   0.23061E+01   0.14975E-01   0.15068E+00   0.50924E+00   0.34196E+00  -0.29188E+00   0.29509E+03
   0.92332E-01  -0.15592E+01  -0.82445E+00   0.48565E+00  -0.15085E+01  -0.18491E+02   0.72082E+00   0.24602E+01   0.14379E-01   0.18251E+00   0.61130E+00   0.39955E+00  -0.34605E+00   0.31740E+03
   0.89139E-01  -0.18445E+01  -0.79196E+00   0.42667E+00  -0.16251E+01  -0.19431E+02   0.72349E+00   0.26185E+01   0.13390E-01   0.22127E+00   0.72047E+00   0.46907E+00  -0.41208E+00   0.34271E+03
   0.85954E-01  -0.21794E+01  -0.74439E+00   0.34023E+00  -0.17647E+01  -0.20401E+02   0.73934E+00   0.27792E+01   0.11995E-01   0.26857E+00   0.82769E+00   0.55390E+00  -0.49333E+00   0.37143E+03
   0.82776E-01  -0.25480E+01  -0.67537E+00   0.24302E+00  -0.19326E+01  -0.21378E+02   0.70319E+00   0.29329E+01   0.10411E-01   0.32686E+00   0.95612E+00   0.65943E+00  -0.59506E+00   0.40405E+03
   0.79605E-01  -0.29656E+01  -0.57774E+00   0.14957E+00  -0.21288E+01  -0.22348E+02   0.55645E+00   0.30691E+01   0.94523E-02   0.39887E+00   0.11413E+01   0.79077E+00  -0.72266E+00   0.44117E+03
   0.76439E-01  -0.34478E+01  -0.44530E+00   0.27180E-01  -0.23200E+01  -0.23296E+02   0.26832E+00   0.31797E+01   0.10116E-01   0.48784E+00   0.13976E+01   0.95321E+00  -0.88242E+00   0.48343E+03
   0.73279E-01  -0.40037E+01  -0.27344E+00  -0.12504E+00  -0.24891E+01  -0.24196E+02  -0.14926E+00   0.32554E+01   0.13785E-01   0.59712E+00   0.17311E+01   0.11544E+01  -0.10833E+01   0.53152E+03
   0.70125E-01  -0.46099E+01  -0.58489E-01  -0.28217E+00  -0.26407E+01  -0.25009E+02  -0.75375E+00   0.32901E+01   0.23840E-01   0.72954E+00   0.21509E+01   0.14064E+01  -0.13387E+01   0.58606E+03
   0.66975E-01  -0.51948E+01   0.20670E+00  -0.44496E+00  -0.27683E+01  -0.25654E+02  -0.16858E+01   0.32706E+01   0.46040E-01   0.88955E+00   0.26608E+01   0.17238E+01  -0.16657E+01   0.64751E+03
   0.63830E-01  -0.56282E+01   0.53057E+00  -0.64112E+00  -0.28225E+01  -0.26048E+02  -0.30126E+01   0.31658E+01   0.90182E-01   0.10790E+01   0.32987E+01   0.21142E+01  -0.20781E+01   0.71627E+03
   0.60689E-01  -0.58786E+01   0.91477E+00  -0.82260E+00  -0.28340E+01  -0.26175E+02  -0.46886E+01   0.29682E+01   0.17199E+00   0.12912E+01   0.40576E+01   0.25785E+01  -0.25850E+01   0.79209E+03
   0.57552E-01  -0.59703E+01   0.13703E+01  -0.94724E+00  -0.28265E+01  -0.26037E+02  -0.66710E+01   0.26939E+01   0.31564E+00   0.15102E+01   0.48840E+01   0.31108E+01  -0.31904E+01   0.87370E+03
   0.54419E-01  -0.59237E+01   0.19090E+01  -0.10664E+01  -0.27249E+01  -0.25652E+02  -0.88978E+01   0.23711E+01   0.56017E+00   0.17040E+01   0.57260E+01   0.36845E+01  -0.38831E+01   0.95854E+03
   0.51290E-01  -0.57399E+01   0.25333E+01  -0.12133E+01  -0.24885E+01  -0.25127E+02  -0.10875E+02   0.20829E+01   0.96503E+00   0.18054E+01   0.63721E+01   0.42088E+01  -0.45933E+01   0.10423E+04
   0.48164E-01  -0.53847E+01   0.32489E+01  -0.13438E+01  -0.21475E+01  -0.24544E+02  -0.12194E+02   0.19486E+01   0.16040E+01   0.17094E+01   0.65091E+01   0.45454E+01  -0.51971E+01   0.11178E+04
   0.45041E-01  -0.48645E+01   0.40644E+01  -0.14697E+01  -0.16881E+01  -0.23966E+02  -0.12656E+02   0.20812E+01   0.25655E+01   0.12745E+01   0.59419E+01   0.45107E+01  -0.55152E+01   0.11760E+04
   0.41921E-01  -0.41934E+01   0.49770E+01  -0.15301E+01  -0.12249E+01  -0.23487E+02  -0.12194E+02   0.26235E+01   0.39424E+01   0.32386E+00   0.45041E+01   0.38737E+01  -0.53068E+01   0.12058E+04
   0.38803E-01  -0.33925E+01   0.59667E+01  -0.14807E+01  -0.86055E+00  -0.23182E+02  -0.10330E+02   0.37318E+01   0.57976E+01  -0.13586E+01   0.20878E+01   0.23145E+01  -0.42018E+01   0.11954E+04
   0.35688E-01  -0.24744E+01   0.69533E+01  -0.14000E+01  -0.53025E+00  -0.23034E+02  -0.69321E+01   0.54870E+01   0.80732E+01  -0.39188E+01  -0.13354E+01  -0.34774E+00  -0.18815E+01   0.11323E+04
   0.32575E-01  -0.14154E+01   0.78591E+01  -0.13082E+01  -0.25357E+00  -0.22861E+02  -0.26074E+01   0.77297E+01   0.10482E+02  -0.72335E+01  -0.51231E+01  -0.39102E+01   0.16501E+01   0.10090E+04
   0.29465E-01  -0.49299E+00   0.85358E+01  -0.11151E+01  -0.98890E-01  -0.22351E+02   0.20862E+01   0.10077E+02   0.12469E+02  -0.10795E+02  -0.85522E+01  -0.76880E+01   0.59496E+01   0.82763E+03
   0.26356E-01   0.13357E+00   0.88529E+01  -0.77983E+00  -0.90603E-01  -0.21048E+02   0.54411E+01   0.11654E+02   0.13205E+02  -0.13375E+02  -0.10868E+02  -0.10161E+02   0.96473E+01   0.60409E+03
   0.23250E-01   0.61001E+00   0.86905E+01  -0.48078E+00  -0.24027E-01  -0.18752E+02   0.61731E+01   0.11152E+02   0.11962E+02  -0.13198E+02  -0.11072E+02  -0.96417E+01   0.10692E+02   0.37733E+03
   0.20145E-01   0.10745E+01   0.79177E+01  -0.17616E+00   0.36111E-01  -0.15882E+02   0.49141E+01   0.80491E+01   0.88820E+01  -0.96401E+01  -0.85206E+01  -0.61757E+01   0.81543E+01   0.20152E+03
   0.17042E-01   0.12803E+01   0.65629E+01   0.15315E+00   0.98699E-01  -0.13370E+02   0.35955E+01   0.39121E+01   0.53139E+01  -0.47505E+01  -0.44986E+01  -0.22048E+01   0.38790E+01   0.10619E+03
   0.13940E-01   0.12287E+01   0.48728E+01   0.42599E+00   0.22788E+00  -0.11999E+02   0.38407E+01   0.12097E+01   0.27143E+01  -0.15596E+01  -0.14088E+01  -0.97332E-01   0.93617E+00   0.73566E+02
   0.10840E-01   0.10341E+01   0.31377E+01   0.65528E+00   0.36153E+00  -0.11908E+02   0.60040E+01   0.70851E+00   0.13632E+01  -0.90063E+00  -0.40706E+00   0.18488E+00   0.36384E+00   0.63133E+02
   0.77416E-02   0.65981E+00   0.16336E+01   0.79221E+00   0.47286E+00  -0.12716E+02   0.91200E+01   0.13671E+01   0.76094E+00  -0.15392E+01  -0.84986E+00  -0.12469E+00   0.10959E+01   0.51417E+02
   0.46441E-02   0.24541E+00   0.58013E+00   0.75955E+00   0.48405E+00  -0.13962E+02   0.12267E+02   0.21893E+01   0.48658E+00  -0.23450E+01  -0.17827E+01  -0.35906E+00   0.20556E+01   0.32836E+02
   0.15479E-02   0.31604E-01   0.62829E-01   0.39083E+00   0.30826E+00  -0.15368E+02   0.14956E+02   0.25244E+01   0.31222E+00  -0.26451E+01  -0.23870E+01  -0.32237E+00   0.25466E+01   0.10417E+02
