   0.19235E+03   0.96417E+00   0.29629E+03   0.26822E+00  -0.21700E-01  -0.31929E+00  -0.10592E+01  -0.19315E+00   0.72134E+00  -0.60029E-03   0.13435E-05   0.77790E-05  -0.22623E-02   0.75792E-05  -0.46165E-05   0.00000E+00
   0.18762E+03   0.94036E+00   0.28898E+03   0.52552E-01  -0.25837E-01   0.76967E+00  -0.74289E+00  -0.48420E+00  -0.10798E+00   0.73517E-04   0.10533E-05   0.73373E-05   0.13991E-03   0.11471E-04  -0.10148E-04   0.00000E+00
   0.18292E+03   0.91667E+00   0.28170E+03  -0.11451E-01  -0.37103E-01   0.79679E+00  -0.64795E+00  -0.56182E+00  -0.14826E-01   0.14920E-03  -0.55215E-06   0.92768E-05  -0.19096E-03   0.20587E-04  -0.21102E-04   0.00000E+00
   0.17826E+03   0.89314E+00   0.27447E+03  -0.42603E-01  -0.48777E-01   0.77708E+00  -0.58298E+00  -0.57671E+00  -0.12617E-01   0.22248E-03  -0.27201E-05   0.11552E-04  -0.35865E-03   0.23464E-04  -0.26005E-04   0.00000E+00
   0.17365E+03   0.86983E+00   0.26730E+03  -0.55931E-01  -0.53882E-01   0.66825E+00  -0.44921E+00  -0.58052E+00  -0.14618E-01   0.28795E-03  -0.46924E-05   0.11999E-04  -0.44345E-03   0.13316E-04  -0.20384E-04   0.00000E+00
   0.16910E+03   0.84677E+00   0.26022E+03  -0.66947E-01  -0.51125E-01   0.48261E+00  -0.24881E+00  -0.58233E+00  -0.12392E-01   0.29467E-03  -0.68394E-05   0.10239E-04  -0.38183E-03  -0.49852E-05  -0.80320E-05   0.00000E+00
   0.16461E+03   0.82400E+00   0.25322E+03  -0.84960E-01  -0.43574E-01   0.29830E+00  -0.50668E-01  -0.58444E+00  -0.59669E-02   0.26127E-03  -0.92227E-05   0.70011E-05  -0.24090E-03  -0.20504E-04   0.64327E-06   0.00000E+00
   0.16019E+03   0.80156E+00   0.24633E+03  -0.10574E+00  -0.35812E-01   0.95108E-01   0.15432E+00  -0.58536E+00   0.20080E-03   0.22720E-03  -0.11417E-04   0.43994E-05  -0.15645E-03  -0.25480E-04   0.46629E-07   0.00000E+00
   0.15585E+03   0.77949E+00   0.23954E+03  -0.11920E+00  -0.30141E-01  -0.72933E-01   0.31131E+00  -0.58462E+00   0.30725E-02   0.19831E-03  -0.13607E-04   0.40407E-05  -0.15613E-03  -0.25209E-04  -0.19757E-05   0.00000E+00
   0.15159E+03   0.75782E+00   0.23288E+03  -0.11692E+00  -0.23584E-01  -0.10554E+00   0.32821E+00  -0.58447E+00   0.49709E-02   0.20166E-03  -0.16334E-04   0.49822E-05  -0.16985E-03  -0.26460E-04   0.14691E-05   0.00000E+00
   0.14742E+03   0.73658E+00   0.22636E+03  -0.10074E+00  -0.16379E-01  -0.69207E-03   0.19733E+00  -0.58635E+00   0.81335E-02   0.24224E-03  -0.20355E-04   0.56060E-05  -0.21142E-03  -0.22511E-04   0.16360E-05   0.00000E+00
   0.14334E+03   0.71579E+00   0.21997E+03  -0.74054E-01  -0.11353E-01   0.12203E+00   0.50689E-01  -0.58845E+00   0.10372E-01   0.29343E-03  -0.25699E-04   0.61758E-05  -0.32547E-03  -0.84571E-05  -0.77998E-05   0.00000E+00
   0.13935E+03   0.69548E+00   0.21373E+03  -0.46815E-01  -0.98739E-02   0.18690E+00  -0.29511E-01  -0.58858E+00   0.10253E-01   0.36396E-03  -0.31303E-04   0.70211E-05  -0.47555E-03   0.79801E-05  -0.15800E-04   0.00000E+00
   0.13547E+03   0.67566E+00   0.20764E+03  -0.27745E-01  -0.96457E-02   0.16103E+00  -0.22851E-01  -0.58851E+00   0.10843E-01   0.52423E-03  -0.36298E-04   0.83601E-05  -0.61858E-03   0.22286E-04  -0.18317E-04   0.00000E+00
   0.13168E+03   0.65636E+00   0.20170E+03  -0.17540E-01  -0.10389E-01   0.11652E+00   0.11312E-01  -0.58925E+00   0.12436E-01   0.68964E-03  -0.38060E-04   0.95880E-05  -0.62158E-03   0.32480E-04  -0.16895E-04   0.00000E+00
   0.12800E+03   0.63758E+00   0.19593E+03  -0.11684E-01  -0.10592E-01   0.12249E+00   0.11249E-01  -0.59015E+00   0.13300E-01   0.76074E-03  -0.36265E-04   0.10097E-04  -0.52746E-03   0.36790E-04  -0.90387E-05   0.00000E+00
   0.12443E+03   0.61934E+00   0.19033E+03  -0.34155E-02  -0.10602E-01   0.14352E+00  -0.72125E-02  -0.59055E+00   0.11867E-01   0.83954E-03  -0.31543E-04   0.92773E-05  -0.52271E-03   0.34685E-04   0.16937E-05   0.00000E+00
   0.12095E+03   0.60163E+00   0.18489E+03   0.11812E-01  -0.98887E-02   0.18721E+00  -0.48751E-01  -0.59149E+00   0.87428E-02   0.97400E-03  -0.25859E-04   0.66863E-05  -0.61732E-03   0.21841E-04   0.15545E-04   0.00000E+00
   0.11759E+03   0.58448E+00   0.17961E+03   0.32452E-01  -0.82113E-02   0.24669E+00  -0.10781E+00  -0.59338E+00   0.53184E-02   0.11096E-02  -0.21819E-04   0.36447E-05  -0.74150E-03   0.92898E-05   0.28650E-04   0.00000E+00
   0.11434E+03   0.56786E+00   0.17451E+03   0.53285E-01  -0.65113E-02   0.29825E+00  -0.16485E+00  -0.59539E+00   0.15413E-02   0.12413E-02  -0.20293E-04   0.17720E-05  -0.84677E-03   0.81436E-05   0.29341E-04   0.00000E+00
   0.11119E+03   0.55179E+00   0.16957E+03   0.69908E-01  -0.59745E-02   0.33679E+00  -0.19854E+00  -0.59652E+00  -0.26739E-02   0.14572E-02  -0.19616E-04   0.11360E-05  -0.85057E-03   0.85652E-05   0.27320E-04   0.00000E+00
   0.10815E+03   0.53626E+00   0.16480E+03   0.80214E-01  -0.48237E-02   0.35724E+00  -0.20917E+00  -0.59952E+00  -0.39250E-02   0.17659E-02  -0.18935E-04   0.62528E-07  -0.61440E-03   0.76078E-07   0.35982E-04   0.00000E+00
   0.10521E+03   0.52126E+00   0.16019E+03   0.83666E-01  -0.28524E-02   0.34054E+00  -0.19061E+00  -0.60517E+00  -0.14669E-02   0.22127E-02  -0.18226E-04  -0.16243E-05  -0.42754E-03  -0.71037E-05   0.43314E-04   0.00000E+00
   0.10237E+03   0.50679E+00   0.15574E+03   0.89303E-01  -0.10208E-02   0.27462E+00  -0.12690E+00  -0.61182E+00   0.18614E-02   0.27774E-02  -0.17332E-04  -0.34469E-05  -0.77361E-03  -0.68368E-05   0.45071E-04   0.00000E+00
   0.99635E+02   0.49284E+00   0.15145E+03   0.99110E-01   0.39831E-03   0.18401E+00  -0.32973E-01  -0.61870E+00   0.24470E-02   0.32944E-02  -0.16226E-04  -0.51592E-05  -0.11947E-02   0.44214E-05   0.34308E-04   0.00000E+00
   0.96996E+02   0.47939E+00   0.14732E+03   0.10490E+00   0.52344E-03   0.10540E+00   0.59315E-01  -0.62532E+00  -0.10263E-02   0.37663E-02  -0.14487E-04  -0.59608E-05  -0.11274E-02   0.17813E-04   0.16177E-04   0.00000E+00
   0.94452E+02   0.46643E+00   0.14334E+03   0.10398E+00   0.57252E-03   0.49007E-01   0.13284E+00  -0.63174E+00  -0.62313E-02   0.41736E-02  -0.12203E-04  -0.69921E-05  -0.60920E-03   0.16156E-04   0.12589E-04   0.00000E+00
   0.92001E+02   0.45396E+00   0.13951E+03   0.97222E-01   0.12491E-02  -0.25170E-02   0.19551E+00  -0.63894E+00  -0.10464E-01   0.45256E-02  -0.10123E-04  -0.85407E-05   0.19539E-03   0.17515E-05   0.21312E-04   0.00000E+00
   0.89640E+02   0.44195E+00   0.13582E+03   0.88320E-01   0.25243E-02  -0.55873E-01   0.25837E+00  -0.64738E+00  -0.12930E-01   0.49718E-02  -0.92041E-05  -0.10162E-04   0.90259E-03  -0.35293E-05   0.17577E-04   0.00000E+00
   0.87367E+02   0.43040E+00   0.13226E+03   0.78435E-01   0.23897E-02  -0.11521E+00   0.32747E+00  -0.65704E+00  -0.13631E-01   0.56092E-02  -0.86927E-05  -0.10540E-04   0.12356E-02   0.97063E-05  -0.86842E-05   0.00000E+00
   0.85180E+02   0.41928E+00   0.12885E+03   0.71383E-01   0.79595E-03  -0.18351E+00   0.39812E+00  -0.66735E+00  -0.12962E-01   0.63473E-02  -0.79693E-05  -0.96444E-05   0.11198E-02   0.19986E-04  -0.32767E-04   0.00000E+00
   0.83074E+02   0.40858E+00   0.12556E+03   0.69261E-01  -0.13457E-02  -0.25046E+00   0.46350E+00  -0.67798E+00  -0.11868E-01   0.71653E-02  -0.69375E-05  -0.80367E-05   0.64395E-03   0.12849E-04  -0.37883E-04   0.00000E+00
   0.81048E+02   0.39828E+00   0.12240E+03   0.73452E-01  -0.29177E-02  -0.29930E+00   0.51653E+00  -0.68955E+00  -0.10226E-01   0.81647E-02  -0.59427E-05  -0.66750E-05   0.48474E-04  -0.16535E-04  -0.16505E-04   0.00000E+00
   0.79096E+02   0.38838E+00   0.11935E+03   0.83879E-01  -0.32492E-02  -0.32657E+00   0.55731E+00  -0.70290E+00  -0.65985E-02   0.93130E-02  -0.54365E-05  -0.63681E-05  -0.52809E-03  -0.73719E-04   0.32836E-04   0.00000E+00
   0.77218E+02   0.37885E+00   0.11642E+03   0.99016E-01  -0.17088E-02  -0.32913E+00   0.57679E+00  -0.71755E+00  -0.20084E-02   0.10500E-01  -0.60136E-05  -0.78038E-05  -0.11023E-02  -0.14533E-03   0.96741E-04   0.00000E+00
   0.75408E+02   0.36967E+00   0.11360E+03   0.11536E+00   0.11123E-02  -0.32023E+00   0.58392E+00  -0.73341E+00   0.18148E-02   0.11782E-01  -0.77158E-05  -0.10673E-04  -0.16908E-02  -0.20514E-03   0.15049E-03   0.00000E+00
   0.73666E+02   0.36084E+00   0.11089E+03   0.13237E+00   0.46070E-02  -0.29399E+00   0.57519E+00  -0.75017E+00   0.48542E-02   0.13123E-01  -0.10296E-04  -0.14376E-04  -0.20585E-02  -0.25250E-03   0.18871E-03   0.00000E+00
   0.71986E+02   0.35233E+00   0.10827E+03   0.15005E+00   0.82782E-02  -0.24066E+00   0.54584E+00  -0.76740E+00   0.47793E-02   0.14413E-01  -0.13427E-04  -0.18891E-04  -0.18550E-02  -0.28269E-03   0.20638E-03   0.00000E+00
   0.70368E+02   0.34413E+00   0.10575E+03   0.16054E+00   0.11433E-01  -0.18084E+00   0.50915E+00  -0.78439E+00   0.16298E-02   0.15596E-01  -0.16408E-04  -0.23732E-04  -0.14468E-02  -0.29946E-03   0.20827E-03   0.00000E+00
   0.68808E+02   0.33623E+00   0.10332E+03   0.16929E+00   0.14126E-01  -0.11145E+00   0.46231E+00  -0.80167E+00  -0.24935E-02   0.16837E-01  -0.19178E-04  -0.28983E-04  -0.14117E-02  -0.30329E-03   0.19755E-03   0.00000E+00
   0.67304E+02   0.32860E+00   0.10098E+03   0.17486E+00   0.15949E-01  -0.33956E-01   0.41432E+00  -0.81919E+00  -0.71446E-02   0.18022E-01  -0.21553E-04  -0.33667E-04  -0.13512E-02  -0.31051E-03   0.18284E-03   0.00000E+00
   0.65851E+02   0.32125E+00   0.98721E+02   0.17778E+00   0.17883E-01   0.43381E-01   0.36489E+00  -0.83805E+00  -0.89012E-02   0.19243E-01  -0.24527E-04  -0.37706E-04  -0.14948E-02  -0.33237E-03   0.18534E-03   0.00000E+00
   0.64448E+02   0.31414E+00   0.96538E+02   0.18137E+00   0.19867E-01   0.11672E+00   0.31120E+00  -0.85895E+00  -0.87649E-02   0.20685E-01  -0.28905E-04  -0.41455E-04  -0.17001E-02  -0.34298E-03   0.19663E-03   0.00000E+00
   0.63092E+02   0.30728E+00   0.94428E+02   0.18529E+00   0.21744E-01   0.17449E+00   0.26624E+00  -0.88119E+00  -0.79614E-02   0.22264E-01  -0.35276E-04  -0.45250E-04  -0.19212E-02  -0.35699E-03   0.21459E-03   0.00000E+00
   0.61780E+02   0.30064E+00   0.92388E+02   0.19483E+00   0.23684E-01   0.21822E+00   0.23806E+00  -0.90456E+00  -0.74989E-02   0.24100E-01  -0.43700E-04  -0.49572E-04  -0.22148E-02  -0.37490E-03   0.22708E-03   0.00000E+00
   0.60510E+02   0.29422E+00   0.90414E+02   0.20644E+00   0.25377E-01   0.25428E+00   0.22214E+00  -0.92898E+00  -0.83125E-02   0.26138E-01  -0.53798E-04  -0.53974E-04  -0.22472E-02  -0.38182E-03   0.22627E-03   0.00000E+00
   0.59281E+02   0.28799E+00   0.88503E+02   0.21702E+00   0.26749E-01   0.27286E+00   0.22115E+00  -0.95456E+00  -0.75487E-02   0.28373E-01  -0.65614E-04  -0.58347E-04  -0.26387E-02  -0.37777E-03   0.22175E-03   0.00000E+00
   0.58089E+02   0.28197E+00   0.86650E+02   0.22670E+00   0.27775E-01   0.27571E+00   0.23039E+00  -0.98132E+00  -0.43356E-02   0.30808E-01  -0.79594E-04  -0.62399E-04  -0.34618E-02  -0.35988E-03   0.20974E-03   0.00000E+00
   0.56933E+02   0.27612E+00   0.84853E+02   0.23724E+00   0.28458E-01   0.26682E+00   0.25286E+00  -0.10088E+01  -0.52416E-03   0.33377E-01  -0.96212E-04  -0.65326E-04  -0.43430E-02  -0.34079E-03   0.19456E-03   0.00000E+00
   0.55810E+02   0.27044E+00   0.83108E+02   0.24644E+00   0.29100E-01   0.24673E+00   0.29411E+00  -0.10359E+01   0.16007E-02   0.35936E-01  -0.11617E-03  -0.66753E-04  -0.50038E-02  -0.32979E-03   0.18893E-03   0.00000E+00
   0.54719E+02   0.26492E+00   0.81412E+02   0.25530E+00   0.29776E-01   0.22858E+00   0.33516E+00  -0.10629E+01   0.24027E-02   0.38523E-01  -0.13995E-03  -0.67059E-04  -0.54819E-02  -0.34545E-03   0.21085E-03   0.00000E+00
   0.53657E+02   0.25955E+00   0.79763E+02   0.26422E+00   0.30938E-01   0.22189E+00   0.36890E+00  -0.10896E+01   0.89099E-03   0.40991E-01  -0.16855E-03  -0.67656E-04  -0.52144E-02  -0.39955E-03   0.27294E-03   0.00000E+00
   0.52624E+02   0.25433E+00   0.78158E+02   0.27040E+00   0.32690E-01   0.22887E+00   0.39864E+00  -0.11164E+01  -0.31749E-02   0.43283E-01  -0.20283E-03  -0.69881E-04  -0.42956E-02  -0.47233E-03   0.36760E-03   0.00000E+00
   0.51617E+02   0.24924E+00   0.76594E+02   0.27355E+00   0.35077E-01   0.24028E+00   0.42969E+00  -0.11433E+01  -0.78339E-02   0.45441E-01  -0.24347E-03  -0.74578E-04  -0.33377E-02  -0.56146E-03   0.48441E-03   0.00000E+00
   0.50634E+02   0.24428E+00   0.75068E+02   0.27307E+00   0.38208E-01   0.25879E+00   0.46328E+00  -0.11704E+01  -0.15030E-01   0.47493E-01  -0.29060E-03  -0.82028E-04  -0.20610E-02  -0.62708E-03   0.58609E-03   0.00000E+00
   0.49675E+02   0.23943E+00   0.73579E+02   0.26495E+00   0.41469E-01   0.27762E+00   0.50276E+00  -0.11980E+01  -0.25050E-01   0.49528E-01  -0.34356E-03  -0.91148E-04  -0.15630E-03  -0.65602E-03   0.65291E-03   0.00000E+00
   0.48737E+02   0.23470E+00   0.72125E+02   0.24931E+00   0.44775E-01   0.27759E+00   0.55660E+00  -0.12268E+01  -0.33914E-01   0.51685E-01  -0.40216E-03  -0.10142E-03   0.17415E-02  -0.69259E-03   0.70584E-03   0.00000E+00
   0.47820E+02   0.23007E+00   0.70702E+02   0.22937E+00   0.48177E-01   0.25842E+00   0.62650E+00  -0.12577E+01  -0.39305E-01   0.54084E-01  -0.46643E-03  -0.11289E-03   0.30090E-02  -0.71713E-03   0.73828E-03   0.00000E+00
   0.46923E+02   0.22554E+00   0.69310E+02   0.21050E+00   0.51294E-01   0.22940E+00   0.70877E+00  -0.12904E+01  -0.42053E-01   0.56696E-01  -0.53598E-03  -0.12527E-03   0.38385E-02  -0.72494E-03   0.75143E-03   0.00000E+00
   0.46043E+02   0.22110E+00   0.67946E+02   0.19228E+00   0.54190E-01   0.18801E+00   0.80239E+00  -0.13249E+01  -0.44573E-01   0.59558E-01  -0.61171E-03  -0.13890E-03   0.49444E-02  -0.71745E-03   0.73441E-03   0.00000E+00
   0.45181E+02   0.21675E+00   0.66609E+02   0.17278E+00   0.56488E-01   0.12618E+00   0.91495E+00  -0.13613E+01  -0.47350E-01   0.62616E-01  -0.69385E-03  -0.15284E-03   0.63028E-02  -0.65852E-03   0.66680E-03   0.00000E+00
   0.44334E+02   0.21248E+00   0.65297E+02   0.15181E+00   0.57938E-01   0.48486E-01   0.10414E+01  -0.13988E+01  -0.49548E-01   0.65643E-01  -0.78304E-03  -0.16545E-03   0.74752E-02  -0.59086E-03   0.59641E-03   0.00000E+00
   0.43503E+02   0.20829E+00   0.64008E+02   0.12957E+00   0.58970E-01  -0.42046E-01   0.11819E+01  -0.14377E+01  -0.51717E-01   0.68722E-01  -0.87991E-03  -0.17733E-03   0.85873E-02  -0.52288E-03   0.53471E-03   0.00000E+00
   0.42686E+02   0.20416E+00   0.62741E+02   0.10594E+00   0.59343E-01  -0.11600E+00   0.13174E+01  -0.14783E+01  -0.54428E-01   0.72155E-01  -0.98420E-03  -0.18846E-03   0.93116E-02  -0.43548E-03   0.45853E-03   0.00000E+00
   0.41882E+02   0.20011E+00   0.61495E+02   0.83277E-01   0.59028E-01  -0.18016E+00   0.14507E+01  -0.15199E+01  -0.57148E-01   0.75918E-01  -0.10954E-02  -0.20018E-03   0.92158E-02  -0.37292E-03   0.38102E-03   0.00000E+00
   0.41090E+02   0.19611E+00   0.60267E+02   0.62834E-01   0.58146E-01  -0.23117E+00   0.15816E+01  -0.15630E+01  -0.61227E-01   0.80100E-01  -0.12136E-02  -0.21368E-03   0.92502E-02  -0.30594E-03   0.29096E-03   0.00000E+00
   0.40310E+02   0.19218E+00   0.59059E+02   0.40840E-01   0.56565E-01  -0.25628E+00   0.17032E+01  -0.16085E+01  -0.65765E-01   0.84625E-01  -0.13395E-02  -0.22758E-03   0.99075E-02  -0.21586E-03   0.19060E-03   0.00000E+00
   0.39541E+02   0.18830E+00   0.57867E+02   0.16551E-01   0.54398E-01  -0.26627E+00   0.18149E+01  -0.16564E+01  -0.68398E-01   0.89293E-01  -0.14746E-02  -0.24170E-03   0.10823E-01  -0.13182E-03   0.10518E-03   0.00000E+00
   0.38782E+02   0.18448E+00   0.56690E+02  -0.10621E-01   0.51752E-01  -0.28116E+00   0.19280E+01  -0.17074E+01  -0.68738E-01   0.94211E-01  -0.16212E-02  -0.25592E-03   0.11895E-01  -0.53353E-04   0.37146E-04   0.00000E+00
   0.38033E+02   0.18070E+00   0.55529E+02  -0.41930E-01   0.48682E-01  -0.29188E+00   0.20374E+01  -0.17609E+01  -0.68057E-01   0.99274E-01  -0.17820E-02  -0.27006E-03   0.13132E-01   0.41222E-04  -0.35901E-04   0.00000E+00
   0.37292E+02   0.17696E+00   0.54382E+02  -0.75796E-01   0.45038E-01  -0.29141E+00   0.21353E+01  -0.18169E+01  -0.66493E-01   0.10455E+00  -0.19595E-02  -0.28274E-03   0.14260E-01   0.94241E-04  -0.83659E-04   0.00000E+00
   0.36560E+02   0.17327E+00   0.53248E+02  -0.10898E+00   0.41507E-01  -0.29441E+00   0.22293E+01  -0.18761E+01  -0.65205E-01   0.11018E+00  -0.21576E-02  -0.29373E-03   0.15652E-01   0.10793E-03  -0.10080E-03   0.00000E+00
   0.35836E+02   0.16962E+00   0.52125E+02  -0.14196E+00   0.37999E-01  -0.31092E+00   0.23312E+01  -0.19392E+01  -0.64582E-01   0.11651E+00  -0.23789E-02  -0.30026E-03   0.17289E-01   0.13930E-03  -0.11408E-03   0.00000E+00
   0.35120E+02   0.16601E+00   0.51015E+02  -0.17449E+00   0.34621E-01  -0.33075E+00   0.24398E+01  -0.20062E+01  -0.62684E-01   0.12373E+00  -0.26272E-02  -0.30218E-03   0.18522E-01   0.15757E-03  -0.10408E-03   0.00000E+00
   0.34411E+02   0.16243E+00   0.49915E+02  -0.20763E+00   0.31434E-01  -0.35194E+00   0.25526E+01  -0.20765E+01  -0.58401E-01   0.13181E+00  -0.29067E-02  -0.29970E-03   0.19238E-01   0.20665E-03  -0.10469E-03   0.00000E+00
   0.33708E+02   0.15888E+00   0.48825E+02  -0.24170E+00   0.28091E-01  -0.37362E+00   0.26659E+01  -0.21488E+01  -0.52705E-01   0.14056E+00  -0.32199E-02  -0.29354E-03   0.19733E-01   0.25519E-03  -0.99834E-04   0.00000E+00
   0.33012E+02   0.15536E+00   0.47744E+02  -0.27929E+00   0.24807E-01  -0.38552E+00   0.27715E+01  -0.22207E+01  -0.50334E-01   0.14967E+00  -0.35686E-02  -0.28695E-03   0.20467E-01   0.31081E-03  -0.11098E-03   0.00000E+00
   0.32322E+02   0.15187E+00   0.46672E+02  -0.31980E+00   0.21243E-01  -0.37772E+00   0.28643E+01  -0.22897E+01  -0.51783E-01   0.15876E+00  -0.39477E-02  -0.28010E-03   0.20963E-01   0.39234E-03  -0.13351E-03   0.00000E+00
   0.31637E+02   0.14841E+00   0.45608E+02  -0.36397E+00   0.17649E-01  -0.35343E+00   0.29456E+01  -0.23558E+01  -0.58323E-01   0.16712E+00  -0.43613E-02  -0.27360E-03   0.23280E-01   0.44917E-03  -0.98110E-04   0.00000E+00
   0.30957E+02   0.14498E+00   0.44552E+02  -0.41283E+00   0.14174E-01  -0.30800E+00   0.30093E+01  -0.24216E+01  -0.67524E-01   0.17539E+00  -0.48193E-02  -0.26787E-03   0.27027E-01   0.44058E-03   0.13503E-05   0.00000E+00
   0.30283E+02   0.14156E+00   0.43503E+02  -0.46505E+00   0.11105E-01  -0.23450E+00   0.30576E+01  -0.24874E+01  -0.80011E-01   0.18442E+00  -0.53300E-02  -0.26733E-03   0.30334E-01   0.38494E-03   0.12189E-03   0.00000E+00
   0.29613E+02   0.13817E+00   0.42461E+02  -0.51893E+00   0.81446E-02  -0.12289E+00   0.30772E+01  -0.25519E+01  -0.10064E+00   0.19415E+00  -0.58962E-02  -0.27364E-03   0.33432E-01   0.33146E-03   0.23785E-03   0.00000E+00
   0.28947E+02   0.13480E+00   0.41425E+02  -0.57129E+00   0.53747E-02   0.25833E-01   0.30631E+01  -0.26143E+01  -0.12657E+00   0.20431E+00  -0.65263E-02  -0.28574E-03   0.35892E-01   0.24613E-03   0.40409E-03   0.00000E+00
   0.28285E+02   0.13145E+00   0.40395E+02  -0.62159E+00   0.29853E-02   0.18559E+00   0.30368E+01  -0.26761E+01  -0.15404E+00   0.21491E+00  -0.72294E-02  -0.30337E-03   0.37889E-01   0.11519E-03   0.63391E-03   0.00000E+00
   0.27627E+02   0.12811E+00   0.39371E+02  -0.66833E+00   0.10543E-02   0.34749E+00   0.30047E+01  -0.27399E+01  -0.17960E+00   0.22676E+00  -0.80089E-02  -0.33193E-03   0.38800E-01  -0.63941E-04   0.88773E-03   0.00000E+00
   0.26973E+02   0.12480E+00   0.38351E+02  -0.71040E+00  -0.54872E-03   0.49727E+00   0.29745E+01  -0.28051E+01  -0.20327E+00   0.23986E+00  -0.88591E-02  -0.37549E-03   0.38108E-01  -0.31674E-03   0.11678E-02   0.00000E+00
   0.26322E+02   0.12150E+00   0.37336E+02  -0.73908E+00  -0.16380E-02   0.63956E+00   0.29328E+01  -0.28672E+01  -0.23460E+00   0.25331E+00  -0.97755E-02  -0.43339E-03   0.38056E-01  -0.51046E-03   0.14057E-02   0.00000E+00
   0.25675E+02   0.11821E+00   0.36326E+02  -0.75278E+00  -0.27298E-02   0.78045E+00   0.28789E+01  -0.29259E+01  -0.27508E+00   0.26728E+00  -0.10759E-01  -0.49697E-03   0.39129E-01  -0.71013E-03   0.16661E-02   0.00000E+00
   0.25031E+02   0.11493E+00   0.35320E+02  -0.75276E+00  -0.30290E-02   0.93465E+00   0.28055E+01  -0.29817E+01  -0.31893E+00   0.28175E+00  -0.11830E-01  -0.56432E-03   0.40890E-01  -0.10295E-02   0.20267E-02   0.00000E+00
   0.24390E+02   0.11167E+00   0.34318E+02  -0.74175E+00  -0.24566E-02   0.10776E+01   0.27337E+01  -0.30342E+01  -0.36727E+00   0.29610E+00  -0.12996E-01  -0.63261E-03   0.44586E-01  -0.13811E-02   0.24022E-02   0.00000E+00
   0.23752E+02   0.10842E+00   0.33320E+02  -0.72371E+00  -0.76351E-03   0.11961E+01   0.26650E+01  -0.30857E+01  -0.41338E+00   0.31120E+00  -0.14262E-01  -0.69423E-03   0.48567E-01  -0.16018E-02   0.26584E-02   0.00000E+00
   0.23117E+02   0.10519E+00   0.32324E+02  -0.70141E+00   0.87522E-03   0.12774E+01   0.26150E+01  -0.31359E+01  -0.45268E+00   0.32724E+00  -0.15610E-01  -0.74343E-03   0.50484E-01  -0.17010E-02   0.27712E-02   0.00000E+00
   0.22486E+02   0.10196E+00   0.31333E+02  -0.67423E+00   0.22828E-02   0.13532E+01   0.25620E+01  -0.31852E+01  -0.49463E+00   0.34486E+00  -0.17049E-01  -0.78215E-03   0.52996E-01  -0.16002E-02   0.27002E-02   0.00000E+00
   0.21857E+02   0.98741E-01   0.30344E+02  -0.64628E+00   0.23789E-02   0.14250E+01   0.25089E+01  -0.32308E+01  -0.54365E+00   0.36399E+00  -0.18572E-01  -0.79874E-03   0.57283E-01  -0.13200E-02   0.25099E-02   0.00000E+00
   0.21232E+02   0.95532E-01   0.29358E+02  -0.61013E+00   0.19833E-02   0.14705E+01   0.24746E+01  -0.32726E+01  -0.58552E+00   0.38490E+00  -0.20181E-01  -0.79751E-03   0.58730E-01  -0.13478E-02   0.25382E-02   0.00000E+00
   0.20610E+02   0.92332E-01   0.28374E+02  -0.56055E+00   0.21876E-02   0.14884E+01   0.24517E+01  -0.33092E+01  -0.61786E+00   0.40717E+00  -0.21884E-01  -0.79909E-03   0.56916E-01  -0.13687E-02   0.25753E-02   0.00000E+00
   0.19991E+02   0.89139E-01   0.27393E+02  -0.49975E+00   0.22636E-02   0.14482E+01   0.24582E+01  -0.33374E+01  -0.64354E+00   0.42948E+00  -0.23644E-01  -0.80723E-03   0.53040E-01  -0.11818E-02   0.25676E-02   0.00000E+00
   0.19376E+02   0.85954E-01   0.26414E+02  -0.42668E+00   0.25724E-02   0.13244E+01   0.25061E+01  -0.33605E+01  -0.65228E+00   0.45206E+00  -0.25446E-01  -0.83802E-03   0.46668E-01  -0.10534E-02   0.26018E-02   0.00000E+00
   0.18764E+02   0.82776E-01   0.25438E+02  -0.34965E+00   0.28066E-02   0.11614E+01   0.25599E+01  -0.33792E+01  -0.63634E+00   0.47469E+00  -0.27241E-01  -0.92189E-03   0.36263E-01  -0.97997E-03   0.25059E-02   0.00000E+00
   0.18156E+02   0.79605E-01   0.24463E+02  -0.27677E+00   0.28532E-02   0.97980E+00   0.26082E+01  -0.33901E+01  -0.59359E+00   0.49604E+00  -0.28978E-01  -0.10733E-02   0.21357E-01  -0.91787E-03   0.23057E-02   0.00000E+00
   0.17552E+02   0.76439E-01   0.23490E+02  -0.20727E+00   0.28624E-02   0.72212E+00   0.27042E+01  -0.33935E+01  -0.52496E+00   0.51678E+00  -0.30649E-01  -0.12561E-02   0.12855E-02  -0.82862E-03   0.20811E-02   0.00000E+00
   0.16952E+02   0.73279E-01   0.22519E+02  -0.14005E+00   0.26924E-02   0.39752E+00   0.28383E+01  -0.33765E+01  -0.44847E+00   0.53253E+00  -0.32230E-01  -0.14606E-02  -0.19702E-01  -0.74011E-03   0.19531E-02   0.00000E+00
   0.16357E+02   0.70125E-01   0.21550E+02  -0.64881E-01   0.24218E-02   0.54939E-01   0.29677E+01  -0.33375E+01  -0.36284E+00   0.54236E+00  -0.33669E-01  -0.17211E-02  -0.42247E-01  -0.48835E-03   0.17872E-02   0.00000E+00
   0.15767E+02   0.66975E-01   0.20582E+02   0.21633E-01   0.18135E-02  -0.32733E+00   0.31026E+01  -0.32773E+01  -0.25817E+00   0.54596E+00  -0.34846E-01  -0.20707E-02  -0.72004E-01  -0.31418E-03   0.15599E-02   0.00000E+00
   0.15182E+02   0.63830E-01   0.19615E+02   0.11125E+00   0.12606E-02  -0.78174E+00   0.32787E+01  -0.31890E+01  -0.14379E+00   0.53915E+00  -0.35635E-01  -0.25839E-02  -0.10486E+00   0.20630E-04   0.10821E-02   0.00000E+00
   0.14603E+02   0.60689E-01   0.18650E+02   0.19124E+00   0.48692E-03  -0.12071E+01   0.34187E+01  -0.30748E+01  -0.26817E-01   0.51918E+00  -0.35927E-01  -0.32757E-02  -0.13211E+00   0.44796E-03   0.49049E-03   0.00000E+00
   0.14028E+02   0.57552E-01   0.17686E+02   0.26278E+00   0.53419E-03  -0.15170E+01   0.34441E+01  -0.29432E+01   0.10453E+00   0.48619E+00  -0.35814E-01  -0.40815E-02  -0.15317E+00   0.74460E-03  -0.20400E-03   0.00000E+00
   0.13458E+02   0.54419E-01   0.16723E+02   0.32381E+00   0.14890E-02  -0.18310E+01   0.34710E+01  -0.28014E+01   0.26491E+00   0.44132E+00  -0.35247E-01  -0.47819E-02  -0.16780E+00   0.20220E-02  -0.19140E-02   0.00000E+00
   0.12892E+02   0.51290E-01   0.15762E+02   0.37386E+00   0.22320E-02  -0.22207E+01   0.35588E+01  -0.26473E+01   0.45587E+00   0.38583E+00  -0.34012E-01  -0.49923E-02  -0.18007E+00   0.43641E-02  -0.48577E-02   0.00000E+00
   0.12330E+02   0.48164E-01   0.14801E+02   0.41043E+00   0.30169E-02  -0.25812E+01   0.36115E+01  -0.24904E+01   0.67708E+00   0.32129E+00  -0.31906E-01  -0.44180E-02  -0.18928E+00   0.70879E-02  -0.92272E-02   0.00000E+00
   0.11768E+02   0.45041E-01   0.13841E+02   0.43103E+00   0.36546E-02  -0.28775E+01   0.36157E+01  -0.23178E+01   0.88701E+00   0.24837E+00  -0.28257E-01  -0.31078E-02  -0.18720E+00   0.93848E-02  -0.14348E-01   0.00000E+00
   0.11205E+02   0.41921E-01   0.12883E+02   0.43587E+00   0.43581E-02  -0.29486E+01   0.34165E+01  -0.21316E+01   0.10654E+01   0.16917E+00  -0.22404E-01  -0.13961E-02  -0.16440E+00   0.11236E-01  -0.19900E-01   0.00000E+00
   0.10635E+02   0.38803E-01   0.11924E+02   0.41821E+00   0.38505E-02  -0.28341E+01   0.30574E+01  -0.19208E+01   0.11862E+01   0.89856E-01  -0.13347E-01  -0.14210E-03  -0.12073E+00   0.11462E-01  -0.24329E-01   0.00000E+00
   0.10053E+02   0.35688E-01   0.10967E+02   0.37977E+00   0.31242E-02  -0.26850E+01   0.27103E+01  -0.16874E+01   0.12276E+01   0.16162E-01  -0.14230E-02   0.20754E-03  -0.59392E-01   0.91078E-02  -0.24512E-01   0.00000E+00
   0.94480E+01   0.32575E-01   0.10011E+02   0.32686E+00   0.19992E-02  -0.24910E+01   0.23782E+01  -0.14382E+01   0.11848E+01  -0.41310E-01   0.12207E-01  -0.52521E-03   0.89903E-02   0.48353E-02  -0.17344E-01   0.00000E+00
   0.88053E+01   0.29465E-01   0.90548E+01   0.26599E+00   0.55364E-03  -0.21325E+01   0.19430E+01  -0.11781E+01   0.10622E+01  -0.75783E-01   0.23994E-01  -0.17903E-02   0.67000E-01  -0.55099E-03  -0.44272E-02   0.00000E+00
   0.81042E+01   0.26356E-01   0.80995E+01   0.20280E+00  -0.16069E-03  -0.15982E+01   0.13964E+01  -0.92281E+00   0.87565E+00  -0.84852E-01   0.29872E-01  -0.13509E-02   0.99054E-01  -0.35217E-02   0.53736E-02   0.00000E+00
   0.73230E+01   0.23250E-01   0.71448E+01   0.14553E+00  -0.14752E-03  -0.11608E+01   0.10016E+01  -0.70145E+00   0.67138E+00  -0.73651E-01   0.28510E-01   0.11498E-02   0.10040E+00  -0.25118E-02   0.10175E-01   0.00000E+00
   0.64494E+01   0.20145E-01   0.61907E+01   0.99003E-01  -0.78701E-04  -0.64710E+00   0.54715E+00  -0.52660E+00   0.49723E+00  -0.49872E-01   0.22328E-01   0.27440E-02   0.76558E-01  -0.71041E-03   0.13573E-01   0.00000E+00
   0.54913E+01   0.17042E-01   0.52371E+01   0.61203E-01  -0.12535E-03  -0.95883E-02  -0.42466E-01  -0.40452E+00   0.37783E+00  -0.26043E-01   0.14411E-01   0.21439E-02   0.45851E-01  -0.12328E-03   0.14357E-01   0.00000E+00
   0.44810E+01   0.13940E-01   0.42840E+01   0.33897E-01  -0.71822E-04   0.59787E+00  -0.62246E+00  -0.33070E+00   0.31332E+00  -0.11490E-01   0.81382E-02   0.15249E-02   0.24396E-01   0.41906E-03   0.10330E-01   0.00000E+00
   0.34564E+01   0.10840E-01   0.33313E+01   0.17047E-01  -0.27546E-04   0.11471E+01  -0.11660E+01  -0.28146E+00   0.28027E+00  -0.53156E-02   0.45190E-02   0.11968E-02   0.13682E-01   0.63610E-03   0.61193E-02   0.00000E+00
   0.24414E+01   0.77416E-02   0.23791E+01   0.62799E-02  -0.82218E-05   0.14906E+01  -0.15099E+01  -0.22538E+00   0.23758E+00  -0.16685E-02   0.23987E-02   0.61240E-03   0.60825E-02   0.34939E-03   0.31250E-02   0.00000E+00
   0.14463E+01   0.46441E-02   0.14272E+01   0.14546E-02  -0.15199E-05   0.14622E+01  -0.14768E+01  -0.14555E+00   0.15874E+00  -0.28726E-03   0.10589E-02   0.12361E-03   0.16308E-02   0.72904E-04   0.14419E-02   0.00000E+00
   0.47567E+00   0.15479E-02   0.47567E+00   0.12088E-03  -0.58685E-07   0.75441E+00  -0.75944E+00  -0.58178E-01   0.62923E-01  -0.11273E-03   0.25924E-03   0.69101E-05   0.30885E-03   0.98381E-05   0.56329E-03   0.00000E+00
