   0.12205E+02   0.14920E+01   0.27456E+02   0.10969E+01   0.10995E+01   0.69788E-02
   0.12222E+02   0.14905E+01   0.27439E+02   0.10970E+01   0.10996E+01   0.69895E-02
   0.12240E+02   0.14890E+01   0.27421E+02   0.10970E+01   0.10997E+01   0.70001E-02
   0.12257E+02   0.14875E+01   0.27404E+02   0.10971E+01   0.10997E+01   0.70105E-02
   0.12274E+02   0.14860E+01   0.27386E+02   0.10972E+01   0.10998E+01   0.70205E-02
   0.12292E+02   0.14846E+01   0.27369E+02   0.10972E+01   0.10999E+01   0.70301E-02
   0.12309E+02   0.14831E+01   0.27351E+02   0.10973E+01   0.10999E+01   0.70393E-02
   0.12326E+02   0.14817E+01   0.27334E+02   0.10974E+01   0.11000E+01   0.70486E-02
   0.12344E+02   0.14802E+01   0.27317E+02   0.10974E+01   0.11001E+01   0.70588E-02
   0.12361E+02   0.14787E+01   0.27300E+02   0.10975E+01   0.11001E+01   0.70699E-02
   0.12378E+02   0.14772E+01   0.27283E+02   0.10976E+01   0.11002E+01   0.70810E-02
   0.12396E+02   0.14757E+01   0.27266E+02   0.10977E+01   0.11003E+01   0.70919E-02
   0.12413E+02   0.14742E+01   0.27249E+02   0.10977E+01   0.11003E+01   0.71025E-02
   0.12431E+02   0.14728E+01   0.27232E+02   0.10978E+01   0.11004E+01   0.71129E-02
   0.12448E+02   0.14714E+01   0.27215E+02   0.10979E+01   0.11005E+01   0.71226E-02
   0.12465E+02   0.14700E+01   0.27199E+02   0.10979E+01   0.11005E+01   0.71316E-02
   0.12483E+02   0.14686E+01   0.27181E+02   0.10980E+01   0.11006E+01   0.71407E-02
   0.12500E+02   0.14671E+01   0.27164E+02   0.10981E+01   0.11007E+01   0.71505E-02
