   0.12517E+02   0.14656E+01   0.27148E+02   0.10981E+01   0.11007E+01   0.71613E-02
   0.12535E+02   0.14642E+01   0.27131E+02   0.10982E+01   0.11008E+01   0.71726E-02
   0.12552E+02   0.14627E+01   0.27115E+02   0.10983E+01   0.11009E+01   0.71838E-02
   0.12569E+02   0.14613E+01   0.27099E+02   0.10983E+01   0.11009E+01   0.71949E-02
   0.12587E+02   0.14598E+01   0.27083E+02   0.10984E+01   0.11010E+01   0.72057E-02
   0.12604E+02   0.14584E+01   0.27066E+02   0.10985E+01   0.11011E+01   0.72159E-02
   0.12622E+02   0.14570E+01   0.27050E+02   0.10985E+01   0.11011E+01   0.72253E-02
   0.12639E+02   0.14556E+01   0.27033E+02   0.10986E+01   0.11012E+01   0.72342E-02
   0.12656E+02   0.14543E+01   0.27016E+02   0.10987E+01   0.11012E+01   0.72435E-02
   0.12674E+02   0.14529E+01   0.27000E+02   0.10987E+01   0.11013E+01   0.72538E-02
   0.12691E+02   0.14515E+01   0.26985E+02   0.10988E+01   0.11014E+01   0.72647E-02
   0.12708E+02   0.14500E+01   0.26969E+02   0.10989E+01   0.11014E+01   0.72758E-02
   0.12726E+02   0.14486E+01   0.26953E+02   0.10989E+01   0.11015E+01   0.72871E-02
   0.12743E+02   0.14472E+01   0.26938E+02   0.10990E+01   0.11016E+01   0.72987E-02
   0.12760E+02   0.14458E+01   0.26922E+02   0.10991E+01   0.11016E+01   0.73098E-02
   0.12778E+02   0.14444E+01   0.26907E+02   0.10991E+01   0.11017E+01   0.73197E-02
   0.12795E+02   0.14431E+01   0.26891E+02   0.10992E+01   0.11017E+01   0.73285E-02
   0.12812E+02   0.14418E+01   0.26875E+02   0.10993E+01   0.11018E+01   0.73368E-02
