   0.14392E+02   0.13339E+01   0.25723E+02   0.11045E+01   0.11067E+01   0.82642E-02
   0.14410E+02   0.13329E+01   0.25714E+02   0.11046E+01   0.11067E+01   0.82752E-02
   0.14427E+02   0.13319E+01   0.25706E+02   0.11046E+01   0.11068E+01   0.82869E-02
   0.14444E+02   0.13309E+01   0.25697E+02   0.11047E+01   0.11068E+01   0.82986E-02
   0.14462E+02   0.13299E+01   0.25688E+02   0.11047E+01   0.11068E+01   0.83096E-02
   0.14479E+02   0.13290E+01   0.25679E+02   0.11047E+01   0.11069E+01   0.83197E-02
   0.14497E+02   0.13280E+01   0.25670E+02   0.11048E+01   0.11069E+01   0.83293E-02
   0.14514E+02   0.13270E+01   0.25660E+02   0.11048E+01   0.11070E+01   0.83386E-02
   0.14531E+02   0.13261E+01   0.25651E+02   0.11049E+01   0.11070E+01   0.83474E-02
   0.14549E+02   0.13252E+01   0.25642E+02   0.11049E+01   0.11071E+01   0.83561E-02
   0.14566E+02   0.13243E+01   0.25634E+02   0.11050E+01   0.11071E+01   0.83655E-02
   0.14583E+02   0.13233E+01   0.25625E+02   0.11050E+01   0.11071E+01   0.83761E-02
   0.14601E+02   0.13224E+01   0.25617E+02   0.11051E+01   0.11072E+01   0.83875E-02
   0.14618E+02   0.13214E+01   0.25609E+02   0.11051E+01   0.11072E+01   0.83992E-02
   0.14635E+02   0.13205E+01   0.25601E+02   0.11051E+01   0.11073E+01   0.84104E-02
   0.14653E+02   0.13195E+01   0.25593E+02   0.11052E+01   0.11073E+01   0.84207E-02
   0.14670E+02   0.13186E+01   0.25585E+02   0.11052E+01   0.11073E+01   0.84302E-02
   0.14688E+02   0.13178E+01   0.25577E+02   0.11053E+01   0.11074E+01   0.84390E-02
