   0.12830E+02   0.14405E+01   0.26859E+02   0.10993E+01   0.11019E+01   0.73459E-02
   0.12847E+02   0.14391E+01   0.26844E+02   0.10994E+01   0.11019E+01   0.73562E-02
   0.12865E+02   0.14378E+01   0.26829E+02   0.10995E+01   0.11020E+01   0.73672E-02
   0.12882E+02   0.14364E+01   0.26815E+02   0.10995E+01   0.11020E+01   0.73787E-02
   0.12899E+02   0.14350E+01   0.26800E+02   0.10996E+01   0.11021E+01   0.73907E-02
   0.12917E+02   0.14336E+01   0.26785E+02   0.10997E+01   0.11022E+01   0.74024E-02
   0.12934E+02   0.14323E+01   0.26770E+02   0.10997E+01   0.11022E+01   0.74129E-02
   0.12951E+02   0.14310E+01   0.26755E+02   0.10998E+01   0.11023E+01   0.74219E-02
   0.12969E+02   0.14297E+01   0.26739E+02   0.10999E+01   0.11023E+01   0.74300E-02
   0.12986E+02   0.14285E+01   0.26724E+02   0.10999E+01   0.11024E+01   0.74386E-02
   0.13003E+02   0.14272E+01   0.26709E+02   0.11000E+01   0.11025E+01   0.74482E-02
   0.13021E+02   0.14258E+01   0.26694E+02   0.11000E+01   0.11025E+01   0.74587E-02
   0.13038E+02   0.14245E+01   0.26680E+02   0.11001E+01   0.11026E+01   0.74699E-02
   0.13056E+02   0.14231E+01   0.26666E+02   0.11002E+01   0.11026E+01   0.74816E-02
   0.13073E+02   0.14218E+01   0.26651E+02   0.11002E+01   0.11027E+01   0.74932E-02
   0.13090E+02   0.14205E+01   0.26637E+02   0.11003E+01   0.11028E+01   0.75039E-02
   0.13108E+02   0.14192E+01   0.26623E+02   0.11004E+01   0.11028E+01   0.75136E-02
   0.13125E+02   0.14180E+01   0.26609E+02   0.11004E+01   0.11029E+01   0.75225E-02
