   0.31424E+01   0.33054E+01   0.51089E+02   0.10491E+01   0.10534E+01   0.17379E-02
   0.31597E+01   0.33001E+01   0.51023E+02   0.10492E+01   0.10534E+01   0.17480E-02
   0.31771E+01   0.32948E+01   0.50957E+02   0.10493E+01   0.10535E+01   0.17575E-02
   0.31944E+01   0.32895E+01   0.50890E+02   0.10493E+01   0.10536E+01   0.17669E-02
   0.32118E+01   0.32843E+01   0.50824E+02   0.10494E+01   0.10536E+01   0.17765E-02
   0.32292E+01   0.32789E+01   0.50757E+02   0.10495E+01   0.10537E+01   0.17863E-02
   0.32465E+01   0.32736E+01   0.50689E+02   0.10496E+01   0.10538E+01   0.17963E-02
   0.32639E+01   0.32681E+01   0.50621E+02   0.10496E+01   0.10538E+01   0.18067E-02
   0.32812E+01   0.32627E+01   0.50554E+02   0.10497E+01   0.10539E+01   0.18172E-02
   0.32986E+01   0.32573E+01   0.50485E+02   0.10498E+01   0.10540E+01   0.18273E-02
   0.33160E+01   0.32519E+01   0.50416E+02   0.10499E+01   0.10541E+01   0.18370E-02
   0.33333E+01   0.32464E+01   0.50347E+02   0.10500E+01   0.10541E+01   0.18465E-02
   0.33507E+01   0.32409E+01   0.50277E+02   0.10500E+01   0.10542E+01   0.18562E-02
   0.33681E+01   0.32355E+01   0.50208E+02   0.10501E+01   0.10543E+01   0.18660E-02
   0.33854E+01   0.32300E+01   0.50139E+02   0.10502E+01   0.10544E+01   0.18760E-02
   0.34028E+01   0.32246E+01   0.50070E+02   0.10503E+01   0.10544E+01   0.18865E-02
   0.34201E+01   0.32191E+01   0.50002E+02   0.10504E+01   0.10545E+01   0.18970E-02
   0.34375E+01   0.32136E+01   0.49932E+02   0.10504E+01   0.10546E+01   0.19071E-02
