   0.14080E+02   0.13528E+01   0.25910E+02   0.11036E+01   0.11058E+01   0.80807E-02
   0.14097E+02   0.13517E+01   0.25899E+02   0.11037E+01   0.11059E+01   0.80916E-02
   0.14115E+02   0.13506E+01   0.25889E+02   0.11037E+01   0.11059E+01   0.81026E-02
   0.14132E+02   0.13495E+01   0.25878E+02   0.11038E+01   0.11060E+01   0.81141E-02
   0.14149E+02   0.13484E+01   0.25868E+02   0.11038E+01   0.11060E+01   0.81251E-02
   0.14167E+02   0.13473E+01   0.25857E+02   0.11039E+01   0.11061E+01   0.81352E-02
   0.14184E+02   0.13463E+01   0.25846E+02   0.11039E+01   0.11061E+01   0.81442E-02
   0.14201E+02   0.13453E+01   0.25835E+02   0.11040E+01   0.11062E+01   0.81528E-02
   0.14219E+02   0.13442E+01   0.25824E+02   0.11040E+01   0.11062E+01   0.81619E-02
   0.14236E+02   0.13432E+01   0.25813E+02   0.11041E+01   0.11063E+01   0.81723E-02
   0.14253E+02   0.13421E+01   0.25803E+02   0.11041E+01   0.11063E+01   0.81833E-02
   0.14271E+02   0.13410E+01   0.25793E+02   0.11042E+01   0.11064E+01   0.81950E-02
   0.14288E+02   0.13399E+01   0.25783E+02   0.11042E+01   0.11064E+01   0.82071E-02
   0.14306E+02   0.13389E+01   0.25774E+02   0.11043E+01   0.11064E+01   0.82183E-02
   0.14323E+02   0.13379E+01   0.25764E+02   0.11043E+01   0.11065E+01   0.82279E-02
   0.14340E+02   0.13369E+01   0.25754E+02   0.11044E+01   0.11065E+01   0.82366E-02
   0.14358E+02   0.13359E+01   0.25743E+02   0.11044E+01   0.11066E+01   0.82452E-02
   0.14375E+02   0.13349E+01   0.25733E+02   0.11045E+01   0.11066E+01   0.82543E-02
