   0.10955E+02   0.16148E+01   0.28959E+02   0.10913E+01   0.10943E+01   0.62504E-02
   0.10972E+02   0.16130E+01   0.28936E+02   0.10914E+01   0.10943E+01   0.62610E-02
   0.10990E+02   0.16111E+01   0.28913E+02   0.10915E+01   0.10944E+01   0.62708E-02
   0.11007E+02   0.16092E+01   0.28889E+02   0.10916E+01   0.10945E+01   0.62800E-02
   0.11024E+02   0.16074E+01   0.28865E+02   0.10916E+01   0.10946E+01   0.62891E-02
   0.11042E+02   0.16056E+01   0.28842E+02   0.10917E+01   0.10946E+01   0.62984E-02
   0.11059E+02   0.16037E+01   0.28819E+02   0.10918E+01   0.10947E+01   0.63083E-02
   0.11076E+02   0.16019E+01   0.28797E+02   0.10919E+01   0.10948E+01   0.63188E-02
   0.11094E+02   0.16001E+01   0.28775E+02   0.10920E+01   0.10949E+01   0.63298E-02
   0.11111E+02   0.15982E+01   0.28753E+02   0.10920E+01   0.10949E+01   0.63407E-02
   0.11128E+02   0.15964E+01   0.28730E+02   0.10921E+01   0.10950E+01   0.63511E-02
   0.11146E+02   0.15946E+01   0.28707E+02   0.10922E+01   0.10951E+01   0.63611E-02
   0.11163E+02   0.15927E+01   0.28685E+02   0.10923E+01   0.10952E+01   0.63710E-02
   0.11181E+02   0.15910E+01   0.28662E+02   0.10924E+01   0.10953E+01   0.63808E-02
   0.11198E+02   0.15892E+01   0.28640E+02   0.10924E+01   0.10953E+01   0.63904E-02
   0.11215E+02   0.15874E+01   0.28618E+02   0.10925E+01   0.10954E+01   0.64000E-02
   0.11233E+02   0.15857E+01   0.28596E+02   0.10926E+01   0.10955E+01   0.64098E-02
   0.11250E+02   0.15838E+01   0.28574E+02   0.10927E+01   0.10956E+01   0.64200E-02
