   0.25017E+02   0.10298E+01   0.25666E+02   0.11108E+01   0.11123E+01   0.14602E-01
   0.25035E+02   0.10293E+01   0.25673E+02   0.11108E+01   0.11123E+01   0.14619E-01
   0.25052E+02   0.10290E+01   0.25680E+02   0.11108E+01   0.11123E+01   0.14634E-01
   0.25069E+02   0.10287E+01   0.25686E+02   0.11108E+01   0.11123E+01   0.14646E-01
   0.25087E+02   0.10285E+01   0.25691E+02   0.11108E+01   0.11123E+01   0.14655E-01
   0.25104E+02   0.10284E+01   0.25697E+02   0.11107E+01   0.11122E+01   0.14660E-01
   0.25122E+02   0.10284E+01   0.25702E+02   0.11107E+01   0.11122E+01   0.14664E-01
   0.25139E+02   0.10283E+01   0.25708E+02   0.11107E+01   0.11122E+01   0.14670E-01
   0.25156E+02   0.10282E+01   0.25713E+02   0.11107E+01   0.11122E+01   0.14678E-01
   0.25174E+02   0.10279E+01   0.25720E+02   0.11107E+01   0.11122E+01   0.14691E-01
   0.25191E+02   0.10275E+01   0.25727E+02   0.11107E+01   0.11122E+01   0.14706E-01
   0.25208E+02   0.10271E+01   0.25734E+02   0.11106E+01   0.11121E+01   0.14721E-01
   0.25226E+02   0.10268E+01   0.25741E+02   0.11106E+01   0.11121E+01   0.14735E-01
   0.25243E+02   0.10266E+01   0.25748E+02   0.11106E+01   0.11121E+01   0.14746E-01
   0.25260E+02   0.10264E+01   0.25754E+02   0.11106E+01   0.11121E+01   0.14756E-01
   0.25278E+02   0.10262E+01   0.25760E+02   0.11106E+01   0.11121E+01   0.14764E-01
   0.25295E+02   0.10261E+01   0.25764E+02   0.11106E+01   0.11121E+01   0.14770E-01
   0.25312E+02   0.10259E+01   0.25769E+02   0.11105E+01   0.11121E+01   0.14777E-01
