   0.26267E+02   0.10100E+01   0.26030E+02   0.11100E+01   0.11115E+01   0.15358E-01
   0.26285E+02   0.10096E+01   0.26037E+02   0.11100E+01   0.11115E+01   0.15372E-01
   0.26302E+02   0.10093E+01   0.26043E+02   0.11099E+01   0.11114E+01   0.15385E-01
   0.26319E+02   0.10090E+01   0.26048E+02   0.11099E+01   0.11114E+01   0.15396E-01
   0.26337E+02   0.10088E+01   0.26053E+02   0.11099E+01   0.11114E+01   0.15404E-01
   0.26354E+02   0.10085E+01   0.26057E+02   0.11099E+01   0.11114E+01   0.15412E-01
   0.26372E+02   0.10083E+01   0.26061E+02   0.11099E+01   0.11114E+01   0.15420E-01
   0.26389E+02   0.10081E+01   0.26065E+02   0.11099E+01   0.11114E+01   0.15428E-01
   0.26406E+02   0.10079E+01   0.26070E+02   0.11099E+01   0.11114E+01   0.15436E-01
   0.26424E+02   0.10077E+01   0.26076E+02   0.11099E+01   0.11114E+01   0.15446E-01
   0.26441E+02   0.10074E+01   0.26082E+02   0.11098E+01   0.11114E+01   0.15458E-01
   0.26458E+02   0.10071E+01   0.26087E+02   0.11098E+01   0.11113E+01   0.15470E-01
   0.26476E+02   0.10067E+01   0.26092E+02   0.11098E+01   0.11113E+01   0.15483E-01
   0.26493E+02   0.10064E+01   0.26097E+02   0.11098E+01   0.11113E+01   0.15494E-01
   0.26510E+02   0.10061E+01   0.26102E+02   0.11098E+01   0.11113E+01   0.15505E-01
   0.26528E+02   0.10058E+01   0.26106E+02   0.11098E+01   0.11113E+01   0.15515E-01
   0.26545E+02   0.10056E+01   0.26111E+02   0.11098E+01   0.11113E+01   0.15523E-01
   0.26562E+02   0.10054E+01   0.26115E+02   0.11098E+01   0.11113E+01   0.15530E-01
