   0.25642E+02   0.10205E+01   0.25868E+02   0.11103E+01   0.11118E+01   0.14986E-01
   0.25660E+02   0.10203E+01   0.25872E+02   0.11103E+01   0.11118E+01   0.14993E-01
   0.25677E+02   0.10201E+01   0.25876E+02   0.11103E+01   0.11118E+01   0.15001E-01
   0.25694E+02   0.10198E+01   0.25881E+02   0.11103E+01   0.11118E+01   0.15011E-01
   0.25712E+02   0.10195E+01   0.25885E+02   0.11103E+01   0.11118E+01   0.15023E-01
   0.25729E+02   0.10190E+01   0.25890E+02   0.11103E+01   0.11118E+01   0.15037E-01
   0.25747E+02   0.10186E+01   0.25895E+02   0.11103E+01   0.11118E+01   0.15052E-01
   0.25764E+02   0.10182E+01   0.25901E+02   0.11103E+01   0.11118E+01   0.15066E-01
   0.25781E+02   0.10179E+01   0.25906E+02   0.11102E+01   0.11117E+01   0.15078E-01
   0.25799E+02   0.10177E+01   0.25910E+02   0.11102E+01   0.11117E+01   0.15087E-01
   0.25816E+02   0.10175E+01   0.25914E+02   0.11102E+01   0.11117E+01   0.15093E-01
   0.25833E+02   0.10173E+01   0.25918E+02   0.11102E+01   0.11117E+01   0.15098E-01
   0.25851E+02   0.10171E+01   0.25922E+02   0.11102E+01   0.11117E+01   0.15106E-01
   0.25868E+02   0.10168E+01   0.25926E+02   0.11102E+01   0.11117E+01   0.15116E-01
   0.25885E+02   0.10165E+01   0.25931E+02   0.11102E+01   0.11117E+01   0.15128E-01
   0.25903E+02   0.10161E+01   0.25936E+02   0.11102E+01   0.11117E+01   0.15142E-01
   0.25920E+02   0.10156E+01   0.25941E+02   0.11102E+01   0.11117E+01   0.15156E-01
   0.25938E+02   0.10152E+01   0.25945E+02   0.11102E+01   0.11117E+01   0.15170E-01
