   0.24705E+02   0.10332E+01   0.25553E+02   0.11111E+01   0.11126E+01   0.14429E-01
   0.24722E+02   0.10330E+01   0.25559E+02   0.11111E+01   0.11126E+01   0.14439E-01
   0.24740E+02   0.10330E+01   0.25565E+02   0.11111E+01   0.11126E+01   0.14443E-01
   0.24757E+02   0.10331E+01   0.25571E+02   0.11111E+01   0.11126E+01   0.14445E-01
   0.24774E+02   0.10331E+01   0.25576E+02   0.11110E+01   0.11125E+01   0.14447E-01
   0.24792E+02   0.10330E+01   0.25582E+02   0.11110E+01   0.11125E+01   0.14453E-01
   0.24809E+02   0.10328E+01   0.25589E+02   0.11110E+01   0.11125E+01   0.14464E-01
   0.24826E+02   0.10324E+01   0.25596E+02   0.11110E+01   0.11125E+01   0.14480E-01
   0.24844E+02   0.10319E+01   0.25604E+02   0.11110E+01   0.11125E+01   0.14499E-01
   0.24861E+02   0.10315E+01   0.25612E+02   0.11110E+01   0.11125E+01   0.14517E-01
   0.24878E+02   0.10312E+01   0.25620E+02   0.11109E+01   0.11124E+01   0.14533E-01
   0.24896E+02   0.10310E+01   0.25627E+02   0.11109E+01   0.11124E+01   0.14544E-01
   0.24913E+02   0.10309E+01   0.25633E+02   0.11109E+01   0.11124E+01   0.14551E-01
   0.24931E+02   0.10308E+01   0.25637E+02   0.11109E+01   0.11124E+01   0.14554E-01
   0.24948E+02   0.10308E+01   0.25641E+02   0.11109E+01   0.11124E+01   0.14557E-01
   0.24965E+02   0.10307E+01   0.25646E+02   0.11109E+01   0.11124E+01   0.14563E-01
   0.24983E+02   0.10305E+01   0.25652E+02   0.11108E+01   0.11123E+01   0.14572E-01
   0.25000E+02   0.10301E+01   0.25659E+02   0.11108E+01   0.11123E+01   0.14586E-01
