   0.16580E+02   0.12259E+01   0.24816E+02   0.11095E+01   0.11113E+01   0.95481E-02
   0.16597E+02   0.12250E+01   0.24810E+02   0.11096E+01   0.11113E+01   0.95604E-02
   0.16615E+02   0.12242E+01   0.24804E+02   0.11096E+01   0.11114E+01   0.95740E-02
   0.16632E+02   0.12233E+01   0.24799E+02   0.11096E+01   0.11114E+01   0.95871E-02
   0.16649E+02   0.12226E+01   0.24794E+02   0.11097E+01   0.11114E+01   0.95984E-02
   0.16667E+02   0.12218E+01   0.24788E+02   0.11097E+01   0.11115E+01   0.96080E-02
   0.16684E+02   0.12211E+01   0.24782E+02   0.11097E+01   0.11115E+01   0.96163E-02
   0.16701E+02   0.12204E+01   0.24775E+02   0.11098E+01   0.11115E+01   0.96242E-02
   0.16719E+02   0.12196E+01   0.24768E+02   0.11098E+01   0.11116E+01   0.96325E-02
   0.16736E+02   0.12188E+01   0.24761E+02   0.11098E+01   0.11116E+01   0.96419E-02
   0.16753E+02   0.12180E+01   0.24755E+02   0.11099E+01   0.11116E+01   0.96527E-02
   0.16771E+02   0.12172E+01   0.24750E+02   0.11099E+01   0.11117E+01   0.96651E-02
   0.16788E+02   0.12164E+01   0.24746E+02   0.11100E+01   0.11117E+01   0.96784E-02
   0.16806E+02   0.12156E+01   0.24741E+02   0.11100E+01   0.11117E+01   0.96906E-02
   0.16823E+02   0.12149E+01   0.24735E+02   0.11100E+01   0.11117E+01   0.97008E-02
   0.16840E+02   0.12141E+01   0.24729E+02   0.11101E+01   0.11118E+01   0.97095E-02
   0.16858E+02   0.12134E+01   0.24723E+02   0.11101E+01   0.11118E+01   0.97180E-02
   0.16875E+02   0.12126E+01   0.24716E+02   0.11101E+01   0.11118E+01   0.97265E-02
