   0.19705E+02   0.11202E+01   0.24405E+02   0.11132E+01   0.11146E+01   0.11414E-01
   0.19722E+02   0.11198E+01   0.24406E+02   0.11132E+01   0.11147E+01   0.11425E-01
   0.19740E+02   0.11193E+01   0.24407E+02   0.11132E+01   0.11147E+01   0.11436E-01
   0.19757E+02   0.11188E+01   0.24407E+02   0.11132E+01   0.11147E+01   0.11446E-01
   0.19774E+02   0.11184E+01   0.24408E+02   0.11132E+01   0.11147E+01   0.11456E-01
   0.19792E+02   0.11180E+01   0.24409E+02   0.11132E+01   0.11147E+01   0.11466E-01
   0.19809E+02   0.11177E+01   0.24411E+02   0.11132E+01   0.11147E+01   0.11476E-01
   0.19826E+02   0.11173E+01   0.24413E+02   0.11132E+01   0.11147E+01   0.11486E-01
   0.19844E+02   0.11169E+01   0.24415E+02   0.11132E+01   0.11147E+01   0.11496E-01
   0.19861E+02   0.11166E+01   0.24416E+02   0.11132E+01   0.11147E+01   0.11506E-01
   0.19878E+02   0.11162E+01   0.24418E+02   0.11132E+01   0.11147E+01   0.11516E-01
   0.19896E+02   0.11157E+01   0.24419E+02   0.11132E+01   0.11147E+01   0.11527E-01
   0.19913E+02   0.11153E+01   0.24421E+02   0.11132E+01   0.11147E+01   0.11538E-01
   0.19931E+02   0.11149E+01   0.24424E+02   0.11132E+01   0.11147E+01   0.11549E-01
   0.19948E+02   0.11146E+01   0.24426E+02   0.11132E+01   0.11147E+01   0.11560E-01
   0.19965E+02   0.11142E+01   0.24428E+02   0.11132E+01   0.11147E+01   0.11569E-01
   0.19983E+02   0.11139E+01   0.24430E+02   0.11132E+01   0.11147E+01   0.11579E-01
   0.20000E+02   0.11135E+01   0.24433E+02   0.11132E+01   0.11147E+01   0.11589E-01
