   0.84549E+01   0.19613E+01   0.33464E+02   0.10781E+01   0.10815E+01   0.48022E-02
   0.84722E+01   0.19584E+01   0.33425E+02   0.10782E+01   0.10816E+01   0.48121E-02
   0.84896E+01   0.19555E+01   0.33386E+02   0.10783E+01   0.10817E+01   0.48215E-02
   0.85069E+01   0.19526E+01   0.33347E+02   0.10784E+01   0.10818E+01   0.48308E-02
   0.85243E+01   0.19496E+01   0.33308E+02   0.10784E+01   0.10819E+01   0.48404E-02
   0.85417E+01   0.19467E+01   0.33270E+02   0.10785E+01   0.10820E+01   0.48506E-02
   0.85590E+01   0.19438E+01   0.33232E+02   0.10786E+01   0.10821E+01   0.48613E-02
   0.85764E+01   0.19409E+01   0.33194E+02   0.10787E+01   0.10822E+01   0.48722E-02
   0.85938E+01   0.19380E+01   0.33157E+02   0.10788E+01   0.10823E+01   0.48834E-02
   0.86111E+01   0.19351E+01   0.33119E+02   0.10789E+01   0.10824E+01   0.48941E-02
   0.86285E+01   0.19323E+01   0.33081E+02   0.10790E+01   0.10825E+01   0.49038E-02
   0.86458E+01   0.19294E+01   0.33042E+02   0.10791E+01   0.10826E+01   0.49126E-02
   0.86632E+01   0.19266E+01   0.33004E+02   0.10792E+01   0.10827E+01   0.49211E-02
   0.86806E+01   0.19237E+01   0.32966E+02   0.10793E+01   0.10828E+01   0.49304E-02
   0.86979E+01   0.19209E+01   0.32928E+02   0.10794E+01   0.10829E+01   0.49404E-02
   0.87153E+01   0.19181E+01   0.32891E+02   0.10795E+01   0.10829E+01   0.49510E-02
   0.87326E+01   0.19152E+01   0.32855E+02   0.10796E+01   0.10830E+01   0.49619E-02
   0.87500E+01   0.19124E+01   0.32818E+02   0.10797E+01   0.10831E+01   0.49732E-02
