   0.20017E+02   0.11132E+01   0.24435E+02   0.11132E+01   0.11147E+01   0.11599E-01
   0.20035E+02   0.11128E+01   0.24436E+02   0.11132E+01   0.11147E+01   0.11608E-01
   0.20052E+02   0.11124E+01   0.24438E+02   0.11132E+01   0.11147E+01   0.11618E-01
   0.20069E+02   0.11120E+01   0.24440E+02   0.11132E+01   0.11147E+01   0.11629E-01
   0.20087E+02   0.11116E+01   0.24442E+02   0.11132E+01   0.11147E+01   0.11641E-01
   0.20104E+02   0.11112E+01   0.24444E+02   0.11132E+01   0.11147E+01   0.11652E-01
   0.20122E+02   0.11108E+01   0.24446E+02   0.11132E+01   0.11147E+01   0.11663E-01
   0.20139E+02   0.11104E+01   0.24448E+02   0.11132E+01   0.11147E+01   0.11674E-01
   0.20156E+02   0.11100E+01   0.24450E+02   0.11132E+01   0.11147E+01   0.11683E-01
   0.20174E+02   0.11097E+01   0.24451E+02   0.11132E+01   0.11147E+01   0.11693E-01
   0.20191E+02   0.11093E+01   0.24452E+02   0.11132E+01   0.11147E+01   0.11703E-01
   0.20208E+02   0.11089E+01   0.24453E+02   0.11133E+01   0.11147E+01   0.11712E-01
   0.20226E+02   0.11085E+01   0.24454E+02   0.11133E+01   0.11147E+01   0.11722E-01
   0.20243E+02   0.11080E+01   0.24454E+02   0.11133E+01   0.11147E+01   0.11732E-01
   0.20260E+02   0.11076E+01   0.24456E+02   0.11133E+01   0.11147E+01   0.11743E-01
   0.20278E+02   0.11072E+01   0.24458E+02   0.11133E+01   0.11147E+01   0.11754E-01
   0.20295E+02   0.11068E+01   0.24460E+02   0.11133E+01   0.11147E+01   0.11766E-01
   0.20312E+02   0.11064E+01   0.24462E+02   0.11133E+01   0.11147E+01   0.11777E-01
