   0.25955E+02   0.10149E+01   0.25950E+02   0.11101E+01   0.11117E+01   0.15183E-01
   0.25972E+02   0.10146E+01   0.25954E+02   0.11101E+01   0.11116E+01   0.15193E-01
   0.25990E+02   0.10144E+01   0.25958E+02   0.11101E+01   0.11116E+01   0.15200E-01
   0.26007E+02   0.10142E+01   0.25962E+02   0.11101E+01   0.11116E+01   0.15206E-01
   0.26024E+02   0.10140E+01   0.25965E+02   0.11101E+01   0.11116E+01   0.15213E-01
   0.26042E+02   0.10137E+01   0.25969E+02   0.11101E+01   0.11116E+01   0.15221E-01
   0.26059E+02   0.10134E+01   0.25973E+02   0.11101E+01   0.11116E+01   0.15231E-01
   0.26076E+02   0.10131E+01   0.25978E+02   0.11101E+01   0.11116E+01   0.15243E-01
   0.26094E+02   0.10127E+01   0.25983E+02   0.11101E+01   0.11116E+01   0.15257E-01
   0.26111E+02   0.10123E+01   0.25988E+02   0.11101E+01   0.11116E+01   0.15272E-01
   0.26128E+02   0.10119E+01   0.25993E+02   0.11101E+01   0.11116E+01   0.15285E-01
   0.26146E+02   0.10116E+01   0.25998E+02   0.11100E+01   0.11115E+01   0.15296E-01
   0.26163E+02   0.10114E+01   0.26002E+02   0.11100E+01   0.11115E+01   0.15304E-01
   0.26181E+02   0.10112E+01   0.26007E+02   0.11100E+01   0.11115E+01   0.15311E-01
   0.26198E+02   0.10110E+01   0.26011E+02   0.11100E+01   0.11115E+01   0.15318E-01
   0.26215E+02   0.10108E+01   0.26015E+02   0.11100E+01   0.11115E+01   0.15325E-01
   0.26233E+02   0.10106E+01   0.26020E+02   0.11100E+01   0.11115E+01   0.15334E-01
   0.26250E+02   0.10103E+01   0.26025E+02   0.11100E+01   0.11115E+01   0.15345E-01
