   0.23767E+02   0.10478E+01   0.25269E+02   0.11118E+01   0.11133E+01   0.13846E-01
   0.23785E+02   0.10474E+01   0.25275E+02   0.11118E+01   0.11133E+01   0.13859E-01
   0.23802E+02   0.10471E+01   0.25281E+02   0.11118E+01   0.11133E+01   0.13872E-01
   0.23819E+02   0.10468E+01   0.25287E+02   0.11117E+01   0.11132E+01   0.13885E-01
   0.23837E+02   0.10465E+01   0.25292E+02   0.11117E+01   0.11132E+01   0.13895E-01
   0.23854E+02   0.10463E+01   0.25296E+02   0.11117E+01   0.11132E+01   0.13903E-01
   0.23872E+02   0.10461E+01   0.25299E+02   0.11117E+01   0.11132E+01   0.13910E-01
   0.23889E+02   0.10459E+01   0.25303E+02   0.11117E+01   0.11132E+01   0.13916E-01
   0.23906E+02   0.10457E+01   0.25307E+02   0.11117E+01   0.11132E+01   0.13925E-01
   0.23924E+02   0.10454E+01   0.25311E+02   0.11117E+01   0.11132E+01   0.13936E-01
   0.23941E+02   0.10450E+01   0.25316E+02   0.11117E+01   0.11132E+01   0.13949E-01
   0.23958E+02   0.10446E+01   0.25321E+02   0.11117E+01   0.11132E+01   0.13965E-01
   0.23976E+02   0.10441E+01   0.25326E+02   0.11117E+01   0.11132E+01   0.13980E-01
   0.23993E+02   0.10437E+01   0.25331E+02   0.11117E+01   0.11131E+01   0.13994E-01
   0.24010E+02   0.10434E+01   0.25335E+02   0.11117E+01   0.11131E+01   0.14004E-01
   0.24028E+02   0.10432E+01   0.25338E+02   0.11116E+01   0.11131E+01   0.14011E-01
   0.24045E+02   0.10431E+01   0.25341E+02   0.11116E+01   0.11131E+01   0.14015E-01
   0.24062E+02   0.10430E+01   0.25345E+02   0.11116E+01   0.11131E+01   0.14020E-01
