   0.10330E+02   0.16879E+01   0.29888E+02   0.10882E+01   0.10913E+01   0.58877E-02
   0.10347E+02   0.16857E+01   0.29860E+02   0.10883E+01   0.10914E+01   0.58983E-02
   0.10365E+02   0.16835E+01   0.29833E+02   0.10884E+01   0.10915E+01   0.59090E-02
   0.10382E+02   0.16814E+01   0.29806E+02   0.10885E+01   0.10916E+01   0.59192E-02
   0.10399E+02   0.16793E+01   0.29778E+02   0.10886E+01   0.10916E+01   0.59290E-02
   0.10417E+02   0.16772E+01   0.29751E+02   0.10887E+01   0.10917E+01   0.59387E-02
   0.10434E+02   0.16750E+01   0.29723E+02   0.10887E+01   0.10918E+01   0.59488E-02
   0.10451E+02   0.16729E+01   0.29696E+02   0.10888E+01   0.10919E+01   0.59592E-02
   0.10469E+02   0.16708E+01   0.29669E+02   0.10889E+01   0.10920E+01   0.59695E-02
   0.10486E+02   0.16687E+01   0.29643E+02   0.10890E+01   0.10921E+01   0.59798E-02
   0.10503E+02   0.16666E+01   0.29616E+02   0.10891E+01   0.10921E+01   0.59899E-02
   0.10521E+02   0.16645E+01   0.29589E+02   0.10892E+01   0.10922E+01   0.59996E-02
   0.10538E+02   0.16625E+01   0.29562E+02   0.10893E+01   0.10923E+01   0.60090E-02
   0.10556E+02   0.16604E+01   0.29535E+02   0.10894E+01   0.10924E+01   0.60185E-02
   0.10573E+02   0.16583E+01   0.29509E+02   0.10894E+01   0.10925E+01   0.60286E-02
   0.10590E+02   0.16563E+01   0.29483E+02   0.10895E+01   0.10926E+01   0.60389E-02
   0.10608E+02   0.16542E+01   0.29457E+02   0.10896E+01   0.10926E+01   0.60495E-02
   0.10625E+02   0.16522E+01   0.29432E+02   0.10897E+01   0.10927E+01   0.60602E-02
