   0.15955E+02   0.12543E+01   0.25040E+02   0.11082E+01   0.11101E+01   0.91864E-02
   0.15972E+02   0.12534E+01   0.25033E+02   0.11083E+01   0.11101E+01   0.91967E-02
   0.15990E+02   0.12526E+01   0.25026E+02   0.11083E+01   0.11101E+01   0.92067E-02
   0.16007E+02   0.12518E+01   0.25018E+02   0.11083E+01   0.11102E+01   0.92166E-02
   0.16024E+02   0.12509E+01   0.25011E+02   0.11084E+01   0.11102E+01   0.92260E-02
   0.16042E+02   0.12501E+01   0.25004E+02   0.11084E+01   0.11103E+01   0.92352E-02
   0.16059E+02   0.12493E+01   0.24998E+02   0.11085E+01   0.11103E+01   0.92446E-02
   0.16076E+02   0.12485E+01   0.24991E+02   0.11085E+01   0.11103E+01   0.92548E-02
   0.16094E+02   0.12477E+01   0.24985E+02   0.11085E+01   0.11104E+01   0.92662E-02
   0.16111E+02   0.12469E+01   0.24979E+02   0.11086E+01   0.11104E+01   0.92781E-02
   0.16128E+02   0.12460E+01   0.24973E+02   0.11086E+01   0.11104E+01   0.92897E-02
   0.16146E+02   0.12452E+01   0.24967E+02   0.11086E+01   0.11105E+01   0.93003E-02
   0.16163E+02   0.12444E+01   0.24960E+02   0.11087E+01   0.11105E+01   0.93097E-02
   0.16181E+02   0.12436E+01   0.24953E+02   0.11087E+01   0.11105E+01   0.93184E-02
   0.16198E+02   0.12429E+01   0.24947E+02   0.11088E+01   0.11106E+01   0.93267E-02
   0.16215E+02   0.12421E+01   0.24940E+02   0.11088E+01   0.11106E+01   0.93353E-02
   0.16233E+02   0.12414E+01   0.24934E+02   0.11088E+01   0.11106E+01   0.93451E-02
   0.16250E+02   0.12406E+01   0.24929E+02   0.11089E+01   0.11107E+01   0.93567E-02
