   0.65799E+01   0.23410E+01   0.38531E+02   0.10671E+01   0.10708E+01   0.37160E-02
   0.65972E+01   0.23370E+01   0.38478E+02   0.10672E+01   0.10709E+01   0.37264E-02
   0.66146E+01   0.23330E+01   0.38424E+02   0.10673E+01   0.10710E+01   0.37356E-02
   0.66319E+01   0.23290E+01   0.38369E+02   0.10674E+01   0.10711E+01   0.37438E-02
   0.66493E+01   0.23250E+01   0.38314E+02   0.10675E+01   0.10712E+01   0.37521E-02
   0.66667E+01   0.23210E+01   0.38261E+02   0.10676E+01   0.10713E+01   0.37612E-02
   0.66840E+01   0.23171E+01   0.38208E+02   0.10677E+01   0.10714E+01   0.37719E-02
   0.67014E+01   0.23131E+01   0.38157E+02   0.10678E+01   0.10715E+01   0.37839E-02
   0.67188E+01   0.23091E+01   0.38106E+02   0.10679E+01   0.10716E+01   0.37963E-02
   0.67361E+01   0.23051E+01   0.38054E+02   0.10680E+01   0.10717E+01   0.38080E-02
   0.67535E+01   0.23012E+01   0.38001E+02   0.10681E+01   0.10718E+01   0.38179E-02
   0.67708E+01   0.22973E+01   0.37948E+02   0.10682E+01   0.10719E+01   0.38261E-02
   0.67882E+01   0.22934E+01   0.37894E+02   0.10683E+01   0.10720E+01   0.38337E-02
   0.68056E+01   0.22895E+01   0.37840E+02   0.10684E+01   0.10721E+01   0.38417E-02
   0.68229E+01   0.22856E+01   0.37788E+02   0.10685E+01   0.10722E+01   0.38512E-02
   0.68403E+01   0.22817E+01   0.37737E+02   0.10686E+01   0.10723E+01   0.38626E-02
   0.68576E+01   0.22778E+01   0.37686E+02   0.10687E+01   0.10724E+01   0.38750E-02
   0.68750E+01   0.22738E+01   0.37636E+02   0.10688E+01   0.10725E+01   0.38872E-02
