   0.53299E+01   0.26552E+01   0.42697E+02   0.10600E+01   0.10639E+01   0.29956E-02
   0.53472E+01   0.26505E+01   0.42634E+02   0.10601E+01   0.10640E+01   0.30051E-02
   0.53646E+01   0.26458E+01   0.42572E+02   0.10602E+01   0.10641E+01   0.30139E-02
   0.53819E+01   0.26412E+01   0.42509E+02   0.10603E+01   0.10642E+01   0.30227E-02
   0.53993E+01   0.26365E+01   0.42447E+02   0.10604E+01   0.10643E+01   0.30323E-02
   0.54167E+01   0.26318E+01   0.42386E+02   0.10605E+01   0.10644E+01   0.30429E-02
   0.54340E+01   0.26272E+01   0.42325E+02   0.10606E+01   0.10645E+01   0.30539E-02
   0.54514E+01   0.26225E+01   0.42265E+02   0.10607E+01   0.10646E+01   0.30647E-02
   0.54688E+01   0.26179E+01   0.42204E+02   0.10608E+01   0.10647E+01   0.30750E-02
   0.54861E+01   0.26132E+01   0.42142E+02   0.10609E+01   0.10648E+01   0.30848E-02
   0.55035E+01   0.26086E+01   0.42080E+02   0.10610E+01   0.10649E+01   0.30939E-02
   0.55208E+01   0.26040E+01   0.42018E+02   0.10611E+01   0.10649E+01   0.31025E-02
   0.55382E+01   0.25994E+01   0.41957E+02   0.10612E+01   0.10650E+01   0.31116E-02
   0.55556E+01   0.25948E+01   0.41896E+02   0.10613E+01   0.10651E+01   0.31216E-02
   0.55729E+01   0.25903E+01   0.41837E+02   0.10614E+01   0.10652E+01   0.31324E-02
   0.55903E+01   0.25857E+01   0.41777E+02   0.10614E+01   0.10653E+01   0.31435E-02
   0.56076E+01   0.25811E+01   0.41717E+02   0.10615E+01   0.10654E+01   0.31543E-02
   0.56250E+01   0.25765E+01   0.41657E+02   0.10616E+01   0.10655E+01   0.31646E-02
