   0.29392E+02   0.96634E+00   0.27180E+02   0.11070E+01   0.11086E+01   0.17268E-01
   0.29410E+02   0.96619E+00   0.27186E+02   0.11070E+01   0.11086E+01   0.17275E-01
   0.29427E+02   0.96610E+00   0.27191E+02   0.11070E+01   0.11086E+01   0.17281E-01
   0.29444E+02   0.96604E+00   0.27198E+02   0.11069E+01   0.11086E+01   0.17286E-01
   0.29462E+02   0.96594E+00   0.27205E+02   0.11069E+01   0.11086E+01   0.17293E-01
   0.29479E+02   0.96574E+00   0.27212E+02   0.11069E+01   0.11086E+01   0.17303E-01
   0.29497E+02   0.96542E+00   0.27219E+02   0.11069E+01   0.11085E+01   0.17315E-01
   0.29514E+02   0.96503E+00   0.27225E+02   0.11069E+01   0.11085E+01   0.17330E-01
   0.29531E+02   0.96462E+00   0.27232E+02   0.11069E+01   0.11085E+01   0.17345E-01
   0.29549E+02   0.96426E+00   0.27239E+02   0.11068E+01   0.11085E+01   0.17360E-01
   0.29566E+02   0.96397E+00   0.27246E+02   0.11068E+01   0.11085E+01   0.17372E-01
   0.29583E+02   0.96376E+00   0.27253E+02   0.11068E+01   0.11085E+01   0.17382E-01
   0.29601E+02   0.96362E+00   0.27258E+02   0.11068E+01   0.11084E+01   0.17388E-01
   0.29618E+02   0.96349E+00   0.27263E+02   0.11068E+01   0.11084E+01   0.17394E-01
   0.29635E+02   0.96331E+00   0.27267E+02   0.11068E+01   0.11084E+01   0.17400E-01
   0.29653E+02   0.96305E+00   0.27272E+02   0.11068E+01   0.11084E+01   0.17409E-01
   0.29670E+02   0.96274E+00   0.27277E+02   0.11067E+01   0.11084E+01   0.17420E-01
   0.29688E+02   0.96240E+00   0.27283E+02   0.11067E+01   0.11084E+01   0.17433E-01
