   0.64236E+00   0.52232E+01   0.77301E+02   0.10314E+01   0.10333E+01   0.30648E-03
   0.65972E+00   0.51704E+01   0.76543E+02   0.10317E+01   0.10337E+01   0.31636E-03
   0.67708E+00   0.51197E+01   0.75814E+02   0.10320E+01   0.10340E+01   0.32625E-03
   0.69444E+00   0.50709E+01   0.75115E+02   0.10323E+01   0.10344E+01   0.33615E-03
   0.71181E+00   0.50241E+01   0.74442E+02   0.10326E+01   0.10347E+01   0.34604E-03
   0.72917E+00   0.49790E+01   0.73796E+02   0.10329E+01   0.10351E+01   0.35592E-03
   0.74653E+00   0.49355E+01   0.73174E+02   0.10332E+01   0.10354E+01   0.36579E-03
   0.76389E+00   0.48937E+01   0.72575E+02   0.10335E+01   0.10357E+01   0.37567E-03
   0.78125E+00   0.48534E+01   0.71999E+02   0.10338E+01   0.10360E+01   0.38558E-03
   0.79861E+00   0.48146E+01   0.71444E+02   0.10341E+01   0.10363E+01   0.39549E-03
   0.81597E+00   0.47772E+01   0.70910E+02   0.10343E+01   0.10366E+01   0.40540E-03
   0.83333E+00   0.47411E+01   0.70395E+02   0.10346E+01   0.10369E+01   0.41528E-03
   0.85069E+00   0.47063E+01   0.69899E+02   0.10348E+01   0.10372E+01   0.42516E-03
   0.86806E+00   0.46727E+01   0.69419E+02   0.10351E+01   0.10375E+01   0.43505E-03
   0.88542E+00   0.46402E+01   0.68957E+02   0.10353E+01   0.10378E+01   0.44496E-03
   0.90278E+00   0.46088E+01   0.68510E+02   0.10356E+01   0.10381E+01   0.45486E-03
   0.92014E+00   0.45784E+01   0.68079E+02   0.10358E+01   0.10383E+01   0.46474E-03
   0.93750E+00   0.45490E+01   0.67662E+02   0.10360E+01   0.10386E+01   0.47463E-03
