   0.81424E+01   0.20161E+01   0.34190E+02   0.10763E+01   0.10798E+01   0.46211E-02
   0.81597E+01   0.20129E+01   0.34148E+02   0.10764E+01   0.10799E+01   0.46300E-02
   0.81771E+01   0.20098E+01   0.34106E+02   0.10765E+01   0.10800E+01   0.46396E-02
   0.81944E+01   0.20067E+01   0.34064E+02   0.10766E+01   0.10801E+01   0.46500E-02
   0.82118E+01   0.20036E+01   0.34024E+02   0.10767E+01   0.10802E+01   0.46611E-02
   0.82292E+01   0.20005E+01   0.33983E+02   0.10768E+01   0.10803E+01   0.46722E-02
   0.82465E+01   0.19974E+01   0.33943E+02   0.10769E+01   0.10804E+01   0.46829E-02
   0.82639E+01   0.19943E+01   0.33902E+02   0.10770E+01   0.10805E+01   0.46930E-02
   0.82812E+01   0.19912E+01   0.33861E+02   0.10771E+01   0.10806E+01   0.47025E-02
   0.82986E+01   0.19882E+01   0.33820E+02   0.10772E+01   0.10807E+01   0.47116E-02
   0.83160E+01   0.19852E+01   0.33779E+02   0.10773E+01   0.10808E+01   0.47208E-02
   0.83333E+01   0.19822E+01   0.33739E+02   0.10774E+01   0.10808E+01   0.47307E-02
   0.83507E+01   0.19792E+01   0.33700E+02   0.10775E+01   0.10809E+01   0.47410E-02
   0.83681E+01   0.19762E+01   0.33660E+02   0.10776E+01   0.10810E+01   0.47514E-02
   0.83854E+01   0.19732E+01   0.33621E+02   0.10777E+01   0.10811E+01   0.47617E-02
   0.84028E+01   0.19702E+01   0.33581E+02   0.10778E+01   0.10812E+01   0.47719E-02
   0.84201E+01   0.19672E+01   0.33542E+02   0.10779E+01   0.10813E+01   0.47820E-02
   0.84375E+01   0.19643E+01   0.33503E+02   0.10780E+01   0.10814E+01   0.47921E-02
