   0.59549E+01   0.24923E+01   0.40543E+02   0.10635E+01   0.10673E+01   0.33550E-02
   0.59722E+01   0.24879E+01   0.40484E+02   0.10636E+01   0.10674E+01   0.33641E-02
   0.59896E+01   0.24836E+01   0.40425E+02   0.10637E+01   0.10675E+01   0.33727E-02
   0.60069E+01   0.24793E+01   0.40367E+02   0.10638E+01   0.10676E+01   0.33815E-02
   0.60243E+01   0.24749E+01   0.40309E+02   0.10639E+01   0.10677E+01   0.33913E-02
   0.60417E+01   0.24706E+01   0.40252E+02   0.10640E+01   0.10678E+01   0.34021E-02
   0.60590E+01   0.24662E+01   0.40196E+02   0.10641E+01   0.10679E+01   0.34134E-02
   0.60764E+01   0.24619E+01   0.40139E+02   0.10642E+01   0.10680E+01   0.34245E-02
   0.60938E+01   0.24576E+01   0.40082E+02   0.10643E+01   0.10681E+01   0.34350E-02
   0.61111E+01   0.24533E+01   0.40025E+02   0.10644E+01   0.10682E+01   0.34447E-02
   0.61285E+01   0.24490E+01   0.39967E+02   0.10645E+01   0.10683E+01   0.34535E-02
   0.61458E+01   0.24448E+01   0.39909E+02   0.10646E+01   0.10684E+01   0.34620E-02
   0.61632E+01   0.24405E+01   0.39851E+02   0.10647E+01   0.10685E+01   0.34711E-02
   0.61806E+01   0.24362E+01   0.39794E+02   0.10648E+01   0.10686E+01   0.34811E-02
   0.61979E+01   0.24320E+01   0.39738E+02   0.10649E+01   0.10687E+01   0.34920E-02
   0.62153E+01   0.24277E+01   0.39683E+02   0.10650E+01   0.10688E+01   0.35031E-02
   0.62326E+01   0.24235E+01   0.39628E+02   0.10651E+01   0.10689E+01   0.35138E-02
   0.62500E+01   0.24193E+01   0.39572E+02   0.10652E+01   0.10690E+01   0.35241E-02
