   0.28142E+02   0.98140E+00   0.26623E+02   0.11085E+01   0.11101E+01   0.16483E-01
   0.28160E+02   0.98117E+00   0.26629E+02   0.11085E+01   0.11100E+01   0.16493E-01
   0.28177E+02   0.98093E+00   0.26635E+02   0.11085E+01   0.11100E+01   0.16504E-01
   0.28194E+02   0.98069E+00   0.26643E+02   0.11085E+01   0.11100E+01   0.16516E-01
   0.28212E+02   0.98045E+00   0.26650E+02   0.11084E+01   0.11100E+01   0.16528E-01
   0.28229E+02   0.98021E+00   0.26658E+02   0.11084E+01   0.11100E+01   0.16540E-01
   0.28247E+02   0.97998E+00   0.26666E+02   0.11084E+01   0.11100E+01   0.16551E-01
   0.28264E+02   0.97975E+00   0.26673E+02   0.11084E+01   0.11099E+01   0.16562E-01
   0.28281E+02   0.97954E+00   0.26680E+02   0.11084E+01   0.11099E+01   0.16572E-01
   0.28299E+02   0.97936E+00   0.26687E+02   0.11083E+01   0.11099E+01   0.16581E-01
   0.28316E+02   0.97918E+00   0.26693E+02   0.11083E+01   0.11099E+01   0.16591E-01
   0.28333E+02   0.97899E+00   0.26701E+02   0.11083E+01   0.11099E+01   0.16601E-01
   0.28351E+02   0.97875E+00   0.26708E+02   0.11083E+01   0.11099E+01   0.16612E-01
   0.28368E+02   0.97846E+00   0.26715E+02   0.11083E+01   0.11098E+01   0.16625E-01
   0.28385E+02   0.97815E+00   0.26721E+02   0.11082E+01   0.11098E+01   0.16637E-01
   0.28403E+02   0.97786E+00   0.26728E+02   0.11082E+01   0.11098E+01   0.16649E-01
   0.28420E+02   0.97760E+00   0.26735E+02   0.11082E+01   0.11098E+01   0.16661E-01
   0.28438E+02   0.97738E+00   0.26743E+02   0.11082E+01   0.11098E+01   0.16672E-01
