   0.90799E+01   0.18605E+01   0.32134E+02   0.10815E+01   0.10849E+01   0.51633E-02
   0.90972E+01   0.18578E+01   0.32100E+02   0.10816E+01   0.10850E+01   0.51740E-02
   0.91146E+01   0.18552E+01   0.32065E+02   0.10817E+01   0.10851E+01   0.51836E-02
   0.91319E+01   0.18526E+01   0.32029E+02   0.10818E+01   0.10852E+01   0.51926E-02
   0.91493E+01   0.18499E+01   0.31994E+02   0.10819E+01   0.10853E+01   0.52011E-02
   0.91667E+01   0.18473E+01   0.31958E+02   0.10820E+01   0.10854E+01   0.52099E-02
   0.91840E+01   0.18447E+01   0.31924E+02   0.10821E+01   0.10855E+01   0.52193E-02
   0.92014E+01   0.18421E+01   0.31890E+02   0.10822E+01   0.10856E+01   0.52299E-02
   0.92188E+01   0.18395E+01   0.31856E+02   0.10823E+01   0.10857E+01   0.52415E-02
   0.92361E+01   0.18368E+01   0.31823E+02   0.10824E+01   0.10858E+01   0.52537E-02
   0.92535E+01   0.18342E+01   0.31790E+02   0.10825E+01   0.10858E+01   0.52653E-02
   0.92708E+01   0.18316E+01   0.31756E+02   0.10826E+01   0.10859E+01   0.52757E-02
   0.92882E+01   0.18290E+01   0.31721E+02   0.10827E+01   0.10860E+01   0.52848E-02
   0.93056E+01   0.18265E+01   0.31686E+02   0.10828E+01   0.10861E+01   0.52929E-02
   0.93229E+01   0.18240E+01   0.31652E+02   0.10829E+01   0.10862E+01   0.53009E-02
   0.93403E+01   0.18214E+01   0.31618E+02   0.10830E+01   0.10863E+01   0.53099E-02
   0.93576E+01   0.18189E+01   0.31585E+02   0.10831E+01   0.10864E+01   0.53203E-02
   0.93750E+01   0.18163E+01   0.31552E+02   0.10832E+01   0.10865E+01   0.53321E-02
