   0.22830E+02   0.10611E+01   0.24990E+02   0.11125E+01   0.11140E+01   0.13292E-01
   0.22847E+02   0.10609E+01   0.24994E+02   0.11124E+01   0.11139E+01   0.13299E-01
   0.22865E+02   0.10608E+01   0.24996E+02   0.11124E+01   0.11139E+01   0.13304E-01
   0.22882E+02   0.10606E+01   0.24999E+02   0.11124E+01   0.11139E+01   0.13310E-01
   0.22899E+02   0.10603E+01   0.25003E+02   0.11124E+01   0.11139E+01   0.13318E-01
   0.22917E+02   0.10600E+01   0.25007E+02   0.11124E+01   0.11139E+01   0.13328E-01
   0.22934E+02   0.10597E+01   0.25012E+02   0.11124E+01   0.11139E+01   0.13342E-01
   0.22951E+02   0.10593E+01   0.25018E+02   0.11124E+01   0.11139E+01   0.13357E-01
   0.22969E+02   0.10590E+01   0.25025E+02   0.11124E+01   0.11139E+01   0.13373E-01
   0.22986E+02   0.10587E+01   0.25031E+02   0.11124E+01   0.11139E+01   0.13385E-01
   0.23003E+02   0.10584E+01   0.25036E+02   0.11124E+01   0.11139E+01   0.13395E-01
   0.23021E+02   0.10582E+01   0.25039E+02   0.11123E+01   0.11138E+01   0.13401E-01
   0.23038E+02   0.10580E+01   0.25042E+02   0.11123E+01   0.11138E+01   0.13408E-01
   0.23056E+02   0.10578E+01   0.25046E+02   0.11123E+01   0.11138E+01   0.13416E-01
   0.23073E+02   0.10575E+01   0.25050E+02   0.11123E+01   0.11138E+01   0.13426E-01
   0.23090E+02   0.10573E+01   0.25057E+02   0.11123E+01   0.11138E+01   0.13438E-01
   0.23108E+02   0.10570E+01   0.25064E+02   0.11123E+01   0.11138E+01   0.13450E-01
   0.23125E+02   0.10568E+01   0.25071E+02   0.11123E+01   0.11138E+01   0.13463E-01
