   0.28767E+02   0.97309E+00   0.26883E+02   0.11078E+01   0.11094E+01   0.16882E-01
   0.28785E+02   0.97284E+00   0.26891E+02   0.11078E+01   0.11094E+01   0.16895E-01
   0.28802E+02   0.97266E+00   0.26900E+02   0.11078E+01   0.11094E+01   0.16906E-01
   0.28819E+02   0.97256E+00   0.26909E+02   0.11077E+01   0.11094E+01   0.16915E-01
   0.28837E+02   0.97252E+00   0.26918E+02   0.11077E+01   0.11093E+01   0.16922E-01
   0.28854E+02   0.97251E+00   0.26927E+02   0.11077E+01   0.11093E+01   0.16929E-01
   0.28872E+02   0.97245E+00   0.26935E+02   0.11077E+01   0.11093E+01   0.16936E-01
   0.28889E+02   0.97233E+00   0.26944E+02   0.11076E+01   0.11093E+01   0.16945E-01
   0.28906E+02   0.97211E+00   0.26952E+02   0.11076E+01   0.11092E+01   0.16957E-01
   0.28924E+02   0.97180E+00   0.26961E+02   0.11076E+01   0.11092E+01   0.16972E-01
   0.28941E+02   0.97144E+00   0.26970E+02   0.11076E+01   0.11092E+01   0.16988E-01
   0.28958E+02   0.97111E+00   0.26980E+02   0.11075E+01   0.11092E+01   0.17005E-01
   0.28976E+02   0.97086E+00   0.26990E+02   0.11075E+01   0.11091E+01   0.17019E-01
   0.28993E+02   0.97072E+00   0.27000E+02   0.11075E+01   0.11091E+01   0.17030E-01
   0.29010E+02   0.97065E+00   0.27009E+02   0.11075E+01   0.11091E+01   0.17038E-01
   0.29028E+02   0.97061E+00   0.27017E+02   0.11074E+01   0.11091E+01   0.17044E-01
   0.29045E+02   0.97057E+00   0.27024E+02   0.11074E+01   0.11090E+01   0.17050E-01
   0.29062E+02   0.97051E+00   0.27031E+02   0.11074E+01   0.11090E+01   0.17056E-01
