   0.18767E+02   0.11460E+01   0.24409E+02   0.11126E+01   0.11141E+01   0.10851E-01
   0.18785E+02   0.11455E+01   0.24407E+02   0.11126E+01   0.11141E+01   0.10860E-01
   0.18802E+02   0.11449E+01   0.24406E+02   0.11126E+01   0.11141E+01   0.10869E-01
   0.18819E+02   0.11443E+01   0.24405E+02   0.11126E+01   0.11141E+01   0.10881E-01
   0.18837E+02   0.11438E+01   0.24404E+02   0.11127E+01   0.11142E+01   0.10893E-01
   0.18854E+02   0.11432E+01   0.24403E+02   0.11127E+01   0.11142E+01   0.10906E-01
   0.18872E+02   0.11426E+01   0.24403E+02   0.11127E+01   0.11142E+01   0.10918E-01
   0.18889E+02   0.11421E+01   0.24402E+02   0.11127E+01   0.11142E+01   0.10929E-01
   0.18906E+02   0.11416E+01   0.24401E+02   0.11127E+01   0.11142E+01   0.10939E-01
   0.18924E+02   0.11411E+01   0.24399E+02   0.11127E+01   0.11142E+01   0.10948E-01
   0.18941E+02   0.11407E+01   0.24398E+02   0.11127E+01   0.11142E+01   0.10956E-01
   0.18958E+02   0.11402E+01   0.24397E+02   0.11128E+01   0.11143E+01   0.10965E-01
   0.18976E+02   0.11397E+01   0.24396E+02   0.11128E+01   0.11143E+01   0.10974E-01
   0.18993E+02   0.11392E+01   0.24396E+02   0.11128E+01   0.11143E+01   0.10986E-01
   0.19010E+02   0.11386E+01   0.24396E+02   0.11128E+01   0.11143E+01   0.10998E-01
   0.19028E+02   0.11381E+01   0.24396E+02   0.11128E+01   0.11143E+01   0.11010E-01
   0.19045E+02   0.11376E+01   0.24395E+02   0.11128E+01   0.11143E+01   0.11022E-01
   0.19062E+02   0.11371E+01   0.24395E+02   0.11128E+01   0.11143E+01   0.11032E-01
