   0.22049E+01   0.36014E+01   0.54751E+02   0.10453E+01   0.10495E+01   0.11987E-02
   0.22222E+01   0.35953E+01   0.54674E+02   0.10454E+01   0.10496E+01   0.12088E-02
   0.22396E+01   0.35892E+01   0.54599E+02   0.10455E+01   0.10497E+01   0.12189E-02
   0.22569E+01   0.35832E+01   0.54523E+02   0.10455E+01   0.10497E+01   0.12287E-02
   0.22743E+01   0.35772E+01   0.54449E+02   0.10456E+01   0.10498E+01   0.12385E-02
   0.22917E+01   0.35713E+01   0.54376E+02   0.10457E+01   0.10499E+01   0.12483E-02
   0.23090E+01   0.35655E+01   0.54303E+02   0.10457E+01   0.10500E+01   0.12581E-02
   0.23264E+01   0.35596E+01   0.54230E+02   0.10458E+01   0.10501E+01   0.12681E-02
   0.23438E+01   0.35538E+01   0.54158E+02   0.10459E+01   0.10501E+01   0.12781E-02
   0.23611E+01   0.35480E+01   0.54087E+02   0.10460E+01   0.10502E+01   0.12883E-02
   0.23785E+01   0.35423E+01   0.54016E+02   0.10460E+01   0.10503E+01   0.12984E-02
   0.23958E+01   0.35366E+01   0.53946E+02   0.10461E+01   0.10504E+01   0.13084E-02
   0.24132E+01   0.35309E+01   0.53875E+02   0.10462E+01   0.10504E+01   0.13183E-02
   0.24306E+01   0.35252E+01   0.53804E+02   0.10462E+01   0.10505E+01   0.13282E-02
   0.24479E+01   0.35195E+01   0.53734E+02   0.10463E+01   0.10506E+01   0.13380E-02
   0.24653E+01   0.35139E+01   0.53665E+02   0.10464E+01   0.10507E+01   0.13479E-02
   0.24826E+01   0.35083E+01   0.53596E+02   0.10465E+01   0.10507E+01   0.13579E-02
   0.25000E+01   0.35027E+01   0.53527E+02   0.10465E+01   0.10508E+01   0.13680E-02
