   0.15642E+02   0.12702E+01   0.25180E+02   0.11075E+01   0.11094E+01   0.90000E-02
   0.15660E+02   0.12693E+01   0.25171E+02   0.11075E+01   0.11094E+01   0.90102E-02
   0.15677E+02   0.12684E+01   0.25163E+02   0.11075E+01   0.11095E+01   0.90203E-02
   0.15694E+02   0.12675E+01   0.25155E+02   0.11076E+01   0.11095E+01   0.90304E-02
   0.15712E+02   0.12667E+01   0.25148E+02   0.11076E+01   0.11095E+01   0.90405E-02
   0.15729E+02   0.12658E+01   0.25140E+02   0.11077E+01   0.11096E+01   0.90507E-02
   0.15747E+02   0.12649E+01   0.25132E+02   0.11077E+01   0.11096E+01   0.90610E-02
   0.15764E+02   0.12640E+01   0.25124E+02   0.11078E+01   0.11097E+01   0.90713E-02
   0.15781E+02   0.12631E+01   0.25115E+02   0.11078E+01   0.11097E+01   0.90820E-02
   0.15799E+02   0.12621E+01   0.25108E+02   0.11078E+01   0.11097E+01   0.90928E-02
   0.15816E+02   0.12613E+01   0.25100E+02   0.11079E+01   0.11098E+01   0.91032E-02
   0.15833E+02   0.12604E+01   0.25092E+02   0.11079E+01   0.11098E+01   0.91130E-02
   0.15851E+02   0.12595E+01   0.25085E+02   0.11080E+01   0.11098E+01   0.91230E-02
   0.15868E+02   0.12586E+01   0.25077E+02   0.11080E+01   0.11099E+01   0.91332E-02
   0.15885E+02   0.12578E+01   0.25069E+02   0.11081E+01   0.11099E+01   0.91437E-02
   0.15903E+02   0.12569E+01   0.25062E+02   0.11081E+01   0.11100E+01   0.91545E-02
   0.15920E+02   0.12560E+01   0.25054E+02   0.11081E+01   0.11100E+01   0.91652E-02
   0.15938E+02   0.12552E+01   0.25047E+02   0.11082E+01   0.11100E+01   0.91758E-02
