   0.27830E+02   0.98521E+00   0.26497E+02   0.11088E+01   0.11104E+01   0.16296E-01
   0.27847E+02   0.98495E+00   0.26503E+02   0.11088E+01   0.11104E+01   0.16307E-01
   0.27865E+02   0.98473E+00   0.26509E+02   0.11088E+01   0.11104E+01   0.16317E-01
   0.27882E+02   0.98454E+00   0.26516E+02   0.11088E+01   0.11103E+01   0.16327E-01
   0.27899E+02   0.98434E+00   0.26524E+02   0.11088E+01   0.11103E+01   0.16338E-01
   0.27917E+02   0.98412E+00   0.26531E+02   0.11088E+01   0.11103E+01   0.16348E-01
   0.27934E+02   0.98393E+00   0.26538E+02   0.11087E+01   0.11103E+01   0.16359E-01
   0.27951E+02   0.98375E+00   0.26545E+02   0.11087E+01   0.11103E+01   0.16368E-01
   0.27969E+02   0.98358E+00   0.26552E+02   0.11087E+01   0.11102E+01   0.16377E-01
   0.27986E+02   0.98338E+00   0.26559E+02   0.11087E+01   0.11102E+01   0.16387E-01
   0.28003E+02   0.98314E+00   0.26566E+02   0.11087E+01   0.11102E+01   0.16398E-01
   0.28021E+02   0.98290E+00   0.26573E+02   0.11086E+01   0.11102E+01   0.16409E-01
   0.28038E+02   0.98265E+00   0.26580E+02   0.11086E+01   0.11102E+01   0.16421E-01
   0.28056E+02   0.98242E+00   0.26587E+02   0.11086E+01   0.11102E+01   0.16432E-01
   0.28073E+02   0.98218E+00   0.26595E+02   0.11086E+01   0.11101E+01   0.16444E-01
   0.28090E+02   0.98197E+00   0.26603E+02   0.11086E+01   0.11101E+01   0.16455E-01
   0.28108E+02   0.98179E+00   0.26610E+02   0.11085E+01   0.11101E+01   0.16465E-01
   0.28125E+02   0.98161E+00   0.26617E+02   0.11085E+01   0.11101E+01   0.16474E-01
