   0.20330E+02   0.11060E+01   0.24463E+02   0.11133E+01   0.11147E+01   0.11787E-01
   0.20347E+02   0.11055E+01   0.24464E+02   0.11133E+01   0.11148E+01   0.11797E-01
   0.20365E+02   0.11051E+01   0.24465E+02   0.11133E+01   0.11148E+01   0.11807E-01
   0.20382E+02   0.11048E+01   0.24466E+02   0.11133E+01   0.11148E+01   0.11817E-01
   0.20399E+02   0.11044E+01   0.24468E+02   0.11133E+01   0.11148E+01   0.11826E-01
   0.20417E+02   0.11040E+01   0.24469E+02   0.11133E+01   0.11148E+01   0.11836E-01
   0.20434E+02   0.11036E+01   0.24470E+02   0.11133E+01   0.11148E+01   0.11846E-01
   0.20451E+02   0.11032E+01   0.24472E+02   0.11133E+01   0.11148E+01   0.11857E-01
   0.20469E+02   0.11027E+01   0.24473E+02   0.11133E+01   0.11148E+01   0.11869E-01
   0.20486E+02   0.11023E+01   0.24475E+02   0.11133E+01   0.11148E+01   0.11881E-01
   0.20503E+02   0.11019E+01   0.24477E+02   0.11133E+01   0.11148E+01   0.11893E-01
   0.20521E+02   0.11015E+01   0.24479E+02   0.11133E+01   0.11148E+01   0.11903E-01
   0.20538E+02   0.11011E+01   0.24481E+02   0.11133E+01   0.11148E+01   0.11913E-01
   0.20556E+02   0.11007E+01   0.24482E+02   0.11133E+01   0.11148E+01   0.11921E-01
   0.20573E+02   0.11004E+01   0.24483E+02   0.11133E+01   0.11148E+01   0.11930E-01
   0.20590E+02   0.11000E+01   0.24484E+02   0.11133E+01   0.11148E+01   0.11938E-01
   0.20608E+02   0.10997E+01   0.24486E+02   0.11133E+01   0.11148E+01   0.11948E-01
   0.20625E+02   0.10993E+01   0.24488E+02   0.11133E+01   0.11148E+01   0.11959E-01
