   0.96417E+00  -0.83446E-02   0.23949E-02   0.51031E-01
   0.94036E+00  -0.78543E-02   0.36214E-02   0.87207E-01
   0.91667E+00   0.63742E-02  -0.37319E-02   0.12539E+00
   0.89314E+00   0.55062E-02  -0.37311E-02   0.16152E+00
   0.86983E+00  -0.38600E-02   0.25373E-02   0.19296E+00
   0.84677E+00  -0.28780E-02   0.16651E-02   0.22160E+00
   0.82400E+00   0.16951E-02  -0.12906E-03   0.25002E+00
   0.80156E+00   0.16372E-02   0.44962E-03   0.27776E+00
   0.77949E+00  -0.81143E-04  -0.26906E-03   0.30313E+00
   0.75782E+00  -0.29749E-02  -0.12669E-02   0.32491E+00
   0.73658E+00  -0.40251E-02  -0.13857E-02   0.34302E+00
   0.71579E+00   0.47829E-02   0.19857E-02   0.35791E+00
   0.69548E+00   0.50471E-02   0.25139E-02   0.36968E+00
   0.67566E+00  -0.38566E-02  -0.32418E-02   0.37880E+00
   0.65636E+00  -0.31868E-02  -0.44456E-02   0.38662E+00
   0.63758E+00  -0.32591E-02  -0.76958E-02   0.39431E+00
   0.61934E+00  -0.25822E-03   0.60520E-02   0.40302E+00
   0.60163E+00   0.13119E-02   0.11784E-01   0.41308E+00
   0.58448E+00   0.49868E-02   0.13306E-02   0.42334E+00
   0.56786E+00  -0.30811E-02  -0.15315E-01   0.43240E+00
   0.55179E+00  -0.56952E-02  -0.13347E-01   0.43957E+00
   0.53626E+00   0.56952E-02   0.14637E-01   0.44482E+00
   0.52126E+00   0.71429E-02   0.13272E-01   0.44867E+00
   0.50679E+00  -0.76320E-02  -0.12834E-01   0.45173E+00
   0.49284E+00  -0.90453E-02  -0.12354E-01   0.45442E+00
   0.47939E+00   0.28204E-02   0.39461E-02   0.45680E+00
   0.46643E+00   0.99567E-02   0.11571E-01   0.45874E+00
   0.45396E+00   0.10734E-01   0.12384E-01   0.46020E+00
   0.44195E+00  -0.10584E-01  -0.12569E-01   0.46131E+00
   0.43040E+00  -0.11963E-01  -0.14015E-01   0.46220E+00
   0.41928E+00  -0.59535E-02  -0.64272E-02   0.46288E+00
   0.40858E+00   0.13062E-01   0.14213E-01   0.46335E+00
   0.39828E+00   0.14479E-01   0.14876E-01   0.46359E+00
   0.38838E+00   0.39684E-02   0.37573E-02   0.46356E+00
   0.37885E+00  -0.14824E-01  -0.13507E-01   0.46323E+00
   0.36967E+00  -0.16198E-01  -0.13917E-01   0.46270E+00
   0.36084E+00  -0.16746E-01  -0.13588E-01   0.46211E+00
   0.35233E+00   0.14006E-01   0.10995E-01   0.46158E+00
   0.34413E+00   0.16522E-01   0.12356E-01   0.46110E+00
   0.33623E+00   0.17265E-01   0.12378E-01   0.46067E+00
   0.32860E+00   0.17455E-01   0.11968E-01   0.46024E+00
   0.32125E+00  -0.13584E-01  -0.91909E-02   0.45978E+00
   0.31414E+00  -0.16235E-01  -0.10516E-01   0.45928E+00
   0.30728E+00  -0.16800E-01  -0.10545E-01   0.45871E+00
   0.30064E+00  -0.17397E-01  -0.10798E-01   0.45804E+00
   0.29422E+00  -0.17862E-01  -0.11951E-01   0.45726E+00
   0.28799E+00   0.69952E-02   0.19743E-02   0.45636E+00
   0.28197E+00   0.14768E-01   0.82697E-02   0.45537E+00
   0.27612E+00   0.17148E-01   0.11158E-01   0.45433E+00
   0.27044E+00   0.17731E-01   0.12582E-01   0.45330E+00
   0.26492E+00   0.16288E-01   0.11441E-01   0.45230E+00
   0.25955E+00   0.12216E-01   0.65448E-02   0.45137E+00
   0.25433E+00   0.57863E-02  -0.16414E-02   0.45052E+00
   0.24924E+00   0.69304E-03  -0.81662E-02   0.44971E+00
   0.24428E+00   0.41187E-03  -0.78609E-02   0.44894E+00
   0.23943E+00   0.33484E-02  -0.19907E-02   0.44817E+00
   0.23470E+00   0.58837E-02   0.45214E-02   0.44740E+00
   0.23007E+00   0.58438E-02   0.95291E-02   0.44662E+00
   0.22554E+00   0.86065E-03   0.92409E-02   0.44586E+00
   0.22110E+00  -0.51030E-02   0.36257E-02   0.44516E+00
   0.21675E+00  -0.84935E-02  -0.10756E-02   0.44452E+00
   0.21248E+00  -0.10605E-01  -0.43758E-02   0.44399E+00
   0.20829E+00  -0.12349E-01  -0.70343E-02   0.44355E+00
   0.20416E+00  -0.14048E-01  -0.94589E-02   0.44320E+00
   0.20011E+00  -0.14514E-01  -0.10841E-01   0.44293E+00
   0.19611E+00  -0.83348E-02  -0.66768E-02   0.44271E+00
   0.19218E+00  -0.82010E-03  -0.76549E-03   0.44253E+00
   0.18830E+00   0.26964E-02   0.20925E-02   0.44237E+00
   0.18448E+00   0.41147E-02   0.31142E-02   0.44223E+00
   0.18070E+00   0.44788E-02   0.30580E-02   0.44211E+00
   0.17696E+00   0.41003E-02   0.20899E-02   0.44200E+00
   0.17327E+00   0.28466E-02  -0.12704E-03   0.44193E+00
   0.16962E+00  -0.54205E-04  -0.47498E-02   0.44190E+00
   0.16601E+00  -0.57581E-02  -0.12878E-01   0.44193E+00
   0.16243E+00  -0.10796E-01  -0.18451E-01   0.44205E+00
   0.15888E+00  -0.11951E-01  -0.18464E-01   0.44226E+00
   0.15536E+00  -0.11850E-01  -0.17426E-01   0.44260E+00
   0.15187E+00  -0.11606E-01  -0.16618E-01   0.44306E+00
   0.14841E+00  -0.11437E-01  -0.16080E-01   0.44366E+00
   0.14498E+00  -0.11355E-01  -0.15733E-01   0.44440E+00
   0.14156E+00  -0.11353E-01  -0.15536E-01   0.44527E+00
   0.13817E+00  -0.11463E-01  -0.15529E-01   0.44626E+00
   0.13480E+00  -0.11664E-01  -0.15660E-01   0.44738E+00
   0.13145E+00  -0.11983E-01  -0.15957E-01   0.44860E+00
   0.12811E+00  -0.12428E-01  -0.16409E-01   0.44992E+00
   0.12480E+00  -0.13000E-01  -0.17010E-01   0.45134E+00
   0.12150E+00  -0.13704E-01  -0.17761E-01   0.45284E+00
   0.11821E+00  -0.14535E-01  -0.18652E-01   0.45444E+00
   0.11493E+00  -0.15443E-01  -0.19624E-01   0.45612E+00
   0.11167E+00  -0.16359E-01  -0.20604E-01   0.45788E+00
   0.10842E+00  -0.17287E-01  -0.21623E-01   0.45973E+00
   0.10519E+00  -0.18288E-01  -0.22770E-01   0.46167E+00
   0.10196E+00  -0.19439E-01  -0.24149E-01   0.46368E+00
   0.98741E-01  -0.20832E-01  -0.25873E-01   0.46576E+00
   0.95532E-01  -0.22571E-01  -0.28066E-01   0.46787E+00
   0.92332E-01  -0.24740E-01  -0.30823E-01   0.47001E+00
   0.89139E-01  -0.27428E-01  -0.34244E-01   0.47215E+00
   0.85954E-01  -0.30751E-01  -0.38481E-01   0.47425E+00
   0.82776E-01  -0.34858E-01  -0.43761E-01   0.47631E+00
   0.79605E-01  -0.39914E-01  -0.50380E-01   0.47831E+00
   0.76439E-01  -0.46070E-01  -0.58678E-01   0.48023E+00
   0.73279E-01  -0.53441E-01  -0.69023E-01   0.48205E+00
   0.70125E-01  -0.62107E-01  -0.81802E-01   0.48375E+00
   0.66975E-01  -0.72108E-01  -0.97406E-01   0.48526E+00
   0.63830E-01  -0.83437E-01  -0.11620E+00   0.48653E+00
   0.60689E-01  -0.96031E-01  -0.13853E+00   0.48745E+00
   0.57552E-01  -0.10979E+00  -0.16475E+00   0.48791E+00
   0.54419E-01  -0.12449E+00  -0.19514E+00   0.48777E+00
   0.51290E-01  -0.13977E+00  -0.22968E+00   0.48687E+00
   0.48164E-01  -0.15502E+00  -0.26794E+00   0.48506E+00
   0.45041E-01  -0.16950E+00  -0.30912E+00   0.48216E+00
   0.41921E-01  -0.18241E+00  -0.35213E+00   0.47799E+00
   0.38803E-01  -0.19304E+00  -0.39575E+00   0.47240E+00
   0.35688E-01  -0.20089E+00  -0.43888E+00   0.46522E+00
   0.32575E-01  -0.20567E+00  -0.48075E+00   0.45634E+00
   0.29465E-01  -0.20729E+00  -0.52082E+00   0.44560E+00
   0.26356E-01  -0.20574E+00  -0.55874E+00   0.43289E+00
   0.23250E-01  -0.20104E+00  -0.59413E+00   0.41805E+00
   0.20145E-01  -0.19323E+00  -0.62644E+00   0.40097E+00
   0.17042E-01  -0.18237E+00  -0.65485E+00   0.38156E+00
   0.13940E-01  -0.16868E+00  -0.67819E+00   0.35979E+00
   0.10840E-01  -0.15261E+00  -0.69504E+00   0.33575E+00
   0.77416E-02  -0.13507E+00  -0.70399E+00   0.30958E+00
   0.46441E-02  -0.11740E+00  -0.70437E+00   0.28119E+00
   0.15479E-02  -0.10162E+00  -0.69710E+00   0.24806E+00
