   0.96417E+00   0.19364E-03   0.37745E-07   0.14882E-01
   0.94036E+00   0.46050E-03  -0.59679E-05   0.25770E-01
   0.91667E+00   0.79791E-03  -0.16414E-04   0.37924E-01
   0.89314E+00   0.10688E-02  -0.26971E-04   0.51914E-01
   0.86983E+00   0.12766E-02  -0.32435E-04   0.66430E-01
   0.84677E+00   0.14880E-02  -0.35133E-04   0.80707E-01
   0.82400E+00   0.16669E-02  -0.35181E-04   0.95662E-01
   0.80156E+00   0.18281E-02  -0.34835E-04   0.11169E+00
   0.77949E+00   0.20750E-02  -0.40179E-04   0.12796E+00
   0.75782E+00   0.23666E-02  -0.52301E-04   0.14492E+00
   0.73658E+00   0.26295E-02  -0.63496E-04   0.16237E+00
   0.71579E+00   0.29321E-02  -0.73250E-04   0.17955E+00
   0.69548E+00   0.33428E-02  -0.89185E-04   0.19697E+00
   0.67566E+00   0.38221E-02  -0.11056E-03   0.21557E+00
   0.65636E+00   0.43027E-02  -0.13358E-03   0.23584E+00
   0.63758E+00   0.47664E-02  -0.16534E-03   0.25775E+00
   0.61934E+00   0.51852E-02  -0.20032E-03   0.28088E+00
   0.60163E+00   0.55458E-02  -0.22229E-03   0.30456E+00
   0.58448E+00   0.58899E-02  -0.23558E-03   0.32832E+00
   0.56786E+00   0.62720E-02  -0.25624E-03   0.35210E+00
   0.55179E+00   0.67197E-02  -0.29332E-03   0.37578E+00
   0.53626E+00   0.72234E-02  -0.34002E-03   0.39938E+00
   0.52126E+00   0.77482E-02  -0.37648E-03   0.42309E+00
   0.50679E+00   0.82594E-02  -0.39543E-03   0.44690E+00
   0.49284E+00   0.87431E-02  -0.41609E-03   0.47054E+00
   0.47939E+00   0.92102E-02  -0.45644E-03   0.49418E+00
   0.46643E+00   0.97031E-02  -0.51782E-03   0.51770E+00
   0.45396E+00   0.10257E-01  -0.59488E-03   0.54114E+00
   0.44195E+00   0.10811E-01  -0.67916E-03   0.56463E+00
   0.43040E+00   0.11321E-01  -0.75731E-03   0.58804E+00
   0.41928E+00   0.11823E-01  -0.81974E-03   0.61103E+00
   0.40858E+00   0.12327E-01  -0.86870E-03   0.63343E+00
   0.39828E+00   0.12826E-01  -0.90750E-03   0.65516E+00
   0.38838E+00   0.13338E-01  -0.94955E-03   0.67630E+00
   0.37885E+00   0.13879E-01  -0.10116E-02   0.69678E+00
   0.36967E+00   0.14459E-01  -0.10884E-02   0.71655E+00
   0.36084E+00   0.15116E-01  -0.11748E-02   0.73562E+00
   0.35233E+00   0.15881E-01  -0.12763E-02   0.75430E+00
   0.34413E+00   0.16702E-01  -0.14023E-02   0.77303E+00
   0.33623E+00   0.17503E-01  -0.15433E-02   0.79209E+00
   0.32860E+00   0.18280E-01  -0.16867E-02   0.81147E+00
   0.32125E+00   0.19062E-01  -0.18320E-02   0.83111E+00
   0.31414E+00   0.19854E-01  -0.19795E-02   0.85088E+00
   0.30728E+00   0.20653E-01  -0.21356E-02   0.87063E+00
   0.30064E+00   0.21435E-01  -0.22892E-02   0.89025E+00
   0.29422E+00   0.22182E-01  -0.24292E-02   0.90948E+00
   0.28799E+00   0.22896E-01  -0.25612E-02   0.92822E+00
   0.28197E+00   0.23610E-01  -0.26967E-02   0.94637E+00
   0.27612E+00   0.24358E-01  -0.28382E-02   0.96396E+00
   0.27044E+00   0.25144E-01  -0.29865E-02   0.98106E+00
   0.26492E+00   0.25985E-01  -0.31560E-02   0.99768E+00
   0.25955E+00   0.26889E-01  -0.33487E-02   0.10139E+01
   0.25433E+00   0.27845E-01  -0.35603E-02   0.10298E+01
   0.24924E+00   0.28824E-01  -0.37821E-02   0.10455E+01
   0.24428E+00   0.29794E-01  -0.39992E-02   0.10610E+01
   0.23943E+00   0.30756E-01  -0.42144E-02   0.10763E+01
   0.23470E+00   0.31717E-01  -0.44338E-02   0.10914E+01
   0.23007E+00   0.32682E-01  -0.46596E-02   0.11064E+01
   0.22554E+00   0.33653E-01  -0.48999E-02   0.11212E+01
   0.22110E+00   0.34629E-01  -0.51511E-02   0.11358E+01
   0.21675E+00   0.35617E-01  -0.54024E-02   0.11502E+01
   0.21248E+00   0.36670E-01  -0.56594E-02   0.11644E+01
   0.20829E+00   0.37814E-01  -0.59324E-02   0.11783E+01
   0.20416E+00   0.39040E-01  -0.62214E-02   0.11920E+01
   0.20011E+00   0.40347E-01  -0.65170E-02   0.12056E+01
   0.19611E+00   0.41719E-01  -0.68113E-02   0.12190E+01
   0.19218E+00   0.43163E-01  -0.71113E-02   0.12324E+01
   0.18830E+00   0.44674E-01  -0.74228E-02   0.12458E+01
   0.18448E+00   0.46271E-01  -0.77660E-02   0.12591E+01
   0.18070E+00   0.47993E-01  -0.81664E-02   0.12724E+01
   0.17696E+00   0.49829E-01  -0.86167E-02   0.12856E+01
   0.17327E+00   0.51756E-01  -0.90990E-02   0.12986E+01
   0.16962E+00   0.53797E-01  -0.96135E-02   0.13115E+01
   0.16601E+00   0.55956E-01  -0.10159E-01   0.13243E+01
   0.16243E+00   0.58219E-01  -0.10727E-01   0.13369E+01
   0.15888E+00   0.60606E-01  -0.11328E-01   0.13494E+01
   0.15536E+00   0.63141E-01  -0.11972E-01   0.13618E+01
   0.15187E+00   0.65864E-01  -0.12680E-01   0.13740E+01
   0.14841E+00   0.68810E-01  -0.13467E-01   0.13861E+01
   0.14498E+00   0.71991E-01  -0.14328E-01   0.13981E+01
   0.14156E+00   0.75458E-01  -0.15267E-01   0.14098E+01
   0.13817E+00   0.79223E-01  -0.16286E-01   0.14212E+01
   0.13480E+00   0.83287E-01  -0.17383E-01   0.14324E+01
   0.13145E+00   0.87694E-01  -0.18564E-01   0.14432E+01
   0.12811E+00   0.92469E-01  -0.19834E-01   0.14538E+01
   0.12480E+00   0.97614E-01  -0.21204E-01   0.14641E+01
   0.12150E+00   0.10320E+00  -0.22718E-01   0.14741E+01
   0.11821E+00   0.10929E+00  -0.24418E-01   0.14839E+01
   0.11493E+00   0.11592E+00  -0.26327E-01   0.14936E+01
   0.11167E+00   0.12316E+00  -0.28467E-01   0.15031E+01
   0.10842E+00   0.13105E+00  -0.30830E-01   0.15125E+01
   0.10519E+00   0.13971E+00  -0.33449E-01   0.15219E+01
   0.10196E+00   0.14934E+00  -0.36439E-01   0.15310E+01
   0.98741E-01   0.16012E+00  -0.39901E-01   0.15399E+01
   0.95532E-01   0.17218E+00  -0.43899E-01   0.15485E+01
   0.92332E-01   0.18567E+00  -0.48466E-01   0.15567E+01
   0.89139E-01   0.20081E+00  -0.53687E-01   0.15645E+01
   0.85954E-01   0.21785E+00  -0.59695E-01   0.15717E+01
   0.82776E-01   0.23706E+00  -0.66601E-01   0.15780E+01
   0.79605E-01   0.25880E+00  -0.74552E-01   0.15833E+01
   0.76439E-01   0.28355E+00  -0.83722E-01   0.15869E+01
   0.73279E-01   0.31189E+00  -0.94308E-01   0.15887E+01
   0.70125E-01   0.34442E+00  -0.10650E+00   0.15882E+01
   0.66975E-01   0.38193E+00  -0.12055E+00   0.15851E+01
   0.63830E-01   0.42542E+00  -0.13689E+00   0.15790E+01
   0.60689E-01   0.47596E+00  -0.15590E+00   0.15694E+01
   0.57552E-01   0.53445E+00  -0.17754E+00   0.15554E+01
   0.54419E-01   0.60162E+00  -0.20144E+00   0.15363E+01
   0.51290E-01   0.67831E+00  -0.22727E+00   0.15108E+01
   0.48164E-01   0.76565E+00  -0.25472E+00   0.14778E+01
   0.45041E-01   0.86464E+00  -0.28297E+00   0.14358E+01
   0.41921E-01   0.97563E+00  -0.31017E+00   0.13827E+01
   0.38803E-01   0.10990E+01  -0.33433E+00   0.13158E+01
   0.35688E-01   0.12345E+01  -0.35379E+00   0.12329E+01
   0.32575E-01   0.13807E+01  -0.36415E+00   0.11319E+01
   0.29465E-01   0.15364E+01  -0.36415E+00   0.10115E+01
   0.26356E-01   0.17046E+01  -0.35755E+00   0.87171E+00
   0.23250E-01   0.18933E+01  -0.35529E+00   0.71417E+00
   0.20145E-01   0.21121E+01  -0.37156E+00   0.54475E+00
   0.17042E-01   0.23571E+01  -0.41771E+00   0.37442E+00
   0.13940E-01   0.25909E+01  -0.46738E+00   0.22197E+00
   0.10840E-01   0.27407E+01  -0.46950E+00   0.10608E+00
   0.77416E-02   0.27512E+01  -0.38119E+00   0.36853E-01
   0.46441E-02   0.26560E+01  -0.24008E+00   0.85056E-02
   0.15479E-02   0.26123E+01  -0.14595E+00   0.99926E-03
