   0.96417E+00   0.79422E-03  -0.29699E-04   0.38610E-01
   0.94036E+00   0.13334E-02  -0.74445E-04   0.64335E-01
   0.91667E+00   0.19176E-02  -0.10342E-03   0.89688E-01
   0.89314E+00   0.24409E-02  -0.13666E-03   0.11650E+00
   0.86983E+00   0.29141E-02  -0.17454E-03   0.14484E+00
   0.84677E+00   0.35284E-02  -0.20606E-03   0.17389E+00
   0.82400E+00   0.42376E-02  -0.24739E-03   0.20273E+00
   0.80156E+00   0.48649E-02  -0.28169E-03   0.23122E+00
   0.77949E+00   0.53707E-02  -0.30664E-03   0.25952E+00
   0.75782E+00   0.58621E-02  -0.33142E-03   0.28759E+00
   0.73658E+00   0.64504E-02  -0.37389E-03   0.31475E+00
   0.71579E+00   0.70737E-02  -0.41166E-03   0.34097E+00
   0.69548E+00   0.76487E-02  -0.45478E-03   0.36698E+00
   0.67566E+00   0.81420E-02  -0.51845E-03   0.39331E+00
   0.65636E+00   0.86169E-02  -0.55165E-03   0.41932E+00
   0.63758E+00   0.91457E-02  -0.57694E-03   0.44472E+00
   0.61934E+00   0.97051E-02  -0.63149E-03   0.46942E+00
   0.60163E+00   0.10299E-01  -0.69962E-03   0.49369E+00
   0.58448E+00   0.10949E-01  -0.79327E-03   0.51810E+00
   0.56786E+00   0.11691E-01  -0.89623E-03   0.54334E+00
   0.55179E+00   0.12472E-01  -0.10093E-02   0.56987E+00
   0.53626E+00   0.13135E-01  -0.11305E-02   0.59709E+00
   0.52126E+00   0.13668E-01  -0.12319E-02   0.62438E+00
   0.50679E+00   0.14144E-01  -0.13400E-02   0.65177E+00
   0.49284E+00   0.14627E-01  -0.14617E-02   0.67939E+00
   0.47939E+00   0.15115E-01  -0.15669E-02   0.70723E+00
   0.46643E+00   0.15573E-01  -0.16300E-02   0.73454E+00
   0.45396E+00   0.16022E-01  -0.16606E-02   0.76083E+00
   0.44195E+00   0.16552E-01  -0.17019E-02   0.78578E+00
   0.43040E+00   0.17222E-01  -0.18015E-02   0.80975E+00
   0.41928E+00   0.17956E-01  -0.19366E-02   0.83315E+00
   0.40858E+00   0.18651E-01  -0.20631E-02   0.85603E+00
   0.39828E+00   0.19264E-01  -0.21678E-02   0.87823E+00
   0.38838E+00   0.19835E-01  -0.22738E-02   0.89949E+00
   0.37885E+00   0.20443E-01  -0.24015E-02   0.91965E+00
   0.36967E+00   0.21107E-01  -0.25373E-02   0.93888E+00
   0.36084E+00   0.21845E-01  -0.26703E-02   0.95727E+00
   0.35233E+00   0.22704E-01  -0.28368E-02   0.97502E+00
   0.34413E+00   0.23678E-01  -0.30600E-02   0.99249E+00
   0.33623E+00   0.24704E-01  -0.33142E-02   0.10099E+01
   0.32860E+00   0.25667E-01  -0.35384E-02   0.10274E+01
   0.32125E+00   0.26509E-01  -0.36734E-02   0.10448E+01
   0.31414E+00   0.27337E-01  -0.37725E-02   0.10620E+01
   0.30728E+00   0.28255E-01  -0.39126E-02   0.10790E+01
   0.30064E+00   0.29272E-01  -0.40887E-02   0.10956E+01
   0.29422E+00   0.30366E-01  -0.42971E-02   0.11119E+01
   0.28799E+00   0.31503E-01  -0.45431E-02   0.11282E+01
   0.28197E+00   0.32673E-01  -0.48266E-02   0.11444E+01
   0.27612E+00   0.33871E-01  -0.51310E-02   0.11605E+01
   0.27044E+00   0.35057E-01  -0.54308E-02   0.11764E+01
   0.26492E+00   0.36220E-01  -0.57160E-02   0.11918E+01
   0.25955E+00   0.37377E-01  -0.59940E-02   0.12067E+01
   0.25433E+00   0.38567E-01  -0.62858E-02   0.12212E+01
   0.24924E+00   0.39807E-01  -0.66132E-02   0.12354E+01
   0.24428E+00   0.41080E-01  -0.69597E-02   0.12494E+01
   0.23943E+00   0.42378E-01  -0.72928E-02   0.12634E+01
   0.23470E+00   0.43708E-01  -0.76085E-02   0.12773E+01
   0.23007E+00   0.45096E-01  -0.79311E-02   0.12911E+01
   0.22554E+00   0.46550E-01  -0.82767E-02   0.13048E+01
   0.22110E+00   0.48096E-01  -0.86577E-02   0.13184E+01
   0.21675E+00   0.49761E-01  -0.90842E-02   0.13321E+01
   0.21248E+00   0.51502E-01  -0.95403E-02   0.13457E+01
   0.20829E+00   0.53292E-01  -0.10005E-01   0.13593E+01
   0.20416E+00   0.55143E-01  -0.10482E-01   0.13727E+01
   0.20011E+00   0.57066E-01  -0.10986E-01   0.13860E+01
   0.19611E+00   0.59044E-01  -0.11519E-01   0.13993E+01
   0.19218E+00   0.61079E-01  -0.12073E-01   0.14125E+01
   0.18830E+00   0.63194E-01  -0.12637E-01   0.14257E+01
   0.18448E+00   0.65429E-01  -0.13223E-01   0.14389E+01
   0.18070E+00   0.67843E-01  -0.13859E-01   0.14519E+01
   0.17696E+00   0.70465E-01  -0.14551E-01   0.14650E+01
   0.17327E+00   0.73285E-01  -0.15285E-01   0.14780E+01
   0.16962E+00   0.76319E-01  -0.16071E-01   0.14909E+01
   0.16601E+00   0.79595E-01  -0.16942E-01   0.15036E+01
   0.16243E+00   0.83109E-01  -0.17919E-01   0.15160E+01
   0.15888E+00   0.86842E-01  -0.19003E-01   0.15282E+01
   0.15536E+00   0.90802E-01  -0.20185E-01   0.15400E+01
   0.15187E+00   0.94974E-01  -0.21453E-01   0.15516E+01
   0.14841E+00   0.99319E-01  -0.22764E-01   0.15628E+01
   0.14498E+00   0.10385E+00  -0.24112E-01   0.15736E+01
   0.14156E+00   0.10865E+00  -0.25541E-01   0.15841E+01
   0.13817E+00   0.11379E+00  -0.27097E-01   0.15944E+01
   0.13480E+00   0.11928E+00  -0.28792E-01   0.16046E+01
   0.13145E+00   0.12515E+00  -0.30640E-01   0.16148E+01
   0.12811E+00   0.13147E+00  -0.32683E-01   0.16250E+01
   0.12480E+00   0.13831E+00  -0.34943E-01   0.16353E+01
   0.12150E+00   0.14579E+00  -0.37446E-01   0.16458E+01
   0.11821E+00   0.15394E+00  -0.40197E-01   0.16566E+01
   0.11493E+00   0.16280E+00  -0.43204E-01   0.16675E+01
   0.11167E+00   0.17254E+00  -0.46534E-01   0.16785E+01
   0.10842E+00   0.18333E+00  -0.50285E-01   0.16894E+01
   0.10519E+00   0.19534E+00  -0.54562E-01   0.17001E+01
   0.10196E+00   0.20872E+00  -0.59428E-01   0.17107E+01
   0.98741E-01   0.22355E+00  -0.64907E-01   0.17211E+01
   0.95532E-01   0.24008E+00  -0.71102E-01   0.17311E+01
   0.92332E-01   0.25863E+00  -0.78144E-01   0.17405E+01
   0.89139E-01   0.27933E+00  -0.85951E-01   0.17490E+01
   0.85954E-01   0.30248E+00  -0.94585E-01   0.17562E+01
   0.82776E-01   0.32850E+00  -0.10420E+00   0.17617E+01
   0.79605E-01   0.35782E+00  -0.11484E+00   0.17656E+01
   0.76439E-01   0.39099E+00  -0.12665E+00   0.17672E+01
   0.73279E-01   0.42856E+00  -0.13977E+00   0.17661E+01
   0.70125E-01   0.47111E+00  -0.15413E+00   0.17619E+01
   0.66975E-01   0.51930E+00  -0.16970E+00   0.17539E+01
   0.63830E-01   0.57351E+00  -0.18591E+00   0.17417E+01
   0.60689E-01   0.63388E+00  -0.20166E+00   0.17241E+01
   0.57552E-01   0.70072E+00  -0.21591E+00   0.16997E+01
   0.54419E-01   0.77480E+00  -0.22807E+00   0.16661E+01
   0.51290E-01   0.85723E+00  -0.23729E+00   0.16205E+01
   0.48164E-01   0.94951E+00  -0.24266E+00   0.15597E+01
   0.45041E-01   0.10539E+01  -0.24451E+00   0.14807E+01
   0.41921E-01   0.11739E+01  -0.24435E+00   0.13810E+01
   0.38803E-01   0.13148E+01  -0.24582E+00   0.12591E+01
   0.35688E-01   0.14833E+01  -0.25466E+00   0.11147E+01
   0.32575E-01   0.16850E+01  -0.28018E+00   0.94897E+00
   0.29465E-01   0.19202E+01  -0.32552E+00   0.76817E+00
   0.26356E-01   0.21741E+01  -0.38351E+00   0.58317E+00
   0.23250E-01   0.24100E+01  -0.43148E+00   0.40749E+00
   0.20145E-01   0.25750E+01  -0.43271E+00   0.25716E+00
   0.17042E-01   0.26313E+01  -0.35995E+00   0.14588E+00
   0.13940E-01   0.25986E+01  -0.24415E+00   0.75196E-01
   0.10840E-01   0.25406E+01  -0.14572E+00   0.34935E-01
   0.77416E-02   0.24964E+01  -0.86724E-01   0.13520E-01
   0.46441E-02   0.24670E+01  -0.54956E-01   0.37124E-02
   0.15479E-02   0.24741E+01  -0.39617E-01   0.49689E-03
