   0.96417E+00   0.15195E-02  -0.22167E-03   0.47452E-01
   0.94036E+00   0.20258E-02  -0.23600E-03   0.79826E-01
   0.91667E+00   0.25712E-02  -0.19461E-03   0.10962E+00
   0.89314E+00   0.31492E-02  -0.19084E-03   0.13952E+00
   0.86983E+00   0.37653E-02  -0.25914E-03   0.17009E+00
   0.84677E+00   0.44386E-02  -0.33907E-03   0.19949E+00
   0.82400E+00   0.50947E-02  -0.38696E-03   0.22747E+00
   0.80156E+00   0.56407E-02  -0.41175E-03   0.25638E+00
   0.77949E+00   0.61938E-02  -0.46072E-03   0.28719E+00
   0.75782E+00   0.69711E-02  -0.53400E-03   0.31781E+00
   0.73658E+00   0.79311E-02  -0.58889E-03   0.34708E+00
   0.71579E+00   0.88510E-02  -0.65443E-03   0.37555E+00
   0.69548E+00   0.96190E-02  -0.73379E-03   0.40357E+00
   0.67566E+00   0.10301E-01  -0.79978E-03   0.43247E+00
   0.65636E+00   0.10996E-01  -0.85133E-03   0.46328E+00
   0.63758E+00   0.11796E-01  -0.92659E-03   0.49606E+00
   0.61934E+00   0.12634E-01  -0.10507E-02   0.53082E+00
   0.60163E+00   0.13333E-01  -0.12120E-02   0.56669E+00
   0.58448E+00   0.13801E-01  -0.13216E-02   0.60132E+00
   0.56786E+00   0.14127E-01  -0.13542E-02   0.63322E+00
   0.55179E+00   0.14448E-01  -0.13342E-02   0.66328E+00
   0.53626E+00   0.14899E-01  -0.13155E-02   0.69237E+00
   0.52126E+00   0.15590E-01  -0.13460E-02   0.72151E+00
   0.50679E+00   0.16505E-01  -0.14199E-02   0.75157E+00
   0.49284E+00   0.17604E-01  -0.15410E-02   0.78344E+00
   0.47939E+00   0.18750E-01  -0.16988E-02   0.81735E+00
   0.46643E+00   0.19814E-01  -0.18551E-02   0.85178E+00
   0.45396E+00   0.20814E-01  -0.20042E-02   0.88513E+00
   0.44195E+00   0.21773E-01  -0.21549E-02   0.91711E+00
   0.43040E+00   0.22688E-01  -0.23183E-02   0.94810E+00
   0.41928E+00   0.23553E-01  -0.24895E-02   0.97818E+00
   0.40858E+00   0.24381E-01  -0.26566E-02   0.10072E+01
   0.39828E+00   0.25190E-01  -0.28266E-02   0.10354E+01
   0.38838E+00   0.26007E-01  -0.29963E-02   0.10625E+01
   0.37885E+00   0.26846E-01  -0.31348E-02   0.10880E+01
   0.36967E+00   0.27754E-01  -0.32586E-02   0.11122E+01
   0.36084E+00   0.28808E-01  -0.34374E-02   0.11354E+01
   0.35233E+00   0.29958E-01  -0.36861E-02   0.11583E+01
   0.34413E+00   0.31076E-01  -0.39302E-02   0.11813E+01
   0.33623E+00   0.32140E-01  -0.41626E-02   0.12041E+01
   0.32860E+00   0.33181E-01  -0.44202E-02   0.12268E+01
   0.32125E+00   0.34221E-01  -0.46920E-02   0.12492E+01
   0.31414E+00   0.35310E-01  -0.49657E-02   0.12713E+01
   0.30728E+00   0.36473E-01  -0.52462E-02   0.12931E+01
   0.30064E+00   0.37772E-01  -0.55742E-02   0.13145E+01
   0.29422E+00   0.39215E-01  -0.59676E-02   0.13358E+01
   0.28799E+00   0.40727E-01  -0.63907E-02   0.13569E+01
   0.28197E+00   0.42263E-01  -0.67959E-02   0.13775E+01
   0.27612E+00   0.43813E-01  -0.71732E-02   0.13977E+01
   0.27044E+00   0.45398E-01  -0.75470E-02   0.14176E+01
   0.26492E+00   0.47019E-01  -0.79423E-02   0.14372E+01
   0.25955E+00   0.48631E-01  -0.83420E-02   0.14565E+01
   0.25433E+00   0.50219E-01  -0.87211E-02   0.14754E+01
   0.24924E+00   0.51836E-01  -0.90924E-02   0.14938E+01
   0.24428E+00   0.53560E-01  -0.94886E-02   0.15116E+01
   0.23943E+00   0.55426E-01  -0.99340E-02   0.15291E+01
   0.23470E+00   0.57386E-01  -0.10404E-01   0.15464E+01
   0.23007E+00   0.59397E-01  -0.10877E-01   0.15637E+01
   0.22554E+00   0.61465E-01  -0.11370E-01   0.15809E+01
   0.22110E+00   0.63589E-01  -0.11889E-01   0.15982E+01
   0.21675E+00   0.65756E-01  -0.12436E-01   0.16154E+01
   0.21248E+00   0.67966E-01  -0.13018E-01   0.16327E+01
   0.20829E+00   0.70225E-01  -0.13644E-01   0.16501E+01
   0.20416E+00   0.72505E-01  -0.14299E-01   0.16675E+01
   0.20011E+00   0.74770E-01  -0.14934E-01   0.16849E+01
   0.19611E+00   0.77049E-01  -0.15536E-01   0.17023E+01
   0.19218E+00   0.79392E-01  -0.16130E-01   0.17194E+01
   0.18830E+00   0.81800E-01  -0.16722E-01   0.17361E+01
   0.18448E+00   0.84281E-01  -0.17314E-01   0.17523E+01
   0.18070E+00   0.86888E-01  -0.17937E-01   0.17682E+01
   0.17696E+00   0.89667E-01  -0.18635E-01   0.17838E+01
   0.17327E+00   0.92587E-01  -0.19397E-01   0.17994E+01
   0.16962E+00   0.95614E-01  -0.20193E-01   0.18151E+01
   0.16601E+00   0.98754E-01  -0.20997E-01   0.18308E+01
   0.16243E+00   0.10204E+00  -0.21831E-01   0.18464E+01
   0.15888E+00   0.10550E+00  -0.22717E-01   0.18622E+01
   0.15536E+00   0.10904E+00  -0.23614E-01   0.18782E+01
   0.15187E+00   0.11261E+00  -0.24468E-01   0.18943E+01
   0.14841E+00   0.11627E+00  -0.25296E-01   0.19106E+01
   0.14498E+00   0.12008E+00  -0.26147E-01   0.19269E+01
   0.14156E+00   0.12410E+00  -0.27063E-01   0.19433E+01
   0.13817E+00   0.12835E+00  -0.28065E-01   0.19599E+01
   0.13480E+00   0.13283E+00  -0.29141E-01   0.19764E+01
   0.13145E+00   0.13760E+00  -0.30327E-01   0.19928E+01
   0.12811E+00   0.14271E+00  -0.31639E-01   0.20090E+01
   0.12480E+00   0.14818E+00  -0.33103E-01   0.20250E+01
   0.12150E+00   0.15398E+00  -0.34690E-01   0.20409E+01
   0.11821E+00   0.16013E+00  -0.36392E-01   0.20564E+01
   0.11493E+00   0.16675E+00  -0.38242E-01   0.20713E+01
   0.11167E+00   0.17392E+00  -0.40285E-01   0.20853E+01
   0.10842E+00   0.18169E+00  -0.42511E-01   0.20984E+01
   0.10519E+00   0.19015E+00  -0.44940E-01   0.21105E+01
   0.10196E+00   0.19943E+00  -0.47650E-01   0.21214E+01
   0.98741E-01   0.20969E+00  -0.50677E-01   0.21312E+01
   0.95532E-01   0.22112E+00  -0.54098E-01   0.21399E+01
   0.92332E-01   0.23391E+00  -0.57919E-01   0.21475E+01
   0.89139E-01   0.24814E+00  -0.62073E-01   0.21540E+01
   0.85954E-01   0.26395E+00  -0.66416E-01   0.21591E+01
   0.82776E-01   0.28157E+00  -0.70878E-01   0.21623E+01
   0.79605E-01   0.30137E+00  -0.75505E-01   0.21631E+01
   0.76439E-01   0.32387E+00  -0.80422E-01   0.21611E+01
   0.73279E-01   0.34954E+00  -0.85592E-01   0.21562E+01
   0.70125E-01   0.37889E+00  -0.90803E-01   0.21481E+01
   0.66975E-01   0.41256E+00  -0.95916E-01   0.21358E+01
   0.63830E-01   0.45131E+00  -0.10076E+00   0.21180E+01
   0.60689E-01   0.49600E+00  -0.10488E+00   0.20927E+01
   0.57552E-01   0.54772E+00  -0.10774E+00   0.20578E+01
   0.54419E-01   0.60811E+00  -0.10925E+00   0.20110E+01
   0.51290E-01   0.67958E+00  -0.10907E+00   0.19497E+01
   0.48164E-01   0.76558E+00  -0.10866E+00   0.18701E+01
   0.45041E-01   0.87092E+00  -0.11033E+00   0.17690E+01
   0.41921E-01   0.10007E+01  -0.11721E+00   0.16448E+01
   0.38803E-01   0.11602E+01  -0.13281E+00   0.14968E+01
   0.35688E-01   0.13526E+01  -0.16038E+00   0.13244E+01
   0.32575E-01   0.15745E+01  -0.19948E+00   0.11305E+01
   0.29465E-01   0.18120E+01  -0.24183E+00   0.92292E+00
   0.26356E-01   0.20416E+01  -0.27513E+00   0.71438E+00
   0.23250E-01   0.22351E+01  -0.28387E+00   0.51977E+00
   0.20145E-01   0.23712E+01  -0.26003E+00   0.35057E+00
   0.17042E-01   0.24475E+01  -0.21008E+00   0.21650E+00
   0.13940E-01   0.24783E+01  -0.15295E+00   0.11950E+00
   0.10840E-01   0.24801E+01  -0.10147E+00   0.56512E-01
   0.77416E-02   0.24667E+01  -0.62401E-01   0.21653E-01
   0.46441E-02   0.24492E+01  -0.38322E-01   0.57969E-02
   0.15479E-02   0.24580E+01  -0.26604E-01   0.73398E-03
