   0.96417E+00  -0.29300E+01  -0.10548E+04
   0.94036E+00  -0.30615E+01  -0.11022E+04
   0.91667E+00  -0.31829E+01  -0.11459E+04
   0.89314E+00  -0.32677E+01  -0.11764E+04
   0.86983E+00  -0.33412E+01  -0.12028E+04
   0.84677E+00  -0.34455E+01  -0.12404E+04
   0.82400E+00  -0.35775E+01  -0.12879E+04
   0.80156E+00  -0.37162E+01  -0.13378E+04
   0.77949E+00  -0.38482E+01  -0.13854E+04
   0.75782E+00  -0.40015E+01  -0.14405E+04
   0.73658E+00  -0.41911E+01  -0.15088E+04
   0.71579E+00  -0.43885E+01  -0.15799E+04
   0.69548E+00  -0.45795E+01  -0.16486E+04
   0.67566E+00  -0.47711E+01  -0.17176E+04
   0.65636E+00  -0.49707E+01  -0.17895E+04
   0.63758E+00  -0.51885E+01  -0.18678E+04
   0.61934E+00  -0.54415E+01  -0.19589E+04
   0.60163E+00  -0.57233E+01  -0.20604E+04
   0.58448E+00  -0.60097E+01  -0.21635E+04
   0.56786E+00  -0.62934E+01  -0.22656E+04
   0.55179E+00  -0.65801E+01  -0.23688E+04
   0.53626E+00  -0.68744E+01  -0.24748E+04
   0.52126E+00  -0.71803E+01  -0.25849E+04
   0.50679E+00  -0.74822E+01  -0.26936E+04
   0.49284E+00  -0.77761E+01  -0.27994E+04
   0.47939E+00  -0.80754E+01  -0.29071E+04
   0.46643E+00  -0.83926E+01  -0.30214E+04
   0.45396E+00  -0.87307E+01  -0.31431E+04
   0.44195E+00  -0.90813E+01  -0.32693E+04
   0.43040E+00  -0.94372E+01  -0.33974E+04
   0.41928E+00  -0.97948E+01  -0.35261E+04
   0.40858E+00  -0.10154E+02  -0.36553E+04
   0.39828E+00  -0.10515E+02  -0.37854E+04
   0.38838E+00  -0.10873E+02  -0.39143E+04
   0.37885E+00  -0.11219E+02  -0.40389E+04
   0.36967E+00  -0.11558E+02  -0.41608E+04
   0.36084E+00  -0.11907E+02  -0.42865E+04
   0.35233E+00  -0.12276E+02  -0.44195E+04
   0.34413E+00  -0.12656E+02  -0.45561E+04
   0.33623E+00  -0.13030E+02  -0.46907E+04
   0.32860E+00  -0.13393E+02  -0.48215E+04
   0.32125E+00  -0.13747E+02  -0.49489E+04
   0.31414E+00  -0.14098E+02  -0.50752E+04
   0.30728E+00  -0.14453E+02  -0.52031E+04
   0.30064E+00  -0.14818E+02  -0.53343E+04
   0.29422E+00  -0.15195E+02  -0.54700E+04
   0.28799E+00  -0.15585E+02  -0.56107E+04
   0.28197E+00  -0.15987E+02  -0.57554E+04
   0.27612E+00  -0.16396E+02  -0.59025E+04
   0.27044E+00  -0.16807E+02  -0.60506E+04
   0.26492E+00  -0.17221E+02  -0.61996E+04
   0.25955E+00  -0.17640E+02  -0.63504E+04
   0.25433E+00  -0.18064E+02  -0.65029E+04
   0.24924E+00  -0.18489E+02  -0.66561E+04
   0.24428E+00  -0.18914E+02  -0.68090E+04
   0.23943E+00  -0.19337E+02  -0.69612E+04
   0.23470E+00  -0.19758E+02  -0.71128E+04
   0.23007E+00  -0.20180E+02  -0.72648E+04
   0.22554E+00  -0.20607E+02  -0.74187E+04
   0.22110E+00  -0.21046E+02  -0.75766E+04
   0.21675E+00  -0.21501E+02  -0.77404E+04
   0.21248E+00  -0.21975E+02  -0.79109E+04
   0.20829E+00  -0.22466E+02  -0.80877E+04
   0.20416E+00  -0.22971E+02  -0.82695E+04
   0.20011E+00  -0.23485E+02  -0.84545E+04
   0.19611E+00  -0.24004E+02  -0.86415E+04
   0.19218E+00  -0.24527E+02  -0.88297E+04
   0.18830E+00  -0.25052E+02  -0.90186E+04
   0.18448E+00  -0.25578E+02  -0.92082E+04
   0.18070E+00  -0.26107E+02  -0.93984E+04
   0.17696E+00  -0.26638E+02  -0.95897E+04
   0.17327E+00  -0.27172E+02  -0.97821E+04
   0.16962E+00  -0.27711E+02  -0.99758E+04
   0.16601E+00  -0.28253E+02  -0.10171E+05
   0.16243E+00  -0.28801E+02  -0.10368E+05
   0.15888E+00  -0.29358E+02  -0.10569E+05
   0.15536E+00  -0.29925E+02  -0.10773E+05
   0.15187E+00  -0.30503E+02  -0.10981E+05
   0.14841E+00  -0.31092E+02  -0.11193E+05
   0.14498E+00  -0.31688E+02  -0.11408E+05
   0.14156E+00  -0.32287E+02  -0.11623E+05
   0.13817E+00  -0.32883E+02  -0.11838E+05
   0.13480E+00  -0.33472E+02  -0.12050E+05
   0.13145E+00  -0.34050E+02  -0.12258E+05
   0.12811E+00  -0.34615E+02  -0.12461E+05
   0.12480E+00  -0.35166E+02  -0.12660E+05
   0.12150E+00  -0.35702E+02  -0.12853E+05
   0.11821E+00  -0.36226E+02  -0.13041E+05
   0.11493E+00  -0.36740E+02  -0.13226E+05
   0.11167E+00  -0.37246E+02  -0.13409E+05
   0.10842E+00  -0.37750E+02  -0.13590E+05
   0.10519E+00  -0.38253E+02  -0.13771E+05
   0.10196E+00  -0.38755E+02  -0.13952E+05
   0.98741E-01  -0.39252E+02  -0.14131E+05
   0.95532E-01  -0.39734E+02  -0.14304E+05
   0.92332E-01  -0.40189E+02  -0.14468E+05
   0.89139E-01  -0.40602E+02  -0.14617E+05
   0.85954E-01  -0.40965E+02  -0.14747E+05
   0.82776E-01  -0.41270E+02  -0.14857E+05
   0.79605E-01  -0.41516E+02  -0.14946E+05
   0.76439E-01  -0.41705E+02  -0.15014E+05
   0.73279E-01  -0.41839E+02  -0.15062E+05
   0.70125E-01  -0.41921E+02  -0.15092E+05
   0.66975E-01  -0.41951E+02  -0.15102E+05
   0.63830E-01  -0.41927E+02  -0.15094E+05
   0.60689E-01  -0.41847E+02  -0.15065E+05
   0.57552E-01  -0.41713E+02  -0.15017E+05
   0.54419E-01  -0.41533E+02  -0.14952E+05
   0.51290E-01  -0.41324E+02  -0.14877E+05
   0.48164E-01  -0.41119E+02  -0.14803E+05
   0.45041E-01  -0.40960E+02  -0.14746E+05
   0.41921E-01  -0.40906E+02  -0.14726E+05
   0.38803E-01  -0.41018E+02  -0.14767E+05
   0.35688E-01  -0.41355E+02  -0.14888E+05
   0.32575E-01  -0.41957E+02  -0.15105E+05
   0.29465E-01  -0.42837E+02  -0.15421E+05
   0.26356E-01  -0.43963E+02  -0.15827E+05
   0.23250E-01  -0.45263E+02  -0.16295E+05
   0.20145E-01  -0.46626E+02  -0.16785E+05
   0.17042E-01  -0.47932E+02  -0.17256E+05
   0.13940E-01  -0.49094E+02  -0.17674E+05
   0.10840E-01  -0.50107E+02  -0.18038E+05
   0.77416E-02  -0.51087E+02  -0.18391E+05
   0.46441E-02  -0.52302E+02  -0.18829E+05
   0.15479E-02  -0.54230E+02  -0.19523E+05
