   0.20396E+03   0.17785E+03   0.00000E+00  -0.10045E+00   0.69227E-01  -0.17503E+04
   0.19906E+03   0.17355E+03  -0.12667E-03  -0.26930E+00  -0.16825E+00  -0.17503E+04
   0.19418E+03   0.16926E+03  -0.24410E-03   0.11276E+00  -0.15049E+00  -0.17503E+04
   0.18933E+03   0.16500E+03  -0.19327E-03   0.18311E+00  -0.14191E+00  -0.17503E+04
   0.18452E+03   0.16077E+03  -0.11423E-03   0.11678E+00  -0.12192E+00  -0.17503E+04
   0.17977E+03   0.15657E+03  -0.64789E-04   0.12365E+00  -0.96543E-01  -0.17503E+04
   0.17507E+03   0.15242E+03  -0.13953E-04   0.25521E-01  -0.76250E-01  -0.17503E+04
   0.17044E+03   0.14832E+03  -0.37034E-05   0.13511E-02  -0.85238E-01  -0.17503E+04
   0.16588E+03   0.14428E+03  -0.31203E-05  -0.48308E-01  -0.10308E+00  -0.17503E+04
   0.16140E+03   0.14031E+03  -0.20521E-04   0.78075E-01  -0.13065E+00  -0.17503E+04
   0.15701E+03   0.13641E+03   0.69845E-05   0.58935E-01  -0.15766E+00  -0.17503E+04
   0.15271E+03   0.13258E+03   0.25960E-04  -0.46575E-02  -0.18328E+00  -0.17504E+04
   0.14851E+03   0.12884E+03   0.23675E-04  -0.10147E+00  -0.23990E+00  -0.17504E+04
   0.14442E+03   0.12519E+03  -0.66639E-05  -0.28628E+00  -0.26963E+00  -0.17504E+04
   0.14042E+03   0.12162E+03  -0.84742E-04  -0.16387E+00  -0.28601E+00  -0.17504E+04
   0.13653E+03   0.11815E+03  -0.12393E-03  -0.22714E-01  -0.30333E+00  -0.17504E+04
   0.13275E+03   0.11476E+03  -0.12531E-03   0.96393E-01  -0.32116E+00  -0.17504E+04
   0.12907E+03   0.11148E+03  -0.99068E-04  -0.15168E+00  -0.32982E+00  -0.17504E+04
   0.12551E+03   0.10829E+03  -0.12723E-03   0.60969E-01  -0.32618E+00  -0.17504E+04
   0.12205E+03   0.10521E+03  -0.11003E-03   0.28051E-01  -0.32348E+00  -0.17504E+04
   0.11871E+03   0.10221E+03  -0.10049E-03   0.33921E-01  -0.31932E+00  -0.17504E+04
   0.11546E+03   0.99322E+02  -0.91096E-04   0.34365E+00  -0.33765E+00  -0.17504E+04
   0.11233E+03   0.96527E+02  -0.33441E-04   0.26365E+00  -0.37494E+00  -0.17504E+04
   0.10930E+03   0.93827E+02   0.69074E-05   0.77266E-01  -0.38440E+00  -0.17504E+04
   0.10637E+03   0.91223E+02   0.17483E-04  -0.78877E-01  -0.38561E+00  -0.17504E+04
   0.10355E+03   0.88711E+02   0.66448E-05  -0.26992E+00  -0.38294E+00  -0.17504E+04
   0.10084E+03   0.86290E+02  -0.26364E-04  -0.25442E+00  -0.36982E+00  -0.17504E+04
   0.98226E+02   0.83958E+02  -0.54286E-04  -0.75242E-01  -0.36524E+00  -0.17504E+04
   0.95710E+02   0.81713E+02  -0.60413E-04  -0.33908E-01  -0.36494E+00  -0.17504E+04
   0.93288E+02   0.79552E+02  -0.61828E-04  -0.86251E-01  -0.35724E+00  -0.17504E+04
   0.90956E+02   0.77471E+02  -0.67871E-04  -0.76552E-01  -0.35533E+00  -0.17504E+04
   0.88712E+02   0.75470E+02  -0.72469E-04  -0.91377E-01  -0.34081E+00  -0.17504E+04
   0.86551E+02   0.73544E+02  -0.77838E-04  -0.38119E+00  -0.33801E+00  -0.17504E+04
   0.84471E+02   0.71691E+02  -0.10449E-03  -0.44579E+00  -0.33467E+00  -0.17504E+04
   0.82468E+02   0.69908E+02  -0.13332E-03  -0.52325E+00  -0.33292E+00  -0.17504E+04
   0.80540E+02   0.68193E+02  -0.16469E-03  -0.22226E+00  -0.33048E+00  -0.17504E+04
   0.78682E+02   0.66541E+02  -0.17465E-03  -0.81531E-01  -0.33598E+00  -0.17504E+04
   0.76893E+02   0.64951E+02  -0.17553E-03   0.64448E-01  -0.34098E+00  -0.17504E+04
   0.75170E+02   0.63419E+02  -0.16817E-03  -0.17992E+00  -0.35392E+00  -0.17504E+04
   0.73509E+02   0.61943E+02  -0.17383E-03  -0.71127E-01  -0.35430E+00  -0.17504E+04
   0.71907E+02   0.60521E+02  -0.17347E-03   0.33633E-01  -0.33992E+00  -0.17504E+04
   0.70362E+02   0.59148E+02  -0.16821E-03   0.10257E+00  -0.31726E+00  -0.17504E+04
   0.68870E+02   0.57824E+02  -0.16036E-03   0.31076E+00  -0.29634E+00  -0.17504E+04
   0.67428E+02   0.56546E+02  -0.14441E-03   0.18532E+00  -0.26684E+00  -0.17504E+04
   0.66034E+02   0.55310E+02  -0.13442E-03  -0.22906E+00  -0.23693E+00  -0.17504E+04
   0.64686E+02   0.54115E+02  -0.14043E-03  -0.56927E+00  -0.21755E+00  -0.17504E+04
   0.63382E+02   0.52959E+02  -0.15791E-03  -0.47609E+00  -0.19654E+00  -0.17504E+04
   0.62119E+02   0.51839E+02  -0.17093E-03  -0.28014E+00  -0.17619E+00  -0.17504E+04
   0.60894E+02   0.50754E+02  -0.17673E-03  -0.58858E-01  -0.16698E+00  -0.17504E+04
   0.59706E+02   0.49701E+02  -0.17537E-03   0.14110E+00  -0.17145E+00  -0.17504E+04
   0.58553E+02   0.48679E+02  -0.16821E-03  -0.23584E+00  -0.18519E+00  -0.17504E+04
   0.57433E+02   0.47686E+02  -0.17190E-03  -0.41750E+00  -0.20005E+00  -0.17504E+04
   0.56343E+02   0.46720E+02  -0.18013E-03  -0.82913E+00  -0.20907E+00  -0.17504E+04
   0.55282E+02   0.45780E+02  -0.19835E-03  -0.92566E+00  -0.20942E+00  -0.17504E+04
   0.54248E+02   0.44863E+02  -0.21790E-03  -0.13430E+01  -0.19944E+00  -0.17504E+04
   0.53240E+02   0.43970E+02  -0.24614E-03  -0.10751E+01  -0.18687E+00  -0.17504E+04
   0.52256E+02   0.43098E+02  -0.26669E-03  -0.10624E+01  -0.17960E+00  -0.17504E+04
   0.51294E+02   0.42246E+02  -0.28563E-03  -0.75588E+00  -0.14849E+00  -0.17504E+04
   0.50354E+02   0.41413E+02  -0.29693E-03   0.17324E+00  -0.11871E+00  -0.17504E+04
   0.49434E+02   0.40597E+02  -0.28873E-03  -0.21045E+00  -0.98320E-01  -0.17504E+04
   0.48533E+02   0.39798E+02  -0.28824E-03  -0.18518E+00  -0.75727E-01  -0.17504E+04
   0.47650E+02   0.39015E+02  -0.28715E-03  -0.22911E+00  -0.53660E-01  -0.17504E+04
   0.46783E+02   0.38246E+02  -0.28680E-03  -0.33835E+00  -0.31595E-01  -0.17504E+04
   0.45932E+02   0.37491E+02  -0.28830E-03  -0.16448E+00  -0.88004E-02  -0.17504E+04
   0.45095E+02   0.36749E+02  -0.28673E-03  -0.22032E+00   0.16956E-01  -0.17504E+04
   0.44272E+02   0.36019E+02  -0.28606E-03   0.19700E+00   0.50166E-01  -0.17504E+04
   0.43461E+02   0.35301E+02  -0.27858E-03   0.10168E+00   0.74386E-01  -0.17504E+04
   0.42663E+02   0.34593E+02  -0.27263E-03   0.96693E+00   0.10418E+00  -0.17504E+04
   0.41875E+02   0.33894E+02  -0.25374E-03   0.91552E+00   0.12757E+00  -0.17504E+04
   0.41097E+02   0.33206E+02  -0.23619E-03   0.13831E+01   0.16806E+00  -0.17504E+04
   0.40330E+02   0.32525E+02  -0.21265E-03   0.14269E+01   0.21589E+00  -0.17504E+04
   0.39571E+02   0.31853E+02  -0.18944E-03   0.59186E-01   0.27229E+00  -0.17504E+04
   0.38821E+02   0.31189E+02  -0.18530E-03  -0.62037E+00   0.33414E+00  -0.17504E+04
   0.38079E+02   0.30532E+02  -0.18998E-03  -0.75410E+00   0.41546E+00  -0.17504E+04
   0.37345E+02   0.29881E+02  -0.19598E-03  -0.12690E+01   0.50245E+00  -0.17504E+04
   0.36617E+02   0.29237E+02  -0.20782E-03  -0.10306E+01   0.60009E+00  -0.17504E+04
   0.35896E+02   0.28598E+02  -0.21613E-03  -0.32888E+00   0.70674E+00  -0.17504E+04
   0.35182E+02   0.27965E+02  -0.21577E-03   0.42482E+00   0.81663E+00  -0.17504E+04
   0.34473E+02   0.27337E+02  -0.20681E-03   0.10887E+01   0.94132E+00  -0.17504E+04
   0.33769E+02   0.26714E+02  -0.19087E-03  -0.14137E+00   0.10661E+01  -0.17504E+04
   0.33070E+02   0.26096E+02  -0.18851E-03  -0.17155E+01   0.11841E+01  -0.17504E+04
   0.32376E+02   0.25481E+02  -0.20229E-03  -0.26802E+01   0.13104E+01  -0.17504E+04
   0.31686E+02   0.24871E+02  -0.22486E-03  -0.31796E+01   0.14755E+01  -0.17504E+04
   0.31000E+02   0.24264E+02  -0.25092E-03  -0.34741E+01   0.16679E+01  -0.17504E+04
   0.30317E+02   0.23661E+02  -0.27813E-03  -0.53585E+01   0.18569E+01  -0.17504E+04
   0.29639E+02   0.23061E+02  -0.32090E-03  -0.58557E+01   0.20601E+01  -0.17504E+04
   0.28963E+02   0.22464E+02  -0.36548E-03  -0.50156E+01   0.22673E+01  -0.17504E+04
   0.28291E+02   0.21869E+02  -0.39996E-03  -0.42525E+01   0.24801E+01  -0.17504E+04
   0.27622E+02   0.21277E+02  -0.42572E-03  -0.30677E+01   0.26982E+01  -0.17504E+04
   0.26956E+02   0.20688E+02  -0.44002E-03  -0.17246E+01   0.29224E+01  -0.17504E+04
   0.26292E+02   0.20101E+02  -0.44249E-03  -0.55252E+00   0.31670E+01  -0.17504E+04
   0.25631E+02   0.19516E+02  -0.43529E-03  -0.72282E-01   0.34458E+01  -0.17504E+04
   0.24972E+02   0.18934E+02  -0.42423E-03  -0.22405E+01   0.37089E+01  -0.17504E+04
   0.24316E+02   0.18353E+02  -0.42885E-03  -0.34333E+01   0.39726E+01  -0.17504E+04
   0.23662E+02   0.17773E+02  -0.44101E-03  -0.10374E+01   0.42413E+01  -0.17504E+04
   0.23010E+02   0.17196E+02  -0.43572E-03  -0.59443E+01   0.44813E+01  -0.17504E+04
   0.22361E+02   0.16620E+02  -0.46271E-03  -0.77801E+01   0.47307E+01  -0.17503E+04
   0.21715E+02   0.16045E+02  -0.49936E-03  -0.48575E+01   0.50091E+01  -0.17503E+04
   0.21071E+02   0.15472E+02  -0.51508E-03  -0.44688E+01   0.52757E+01  -0.17503E+04
   0.20430E+02   0.14900E+02  -0.52679E-03  -0.15374E+01   0.55203E+01  -0.17503E+04
   0.19791E+02   0.14329E+02  -0.51997E-03   0.17858E+01   0.57306E+01  -0.17503E+04
   0.19155E+02   0.13759E+02  -0.49400E-03   0.71710E+01   0.59331E+01  -0.17503E+04
   0.18523E+02   0.13190E+02  -0.43932E-03   0.94009E+01   0.61160E+01  -0.17503E+04
   0.17895E+02   0.12622E+02  -0.37528E-03   0.12705E+02   0.62732E+01  -0.17503E+04
   0.17270E+02   0.12055E+02  -0.29770E-03   0.21308E+02   0.64252E+01  -0.17503E+04
   0.16649E+02   0.11489E+02  -0.18293E-03   0.31526E+02   0.65159E+01  -0.17503E+04
   0.16032E+02   0.10924E+02  -0.29337E-04   0.38092E+02   0.65091E+01  -0.17503E+04
   0.15417E+02   0.10359E+02   0.13885E-03   0.52769E+02   0.64510E+01  -0.17502E+04
   0.14804E+02   0.97955E+01   0.34769E-03   0.85701E+02   0.63167E+01  -0.17502E+04
   0.14190E+02   0.92322E+01   0.65122E-03   0.12109E+03   0.61305E+01  -0.17502E+04
   0.13572E+02   0.86695E+01   0.10233E-02   0.13019E+03   0.58623E+01  -0.17502E+04
   0.12947E+02   0.81073E+01   0.13402E-02   0.14569E+03   0.55334E+01  -0.17502E+04
   0.12308E+02   0.75457E+01   0.16077E-02   0.19075E+03   0.52263E+01  -0.17502E+04
   0.11648E+02   0.69846E+01   0.18887E-02   0.20112E+03   0.48367E+01  -0.17502E+04
   0.10955E+02   0.64239E+01   0.20789E-02   0.16284E+03   0.42737E+01  -0.17502E+04
   0.10217E+02   0.58636E+01   0.21019E-02   0.12963E+03   0.36892E+01  -0.17502E+04
   0.94198E+01   0.53037E+01   0.20223E-02   0.42050E+02   0.29741E+01  -0.17502E+04
   0.85546E+01   0.47442E+01   0.18063E-02  -0.49828E+02   0.22808E+01  -0.17502E+04
   0.76194E+01   0.41850E+01   0.15089E-02  -0.15988E+03   0.15931E+01  -0.17502E+04
   0.66248E+01   0.36261E+01   0.11520E-02  -0.20871E+03   0.10729E+01  -0.17502E+04
   0.55910E+01   0.30676E+01   0.82343E-03  -0.23441E+03   0.64123E+00  -0.17502E+04
   0.45418E+01   0.25093E+01   0.54024E-03  -0.23114E+03   0.32616E+00  -0.17502E+04
   0.34962E+01   0.19513E+01   0.31386E-03  -0.18852E+03   0.13321E+00  -0.17502E+04
   0.24668E+01   0.13935E+01   0.15689E-03  -0.13243E+03   0.14870E-01  -0.17502E+04
   0.14605E+01   0.83595E+00   0.60759E-04  -0.74650E+02  -0.32177E-01  -0.17502E+04
   0.48011E+00   0.27861E+00   0.12626E-04  -0.23569E+02  -0.96611E+03  -0.17502E+04
