   0.19112E+03   0.17785E+03   0.00000E+00   0.10253E-01  -0.15801E+00  -0.58713E+03
   0.18650E+03   0.17355E+03   0.29426E-05   0.54498E-01  -0.55471E+00  -0.58714E+03
   0.18190E+03   0.16926E+03   0.13042E-04  -0.37406E-01  -0.26178E+00  -0.58714E+03
   0.17732E+03   0.16500E+03   0.60921E-05  -0.28868E-01  -0.16259E+00  -0.58715E+03
   0.17279E+03   0.16077E+03   0.84222E-06   0.60031E-02  -0.85443E-01  -0.58715E+03
   0.16830E+03   0.15657E+03   0.18847E-05  -0.57599E-01  -0.42178E-01  -0.58715E+03
   0.16385E+03   0.15242E+03  -0.80004E-05  -0.60882E-01  -0.11229E-01  -0.58715E+03
   0.15947E+03   0.14832E+03  -0.17985E-04   0.51770E-01   0.42049E-01  -0.58715E+03
   0.15515E+03   0.14428E+03  -0.93514E-05   0.92135E-01   0.11165E+00  -0.58715E+03
   0.15090E+03   0.14031E+03   0.51768E-05   0.55149E-01   0.19380E+00  -0.58715E+03
   0.14674E+03   0.13641E+03   0.13446E-04  -0.13344E-01   0.25614E+00  -0.58714E+03
   0.14265E+03   0.13258E+03   0.11326E-04  -0.76573E-02   0.28365E+00  -0.58714E+03
   0.13866E+03   0.12884E+03   0.10127E-04  -0.72735E-01   0.29382E+00  -0.58714E+03
   0.13475E+03   0.12519E+03   0.41623E-07  -0.70788E-01   0.29789E+00  -0.58714E+03
   0.13095E+03   0.12162E+03  -0.93530E-05  -0.15586E-01   0.30926E+00  -0.58713E+03
   0.12725E+03   0.11815E+03  -0.11269E-04  -0.42472E-01   0.32385E+00  -0.58713E+03
   0.12365E+03   0.11476E+03  -0.16417E-04   0.60657E-01   0.35128E+00  -0.58713E+03
   0.12015E+03   0.11148E+03  -0.90556E-05   0.59307E-01   0.38487E+00  -0.58712E+03
   0.11676E+03   0.10829E+03  -0.21889E-05   0.33651E-02   0.40840E+00  -0.58712E+03
   0.11347E+03   0.10521E+03  -0.18018E-05   0.21171E-01   0.42236E+00  -0.58712E+03
   0.11029E+03   0.10221E+03   0.45349E-06   0.73007E-01   0.42712E+00  -0.58711E+03
   0.10721E+03   0.99322E+02   0.78688E-05   0.13053E+00   0.42509E+00  -0.58711E+03
   0.10424E+03   0.96527E+02   0.20547E-04   0.95538E-01   0.41835E+00  -0.58711E+03
   0.10136E+03   0.93827E+02   0.29377E-04  -0.58184E-01   0.42445E+00  -0.58710E+03
   0.98594E+02   0.91223E+02   0.23991E-04  -0.99202E-01   0.44283E+00  -0.58710E+03
   0.95923E+02   0.88711E+02   0.15311E-04  -0.24610E-01   0.47604E+00  -0.58710E+03
   0.93350E+02   0.86290E+02   0.13201E-04  -0.71198E-01   0.52047E+00  -0.58709E+03
   0.90870E+02   0.83958E+02   0.74951E-05  -0.15123E+00   0.57549E+00  -0.58709E+03
   0.88482E+02   0.81713E+02  -0.40298E-05  -0.90509E-01   0.64896E+00  -0.58709E+03
   0.86184E+02   0.79552E+02  -0.10600E-04  -0.87228E-01   0.72608E+00  -0.58708E+03
   0.83972E+02   0.77471E+02  -0.16637E-04   0.64003E-01   0.80505E+00  -0.58708E+03
   0.81844E+02   0.75470E+02  -0.12289E-04   0.22810E+00   0.89225E+00  -0.58707E+03
   0.79795E+02   0.73544E+02   0.23682E-05   0.16401E+00   0.98513E+00  -0.58707E+03
   0.77824E+02   0.71691E+02   0.12434E-04  -0.33358E-01   0.10863E+01  -0.58707E+03
   0.75927E+02   0.69908E+02   0.10436E-04  -0.83004E-01   0.11801E+01  -0.58706E+03
   0.74101E+02   0.68193E+02   0.57137E-05   0.60505E-01   0.12749E+01  -0.58705E+03
   0.72343E+02   0.66541E+02   0.89885E-05   0.16006E+00   0.13715E+01  -0.58705E+03
   0.70651E+02   0.64951E+02   0.17317E-04   0.30199E+00   0.14619E+01  -0.58704E+03
   0.69020E+02   0.63419E+02   0.32393E-04   0.20058E+00   0.15458E+01  -0.58704E+03
   0.67449E+02   0.61943E+02   0.41919E-04   0.14880E+00   0.16322E+01  -0.58703E+03
   0.65935E+02   0.60521E+02   0.48611E-04  -0.89011E-01   0.17252E+01  -0.58702E+03
   0.64475E+02   0.59148E+02   0.44439E-04  -0.35939E+00   0.18134E+01  -0.58702E+03
   0.63066E+02   0.57824E+02   0.28924E-04  -0.43173E+00   0.19074E+01  -0.58701E+03
   0.61705E+02   0.56546E+02   0.11122E-04  -0.23623E+00   0.20074E+01  -0.58700E+03
   0.60389E+02   0.55310E+02   0.17782E-05  -0.25150E+00   0.21043E+01  -0.58700E+03
   0.59118E+02   0.54115E+02  -0.77420E-05  -0.24627E+00   0.21992E+01  -0.58699E+03
   0.57887E+02   0.52959E+02  -0.16667E-04  -0.34205E+00   0.22959E+01  -0.58698E+03
   0.56694E+02   0.51839E+02  -0.28582E-04  -0.39949E+00   0.23928E+01  -0.58697E+03
   0.55538E+02   0.50754E+02  -0.41965E-04  -0.44942E+00   0.24882E+01  -0.58697E+03
   0.54416E+02   0.49701E+02  -0.56461E-04   0.54989E-01   0.25893E+01  -0.58696E+03
   0.53327E+02   0.48679E+02  -0.54476E-04  -0.61234E-01   0.26906E+01  -0.58695E+03
   0.52269E+02   0.47686E+02  -0.56107E-04  -0.73786E-01   0.27925E+01  -0.58695E+03
   0.51239E+02   0.46720E+02  -0.58031E-04  -0.16155E+00   0.28960E+01  -0.58694E+03
   0.50236E+02   0.45780E+02  -0.62378E-04  -0.17017E+00   0.29988E+01  -0.58693E+03
   0.49260E+02   0.44863E+02  -0.66791E-04  -0.32784E+00   0.30990E+01  -0.58692E+03
   0.48307E+02   0.43970E+02  -0.75277E-04  -0.13121E+00   0.31911E+01  -0.58692E+03
   0.47377E+02   0.43098E+02  -0.78296E-04   0.37598E-01   0.32862E+01  -0.58691E+03
   0.46468E+02   0.42246E+02  -0.76881E-04   0.31964E+00   0.33782E+01  -0.58690E+03
   0.45578E+02   0.41413E+02  -0.68510E-04   0.64299E-01   0.34703E+01  -0.58689E+03
   0.44708E+02   0.40597E+02  -0.66514E-04  -0.99319E-01   0.35623E+01  -0.58688E+03
   0.43855E+02   0.39798E+02  -0.68372E-04  -0.17424E+00   0.36545E+01  -0.58688E+03
   0.43019E+02   0.39015E+02  -0.71837E-04  -0.17581E+00   0.37484E+01  -0.58687E+03
   0.42197E+02   0.38246E+02  -0.75193E-04  -0.33795E+00   0.38383E+01  -0.58686E+03
   0.41391E+02   0.37491E+02  -0.81910E-04  -0.35149E+00   0.39304E+01  -0.58685E+03
   0.40598E+02   0.36749E+02  -0.88664E-04  -0.49330E+00   0.40272E+01  -0.58684E+03
   0.39817E+02   0.36019E+02  -0.98078E-04  -0.81190E+00   0.41214E+01  -0.58684E+03
   0.39049E+02   0.35301E+02  -0.11354E-03  -0.76164E+00   0.42119E+01  -0.58683E+03
   0.38292E+02   0.34593E+02  -0.12747E-03  -0.81547E+00   0.43026E+01  -0.58682E+03
   0.37545E+02   0.33894E+02  -0.14192E-03  -0.62670E+00   0.43916E+01  -0.58681E+03
   0.36808E+02   0.33206E+02  -0.15228E-03  -0.75953E+00   0.44766E+01  -0.58680E+03
   0.36081E+02   0.32525E+02  -0.16464E-03  -0.10352E+01   0.45534E+01  -0.58679E+03
   0.35362E+02   0.31853E+02  -0.18141E-03  -0.70953E+00   0.46301E+01  -0.58679E+03
   0.34651E+02   0.31189E+02  -0.19183E-03  -0.82707E+00   0.47038E+01  -0.58678E+03
   0.33948E+02   0.30532E+02  -0.20382E-03  -0.64342E+00   0.47742E+01  -0.58677E+03
   0.33252E+02   0.29881E+02  -0.21221E-03  -0.41128E+00   0.48421E+01  -0.58676E+03
   0.32562E+02   0.29237E+02  -0.21638E-03  -0.16434E+00   0.49076E+01  -0.58675E+03
   0.31879E+02   0.28598E+02  -0.21632E-03  -0.31608E-01   0.49723E+01  -0.58674E+03
   0.31202E+02   0.27965E+02  -0.21401E-03  -0.20968E+00   0.50299E+01  -0.58673E+03
   0.30530E+02   0.27337E+02  -0.21434E-03  -0.25266E+00   0.50787E+01  -0.58673E+03
   0.29864E+02   0.26714E+02  -0.21512E-03   0.25230E+00   0.51300E+01  -0.58672E+03
   0.29202E+02   0.26096E+02  -0.20826E-03  -0.14462E+00   0.51782E+01  -0.58671E+03
   0.28545E+02   0.25481E+02  -0.20715E-03  -0.32268E+00   0.52204E+01  -0.58670E+03
   0.27892E+02   0.24871E+02  -0.20836E-03   0.11882E+00   0.52670E+01  -0.58669E+03
   0.27243E+02   0.24264E+02  -0.20324E-03  -0.43268E+00   0.53031E+01  -0.58668E+03
   0.26598E+02   0.23661E+02  -0.20547E-03  -0.68941E+00   0.53319E+01  -0.58667E+03
   0.25957E+02   0.23061E+02  -0.21071E-03  -0.30280E+00   0.53578E+01  -0.58666E+03
   0.25319E+02   0.22464E+02  -0.21053E-03  -0.61520E+00   0.53756E+01  -0.58665E+03
   0.24684E+02   0.21869E+02  -0.21395E-03  -0.62757E+00   0.53950E+01  -0.58665E+03
   0.24052E+02   0.21277E+02  -0.21705E-03   0.58018E-01   0.54140E+01  -0.58664E+03
   0.23424E+02   0.20688E+02  -0.21153E-03  -0.55646E+00   0.54245E+01  -0.58663E+03
   0.22798E+02   0.20101E+02  -0.21299E-03  -0.43099E+00   0.54285E+01  -0.58662E+03
   0.22174E+02   0.19516E+02  -0.21259E-03   0.10289E+01   0.54406E+01  -0.58661E+03
   0.21554E+02   0.18934E+02  -0.19598E-03   0.13265E+00   0.54429E+01  -0.58660E+03
   0.20935E+02   0.18353E+02  -0.18930E-03  -0.78771E+00   0.54339E+01  -0.58659E+03
   0.20319E+02   0.17773E+02  -0.19196E-03  -0.56764E+00   0.54274E+01  -0.58658E+03
   0.19706E+02   0.17196E+02  -0.19183E-03  -0.10931E+01   0.54126E+01  -0.58657E+03
   0.19094E+02   0.16620E+02  -0.19620E-03  -0.19574E+01   0.53902E+01  -0.58657E+03
   0.18485E+02   0.16045E+02  -0.20769E-03  -0.16160E+01   0.53603E+01  -0.58656E+03
   0.17879E+02   0.15472E+02  -0.21474E-03  -0.74091E+00   0.53335E+01  -0.58655E+03
   0.17274E+02   0.14900E+02  -0.21316E-03   0.62727E+00   0.53065E+01  -0.58654E+03
   0.16672E+02   0.14329E+02  -0.19982E-03   0.16123E+01   0.52659E+01  -0.58653E+03
   0.16072E+02   0.13759E+02  -0.17915E-03   0.26004E+01   0.52166E+01  -0.58652E+03
   0.15475E+02   0.13190E+02  -0.15217E-03   0.58431E+01   0.51563E+01  -0.58652E+03
   0.14880E+02   0.12622E+02  -0.10380E-03   0.60098E+01   0.50736E+01  -0.58651E+03
   0.14288E+02   0.12055E+02  -0.58211E-04   0.98111E+01   0.49884E+01  -0.58650E+03
   0.13700E+02   0.11489E+02   0.78952E-05   0.10770E+02   0.48921E+01  -0.58649E+03
   0.13114E+02   0.10924E+02   0.73292E-04   0.14828E+02   0.47810E+01  -0.58648E+03
   0.12532E+02   0.10359E+02   0.15480E-03   0.20894E+02   0.46435E+01  -0.58648E+03
   0.11954E+02   0.97955E+01   0.25906E-03   0.29276E+02   0.44886E+01  -0.58647E+03
   0.11380E+02   0.92322E+01   0.39133E-03   0.38973E+02   0.43304E+01  -0.58646E+03
   0.10811E+02   0.86695E+01   0.54858E-03   0.45971E+02   0.41526E+01  -0.58646E+03
   0.10246E+02   0.81073E+01   0.70774E-03   0.63349E+02   0.39687E+01  -0.58645E+03
   0.96861E+01   0.75457E+01   0.90131E-03   0.85145E+02   0.37795E+01  -0.58644E+03
   0.91305E+01   0.69846E+01   0.11247E-02   0.11091E+03   0.35813E+01  -0.58644E+03
   0.85789E+01   0.64239E+01   0.13654E-02   0.14089E+03   0.33843E+01  -0.58643E+03
   0.80291E+01   0.58636E+01   0.16077E-02   0.15905E+03   0.31399E+01  -0.58643E+03
   0.74774E+01   0.53037E+01   0.17949E-02   0.17307E+03   0.28900E+01  -0.58642E+03
   0.69165E+01   0.47442E+01   0.19118E-02   0.16655E+03   0.25942E+01  -0.58642E+03
   0.63346E+01   0.41850E+01   0.19283E-02   0.12998E+03   0.22164E+01  -0.58641E+03
   0.57137E+01   0.36261E+01   0.18296E-02   0.20476E+02   0.16835E+01  -0.58641E+03
   0.50303E+01   0.30676E+01   0.15723E-02  -0.12264E+03   0.10897E+01  -0.58641E+03
   0.42602E+01   0.25093E+01   0.12004E-02  -0.26627E+03   0.49801E+00  -0.58640E+03
   0.33941E+01   0.19513E+01   0.77964E-03  -0.33322E+03   0.65180E-01  -0.58640E+03
   0.24502E+01   0.13935E+01   0.40632E-03  -0.27717E+03  -0.10832E+00  -0.58640E+03
   0.14684E+01   0.83595E+00   0.15879E-03  -0.16542E+03  -0.10259E+00  -0.58640E+03
   0.48571E+00   0.27861E+00   0.34463E-04  -0.52153E+02  -0.13690E+04  -0.58640E+03
