   0.18650E+03   0.96417E+00   0.31850E-03  -0.28266E+00
   0.18190E+03   0.94036E+00   0.19773E-03  -0.29765E+00
   0.17732E+03   0.91667E+00   0.23522E-03  -0.30353E+00
   0.17279E+03   0.89314E+00   0.26903E-03  -0.32077E+00
   0.16830E+03   0.86983E+00   0.37662E-03  -0.32810E+00
   0.16385E+03   0.84677E+00   0.53998E-03  -0.31621E+00
   0.15947E+03   0.82400E+00   0.59951E-03  -0.30306E+00
   0.15515E+03   0.80156E+00   0.55843E-03  -0.29650E+00
   0.15090E+03   0.77949E+00   0.47343E-03  -0.28379E+00
   0.14674E+03   0.75782E+00   0.44610E-03  -0.25912E+00
   0.14265E+03   0.73658E+00   0.26055E-03  -0.23493E+00
   0.13866E+03   0.71579E+00   0.14330E-03  -0.22189E+00
   0.13475E+03   0.69548E+00   0.31401E-03  -0.21271E+00
   0.13095E+03   0.67566E+00   0.55413E-03  -0.19923E+00
   0.12725E+03   0.65636E+00   0.63904E-03  -0.17770E+00
   0.12365E+03   0.63758E+00   0.56218E-03  -0.15123E+00
   0.12015E+03   0.61934E+00   0.45173E-03  -0.13058E+00
   0.11676E+03   0.60163E+00   0.28088E-03  -0.11677E+00
   0.11347E+03   0.58448E+00   0.34654E-04  -0.10858E+00
   0.11029E+03   0.56786E+00   0.79466E-04  -0.10527E+00
   0.10721E+03   0.55179E+00   0.20838E-03  -0.10151E+00
   0.10424E+03   0.53626E+00   0.26168E-04  -0.96663E-01
   0.10136E+03   0.52126E+00  -0.14247E-03  -0.92422E-01
   0.98594E+02   0.50679E+00  -0.66521E-04  -0.90824E-01
   0.95923E+02   0.49284E+00   0.12398E-03  -0.96389E-01
   0.93350E+02   0.47939E+00   0.29891E-03  -0.10663E+00
   0.90870E+02   0.46643E+00   0.31851E-03  -0.11138E+00
   0.88482E+02   0.45396E+00   0.34889E-03  -0.10449E+00
   0.86184E+02   0.44195E+00   0.50793E-03  -0.88662E-01
   0.83972E+02   0.43040E+00   0.50018E-03  -0.73491E-01
   0.81844E+02   0.41928E+00  -0.61637E-05  -0.60763E-01
   0.79795E+02   0.40858E+00  -0.40602E-03  -0.52828E-01
   0.77824E+02   0.39828E+00  -0.47859E-03  -0.51227E-01
   0.75927E+02   0.38838E+00  -0.21717E-03  -0.56001E-01
   0.74101E+02   0.37885E+00   0.53921E-04  -0.62673E-01
   0.72343E+02   0.36967E+00   0.30573E-03  -0.71167E-01
   0.70651E+02   0.36084E+00   0.45913E-03  -0.80366E-01
   0.69020E+02   0.35233E+00   0.67108E-03  -0.90388E-01
   0.67449E+02   0.34413E+00   0.91022E-03  -0.97700E-01
   0.65935E+02   0.33623E+00   0.12498E-02  -0.10327E+00
   0.64475E+02   0.32860E+00   0.17487E-02  -0.10758E+00
   0.63066E+02   0.32125E+00   0.21357E-02  -0.11080E+00
   0.61705E+02   0.31414E+00   0.24342E-02  -0.11333E+00
   0.60389E+02   0.30728E+00   0.26373E-02  -0.11748E+00
   0.59118E+02   0.30064E+00   0.26210E-02  -0.12333E+00
   0.57887E+02   0.29422E+00   0.23517E-02  -0.13025E+00
   0.56694E+02   0.28799E+00   0.22204E-02  -0.13917E+00
   0.55538E+02   0.28197E+00   0.22821E-02  -0.15098E+00
   0.54416E+02   0.27612E+00   0.23753E-02  -0.16454E+00
   0.53327E+02   0.27044E+00   0.23916E-02  -0.18023E+00
   0.52269E+02   0.26492E+00   0.29122E-02  -0.20026E+00
   0.51239E+02   0.25955E+00   0.37862E-02  -0.22331E+00
   0.50236E+02   0.25433E+00   0.48207E-02  -0.24792E+00
   0.49260E+02   0.24924E+00   0.54942E-02  -0.27173E+00
   0.48307E+02   0.24428E+00   0.56991E-02  -0.29433E+00
   0.47377E+02   0.23943E+00   0.56177E-02  -0.31685E+00
   0.46468E+02   0.23470E+00   0.53452E-02  -0.34037E+00
   0.45578E+02   0.23007E+00   0.46768E-02  -0.36381E+00
   0.44708E+02   0.22554E+00   0.41934E-02  -0.38874E+00
   0.43855E+02   0.22110E+00   0.43416E-02  -0.41614E+00
   0.43019E+02   0.21675E+00   0.47841E-02  -0.44479E+00
   0.42197E+02   0.21248E+00   0.53701E-02  -0.47488E+00
   0.41391E+02   0.20829E+00   0.58954E-02  -0.50626E+00
   0.40598E+02   0.20416E+00   0.63369E-02  -0.53908E+00
   0.39817E+02   0.20011E+00   0.64483E-02  -0.57245E+00
   0.39049E+02   0.19611E+00   0.62058E-02  -0.60715E+00
   0.38292E+02   0.19218E+00   0.57664E-02  -0.64498E+00
   0.37545E+02   0.18830E+00   0.53993E-02  -0.68646E+00
   0.36808E+02   0.18448E+00   0.56122E-02  -0.73284E+00
   0.36081E+02   0.18070E+00   0.63909E-02  -0.78436E+00
   0.35362E+02   0.17696E+00   0.74876E-02  -0.84096E+00
   0.34651E+02   0.17327E+00   0.84272E-02  -0.90160E+00
   0.33948E+02   0.16962E+00   0.94687E-02  -0.96739E+00
   0.33252E+02   0.16601E+00   0.10102E-01  -0.10362E+01
   0.32562E+02   0.16243E+00   0.10158E-01  -0.11076E+01
   0.31879E+02   0.15888E+00   0.97325E-02  -0.11831E+01
   0.31202E+02   0.15536E+00   0.90681E-02  -0.12637E+01
   0.30530E+02   0.15187E+00   0.82651E-02  -0.13493E+01
   0.29864E+02   0.14841E+00   0.73811E-02  -0.14395E+01
   0.29202E+02   0.14498E+00   0.59158E-02  -0.15346E+01
   0.28545E+02   0.14156E+00   0.38614E-02  -0.16375E+01
   0.27892E+02   0.13817E+00   0.15370E-02  -0.17486E+01
   0.27243E+02   0.13480E+00  -0.64489E-03  -0.18685E+01
   0.26598E+02   0.13145E+00  -0.25861E-02  -0.19985E+01
   0.25957E+02   0.12811E+00  -0.47643E-02  -0.21376E+01
   0.25319E+02   0.12480E+00  -0.77941E-02  -0.22841E+01
   0.24684E+02   0.12150E+00  -0.11247E-01  -0.24422E+01
   0.24052E+02   0.11821E+00  -0.15346E-01  -0.26134E+01
   0.23424E+02   0.11493E+00  -0.21065E-01  -0.27978E+01
   0.22798E+02   0.11167E+00  -0.27562E-01  -0.29995E+01
   0.22174E+02   0.10842E+00  -0.34833E-01  -0.32207E+01
   0.21554E+02   0.10519E+00  -0.43203E-01  -0.34648E+01
   0.20935E+02   0.10196E+00  -0.51875E-01  -0.37364E+01
   0.20319E+02   0.98741E-01  -0.60903E-01  -0.40363E+01
   0.19706E+02   0.95532E-01  -0.69360E-01  -0.43686E+01
   0.19094E+02   0.92332E-01  -0.77770E-01  -0.47334E+01
   0.18485E+02   0.89139E-01  -0.87018E-01  -0.51298E+01
   0.17879E+02   0.85954E-01  -0.98625E-01  -0.55529E+01
   0.17274E+02   0.82776E-01  -0.11307E+00  -0.60029E+01
   0.16672E+02   0.79605E-01  -0.12851E+00  -0.64896E+01
   0.16072E+02   0.76439E-01  -0.14480E+00  -0.70152E+01
   0.15475E+02   0.73279E-01  -0.16230E+00  -0.75900E+01
   0.14880E+02   0.70125E-01  -0.17412E+00  -0.82322E+01
   0.14288E+02   0.66975E-01  -0.17710E+00  -0.89540E+01
   0.13700E+02   0.63830E-01  -0.16619E+00  -0.97767E+01
   0.13114E+02   0.60689E-01  -0.12830E+00  -0.10721E+02
   0.12532E+02   0.57552E-01  -0.57864E-01  -0.11789E+02
   0.11954E+02   0.54419E-01   0.50997E-01  -0.13000E+02
   0.11380E+02   0.51290E-01   0.22149E+00  -0.14411E+02
   0.10811E+02   0.48164E-01   0.49004E+00  -0.16093E+02
   0.10246E+02   0.45041E-01   0.88134E+00  -0.18092E+02
   0.96861E+01   0.41921E-01   0.13916E+01  -0.20405E+02
   0.91305E+01   0.38803E-01   0.19871E+01  -0.22999E+02
   0.85789E+01   0.35688E-01   0.26585E+01  -0.25957E+02
   0.80291E+01   0.32575E-01   0.32818E+01  -0.29181E+02
   0.74774E+01   0.29465E-01   0.36138E+01  -0.32557E+02
   0.69165E+01   0.26356E-01   0.32961E+01  -0.35692E+02
   0.63346E+01   0.23250E-01   0.19456E+01  -0.38171E+02
   0.57137E+01   0.20145E-01  -0.52063E+00  -0.39781E+02
   0.50303E+01   0.17042E-01  -0.34494E+01  -0.41043E+02
   0.42602E+01   0.13940E-01  -0.53910E+01  -0.42893E+02
   0.33941E+01   0.10840E-01  -0.51087E+01  -0.46225E+02
   0.24502E+01   0.77416E-02  -0.28874E+01  -0.50536E+02
   0.14684E+01   0.46441E-02  -0.88459E+00  -0.53824E+02
   0.48571E+00   0.15479E-02  -0.16970E+00  -0.55407E+02
