   0.98805E+00   0.16147E+04   0.10360E-01
   0.96417E+00  -0.13321E+01   0.28871E-01
   0.94036E+00  -0.20978E+01   0.50737E-01
   0.91667E+00  -0.27682E+01   0.74189E-01
   0.89314E+00  -0.34304E+01   0.97423E-01
   0.86983E+00  -0.41266E+01   0.11904E+00
   0.84677E+00  -0.48188E+01   0.14010E+00
   0.82400E+00  -0.54294E+01   0.16221E+00
   0.80156E+00  -0.59584E+01   0.18517E+00
   0.77949E+00  -0.64479E+01   0.20802E+00
   0.75782E+00  -0.69327E+01   0.22945E+00
   0.73658E+00  -0.74616E+01   0.24881E+00
   0.71579E+00  -0.80313E+01   0.26666E+00
   0.69548E+00  -0.85736E+01   0.28345E+00
   0.67566E+00  -0.90573E+01   0.29931E+00
   0.65636E+00  -0.95073E+01   0.31494E+00
   0.63758E+00  -0.99527E+01   0.33096E+00
   0.61934E+00  -0.10399E+02   0.34813E+00
   0.60163E+00  -0.10821E+02   0.36670E+00
   0.58448E+00  -0.11195E+02   0.38565E+00
   0.56786E+00  -0.11519E+02   0.40381E+00
   0.55179E+00  -0.11814E+02   0.42056E+00
   0.53626E+00  -0.12122E+02   0.43578E+00
   0.52126E+00  -0.12446E+02   0.44995E+00
   0.50679E+00  -0.12727E+02   0.46376E+00
   0.49284E+00  -0.12920E+02   0.47749E+00
   0.47939E+00  -0.13063E+02   0.49088E+00
   0.46643E+00  -0.13232E+02   0.50357E+00
   0.45396E+00  -0.13477E+02   0.51551E+00
   0.44195E+00  -0.13787E+02   0.52701E+00
   0.43040E+00  -0.14119E+02   0.53838E+00
   0.41928E+00  -0.14436E+02   0.54968E+00
   0.40858E+00  -0.14734E+02   0.56081E+00
   0.39828E+00  -0.15015E+02   0.57163E+00
   0.38838E+00  -0.15274E+02   0.58199E+00
   0.37885E+00  -0.15508E+02   0.59170E+00
   0.36967E+00  -0.15726E+02   0.60069E+00
   0.36084E+00  -0.15943E+02   0.60899E+00
   0.35233E+00  -0.16172E+02   0.61673E+00
   0.34413E+00  -0.16412E+02   0.62402E+00
   0.33623E+00  -0.16662E+02   0.63098E+00
   0.32860E+00  -0.16919E+02   0.63765E+00
   0.32125E+00  -0.17187E+02   0.64402E+00
   0.31414E+00  -0.17466E+02   0.65008E+00
   0.30728E+00  -0.17760E+02   0.65576E+00
   0.30064E+00  -0.18077E+02   0.66100E+00
   0.29422E+00  -0.18422E+02   0.66575E+00
   0.28799E+00  -0.18803E+02   0.67002E+00
   0.28197E+00  -0.19223E+02   0.67388E+00
   0.27612E+00  -0.19676E+02   0.67741E+00
   0.27044E+00  -0.20154E+02   0.68073E+00
   0.26492E+00  -0.20650E+02   0.68394E+00
   0.25955E+00  -0.21159E+02   0.68708E+00
   0.25433E+00  -0.21681E+02   0.69016E+00
   0.24924E+00  -0.22220E+02   0.69316E+00
   0.24428E+00  -0.22781E+02   0.69604E+00
   0.23943E+00  -0.23369E+02   0.69875E+00
   0.23470E+00  -0.23989E+02   0.70128E+00
   0.23007E+00  -0.24643E+02   0.70362E+00
   0.22554E+00  -0.25334E+02   0.70577E+00
   0.22110E+00  -0.26064E+02   0.70775E+00
   0.21675E+00  -0.26834E+02   0.70959E+00
   0.21248E+00  -0.27649E+02   0.71129E+00
   0.20829E+00  -0.28512E+02   0.71286E+00
   0.20416E+00  -0.29426E+02   0.71428E+00
   0.20011E+00  -0.30395E+02   0.71553E+00
   0.19611E+00  -0.31423E+02   0.71658E+00
   0.19218E+00  -0.32512E+02   0.71741E+00
   0.18830E+00  -0.33664E+02   0.71800E+00
   0.18448E+00  -0.34881E+02   0.71833E+00
   0.18070E+00  -0.36166E+02   0.71840E+00
   0.17696E+00  -0.37523E+02   0.71821E+00
   0.17327E+00  -0.38958E+02   0.71775E+00
   0.16962E+00  -0.40478E+02   0.71703E+00
   0.16601E+00  -0.42089E+02   0.71605E+00
   0.16243E+00  -0.43799E+02   0.71481E+00
   0.15888E+00  -0.45614E+02   0.71332E+00
   0.15536E+00  -0.47539E+02   0.71158E+00
   0.15187E+00  -0.49582E+02   0.70958E+00
   0.14841E+00  -0.51746E+02   0.70731E+00
   0.14498E+00  -0.54038E+02   0.70474E+00
   0.14156E+00  -0.56465E+02   0.70185E+00
   0.13817E+00  -0.59035E+02   0.69859E+00
   0.13480E+00  -0.61757E+02   0.69492E+00
   0.13145E+00  -0.64644E+02   0.69079E+00
   0.12811E+00  -0.67710E+02   0.68615E+00
   0.12480E+00  -0.70970E+02   0.68095E+00
   0.12150E+00  -0.74443E+02   0.67513E+00
   0.11821E+00  -0.78147E+02   0.66864E+00
   0.11493E+00  -0.82101E+02   0.66144E+00
   0.11167E+00  -0.86324E+02   0.65346E+00
   0.10842E+00  -0.90834E+02   0.64466E+00
   0.10519E+00  -0.95648E+02   0.63500E+00
   0.10196E+00  -0.10078E+03   0.62440E+00
   0.98741E-01  -0.10626E+03   0.61282E+00
   0.95532E-01  -0.11209E+03   0.60019E+00
   0.92332E-01  -0.11829E+03   0.58644E+00
   0.89139E-01  -0.12488E+03   0.57152E+00
   0.85954E-01  -0.13187E+03   0.55536E+00
   0.82776E-01  -0.13929E+03   0.53793E+00
   0.79605E-01  -0.14716E+03   0.51919E+00
   0.76439E-01  -0.15549E+03   0.49911E+00
   0.73279E-01  -0.16428E+03   0.47769E+00
   0.70125E-01  -0.17356E+03   0.45492E+00
   0.66975E-01  -0.18330E+03   0.43082E+00
   0.63830E-01  -0.19351E+03   0.40541E+00
   0.60689E-01  -0.20416E+03   0.37875E+00
   0.57552E-01  -0.21521E+03   0.35093E+00
   0.54419E-01  -0.22661E+03   0.32209E+00
   0.51290E-01  -0.23829E+03   0.29240E+00
   0.48164E-01  -0.25015E+03   0.26213E+00
   0.45041E-01  -0.26210E+03   0.23158E+00
   0.41921E-01  -0.27399E+03   0.20115E+00
   0.38803E-01  -0.28567E+03   0.17129E+00
   0.35688E-01  -0.29697E+03   0.14252E+00
   0.32575E-01  -0.30769E+03   0.11537E+00
   0.29465E-01  -0.31767E+03   0.90381E-01
   0.26356E-01  -0.32672E+03   0.68050E-01
   0.23250E-01  -0.33470E+03   0.48792E-01
   0.20145E-01  -0.34151E+03   0.32893E-01
   0.17042E-01  -0.34713E+03   0.20466E-01
   0.13940E-01  -0.35159E+03   0.11417E-01
   0.10840E-01  -0.35501E+03   0.54357E-02
   0.77416E-02  -0.35757E+03   0.20057E-02
   0.46441E-02  -0.35950E+03   0.45529E-03
   0.15479E-02  -0.36109E+03   0.29273E-04
