   0.96417E+00   0.15922E-63  -0.16399E-63   0.67634E-70
   0.94036E+00   0.17902E-64  -0.11378E-64   0.11001E-68
   0.91667E+00   0.63430E-64   0.53299E-64  -0.43940E-67
   0.89314E+00   0.14526E-62  -0.13832E-62   0.44886E-67
   0.86983E+00   0.29607E-62  -0.53192E-62  -0.90670E-66
   0.84677E+00  -0.82332E-62   0.44573E-62  -0.13914E-65
   0.82400E+00   0.44913E-61   0.40196E-62  -0.27670E-64
   0.80156E+00   0.14951E-60   0.51946E-62  -0.90512E-64
   0.77949E+00  -0.81697E-60  -0.68986E-60   0.32869E-63
   0.75782E+00  -0.93418E-59  -0.94072E-60  -0.23544E-62
   0.73658E+00   0.29403E-58   0.29659E-59   0.67724E-64
   0.71579E+00   0.35860E-57   0.11597E-58   0.93669E-61
   0.69548E+00   0.66372E-58   0.74338E-58   0.25970E-60
   0.67566E+00  -0.57774E-56   0.83235E-57  -0.29383E-60
   0.65636E+00  -0.73859E-56  -0.36166E-56   0.46176E-59
   0.63758E+00   0.55605E-55  -0.37407E-55  -0.13498E-58
   0.61934E+00   0.60489E-55   0.10040E-54  -0.26682E-57
   0.60163E+00  -0.11568E-53   0.13930E-53   0.39480E-59
   0.58448E+00  -0.26254E-53  -0.21165E-54  -0.43107E-56
   0.56786E+00   0.16273E-52  -0.28826E-52  -0.12151E-57
   0.55179E+00   0.19004E-51  -0.30980E-52   0.12802E-55
   0.53626E+00   0.66597E-51   0.95351E-52  -0.38553E-54
   0.52126E+00  -0.65122E-50   0.21557E-51  -0.81501E-54
   0.50679E+00  -0.40075E-49   0.23074E-51   0.90980E-53
   0.49284E+00   0.12315E-48  -0.12869E-50  -0.50313E-53
   0.47939E+00   0.96061E-48  -0.62877E-50  -0.26694E-51
   0.46643E+00   0.86760E-49   0.70132E-49   0.47305E-51
   0.45396E+00  -0.14319E-46   0.33836E-48  -0.11827E-50
   0.44195E+00  -0.29954E-46  -0.49383E-48   0.43629E-50
   0.43040E+00   0.79459E-46  -0.21468E-47  -0.90498E-50
   0.41928E+00   0.46921E-45  -0.11486E-47  -0.88552E-49
   0.40858E+00   0.37504E-45  -0.96091E-47   0.37243E-48
   0.39828E+00  -0.18849E-44  -0.76464E-47  -0.12127E-48
   0.38838E+00  -0.77689E-44  -0.20276E-45   0.30109E-48
   0.37885E+00  -0.44588E-44  -0.13742E-44  -0.16085E-47
   0.36967E+00   0.79312E-44   0.42196E-44  -0.59260E-48
   0.36084E+00   0.44648E-44   0.65389E-43  -0.30756E-47
   0.35233E+00  -0.82377E-44   0.10389E-42   0.79939E-47
   0.34413E+00   0.11110E-41  -0.10044E-41  -0.51507E-46
   0.33623E+00   0.50629E-41  -0.52779E-41  -0.17233E-46
   0.32860E+00  -0.20813E-41   0.11835E-41   0.72308E-46
   0.32125E+00  -0.98449E-40   0.97202E-40  -0.11574E-45
   0.31414E+00  -0.29030E-39   0.28930E-39  -0.32971E-45
   0.30728E+00   0.39845E-39  -0.39911E-39  -0.32823E-45
   0.30064E+00   0.42573E-38  -0.42558E-38   0.18264E-45
   0.29422E+00   0.78674E-38  -0.78616E-38   0.97540E-45
   0.28799E+00  -0.13563E-37   0.13579E-37  -0.48990E-45
   0.28197E+00  -0.96494E-37   0.96524E-37   0.23199E-44
   0.27612E+00  -0.10411E-36   0.10415E-36  -0.52238E-43
   0.27044E+00   0.39694E-36  -0.39686E-36   0.22261E-43
   0.26492E+00   0.10270E-35  -0.10270E-35   0.31052E-43
   0.25955E+00  -0.14009E-36   0.14003E-36  -0.14416E-43
   0.25433E+00  -0.36480E-35   0.36480E-35  -0.23376E-44
   0.24924E+00  -0.49294E-35   0.49297E-35   0.68673E-43
   0.24428E+00   0.17835E-35  -0.17823E-35   0.69053E-43
   0.23943E+00   0.11795E-34  -0.11794E-34  -0.42914E-42
   0.23470E+00   0.85749E-35  -0.85751E-35  -0.28948E-42
   0.23007E+00  -0.29828E-35   0.29746E-35   0.61905E-42
   0.22554E+00   0.58632E-34  -0.58657E-34  -0.32648E-41
   0.22110E+00   0.32487E-33  -0.32492E-33  -0.43787E-41
   0.21675E+00   0.70624E-33  -0.70633E-33   0.50186E-41
   0.21248E+00   0.36420E-33  -0.36435E-33  -0.41536E-40
   0.20829E+00  -0.26017E-32   0.26016E-32   0.11557E-39
   0.20416E+00  -0.10167E-31   0.10167E-31  -0.74897E-40
   0.20011E+00  -0.20957E-31   0.20957E-31   0.61316E-40
   0.19611E+00  -0.25562E-31   0.25563E-31   0.16904E-40
   0.19218E+00  -0.74254E-32   0.74267E-32  -0.28338E-39
   0.18830E+00   0.41259E-31  -0.41257E-31   0.59642E-39
   0.18448E+00   0.93929E-31  -0.93926E-31  -0.17338E-39
   0.18070E+00   0.96777E-31  -0.96776E-31  -0.16142E-39
   0.17696E+00   0.79407E-31  -0.79412E-31  -0.22679E-38
   0.17327E+00   0.35600E-30  -0.35603E-30  -0.51700E-38
   0.16962E+00   0.15056E-29  -0.15057E-29   0.31620E-37
   0.16601E+00   0.33876E-29  -0.33878E-29   0.16487E-37
   0.16243E+00   0.29151E-29  -0.29155E-29   0.14105E-36
   0.15888E+00  -0.58195E-29   0.58187E-29  -0.16031E-38
   0.15536E+00  -0.16711E-28   0.16710E-28  -0.14814E-35
   0.15187E+00   0.36398E-28  -0.36401E-28   0.26456E-35
   0.14841E+00   0.35968E-27  -0.35969E-27   0.21229E-35
   0.14498E+00   0.13345E-26  -0.13345E-26  -0.64663E-36
   0.14156E+00   0.33249E-26  -0.33248E-26   0.18087E-34
   0.13817E+00   0.60744E-26  -0.60742E-26  -0.31407E-34
   0.13480E+00   0.78572E-26  -0.78565E-26   0.92947E-34
   0.13145E+00   0.54358E-26  -0.54334E-26   0.40353E-33
   0.12811E+00  -0.31249E-26   0.31326E-26   0.12681E-32
   0.12480E+00  -0.11243E-25   0.11265E-25   0.39142E-32
   0.12150E+00   0.42803E-26  -0.42131E-26   0.12299E-31
   0.11821E+00   0.77360E-25  -0.77167E-25   0.32733E-31
   0.11493E+00   0.20932E-24  -0.20876E-24   0.91397E-31
   0.11167E+00   0.29085E-24  -0.28923E-24   0.23393E-30
   0.10842E+00   0.13213E-24  -0.12739E-24   0.60400E-30
   0.10519E+00  -0.21797E-24   0.23205E-24   0.15863E-29
   0.10196E+00  -0.21995E-23   0.22413E-23   0.44907E-29
   0.98741E-01  -0.13321E-22   0.13445E-22   0.13430E-28
   0.95532E-01  -0.23955E-22   0.24319E-22   0.42972E-28
   0.92332E-01  -0.43572E-23   0.54222E-23   0.14395E-27
   0.89139E-01   0.55905E-22  -0.52810E-22   0.48722E-27
   0.85954E-01   0.29499E-21  -0.28602E-21   0.16311E-26
   0.82776E-01   0.10950E-20  -0.10689E-20   0.53273E-26
   0.79605E-01   0.34073E-20  -0.33304E-20   0.16921E-25
   0.76439E-01   0.94539E-20  -0.92244E-20   0.52413E-25
   0.73279E-01   0.24126E-19  -0.23425E-19   0.15973E-24
   0.70125E-01   0.57005E-19  -0.54808E-19   0.48460E-24
   0.66975E-01   0.12474E-18  -0.11768E-18   0.14839E-23
   0.63830E-01   0.25024E-18  -0.22698E-18   0.46547E-23
   0.60689E-01   0.44705E-18  -0.36876E-18   0.15154E-22
   0.57552E-01   0.65966E-18  -0.39008E-18   0.51607E-22
   0.54419E-01   0.59173E-18   0.36115E-18   0.18445E-21
   0.51290E-01  -0.81904E-18   0.42992E-17   0.69366E-21
   0.48164E-01  -0.71830E-17   0.20406E-16   0.27673E-20
   0.45041E-01  -0.31955E-16   0.84446E-16   0.11868E-19
   0.41921E-01  -0.13300E-15   0.35067E-15   0.55126E-19
   0.38803E-01  -0.57858E-15   0.15159E-14   0.27433E-18
   0.35688E-01  -0.26087E-14   0.67530E-14   0.14179E-17
   0.32575E-01  -0.11707E-13   0.30230E-13   0.73006E-17
   0.29465E-01  -0.50520E-13   0.13272E-12   0.35872E-16
   0.26356E-01  -0.20460E-12   0.55973E-12   0.16122E-15
   0.23250E-01  -0.76210E-12   0.22251E-11   0.63193E-15
   0.20145E-01  -0.25586E-11   0.81779E-11   0.20175E-14
   0.17042E-01  -0.75750E-11   0.27212E-10   0.45422E-14
   0.13940E-01  -0.19320E-10   0.80086E-10   0.33378E-14
   0.10840E-01  -0.41504E-10   0.20312E-09  -0.25009E-13
   0.77416E-02  -0.73794E-10   0.43149E-09  -0.13551E-12
   0.46441E-02  -0.10780E-09   0.74450E-09  -0.38375E-12
   0.15479E-02  -0.12971E-09   0.10069E-08  -0.72517E-12
