   0.96417E+00   0.59303E-02  -0.43007E-03   0.24963E-03
   0.94036E+00   0.78086E-02  -0.42211E-03   0.23887E-03
   0.91667E+00   0.81539E-02  -0.37744E-03   0.21761E-03
   0.89314E+00   0.86967E-02  -0.32505E-03   0.19900E-03
   0.86983E+00   0.87662E-02  -0.29247E-03   0.18610E-03
   0.84677E+00   0.87964E-02  -0.32241E-03   0.20304E-03
   0.82400E+00   0.89565E-02  -0.42005E-03   0.25747E-03
   0.80156E+00   0.93420E-02  -0.54859E-03   0.32700E-03
   0.77949E+00   0.96083E-02  -0.69685E-03   0.40106E-03
   0.75782E+00   0.98744E-02  -0.83711E-03   0.46394E-03
   0.73658E+00   0.10699E-01  -0.94437E-03   0.50689E-03
   0.71579E+00   0.12625E-01  -0.10877E-02   0.57430E-03
   0.69548E+00   0.15221E-01  -0.12400E-02   0.65330E-03
   0.67566E+00   0.18206E-01  -0.13453E-02   0.71317E-03
   0.65636E+00   0.21603E-01  -0.14377E-02   0.77550E-03
   0.63758E+00   0.25188E-01  -0.15738E-02   0.86544E-03
   0.61934E+00   0.27887E-01  -0.18245E-02   0.99839E-03
   0.60163E+00   0.30275E-01  -0.20555E-02   0.11194E-02
   0.58448E+00   0.33704E-01  -0.23022E-02   0.12667E-02
   0.56786E+00   0.39695E-01  -0.24967E-02   0.13957E-02
   0.55179E+00   0.46869E-01  -0.26671E-02   0.15282E-02
   0.53626E+00   0.52867E-01  -0.28499E-02   0.16927E-02
   0.52126E+00   0.59427E-01  -0.30533E-02   0.18599E-02
   0.50679E+00   0.64797E-01  -0.34596E-02   0.20885E-02
   0.49284E+00   0.69024E-01  -0.39591E-02   0.23106E-02
   0.47939E+00   0.73548E-01  -0.45684E-02   0.25414E-02
   0.46643E+00   0.78729E-01  -0.53334E-02   0.28459E-02
   0.45396E+00   0.83691E-01  -0.61194E-02   0.31767E-02
   0.44195E+00   0.91607E-01  -0.65510E-02   0.33203E-02
   0.43040E+00   0.99937E-01  -0.69553E-02   0.34339E-02
   0.41928E+00   0.10876E+00  -0.71053E-02   0.34055E-02
   0.40858E+00   0.11761E+00  -0.71761E-02   0.33513E-02
   0.39828E+00   0.12581E+00  -0.74681E-02   0.34329E-02
   0.38838E+00   0.13192E+00  -0.79480E-02   0.36070E-02
   0.37885E+00   0.13857E+00  -0.85615E-02   0.38507E-02
   0.36967E+00   0.14845E+00  -0.90854E-02   0.40660E-02
   0.36084E+00   0.16051E+00  -0.94574E-02   0.41926E-02
   0.35233E+00   0.17195E+00  -0.98721E-02   0.43491E-02
   0.34413E+00   0.18307E+00  -0.10282E-01   0.45109E-02
   0.33623E+00   0.19520E+00  -0.10673E-01   0.46268E-02
   0.32860E+00   0.20720E+00  -0.11007E-01   0.46653E-02
   0.32125E+00   0.21852E+00  -0.11263E-01   0.46220E-02
   0.31414E+00   0.23125E+00  -0.11407E-01   0.44570E-02
   0.30728E+00   0.24421E+00  -0.11281E-01   0.40721E-02
   0.30064E+00   0.25862E+00  -0.10890E-01   0.34602E-02
   0.29422E+00   0.27158E+00  -0.10713E-01   0.29528E-02
   0.28799E+00   0.28272E+00  -0.10593E-01   0.25079E-02
   0.28197E+00   0.29131E+00  -0.10306E-01   0.20160E-02
   0.27612E+00   0.30147E+00  -0.97529E-02   0.14019E-02
   0.27044E+00   0.31703E+00  -0.90088E-02   0.68082E-03
   0.26492E+00   0.33848E+00  -0.80337E-02  -0.21681E-03
   0.25955E+00   0.36434E+00  -0.69222E-02  -0.12564E-02
   0.25433E+00   0.39165E+00  -0.56290E-02  -0.24759E-02
   0.24924E+00   0.42129E+00  -0.43638E-02  -0.37437E-02
   0.24428E+00   0.45190E+00  -0.29554E-02  -0.51705E-02
   0.23943E+00   0.47903E+00  -0.14314E-02  -0.67473E-02
   0.23470E+00   0.50361E+00   0.15237E-03  -0.83839E-02
   0.23007E+00   0.52763E+00   0.24353E-02  -0.10449E-01
   0.22554E+00   0.54902E+00   0.54274E-02  -0.12927E-01
   0.22110E+00   0.57124E+00   0.92699E-02  -0.15917E-01
   0.21675E+00   0.59769E+00   0.13874E-01  -0.19331E-01
   0.21248E+00   0.62710E+00   0.18887E-01  -0.22912E-01
   0.20829E+00   0.66136E+00   0.24161E-01  -0.26584E-01
   0.20416E+00   0.70152E+00   0.29486E-01  -0.30249E-01
   0.20011E+00   0.74473E+00   0.34647E-01  -0.33748E-01
   0.19611E+00   0.78874E+00   0.39673E-01  -0.37084E-01
   0.19218E+00   0.82923E+00   0.45043E-01  -0.40557E-01
   0.18830E+00   0.86542E+00   0.50631E-01  -0.44033E-01
   0.18448E+00   0.89713E+00   0.57190E-01  -0.48026E-01
   0.18070E+00   0.92835E+00   0.65264E-01  -0.52917E-01
   0.17696E+00   0.96642E+00   0.74576E-01  -0.58522E-01
   0.17327E+00   0.10153E+01   0.84803E-01  -0.64616E-01
   0.16962E+00   0.10678E+01   0.95215E-01  -0.70675E-01
   0.16601E+00   0.11176E+01   0.10562E+00  -0.76572E-01
   0.16243E+00   0.11651E+01   0.11588E+00  -0.82251E-01
   0.15888E+00   0.12171E+01   0.12621E+00  -0.87898E-01
   0.15536E+00   0.12754E+01   0.13681E+00  -0.93619E-01
   0.15187E+00   0.13362E+01   0.14753E+00  -0.99244E-01
   0.14841E+00   0.14030E+01   0.15914E+00  -0.10526E+00
   0.14498E+00   0.14789E+01   0.17270E+00  -0.11234E+00
   0.14156E+00   0.15658E+01   0.18825E+00  -0.12042E+00
   0.13817E+00   0.16542E+01   0.20582E+00  -0.12952E+00
   0.13480E+00   0.17412E+01   0.22429E+00  -0.13881E+00
   0.13145E+00   0.18271E+01   0.24319E+00  -0.14791E+00
   0.12811E+00   0.19193E+01   0.26382E+00  -0.15767E+00
   0.12480E+00   0.20158E+01   0.28650E+00  -0.16826E+00
   0.12150E+00   0.21171E+01   0.31019E+00  -0.17885E+00
   0.11821E+00   0.22188E+01   0.33569E+00  -0.18995E+00
   0.11493E+00   0.23145E+01   0.36365E+00  -0.20179E+00
   0.11167E+00   0.24280E+01   0.39594E+00  -0.21557E+00
   0.10842E+00   0.25658E+01   0.43290E+00  -0.23138E+00
   0.10519E+00   0.27155E+01   0.47578E+00  -0.25013E+00
   0.10196E+00   0.28661E+01   0.52281E+00  -0.27057E+00
   0.98741E-01   0.30157E+01   0.57302E+00  -0.29207E+00
   0.95532E-01   0.31801E+01   0.62903E+00  -0.31621E+00
   0.92332E-01   0.33798E+01   0.69455E+00  -0.34542E+00
   0.89139E-01   0.36154E+01   0.77007E+00  -0.37979E+00
   0.85954E-01   0.38505E+01   0.85791E+00  -0.42101E+00
   0.82776E-01   0.40622E+01   0.96255E+00  -0.47187E+00
   0.79605E-01   0.42740E+01   0.10898E+01  -0.53597E+00
   0.76439E-01   0.44987E+01   0.12503E+01  -0.62085E+00
   0.73279E-01   0.47313E+01   0.14550E+01  -0.73453E+00
   0.70125E-01   0.49564E+01   0.17122E+01  -0.88309E+00
   0.66975E-01   0.51565E+01   0.20246E+01  -0.10685E+01
   0.63830E-01   0.53517E+01   0.23896E+01  -0.12918E+01
   0.60689E-01   0.54857E+01   0.28001E+01  -0.15535E+01
   0.57552E-01   0.54511E+01   0.32319E+01  -0.18463E+01
   0.54419E-01   0.52327E+01   0.36352E+01  -0.21498E+01
   0.51290E-01   0.47391E+01   0.39442E+01  -0.24318E+01
   0.48164E-01   0.40042E+01   0.41209E+01  -0.26727E+01
   0.45041E-01   0.31072E+01   0.40875E+01  -0.28117E+01
   0.41921E-01   0.21302E+01   0.37260E+01  -0.27534E+01
   0.38803E-01   0.10610E+01   0.30020E+01  -0.24096E+01
   0.35688E-01  -0.85137E-01   0.20853E+01  -0.17305E+01
   0.32575E-01  -0.11564E+01   0.13328E+01  -0.73034E+00
   0.29465E-01  -0.23679E+01   0.12624E+01   0.46923E+00
   0.26356E-01  -0.38312E+01   0.22867E+01   0.16477E+01
   0.23250E-01  -0.53117E+01   0.41965E+01   0.25304E+01
   0.20145E-01  -0.60176E+01   0.60066E+01   0.28794E+01
   0.17042E-01  -0.53593E+01   0.66185E+01   0.26423E+01
   0.13940E-01  -0.38385E+01   0.57388E+01   0.20117E+01
   0.10840E-01  -0.19299E+01   0.38788E+01   0.12757E+01
   0.77416E-02  -0.57257E+00   0.19554E+01   0.67305E+00
   0.46441E-02  -0.74902E-01   0.69277E+00   0.29089E+00
   0.15479E-02  -0.18641E-02   0.13575E+00   0.77092E-01
