   0.96417E+00  -0.12544E-02  -0.13410E-03   0.56840E-04
   0.94036E+00  -0.86769E-04  -0.15073E-03   0.61895E-04
   0.91667E+00  -0.17936E-04  -0.14612E-03   0.61062E-04
   0.89314E+00   0.10421E-03  -0.11876E-03   0.54361E-04
   0.86983E+00   0.21235E-03  -0.10294E-03   0.52679E-04
   0.84677E+00   0.37808E-03  -0.10109E-03   0.54977E-04
   0.82400E+00   0.54937E-03  -0.10584E-03   0.57818E-04
   0.80156E+00   0.49111E-03  -0.12109E-03   0.62283E-04
   0.77949E+00   0.42414E-03  -0.12850E-03   0.61842E-04
   0.75782E+00   0.59740E-03  -0.13222E-03   0.60757E-04
   0.73658E+00   0.90630E-03  -0.12498E-03   0.54472E-04
   0.71579E+00   0.12266E-02  -0.99219E-04   0.39592E-04
   0.69548E+00   0.15836E-02  -0.73498E-04   0.26600E-04
   0.67566E+00   0.17368E-02  -0.52746E-04   0.17125E-04
   0.65636E+00   0.20003E-02  -0.40118E-04   0.12323E-04
   0.63758E+00   0.25817E-02  -0.31085E-04   0.10224E-04
   0.61934E+00   0.32608E-02  -0.23378E-04   0.10013E-04
   0.60163E+00   0.39058E-02  -0.25831E-04   0.16141E-04
   0.58448E+00   0.48396E-02  -0.25041E-04   0.21170E-04
   0.56786E+00   0.55629E-02  -0.19739E-04   0.20528E-04
   0.55179E+00   0.59270E-02  -0.74691E-05   0.15140E-04
   0.53626E+00   0.67930E-02   0.12835E-05   0.13468E-04
   0.52126E+00   0.88728E-02   0.51311E-06   0.15993E-04
   0.50679E+00   0.11525E-01   0.39217E-05   0.14805E-04
   0.49284E+00   0.13278E-01   0.17282E-04   0.36422E-05
   0.47939E+00   0.14980E-01   0.28329E-04  -0.94560E-05
   0.46643E+00   0.17483E-01   0.20509E-04  -0.96982E-05
   0.45396E+00   0.20218E-01  -0.37723E-05   0.98623E-06
   0.44195E+00   0.23576E-01  -0.23384E-04   0.49543E-05
   0.43040E+00   0.27364E-01  -0.25771E-04  -0.39573E-05
   0.41928E+00   0.30259E-01  -0.22930E-04  -0.12485E-04
   0.40858E+00   0.32405E-01  -0.29529E-04  -0.85755E-05
   0.39828E+00   0.36085E-01  -0.53871E-04   0.14990E-04
   0.38838E+00   0.40618E-01  -0.96430E-04   0.58164E-04
   0.37885E+00   0.44271E-01  -0.14356E-03   0.10885E-03
   0.36967E+00   0.46962E-01  -0.18130E-03   0.15074E-03
   0.36084E+00   0.51022E-01  -0.20365E-03   0.17489E-03
   0.35233E+00   0.56824E-01  -0.22913E-03   0.18849E-03
   0.34413E+00   0.61970E-01  -0.26144E-03   0.19460E-03
   0.33623E+00   0.66359E-01  -0.28786E-03   0.18706E-03
   0.32860E+00   0.70566E-01  -0.29520E-03   0.16403E-03
   0.32125E+00   0.77974E-01  -0.25134E-03   0.11896E-03
   0.31414E+00   0.88125E-01  -0.16711E-03   0.60005E-04
   0.30728E+00   0.96402E-01  -0.79757E-04   0.25670E-06
   0.30064E+00   0.10190E+00  -0.15079E-04  -0.60197E-04
   0.29422E+00   0.10536E+00   0.40186E-04  -0.12860E-03
   0.28799E+00   0.11055E+00   0.12924E-03  -0.22208E-03
   0.28197E+00   0.11802E+00   0.27651E-03  -0.35067E-03
   0.27612E+00   0.12674E+00   0.45969E-03  -0.50132E-03
   0.27044E+00   0.13691E+00   0.66336E-03  -0.66047E-03
   0.26492E+00   0.14854E+00   0.86417E-03  -0.80734E-03
   0.25955E+00   0.16061E+00   0.10584E-02  -0.93376E-03
   0.25433E+00   0.17169E+00   0.12596E-02  -0.10495E-02
   0.24924E+00   0.18149E+00   0.14577E-02  -0.11601E-02
   0.24428E+00   0.19050E+00   0.16485E-02  -0.12652E-02
   0.23943E+00   0.20178E+00   0.18965E-02  -0.14098E-02
   0.23470E+00   0.21536E+00   0.21746E-02  -0.15798E-02
   0.23007E+00   0.23057E+00   0.25376E-02  -0.18033E-02
   0.22554E+00   0.24786E+00   0.30371E-02  -0.21039E-02
   0.22110E+00   0.26564E+00   0.36755E-02  -0.24836E-02
   0.21675E+00   0.28439E+00   0.44438E-02  -0.29322E-02
   0.21248E+00   0.30125E+00   0.52185E-02  -0.33541E-02
   0.20829E+00   0.31831E+00   0.60081E-02  -0.37550E-02
   0.20416E+00   0.33527E+00   0.69227E-02  -0.42185E-02
   0.20011E+00   0.35459E+00   0.80016E-02  -0.47652E-02
   0.19611E+00   0.37948E+00   0.92734E-02  -0.54009E-02
   0.19218E+00   0.40755E+00   0.10680E-01  -0.60776E-02
   0.18830E+00   0.43388E+00   0.12209E-01  -0.67852E-02
   0.18448E+00   0.46137E+00   0.13955E-01  -0.75817E-02
   0.18070E+00   0.48976E+00   0.15966E-01  -0.84835E-02
   0.17696E+00   0.52002E+00   0.18228E-01  -0.94819E-02
   0.17327E+00   0.55446E+00   0.20759E-01  -0.10583E-01
   0.16962E+00   0.59068E+00   0.23554E-01  -0.11781E-01
   0.16601E+00   0.62903E+00   0.26630E-01  -0.13081E-01
   0.16243E+00   0.67183E+00   0.30154E-01  -0.14575E-01
   0.15888E+00   0.71908E+00   0.34217E-01  -0.16318E-01
   0.15536E+00   0.76946E+00   0.38896E-01  -0.18338E-01
   0.15187E+00   0.82601E+00   0.44104E-01  -0.20538E-01
   0.14841E+00   0.88150E+00   0.49659E-01  -0.22787E-01
   0.14498E+00   0.93299E+00   0.55801E-01  -0.25301E-01
   0.14156E+00   0.99005E+00   0.62803E-01  -0.28242E-01
   0.13817E+00   0.10553E+01   0.70658E-01  -0.31515E-01
   0.13480E+00   0.11242E+01   0.79107E-01  -0.34918E-01
   0.13145E+00   0.11959E+01   0.88332E-01  -0.38551E-01
   0.12811E+00   0.12758E+01   0.98896E-01  -0.42718E-01
   0.12480E+00   0.13701E+01   0.11119E+00  -0.47554E-01
   0.12150E+00   0.14746E+01   0.12531E+00  -0.52979E-01
   0.11821E+00   0.15899E+01   0.14143E+00  -0.59018E-01
   0.11493E+00   0.17224E+01   0.15984E+00  -0.65840E-01
   0.11167E+00   0.18786E+01   0.18123E+00  -0.73814E-01
   0.10842E+00   0.20438E+01   0.20610E+00  -0.83206E-01
   0.10519E+00   0.22039E+01   0.23513E+00  -0.94267E-01
   0.10196E+00   0.23712E+01   0.26932E+00  -0.10742E+00
   0.98741E-01   0.25767E+01   0.30956E+00  -0.12293E+00
   0.95532E-01   0.28154E+01   0.35693E+00  -0.14120E+00
   0.92332E-01   0.30715E+01   0.41392E+00  -0.16355E+00
   0.89139E-01   0.33389E+01   0.48246E+00  -0.19081E+00
   0.85954E-01   0.36069E+01   0.56590E+00  -0.22477E+00
   0.82776E-01   0.38890E+01   0.66984E+00  -0.26820E+00
   0.79605E-01   0.42104E+01   0.80022E+00  -0.32380E+00
   0.76439E-01   0.45774E+01   0.96332E+00  -0.39458E+00
   0.73279E-01   0.49865E+01   0.11682E+01  -0.48620E+00
   0.70125E-01   0.54409E+01   0.14302E+01  -0.60915E+00
   0.66975E-01   0.59314E+01   0.17699E+01  -0.77618E+00
   0.63830E-01   0.64645E+01   0.22043E+01  -0.99909E+00
   0.60689E-01   0.70258E+01   0.27505E+01  -0.12938E+01
   0.57552E-01   0.75779E+01   0.34265E+01  -0.16802E+01
   0.54419E-01   0.80971E+01   0.42447E+01  -0.21792E+01
   0.51290E-01   0.84550E+01   0.51738E+01  -0.27878E+01
   0.48164E-01   0.84577E+01   0.61494E+01  -0.34877E+01
   0.45041E-01   0.80231E+01   0.70761E+01  -0.42407E+01
   0.41921E-01   0.71275E+01   0.78161E+01  -0.49830E+01
   0.38803E-01   0.58196E+01   0.81122E+01  -0.55604E+01
   0.35688E-01   0.41516E+01   0.77254E+01  -0.58003E+01
   0.32575E-01   0.26066E+01   0.65719E+01  -0.55834E+01
   0.29465E-01   0.15244E+01   0.47811E+01  -0.48450E+01
   0.26356E-01   0.78646E+00   0.30437E+01  -0.37273E+01
   0.23250E-01   0.80327E-01   0.23204E+01  -0.25058E+01
   0.20145E-01  -0.47147E+00   0.27063E+01  -0.14857E+01
   0.17042E-01  -0.58645E+00   0.31092E+01  -0.87143E+00
   0.13940E-01  -0.19909E+00   0.26170E+01  -0.62340E+00
   0.10840E-01   0.30144E+00   0.15481E+01  -0.53679E+00
   0.77416E-02   0.51725E+00   0.63625E+00  -0.44328E+00
   0.46441E-02   0.40664E+00   0.12753E+00  -0.28941E+00
   0.15479E-02   0.13740E+00  -0.10150E-01  -0.98482E-01
