   0.97049E+01   0.00000E+00   0.00000E+00   0.00000E+00   0.00000E+00  -0.58184E+00
   0.97222E+01   0.00000E+00   0.00000E+00   0.00000E+00   0.00000E+00  -0.58186E+00
   0.97396E+01   0.00000E+00   0.00000E+00   0.00000E+00   0.00000E+00  -0.58188E+00
   0.97569E+01   0.00000E+00   0.00000E+00   0.00000E+00   0.00000E+00  -0.58193E+00
   0.97743E+01   0.00000E+00   0.00000E+00   0.00000E+00   0.00000E+00  -0.58203E+00
   0.97917E+01   0.00000E+00   0.00000E+00   0.00000E+00   0.00000E+00  -0.58212E+00
   0.98090E+01   0.00000E+00   0.00000E+00   0.00000E+00   0.00000E+00  -0.58218E+00
   0.98264E+01   0.00000E+00   0.00000E+00   0.00000E+00   0.00000E+00  -0.58223E+00
   0.98438E+01   0.00000E+00   0.00000E+00   0.00000E+00   0.00000E+00  -0.58228E+00
   0.98611E+01   0.00000E+00   0.00000E+00   0.00000E+00   0.00000E+00  -0.58228E+00
   0.98785E+01   0.00000E+00   0.00000E+00   0.00000E+00   0.00000E+00  -0.58228E+00
   0.98958E+01   0.00000E+00   0.00000E+00   0.00000E+00   0.00000E+00  -0.58233E+00
   0.99132E+01   0.00000E+00   0.00000E+00   0.00000E+00   0.00000E+00  -0.58243E+00
   0.99306E+01   0.00000E+00   0.00000E+00   0.00000E+00   0.00000E+00  -0.58255E+00
   0.99479E+01   0.00000E+00   0.00000E+00   0.00000E+00   0.00000E+00  -0.58263E+00
   0.99653E+01   0.00000E+00   0.00000E+00   0.00000E+00   0.00000E+00  -0.58268E+00
   0.99826E+01   0.00000E+00   0.00000E+00   0.00000E+00   0.00000E+00  -0.58270E+00
   0.10000E+02   0.00000E+00   0.00000E+00   0.00000E+00   0.00000E+00  -0.58269E+00
