   0.19080E+02   0.00000E+00   0.00000E+00   0.00000E+00   0.00000E+00  -0.61526E+00
   0.19097E+02   0.00000E+00   0.00000E+00   0.00000E+00   0.00000E+00  -0.61535E+00
   0.19115E+02   0.00000E+00   0.00000E+00   0.00000E+00   0.00000E+00  -0.61523E+00
   0.19132E+02   0.00000E+00   0.00000E+00   0.00000E+00   0.00000E+00  -0.61502E+00
   0.19149E+02   0.00000E+00   0.00000E+00   0.00000E+00   0.00000E+00  -0.61495E+00
   0.19167E+02   0.00000E+00   0.00000E+00   0.00000E+00   0.00000E+00  -0.61509E+00
   0.19184E+02   0.00000E+00   0.00000E+00   0.00000E+00   0.00000E+00  -0.61527E+00
   0.19201E+02   0.00000E+00   0.00000E+00   0.00000E+00   0.00000E+00  -0.61540E+00
   0.19219E+02   0.00000E+00   0.00000E+00   0.00000E+00   0.00000E+00  -0.61553E+00
   0.19236E+02   0.00000E+00   0.00000E+00   0.00000E+00   0.00000E+00  -0.61566E+00
   0.19253E+02   0.00000E+00   0.00000E+00   0.00000E+00   0.00000E+00  -0.61573E+00
   0.19271E+02   0.00000E+00   0.00000E+00   0.00000E+00   0.00000E+00  -0.61568E+00
   0.19288E+02   0.00000E+00   0.00000E+00   0.00000E+00   0.00000E+00  -0.61561E+00
   0.19306E+02   0.00000E+00   0.00000E+00   0.00000E+00   0.00000E+00  -0.61563E+00
   0.19323E+02   0.00000E+00   0.00000E+00   0.00000E+00   0.00000E+00  -0.61573E+00
   0.19340E+02   0.00000E+00   0.00000E+00   0.00000E+00   0.00000E+00  -0.61578E+00
   0.19358E+02   0.00000E+00   0.00000E+00   0.00000E+00   0.00000E+00  -0.61580E+00
   0.19375E+02   0.00000E+00   0.00000E+00   0.00000E+00   0.00000E+00  -0.61588E+00
