   0.43924E+01   0.00000E+00   0.00000E+00   0.00000E+00   0.00000E+00  -0.57633E+00
   0.44097E+01   0.00000E+00   0.00000E+00   0.00000E+00   0.00000E+00  -0.57628E+00
   0.44271E+01   0.00000E+00   0.00000E+00   0.00000E+00   0.00000E+00  -0.57625E+00
   0.44444E+01   0.00000E+00   0.00000E+00   0.00000E+00   0.00000E+00  -0.57624E+00
   0.44618E+01   0.00000E+00   0.00000E+00   0.00000E+00   0.00000E+00  -0.57625E+00
   0.44792E+01   0.00000E+00   0.00000E+00   0.00000E+00   0.00000E+00  -0.57628E+00
   0.44965E+01   0.00000E+00   0.00000E+00   0.00000E+00   0.00000E+00  -0.57630E+00
   0.45139E+01   0.00000E+00   0.00000E+00   0.00000E+00   0.00000E+00  -0.57630E+00
   0.45312E+01   0.00000E+00   0.00000E+00   0.00000E+00   0.00000E+00  -0.57628E+00
   0.45486E+01   0.00000E+00   0.00000E+00   0.00000E+00   0.00000E+00  -0.57624E+00
   0.45660E+01   0.00000E+00   0.00000E+00   0.00000E+00   0.00000E+00  -0.57621E+00
   0.45833E+01   0.00000E+00   0.00000E+00   0.00000E+00   0.00000E+00  -0.57620E+00
   0.46007E+01   0.00000E+00   0.00000E+00   0.00000E+00   0.00000E+00  -0.57621E+00
   0.46181E+01   0.00000E+00   0.00000E+00   0.00000E+00   0.00000E+00  -0.57622E+00
   0.46354E+01   0.00000E+00   0.00000E+00   0.00000E+00   0.00000E+00  -0.57623E+00
   0.46528E+01   0.00000E+00   0.00000E+00   0.00000E+00   0.00000E+00  -0.57620E+00
   0.46701E+01   0.00000E+00   0.00000E+00   0.00000E+00   0.00000E+00  -0.57616E+00
   0.46875E+01   0.00000E+00   0.00000E+00   0.00000E+00   0.00000E+00  -0.57614E+00
