   0.18142E+02   0.00000E+00   0.00000E+00   0.00000E+00   0.00000E+00  -0.61216E+00
   0.18160E+02   0.00000E+00   0.00000E+00   0.00000E+00   0.00000E+00  -0.61217E+00
   0.18177E+02   0.00000E+00   0.00000E+00   0.00000E+00   0.00000E+00  -0.61218E+00
   0.18194E+02   0.00000E+00   0.00000E+00   0.00000E+00   0.00000E+00  -0.61222E+00
   0.18212E+02   0.00000E+00   0.00000E+00   0.00000E+00   0.00000E+00  -0.61233E+00
   0.18229E+02   0.00000E+00   0.00000E+00   0.00000E+00   0.00000E+00  -0.61249E+00
   0.18247E+02   0.00000E+00   0.00000E+00   0.00000E+00   0.00000E+00  -0.61259E+00
   0.18264E+02   0.00000E+00   0.00000E+00   0.00000E+00   0.00000E+00  -0.61263E+00
   0.18281E+02   0.00000E+00   0.00000E+00   0.00000E+00   0.00000E+00  -0.61268E+00
   0.18299E+02   0.00000E+00   0.00000E+00   0.00000E+00   0.00000E+00  -0.61272E+00
   0.18316E+02   0.00000E+00   0.00000E+00   0.00000E+00   0.00000E+00  -0.61269E+00
   0.18333E+02   0.00000E+00   0.00000E+00   0.00000E+00   0.00000E+00  -0.61260E+00
   0.18351E+02   0.00000E+00   0.00000E+00   0.00000E+00   0.00000E+00  -0.61254E+00
   0.18368E+02   0.00000E+00   0.00000E+00   0.00000E+00   0.00000E+00  -0.61266E+00
   0.18385E+02   0.00000E+00   0.00000E+00   0.00000E+00   0.00000E+00  -0.61293E+00
   0.18403E+02   0.00000E+00   0.00000E+00   0.00000E+00   0.00000E+00  -0.61320E+00
   0.18420E+02   0.00000E+00   0.00000E+00   0.00000E+00   0.00000E+00  -0.61332E+00
   0.18438E+02   0.00000E+00   0.00000E+00   0.00000E+00   0.00000E+00  -0.61329E+00
