   0.26267E+02   0.00000E+00   0.00000E+00   0.00000E+00   0.00000E+00  -0.62951E+00
   0.26285E+02   0.00000E+00   0.00000E+00   0.00000E+00   0.00000E+00  -0.62954E+00
   0.26302E+02   0.00000E+00   0.00000E+00   0.00000E+00   0.00000E+00  -0.62953E+00
   0.26319E+02   0.00000E+00   0.00000E+00   0.00000E+00   0.00000E+00  -0.62951E+00
   0.26337E+02   0.00000E+00   0.00000E+00   0.00000E+00   0.00000E+00  -0.62943E+00
   0.26354E+02   0.00000E+00   0.00000E+00   0.00000E+00   0.00000E+00  -0.62927E+00
   0.26372E+02   0.00000E+00   0.00000E+00   0.00000E+00   0.00000E+00  -0.62921E+00
   0.26389E+02   0.00000E+00   0.00000E+00   0.00000E+00   0.00000E+00  -0.62939E+00
   0.26406E+02   0.00000E+00   0.00000E+00   0.00000E+00   0.00000E+00  -0.62968E+00
   0.26424E+02   0.00000E+00   0.00000E+00   0.00000E+00   0.00000E+00  -0.62984E+00
   0.26441E+02   0.00000E+00   0.00000E+00   0.00000E+00   0.00000E+00  -0.62984E+00
   0.26458E+02   0.00000E+00   0.00000E+00   0.00000E+00   0.00000E+00  -0.62975E+00
   0.26476E+02   0.00000E+00   0.00000E+00   0.00000E+00   0.00000E+00  -0.62963E+00
   0.26493E+02   0.00000E+00   0.00000E+00   0.00000E+00   0.00000E+00  -0.62951E+00
   0.26510E+02   0.00000E+00   0.00000E+00   0.00000E+00   0.00000E+00  -0.62948E+00
   0.26528E+02   0.00000E+00   0.00000E+00   0.00000E+00   0.00000E+00  -0.62956E+00
   0.26545E+02   0.00000E+00   0.00000E+00   0.00000E+00   0.00000E+00  -0.62966E+00
   0.26562E+02   0.00000E+00   0.00000E+00   0.00000E+00   0.00000E+00  -0.62971E+00
