   0.64236E+00   0.00000E+00   0.00000E+00   0.00000E+00   0.00000E+00  -0.47910E+00
   0.65972E+00   0.00000E+00   0.00000E+00   0.00000E+00   0.00000E+00  -0.48034E+00
   0.67708E+00   0.00000E+00   0.00000E+00   0.00000E+00   0.00000E+00  -0.48159E+00
   0.69444E+00   0.00000E+00   0.00000E+00   0.00000E+00   0.00000E+00  -0.48285E+00
   0.71181E+00   0.00000E+00   0.00000E+00   0.00000E+00   0.00000E+00  -0.48411E+00
   0.72917E+00   0.00000E+00   0.00000E+00   0.00000E+00   0.00000E+00  -0.48535E+00
   0.74653E+00   0.00000E+00   0.00000E+00   0.00000E+00   0.00000E+00  -0.48654E+00
   0.76389E+00   0.00000E+00   0.00000E+00   0.00000E+00   0.00000E+00  -0.48770E+00
   0.78125E+00   0.00000E+00   0.00000E+00   0.00000E+00   0.00000E+00  -0.48887E+00
   0.79861E+00   0.00000E+00   0.00000E+00   0.00000E+00   0.00000E+00  -0.49008E+00
   0.81597E+00   0.00000E+00   0.00000E+00   0.00000E+00   0.00000E+00  -0.49131E+00
   0.83333E+00   0.00000E+00   0.00000E+00   0.00000E+00   0.00000E+00  -0.49254E+00
   0.85069E+00   0.00000E+00   0.00000E+00   0.00000E+00   0.00000E+00  -0.49374E+00
   0.86806E+00   0.00000E+00   0.00000E+00   0.00000E+00   0.00000E+00  -0.49489E+00
   0.88542E+00   0.00000E+00   0.00000E+00   0.00000E+00   0.00000E+00  -0.49602E+00
   0.90278E+00   0.00000E+00   0.00000E+00   0.00000E+00   0.00000E+00  -0.49712E+00
   0.92014E+00   0.00000E+00   0.00000E+00   0.00000E+00   0.00000E+00  -0.49823E+00
   0.93750E+00   0.00000E+00   0.00000E+00   0.00000E+00   0.00000E+00  -0.49934E+00
