   0.25955E+02   0.00000E+00   0.00000E+00   0.00000E+00   0.00000E+00  -0.62895E+00
   0.25972E+02   0.00000E+00   0.00000E+00   0.00000E+00   0.00000E+00  -0.62910E+00
   0.25990E+02   0.00000E+00   0.00000E+00   0.00000E+00   0.00000E+00  -0.62924E+00
   0.26007E+02   0.00000E+00   0.00000E+00   0.00000E+00   0.00000E+00  -0.62925E+00
   0.26024E+02   0.00000E+00   0.00000E+00   0.00000E+00   0.00000E+00  -0.62923E+00
   0.26042E+02   0.00000E+00   0.00000E+00   0.00000E+00   0.00000E+00  -0.62921E+00
   0.26059E+02   0.00000E+00   0.00000E+00   0.00000E+00   0.00000E+00  -0.62915E+00
   0.26076E+02   0.00000E+00   0.00000E+00   0.00000E+00   0.00000E+00  -0.62906E+00
   0.26094E+02   0.00000E+00   0.00000E+00   0.00000E+00   0.00000E+00  -0.62903E+00
   0.26111E+02   0.00000E+00   0.00000E+00   0.00000E+00   0.00000E+00  -0.62911E+00
   0.26128E+02   0.00000E+00   0.00000E+00   0.00000E+00   0.00000E+00  -0.62928E+00
   0.26146E+02   0.00000E+00   0.00000E+00   0.00000E+00   0.00000E+00  -0.62942E+00
   0.26163E+02   0.00000E+00   0.00000E+00   0.00000E+00   0.00000E+00  -0.62942E+00
   0.26181E+02   0.00000E+00   0.00000E+00   0.00000E+00   0.00000E+00  -0.62932E+00
   0.26198E+02   0.00000E+00   0.00000E+00   0.00000E+00   0.00000E+00  -0.62924E+00
   0.26215E+02   0.00000E+00   0.00000E+00   0.00000E+00   0.00000E+00  -0.62924E+00
   0.26233E+02   0.00000E+00   0.00000E+00   0.00000E+00   0.00000E+00  -0.62930E+00
   0.26250E+02   0.00000E+00   0.00000E+00   0.00000E+00   0.00000E+00  -0.62942E+00
