   0.29392E+02   0.00000E+00   0.00000E+00   0.00000E+00   0.00000E+00  -0.63129E+00
   0.29410E+02   0.00000E+00   0.00000E+00   0.00000E+00   0.00000E+00  -0.63137E+00
   0.29427E+02   0.00000E+00   0.00000E+00   0.00000E+00   0.00000E+00  -0.63152E+00
   0.29444E+02   0.00000E+00   0.00000E+00   0.00000E+00   0.00000E+00  -0.63168E+00
   0.29462E+02   0.00000E+00   0.00000E+00   0.00000E+00   0.00000E+00  -0.63165E+00
   0.29479E+02   0.00000E+00   0.00000E+00   0.00000E+00   0.00000E+00  -0.63137E+00
   0.29497E+02   0.00000E+00   0.00000E+00   0.00000E+00   0.00000E+00  -0.63110E+00
   0.29514E+02   0.00000E+00   0.00000E+00   0.00000E+00   0.00000E+00  -0.63104E+00
   0.29531E+02   0.00000E+00   0.00000E+00   0.00000E+00   0.00000E+00  -0.63116E+00
   0.29549E+02   0.00000E+00   0.00000E+00   0.00000E+00   0.00000E+00  -0.63125E+00
   0.29566E+02   0.00000E+00   0.00000E+00   0.00000E+00   0.00000E+00  -0.63123E+00
   0.29583E+02   0.00000E+00   0.00000E+00   0.00000E+00   0.00000E+00  -0.63121E+00
   0.29601E+02   0.00000E+00   0.00000E+00   0.00000E+00   0.00000E+00  -0.63120E+00
   0.29618E+02   0.00000E+00   0.00000E+00   0.00000E+00   0.00000E+00  -0.63116E+00
   0.29635E+02   0.00000E+00   0.00000E+00   0.00000E+00   0.00000E+00  -0.63111E+00
   0.29653E+02   0.00000E+00   0.00000E+00   0.00000E+00   0.00000E+00  -0.63111E+00
   0.29670E+02   0.00000E+00   0.00000E+00   0.00000E+00   0.00000E+00  -0.63112E+00
   0.29688E+02   0.00000E+00   0.00000E+00   0.00000E+00   0.00000E+00  -0.63111E+00
