   0.28299E+01   0.00000E+00   0.00000E+00   0.00000E+00   0.00000E+00  -0.56906E+00
   0.28472E+01   0.00000E+00   0.00000E+00   0.00000E+00   0.00000E+00  -0.56933E+00
   0.28646E+01   0.00000E+00   0.00000E+00   0.00000E+00   0.00000E+00  -0.56957E+00
   0.28819E+01   0.00000E+00   0.00000E+00   0.00000E+00   0.00000E+00  -0.56981E+00
   0.28993E+01   0.00000E+00   0.00000E+00   0.00000E+00   0.00000E+00  -0.57004E+00
   0.29167E+01   0.00000E+00   0.00000E+00   0.00000E+00   0.00000E+00  -0.57024E+00
   0.29340E+01   0.00000E+00   0.00000E+00   0.00000E+00   0.00000E+00  -0.57044E+00
   0.29514E+01   0.00000E+00   0.00000E+00   0.00000E+00   0.00000E+00  -0.57065E+00
   0.29688E+01   0.00000E+00   0.00000E+00   0.00000E+00   0.00000E+00  -0.57088E+00
   0.29861E+01   0.00000E+00   0.00000E+00   0.00000E+00   0.00000E+00  -0.57110E+00
   0.30035E+01   0.00000E+00   0.00000E+00   0.00000E+00   0.00000E+00  -0.57133E+00
   0.30208E+01   0.00000E+00   0.00000E+00   0.00000E+00   0.00000E+00  -0.57156E+00
   0.30382E+01   0.00000E+00   0.00000E+00   0.00000E+00   0.00000E+00  -0.57174E+00
   0.30556E+01   0.00000E+00   0.00000E+00   0.00000E+00   0.00000E+00  -0.57188E+00
   0.30729E+01   0.00000E+00   0.00000E+00   0.00000E+00   0.00000E+00  -0.57200E+00
   0.30903E+01   0.00000E+00   0.00000E+00   0.00000E+00   0.00000E+00  -0.57217E+00
   0.31076E+01   0.00000E+00   0.00000E+00   0.00000E+00   0.00000E+00  -0.57238E+00
   0.31250E+01   0.00000E+00   0.00000E+00   0.00000E+00   0.00000E+00  -0.57259E+00
