   0.12205E+02   0.00000E+00   0.00000E+00   0.00000E+00   0.00000E+00  -0.59098E+00
   0.12222E+02   0.00000E+00   0.00000E+00   0.00000E+00   0.00000E+00  -0.59105E+00
   0.12240E+02   0.00000E+00   0.00000E+00   0.00000E+00   0.00000E+00  -0.59113E+00
   0.12257E+02   0.00000E+00   0.00000E+00   0.00000E+00   0.00000E+00  -0.59121E+00
   0.12274E+02   0.00000E+00   0.00000E+00   0.00000E+00   0.00000E+00  -0.59124E+00
   0.12292E+02   0.00000E+00   0.00000E+00   0.00000E+00   0.00000E+00  -0.59128E+00
   0.12309E+02   0.00000E+00   0.00000E+00   0.00000E+00   0.00000E+00  -0.59140E+00
   0.12326E+02   0.00000E+00   0.00000E+00   0.00000E+00   0.00000E+00  -0.59155E+00
   0.12344E+02   0.00000E+00   0.00000E+00   0.00000E+00   0.00000E+00  -0.59161E+00
   0.12361E+02   0.00000E+00   0.00000E+00   0.00000E+00   0.00000E+00  -0.59162E+00
   0.12378E+02   0.00000E+00   0.00000E+00   0.00000E+00   0.00000E+00  -0.59164E+00
   0.12396E+02   0.00000E+00   0.00000E+00   0.00000E+00   0.00000E+00  -0.59167E+00
   0.12413E+02   0.00000E+00   0.00000E+00   0.00000E+00   0.00000E+00  -0.59172E+00
   0.12431E+02   0.00000E+00   0.00000E+00   0.00000E+00   0.00000E+00  -0.59180E+00
   0.12448E+02   0.00000E+00   0.00000E+00   0.00000E+00   0.00000E+00  -0.59190E+00
   0.12465E+02   0.00000E+00   0.00000E+00   0.00000E+00   0.00000E+00  -0.59201E+00
   0.12483E+02   0.00000E+00   0.00000E+00   0.00000E+00   0.00000E+00  -0.59211E+00
   0.12500E+02   0.00000E+00   0.00000E+00   0.00000E+00   0.00000E+00  -0.59217E+00
