   0.16267E+02   0.00000E+00   0.00000E+00   0.00000E+00   0.00000E+00  -0.60545E+00
   0.16285E+02   0.00000E+00   0.00000E+00   0.00000E+00   0.00000E+00  -0.60551E+00
   0.16302E+02   0.00000E+00   0.00000E+00   0.00000E+00   0.00000E+00  -0.60559E+00
   0.16319E+02   0.00000E+00   0.00000E+00   0.00000E+00   0.00000E+00  -0.60566E+00
   0.16337E+02   0.00000E+00   0.00000E+00   0.00000E+00   0.00000E+00  -0.60572E+00
   0.16354E+02   0.00000E+00   0.00000E+00   0.00000E+00   0.00000E+00  -0.60581E+00
   0.16372E+02   0.00000E+00   0.00000E+00   0.00000E+00   0.00000E+00  -0.60592E+00
   0.16389E+02   0.00000E+00   0.00000E+00   0.00000E+00   0.00000E+00  -0.60602E+00
   0.16406E+02   0.00000E+00   0.00000E+00   0.00000E+00   0.00000E+00  -0.60605E+00
   0.16424E+02   0.00000E+00   0.00000E+00   0.00000E+00   0.00000E+00  -0.60603E+00
   0.16441E+02   0.00000E+00   0.00000E+00   0.00000E+00   0.00000E+00  -0.60604E+00
   0.16458E+02   0.00000E+00   0.00000E+00   0.00000E+00   0.00000E+00  -0.60608E+00
   0.16476E+02   0.00000E+00   0.00000E+00   0.00000E+00   0.00000E+00  -0.60614E+00
   0.16493E+02   0.00000E+00   0.00000E+00   0.00000E+00   0.00000E+00  -0.60624E+00
   0.16510E+02   0.00000E+00   0.00000E+00   0.00000E+00   0.00000E+00  -0.60642E+00
   0.16528E+02   0.00000E+00   0.00000E+00   0.00000E+00   0.00000E+00  -0.60658E+00
   0.16545E+02   0.00000E+00   0.00000E+00   0.00000E+00   0.00000E+00  -0.60664E+00
   0.16562E+02   0.00000E+00   0.00000E+00   0.00000E+00   0.00000E+00  -0.60661E+00
