   0.34549E+01   0.00000E+00   0.00000E+00   0.00000E+00   0.00000E+00  -0.57460E+00
   0.34722E+01   0.00000E+00   0.00000E+00   0.00000E+00   0.00000E+00  -0.57468E+00
   0.34896E+01   0.00000E+00   0.00000E+00   0.00000E+00   0.00000E+00  -0.57482E+00
   0.35069E+01   0.00000E+00   0.00000E+00   0.00000E+00   0.00000E+00  -0.57499E+00
   0.35243E+01   0.00000E+00   0.00000E+00   0.00000E+00   0.00000E+00  -0.57514E+00
   0.35417E+01   0.00000E+00   0.00000E+00   0.00000E+00   0.00000E+00  -0.57522E+00
   0.35590E+01   0.00000E+00   0.00000E+00   0.00000E+00   0.00000E+00  -0.57522E+00
   0.35764E+01   0.00000E+00   0.00000E+00   0.00000E+00   0.00000E+00  -0.57519E+00
   0.35938E+01   0.00000E+00   0.00000E+00   0.00000E+00   0.00000E+00  -0.57522E+00
   0.36111E+01   0.00000E+00   0.00000E+00   0.00000E+00   0.00000E+00  -0.57533E+00
   0.36285E+01   0.00000E+00   0.00000E+00   0.00000E+00   0.00000E+00  -0.57548E+00
   0.36458E+01   0.00000E+00   0.00000E+00   0.00000E+00   0.00000E+00  -0.57562E+00
   0.36632E+01   0.00000E+00   0.00000E+00   0.00000E+00   0.00000E+00  -0.57569E+00
   0.36806E+01   0.00000E+00   0.00000E+00   0.00000E+00   0.00000E+00  -0.57570E+00
   0.36979E+01   0.00000E+00   0.00000E+00   0.00000E+00   0.00000E+00  -0.57570E+00
   0.37153E+01   0.00000E+00   0.00000E+00   0.00000E+00   0.00000E+00  -0.57573E+00
   0.37326E+01   0.00000E+00   0.00000E+00   0.00000E+00   0.00000E+00  -0.57578E+00
   0.37500E+01   0.00000E+00   0.00000E+00   0.00000E+00   0.00000E+00  -0.57585E+00
