   0.28142E+02   0.00000E+00   0.00000E+00   0.00000E+00   0.00000E+00  -0.63111E+00
   0.28160E+02   0.00000E+00   0.00000E+00   0.00000E+00   0.00000E+00  -0.63108E+00
   0.28177E+02   0.00000E+00   0.00000E+00   0.00000E+00   0.00000E+00  -0.63112E+00
   0.28194E+02   0.00000E+00   0.00000E+00   0.00000E+00   0.00000E+00  -0.63113E+00
   0.28212E+02   0.00000E+00   0.00000E+00   0.00000E+00   0.00000E+00  -0.63107E+00
   0.28229E+02   0.00000E+00   0.00000E+00   0.00000E+00   0.00000E+00  -0.63104E+00
   0.28247E+02   0.00000E+00   0.00000E+00   0.00000E+00   0.00000E+00  -0.63108E+00
   0.28264E+02   0.00000E+00   0.00000E+00   0.00000E+00   0.00000E+00  -0.63112E+00
   0.28281E+02   0.00000E+00   0.00000E+00   0.00000E+00   0.00000E+00  -0.63114E+00
   0.28299E+02   0.00000E+00   0.00000E+00   0.00000E+00   0.00000E+00  -0.63116E+00
   0.28316E+02   0.00000E+00   0.00000E+00   0.00000E+00   0.00000E+00  -0.63125E+00
   0.28333E+02   0.00000E+00   0.00000E+00   0.00000E+00   0.00000E+00  -0.63138E+00
   0.28351E+02   0.00000E+00   0.00000E+00   0.00000E+00   0.00000E+00  -0.63141E+00
   0.28368E+02   0.00000E+00   0.00000E+00   0.00000E+00   0.00000E+00  -0.63127E+00
   0.28385E+02   0.00000E+00   0.00000E+00   0.00000E+00   0.00000E+00  -0.63111E+00
   0.28403E+02   0.00000E+00   0.00000E+00   0.00000E+00   0.00000E+00  -0.63099E+00
   0.28420E+02   0.00000E+00   0.00000E+00   0.00000E+00   0.00000E+00  -0.63094E+00
   0.28438E+02   0.00000E+00   0.00000E+00   0.00000E+00   0.00000E+00  -0.63100E+00
