   0.23142E+02   0.00000E+00   0.00000E+00   0.00000E+00   0.00000E+00  -0.62584E+00
   0.23160E+02   0.00000E+00   0.00000E+00   0.00000E+00   0.00000E+00  -0.62573E+00
   0.23177E+02   0.00000E+00   0.00000E+00   0.00000E+00   0.00000E+00  -0.62558E+00
   0.23194E+02   0.00000E+00   0.00000E+00   0.00000E+00   0.00000E+00  -0.62547E+00
   0.23212E+02   0.00000E+00   0.00000E+00   0.00000E+00   0.00000E+00  -0.62542E+00
   0.23229E+02   0.00000E+00   0.00000E+00   0.00000E+00   0.00000E+00  -0.62544E+00
   0.23247E+02   0.00000E+00   0.00000E+00   0.00000E+00   0.00000E+00  -0.62558E+00
   0.23264E+02   0.00000E+00   0.00000E+00   0.00000E+00   0.00000E+00  -0.62578E+00
   0.23281E+02   0.00000E+00   0.00000E+00   0.00000E+00   0.00000E+00  -0.62596E+00
   0.23299E+02   0.00000E+00   0.00000E+00   0.00000E+00   0.00000E+00  -0.62603E+00
   0.23316E+02   0.00000E+00   0.00000E+00   0.00000E+00   0.00000E+00  -0.62598E+00
   0.23333E+02   0.00000E+00   0.00000E+00   0.00000E+00   0.00000E+00  -0.62586E+00
   0.23351E+02   0.00000E+00   0.00000E+00   0.00000E+00   0.00000E+00  -0.62573E+00
   0.23368E+02   0.00000E+00   0.00000E+00   0.00000E+00   0.00000E+00  -0.62568E+00
   0.23385E+02   0.00000E+00   0.00000E+00   0.00000E+00   0.00000E+00  -0.62574E+00
   0.23403E+02   0.00000E+00   0.00000E+00   0.00000E+00   0.00000E+00  -0.62584E+00
   0.23420E+02   0.00000E+00   0.00000E+00   0.00000E+00   0.00000E+00  -0.62596E+00
   0.23438E+02   0.00000E+00   0.00000E+00   0.00000E+00   0.00000E+00  -0.62607E+00
