   0.23767E+02   0.00000E+00   0.00000E+00   0.00000E+00   0.00000E+00  -0.62659E+00
   0.23785E+02   0.00000E+00   0.00000E+00   0.00000E+00   0.00000E+00  -0.62653E+00
   0.23802E+02   0.00000E+00   0.00000E+00   0.00000E+00   0.00000E+00  -0.62651E+00
   0.23819E+02   0.00000E+00   0.00000E+00   0.00000E+00   0.00000E+00  -0.62652E+00
   0.23837E+02   0.00000E+00   0.00000E+00   0.00000E+00   0.00000E+00  -0.62656E+00
   0.23854E+02   0.00000E+00   0.00000E+00   0.00000E+00   0.00000E+00  -0.62673E+00
   0.23872E+02   0.00000E+00   0.00000E+00   0.00000E+00   0.00000E+00  -0.62698E+00
   0.23889E+02   0.00000E+00   0.00000E+00   0.00000E+00   0.00000E+00  -0.62710E+00
   0.23906E+02   0.00000E+00   0.00000E+00   0.00000E+00   0.00000E+00  -0.62701E+00
   0.23924E+02   0.00000E+00   0.00000E+00   0.00000E+00   0.00000E+00  -0.62686E+00
   0.23941E+02   0.00000E+00   0.00000E+00   0.00000E+00   0.00000E+00  -0.62672E+00
   0.23958E+02   0.00000E+00   0.00000E+00   0.00000E+00   0.00000E+00  -0.62662E+00
   0.23976E+02   0.00000E+00   0.00000E+00   0.00000E+00   0.00000E+00  -0.62666E+00
   0.23993E+02   0.00000E+00   0.00000E+00   0.00000E+00   0.00000E+00  -0.62683E+00
   0.24010E+02   0.00000E+00   0.00000E+00   0.00000E+00   0.00000E+00  -0.62704E+00
   0.24028E+02   0.00000E+00   0.00000E+00   0.00000E+00   0.00000E+00  -0.62720E+00
   0.24045E+02   0.00000E+00   0.00000E+00   0.00000E+00   0.00000E+00  -0.62727E+00
   0.24062E+02   0.00000E+00   0.00000E+00   0.00000E+00   0.00000E+00  -0.62726E+00
