   0.18924E+01   0.00000E+00   0.00000E+00   0.00000E+00   0.00000E+00  -0.54669E+00
   0.19097E+01   0.00000E+00   0.00000E+00   0.00000E+00   0.00000E+00  -0.54727E+00
   0.19271E+01   0.00000E+00   0.00000E+00   0.00000E+00   0.00000E+00  -0.54784E+00
   0.19444E+01   0.00000E+00   0.00000E+00   0.00000E+00   0.00000E+00  -0.54844E+00
   0.19618E+01   0.00000E+00   0.00000E+00   0.00000E+00   0.00000E+00  -0.54909E+00
   0.19792E+01   0.00000E+00   0.00000E+00   0.00000E+00   0.00000E+00  -0.54972E+00
   0.19965E+01   0.00000E+00   0.00000E+00   0.00000E+00   0.00000E+00  -0.55030E+00
   0.20139E+01   0.00000E+00   0.00000E+00   0.00000E+00   0.00000E+00  -0.55082E+00
   0.20312E+01   0.00000E+00   0.00000E+00   0.00000E+00   0.00000E+00  -0.55132E+00
   0.20486E+01   0.00000E+00   0.00000E+00   0.00000E+00   0.00000E+00  -0.55184E+00
   0.20660E+01   0.00000E+00   0.00000E+00   0.00000E+00   0.00000E+00  -0.55242E+00
   0.20833E+01   0.00000E+00   0.00000E+00   0.00000E+00   0.00000E+00  -0.55302E+00
   0.21007E+01   0.00000E+00   0.00000E+00   0.00000E+00   0.00000E+00  -0.55358E+00
   0.21181E+01   0.00000E+00   0.00000E+00   0.00000E+00   0.00000E+00  -0.55407E+00
   0.21354E+01   0.00000E+00   0.00000E+00   0.00000E+00   0.00000E+00  -0.55451E+00
   0.21528E+01   0.00000E+00   0.00000E+00   0.00000E+00   0.00000E+00  -0.55497E+00
   0.21701E+01   0.00000E+00   0.00000E+00   0.00000E+00   0.00000E+00  -0.55545E+00
   0.21875E+01   0.00000E+00   0.00000E+00   0.00000E+00   0.00000E+00  -0.55595E+00
