   0.21580E+02   0.00000E+00   0.00000E+00   0.00000E+00   0.00000E+00  -0.62186E+00
   0.21597E+02   0.00000E+00   0.00000E+00   0.00000E+00   0.00000E+00  -0.62187E+00
   0.21615E+02   0.00000E+00   0.00000E+00   0.00000E+00   0.00000E+00  -0.62206E+00
   0.21632E+02   0.00000E+00   0.00000E+00   0.00000E+00   0.00000E+00  -0.62232E+00
   0.21649E+02   0.00000E+00   0.00000E+00   0.00000E+00   0.00000E+00  -0.62246E+00
   0.21667E+02   0.00000E+00   0.00000E+00   0.00000E+00   0.00000E+00  -0.62249E+00
   0.21684E+02   0.00000E+00   0.00000E+00   0.00000E+00   0.00000E+00  -0.62253E+00
   0.21701E+02   0.00000E+00   0.00000E+00   0.00000E+00   0.00000E+00  -0.62254E+00
   0.21719E+02   0.00000E+00   0.00000E+00   0.00000E+00   0.00000E+00  -0.62247E+00
   0.21736E+02   0.00000E+00   0.00000E+00   0.00000E+00   0.00000E+00  -0.62237E+00
   0.21753E+02   0.00000E+00   0.00000E+00   0.00000E+00   0.00000E+00  -0.62237E+00
   0.21771E+02   0.00000E+00   0.00000E+00   0.00000E+00   0.00000E+00  -0.62249E+00
   0.21788E+02   0.00000E+00   0.00000E+00   0.00000E+00   0.00000E+00  -0.62267E+00
   0.21806E+02   0.00000E+00   0.00000E+00   0.00000E+00   0.00000E+00  -0.62276E+00
   0.21823E+02   0.00000E+00   0.00000E+00   0.00000E+00   0.00000E+00  -0.62273E+00
   0.21840E+02   0.00000E+00   0.00000E+00   0.00000E+00   0.00000E+00  -0.62269E+00
   0.21858E+02   0.00000E+00   0.00000E+00   0.00000E+00   0.00000E+00  -0.62276E+00
   0.21875E+02   0.00000E+00   0.00000E+00   0.00000E+00   0.00000E+00  -0.62287E+00
