   0.29705E+02   0.00000E+00   0.00000E+00   0.00000E+00   0.00000E+00  -0.63100E+00
   0.29722E+02   0.00000E+00   0.00000E+00   0.00000E+00   0.00000E+00  -0.63083E+00
   0.29740E+02   0.00000E+00   0.00000E+00   0.00000E+00   0.00000E+00  -0.63068E+00
   0.29757E+02   0.00000E+00   0.00000E+00   0.00000E+00   0.00000E+00  -0.63068E+00
   0.29774E+02   0.00000E+00   0.00000E+00   0.00000E+00   0.00000E+00  -0.63069E+00
   0.29792E+02   0.00000E+00   0.00000E+00   0.00000E+00   0.00000E+00  -0.63073E+00
   0.29809E+02   0.00000E+00   0.00000E+00   0.00000E+00   0.00000E+00  -0.63067E+00
   0.29826E+02   0.00000E+00   0.00000E+00   0.00000E+00   0.00000E+00  -0.63071E+00
   0.29844E+02   0.00000E+00   0.00000E+00   0.00000E+00   0.00000E+00  -0.63059E+00
   0.29861E+02   0.00000E+00   0.00000E+00   0.00000E+00   0.00000E+00  -0.63032E+00
   0.29878E+02   0.00000E+00   0.00000E+00   0.00000E+00   0.00000E+00  -0.63013E+00
   0.29896E+02   0.00000E+00   0.00000E+00   0.00000E+00   0.00000E+00  -0.62968E+00
   0.29913E+02   0.00000E+00   0.00000E+00   0.00000E+00   0.00000E+00  -0.62993E+00
   0.29931E+02   0.00000E+00   0.00000E+00   0.00000E+00   0.00000E+00  -0.62931E+00
   0.29948E+02   0.00000E+00   0.00000E+00   0.00000E+00   0.00000E+00  -0.62951E+00
   0.29965E+02   0.00000E+00   0.00000E+00   0.00000E+00   0.00000E+00  -0.62882E+00
