   0.65799E+01   0.00000E+00   0.00000E+00   0.00000E+00   0.00000E+00  -0.57578E+00
   0.65972E+01   0.00000E+00   0.00000E+00   0.00000E+00   0.00000E+00  -0.57584E+00
   0.66146E+01   0.00000E+00   0.00000E+00   0.00000E+00   0.00000E+00  -0.57591E+00
   0.66319E+01   0.00000E+00   0.00000E+00   0.00000E+00   0.00000E+00  -0.57595E+00
   0.66493E+01   0.00000E+00   0.00000E+00   0.00000E+00   0.00000E+00  -0.57593E+00
   0.66667E+01   0.00000E+00   0.00000E+00   0.00000E+00   0.00000E+00  -0.57588E+00
   0.66840E+01   0.00000E+00   0.00000E+00   0.00000E+00   0.00000E+00  -0.57585E+00
   0.67014E+01   0.00000E+00   0.00000E+00   0.00000E+00   0.00000E+00  -0.57584E+00
   0.67188E+01   0.00000E+00   0.00000E+00   0.00000E+00   0.00000E+00  -0.57585E+00
   0.67361E+01   0.00000E+00   0.00000E+00   0.00000E+00   0.00000E+00  -0.57588E+00
   0.67535E+01   0.00000E+00   0.00000E+00   0.00000E+00   0.00000E+00  -0.57591E+00
   0.67708E+01   0.00000E+00   0.00000E+00   0.00000E+00   0.00000E+00  -0.57593E+00
   0.67882E+01   0.00000E+00   0.00000E+00   0.00000E+00   0.00000E+00  -0.57594E+00
   0.68056E+01   0.00000E+00   0.00000E+00   0.00000E+00   0.00000E+00  -0.57594E+00
   0.68229E+01   0.00000E+00   0.00000E+00   0.00000E+00   0.00000E+00  -0.57592E+00
   0.68403E+01   0.00000E+00   0.00000E+00   0.00000E+00   0.00000E+00  -0.57589E+00
   0.68576E+01   0.00000E+00   0.00000E+00   0.00000E+00   0.00000E+00  -0.57588E+00
   0.68750E+01   0.00000E+00   0.00000E+00   0.00000E+00   0.00000E+00  -0.57590E+00
