   0.23455E+02   0.00000E+00   0.00000E+00   0.00000E+00   0.00000E+00  -0.62611E+00
   0.23472E+02   0.00000E+00   0.00000E+00   0.00000E+00   0.00000E+00  -0.62610E+00
   0.23490E+02   0.00000E+00   0.00000E+00   0.00000E+00   0.00000E+00  -0.62605E+00
   0.23507E+02   0.00000E+00   0.00000E+00   0.00000E+00   0.00000E+00  -0.62603E+00
   0.23524E+02   0.00000E+00   0.00000E+00   0.00000E+00   0.00000E+00  -0.62606E+00
   0.23542E+02   0.00000E+00   0.00000E+00   0.00000E+00   0.00000E+00  -0.62614E+00
   0.23559E+02   0.00000E+00   0.00000E+00   0.00000E+00   0.00000E+00  -0.62627E+00
   0.23576E+02   0.00000E+00   0.00000E+00   0.00000E+00   0.00000E+00  -0.62631E+00
   0.23594E+02   0.00000E+00   0.00000E+00   0.00000E+00   0.00000E+00  -0.62626E+00
   0.23611E+02   0.00000E+00   0.00000E+00   0.00000E+00   0.00000E+00  -0.62624E+00
   0.23628E+02   0.00000E+00   0.00000E+00   0.00000E+00   0.00000E+00  -0.62627E+00
   0.23646E+02   0.00000E+00   0.00000E+00   0.00000E+00   0.00000E+00  -0.62632E+00
   0.23663E+02   0.00000E+00   0.00000E+00   0.00000E+00   0.00000E+00  -0.62639E+00
   0.23681E+02   0.00000E+00   0.00000E+00   0.00000E+00   0.00000E+00  -0.62647E+00
   0.23698E+02   0.00000E+00   0.00000E+00   0.00000E+00   0.00000E+00  -0.62654E+00
   0.23715E+02   0.00000E+00   0.00000E+00   0.00000E+00   0.00000E+00  -0.62659E+00
   0.23733E+02   0.00000E+00   0.00000E+00   0.00000E+00   0.00000E+00  -0.62664E+00
   0.23750E+02   0.00000E+00   0.00000E+00   0.00000E+00   0.00000E+00  -0.62665E+00
