   0.10955E+02   0.00000E+00   0.00000E+00   0.00000E+00   0.00000E+00  -0.58628E+00
   0.10972E+02   0.00000E+00   0.00000E+00   0.00000E+00   0.00000E+00  -0.58633E+00
   0.10990E+02   0.00000E+00   0.00000E+00   0.00000E+00   0.00000E+00  -0.58637E+00
   0.11007E+02   0.00000E+00   0.00000E+00   0.00000E+00   0.00000E+00  -0.58639E+00
   0.11024E+02   0.00000E+00   0.00000E+00   0.00000E+00   0.00000E+00  -0.58643E+00
   0.11042E+02   0.00000E+00   0.00000E+00   0.00000E+00   0.00000E+00  -0.58653E+00
   0.11059E+02   0.00000E+00   0.00000E+00   0.00000E+00   0.00000E+00  -0.58665E+00
   0.11076E+02   0.00000E+00   0.00000E+00   0.00000E+00   0.00000E+00  -0.58673E+00
   0.11094E+02   0.00000E+00   0.00000E+00   0.00000E+00   0.00000E+00  -0.58679E+00
   0.11111E+02   0.00000E+00   0.00000E+00   0.00000E+00   0.00000E+00  -0.58688E+00
   0.11128E+02   0.00000E+00   0.00000E+00   0.00000E+00   0.00000E+00  -0.58696E+00
   0.11146E+02   0.00000E+00   0.00000E+00   0.00000E+00   0.00000E+00  -0.58701E+00
   0.11163E+02   0.00000E+00   0.00000E+00   0.00000E+00   0.00000E+00  -0.58706E+00
   0.11181E+02   0.00000E+00   0.00000E+00   0.00000E+00   0.00000E+00  -0.58710E+00
   0.11198E+02   0.00000E+00   0.00000E+00   0.00000E+00   0.00000E+00  -0.58715E+00
   0.11215E+02   0.00000E+00   0.00000E+00   0.00000E+00   0.00000E+00  -0.58723E+00
   0.11233E+02   0.00000E+00   0.00000E+00   0.00000E+00   0.00000E+00  -0.58734E+00
   0.11250E+02   0.00000E+00   0.00000E+00   0.00000E+00   0.00000E+00  -0.58744E+00
