   0.14080E+02   0.00000E+00   0.00000E+00   0.00000E+00   0.00000E+00  -0.59790E+00
   0.14097E+02   0.00000E+00   0.00000E+00   0.00000E+00   0.00000E+00  -0.59792E+00
   0.14115E+02   0.00000E+00   0.00000E+00   0.00000E+00   0.00000E+00  -0.59796E+00
   0.14132E+02   0.00000E+00   0.00000E+00   0.00000E+00   0.00000E+00  -0.59799E+00
   0.14149E+02   0.00000E+00   0.00000E+00   0.00000E+00   0.00000E+00  -0.59807E+00
   0.14167E+02   0.00000E+00   0.00000E+00   0.00000E+00   0.00000E+00  -0.59825E+00
   0.14184E+02   0.00000E+00   0.00000E+00   0.00000E+00   0.00000E+00  -0.59839E+00
   0.14201E+02   0.00000E+00   0.00000E+00   0.00000E+00   0.00000E+00  -0.59839E+00
   0.14219E+02   0.00000E+00   0.00000E+00   0.00000E+00   0.00000E+00  -0.59831E+00
   0.14236E+02   0.00000E+00   0.00000E+00   0.00000E+00   0.00000E+00  -0.59830E+00
   0.14253E+02   0.00000E+00   0.00000E+00   0.00000E+00   0.00000E+00  -0.59840E+00
   0.14271E+02   0.00000E+00   0.00000E+00   0.00000E+00   0.00000E+00  -0.59852E+00
   0.14288E+02   0.00000E+00   0.00000E+00   0.00000E+00   0.00000E+00  -0.59864E+00
   0.14306E+02   0.00000E+00   0.00000E+00   0.00000E+00   0.00000E+00  -0.59880E+00
   0.14323E+02   0.00000E+00   0.00000E+00   0.00000E+00   0.00000E+00  -0.59889E+00
   0.14340E+02   0.00000E+00   0.00000E+00   0.00000E+00   0.00000E+00  -0.59881E+00
   0.14358E+02   0.00000E+00   0.00000E+00   0.00000E+00   0.00000E+00  -0.59871E+00
   0.14375E+02   0.00000E+00   0.00000E+00   0.00000E+00   0.00000E+00  -0.59877E+00
