   0.47049E+01   0.00000E+00   0.00000E+00   0.00000E+00   0.00000E+00  -0.57616E+00
   0.47222E+01   0.00000E+00   0.00000E+00   0.00000E+00   0.00000E+00  -0.57618E+00
   0.47396E+01   0.00000E+00   0.00000E+00   0.00000E+00   0.00000E+00  -0.57618E+00
   0.47569E+01   0.00000E+00   0.00000E+00   0.00000E+00   0.00000E+00  -0.57613E+00
   0.47743E+01   0.00000E+00   0.00000E+00   0.00000E+00   0.00000E+00  -0.57608E+00
   0.47917E+01   0.00000E+00   0.00000E+00   0.00000E+00   0.00000E+00  -0.57604E+00
   0.48090E+01   0.00000E+00   0.00000E+00   0.00000E+00   0.00000E+00  -0.57603E+00
   0.48264E+01   0.00000E+00   0.00000E+00   0.00000E+00   0.00000E+00  -0.57604E+00
   0.48438E+01   0.00000E+00   0.00000E+00   0.00000E+00   0.00000E+00  -0.57609E+00
   0.48611E+01   0.00000E+00   0.00000E+00   0.00000E+00   0.00000E+00  -0.57611E+00
   0.48785E+01   0.00000E+00   0.00000E+00   0.00000E+00   0.00000E+00  -0.57607E+00
   0.48958E+01   0.00000E+00   0.00000E+00   0.00000E+00   0.00000E+00  -0.57600E+00
   0.49132E+01   0.00000E+00   0.00000E+00   0.00000E+00   0.00000E+00  -0.57594E+00
   0.49306E+01   0.00000E+00   0.00000E+00   0.00000E+00   0.00000E+00  -0.57594E+00
   0.49479E+01   0.00000E+00   0.00000E+00   0.00000E+00   0.00000E+00  -0.57597E+00
   0.49653E+01   0.00000E+00   0.00000E+00   0.00000E+00   0.00000E+00  -0.57600E+00
   0.49826E+01   0.00000E+00   0.00000E+00   0.00000E+00   0.00000E+00  -0.57601E+00
   0.50000E+01   0.00000E+00   0.00000E+00   0.00000E+00   0.00000E+00  -0.57598E+00
