   0.16580E+02   0.00000E+00   0.00000E+00   0.00000E+00   0.00000E+00  -0.60655E+00
   0.16597E+02   0.00000E+00   0.00000E+00   0.00000E+00   0.00000E+00  -0.60654E+00
   0.16615E+02   0.00000E+00   0.00000E+00   0.00000E+00   0.00000E+00  -0.60663E+00
   0.16632E+02   0.00000E+00   0.00000E+00   0.00000E+00   0.00000E+00  -0.60680E+00
   0.16649E+02   0.00000E+00   0.00000E+00   0.00000E+00   0.00000E+00  -0.60694E+00
   0.16667E+02   0.00000E+00   0.00000E+00   0.00000E+00   0.00000E+00  -0.60701E+00
   0.16684E+02   0.00000E+00   0.00000E+00   0.00000E+00   0.00000E+00  -0.60707E+00
   0.16701E+02   0.00000E+00   0.00000E+00   0.00000E+00   0.00000E+00  -0.60707E+00
   0.16719E+02   0.00000E+00   0.00000E+00   0.00000E+00   0.00000E+00  -0.60703E+00
   0.16736E+02   0.00000E+00   0.00000E+00   0.00000E+00   0.00000E+00  -0.60705E+00
   0.16753E+02   0.00000E+00   0.00000E+00   0.00000E+00   0.00000E+00  -0.60720E+00
   0.16771E+02   0.00000E+00   0.00000E+00   0.00000E+00   0.00000E+00  -0.60736E+00
   0.16788E+02   0.00000E+00   0.00000E+00   0.00000E+00   0.00000E+00  -0.60739E+00
   0.16806E+02   0.00000E+00   0.00000E+00   0.00000E+00   0.00000E+00  -0.60739E+00
   0.16823E+02   0.00000E+00   0.00000E+00   0.00000E+00   0.00000E+00  -0.60751E+00
   0.16840E+02   0.00000E+00   0.00000E+00   0.00000E+00   0.00000E+00  -0.60767E+00
   0.16858E+02   0.00000E+00   0.00000E+00   0.00000E+00   0.00000E+00  -0.60772E+00
   0.16875E+02   0.00000E+00   0.00000E+00   0.00000E+00   0.00000E+00  -0.60768E+00
