   0.22049E+01   0.00000E+00   0.00000E+00   0.00000E+00   0.00000E+00  -0.55645E+00
   0.22222E+01   0.00000E+00   0.00000E+00   0.00000E+00   0.00000E+00  -0.55693E+00
   0.22396E+01   0.00000E+00   0.00000E+00   0.00000E+00   0.00000E+00  -0.55739E+00
   0.22569E+01   0.00000E+00   0.00000E+00   0.00000E+00   0.00000E+00  -0.55784E+00
   0.22743E+01   0.00000E+00   0.00000E+00   0.00000E+00   0.00000E+00  -0.55827E+00
   0.22917E+01   0.00000E+00   0.00000E+00   0.00000E+00   0.00000E+00  -0.55867E+00
   0.23090E+01   0.00000E+00   0.00000E+00   0.00000E+00   0.00000E+00  -0.55907E+00
   0.23264E+01   0.00000E+00   0.00000E+00   0.00000E+00   0.00000E+00  -0.55950E+00
   0.23438E+01   0.00000E+00   0.00000E+00   0.00000E+00   0.00000E+00  -0.55997E+00
   0.23611E+01   0.00000E+00   0.00000E+00   0.00000E+00   0.00000E+00  -0.56045E+00
   0.23785E+01   0.00000E+00   0.00000E+00   0.00000E+00   0.00000E+00  -0.56088E+00
   0.23958E+01   0.00000E+00   0.00000E+00   0.00000E+00   0.00000E+00  -0.56126E+00
   0.24132E+01   0.00000E+00   0.00000E+00   0.00000E+00   0.00000E+00  -0.56159E+00
   0.24306E+01   0.00000E+00   0.00000E+00   0.00000E+00   0.00000E+00  -0.56194E+00
   0.24479E+01   0.00000E+00   0.00000E+00   0.00000E+00   0.00000E+00  -0.56234E+00
   0.24653E+01   0.00000E+00   0.00000E+00   0.00000E+00   0.00000E+00  -0.56277E+00
   0.24826E+01   0.00000E+00   0.00000E+00   0.00000E+00   0.00000E+00  -0.56319E+00
   0.25000E+01   0.00000E+00   0.00000E+00   0.00000E+00   0.00000E+00  -0.56358E+00
