   0.20330E+02   0.00000E+00   0.00000E+00   0.00000E+00   0.00000E+00  -0.61887E+00
   0.20347E+02   0.00000E+00   0.00000E+00   0.00000E+00   0.00000E+00  -0.61892E+00
   0.20365E+02   0.00000E+00   0.00000E+00   0.00000E+00   0.00000E+00  -0.61889E+00
   0.20382E+02   0.00000E+00   0.00000E+00   0.00000E+00   0.00000E+00  -0.61886E+00
   0.20399E+02   0.00000E+00   0.00000E+00   0.00000E+00   0.00000E+00  -0.61886E+00
   0.20417E+02   0.00000E+00   0.00000E+00   0.00000E+00   0.00000E+00  -0.61887E+00
   0.20434E+02   0.00000E+00   0.00000E+00   0.00000E+00   0.00000E+00  -0.61891E+00
   0.20451E+02   0.00000E+00   0.00000E+00   0.00000E+00   0.00000E+00  -0.61895E+00
   0.20469E+02   0.00000E+00   0.00000E+00   0.00000E+00   0.00000E+00  -0.61897E+00
   0.20486E+02   0.00000E+00   0.00000E+00   0.00000E+00   0.00000E+00  -0.61904E+00
   0.20503E+02   0.00000E+00   0.00000E+00   0.00000E+00   0.00000E+00  -0.61919E+00
   0.20521E+02   0.00000E+00   0.00000E+00   0.00000E+00   0.00000E+00  -0.61932E+00
   0.20538E+02   0.00000E+00   0.00000E+00   0.00000E+00   0.00000E+00  -0.61934E+00
   0.20556E+02   0.00000E+00   0.00000E+00   0.00000E+00   0.00000E+00  -0.61929E+00
   0.20573E+02   0.00000E+00   0.00000E+00   0.00000E+00   0.00000E+00  -0.61927E+00
   0.20590E+02   0.00000E+00   0.00000E+00   0.00000E+00   0.00000E+00  -0.61932E+00
   0.20608E+02   0.00000E+00   0.00000E+00   0.00000E+00   0.00000E+00  -0.61942E+00
   0.20625E+02   0.00000E+00   0.00000E+00   0.00000E+00   0.00000E+00  -0.61948E+00
