   0.26892E+02   0.00000E+00   0.00000E+00   0.00000E+00   0.00000E+00  -0.63007E+00
   0.26910E+02   0.00000E+00   0.00000E+00   0.00000E+00   0.00000E+00  -0.63006E+00
   0.26927E+02   0.00000E+00   0.00000E+00   0.00000E+00   0.00000E+00  -0.63002E+00
   0.26944E+02   0.00000E+00   0.00000E+00   0.00000E+00   0.00000E+00  -0.63016E+00
   0.26962E+02   0.00000E+00   0.00000E+00   0.00000E+00   0.00000E+00  -0.63035E+00
   0.26979E+02   0.00000E+00   0.00000E+00   0.00000E+00   0.00000E+00  -0.63037E+00
   0.26997E+02   0.00000E+00   0.00000E+00   0.00000E+00   0.00000E+00  -0.63030E+00
   0.27014E+02   0.00000E+00   0.00000E+00   0.00000E+00   0.00000E+00  -0.63032E+00
   0.27031E+02   0.00000E+00   0.00000E+00   0.00000E+00   0.00000E+00  -0.63033E+00
   0.27049E+02   0.00000E+00   0.00000E+00   0.00000E+00   0.00000E+00  -0.63025E+00
   0.27066E+02   0.00000E+00   0.00000E+00   0.00000E+00   0.00000E+00  -0.63019E+00
   0.27083E+02   0.00000E+00   0.00000E+00   0.00000E+00   0.00000E+00  -0.63017E+00
   0.27101E+02   0.00000E+00   0.00000E+00   0.00000E+00   0.00000E+00  -0.63021E+00
   0.27118E+02   0.00000E+00   0.00000E+00   0.00000E+00   0.00000E+00  -0.63032E+00
   0.27135E+02   0.00000E+00   0.00000E+00   0.00000E+00   0.00000E+00  -0.63046E+00
   0.27153E+02   0.00000E+00   0.00000E+00   0.00000E+00   0.00000E+00  -0.63061E+00
   0.27170E+02   0.00000E+00   0.00000E+00   0.00000E+00   0.00000E+00  -0.63069E+00
   0.27188E+02   0.00000E+00   0.00000E+00   0.00000E+00   0.00000E+00  -0.63063E+00
