   0.22830E+02   0.00000E+00   0.00000E+00   0.00000E+00   0.00000E+00  -0.62504E+00
   0.22847E+02   0.00000E+00   0.00000E+00   0.00000E+00   0.00000E+00  -0.62515E+00
   0.22865E+02   0.00000E+00   0.00000E+00   0.00000E+00   0.00000E+00  -0.62512E+00
   0.22882E+02   0.00000E+00   0.00000E+00   0.00000E+00   0.00000E+00  -0.62500E+00
   0.22899E+02   0.00000E+00   0.00000E+00   0.00000E+00   0.00000E+00  -0.62490E+00
   0.22917E+02   0.00000E+00   0.00000E+00   0.00000E+00   0.00000E+00  -0.62485E+00
   0.22934E+02   0.00000E+00   0.00000E+00   0.00000E+00   0.00000E+00  -0.62490E+00
   0.22951E+02   0.00000E+00   0.00000E+00   0.00000E+00   0.00000E+00  -0.62508E+00
   0.22969E+02   0.00000E+00   0.00000E+00   0.00000E+00   0.00000E+00  -0.62533E+00
   0.22986E+02   0.00000E+00   0.00000E+00   0.00000E+00   0.00000E+00  -0.62547E+00
   0.23003E+02   0.00000E+00   0.00000E+00   0.00000E+00   0.00000E+00  -0.62544E+00
   0.23021E+02   0.00000E+00   0.00000E+00   0.00000E+00   0.00000E+00  -0.62532E+00
   0.23038E+02   0.00000E+00   0.00000E+00   0.00000E+00   0.00000E+00  -0.62519E+00
   0.23056E+02   0.00000E+00   0.00000E+00   0.00000E+00   0.00000E+00  -0.62512E+00
   0.23073E+02   0.00000E+00   0.00000E+00   0.00000E+00   0.00000E+00  -0.62514E+00
   0.23090E+02   0.00000E+00   0.00000E+00   0.00000E+00   0.00000E+00  -0.62527E+00
   0.23108E+02   0.00000E+00   0.00000E+00   0.00000E+00   0.00000E+00  -0.62552E+00
   0.23125E+02   0.00000E+00   0.00000E+00   0.00000E+00   0.00000E+00  -0.62578E+00
