   0.20955E+02   0.00000E+00   0.00000E+00   0.00000E+00   0.00000E+00  -0.62025E+00
   0.20972E+02   0.00000E+00   0.00000E+00   0.00000E+00   0.00000E+00  -0.62027E+00
   0.20990E+02   0.00000E+00   0.00000E+00   0.00000E+00   0.00000E+00  -0.62035E+00
   0.21007E+02   0.00000E+00   0.00000E+00   0.00000E+00   0.00000E+00  -0.62046E+00
   0.21024E+02   0.00000E+00   0.00000E+00   0.00000E+00   0.00000E+00  -0.62057E+00
   0.21042E+02   0.00000E+00   0.00000E+00   0.00000E+00   0.00000E+00  -0.62062E+00
   0.21059E+02   0.00000E+00   0.00000E+00   0.00000E+00   0.00000E+00  -0.62061E+00
   0.21076E+02   0.00000E+00   0.00000E+00   0.00000E+00   0.00000E+00  -0.62064E+00
   0.21094E+02   0.00000E+00   0.00000E+00   0.00000E+00   0.00000E+00  -0.62074E+00
   0.21111E+02   0.00000E+00   0.00000E+00   0.00000E+00   0.00000E+00  -0.62086E+00
   0.21128E+02   0.00000E+00   0.00000E+00   0.00000E+00   0.00000E+00  -0.62093E+00
   0.21146E+02   0.00000E+00   0.00000E+00   0.00000E+00   0.00000E+00  -0.62094E+00
   0.21163E+02   0.00000E+00   0.00000E+00   0.00000E+00   0.00000E+00  -0.62094E+00
   0.21181E+02   0.00000E+00   0.00000E+00   0.00000E+00   0.00000E+00  -0.62094E+00
   0.21198E+02   0.00000E+00   0.00000E+00   0.00000E+00   0.00000E+00  -0.62096E+00
   0.21215E+02   0.00000E+00   0.00000E+00   0.00000E+00   0.00000E+00  -0.62107E+00
   0.21233E+02   0.00000E+00   0.00000E+00   0.00000E+00   0.00000E+00  -0.62119E+00
   0.21250E+02   0.00000E+00   0.00000E+00   0.00000E+00   0.00000E+00  -0.62119E+00
