   0.15330E+02   0.00000E+00   0.00000E+00   0.00000E+00   0.00000E+00  -0.60246E+00
   0.15347E+02   0.00000E+00   0.00000E+00   0.00000E+00   0.00000E+00  -0.60260E+00
   0.15365E+02   0.00000E+00   0.00000E+00   0.00000E+00   0.00000E+00  -0.60264E+00
   0.15382E+02   0.00000E+00   0.00000E+00   0.00000E+00   0.00000E+00  -0.60264E+00
   0.15399E+02   0.00000E+00   0.00000E+00   0.00000E+00   0.00000E+00  -0.60264E+00
   0.15417E+02   0.00000E+00   0.00000E+00   0.00000E+00   0.00000E+00  -0.60261E+00
   0.15434E+02   0.00000E+00   0.00000E+00   0.00000E+00   0.00000E+00  -0.60260E+00
   0.15451E+02   0.00000E+00   0.00000E+00   0.00000E+00   0.00000E+00  -0.60273E+00
   0.15469E+02   0.00000E+00   0.00000E+00   0.00000E+00   0.00000E+00  -0.60295E+00
   0.15486E+02   0.00000E+00   0.00000E+00   0.00000E+00   0.00000E+00  -0.60308E+00
   0.15503E+02   0.00000E+00   0.00000E+00   0.00000E+00   0.00000E+00  -0.60306E+00
   0.15521E+02   0.00000E+00   0.00000E+00   0.00000E+00   0.00000E+00  -0.60296E+00
   0.15538E+02   0.00000E+00   0.00000E+00   0.00000E+00   0.00000E+00  -0.60294E+00
   0.15556E+02   0.00000E+00   0.00000E+00   0.00000E+00   0.00000E+00  -0.60304E+00
   0.15573E+02   0.00000E+00   0.00000E+00   0.00000E+00   0.00000E+00  -0.60320E+00
   0.15590E+02   0.00000E+00   0.00000E+00   0.00000E+00   0.00000E+00  -0.60334E+00
   0.15608E+02   0.00000E+00   0.00000E+00   0.00000E+00   0.00000E+00  -0.60341E+00
   0.15625E+02   0.00000E+00   0.00000E+00   0.00000E+00   0.00000E+00  -0.60342E+00
