   0.17517E+02   0.00000E+00   0.00000E+00   0.00000E+00   0.00000E+00  -0.61039E+00
   0.17535E+02   0.00000E+00   0.00000E+00   0.00000E+00   0.00000E+00  -0.61042E+00
   0.17552E+02   0.00000E+00   0.00000E+00   0.00000E+00   0.00000E+00  -0.61028E+00
   0.17569E+02   0.00000E+00   0.00000E+00   0.00000E+00   0.00000E+00  -0.61012E+00
   0.17587E+02   0.00000E+00   0.00000E+00   0.00000E+00   0.00000E+00  -0.61017E+00
   0.17604E+02   0.00000E+00   0.00000E+00   0.00000E+00   0.00000E+00  -0.61039E+00
   0.17622E+02   0.00000E+00   0.00000E+00   0.00000E+00   0.00000E+00  -0.61058E+00
   0.17639E+02   0.00000E+00   0.00000E+00   0.00000E+00   0.00000E+00  -0.61067E+00
   0.17656E+02   0.00000E+00   0.00000E+00   0.00000E+00   0.00000E+00  -0.61071E+00
   0.17674E+02   0.00000E+00   0.00000E+00   0.00000E+00   0.00000E+00  -0.61072E+00
   0.17691E+02   0.00000E+00   0.00000E+00   0.00000E+00   0.00000E+00  -0.61070E+00
   0.17708E+02   0.00000E+00   0.00000E+00   0.00000E+00   0.00000E+00  -0.61071E+00
   0.17726E+02   0.00000E+00   0.00000E+00   0.00000E+00   0.00000E+00  -0.61077E+00
   0.17743E+02   0.00000E+00   0.00000E+00   0.00000E+00   0.00000E+00  -0.61088E+00
   0.17760E+02   0.00000E+00   0.00000E+00   0.00000E+00   0.00000E+00  -0.61101E+00
   0.17778E+02   0.00000E+00   0.00000E+00   0.00000E+00   0.00000E+00  -0.61110E+00
   0.17795E+02   0.00000E+00   0.00000E+00   0.00000E+00   0.00000E+00  -0.61109E+00
   0.17812E+02   0.00000E+00   0.00000E+00   0.00000E+00   0.00000E+00  -0.61103E+00
