   0.12830E+02   0.00000E+00   0.00000E+00   0.00000E+00   0.00000E+00  -0.59347E+00
   0.12847E+02   0.00000E+00   0.00000E+00   0.00000E+00   0.00000E+00  -0.59345E+00
   0.12865E+02   0.00000E+00   0.00000E+00   0.00000E+00   0.00000E+00  -0.59342E+00
   0.12882E+02   0.00000E+00   0.00000E+00   0.00000E+00   0.00000E+00  -0.59342E+00
   0.12899E+02   0.00000E+00   0.00000E+00   0.00000E+00   0.00000E+00  -0.59344E+00
   0.12917E+02   0.00000E+00   0.00000E+00   0.00000E+00   0.00000E+00  -0.59351E+00
   0.12934E+02   0.00000E+00   0.00000E+00   0.00000E+00   0.00000E+00  -0.59367E+00
   0.12951E+02   0.00000E+00   0.00000E+00   0.00000E+00   0.00000E+00  -0.59384E+00
   0.12969E+02   0.00000E+00   0.00000E+00   0.00000E+00   0.00000E+00  -0.59392E+00
   0.12986E+02   0.00000E+00   0.00000E+00   0.00000E+00   0.00000E+00  -0.59391E+00
   0.13003E+02   0.00000E+00   0.00000E+00   0.00000E+00   0.00000E+00  -0.59394E+00
   0.13021E+02   0.00000E+00   0.00000E+00   0.00000E+00   0.00000E+00  -0.59402E+00
   0.13038E+02   0.00000E+00   0.00000E+00   0.00000E+00   0.00000E+00  -0.59408E+00
   0.13056E+02   0.00000E+00   0.00000E+00   0.00000E+00   0.00000E+00  -0.59412E+00
   0.13073E+02   0.00000E+00   0.00000E+00   0.00000E+00   0.00000E+00  -0.59420E+00
   0.13090E+02   0.00000E+00   0.00000E+00   0.00000E+00   0.00000E+00  -0.59428E+00
   0.13108E+02   0.00000E+00   0.00000E+00   0.00000E+00   0.00000E+00  -0.59434E+00
   0.13125E+02   0.00000E+00   0.00000E+00   0.00000E+00   0.00000E+00  -0.59435E+00
