   0.29080E+02   0.00000E+00   0.00000E+00   0.00000E+00   0.00000E+00  -0.63150E+00
   0.29097E+02   0.00000E+00   0.00000E+00   0.00000E+00   0.00000E+00  -0.63147E+00
   0.29115E+02   0.00000E+00   0.00000E+00   0.00000E+00   0.00000E+00  -0.63150E+00
   0.29132E+02   0.00000E+00   0.00000E+00   0.00000E+00   0.00000E+00  -0.63157E+00
   0.29149E+02   0.00000E+00   0.00000E+00   0.00000E+00   0.00000E+00  -0.63158E+00
   0.29167E+02   0.00000E+00   0.00000E+00   0.00000E+00   0.00000E+00  -0.63150E+00
   0.29184E+02   0.00000E+00   0.00000E+00   0.00000E+00   0.00000E+00  -0.63142E+00
   0.29201E+02   0.00000E+00   0.00000E+00   0.00000E+00   0.00000E+00  -0.63136E+00
   0.29219E+02   0.00000E+00   0.00000E+00   0.00000E+00   0.00000E+00  -0.63133E+00
   0.29236E+02   0.00000E+00   0.00000E+00   0.00000E+00   0.00000E+00  -0.63136E+00
   0.29253E+02   0.00000E+00   0.00000E+00   0.00000E+00   0.00000E+00  -0.63147E+00
   0.29271E+02   0.00000E+00   0.00000E+00   0.00000E+00   0.00000E+00  -0.63169E+00
   0.29288E+02   0.00000E+00   0.00000E+00   0.00000E+00   0.00000E+00  -0.63191E+00
   0.29306E+02   0.00000E+00   0.00000E+00   0.00000E+00   0.00000E+00  -0.63183E+00
   0.29323E+02   0.00000E+00   0.00000E+00   0.00000E+00   0.00000E+00  -0.63146E+00
   0.29340E+02   0.00000E+00   0.00000E+00   0.00000E+00   0.00000E+00  -0.63112E+00
   0.29358E+02   0.00000E+00   0.00000E+00   0.00000E+00   0.00000E+00  -0.63106E+00
   0.29375E+02   0.00000E+00   0.00000E+00   0.00000E+00   0.00000E+00  -0.63118E+00
