   0.28455E+02   0.00000E+00   0.00000E+00   0.00000E+00   0.00000E+00  -0.63116E+00
   0.28472E+02   0.00000E+00   0.00000E+00   0.00000E+00   0.00000E+00  -0.63128E+00
   0.28490E+02   0.00000E+00   0.00000E+00   0.00000E+00   0.00000E+00  -0.63133E+00
   0.28507E+02   0.00000E+00   0.00000E+00   0.00000E+00   0.00000E+00  -0.63138E+00
   0.28524E+02   0.00000E+00   0.00000E+00   0.00000E+00   0.00000E+00  -0.63140E+00
   0.28542E+02   0.00000E+00   0.00000E+00   0.00000E+00   0.00000E+00  -0.63133E+00
   0.28559E+02   0.00000E+00   0.00000E+00   0.00000E+00   0.00000E+00  -0.63123E+00
   0.28576E+02   0.00000E+00   0.00000E+00   0.00000E+00   0.00000E+00  -0.63113E+00
   0.28594E+02   0.00000E+00   0.00000E+00   0.00000E+00   0.00000E+00  -0.63103E+00
   0.28611E+02   0.00000E+00   0.00000E+00   0.00000E+00   0.00000E+00  -0.63097E+00
   0.28628E+02   0.00000E+00   0.00000E+00   0.00000E+00   0.00000E+00  -0.63100E+00
   0.28646E+02   0.00000E+00   0.00000E+00   0.00000E+00   0.00000E+00  -0.63114E+00
   0.28663E+02   0.00000E+00   0.00000E+00   0.00000E+00   0.00000E+00  -0.63148E+00
   0.28681E+02   0.00000E+00   0.00000E+00   0.00000E+00   0.00000E+00  -0.63181E+00
   0.28698E+02   0.00000E+00   0.00000E+00   0.00000E+00   0.00000E+00  -0.63185E+00
   0.28715E+02   0.00000E+00   0.00000E+00   0.00000E+00   0.00000E+00  -0.63164E+00
   0.28733E+02   0.00000E+00   0.00000E+00   0.00000E+00   0.00000E+00  -0.63129E+00
   0.28750E+02   0.00000E+00   0.00000E+00   0.00000E+00   0.00000E+00  -0.63097E+00
