   0.68924E+01   0.00000E+00   0.00000E+00   0.00000E+00   0.00000E+00  -0.57592E+00
   0.69097E+01   0.00000E+00   0.00000E+00   0.00000E+00   0.00000E+00  -0.57594E+00
   0.69271E+01   0.00000E+00   0.00000E+00   0.00000E+00   0.00000E+00  -0.57596E+00
   0.69444E+01   0.00000E+00   0.00000E+00   0.00000E+00   0.00000E+00  -0.57595E+00
   0.69618E+01   0.00000E+00   0.00000E+00   0.00000E+00   0.00000E+00  -0.57594E+00
   0.69792E+01   0.00000E+00   0.00000E+00   0.00000E+00   0.00000E+00  -0.57592E+00
   0.69965E+01   0.00000E+00   0.00000E+00   0.00000E+00   0.00000E+00  -0.57592E+00
   0.70139E+01   0.00000E+00   0.00000E+00   0.00000E+00   0.00000E+00  -0.57595E+00
   0.70312E+01   0.00000E+00   0.00000E+00   0.00000E+00   0.00000E+00  -0.57599E+00
   0.70486E+01   0.00000E+00   0.00000E+00   0.00000E+00   0.00000E+00  -0.57600E+00
   0.70660E+01   0.00000E+00   0.00000E+00   0.00000E+00   0.00000E+00  -0.57597E+00
   0.70833E+01   0.00000E+00   0.00000E+00   0.00000E+00   0.00000E+00  -0.57597E+00
   0.71007E+01   0.00000E+00   0.00000E+00   0.00000E+00   0.00000E+00  -0.57599E+00
   0.71181E+01   0.00000E+00   0.00000E+00   0.00000E+00   0.00000E+00  -0.57602E+00
   0.71354E+01   0.00000E+00   0.00000E+00   0.00000E+00   0.00000E+00  -0.57603E+00
   0.71528E+01   0.00000E+00   0.00000E+00   0.00000E+00   0.00000E+00  -0.57604E+00
   0.71701E+01   0.00000E+00   0.00000E+00   0.00000E+00   0.00000E+00  -0.57607E+00
   0.71875E+01   0.00000E+00   0.00000E+00   0.00000E+00   0.00000E+00  -0.57607E+00
