   0.24080E+02   0.00000E+00   0.00000E+00   0.00000E+00   0.00000E+00  -0.62718E+00
   0.24097E+02   0.00000E+00   0.00000E+00   0.00000E+00   0.00000E+00  -0.62708E+00
   0.24115E+02   0.00000E+00   0.00000E+00   0.00000E+00   0.00000E+00  -0.62705E+00
   0.24132E+02   0.00000E+00   0.00000E+00   0.00000E+00   0.00000E+00  -0.62703E+00
   0.24149E+02   0.00000E+00   0.00000E+00   0.00000E+00   0.00000E+00  -0.62703E+00
   0.24167E+02   0.00000E+00   0.00000E+00   0.00000E+00   0.00000E+00  -0.62710E+00
   0.24184E+02   0.00000E+00   0.00000E+00   0.00000E+00   0.00000E+00  -0.62729E+00
   0.24201E+02   0.00000E+00   0.00000E+00   0.00000E+00   0.00000E+00  -0.62752E+00
   0.24219E+02   0.00000E+00   0.00000E+00   0.00000E+00   0.00000E+00  -0.62763E+00
   0.24236E+02   0.00000E+00   0.00000E+00   0.00000E+00   0.00000E+00  -0.62760E+00
   0.24253E+02   0.00000E+00   0.00000E+00   0.00000E+00   0.00000E+00  -0.62752E+00
   0.24271E+02   0.00000E+00   0.00000E+00   0.00000E+00   0.00000E+00  -0.62746E+00
   0.24288E+02   0.00000E+00   0.00000E+00   0.00000E+00   0.00000E+00  -0.62737E+00
   0.24306E+02   0.00000E+00   0.00000E+00   0.00000E+00   0.00000E+00  -0.62724E+00
   0.24323E+02   0.00000E+00   0.00000E+00   0.00000E+00   0.00000E+00  -0.62719E+00
   0.24340E+02   0.00000E+00   0.00000E+00   0.00000E+00   0.00000E+00  -0.62736E+00
   0.24358E+02   0.00000E+00   0.00000E+00   0.00000E+00   0.00000E+00  -0.62763E+00
   0.24375E+02   0.00000E+00   0.00000E+00   0.00000E+00   0.00000E+00  -0.62785E+00
