   0.15017E+02   0.36316E-01   0.10539E-01
   0.15035E+02   0.36315E-01   0.10542E-01
   0.15052E+02   0.36314E-01   0.10544E-01
   0.15069E+02   0.36312E-01   0.10545E-01
   0.15087E+02   0.36311E-01   0.10544E-01
   0.15104E+02   0.36310E-01   0.10541E-01
   0.15122E+02   0.36308E-01   0.10539E-01
   0.15139E+02   0.36307E-01   0.10539E-01
   0.15156E+02   0.36306E-01   0.10541E-01
   0.15174E+02   0.36305E-01   0.10542E-01
   0.15191E+02   0.36303E-01   0.10545E-01
   0.15208E+02   0.36302E-01   0.10547E-01
   0.15226E+02   0.36301E-01   0.10547E-01
   0.15243E+02   0.36299E-01   0.10545E-01
   0.15260E+02   0.36298E-01   0.10542E-01
   0.15278E+02   0.36297E-01   0.10541E-01
   0.15295E+02   0.36295E-01   0.10540E-01
   0.15312E+02   0.36294E-01   0.10542E-01
