   0.47049E+01   0.37064E-01   0.10534E-01
   0.47222E+01   0.37063E-01   0.10534E-01
   0.47396E+01   0.37062E-01   0.10533E-01
   0.47569E+01   0.37061E-01   0.10531E-01
   0.47743E+01   0.37060E-01   0.10530E-01
   0.47917E+01   0.37058E-01   0.10528E-01
   0.48090E+01   0.37057E-01   0.10527E-01
   0.48264E+01   0.37056E-01   0.10527E-01
   0.48438E+01   0.37055E-01   0.10527E-01
   0.48611E+01   0.37053E-01   0.10527E-01
   0.48785E+01   0.37052E-01   0.10525E-01
   0.48958E+01   0.37051E-01   0.10523E-01
   0.49132E+01   0.37050E-01   0.10521E-01
   0.49306E+01   0.37048E-01   0.10521E-01
   0.49479E+01   0.37047E-01   0.10521E-01
   0.49653E+01   0.37046E-01   0.10520E-01
   0.49826E+01   0.37045E-01   0.10520E-01
   0.50000E+01   0.37043E-01   0.10519E-01
