   0.20330E+02   0.35917E-01   0.10588E-01
   0.20347E+02   0.35916E-01   0.10588E-01
   0.20365E+02   0.35914E-01   0.10586E-01
   0.20382E+02   0.35913E-01   0.10585E-01
   0.20399E+02   0.35912E-01   0.10584E-01
   0.20417E+02   0.35911E-01   0.10583E-01
   0.20434E+02   0.35909E-01   0.10583E-01
   0.20451E+02   0.35908E-01   0.10583E-01
   0.20469E+02   0.35906E-01   0.10582E-01
   0.20486E+02   0.35905E-01   0.10583E-01
   0.20503E+02   0.35904E-01   0.10585E-01
   0.20521E+02   0.35902E-01   0.10586E-01
   0.20538E+02   0.35901E-01   0.10585E-01
   0.20556E+02   0.35900E-01   0.10584E-01
   0.20573E+02   0.35899E-01   0.10582E-01
   0.20590E+02   0.35897E-01   0.10582E-01
   0.20608E+02   0.35896E-01   0.10583E-01
   0.20625E+02   0.35895E-01   0.10583E-01
