   0.75174E+01   0.36863E-01   0.10425E-01
   0.75347E+01   0.36862E-01   0.10424E-01
   0.75521E+01   0.36861E-01   0.10424E-01
   0.75694E+01   0.36860E-01   0.10424E-01
   0.75868E+01   0.36859E-01   0.10425E-01
   0.76042E+01   0.36857E-01   0.10425E-01
   0.76215E+01   0.36856E-01   0.10425E-01
   0.76389E+01   0.36855E-01   0.10425E-01
   0.76562E+01   0.36854E-01   0.10424E-01
   0.76736E+01   0.36852E-01   0.10423E-01
   0.76910E+01   0.36851E-01   0.10423E-01
   0.77083E+01   0.36850E-01   0.10423E-01
   0.77257E+01   0.36849E-01   0.10424E-01
   0.77431E+01   0.36847E-01   0.10425E-01
   0.77604E+01   0.36846E-01   0.10424E-01
   0.77778E+01   0.36845E-01   0.10423E-01
   0.77951E+01   0.36844E-01   0.10422E-01
   0.78125E+01   0.36842E-01   0.10423E-01
