   0.12205E+02   0.36524E-01   0.10485E-01
   0.12222E+02   0.36522E-01   0.10486E-01
   0.12240E+02   0.36521E-01   0.10486E-01
   0.12257E+02   0.36520E-01   0.10487E-01
   0.12274E+02   0.36519E-01   0.10487E-01
   0.12292E+02   0.36517E-01   0.10487E-01
   0.12309E+02   0.36516E-01   0.10488E-01
   0.12326E+02   0.36515E-01   0.10490E-01
   0.12344E+02   0.36514E-01   0.10490E-01
   0.12361E+02   0.36512E-01   0.10490E-01
   0.12378E+02   0.36511E-01   0.10489E-01
   0.12396E+02   0.36510E-01   0.10489E-01
   0.12413E+02   0.36508E-01   0.10489E-01
   0.12431E+02   0.36507E-01   0.10490E-01
   0.12448E+02   0.36506E-01   0.10491E-01
   0.12465E+02   0.36505E-01   0.10492E-01
   0.12483E+02   0.36503E-01   0.10493E-01
   0.12500E+02   0.36502E-01   0.10493E-01
