   0.15955E+02   0.36246E-01   0.10551E-01
   0.15972E+02   0.36245E-01   0.10550E-01
   0.15990E+02   0.36244E-01   0.10550E-01
   0.16007E+02   0.36242E-01   0.10550E-01
   0.16024E+02   0.36241E-01   0.10550E-01
   0.16042E+02   0.36240E-01   0.10550E-01
   0.16059E+02   0.36238E-01   0.10551E-01
   0.16076E+02   0.36237E-01   0.10550E-01
   0.16094E+02   0.36236E-01   0.10551E-01
   0.16111E+02   0.36235E-01   0.10552E-01
   0.16128E+02   0.36233E-01   0.10554E-01
   0.16146E+02   0.36232E-01   0.10555E-01
   0.16163E+02   0.36231E-01   0.10554E-01
   0.16181E+02   0.36229E-01   0.10552E-01
   0.16198E+02   0.36228E-01   0.10552E-01
   0.16215E+02   0.36227E-01   0.10553E-01
   0.16233E+02   0.36226E-01   0.10554E-01
   0.16250E+02   0.36224E-01   0.10554E-01
