   0.11580E+02   0.36569E-01   0.10470E-01
   0.11597E+02   0.36568E-01   0.10470E-01
   0.11615E+02   0.36567E-01   0.10471E-01
   0.11632E+02   0.36565E-01   0.10473E-01
   0.11649E+02   0.36564E-01   0.10475E-01
   0.11667E+02   0.36563E-01   0.10476E-01
   0.11684E+02   0.36562E-01   0.10475E-01
   0.11701E+02   0.36560E-01   0.10473E-01
   0.11719E+02   0.36559E-01   0.10472E-01
   0.11736E+02   0.36558E-01   0.10473E-01
   0.11753E+02   0.36557E-01   0.10475E-01
   0.11771E+02   0.36555E-01   0.10478E-01
   0.11788E+02   0.36554E-01   0.10479E-01
   0.11806E+02   0.36553E-01   0.10478E-01
   0.11823E+02   0.36551E-01   0.10476E-01
   0.11840E+02   0.36550E-01   0.10474E-01
   0.11858E+02   0.36549E-01   0.10475E-01
   0.11875E+02   0.36548E-01   0.10477E-01
