   0.24080E+02   0.35630E-01   0.10534E-01
   0.24097E+02   0.35629E-01   0.10532E-01
   0.24115E+02   0.35627E-01   0.10531E-01
   0.24132E+02   0.35626E-01   0.10530E-01
   0.24149E+02   0.35624E-01   0.10530E-01
   0.24167E+02   0.35623E-01   0.10531E-01
   0.24184E+02   0.35621E-01   0.10533E-01
   0.24201E+02   0.35620E-01   0.10535E-01
   0.24219E+02   0.35619E-01   0.10535E-01
   0.24236E+02   0.35618E-01   0.10533E-01
   0.24253E+02   0.35617E-01   0.10530E-01
   0.24271E+02   0.35615E-01   0.10529E-01
   0.24288E+02   0.35614E-01   0.10527E-01
   0.24306E+02   0.35612E-01   0.10524E-01
   0.24323E+02   0.35611E-01   0.10524E-01
   0.24340E+02   0.35609E-01   0.10526E-01
   0.24358E+02   0.35608E-01   0.10530E-01
   0.24375E+02   0.35607E-01   0.10532E-01
