   0.32986E+00   0.37374E-01   0.85062E-02
   0.34722E+00   0.37373E-01   0.85213E-02
   0.36458E+00   0.37371E-01   0.85391E-02
   0.38194E+00   0.37370E-01   0.85585E-02
   0.39931E+00   0.37369E-01   0.85787E-02
   0.41667E+00   0.37368E-01   0.85993E-02
   0.43403E+00   0.37367E-01   0.86205E-02
   0.45139E+00   0.37365E-01   0.86422E-02
   0.46875E+00   0.37364E-01   0.86643E-02
   0.48611E+00   0.37363E-01   0.86867E-02
   0.50347E+00   0.37362E-01   0.87093E-02
   0.52083E+00   0.37360E-01   0.87323E-02
   0.53819E+00   0.37359E-01   0.87556E-02
   0.55556E+00   0.37358E-01   0.87789E-02
   0.57292E+00   0.37357E-01   0.88020E-02
   0.59028E+00   0.37356E-01   0.88248E-02
   0.60764E+00   0.37354E-01   0.88473E-02
   0.62500E+00   0.37353E-01   0.88699E-02
