   0.43924E+01   0.37087E-01   0.10549E-01
   0.44097E+01   0.37085E-01   0.10548E-01
   0.44271E+01   0.37084E-01   0.10546E-01
   0.44444E+01   0.37083E-01   0.10546E-01
   0.44618E+01   0.37082E-01   0.10545E-01
   0.44792E+01   0.37081E-01   0.10545E-01
   0.44965E+01   0.37079E-01   0.10545E-01
   0.45139E+01   0.37078E-01   0.10544E-01
   0.45312E+01   0.37077E-01   0.10543E-01
   0.45486E+01   0.37076E-01   0.10542E-01
   0.45660E+01   0.37074E-01   0.10540E-01
   0.45833E+01   0.37073E-01   0.10539E-01
   0.46007E+01   0.37072E-01   0.10539E-01
   0.46181E+01   0.37071E-01   0.10538E-01
   0.46354E+01   0.37069E-01   0.10538E-01
   0.46528E+01   0.37068E-01   0.10537E-01
   0.46701E+01   0.37067E-01   0.10535E-01
   0.46875E+01   0.37066E-01   0.10534E-01
