   0.15330E+02   0.36293E-01   0.10546E-01
   0.15347E+02   0.36292E-01   0.10548E-01
   0.15365E+02   0.36290E-01   0.10548E-01
   0.15382E+02   0.36289E-01   0.10546E-01
   0.15399E+02   0.36288E-01   0.10545E-01
   0.15417E+02   0.36286E-01   0.10543E-01
   0.15434E+02   0.36285E-01   0.10542E-01
   0.15451E+02   0.36284E-01   0.10544E-01
   0.15469E+02   0.36282E-01   0.10547E-01
   0.15486E+02   0.36281E-01   0.10549E-01
   0.15503E+02   0.36280E-01   0.10548E-01
   0.15521E+02   0.36279E-01   0.10545E-01
   0.15538E+02   0.36277E-01   0.10544E-01
   0.15556E+02   0.36276E-01   0.10545E-01
   0.15573E+02   0.36275E-01   0.10547E-01
   0.15590E+02   0.36274E-01   0.10548E-01
   0.15608E+02   0.36272E-01   0.10549E-01
   0.15625E+02   0.36271E-01   0.10548E-01
