   0.19705E+02   0.35964E-01   0.10589E-01
   0.19722E+02   0.35963E-01   0.10587E-01
   0.19740E+02   0.35962E-01   0.10585E-01
   0.19757E+02   0.35960E-01   0.10584E-01
   0.19774E+02   0.35959E-01   0.10584E-01
   0.19792E+02   0.35958E-01   0.10585E-01
   0.19809E+02   0.35956E-01   0.10585E-01
   0.19826E+02   0.35955E-01   0.10586E-01
   0.19844E+02   0.35954E-01   0.10587E-01
   0.19861E+02   0.35953E-01   0.10589E-01
   0.19878E+02   0.35951E-01   0.10589E-01
   0.19896E+02   0.35950E-01   0.10588E-01
   0.19913E+02   0.35949E-01   0.10586E-01
   0.19931E+02   0.35947E-01   0.10585E-01
   0.19948E+02   0.35946E-01   0.10584E-01
   0.19965E+02   0.35944E-01   0.10583E-01
   0.19983E+02   0.35943E-01   0.10585E-01
   0.20000E+02   0.35942E-01   0.10589E-01
