   0.13455E+02   0.36432E-01   0.10512E-01
   0.13472E+02   0.36430E-01   0.10513E-01
   0.13490E+02   0.36429E-01   0.10513E-01
   0.13507E+02   0.36428E-01   0.10514E-01
   0.13524E+02   0.36427E-01   0.10514E-01
   0.13542E+02   0.36425E-01   0.10512E-01
   0.13559E+02   0.36424E-01   0.10512E-01
   0.13576E+02   0.36423E-01   0.10513E-01
   0.13594E+02   0.36422E-01   0.10516E-01
   0.13611E+02   0.36420E-01   0.10517E-01
   0.13628E+02   0.36419E-01   0.10517E-01
   0.13646E+02   0.36418E-01   0.10515E-01
   0.13663E+02   0.36416E-01   0.10514E-01
   0.13681E+02   0.36415E-01   0.10514E-01
   0.13698E+02   0.36414E-01   0.10515E-01
   0.13715E+02   0.36413E-01   0.10517E-01
   0.13733E+02   0.36411E-01   0.10519E-01
   0.13750E+02   0.36410E-01   0.10519E-01
