   0.97049E+01   0.36706E-01   0.10431E-01
   0.97222E+01   0.36704E-01   0.10431E-01
   0.97396E+01   0.36703E-01   0.10431E-01
   0.97569E+01   0.36702E-01   0.10431E-01
   0.97743E+01   0.36701E-01   0.10432E-01
   0.97917E+01   0.36700E-01   0.10433E-01
   0.98090E+01   0.36698E-01   0.10433E-01
   0.98264E+01   0.36697E-01   0.10433E-01
   0.98438E+01   0.36696E-01   0.10433E-01
   0.98611E+01   0.36694E-01   0.10432E-01
   0.98785E+01   0.36693E-01   0.10431E-01
   0.98958E+01   0.36692E-01   0.10432E-01
   0.99132E+01   0.36691E-01   0.10433E-01
   0.99306E+01   0.36689E-01   0.10435E-01
   0.99479E+01   0.36688E-01   0.10435E-01
   0.99653E+01   0.36687E-01   0.10435E-01
   0.99826E+01   0.36686E-01   0.10434E-01
   0.10000E+02   0.36684E-01   0.10433E-01
