   0.25330E+02   0.35534E-01   0.10495E-01
   0.25347E+02   0.35532E-01   0.10496E-01
   0.25365E+02   0.35531E-01   0.10497E-01
   0.25382E+02   0.35529E-01   0.10498E-01
   0.25399E+02   0.35528E-01   0.10496E-01
   0.25417E+02   0.35527E-01   0.10494E-01
   0.25434E+02   0.35525E-01   0.10491E-01
   0.25451E+02   0.35524E-01   0.10490E-01
   0.25469E+02   0.35523E-01   0.10489E-01
   0.25486E+02   0.35521E-01   0.10488E-01
   0.25503E+02   0.35520E-01   0.10489E-01
   0.25521E+02   0.35519E-01   0.10489E-01
   0.25538E+02   0.35517E-01   0.10488E-01
   0.25556E+02   0.35516E-01   0.10486E-01
   0.25573E+02   0.35514E-01   0.10483E-01
   0.25590E+02   0.35513E-01   0.10484E-01
   0.25608E+02   0.35512E-01   0.10485E-01
   0.25625E+02   0.35510E-01   0.10486E-01
