   0.25955E+02   0.35485E-01   0.10467E-01
   0.25972E+02   0.35483E-01   0.10469E-01
   0.25990E+02   0.35482E-01   0.10470E-01
   0.26007E+02   0.35481E-01   0.10469E-01
   0.26024E+02   0.35480E-01   0.10467E-01
   0.26042E+02   0.35478E-01   0.10466E-01
   0.26059E+02   0.35477E-01   0.10464E-01
   0.26076E+02   0.35476E-01   0.10461E-01
   0.26094E+02   0.35474E-01   0.10460E-01
   0.26111E+02   0.35473E-01   0.10461E-01
   0.26128E+02   0.35471E-01   0.10463E-01
   0.26146E+02   0.35470E-01   0.10465E-01
   0.26163E+02   0.35469E-01   0.10464E-01
   0.26181E+02   0.35467E-01   0.10460E-01
   0.26198E+02   0.35466E-01   0.10458E-01
   0.26215E+02   0.35465E-01   0.10457E-01
   0.26233E+02   0.35464E-01   0.10456E-01
   0.26250E+02   0.35462E-01   0.10458E-01
