   0.25017E+02   0.35557E-01   0.10508E-01
   0.25035E+02   0.35556E-01   0.10507E-01
   0.25052E+02   0.35555E-01   0.10508E-01
   0.25069E+02   0.35553E-01   0.10509E-01
   0.25087E+02   0.35552E-01   0.10510E-01
   0.25104E+02   0.35551E-01   0.10509E-01
   0.25122E+02   0.35549E-01   0.10506E-01
   0.25139E+02   0.35548E-01   0.10503E-01
   0.25156E+02   0.35547E-01   0.10501E-01
   0.25174E+02   0.35546E-01   0.10500E-01
   0.25191E+02   0.35544E-01   0.10502E-01
   0.25208E+02   0.35543E-01   0.10504E-01
   0.25226E+02   0.35541E-01   0.10506E-01
   0.25243E+02   0.35540E-01   0.10505E-01
   0.25260E+02   0.35539E-01   0.10502E-01
   0.25278E+02   0.35537E-01   0.10498E-01
   0.25295E+02   0.35536E-01   0.10495E-01
   0.25312E+02   0.35535E-01   0.10493E-01
