   0.22517E+02   0.35750E-01   0.10568E-01
   0.22535E+02   0.35749E-01   0.10571E-01
   0.22552E+02   0.35747E-01   0.10572E-01
   0.22569E+02   0.35746E-01   0.10571E-01
   0.22587E+02   0.35745E-01   0.10567E-01
   0.22604E+02   0.35743E-01   0.10562E-01
   0.22622E+02   0.35742E-01   0.10560E-01
   0.22639E+02   0.35740E-01   0.10562E-01
   0.22656E+02   0.35739E-01   0.10566E-01
   0.22674E+02   0.35738E-01   0.10568E-01
   0.22691E+02   0.35737E-01   0.10569E-01
   0.22708E+02   0.35735E-01   0.10569E-01
   0.22726E+02   0.35734E-01   0.10566E-01
   0.22743E+02   0.35733E-01   0.10562E-01
   0.22760E+02   0.35731E-01   0.10558E-01
   0.22778E+02   0.35730E-01   0.10558E-01
   0.22795E+02   0.35728E-01   0.10561E-01
   0.22812E+02   0.35727E-01   0.10563E-01
