   0.11267E+02   0.36592E-01   0.10464E-01
   0.11285E+02   0.36591E-01   0.10465E-01
   0.11302E+02   0.36590E-01   0.10465E-01
   0.11319E+02   0.36588E-01   0.10465E-01
   0.11337E+02   0.36587E-01   0.10464E-01
   0.11354E+02   0.36586E-01   0.10465E-01
   0.11372E+02   0.36585E-01   0.10467E-01
   0.11389E+02   0.36583E-01   0.10468E-01
   0.11406E+02   0.36582E-01   0.10469E-01
   0.11424E+02   0.36581E-01   0.10468E-01
   0.11441E+02   0.36579E-01   0.10468E-01
   0.11458E+02   0.36578E-01   0.10468E-01
   0.11476E+02   0.36577E-01   0.10468E-01
   0.11493E+02   0.36576E-01   0.10468E-01
   0.11510E+02   0.36574E-01   0.10470E-01
   0.11528E+02   0.36573E-01   0.10472E-01
   0.11545E+02   0.36572E-01   0.10473E-01
   0.11562E+02   0.36571E-01   0.10472E-01
