   0.14080E+02   0.36386E-01   0.10523E-01
   0.14097E+02   0.36384E-01   0.10523E-01
   0.14115E+02   0.36383E-01   0.10523E-01
   0.14132E+02   0.36382E-01   0.10523E-01
   0.14149E+02   0.36380E-01   0.10524E-01
   0.14167E+02   0.36379E-01   0.10526E-01
   0.14184E+02   0.36378E-01   0.10528E-01
   0.14201E+02   0.36377E-01   0.10526E-01
   0.14219E+02   0.36375E-01   0.10524E-01
   0.14236E+02   0.36374E-01   0.10523E-01
   0.14253E+02   0.36373E-01   0.10524E-01
   0.14271E+02   0.36371E-01   0.10526E-01
   0.14288E+02   0.36370E-01   0.10527E-01
   0.14306E+02   0.36369E-01   0.10529E-01
   0.14323E+02   0.36367E-01   0.10530E-01
   0.14340E+02   0.36366E-01   0.10528E-01
   0.14358E+02   0.36365E-01   0.10525E-01
   0.14375E+02   0.36364E-01   0.10525E-01
