   0.22205E+02   0.35774E-01   0.10572E-01
   0.22222E+02   0.35772E-01   0.10571E-01
   0.22240E+02   0.35771E-01   0.10571E-01
   0.22257E+02   0.35770E-01   0.10571E-01
   0.22274E+02   0.35768E-01   0.10571E-01
   0.22292E+02   0.35767E-01   0.10571E-01
   0.22309E+02   0.35765E-01   0.10571E-01
   0.22326E+02   0.35764E-01   0.10571E-01
   0.22344E+02   0.35763E-01   0.10570E-01
   0.22361E+02   0.35762E-01   0.10568E-01
   0.22378E+02   0.35760E-01   0.10569E-01
   0.22396E+02   0.35759E-01   0.10570E-01
   0.22413E+02   0.35758E-01   0.10571E-01
   0.22431E+02   0.35756E-01   0.10571E-01
   0.22448E+02   0.35755E-01   0.10569E-01
   0.22465E+02   0.35753E-01   0.10566E-01
   0.22483E+02   0.35752E-01   0.10564E-01
   0.22500E+02   0.35751E-01   0.10566E-01
