   0.37674E+01   0.37131E-01   0.10567E-01
   0.37847E+01   0.37130E-01   0.10568E-01
   0.38021E+01   0.37129E-01   0.10569E-01
   0.38194E+01   0.37127E-01   0.10570E-01
   0.38368E+01   0.37126E-01   0.10569E-01
   0.38542E+01   0.37125E-01   0.10568E-01
   0.38715E+01   0.37124E-01   0.10566E-01
   0.38889E+01   0.37123E-01   0.10565E-01
   0.39062E+01   0.37121E-01   0.10566E-01
   0.39236E+01   0.37120E-01   0.10568E-01
   0.39410E+01   0.37119E-01   0.10570E-01
   0.39583E+01   0.37118E-01   0.10569E-01
   0.39757E+01   0.37116E-01   0.10567E-01
   0.39931E+01   0.37115E-01   0.10565E-01
   0.40104E+01   0.37114E-01   0.10563E-01
   0.40278E+01   0.37113E-01   0.10562E-01
   0.40451E+01   0.37111E-01   0.10564E-01
   0.40625E+01   0.37110E-01   0.10565E-01
