   0.28142E+02   0.35316E-01   0.10383E-01
   0.28160E+02   0.35314E-01   0.10381E-01
   0.28177E+02   0.35313E-01   0.10381E-01
   0.28194E+02   0.35312E-01   0.10381E-01
   0.28212E+02   0.35310E-01   0.10379E-01
   0.28229E+02   0.35309E-01   0.10378E-01
   0.28247E+02   0.35308E-01   0.10378E-01
   0.28264E+02   0.35306E-01   0.10377E-01
   0.28281E+02   0.35305E-01   0.10376E-01
   0.28299E+02   0.35303E-01   0.10376E-01
   0.28316E+02   0.35302E-01   0.10376E-01
   0.28333E+02   0.35301E-01   0.10378E-01
   0.28351E+02   0.35300E-01   0.10377E-01
   0.28368E+02   0.35298E-01   0.10374E-01
   0.28385E+02   0.35297E-01   0.10371E-01
   0.28403E+02   0.35295E-01   0.10368E-01
   0.28420E+02   0.35294E-01   0.10366E-01
   0.28438E+02   0.35292E-01   0.10366E-01
