   0.25174E+01   0.37220E-01   0.10395E-01
   0.25347E+01   0.37219E-01   0.10400E-01
   0.25521E+01   0.37217E-01   0.10404E-01
   0.25694E+01   0.37216E-01   0.10410E-01
   0.25868E+01   0.37215E-01   0.10416E-01
   0.26042E+01   0.37214E-01   0.10422E-01
   0.26215E+01   0.37213E-01   0.10428E-01
   0.26389E+01   0.37211E-01   0.10432E-01
   0.26562E+01   0.37210E-01   0.10436E-01
   0.26736E+01   0.37209E-01   0.10439E-01
   0.26910E+01   0.37208E-01   0.10444E-01
   0.27083E+01   0.37206E-01   0.10449E-01
   0.27257E+01   0.37205E-01   0.10455E-01
   0.27431E+01   0.37204E-01   0.10459E-01
   0.27604E+01   0.37203E-01   0.10462E-01
   0.27778E+01   0.37201E-01   0.10466E-01
   0.27951E+01   0.37200E-01   0.10469E-01
   0.28125E+01   0.37199E-01   0.10473E-01
