   0.27517E+02   0.35364E-01   0.10409E-01
   0.27535E+02   0.35363E-01   0.10408E-01
   0.27552E+02   0.35362E-01   0.10405E-01
   0.27569E+02   0.35360E-01   0.10405E-01
   0.27587E+02   0.35359E-01   0.10405E-01
   0.27604E+02   0.35357E-01   0.10405E-01
   0.27622E+02   0.35356E-01   0.10404E-01
   0.27639E+02   0.35355E-01   0.10403E-01
   0.27656E+02   0.35353E-01   0.10401E-01
   0.27674E+02   0.35352E-01   0.10398E-01
   0.27691E+02   0.35351E-01   0.10396E-01
   0.27708E+02   0.35349E-01   0.10396E-01
   0.27726E+02   0.35348E-01   0.10397E-01
   0.27743E+02   0.35347E-01   0.10398E-01
   0.27760E+02   0.35345E-01   0.10399E-01
   0.27778E+02   0.35344E-01   0.10399E-01
   0.27795E+02   0.35343E-01   0.10398E-01
   0.27812E+02   0.35341E-01   0.10395E-01
