   0.29705E+02   0.35193E-01   0.10297E-01
   0.29722E+02   0.35192E-01   0.10294E-01
   0.29740E+02   0.35191E-01   0.10291E-01
   0.29757E+02   0.35189E-01   0.10290E-01
   0.29774E+02   0.35188E-01   0.10289E-01
   0.29792E+02   0.35187E-01   0.10289E-01
   0.29809E+02   0.35185E-01   0.10287E-01
   0.29826E+02   0.35184E-01   0.10286E-01
   0.29844E+02   0.35183E-01   0.10283E-01
   0.29861E+02   0.35181E-01   0.10277E-01
   0.29878E+02   0.35180E-01   0.10273E-01
   0.29896E+02   0.35179E-01   0.10265E-01
   0.29913E+02   0.35177E-01   0.10269E-01
   0.29931E+02   0.35176E-01   0.10258E-01
   0.29948E+02   0.35175E-01   0.10261E-01
   0.29965E+02   0.35173E-01   0.10248E-01
   0.29983E+02   0.35172E-01   0.10223E-01
   0.30000E+02   0.35173E-01   0.10230E-01
