   0.10017E+02   0.36683E-01   0.10432E-01
   0.10035E+02   0.36682E-01   0.10433E-01
   0.10052E+02   0.36681E-01   0.10435E-01
   0.10069E+02   0.36679E-01   0.10437E-01
   0.10087E+02   0.36678E-01   0.10438E-01
   0.10104E+02   0.36677E-01   0.10438E-01
   0.10122E+02   0.36676E-01   0.10435E-01
   0.10139E+02   0.36674E-01   0.10434E-01
   0.10156E+02   0.36673E-01   0.10435E-01
   0.10174E+02   0.36672E-01   0.10436E-01
   0.10191E+02   0.36671E-01   0.10438E-01
   0.10208E+02   0.36669E-01   0.10439E-01
   0.10226E+02   0.36668E-01   0.10440E-01
   0.10243E+02   0.36667E-01   0.10439E-01
   0.10260E+02   0.36665E-01   0.10438E-01
   0.10278E+02   0.36664E-01   0.10437E-01
   0.10295E+02   0.36663E-01   0.10438E-01
   0.10312E+02   0.36662E-01   0.10439E-01
