   0.10642E+02   0.36638E-01   0.10445E-01
   0.10660E+02   0.36636E-01   0.10446E-01
   0.10677E+02   0.36635E-01   0.10448E-01
   0.10694E+02   0.36634E-01   0.10449E-01
   0.10712E+02   0.36633E-01   0.10450E-01
   0.10729E+02   0.36631E-01   0.10450E-01
   0.10747E+02   0.36630E-01   0.10449E-01
   0.10764E+02   0.36629E-01   0.10448E-01
   0.10781E+02   0.36628E-01   0.10449E-01
   0.10799E+02   0.36626E-01   0.10450E-01
   0.10816E+02   0.36625E-01   0.10452E-01
   0.10833E+02   0.36624E-01   0.10453E-01
   0.10851E+02   0.36623E-01   0.10453E-01
   0.10868E+02   0.36621E-01   0.10452E-01
   0.10885E+02   0.36620E-01   0.10452E-01
   0.10903E+02   0.36619E-01   0.10452E-01
   0.10920E+02   0.36618E-01   0.10454E-01
   0.10938E+02   0.36616E-01   0.10455E-01
