   0.18924E+01   0.37264E-01   0.10101E-01
   0.19097E+01   0.37263E-01   0.10111E-01
   0.19271E+01   0.37262E-01   0.10121E-01
   0.19444E+01   0.37260E-01   0.10131E-01
   0.19618E+01   0.37259E-01   0.10143E-01
   0.19792E+01   0.37258E-01   0.10154E-01
   0.19965E+01   0.37257E-01   0.10164E-01
   0.20139E+01   0.37256E-01   0.10173E-01
   0.20312E+01   0.37254E-01   0.10181E-01
   0.20486E+01   0.37253E-01   0.10190E-01
   0.20660E+01   0.37252E-01   0.10200E-01
   0.20833E+01   0.37251E-01   0.10211E-01
   0.21007E+01   0.37249E-01   0.10220E-01
   0.21181E+01   0.37248E-01   0.10229E-01
   0.21354E+01   0.37247E-01   0.10236E-01
   0.21528E+01   0.37246E-01   0.10244E-01
   0.21701E+01   0.37244E-01   0.10252E-01
   0.21875E+01   0.37243E-01   0.10261E-01
