   0.15799E+01   0.37286E-01   0.98786E-02
   0.15972E+01   0.37285E-01   0.98929E-02
   0.16146E+01   0.37284E-01   0.99074E-02
   0.16319E+01   0.37282E-01   0.99213E-02
   0.16493E+01   0.37281E-01   0.99343E-02
   0.16667E+01   0.37280E-01   0.99465E-02
   0.16840E+01   0.37279E-01   0.99585E-02
   0.17014E+01   0.37278E-01   0.99708E-02
   0.17188E+01   0.37276E-01   0.99834E-02
   0.17361E+01   0.37275E-01   0.99961E-02
   0.17535E+01   0.37274E-01   0.10009E-01
   0.17708E+01   0.37273E-01   0.10021E-01
   0.17882E+01   0.37271E-01   0.10032E-01
   0.18056E+01   0.37270E-01   0.10044E-01
   0.18229E+01   0.37269E-01   0.10055E-01
   0.18403E+01   0.37268E-01   0.10066E-01
   0.18576E+01   0.37267E-01   0.10078E-01
   0.18750E+01   0.37265E-01   0.10090E-01
