   0.84549E+01   0.36796E-01   0.10421E-01
   0.84722E+01   0.36795E-01   0.10422E-01
   0.84896E+01   0.36794E-01   0.10424E-01
   0.85069E+01   0.36792E-01   0.10424E-01
   0.85243E+01   0.36791E-01   0.10423E-01
   0.85417E+01   0.36790E-01   0.10422E-01
   0.85590E+01   0.36789E-01   0.10422E-01
   0.85764E+01   0.36787E-01   0.10423E-01
   0.85938E+01   0.36786E-01   0.10423E-01
   0.86111E+01   0.36785E-01   0.10423E-01
   0.86285E+01   0.36784E-01   0.10423E-01
   0.86458E+01   0.36782E-01   0.10423E-01
   0.86632E+01   0.36781E-01   0.10423E-01
   0.86806E+01   0.36780E-01   0.10423E-01
   0.86979E+01   0.36779E-01   0.10423E-01
   0.87153E+01   0.36777E-01   0.10424E-01
   0.87326E+01   0.36776E-01   0.10424E-01
   0.87500E+01   0.36775E-01   0.10423E-01
