   0.29080E+02   0.35242E-01   0.10340E-01
   0.29097E+02   0.35241E-01   0.10338E-01
   0.29115E+02   0.35239E-01   0.10338E-01
   0.29132E+02   0.35238E-01   0.10339E-01
   0.29149E+02   0.35236E-01   0.10339E-01
   0.29167E+02   0.35235E-01   0.10336E-01
   0.29184E+02   0.35233E-01   0.10334E-01
   0.29201E+02   0.35232E-01   0.10332E-01
   0.29219E+02   0.35231E-01   0.10330E-01
   0.29236E+02   0.35230E-01   0.10329E-01
   0.29253E+02   0.35229E-01   0.10330E-01
   0.29271E+02   0.35228E-01   0.10333E-01
   0.29288E+02   0.35226E-01   0.10335E-01
   0.29306E+02   0.35225E-01   0.10333E-01
   0.29323E+02   0.35223E-01   0.10326E-01
   0.29340E+02   0.35221E-01   0.10320E-01
   0.29358E+02   0.35220E-01   0.10318E-01
   0.29375E+02   0.35219E-01   0.10320E-01
