   0.23455E+02   0.35678E-01   0.10550E-01
   0.23472E+02   0.35676E-01   0.10549E-01
   0.23490E+02   0.35675E-01   0.10547E-01
   0.23507E+02   0.35674E-01   0.10546E-01
   0.23524E+02   0.35672E-01   0.10545E-01
   0.23542E+02   0.35671E-01   0.10546E-01
   0.23559E+02   0.35670E-01   0.10547E-01
   0.23576E+02   0.35669E-01   0.10547E-01
   0.23594E+02   0.35667E-01   0.10545E-01
   0.23611E+02   0.35666E-01   0.10544E-01
   0.23628E+02   0.35664E-01   0.10544E-01
   0.23646E+02   0.35663E-01   0.10544E-01
   0.23663E+02   0.35662E-01   0.10544E-01
   0.23681E+02   0.35660E-01   0.10544E-01
   0.23698E+02   0.35659E-01   0.10544E-01
   0.23715E+02   0.35658E-01   0.10544E-01
   0.23733E+02   0.35657E-01   0.10544E-01
   0.23750E+02   0.35655E-01   0.10543E-01
