   0.14705E+02   0.36339E-01   0.10535E-01
   0.14722E+02   0.36338E-01   0.10534E-01
   0.14740E+02   0.36337E-01   0.10533E-01
   0.14757E+02   0.36335E-01   0.10534E-01
   0.14774E+02   0.36334E-01   0.10538E-01
   0.14792E+02   0.36333E-01   0.10540E-01
   0.14809E+02   0.36331E-01   0.10539E-01
   0.14826E+02   0.36330E-01   0.10537E-01
   0.14844E+02   0.36329E-01   0.10535E-01
   0.14861E+02   0.36328E-01   0.10536E-01
   0.14878E+02   0.36327E-01   0.10536E-01
   0.14896E+02   0.36325E-01   0.10538E-01
   0.14913E+02   0.36324E-01   0.10541E-01
   0.14931E+02   0.36323E-01   0.10543E-01
   0.14948E+02   0.36321E-01   0.10542E-01
   0.14965E+02   0.36320E-01   0.10539E-01
   0.14983E+02   0.36319E-01   0.10537E-01
   0.15000E+02   0.36317E-01   0.10537E-01
