   0.18142E+02   0.36082E-01   0.10580E-01
   0.18160E+02   0.36081E-01   0.10579E-01
   0.18177E+02   0.36079E-01   0.10579E-01
   0.18194E+02   0.36078E-01   0.10579E-01
   0.18212E+02   0.36077E-01   0.10580E-01
   0.18229E+02   0.36076E-01   0.10582E-01
   0.18247E+02   0.36075E-01   0.10582E-01
   0.18264E+02   0.36073E-01   0.10582E-01
   0.18281E+02   0.36072E-01   0.10582E-01
   0.18299E+02   0.36071E-01   0.10582E-01
   0.18316E+02   0.36069E-01   0.10581E-01
   0.18333E+02   0.36068E-01   0.10578E-01
   0.18351E+02   0.36066E-01   0.10577E-01
   0.18368E+02   0.36065E-01   0.10578E-01
   0.18385E+02   0.36064E-01   0.10582E-01
   0.18403E+02   0.36063E-01   0.10586E-01
   0.18420E+02   0.36062E-01   0.10587E-01
   0.18438E+02   0.36060E-01   0.10585E-01
