   0.19392E+02   0.35988E-01   0.10586E-01
   0.19410E+02   0.35987E-01   0.10587E-01
   0.19427E+02   0.35985E-01   0.10589E-01
   0.19444E+02   0.35984E-01   0.10588E-01
   0.19462E+02   0.35983E-01   0.10586E-01
   0.19479E+02   0.35982E-01   0.10582E-01
   0.19497E+02   0.35980E-01   0.10580E-01
   0.19514E+02   0.35979E-01   0.10582E-01
   0.19531E+02   0.35978E-01   0.10586E-01
   0.19549E+02   0.35976E-01   0.10590E-01
   0.19566E+02   0.35975E-01   0.10590E-01
   0.19583E+02   0.35974E-01   0.10588E-01
   0.19601E+02   0.35972E-01   0.10586E-01
   0.19618E+02   0.35971E-01   0.10583E-01
   0.19635E+02   0.35970E-01   0.10582E-01
   0.19653E+02   0.35968E-01   0.10583E-01
   0.19670E+02   0.35967E-01   0.10586E-01
   0.19688E+02   0.35966E-01   0.10589E-01
