   0.16580E+02   0.36200E-01   0.10557E-01
   0.16597E+02   0.36198E-01   0.10556E-01
   0.16615E+02   0.36197E-01   0.10557E-01
   0.16632E+02   0.36196E-01   0.10560E-01
   0.16649E+02   0.36194E-01   0.10562E-01
   0.16667E+02   0.36193E-01   0.10562E-01
   0.16684E+02   0.36192E-01   0.10562E-01
   0.16701E+02   0.36190E-01   0.10561E-01
   0.16719E+02   0.36189E-01   0.10559E-01
   0.16736E+02   0.36188E-01   0.10558E-01
   0.16753E+02   0.36187E-01   0.10560E-01
   0.16771E+02   0.36185E-01   0.10562E-01
   0.16788E+02   0.36184E-01   0.10562E-01
   0.16806E+02   0.36182E-01   0.10562E-01
   0.16823E+02   0.36181E-01   0.10563E-01
   0.16840E+02   0.36180E-01   0.10565E-01
   0.16858E+02   0.36179E-01   0.10565E-01
   0.16875E+02   0.36177E-01   0.10563E-01
