   0.18455E+02   0.36059E-01   0.10582E-01
   0.18472E+02   0.36058E-01   0.10580E-01
   0.18490E+02   0.36056E-01   0.10578E-01
   0.18507E+02   0.36055E-01   0.10578E-01
   0.18524E+02   0.36053E-01   0.10580E-01
   0.18542E+02   0.36052E-01   0.10582E-01
   0.18559E+02   0.36051E-01   0.10584E-01
   0.18576E+02   0.36050E-01   0.10585E-01
   0.18594E+02   0.36049E-01   0.10586E-01
   0.18611E+02   0.36047E-01   0.10585E-01
   0.18628E+02   0.36046E-01   0.10582E-01
   0.18646E+02   0.36044E-01   0.10579E-01
   0.18663E+02   0.36043E-01   0.10577E-01
   0.18681E+02   0.36042E-01   0.10578E-01
   0.18698E+02   0.36040E-01   0.10581E-01
   0.18715E+02   0.36039E-01   0.10582E-01
   0.18733E+02   0.36038E-01   0.10584E-01
   0.18750E+02   0.36037E-01   0.10585E-01
