   0.21580E+02   0.35821E-01   0.10575E-01
   0.21597E+02   0.35820E-01   0.10575E-01
   0.21615E+02   0.35819E-01   0.10577E-01
   0.21632E+02   0.35818E-01   0.10581E-01
   0.21649E+02   0.35816E-01   0.10582E-01
   0.21667E+02   0.35815E-01   0.10582E-01
   0.21684E+02   0.35814E-01   0.10582E-01
   0.21701E+02   0.35812E-01   0.10581E-01
   0.21719E+02   0.35811E-01   0.10579E-01
   0.21736E+02   0.35809E-01   0.10576E-01
   0.21753E+02   0.35808E-01   0.10575E-01
   0.21771E+02   0.35807E-01   0.10576E-01
   0.21788E+02   0.35805E-01   0.10579E-01
   0.21806E+02   0.35804E-01   0.10579E-01
   0.21823E+02   0.35803E-01   0.10578E-01
   0.21840E+02   0.35801E-01   0.10576E-01
   0.21858E+02   0.35800E-01   0.10576E-01
   0.21875E+02   0.35799E-01   0.10577E-01
