   0.22830E+02   0.35726E-01   0.10565E-01
   0.22847E+02   0.35724E-01   0.10566E-01
   0.22865E+02   0.35723E-01   0.10564E-01
   0.22882E+02   0.35722E-01   0.10560E-01
   0.22899E+02   0.35721E-01   0.10557E-01
   0.22917E+02   0.35719E-01   0.10555E-01
   0.22934E+02   0.35718E-01   0.10556E-01
   0.22951E+02   0.35717E-01   0.10559E-01
   0.22969E+02   0.35715E-01   0.10563E-01
   0.22986E+02   0.35714E-01   0.10564E-01
   0.23003E+02   0.35712E-01   0.10563E-01
   0.23021E+02   0.35711E-01   0.10559E-01
   0.23038E+02   0.35710E-01   0.10555E-01
   0.23056E+02   0.35708E-01   0.10553E-01
   0.23073E+02   0.35707E-01   0.10553E-01
   0.23090E+02   0.35706E-01   0.10554E-01
   0.23108E+02   0.35705E-01   0.10558E-01
   0.23125E+02   0.35703E-01   0.10562E-01
