   0.68924E+01   0.36908E-01   0.10441E-01
   0.69097E+01   0.36907E-01   0.10441E-01
   0.69271E+01   0.36906E-01   0.10440E-01
   0.69444E+01   0.36905E-01   0.10439E-01
   0.69618E+01   0.36903E-01   0.10438E-01
   0.69792E+01   0.36902E-01   0.10437E-01
   0.69965E+01   0.36901E-01   0.10436E-01
   0.70139E+01   0.36900E-01   0.10436E-01
   0.70312E+01   0.36898E-01   0.10437E-01
   0.70486E+01   0.36897E-01   0.10436E-01
   0.70660E+01   0.36896E-01   0.10435E-01
   0.70833E+01   0.36895E-01   0.10434E-01
   0.71007E+01   0.36894E-01   0.10434E-01
   0.71181E+01   0.36892E-01   0.10433E-01
   0.71354E+01   0.36891E-01   0.10433E-01
   0.71528E+01   0.36890E-01   0.10432E-01
   0.71701E+01   0.36888E-01   0.10432E-01
   0.71875E+01   0.36887E-01   0.10432E-01
