   0.93924E+01   0.36728E-01   0.10427E-01
   0.94097E+01   0.36727E-01   0.10428E-01
   0.94271E+01   0.36726E-01   0.10429E-01
   0.94444E+01   0.36725E-01   0.10429E-01
   0.94618E+01   0.36724E-01   0.10428E-01
   0.94792E+01   0.36722E-01   0.10428E-01
   0.94965E+01   0.36721E-01   0.10428E-01
   0.95139E+01   0.36720E-01   0.10428E-01
   0.95312E+01   0.36718E-01   0.10428E-01
   0.95486E+01   0.36717E-01   0.10429E-01
   0.95660E+01   0.36716E-01   0.10429E-01
   0.95833E+01   0.36715E-01   0.10430E-01
   0.96007E+01   0.36713E-01   0.10430E-01
   0.96181E+01   0.36712E-01   0.10430E-01
   0.96354E+01   0.36711E-01   0.10430E-01
   0.96528E+01   0.36710E-01   0.10430E-01
   0.96701E+01   0.36708E-01   0.10430E-01
   0.96875E+01   0.36707E-01   0.10431E-01
