   0.34549E+01   0.37153E-01   0.10555E-01
   0.34722E+01   0.37152E-01   0.10556E-01
   0.34896E+01   0.37151E-01   0.10558E-01
   0.35069E+01   0.37150E-01   0.10560E-01
   0.35243E+01   0.37148E-01   0.10562E-01
   0.35417E+01   0.37147E-01   0.10563E-01
   0.35590E+01   0.37146E-01   0.10562E-01
   0.35764E+01   0.37145E-01   0.10561E-01
   0.35938E+01   0.37143E-01   0.10561E-01
   0.36111E+01   0.37142E-01   0.10562E-01
   0.36285E+01   0.37141E-01   0.10564E-01
   0.36458E+01   0.37140E-01   0.10566E-01
   0.36632E+01   0.37139E-01   0.10567E-01
   0.36806E+01   0.37137E-01   0.10566E-01
   0.36979E+01   0.37136E-01   0.10566E-01
   0.37153E+01   0.37135E-01   0.10565E-01
   0.37326E+01   0.37134E-01   0.10566E-01
   0.37500E+01   0.37132E-01   0.10566E-01
