   0.18650E+03   0.17917E-01   0.25302E-06   0.32821E-10   0.23566E-04  -0.31787E-06   0.12940E-04
   0.18190E+03   0.29822E-01   0.54892E-06  -0.51893E-08   0.38352E-04  -0.90629E-06   0.22408E-04
   0.17732E+03   0.41667E-01   0.84030E-06  -0.14273E-07   0.41344E-04  -0.12778E-05   0.32976E-04
   0.17279E+03   0.53429E-01   0.10200E-05  -0.23452E-07   0.32748E-04  -0.97472E-06   0.45141E-04
   0.16830E+03   0.65086E-01   0.12020E-05  -0.28204E-07   0.32759E-04  -0.75878E-06   0.57763E-04
   0.16385E+03   0.76617E-01   0.13880E-05  -0.30549E-07   0.33129E-04  -0.47976E-06   0.70177E-04
   0.15947E+03   0.88001E-01   0.15129E-05  -0.30591E-07   0.27531E-04  -0.32336E-06   0.83181E-04
   0.15515E+03   0.99219E-01   0.16687E-05  -0.30290E-07   0.30029E-04  -0.33958E-06   0.97121E-04
   0.15090E+03   0.11025E+00   0.19434E-05  -0.34937E-07   0.41499E-04  -0.11663E-05   0.11127E-03
   0.14674E+03   0.12109E+00   0.21757E-05  -0.45477E-07   0.38648E-04  -0.14465E-05   0.12602E-03
   0.14265E+03   0.13171E+00   0.24008E-05  -0.55212E-07   0.38789E-04  -0.12001E-05   0.14118E-03
   0.13866E+03   0.14210E+00   0.27029E-05  -0.63693E-07   0.47357E-04  -0.15270E-05   0.15613E-03
   0.13475E+03   0.15226E+00   0.31164E-05  -0.77549E-07   0.60323E-04  -0.22869E-05   0.17127E-03
   0.13095E+03   0.16217E+00   0.35367E-05  -0.96132E-07   0.63483E-04  -0.25494E-05   0.18744E-03
   0.12725E+03   0.17182E+00   0.39523E-05  -0.11615E-06   0.65435E-04  -0.31580E-05   0.20507E-03
   0.12365E+03   0.18121E+00   0.43430E-05  -0.14377E-06   0.65098E-04  -0.43526E-05   0.22413E-03
   0.12015E+03   0.19033E+00   0.46798E-05  -0.17418E-06   0.61177E-04  -0.35508E-05   0.24423E-03
   0.11676E+03   0.19918E+00   0.49692E-05  -0.19329E-06   0.57425E-04  -0.24965E-05   0.26482E-03
   0.11347E+03   0.20776E+00   0.52784E-05  -0.20484E-06   0.61285E-04  -0.25932E-05   0.28548E-03
   0.11029E+03   0.21607E+00   0.56340E-05  -0.22281E-06   0.68773E-04  -0.40802E-05   0.30616E-03
   0.10721E+03   0.22410E+00   0.60578E-05  -0.25505E-06   0.79732E-04  -0.59796E-05   0.32675E-03
   0.10424E+03   0.23187E+00   0.65103E-05  -0.29566E-06   0.86390E-04  -0.65929E-05   0.34727E-03
   0.10136E+03   0.23937E+00   0.69701E-05  -0.32736E-06   0.90587E-04  -0.43678E-05   0.36789E-03
   0.98594E+02   0.24660E+00   0.73985E-05  -0.34384E-06   0.89422E-04  -0.30654E-05   0.38860E-03
   0.95923E+02   0.25358E+00   0.78105E-05  -0.36181E-06   0.90143E-04  -0.52417E-05   0.40915E-03
   0.93350E+02   0.26031E+00   0.82101E-05  -0.39689E-06   0.91336E-04  -0.82905E-05   0.42971E-03
   0.90870E+02   0.26678E+00   0.86680E-05  -0.45026E-06   0.10368E-03  -0.11426E-04   0.45016E-03
   0.88482E+02   0.27302E+00   0.91744E-05  -0.51727E-06   0.11544E-03  -0.13788E-04   0.47054E-03
   0.86184E+02   0.27902E+00   0.96299E-05  -0.59055E-06   0.11105E-03  -0.14348E-04   0.49096E-03
   0.83972E+02   0.28480E+00   0.10059E-04  -0.65850E-06   0.11036E-03  -0.13000E-04   0.51132E-03
   0.81844E+02   0.29036E+00   0.10502E-04  -0.71279E-06   0.11656E-03  -0.10963E-04   0.53131E-03
   0.79795E+02   0.29571E+00   0.10935E-04  -0.75536E-06   0.11875E-03  -0.97784E-05   0.55079E-03
   0.77824E+02   0.30086E+00   0.11370E-04  -0.78910E-06   0.12325E-03  -0.89088E-05   0.56968E-03
   0.75927E+02   0.30581E+00   0.11825E-04  -0.82566E-06   0.13162E-03  -0.12098E-04   0.58806E-03
   0.74101E+02   0.31058E+00   0.12310E-04  -0.87966E-06   0.14272E-03  -0.16053E-04   0.60587E-03
   0.72343E+02   0.31516E+00   0.12834E-04  -0.94636E-06   0.15614E-03  -0.18605E-04   0.62307E-03
   0.70651E+02   0.31958E+00   0.13454E-04  -0.10215E-05   0.18438E-03  -0.21851E-04   0.63964E-03
   0.69020E+02   0.32384E+00   0.14163E-04  -0.11097E-05   0.21241E-03  -0.26644E-04   0.65588E-03
   0.67449E+02   0.32794E+00   0.14881E-04  -0.12194E-05   0.22276E-03  -0.33542E-04   0.67217E-03
   0.65935E+02   0.33189E+00   0.15556E-04  -0.13420E-05   0.21970E-03  -0.35745E-04   0.68875E-03
   0.64475E+02   0.33570E+00   0.16231E-04  -0.14667E-05   0.22767E-03  -0.38172E-04   0.70560E-03
   0.63066E+02   0.33938E+00   0.16915E-04  -0.15930E-05   0.23826E-03  -0.39501E-04   0.72268E-03
   0.61705E+02   0.34293E+00   0.17608E-04  -0.17212E-05   0.24863E-03  -0.42859E-04   0.73986E-03
   0.60389E+02   0.34636E+00   0.18304E-04  -0.18570E-05   0.25827E-03  -0.46670E-04   0.75704E-03
   0.59118E+02   0.34968E+00   0.18967E-04  -0.19905E-05   0.25638E-03  -0.44515E-04   0.77410E-03
   0.57887E+02   0.35289E+00   0.19602E-04  -0.21123E-05   0.25568E-03  -0.43391E-04   0.79082E-03
   0.56694E+02   0.35600E+00   0.20207E-04  -0.22271E-05   0.25349E-03  -0.42779E-04   0.80711E-03
   0.55538E+02   0.35902E+00   0.20843E-04  -0.23448E-05   0.27158E-03  -0.47680E-04   0.82289E-03
   0.54416E+02   0.36194E+00   0.21508E-04  -0.24679E-05   0.28907E-03  -0.49915E-04   0.83819E-03
   0.53327E+02   0.36478E+00   0.22210E-04  -0.25969E-05   0.31096E-03  -0.55774E-04   0.85306E-03
   0.52269E+02   0.36754E+00   0.22971E-04  -0.27442E-05   0.34147E-03  -0.65872E-04   0.86752E-03
   0.51239E+02   0.37022E+00   0.23781E-04  -0.29118E-05   0.36897E-03  -0.74090E-04   0.88163E-03
   0.50236E+02   0.37283E+00   0.24634E-04  -0.30957E-05   0.39591E-03  -0.82934E-04   0.89546E-03
   0.49260E+02   0.37538E+00   0.25484E-04  -0.32886E-05   0.40500E-03  -0.85292E-04   0.90908E-03
   0.48307E+02   0.37786E+00   0.26321E-04  -0.34775E-05   0.41006E-03  -0.84671E-04   0.92254E-03
   0.47377E+02   0.38028E+00   0.27155E-04  -0.36646E-05   0.41897E-03  -0.89529E-04   0.93584E-03
   0.46468E+02   0.38265E+00   0.27992E-04  -0.38554E-05   0.42956E-03  -0.92295E-04   0.94901E-03
   0.45578E+02   0.38496E+00   0.28833E-04  -0.40517E-05   0.44127E-03  -0.99172E-04   0.96203E-03
   0.44708E+02   0.38723E+00   0.29681E-04  -0.42606E-05   0.45409E-03  -0.10735E-03   0.97492E-03
   0.43855E+02   0.38945E+00   0.30530E-04  -0.44791E-05   0.46338E-03  -0.11167E-03   0.98764E-03
   0.43019E+02   0.39162E+00   0.31400E-04  -0.46975E-05   0.48299E-03  -0.11253E-03   0.10002E-02
   0.42197E+02   0.39376E+00   0.32361E-04  -0.49210E-05   0.53547E-03  -0.12224E-03   0.10125E-02
   0.41391E+02   0.39586E+00   0.33388E-04  -0.51584E-05   0.57704E-03  -0.13033E-03   0.10246E-02
   0.40598E+02   0.39792E+00   0.34494E-04  -0.54097E-05   0.62618E-03  -0.13979E-03   0.10365E-02
   0.39817E+02   0.39995E+00   0.35661E-04  -0.56667E-05   0.66782E-03  -0.14157E-03   0.10483E-02
   0.39049E+02   0.40194E+00   0.36881E-04  -0.59226E-05   0.70607E-03  -0.14445E-03   0.10599E-02
   0.38292E+02   0.40391E+00   0.38171E-04  -0.61835E-05   0.75365E-03  -0.15255E-03   0.10716E-02
   0.37545E+02   0.40585E+00   0.39509E-04  -0.64543E-05   0.79053E-03  -0.15988E-03   0.10833E-02
   0.36808E+02   0.40776E+00   0.40947E-04  -0.67528E-05   0.85512E-03  -0.18660E-03   0.10949E-02
   0.36081E+02   0.40965E+00   0.42505E-04  -0.71010E-05   0.93138E-03  -0.21697E-03   0.11064E-02
   0.35362E+02   0.41152E+00   0.44139E-04  -0.74925E-05   0.98569E-03  -0.23785E-03   0.11179E-02
   0.34651E+02   0.41336E+00   0.45856E-04  -0.79119E-05   0.10445E-02  -0.25462E-03   0.11292E-02
   0.33948E+02   0.41519E+00   0.47689E-04  -0.83592E-05   0.11221E-02  -0.27612E-03   0.11404E-02
   0.33252E+02   0.41700E+00   0.49609E-04  -0.88333E-05   0.11843E-02  -0.29075E-03   0.11515E-02
   0.32562E+02   0.41879E+00   0.51625E-04  -0.93275E-05   0.12524E-02  -0.30691E-03   0.11625E-02
   0.31879E+02   0.42056E+00   0.53760E-04  -0.98501E-05   0.13345E-02  -0.33060E-03   0.11733E-02
   0.31202E+02   0.42232E+00   0.56032E-04  -0.10410E-04   0.14276E-02  -0.35698E-03   0.11841E-02
   0.30530E+02   0.42406E+00   0.58496E-04  -0.11025E-04   0.15533E-02  -0.40227E-03   0.11947E-02
   0.29864E+02   0.42579E+00   0.61154E-04  -0.11710E-04   0.16819E-02  -0.44536E-03   0.12053E-02
   0.29202E+02   0.42751E+00   0.64027E-04  -0.12459E-04   0.18248E-02  -0.48475E-03   0.12157E-02
   0.28545E+02   0.42922E+00   0.67181E-04  -0.13275E-04   0.20069E-02  -0.53467E-03   0.12258E-02
   0.27892E+02   0.43091E+00   0.70574E-04  -0.14161E-04   0.21668E-02  -0.57630E-03   0.12358E-02
   0.27243E+02   0.43260E+00   0.74247E-04  -0.15115E-04   0.23529E-02  -0.62535E-03   0.12455E-02
   0.26598E+02   0.43428E+00   0.78236E-04  -0.16142E-04   0.25623E-02  -0.67628E-03   0.12549E-02
   0.25957E+02   0.43594E+00   0.82547E-04  -0.17247E-04   0.27772E-02  -0.73033E-03   0.12641E-02
   0.25319E+02   0.43760E+00   0.87181E-04  -0.18438E-04   0.29943E-02  -0.79400E-03   0.12730E-02
   0.24684E+02   0.43925E+00   0.92249E-04  -0.19754E-04   0.32810E-02  -0.89369E-03   0.12818E-02
   0.24052E+02   0.44090E+00   0.97769E-04  -0.21232E-04   0.35812E-02  -0.10048E-02   0.12903E-02
   0.23424E+02   0.44253E+00   0.10378E-03  -0.22892E-04   0.39078E-02  -0.11304E-02   0.12987E-02
   0.22798E+02   0.44416E+00   0.11035E-03  -0.24753E-04   0.42789E-02  -0.12651E-02   0.13070E-02
   0.22174E+02   0.44579E+00   0.11749E-03  -0.26808E-04   0.46597E-02  -0.13890E-02   0.13152E-02
   0.21554E+02   0.44741E+00   0.12540E-03  -0.29085E-04   0.51620E-02  -0.15644E-02   0.13233E-02
   0.20935E+02   0.44902E+00   0.13423E-03  -0.31684E-04   0.57706E-02  -0.18065E-02   0.13313E-02
   0.20319E+02   0.45063E+00   0.14413E-03  -0.34695E-04   0.64677E-02  -0.20951E-02   0.13390E-02
   0.19706E+02   0.45223E+00   0.15519E-03  -0.38171E-04   0.72393E-02  -0.24121E-02   0.13465E-02
   0.19094E+02   0.45383E+00   0.16756E-03  -0.42142E-04   0.80939E-02  -0.27424E-02   0.13536E-02
   0.18485E+02   0.45543E+00   0.18149E-03  -0.46683E-04   0.91199E-02  -0.31610E-02   0.13604E-02
   0.17879E+02   0.45702E+00   0.19717E-03  -0.51907E-04   0.10269E-01  -0.36374E-02   0.13666E-02
   0.17274E+02   0.45861E+00   0.21485E-03  -0.57911E-04   0.11589E-01  -0.41821E-02   0.13722E-02
   0.16672E+02   0.46020E+00   0.23491E-03  -0.64826E-04   0.13148E-01  -0.48204E-02   0.13767E-02
   0.16072E+02   0.46178E+00   0.25781E-03  -0.72799E-04   0.15021E-01  -0.55651E-02   0.13799E-02
   0.15475E+02   0.46336E+00   0.28409E-03  -0.82004E-04   0.17230E-01  -0.64376E-02   0.13814E-02
   0.14880E+02   0.46494E+00   0.31427E-03  -0.92606E-04   0.19794E-01  -0.73974E-02   0.13810E-02
   0.14288E+02   0.46651E+00   0.34915E-03  -0.10482E-03   0.22873E-01  -0.85697E-02   0.13783E-02
   0.13700E+02   0.46809E+00   0.38967E-03  -0.11903E-03   0.26575E-01  -0.99917E-02   0.13730E-02
   0.13114E+02   0.46966E+00   0.43674E-03  -0.13556E-03   0.30877E-01  -0.11541E-01   0.13646E-02
   0.12532E+02   0.47122E+00   0.49101E-03  -0.15438E-03   0.35608E-01  -0.12967E-01   0.13525E-02
   0.11954E+02   0.47279E+00   0.55307E-03  -0.17516E-03   0.40744E-01  -0.14143E-01   0.13358E-02
   0.11380E+02   0.47435E+00   0.62376E-03  -0.19762E-03   0.46444E-01  -0.15168E-01   0.13136E-02
   0.10811E+02   0.47592E+00   0.70423E-03  -0.22149E-03   0.52901E-01  -0.15942E-01   0.12850E-02
   0.10246E+02   0.47748E+00   0.79508E-03  -0.24605E-03   0.59777E-01  -0.15987E-01   0.12485E-02
   0.96861E+01   0.47904E+00   0.89641E-03  -0.26971E-03   0.66747E-01  -0.14759E-01   0.12023E-02
   0.91305E+01   0.48060E+00   0.10090E-02  -0.29071E-03   0.74273E-01  -0.12709E-01   0.11442E-02
   0.85789E+01   0.48216E+00   0.11326E-02  -0.30763E-03   0.81563E-01  -0.90611E-02   0.10721E-02
   0.80291E+01   0.48371E+00   0.12657E-02  -0.31664E-03   0.88033E-01  -0.33036E-02   0.98424E-03
   0.74774E+01   0.48527E+00   0.14092E-02  -0.31664E-03   0.95078E-01   0.18491E-02   0.87953E-03
   0.69165E+01   0.48682E+00   0.15691E-02  -0.31090E-03   0.10596E+00   0.27716E-02   0.75798E-03
   0.63346E+01   0.48838E+00   0.17531E-02  -0.30894E-03   0.12190E+00  -0.39485E-02   0.62100E-03
   0.57137E+01   0.48993E+00   0.19654E-02  -0.32308E-03   0.14063E+00  -0.19523E-01   0.47368E-03
   0.50303E+01   0.49148E+00   0.21864E-02  -0.36321E-03   0.14669E+00  -0.33064E-01   0.32557E-03
   0.42602E+01   0.49303E+00   0.23579E-02  -0.40640E-03   0.11522E+00  -0.21327E-01   0.19301E-03
   0.33941E+01   0.49458E+00   0.24162E-02  -0.40824E-03   0.42421E-01   0.21969E-01   0.92238E-04
   0.24502E+01   0.49613E+00   0.23474E-02  -0.33146E-03  -0.39622E-01   0.73917E-01   0.32044E-04
   0.14684E+01   0.49768E+00   0.22427E-02  -0.20876E-03  -0.63008E-01   0.76074E-01   0.73958E-05
   0.48571E+00   0.49923E+00  -0.45330E-01  -0.12691E-03  -0.30778E+02   0.31662E-01   0.86889E-06
