   0.19906E+03   0.17917E-01   0.15433E-05  -0.19275E-06   0.11088E-03  -0.14523E-04   0.41261E-04
   0.19418E+03   0.29822E-01   0.19821E-05  -0.20521E-06   0.96041E-04  -0.49464E-05   0.69411E-04
   0.18933E+03   0.41667E-01   0.24928E-05  -0.16922E-06   0.96945E-04  -0.17504E-05   0.95315E-04
   0.18452E+03   0.53429E-01   0.29881E-05  -0.16594E-06   0.93569E-04  -0.58589E-05   0.12131E-03
   0.17977E+03   0.65086E-01   0.35652E-05  -0.22533E-06   0.10010E-03  -0.10120E-04   0.14790E-03
   0.17507E+03   0.76617E-01   0.41599E-05  -0.29483E-06   0.10230E-03  -0.88594E-05   0.17347E-03
   0.17044E+03   0.88001E-01   0.47067E-05  -0.33648E-06   0.98738E-04  -0.65158E-05   0.19779E-03
   0.16588E+03   0.99219E-01   0.51090E-05  -0.35803E-06   0.85611E-04  -0.55614E-05   0.22293E-03
   0.16140E+03   0.11025E+00   0.56702E-05  -0.40061E-06   0.10018E-03  -0.89789E-05   0.24972E-03
   0.15701E+03   0.12109E+00   0.64630E-05  -0.46433E-06   0.12398E-03  -0.92194E-05   0.27635E-03
   0.15271E+03   0.13171E+00   0.73408E-05  -0.51206E-06   0.13592E-03  -0.89013E-05   0.30180E-03
   0.14851E+03   0.14210E+00   0.80621E-05  -0.56905E-06   0.12438E-03  -0.10515E-04   0.32655E-03
   0.14442E+03   0.15226E+00   0.86757E-05  -0.63805E-06   0.11612E-03  -0.10721E-04   0.35092E-03
   0.14042E+03   0.16217E+00   0.92480E-05  -0.69543E-06   0.11377E-03  -0.90952E-05   0.37605E-03
   0.13653E+03   0.17182E+00   0.98853E-05  -0.74025E-06   0.12261E-03  -0.94705E-05   0.40284E-03
   0.13275E+03   0.18121E+00   0.10639E-04  -0.80570E-06   0.13805E-03  -0.13832E-04   0.43134E-03
   0.12907E+03   0.19033E+00   0.11342E-04  -0.91364E-06   0.13602E-03  -0.19232E-04   0.46156E-03
   0.12551E+03   0.19918E+00   0.11852E-04  -0.10538E-05   0.11671E-03  -0.19476E-04   0.49275E-03
   0.12205E+03   0.20776E+00   0.12154E-04  -0.11492E-05   0.93489E-04  -0.12245E-04   0.52287E-03
   0.11871E+03   0.21607E+00   0.12418E-04  -0.11775E-05   0.89245E-04  -0.61977E-05   0.55061E-03
   0.11546E+03   0.22410E+00   0.12712E-04  -0.11601E-05   0.93193E-04  -0.12171E-05   0.57674E-03
   0.11233E+03   0.23187E+00   0.13204E-04  -0.11439E-05   0.12038E-03  -0.52605E-05   0.60204E-03
   0.10930E+03   0.23937E+00   0.13915E-04  -0.11704E-05   0.15320E-03  -0.11364E-04   0.62738E-03
   0.10637E+03   0.24660E+00   0.14797E-04  -0.12347E-05   0.18236E-03  -0.17114E-04   0.65351E-03
   0.10355E+03   0.25358E+00   0.15827E-04  -0.13399E-05   0.21074E-03  -0.24435E-04   0.68123E-03
   0.10084E+03   0.26031E+00   0.16788E-04  -0.14771E-05   0.20830E-03  -0.26072E-04   0.71071E-03
   0.98226E+02   0.26678E+00   0.17675E-04  -0.16131E-05   0.20421E-03  -0.26308E-04   0.74065E-03
   0.95710E+02   0.27302E+00   0.18525E-04  -0.17427E-05   0.20518E-03  -0.26912E-04   0.76965E-03
   0.93288E+02   0.27902E+00   0.19343E-04  -0.18738E-05   0.20669E-03  -0.30111E-04   0.79746E-03
   0.90956E+02   0.28480E+00   0.20114E-04  -0.20158E-05   0.20535E-03  -0.33046E-04   0.82440E-03
   0.88712E+02   0.29036E+00   0.20845E-04  -0.21647E-05   0.20468E-03  -0.34043E-04   0.85056E-03
   0.86551E+02   0.29571E+00   0.21552E-04  -0.23100E-05   0.20645E-03  -0.35535E-04   0.87583E-03
   0.84471E+02   0.30086E+00   0.22251E-04  -0.24579E-05   0.21121E-03  -0.38905E-04   0.90031E-03
   0.82468E+02   0.30581E+00   0.22972E-04  -0.26054E-05   0.22242E-03  -0.36327E-04   0.92383E-03
   0.80540E+02   0.31058E+00   0.23710E-04  -0.27258E-05   0.23292E-03  -0.30657E-04   0.94605E-03
   0.78682E+02   0.31516E+00   0.24551E-04  -0.28335E-05   0.26338E-03  -0.35200E-04   0.96707E-03
   0.76893E+02   0.31958E+00   0.25543E-04  -0.29889E-05   0.30736E-03  -0.54733E-04   0.98723E-03
   0.75170E+02   0.32384E+00   0.26551E-04  -0.32052E-05   0.32185E-03  -0.64250E-04   0.10071E-02
   0.73509E+02   0.32794E+00   0.27484E-04  -0.34174E-05   0.31427E-03  -0.59900E-04   0.10271E-02
   0.71907E+02   0.33189E+00   0.28401E-04  -0.36195E-05   0.32045E-03  -0.65979E-04   0.10470E-02
   0.70362E+02   0.33570E+00   0.29292E-04  -0.38435E-05   0.32407E-03  -0.72708E-04   0.10667E-02
   0.68870E+02   0.33938E+00   0.30209E-04  -0.40799E-05   0.34147E-03  -0.77728E-04   0.10862E-02
   0.67428E+02   0.34293E+00   0.31185E-04  -0.43179E-05   0.36895E-03  -0.80614E-04   0.11055E-02
   0.66034E+02   0.34636E+00   0.32232E-04  -0.45617E-05   0.40188E-03  -0.88486E-04   0.11244E-02
   0.64686E+02   0.34968E+00   0.33444E-04  -0.48470E-05   0.46524E-03  -0.11223E-03   0.11430E-02
   0.63382E+02   0.35289E+00   0.34741E-04  -0.51890E-05   0.50728E-03  -0.12968E-03   0.11616E-02
   0.62119E+02   0.35600E+00   0.36073E-04  -0.55569E-05   0.53447E-03  -0.13554E-03   0.11799E-02
   0.60894E+02   0.35902E+00   0.37411E-04  -0.59093E-05   0.55328E-03  -0.12978E-03   0.11978E-02
   0.59706E+02   0.36194E+00   0.38767E-04  -0.62373E-05   0.57575E-03  -0.12927E-03   0.12154E-02
   0.58553E+02   0.36478E+00   0.40167E-04  -0.65623E-05   0.60874E-03  -0.13638E-03   0.12327E-02
   0.57433E+02   0.36754E+00   0.41586E-04  -0.69060E-05   0.63275E-03  -0.14921E-03   0.12497E-02
   0.56343E+02   0.37022E+00   0.42968E-04  -0.72536E-05   0.63673E-03  -0.14736E-03   0.12665E-02
   0.55282E+02   0.37283E+00   0.44347E-04  -0.75833E-05   0.65187E-03  -0.14580E-03   0.12829E-02
   0.54248E+02   0.37538E+00   0.45780E-04  -0.79061E-05   0.69047E-03  -0.15063E-03   0.12989E-02
   0.53240E+02   0.37786E+00   0.47344E-04  -0.82506E-05   0.76127E-03  -0.17134E-03   0.13144E-02
   0.52256E+02   0.38028E+00   0.49025E-04  -0.86379E-05   0.82897E-03  -0.19347E-03   0.13296E-02
   0.51294E+02   0.38265E+00   0.50752E-04  -0.90464E-05   0.86861E-03  -0.19920E-03   0.13446E-02
   0.50354E+02   0.38496E+00   0.52521E-04  -0.94576E-05   0.90677E-03  -0.20614E-03   0.13597E-02
   0.49434E+02   0.38723E+00   0.54347E-04  -0.98861E-05   0.95296E-03  -0.22282E-03   0.13747E-02
   0.48533E+02   0.38945E+00   0.56215E-04  -0.10338E-04   0.99197E-03  -0.23715E-03   0.13897E-02
   0.47650E+02   0.39162E+00   0.58114E-04  -0.10813E-04   0.10276E-02  -0.25587E-03   0.14047E-02
   0.46783E+02   0.39376E+00   0.60059E-04  -0.11320E-04   0.10692E-02  -0.27565E-03   0.14197E-02
   0.45932E+02   0.39586E+00   0.62041E-04  -0.11864E-04   0.11078E-02  -0.30122E-03   0.14348E-02
   0.45095E+02   0.39792E+00   0.64023E-04  -0.12433E-04   0.11281E-02  -0.30982E-03   0.14499E-02
   0.44272E+02   0.39995E+00   0.65979E-04  -0.12985E-04   0.11349E-02  -0.29738E-03   0.14651E-02
   0.43461E+02   0.40194E+00   0.67986E-04  -0.13509E-04   0.11795E-02  -0.29473E-03   0.14802E-02
   0.42663E+02   0.40391E+00   0.70053E-04  -0.14025E-04   0.12294E-02  -0.29961E-03   0.14951E-02
   0.41875E+02   0.40585E+00   0.72173E-04  -0.14540E-04   0.12762E-02  -0.30358E-03   0.15096E-02
   0.41097E+02   0.40776E+00   0.74366E-04  -0.15055E-04   0.13330E-02  -0.30965E-03   0.15237E-02
   0.40330E+02   0.40965E+00   0.76706E-04  -0.15597E-04   0.14305E-02  -0.34441E-03   0.15375E-02
   0.39571E+02   0.41152E+00   0.79197E-04  -0.16204E-04   0.15321E-02  -0.38561E-03   0.15510E-02
   0.38821E+02   0.41336E+00   0.81783E-04  -0.16866E-04   0.16035E-02  -0.41278E-03   0.15646E-02
   0.38079E+02   0.41519E+00   0.84459E-04  -0.17559E-04   0.16739E-02  -0.42777E-03   0.15783E-02
   0.37345E+02   0.41700E+00   0.87242E-04  -0.18257E-04   0.17536E-02  -0.43561E-03   0.15919E-02
   0.36617E+02   0.41879E+00   0.90180E-04  -0.18982E-04   0.18609E-02  -0.46777E-03   0.16055E-02
   0.35896E+02   0.42056E+00   0.93244E-04  -0.19753E-04   0.19536E-02  -0.49542E-03   0.16192E-02
   0.35182E+02   0.42232E+00   0.96332E-04  -0.20533E-04   0.19882E-02  -0.48637E-03   0.16331E-02
   0.34473E+02   0.42406E+00   0.99449E-04  -0.21275E-04   0.20248E-02  -0.46440E-03   0.16472E-02
   0.33769E+02   0.42579E+00   0.10270E-03  -0.21995E-04   0.21203E-02  -0.47385E-03   0.16613E-02
   0.33070E+02   0.42751E+00   0.10609E-03  -0.22735E-04   0.22244E-02  -0.49717E-03   0.16755E-02
   0.32376E+02   0.42922E+00   0.10968E-03  -0.23532E-04   0.23638E-02  -0.54854E-03   0.16898E-02
   0.31686E+02   0.43091E+00   0.11346E-03  -0.24403E-04   0.24977E-02  -0.59084E-03   0.17042E-02
   0.31000E+02   0.43260E+00   0.11746E-03  -0.25339E-04   0.26471E-02  -0.64079E-03   0.17186E-02
   0.30317E+02   0.43428E+00   0.12175E-03  -0.26370E-04   0.28403E-02  -0.71131E-03   0.17328E-02
   0.29639E+02   0.43594E+00   0.12635E-03  -0.27511E-04   0.30493E-02  -0.78973E-03   0.17468E-02
   0.28963E+02   0.43760E+00   0.13126E-03  -0.28784E-04   0.32639E-02  -0.87689E-03   0.17608E-02
   0.28291E+02   0.43925E+00   0.13642E-03  -0.30164E-04   0.34392E-02  -0.93048E-03   0.17746E-02
   0.27622E+02   0.44090E+00   0.14195E-03  -0.31644E-04   0.36869E-02  -0.10116E-02   0.17881E-02
   0.26956E+02   0.44253E+00   0.14791E-03  -0.33252E-04   0.39744E-02  -0.11076E-02   0.18011E-02
   0.26292E+02   0.44416E+00   0.15441E-03  -0.35029E-04   0.43308E-02  -0.12279E-02   0.18133E-02
   0.25631E+02   0.44579E+00   0.16142E-03  -0.36965E-04   0.46787E-02  -0.13233E-02   0.18247E-02
   0.24972E+02   0.44741E+00   0.16909E-03  -0.39077E-04   0.51167E-02  -0.14634E-02   0.18351E-02
   0.24316E+02   0.44902E+00   0.17754E-03  -0.41433E-04   0.56304E-02  -0.16358E-02   0.18446E-02
   0.23662E+02   0.45063E+00   0.18690E-03  -0.44065E-04   0.62295E-02  -0.18344E-02   0.18531E-02
   0.23010E+02   0.45223E+00   0.19740E-03  -0.47040E-04   0.69786E-02  -0.20693E-02   0.18607E-02
   0.22361E+02   0.45383E+00   0.20911E-03  -0.50363E-04   0.77724E-02  -0.22790E-02   0.18673E-02
   0.21715E+02   0.45543E+00   0.22211E-03  -0.53974E-04   0.86318E-02  -0.24403E-02   0.18730E-02
   0.21071E+02   0.45702E+00   0.23656E-03  -0.57750E-04   0.95806E-02  -0.25223E-02   0.18774E-02
   0.20430E+02   0.45861E+00   0.25270E-03  -0.61630E-04   0.10704E-01  -0.26033E-02   0.18802E-02
   0.19791E+02   0.46020E+00   0.27094E-03  -0.65654E-04   0.12081E-01  -0.27273E-02   0.18809E-02
   0.19155E+02   0.46178E+00   0.29177E-03  -0.69930E-04   0.13784E-01  -0.29135E-02   0.18791E-02
   0.18523E+02   0.46336E+00   0.31554E-03  -0.74425E-04   0.15716E-01  -0.29964E-02   0.18749E-02
   0.17895E+02   0.46494E+00   0.34279E-03  -0.78956E-04   0.17998E-01  -0.29762E-02   0.18678E-02
   0.17270E+02   0.46651E+00   0.37414E-03  -0.83402E-04   0.20686E-01  -0.28688E-02   0.18571E-02
   0.16649E+02   0.46809E+00   0.41034E-03  -0.87610E-04   0.23874E-01  -0.26138E-02   0.18416E-02
   0.16032E+02   0.46966E+00   0.45220E-03  -0.91194E-04   0.27597E-01  -0.20271E-02   0.18197E-02
   0.15417E+02   0.47122E+00   0.50087E-03  -0.93684E-04   0.32064E-01  -0.12726E-02   0.17893E-02
   0.14804E+02   0.47279E+00   0.55822E-03  -0.94998E-04   0.37747E-01  -0.39725E-03   0.17486E-02
   0.14190E+02   0.47435E+00   0.62654E-03  -0.94842E-04   0.44938E-01   0.35114E-03   0.16954E-02
   0.13572E+02   0.47592E+00   0.70979E-03  -0.94486E-04   0.54688E-01  -0.11965E-03   0.16261E-02
   0.12947E+02   0.47748E+00   0.81243E-03  -0.95939E-04   0.67358E-01  -0.21106E-02   0.15382E-02
   0.12308E+02   0.47904E+00   0.93887E-03  -0.10192E-03   0.82911E-01  -0.60112E-02   0.14302E-02
   0.11648E+02   0.48060E+00   0.10934E-02  -0.11548E-03   0.10128E+00  -0.12159E-01   0.13015E-02
   0.10955E+02   0.48216E+00   0.12766E-02  -0.13946E-03   0.12015E+00  -0.19421E-01   0.11516E-02
   0.10217E+02   0.48371E+00   0.14806E-02  -0.17345E-03   0.13399E+00  -0.24662E-01   0.98299E-03
   0.94198E+01   0.48527E+00   0.16874E-02  -0.21028E-03   0.13626E+00  -0.23583E-01   0.80251E-03
   0.85546E+01   0.48682E+00   0.18738E-02  -0.23923E-03   0.12359E+00  -0.14514E-01   0.62118E-03
   0.76194E+01   0.48838E+00   0.20154E-02  -0.24683E-03   0.95218E-01   0.30431E-02   0.45195E-03
   0.66248E+01   0.48993E+00   0.21023E-02  -0.22610E-03   0.60194E-01   0.21215E-01   0.30483E-03
   0.55910E+01   0.49148E+00   0.21433E-02  -0.18267E-03   0.30766E-01   0.31246E-01   0.18825E-03
   0.45418E+01   0.49303E+00   0.21547E-02  -0.13299E-03   0.11700E-01   0.31028E-01   0.10391E-03
   0.34962E+01   0.49458E+00   0.21474E-02  -0.88233E-04  -0.36931E-03   0.26257E-01   0.49139E-04
   0.24668E+01   0.49613E+00   0.21332E-02  -0.54260E-04  -0.48309E-02   0.18056E-01   0.18828E-04
   0.14605E+01   0.49768E+00   0.21189E-02  -0.33322E-04  -0.50171E-02   0.10225E-01   0.50405E-05
   0.48011E+00   0.49923E+00  -0.65013E-01  -0.23133E-04  -0.43434E+02   0.43020E-02   0.63822E-06
