   0.20396E+03   0.69863E+03   0.34252E+01   0.98805E+00   0.14244E+00   0.14169E+00   0.17291E+02   0.17200E+02   0.11105E+00   0.13481E+02
   0.19906E+03   0.68207E+03   0.34264E+01   0.96417E+00   0.14243E+00   0.14167E+00   0.17289E+02   0.17198E+02   0.11104E+00   0.13479E+02
   0.19418E+03   0.66566E+03   0.34281E+01   0.94036E+00   0.14240E+00   0.14165E+00   0.17286E+02   0.17195E+02   0.11102E+00   0.13477E+02
   0.18933E+03   0.64944E+03   0.34302E+01   0.91667E+00   0.14237E+00   0.14162E+00   0.17283E+02   0.17192E+02   0.11100E+00   0.13474E+02
   0.18452E+03   0.63346E+03   0.34330E+01   0.89314E+00   0.14233E+00   0.14159E+00   0.17278E+02   0.17187E+02   0.11096E+00   0.13470E+02
   0.17977E+03   0.61771E+03   0.34362E+01   0.86983E+00   0.14229E+00   0.14154E+00   0.17273E+02   0.17182E+02   0.11093E+00   0.13465E+02
   0.17507E+03   0.60224E+03   0.34400E+01   0.84677E+00   0.14224E+00   0.14149E+00   0.17266E+02   0.17176E+02   0.11088E+00   0.13460E+02
   0.17044E+03   0.58708E+03   0.34445E+01   0.82400E+00   0.14218E+00   0.14143E+00   0.17259E+02   0.17169E+02   0.11083E+00   0.13454E+02
   0.16588E+03   0.57221E+03   0.34495E+01   0.80156E+00   0.14211E+00   0.14137E+00   0.17251E+02   0.17161E+02   0.11077E+00   0.13447E+02
   0.16140E+03   0.55762E+03   0.34548E+01   0.77949E+00   0.14203E+00   0.14130E+00   0.17242E+02   0.17152E+02   0.11071E+00   0.13439E+02
   0.15701E+03   0.54337E+03   0.34607E+01   0.75782E+00   0.14195E+00   0.14122E+00   0.17232E+02   0.17143E+02   0.11064E+00   0.13431E+02
   0.15271E+03   0.52950E+03   0.34673E+01   0.73658E+00   0.14187E+00   0.14113E+00   0.17221E+02   0.17132E+02   0.11057E+00   0.13422E+02
   0.14851E+03   0.51603E+03   0.34746E+01   0.71579E+00   0.14177E+00   0.14104E+00   0.17209E+02   0.17120E+02   0.11048E+00   0.13412E+02
   0.14442E+03   0.50295E+03   0.34826E+01   0.69548E+00   0.14166E+00   0.14093E+00   0.17196E+02   0.17108E+02   0.11039E+00   0.13401E+02
   0.14042E+03   0.49022E+03   0.34911E+01   0.67566E+00   0.14155E+00   0.14082E+00   0.17182E+02   0.17095E+02   0.11030E+00   0.13389E+02
   0.13653E+03   0.47785E+03   0.35000E+01   0.65636E+00   0.14143E+00   0.14071E+00   0.17168E+02   0.17081E+02   0.11020E+00   0.13378E+02
   0.13275E+03   0.46584E+03   0.35093E+01   0.63758E+00   0.14130E+00   0.14059E+00   0.17153E+02   0.17066E+02   0.11010E+00   0.13365E+02
   0.12907E+03   0.45422E+03   0.35191E+01   0.61934E+00   0.14118E+00   0.14046E+00   0.17137E+02   0.17051E+02   0.11000E+00   0.13352E+02
   0.12551E+03   0.44297E+03   0.35294E+01   0.60163E+00   0.14104E+00   0.14034E+00   0.17121E+02   0.17036E+02   0.10989E+00   0.13339E+02
   0.12205E+03   0.43205E+03   0.35398E+01   0.58448E+00   0.14090E+00   0.14020E+00   0.17105E+02   0.17020E+02   0.10978E+00   0.13326E+02
   0.11871E+03   0.42144E+03   0.35503E+01   0.56786E+00   0.14077E+00   0.14007E+00   0.17088E+02   0.17004E+02   0.10967E+00   0.13313E+02
   0.11546E+03   0.41114E+03   0.35608E+01   0.55179E+00   0.14063E+00   0.13994E+00   0.17072E+02   0.16988E+02   0.10956E+00   0.13300E+02
   0.11233E+03   0.40116E+03   0.35713E+01   0.53626E+00   0.14050E+00   0.13982E+00   0.17055E+02   0.16972E+02   0.10945E+00   0.13287E+02
   0.10930E+03   0.39150E+03   0.35821E+01   0.52126E+00   0.14036E+00   0.13969E+00   0.17039E+02   0.16957E+02   0.10935E+00   0.13274E+02
   0.10637E+03   0.38220E+03   0.35931E+01   0.50679E+00   0.14022E+00   0.13955E+00   0.17022E+02   0.16940E+02   0.10924E+00   0.13260E+02
   0.10355E+03   0.37326E+03   0.36045E+01   0.49284E+00   0.14008E+00   0.13942E+00   0.17005E+02   0.16924E+02   0.10912E+00   0.13247E+02
   0.10084E+03   0.36468E+03   0.36164E+01   0.47939E+00   0.13993E+00   0.13927E+00   0.16987E+02   0.16907E+02   0.10901E+00   0.13233E+02
   0.98226E+02   0.35643E+03   0.36287E+01   0.46643E+00   0.13978E+00   0.13913E+00   0.16968E+02   0.16889E+02   0.10889E+00   0.13219E+02
   0.95710E+02   0.34851E+03   0.36413E+01   0.45396E+00   0.13963E+00   0.13898E+00   0.16950E+02   0.16871E+02   0.10877E+00   0.13204E+02
   0.93288E+02   0.34089E+03   0.36541E+01   0.44195E+00   0.13947E+00   0.13883E+00   0.16931E+02   0.16853E+02   0.10865E+00   0.13190E+02
   0.90956E+02   0.33355E+03   0.36672E+01   0.43040E+00   0.13931E+00   0.13868E+00   0.16912E+02   0.16835E+02   0.10853E+00   0.13175E+02
   0.88712E+02   0.32650E+03   0.36804E+01   0.41928E+00   0.13916E+00   0.13853E+00   0.16892E+02   0.16816E+02   0.10841E+00   0.13160E+02
   0.86551E+02   0.31970E+03   0.36937E+01   0.40858E+00   0.13900E+00   0.13838E+00   0.16873E+02   0.16798E+02   0.10829E+00   0.13146E+02
   0.84471E+02   0.31315E+03   0.37071E+01   0.39828E+00   0.13884E+00   0.13822E+00   0.16853E+02   0.16779E+02   0.10818E+00   0.13132E+02
   0.82468E+02   0.30683E+03   0.37206E+01   0.38838E+00   0.13868E+00   0.13807E+00   0.16834E+02   0.16761E+02   0.10806E+00   0.13118E+02
   0.80540E+02   0.30074E+03   0.37341E+01   0.37885E+00   0.13852E+00   0.13792E+00   0.16815E+02   0.16743E+02   0.10794E+00   0.13103E+02
   0.78682E+02   0.29488E+03   0.37477E+01   0.36967E+00   0.13836E+00   0.13777E+00   0.16796E+02   0.16724E+02   0.10783E+00   0.13090E+02
   0.76893E+02   0.28923E+03   0.37614E+01   0.36084E+00   0.13820E+00   0.13762E+00   0.16776E+02   0.16706E+02   0.10771E+00   0.13076E+02
   0.75170E+02   0.28379E+03   0.37753E+01   0.35233E+00   0.13804E+00   0.13747E+00   0.16757E+02   0.16688E+02   0.10760E+00   0.13062E+02
   0.73509E+02   0.27855E+03   0.37894E+01   0.34413E+00   0.13788E+00   0.13732E+00   0.16737E+02   0.16669E+02   0.10749E+00   0.13048E+02
   0.71907E+02   0.27351E+03   0.38036E+01   0.33623E+00   0.13771E+00   0.13716E+00   0.16717E+02   0.16651E+02   0.10737E+00   0.13034E+02
   0.70362E+02   0.26863E+03   0.38179E+01   0.32860E+00   0.13755E+00   0.13701E+00   0.16698E+02   0.16632E+02   0.10726E+00   0.13020E+02
   0.68870E+02   0.26393E+03   0.38323E+01   0.32125E+00   0.13739E+00   0.13686E+00   0.16678E+02   0.16613E+02   0.10715E+00   0.13007E+02
   0.67428E+02   0.25938E+03   0.38467E+01   0.31414E+00   0.13723E+00   0.13671E+00   0.16658E+02   0.16595E+02   0.10704E+00   0.12993E+02
   0.66034E+02   0.25498E+03   0.38613E+01   0.30728E+00   0.13706E+00   0.13655E+00   0.16638E+02   0.16576E+02   0.10693E+00   0.12980E+02
   0.64686E+02   0.25073E+03   0.38760E+01   0.30064E+00   0.13690E+00   0.13640E+00   0.16618E+02   0.16558E+02   0.10682E+00   0.12967E+02
   0.63382E+02   0.24661E+03   0.38909E+01   0.29422E+00   0.13673E+00   0.13625E+00   0.16598E+02   0.16539E+02   0.10671E+00   0.12953E+02
   0.62119E+02   0.24264E+03   0.39060E+01   0.28799E+00   0.13656E+00   0.13609E+00   0.16578E+02   0.16520E+02   0.10660E+00   0.12940E+02
   0.60894E+02   0.23879E+03   0.39213E+01   0.28197E+00   0.13639E+00   0.13593E+00   0.16557E+02   0.16501E+02   0.10649E+00   0.12927E+02
   0.59706E+02   0.23506E+03   0.39369E+01   0.27612E+00   0.13622E+00   0.13577E+00   0.16536E+02   0.16482E+02   0.10638E+00   0.12914E+02
   0.58553E+02   0.23144E+03   0.39527E+01   0.27044E+00   0.13605E+00   0.13561E+00   0.16515E+02   0.16462E+02   0.10627E+00   0.12900E+02
   0.57433E+02   0.22794E+03   0.39688E+01   0.26492E+00   0.13587E+00   0.13545E+00   0.16494E+02   0.16443E+02   0.10616E+00   0.12887E+02
   0.56343E+02   0.22454E+03   0.39852E+01   0.25955E+00   0.13569E+00   0.13529E+00   0.16472E+02   0.16423E+02   0.10605E+00   0.12873E+02
   0.55282E+02   0.22123E+03   0.40019E+01   0.25433E+00   0.13551E+00   0.13512E+00   0.16450E+02   0.16402E+02   0.10594E+00   0.12860E+02
   0.54248E+02   0.21802E+03   0.40189E+01   0.24924E+00   0.13533E+00   0.13495E+00   0.16428E+02   0.16382E+02   0.10582E+00   0.12846E+02
   0.53240E+02   0.21488E+03   0.40362E+01   0.24428E+00   0.13514E+00   0.13478E+00   0.16405E+02   0.16361E+02   0.10571E+00   0.12832E+02
   0.52256E+02   0.21184E+03   0.40538E+01   0.23943E+00   0.13496E+00   0.13461E+00   0.16383E+02   0.16341E+02   0.10560E+00   0.12819E+02
   0.51294E+02   0.20887E+03   0.40719E+01   0.23470E+00   0.13477E+00   0.13444E+00   0.16359E+02   0.16319E+02   0.10548E+00   0.12805E+02
   0.50354E+02   0.20597E+03   0.40904E+01   0.23007E+00   0.13457E+00   0.13426E+00   0.16336E+02   0.16298E+02   0.10537E+00   0.12791E+02
   0.49434E+02   0.20315E+03   0.41094E+01   0.22554E+00   0.13437E+00   0.13408E+00   0.16311E+02   0.16276E+02   0.10525E+00   0.12777E+02
   0.48533E+02   0.20039E+03   0.41289E+01   0.22110E+00   0.13417E+00   0.13389E+00   0.16287E+02   0.16253E+02   0.10514E+00   0.12762E+02
   0.47650E+02   0.19770E+03   0.41489E+01   0.21675E+00   0.13396E+00   0.13370E+00   0.16262E+02   0.16230E+02   0.10502E+00   0.12748E+02
   0.46783E+02   0.19506E+03   0.41695E+01   0.21248E+00   0.13375E+00   0.13351E+00   0.16236E+02   0.16207E+02   0.10490E+00   0.12733E+02
   0.45932E+02   0.19248E+03   0.41906E+01   0.20829E+00   0.13353E+00   0.13331E+00   0.16209E+02   0.16183E+02   0.10477E+00   0.12719E+02
   0.45095E+02   0.18995E+03   0.42122E+01   0.20416E+00   0.13331E+00   0.13311E+00   0.16182E+02   0.16158E+02   0.10465E+00   0.12704E+02
   0.44272E+02   0.18747E+03   0.42345E+01   0.20011E+00   0.13308E+00   0.13290E+00   0.16155E+02   0.16133E+02   0.10453E+00   0.12688E+02
   0.43461E+02   0.18503E+03   0.42573E+01   0.19611E+00   0.13285E+00   0.13270E+00   0.16127E+02   0.16108E+02   0.10440E+00   0.12673E+02
   0.42663E+02   0.18263E+03   0.42808E+01   0.19218E+00   0.13261E+00   0.13248E+00   0.16098E+02   0.16082E+02   0.10427E+00   0.12658E+02
   0.41875E+02   0.18027E+03   0.43050E+01   0.18830E+00   0.13237E+00   0.13226E+00   0.16068E+02   0.16055E+02   0.10414E+00   0.12642E+02
   0.41097E+02   0.17795E+03   0.43300E+01   0.18448E+00   0.13212E+00   0.13204E+00   0.16038E+02   0.16028E+02   0.10401E+00   0.12626E+02
   0.40330E+02   0.17567E+03   0.43558E+01   0.18070E+00   0.13186E+00   0.13181E+00   0.16007E+02   0.16000E+02   0.10388E+00   0.12610E+02
   0.39571E+02   0.17342E+03   0.43824E+01   0.17696E+00   0.13160E+00   0.13157E+00   0.15975E+02   0.15972E+02   0.10374E+00   0.12593E+02
   0.38821E+02   0.17120E+03   0.44100E+01   0.17327E+00   0.13133E+00   0.13133E+00   0.15942E+02   0.15942E+02   0.10360E+00   0.12576E+02
   0.38079E+02   0.16902E+03   0.44387E+01   0.16962E+00   0.13105E+00   0.13108E+00   0.15908E+02   0.15912E+02   0.10346E+00   0.12559E+02
   0.37345E+02   0.16687E+03   0.44684E+01   0.16601E+00   0.13076E+00   0.13082E+00   0.15873E+02   0.15880E+02   0.10332E+00   0.12542E+02
   0.36617E+02   0.16475E+03   0.44993E+01   0.16243E+00   0.13046E+00   0.13055E+00   0.15837E+02   0.15848E+02   0.10317E+00   0.12524E+02
   0.35896E+02   0.16266E+03   0.45314E+01   0.15888E+00   0.13015E+00   0.13028E+00   0.15799E+02   0.15814E+02   0.10302E+00   0.12506E+02
   0.35182E+02   0.16060E+03   0.45648E+01   0.15536E+00   0.12983E+00   0.12999E+00   0.15760E+02   0.15780E+02   0.10287E+00   0.12487E+02
   0.34473E+02   0.15856E+03   0.45996E+01   0.15187E+00   0.12950E+00   0.12970E+00   0.15720E+02   0.15744E+02   0.10271E+00   0.12468E+02
   0.33769E+02   0.15655E+03   0.46359E+01   0.14841E+00   0.12916E+00   0.12939E+00   0.15678E+02   0.15707E+02   0.10255E+00   0.12449E+02
   0.33070E+02   0.15456E+03   0.46738E+01   0.14498E+00   0.12880E+00   0.12908E+00   0.15635E+02   0.15669E+02   0.10239E+00   0.12429E+02
   0.32376E+02   0.15260E+03   0.47134E+01   0.14156E+00   0.12843E+00   0.12875E+00   0.15590E+02   0.15629E+02   0.10222E+00   0.12408E+02
   0.31686E+02   0.15066E+03   0.47549E+01   0.13817E+00   0.12804E+00   0.12841E+00   0.15543E+02   0.15588E+02   0.10204E+00   0.12387E+02
   0.31000E+02   0.14875E+03   0.47983E+01   0.13480E+00   0.12764E+00   0.12805E+00   0.15495E+02   0.15544E+02   0.10187E+00   0.12366E+02
   0.30317E+02   0.14686E+03   0.48439E+01   0.13145E+00   0.12722E+00   0.12768E+00   0.15444E+02   0.15500E+02   0.10168E+00   0.12344E+02
   0.29639E+02   0.14499E+03   0.48918E+01   0.12811E+00   0.12678E+00   0.12730E+00   0.15390E+02   0.15453E+02   0.10150E+00   0.12321E+02
   0.28963E+02   0.14315E+03   0.49423E+01   0.12480E+00   0.12632E+00   0.12689E+00   0.15335E+02   0.15404E+02   0.10130E+00   0.12297E+02
   0.28291E+02   0.14133E+03   0.49954E+01   0.12150E+00   0.12584E+00   0.12647E+00   0.15276E+02   0.15352E+02   0.10110E+00   0.12273E+02
   0.27622E+02   0.13953E+03   0.50514E+01   0.11821E+00   0.12533E+00   0.12603E+00   0.15214E+02   0.15299E+02   0.10090E+00   0.12248E+02
   0.26956E+02   0.13776E+03   0.51106E+01   0.11493E+00   0.12480E+00   0.12556E+00   0.15149E+02   0.15242E+02   0.10069E+00   0.12222E+02
   0.26292E+02   0.13601E+03   0.51731E+01   0.11167E+00   0.12423E+00   0.12507E+00   0.15081E+02   0.15182E+02   0.10047E+00   0.12196E+02
   0.25631E+02   0.13429E+03   0.52392E+01   0.10842E+00   0.12363E+00   0.12455E+00   0.15008E+02   0.15119E+02   0.10024E+00   0.12168E+02
   0.24972E+02   0.13258E+03   0.53093E+01   0.10519E+00   0.12299E+00   0.12400E+00   0.14930E+02   0.15052E+02   0.10000E+00   0.12139E+02
   0.24316E+02   0.13090E+03   0.53835E+01   0.10196E+00   0.12231E+00   0.12341E+00   0.14848E+02   0.14981E+02   0.99755E-01   0.12109E+02
   0.23662E+02   0.12924E+03   0.54621E+01   0.98741E-01   0.12159E+00   0.12279E+00   0.14760E+02   0.14906E+02   0.99499E-01   0.12078E+02
   0.23010E+02   0.12760E+03   0.55454E+01   0.95532E-01   0.12081E+00   0.12213E+00   0.14665E+02   0.14825E+02   0.99230E-01   0.12046E+02
   0.22361E+02   0.12597E+03   0.56336E+01   0.92332E-01   0.11996E+00   0.12141E+00   0.14563E+02   0.14738E+02   0.98949E-01   0.12012E+02
   0.21715E+02   0.12435E+03   0.57266E+01   0.89139E-01   0.11905E+00   0.12064E+00   0.14452E+02   0.14645E+02   0.98652E-01   0.11976E+02
   0.21071E+02   0.12273E+03   0.58245E+01   0.85954E-01   0.11805E+00   0.11981E+00   0.14331E+02   0.14543E+02   0.98339E-01   0.11937E+02
   0.20430E+02   0.12108E+03   0.59269E+01   0.82776E-01   0.11697E+00   0.11890E+00   0.14199E+02   0.14433E+02   0.98005E-01   0.11897E+02
   0.19791E+02   0.11941E+03   0.60335E+01   0.79605E-01   0.11577E+00   0.11791E+00   0.14054E+02   0.14313E+02   0.97648E-01   0.11854E+02
   0.19155E+02   0.11768E+03   0.61435E+01   0.76439E-01   0.11445E+00   0.11682E+00   0.13894E+02   0.14181E+02   0.97264E-01   0.11807E+02
   0.18523E+02   0.11587E+03   0.62552E+01   0.73279E-01   0.11299E+00   0.11562E+00   0.13716E+02   0.14036E+02   0.96846E-01   0.11756E+02
   0.17895E+02   0.11392E+03   0.63659E+01   0.70125E-01   0.11135E+00   0.11429E+00   0.13517E+02   0.13873E+02   0.96389E-01   0.11701E+02
   0.17270E+02   0.11175E+03   0.64710E+01   0.66975E-01   0.10952E+00   0.11279E+00   0.13294E+02   0.13691E+02   0.95885E-01   0.11640E+02
   0.16649E+02   0.10927E+03   0.65635E+01   0.63830E-01   0.10744E+00   0.11110E+00   0.13043E+02   0.13486E+02   0.95322E-01   0.11571E+02
   0.16032E+02   0.10633E+03   0.66326E+01   0.60689E-01   0.10509E+00   0.10918E+00   0.12757E+02   0.13254E+02   0.94686E-01   0.11494E+02
   0.15417E+02   0.10274E+03   0.66639E+01   0.57552E-01   0.10242E+00   0.10700E+00   0.12433E+02   0.12989E+02   0.93959E-01   0.11406E+02
   0.14804E+02   0.98283E+02   0.66390E+01   0.54419E-01   0.99378E-01   0.10450E+00   0.12064E+02   0.12685E+02   0.93117E-01   0.11304E+02
   0.14190E+02   0.92759E+02   0.65369E+01   0.51290E-01   0.95917E-01   0.10162E+00   0.11643E+02   0.12336E+02   0.92127E-01   0.11183E+02
   0.13572E+02   0.86043E+02   0.63395E+01   0.48164E-01   0.91988E-01   0.98296E-01   0.11167E+02   0.11932E+02   0.90949E-01   0.11040E+02
   0.12947E+02   0.78114E+02   0.60333E+01   0.45041E-01   0.87546E-01   0.94446E-01   0.10627E+02   0.11465E+02   0.89528E-01   0.10868E+02
   0.12308E+02   0.69127E+02   0.56162E+01   0.41921E-01   0.82552E-01   0.89976E-01   0.10021E+02   0.10922E+02   0.87798E-01   0.10658E+02
   0.11648E+02   0.59443E+02   0.51035E+01   0.38803E-01   0.76990E-01   0.84794E-01   0.93459E+01   0.10293E+02   0.85679E-01   0.10401E+02
   0.10955E+02   0.49601E+02   0.45279E+01   0.35688E-01   0.70870E-01   0.78817E-01   0.86030E+01   0.95676E+01   0.83074E-01   0.10084E+02
   0.10217E+02   0.40198E+02   0.39346E+01   0.32575E-01   0.64249E-01   0.71999E-01   0.77993E+01   0.87400E+01   0.79874E-01   0.96960E+01
   0.94198E+01   0.31740E+02   0.33695E+01   0.29465E-01   0.57248E-01   0.64396E-01   0.69495E+01   0.78171E+01   0.75964E-01   0.92213E+01
   0.85546E+01   0.24554E+02   0.28702E+01   0.26356E-01   0.50053E-01   0.56201E-01   0.60760E+01   0.68223E+01   0.71237E-01   0.86476E+01
   0.76194E+01   0.18717E+02   0.24565E+01   0.23250E-01   0.42878E-01   0.47745E-01   0.52050E+01   0.57958E+01   0.65617E-01   0.79653E+01
   0.66248E+01   0.14117E+02   0.21310E+01   0.20145E-01   0.35931E-01   0.39452E-01   0.43616E+01   0.47891E+01   0.59073E-01   0.71709E+01
   0.55910E+01   0.10532E+02   0.18837E+01   0.17042E-01   0.29356E-01   0.31694E-01   0.35636E+01   0.38474E+01   0.51633E-01   0.62677E+01
   0.45418E+01   0.77163E+01   0.16990E+01   0.13940E-01   0.23209E-01   0.24640E-01   0.28174E+01   0.29911E+01   0.43386E-01   0.52667E+01
   0.34962E+01   0.54553E+01   0.15603E+01   0.10840E-01   0.17476E-01   0.18283E-01   0.21215E+01   0.22194E+01   0.34471E-01   0.41844E+01
   0.24668E+01   0.35885E+01   0.14547E+01   0.77416E-02   0.12119E-01   0.12543E-01   0.14712E+01   0.15226E+01   0.25041E-01   0.30397E+01
   0.14605E+01   0.20041E+01   0.13722E+01   0.46441E-02   0.70846E-02   0.72818E-02   0.86000E+00   0.88394E+00   0.15246E-01   0.18507E+01
   0.48011E+00   0.62704E+00   0.13060E+01   0.15479E-02   0.23186E-02   0.23729E-02   0.28146E+00   0.28805E+00   0.52070E-02   0.63208E+00
