   0.19711E+03   0.64822E+03   0.32887E+01   0.98805E+00   0.14108E+00   0.13998E+00   0.17980E+02   0.17840E+02   0.10598E+00   0.13507E+02
   0.19235E+03   0.63267E+03   0.32891E+01   0.96417E+00   0.14107E+00   0.13998E+00   0.17979E+02   0.17840E+02   0.10597E+00   0.13506E+02
   0.18762E+03   0.61727E+03   0.32900E+01   0.94036E+00   0.14106E+00   0.13996E+00   0.17978E+02   0.17838E+02   0.10596E+00   0.13504E+02
   0.18292E+03   0.60205E+03   0.32913E+01   0.91667E+00   0.14104E+00   0.13994E+00   0.17975E+02   0.17835E+02   0.10594E+00   0.13502E+02
   0.17826E+03   0.58703E+03   0.32931E+01   0.89314E+00   0.14101E+00   0.13992E+00   0.17971E+02   0.17832E+02   0.10592E+00   0.13499E+02
   0.17365E+03   0.57222E+03   0.32952E+01   0.86983E+00   0.14098E+00   0.13989E+00   0.17967E+02   0.17828E+02   0.10589E+00   0.13495E+02
   0.16910E+03   0.55763E+03   0.32977E+01   0.84677E+00   0.14094E+00   0.13985E+00   0.17962E+02   0.17823E+02   0.10585E+00   0.13490E+02
   0.16461E+03   0.54332E+03   0.33007E+01   0.82400E+00   0.14089E+00   0.13980E+00   0.17956E+02   0.17817E+02   0.10581E+00   0.13485E+02
   0.16019E+03   0.52931E+03   0.33042E+01   0.80156E+00   0.14084E+00   0.13975E+00   0.17950E+02   0.17811E+02   0.10576E+00   0.13479E+02
   0.15585E+03   0.51558E+03   0.33082E+01   0.77949E+00   0.14078E+00   0.13969E+00   0.17942E+02   0.17803E+02   0.10570E+00   0.13472E+02
   0.15159E+03   0.50212E+03   0.33124E+01   0.75782E+00   0.14072E+00   0.13963E+00   0.17934E+02   0.17795E+02   0.10565E+00   0.13464E+02
   0.14742E+03   0.48897E+03   0.33169E+01   0.73658E+00   0.14065E+00   0.13956E+00   0.17925E+02   0.17787E+02   0.10558E+00   0.13456E+02
   0.14334E+03   0.47615E+03   0.33219E+01   0.71579E+00   0.14057E+00   0.13949E+00   0.17915E+02   0.17777E+02   0.10552E+00   0.13448E+02
   0.13935E+03   0.46365E+03   0.33272E+01   0.69548E+00   0.14049E+00   0.13941E+00   0.17905E+02   0.17768E+02   0.10544E+00   0.13439E+02
   0.13547E+03   0.45148E+03   0.33327E+01   0.67566E+00   0.14041E+00   0.13933E+00   0.17895E+02   0.17757E+02   0.10537E+00   0.13429E+02
   0.13168E+03   0.43963E+03   0.33385E+01   0.65636E+00   0.14032E+00   0.13925E+00   0.17884E+02   0.17746E+02   0.10529E+00   0.13419E+02
   0.12800E+03   0.42810E+03   0.33445E+01   0.63758E+00   0.14023E+00   0.13916E+00   0.17872E+02   0.17735E+02   0.10521E+00   0.13409E+02
   0.12443E+03   0.41692E+03   0.33508E+01   0.61934E+00   0.14014E+00   0.13907E+00   0.17860E+02   0.17724E+02   0.10513E+00   0.13399E+02
   0.12095E+03   0.40607E+03   0.33572E+01   0.60163E+00   0.14004E+00   0.13898E+00   0.17848E+02   0.17712E+02   0.10505E+00   0.13388E+02
   0.11759E+03   0.39557E+03   0.33639E+01   0.58448E+00   0.13995E+00   0.13888E+00   0.17836E+02   0.17700E+02   0.10496E+00   0.13377E+02
   0.11434E+03   0.38541E+03   0.33709E+01   0.56786E+00   0.13984E+00   0.13878E+00   0.17823E+02   0.17687E+02   0.10487E+00   0.13365E+02
   0.11119E+03   0.37561E+03   0.33781E+01   0.55179E+00   0.13974E+00   0.13868E+00   0.17809E+02   0.17674E+02   0.10478E+00   0.13354E+02
   0.10815E+03   0.36614E+03   0.33856E+01   0.53626E+00   0.13963E+00   0.13858E+00   0.17795E+02   0.17661E+02   0.10469E+00   0.13342E+02
   0.10521E+03   0.35700E+03   0.33932E+01   0.52126E+00   0.13952E+00   0.13847E+00   0.17781E+02   0.17648E+02   0.10459E+00   0.13330E+02
   0.10237E+03   0.34816E+03   0.34009E+01   0.50679E+00   0.13941E+00   0.13836E+00   0.17767E+02   0.17634E+02   0.10450E+00   0.13318E+02
   0.99635E+02   0.33962E+03   0.34086E+01   0.49284E+00   0.13930E+00   0.13826E+00   0.17753E+02   0.17620E+02   0.10440E+00   0.13306E+02
   0.96996E+02   0.33137E+03   0.34163E+01   0.47939E+00   0.13919E+00   0.13815E+00   0.17739E+02   0.17607E+02   0.10431E+00   0.13294E+02
   0.94452E+02   0.32341E+03   0.34240E+01   0.46643E+00   0.13908E+00   0.13805E+00   0.17725E+02   0.17594E+02   0.10422E+00   0.13283E+02
   0.92001E+02   0.31573E+03   0.34318E+01   0.45396E+00   0.13897E+00   0.13794E+00   0.17711E+02   0.17580E+02   0.10413E+00   0.13271E+02
   0.89640E+02   0.30832E+03   0.34395E+01   0.44195E+00   0.13886E+00   0.13784E+00   0.17697E+02   0.17567E+02   0.10404E+00   0.13260E+02
   0.87367E+02   0.30118E+03   0.34473E+01   0.43040E+00   0.13875E+00   0.13773E+00   0.17683E+02   0.17554E+02   0.10395E+00   0.13248E+02
   0.85180E+02   0.29430E+03   0.34551E+01   0.41928E+00   0.13864E+00   0.13763E+00   0.17669E+02   0.17540E+02   0.10386E+00   0.13237E+02
   0.83074E+02   0.28769E+03   0.34630E+01   0.40858E+00   0.13853E+00   0.13752E+00   0.17655E+02   0.17527E+02   0.10377E+00   0.13225E+02
   0.81048E+02   0.28132E+03   0.34710E+01   0.39828E+00   0.13842E+00   0.13742E+00   0.17641E+02   0.17514E+02   0.10368E+00   0.13214E+02
   0.79096E+02   0.27517E+03   0.34790E+01   0.38838E+00   0.13831E+00   0.13731E+00   0.17627E+02   0.17500E+02   0.10359E+00   0.13203E+02
   0.77218E+02   0.26925E+03   0.34869E+01   0.37885E+00   0.13820E+00   0.13721E+00   0.17613E+02   0.17487E+02   0.10350E+00   0.13191E+02
   0.75408E+02   0.26354E+03   0.34949E+01   0.36967E+00   0.13809E+00   0.13711E+00   0.17599E+02   0.17474E+02   0.10342E+00   0.13180E+02
   0.73666E+02   0.25804E+03   0.35028E+01   0.36084E+00   0.13798E+00   0.13700E+00   0.17585E+02   0.17461E+02   0.10333E+00   0.13169E+02
   0.71986E+02   0.25273E+03   0.35109E+01   0.35233E+00   0.13787E+00   0.13690E+00   0.17571E+02   0.17448E+02   0.10325E+00   0.13158E+02
   0.70368E+02   0.24762E+03   0.35190E+01   0.34413E+00   0.13776E+00   0.13680E+00   0.17557E+02   0.17434E+02   0.10316E+00   0.13148E+02
   0.68808E+02   0.24270E+03   0.35271E+01   0.33623E+00   0.13765E+00   0.13669E+00   0.17543E+02   0.17421E+02   0.10308E+00   0.13137E+02
   0.67304E+02   0.23795E+03   0.35354E+01   0.32860E+00   0.13754E+00   0.13659E+00   0.17528E+02   0.17408E+02   0.10299E+00   0.13126E+02
   0.65851E+02   0.23336E+03   0.35437E+01   0.32125E+00   0.13742E+00   0.13648E+00   0.17514E+02   0.17394E+02   0.10290E+00   0.13115E+02
   0.64448E+02   0.22892E+03   0.35520E+01   0.31414E+00   0.13731E+00   0.13638E+00   0.17500E+02   0.17381E+02   0.10282E+00   0.13104E+02
   0.63092E+02   0.22463E+03   0.35604E+01   0.30728E+00   0.13720E+00   0.13627E+00   0.17486E+02   0.17368E+02   0.10273E+00   0.13093E+02
   0.61780E+02   0.22049E+03   0.35689E+01   0.30064E+00   0.13709E+00   0.13617E+00   0.17471E+02   0.17354E+02   0.10265E+00   0.13082E+02
   0.60510E+02   0.21648E+03   0.35775E+01   0.29422E+00   0.13697E+00   0.13606E+00   0.17457E+02   0.17341E+02   0.10256E+00   0.13071E+02
   0.59281E+02   0.21259E+03   0.35862E+01   0.28799E+00   0.13686E+00   0.13595E+00   0.17442E+02   0.17327E+02   0.10248E+00   0.13061E+02
   0.58089E+02   0.20883E+03   0.35950E+01   0.28197E+00   0.13674E+00   0.13585E+00   0.17427E+02   0.17313E+02   0.10239E+00   0.13050E+02
   0.56933E+02   0.20518E+03   0.36038E+01   0.27612E+00   0.13662E+00   0.13574E+00   0.17412E+02   0.17299E+02   0.10231E+00   0.13039E+02
   0.55810E+02   0.20163E+03   0.36128E+01   0.27044E+00   0.13651E+00   0.13563E+00   0.17397E+02   0.17285E+02   0.10222E+00   0.13028E+02
   0.54719E+02   0.19819E+03   0.36219E+01   0.26492E+00   0.13639E+00   0.13552E+00   0.17382E+02   0.17271E+02   0.10213E+00   0.13017E+02
   0.53657E+02   0.19483E+03   0.36311E+01   0.25955E+00   0.13627E+00   0.13541E+00   0.17367E+02   0.17257E+02   0.10205E+00   0.13006E+02
   0.52624E+02   0.19157E+03   0.36404E+01   0.25433E+00   0.13615E+00   0.13530E+00   0.17352E+02   0.17243E+02   0.10196E+00   0.12995E+02
   0.51617E+02   0.18839E+03   0.36498E+01   0.24924E+00   0.13602E+00   0.13518E+00   0.17336E+02   0.17229E+02   0.10188E+00   0.12984E+02
   0.50634E+02   0.18528E+03   0.36593E+01   0.24428E+00   0.13590E+00   0.13507E+00   0.17320E+02   0.17214E+02   0.10179E+00   0.12973E+02
   0.49675E+02   0.18225E+03   0.36689E+01   0.23943E+00   0.13578E+00   0.13496E+00   0.17304E+02   0.17200E+02   0.10170E+00   0.12962E+02
   0.48737E+02   0.17929E+03   0.36787E+01   0.23470E+00   0.13565E+00   0.13484E+00   0.17288E+02   0.17185E+02   0.10162E+00   0.12951E+02
   0.47820E+02   0.17639E+03   0.36886E+01   0.23007E+00   0.13552E+00   0.13472E+00   0.17272E+02   0.17170E+02   0.10153E+00   0.12939E+02
   0.46923E+02   0.17356E+03   0.36988E+01   0.22554E+00   0.13539E+00   0.13460E+00   0.17255E+02   0.17155E+02   0.10144E+00   0.12928E+02
   0.46043E+02   0.17078E+03   0.37091E+01   0.22110E+00   0.13526E+00   0.13448E+00   0.17239E+02   0.17140E+02   0.10135E+00   0.12917E+02
   0.45181E+02   0.16805E+03   0.37196E+01   0.21675E+00   0.13513E+00   0.13436E+00   0.17222E+02   0.17124E+02   0.10126E+00   0.12905E+02
   0.44334E+02   0.16538E+03   0.37303E+01   0.21248E+00   0.13499E+00   0.13424E+00   0.17204E+02   0.17108E+02   0.10117E+00   0.12893E+02
   0.43503E+02   0.16276E+03   0.37413E+01   0.20829E+00   0.13485E+00   0.13411E+00   0.17186E+02   0.17092E+02   0.10107E+00   0.12882E+02
   0.42686E+02   0.16018E+03   0.37526E+01   0.20416E+00   0.13471E+00   0.13398E+00   0.17168E+02   0.17076E+02   0.10098E+00   0.12870E+02
   0.41882E+02   0.15765E+03   0.37641E+01   0.20011E+00   0.13456E+00   0.13385E+00   0.17150E+02   0.17059E+02   0.10089E+00   0.12858E+02
   0.41090E+02   0.15516E+03   0.37760E+01   0.19611E+00   0.13441E+00   0.13371E+00   0.17131E+02   0.17041E+02   0.10079E+00   0.12845E+02
   0.40310E+02   0.15270E+03   0.37881E+01   0.19218E+00   0.13426E+00   0.13358E+00   0.17111E+02   0.17024E+02   0.10069E+00   0.12833E+02
   0.39541E+02   0.15028E+03   0.38006E+01   0.18830E+00   0.13410E+00   0.13343E+00   0.17091E+02   0.17006E+02   0.10059E+00   0.12820E+02
   0.38782E+02   0.14789E+03   0.38134E+01   0.18448E+00   0.13394E+00   0.13329E+00   0.17071E+02   0.16987E+02   0.10049E+00   0.12807E+02
   0.38033E+02   0.14554E+03   0.38267E+01   0.18070E+00   0.13378E+00   0.13314E+00   0.17050E+02   0.16969E+02   0.10038E+00   0.12794E+02
   0.37292E+02   0.14322E+03   0.38404E+01   0.17696E+00   0.13361E+00   0.13299E+00   0.17028E+02   0.16949E+02   0.10028E+00   0.12780E+02
   0.36560E+02   0.14092E+03   0.38545E+01   0.17327E+00   0.13343E+00   0.13283E+00   0.17005E+02   0.16929E+02   0.10017E+00   0.12766E+02
   0.35836E+02   0.13866E+03   0.38693E+01   0.16962E+00   0.13325E+00   0.13267E+00   0.16982E+02   0.16908E+02   0.10006E+00   0.12752E+02
   0.35120E+02   0.13643E+03   0.38846E+01   0.16601E+00   0.13306E+00   0.13250E+00   0.16958E+02   0.16887E+02   0.99941E-01   0.12737E+02
   0.34411E+02   0.13422E+03   0.39006E+01   0.16243E+00   0.13286E+00   0.13232E+00   0.16933E+02   0.16864E+02   0.99822E-01   0.12722E+02
   0.33708E+02   0.13204E+03   0.39173E+01   0.15888E+00   0.13266E+00   0.13214E+00   0.16907E+02   0.16841E+02   0.99700E-01   0.12706E+02
   0.33012E+02   0.12989E+03   0.39347E+01   0.15536E+00   0.13244E+00   0.13195E+00   0.16880E+02   0.16817E+02   0.99574E-01   0.12690E+02
   0.32322E+02   0.12776E+03   0.39529E+01   0.15187E+00   0.13222E+00   0.13176E+00   0.16851E+02   0.16792E+02   0.99444E-01   0.12674E+02
   0.31637E+02   0.12566E+03   0.39720E+01   0.14841E+00   0.13199E+00   0.13155E+00   0.16821E+02   0.16766E+02   0.99309E-01   0.12657E+02
   0.30957E+02   0.12358E+03   0.39919E+01   0.14498E+00   0.13174E+00   0.13134E+00   0.16790E+02   0.16738E+02   0.99170E-01   0.12639E+02
   0.30283E+02   0.12152E+03   0.40128E+01   0.14156E+00   0.13149E+00   0.13111E+00   0.16758E+02   0.16710E+02   0.99026E-01   0.12621E+02
   0.29613E+02   0.11948E+03   0.40348E+01   0.13817E+00   0.13122E+00   0.13088E+00   0.16724E+02   0.16680E+02   0.98877E-01   0.12602E+02
   0.28947E+02   0.11746E+03   0.40579E+01   0.13480E+00   0.13094E+00   0.13063E+00   0.16688E+02   0.16649E+02   0.98722E-01   0.12582E+02
   0.28285E+02   0.11547E+03   0.40822E+01   0.13145E+00   0.13064E+00   0.13037E+00   0.16650E+02   0.16616E+02   0.98562E-01   0.12561E+02
   0.27627E+02   0.11349E+03   0.41079E+01   0.12811E+00   0.13033E+00   0.13010E+00   0.16610E+02   0.16581E+02   0.98395E-01   0.12540E+02
   0.26973E+02   0.11153E+03   0.41350E+01   0.12480E+00   0.13000E+00   0.12982E+00   0.16568E+02   0.16545E+02   0.98222E-01   0.12518E+02
   0.26322E+02   0.10960E+03   0.41636E+01   0.12150E+00   0.12965E+00   0.12952E+00   0.16524E+02   0.16507E+02   0.98041E-01   0.12495E+02
   0.25675E+02   0.10768E+03   0.41939E+01   0.11821E+00   0.12928E+00   0.12920E+00   0.16476E+02   0.16467E+02   0.97852E-01   0.12471E+02
   0.25031E+02   0.10578E+03   0.42262E+01   0.11493E+00   0.12888E+00   0.12887E+00   0.16426E+02   0.16424E+02   0.97655E-01   0.12446E+02
   0.24390E+02   0.10391E+03   0.42604E+01   0.11167E+00   0.12846E+00   0.12851E+00   0.16372E+02   0.16378E+02   0.97448E-01   0.12419E+02
   0.23752E+02   0.10206E+03   0.42970E+01   0.10842E+00   0.12801E+00   0.12813E+00   0.16315E+02   0.16330E+02   0.97231E-01   0.12392E+02
   0.23117E+02   0.10024E+03   0.43360E+01   0.10519E+00   0.12753E+00   0.12772E+00   0.16253E+02   0.16278E+02   0.97002E-01   0.12363E+02
   0.22486E+02   0.98441E+02   0.43779E+01   0.10196E+00   0.12700E+00   0.12729E+00   0.16186E+02   0.16222E+02   0.96761E-01   0.12332E+02
   0.21857E+02   0.96673E+02   0.44229E+01   0.98741E-01   0.12644E+00   0.12682E+00   0.16114E+02   0.16163E+02   0.96506E-01   0.12299E+02
   0.21232E+02   0.94934E+02   0.44713E+01   0.95532E-01   0.12582E+00   0.12631E+00   0.16035E+02   0.16098E+02   0.96235E-01   0.12265E+02
   0.20610E+02   0.93226E+02   0.45233E+01   0.92332E-01   0.12514E+00   0.12576E+00   0.15949E+02   0.16028E+02   0.95947E-01   0.12228E+02
   0.19991E+02   0.91547E+02   0.45794E+01   0.89139E-01   0.12441E+00   0.12516E+00   0.15855E+02   0.15952E+02   0.95640E-01   0.12189E+02
   0.19376E+02   0.89900E+02   0.46397E+01   0.85954E-01   0.12359E+00   0.12451E+00   0.15751E+02   0.15869E+02   0.95310E-01   0.12147E+02
   0.18764E+02   0.88283E+02   0.47049E+01   0.82776E-01   0.12269E+00   0.12379E+00   0.15637E+02   0.15777E+02   0.94956E-01   0.12102E+02
   0.18156E+02   0.86697E+02   0.47750E+01   0.79605E-01   0.12169E+00   0.12301E+00   0.15509E+02   0.15677E+02   0.94574E-01   0.12053E+02
   0.17552E+02   0.85139E+02   0.48506E+01   0.76439E-01   0.12057E+00   0.12213E+00   0.15366E+02   0.15565E+02   0.94158E-01   0.12000E+02
   0.16952E+02   0.83606E+02   0.49318E+01   0.73279E-01   0.11931E+00   0.12116E+00   0.15206E+02   0.15441E+02   0.93704E-01   0.11942E+02
   0.16357E+02   0.82086E+02   0.50183E+01   0.70125E-01   0.11789E+00   0.12007E+00   0.15025E+02   0.15302E+02   0.93206E-01   0.11879E+02
   0.15767E+02   0.80562E+02   0.51094E+01   0.66975E-01   0.11628E+00   0.11884E+00   0.14820E+02   0.15145E+02   0.92655E-01   0.11809E+02
   0.15182E+02   0.79004E+02   0.52037E+01   0.63830E-01   0.11444E+00   0.11744E+00   0.14585E+02   0.14968E+02   0.92041E-01   0.11730E+02
   0.14603E+02   0.77365E+02   0.52980E+01   0.60689E-01   0.11233E+00   0.11586E+00   0.14317E+02   0.14766E+02   0.91352E-01   0.11643E+02
   0.14028E+02   0.75586E+02   0.53882E+01   0.57552E-01   0.10991E+00   0.11404E+00   0.14008E+02   0.14534E+02   0.90571E-01   0.11543E+02
   0.13458E+02   0.73586E+02   0.54678E+01   0.54419E-01   0.10713E+00   0.11194E+00   0.13654E+02   0.14267E+02   0.89676E-01   0.11429E+02
   0.12892E+02   0.71251E+02   0.55266E+01   0.51290E-01   0.10393E+00   0.10952E+00   0.13245E+02   0.13958E+02   0.88640E-01   0.11297E+02
   0.12330E+02   0.68437E+02   0.55507E+01   0.48164E-01   0.10024E+00   0.10669E+00   0.12775E+02   0.13597E+02   0.87428E-01   0.11142E+02
   0.11768E+02   0.64987E+02   0.55224E+01   0.45041E-01   0.95994E-01   0.10338E+00   0.12234E+02   0.13175E+02   0.85997E-01   0.10960E+02
   0.11205E+02   0.60739E+02   0.54209E+01   0.41921E-01   0.91133E-01   0.99463E-01   0.11615E+02   0.12676E+02   0.84289E-01   0.10742E+02
   0.10635E+02   0.55572E+02   0.52252E+01   0.38803E-01   0.85593E-01   0.94820E-01   0.10909E+02   0.12085E+02   0.82237E-01   0.10481E+02
   0.10053E+02   0.49466E+02   0.49206E+01   0.35688E-01   0.79326E-01   0.89287E-01   0.10110E+02   0.11379E+02   0.79757E-01   0.10165E+02
   0.94480E+01   0.42574E+02   0.45061E+01   0.32575E-01   0.72316E-01   0.82678E-01   0.92165E+01   0.10537E+02   0.76752E-01   0.97818E+01
   0.88053E+01   0.35235E+02   0.40016E+01   0.29465E-01   0.64610E-01   0.74838E-01   0.82343E+01   0.95379E+01   0.73117E-01   0.93185E+01
   0.81042E+01   0.27982E+02   0.34528E+01   0.26356E-01   0.56356E-01   0.65730E-01   0.71825E+01   0.83771E+01   0.68735E-01   0.87601E+01
   0.73230E+01   0.21399E+02   0.29221E+01   0.23250E-01   0.47848E-01   0.55594E-01   0.60981E+01   0.70853E+01   0.63503E-01   0.80933E+01
   0.64494E+01   0.15889E+02   0.24637E+01   0.20145E-01   0.39481E-01   0.45068E-01   0.50318E+01   0.57438E+01   0.57354E-01   0.73096E+01
   0.54913E+01   0.11564E+02   0.21060E+01   0.17042E-01   0.31663E-01   0.35145E-01   0.40353E+01   0.44791E+01   0.50281E-01   0.64082E+01
   0.44810E+01   0.82789E+01   0.18475E+01   0.13940E-01   0.24635E-01   0.26599E-01   0.31397E+01   0.33900E+01   0.42358E-01   0.53984E+01
   0.34564E+01   0.57564E+01   0.16654E+01   0.10840E-01   0.18362E-01   0.19444E-01   0.23402E+01   0.24781E+01   0.33727E-01   0.42985E+01
   0.24414E+01   0.37439E+01   0.15335E+01   0.77416E-02   0.12659E-01   0.13242E-01   0.16133E+01   0.16877E+01   0.24556E-01   0.31296E+01
   0.14463E+01   0.20738E+01   0.14338E+01   0.46441E-02   0.73724E-02   0.76536E-02   0.93959E+00   0.97543E+00   0.14989E-01   0.19103E+01
   0.47567E+00   0.64482E+00   0.13556E+01   0.15479E-02   0.24083E-02   0.24880E-02   0.30693E+00   0.31708E+00   0.51408E-02   0.65518E+00
