   0.18650E+03   0.95224E+00   0.11525E-02   0.11638E-02   0.23056E+02   0.58878E+02
   0.18190E+03   0.92848E+00   0.11965E-02   0.12082E-02   0.23056E+02   0.58877E+02
   0.17732E+03   0.90486E+00   0.12722E-02   0.12844E-02   0.23054E+02   0.58873E+02
   0.17279E+03   0.88143E+00   0.13729E-02   0.13856E-02   0.23052E+02   0.58868E+02
   0.16830E+03   0.85823E+00   0.14921E-02   0.15052E-02   0.23049E+02   0.58861E+02
   0.16385E+03   0.83530E+00   0.16294E-02   0.16432E-02   0.23046E+02   0.58854E+02
   0.15947E+03   0.81269E+00   0.17812E-02   0.17960E-02   0.23043E+02   0.58845E+02
   0.15515E+03   0.79043E+00   0.19452E-02   0.19611E-02   0.23039E+02   0.58836E+02
   0.15090E+03   0.76855E+00   0.21283E-02   0.21454E-02   0.23035E+02   0.58826E+02
   0.14674E+03   0.74709E+00   0.23332E-02   0.23516E-02   0.23030E+02   0.58814E+02
   0.14265E+03   0.72607E+00   0.25565E-02   0.25759E-02   0.23025E+02   0.58801E+02
   0.13866E+03   0.70551E+00   0.28001E-02   0.28206E-02   0.23020E+02   0.58788E+02
   0.13475E+03   0.68545E+00   0.30714E-02   0.30930E-02   0.23014E+02   0.58772E+02
   0.13095E+03   0.66588E+00   0.33743E-02   0.33966E-02   0.23007E+02   0.58755E+02
   0.12725E+03   0.64684E+00   0.37065E-02   0.37294E-02   0.22999E+02   0.58737E+02
   0.12365E+03   0.62833E+00   0.40648E-02   0.40877E-02   0.22991E+02   0.58716E+02
   0.12015E+03   0.61035E+00   0.44437E-02   0.44660E-02   0.22982E+02   0.58694E+02
   0.11676E+03   0.59292E+00   0.48374E-02   0.48587E-02   0.22973E+02   0.58672E+02
   0.11347E+03   0.57603E+00   0.52429E-02   0.52633E-02   0.22963E+02   0.58648E+02
   0.11029E+03   0.55969E+00   0.56615E-02   0.56807E-02   0.22954E+02   0.58624E+02
   0.10721E+03   0.54389E+00   0.60957E-02   0.61132E-02   0.22944E+02   0.58599E+02
   0.10424E+03   0.52863E+00   0.65474E-02   0.65624E-02   0.22933E+02   0.58573E+02
   0.10136E+03   0.51390E+00   0.70159E-02   0.70279E-02   0.22922E+02   0.58546E+02
   0.98594E+02   0.49969E+00   0.74984E-02   0.75076E-02   0.22911E+02   0.58518E+02
   0.95923E+02   0.48599E+00   0.79917E-02   0.79980E-02   0.22900E+02   0.58489E+02
   0.93350E+02   0.47279E+00   0.84933E-02   0.84963E-02   0.22888E+02   0.58460E+02
   0.90870E+02   0.46008E+00   0.90033E-02   0.90019E-02   0.22876E+02   0.58431E+02
   0.88482E+02   0.44784E+00   0.95233E-02   0.95163E-02   0.22864E+02   0.58401E+02
   0.86184E+02   0.43606E+00   0.10052E-01   0.10038E-01   0.22852E+02   0.58370E+02
   0.83972E+02   0.42473E+00   0.10585E-01   0.10564E-01   0.22839E+02   0.58339E+02
   0.81844E+02   0.41382E+00   0.11123E-01   0.11092E-01   0.22827E+02   0.58308E+02
   0.79795E+02   0.40333E+00   0.11663E-01   0.11624E-01   0.22814E+02   0.58277E+02
   0.77824E+02   0.39324E+00   0.12205E-01   0.12156E-01   0.22801E+02   0.58245E+02
   0.75927E+02   0.38352E+00   0.12748E-01   0.12690E-01   0.22789E+02   0.58214E+02
   0.74101E+02   0.37417E+00   0.13293E-01   0.13226E-01   0.22776E+02   0.58182E+02
   0.72343E+02   0.36517E+00   0.13841E-01   0.13763E-01   0.22763E+02   0.58151E+02
   0.70651E+02   0.35650E+00   0.14394E-01   0.14305E-01   0.22751E+02   0.58119E+02
   0.69020E+02   0.34815E+00   0.14954E-01   0.14854E-01   0.22738E+02   0.58087E+02
   0.67449E+02   0.34011E+00   0.15524E-01   0.15410E-01   0.22725E+02   0.58054E+02
   0.65935E+02   0.33235E+00   0.16101E-01   0.15972E-01   0.22711E+02   0.58021E+02
   0.64475E+02   0.32486E+00   0.16683E-01   0.16539E-01   0.22698E+02   0.57988E+02
   0.63066E+02   0.31763E+00   0.17271E-01   0.17109E-01   0.22684E+02   0.57955E+02
   0.61705E+02   0.31065E+00   0.17863E-01   0.17683E-01   0.22671E+02   0.57921E+02
   0.60389E+02   0.30390E+00   0.18460E-01   0.18261E-01   0.22657E+02   0.57887E+02
   0.59118E+02   0.29738E+00   0.19061E-01   0.18841E-01   0.22643E+02   0.57853E+02
   0.57887E+02   0.29106E+00   0.19664E-01   0.19422E-01   0.22630E+02   0.57819E+02
   0.56694E+02   0.28493E+00   0.20269E-01   0.20005E-01   0.22616E+02   0.57784E+02
   0.55538E+02   0.27900E+00   0.20875E-01   0.20587E-01   0.22602E+02   0.57750E+02
   0.54416E+02   0.27324E+00   0.21483E-01   0.21171E-01   0.22588E+02   0.57716E+02
   0.53327E+02   0.26764E+00   0.22094E-01   0.21758E-01   0.22574E+02   0.57681E+02
   0.52269E+02   0.26220E+00   0.22710E-01   0.22347E-01   0.22560E+02   0.57646E+02
   0.51239E+02   0.25691E+00   0.23331E-01   0.22941E-01   0.22546E+02   0.57612E+02
   0.50236E+02   0.25175E+00   0.23959E-01   0.23540E-01   0.22532E+02   0.57576E+02
   0.49260E+02   0.24673E+00   0.24594E-01   0.24145E-01   0.22518E+02   0.57541E+02
   0.48307E+02   0.24183E+00   0.25236E-01   0.24756E-01   0.22503E+02   0.57505E+02
   0.47377E+02   0.23704E+00   0.25884E-01   0.25372E-01   0.22489E+02   0.57469E+02
   0.46468E+02   0.23236E+00   0.26540E-01   0.25994E-01   0.22474E+02   0.57432E+02
   0.45578E+02   0.22778E+00   0.27203E-01   0.26621E-01   0.22459E+02   0.57396E+02
   0.44708E+02   0.22330E+00   0.27872E-01   0.27254E-01   0.22444E+02   0.57359E+02
   0.43855E+02   0.21891E+00   0.28550E-01   0.27892E-01   0.22429E+02   0.57321E+02
   0.43019E+02   0.21460E+00   0.29235E-01   0.28537E-01   0.22414E+02   0.57283E+02
   0.42197E+02   0.21036E+00   0.29929E-01   0.29189E-01   0.22399E+02   0.57245E+02
   0.41391E+02   0.20621E+00   0.30634E-01   0.29851E-01   0.22383E+02   0.57206E+02
   0.40598E+02   0.20212E+00   0.31352E-01   0.30523E-01   0.22367E+02   0.57167E+02
   0.39817E+02   0.19810E+00   0.32084E-01   0.31208E-01   0.22351E+02   0.57127E+02
   0.39049E+02   0.19413E+00   0.32832E-01   0.31907E-01   0.22335E+02   0.57086E+02
   0.38292E+02   0.19023E+00   0.33597E-01   0.32621E-01   0.22318E+02   0.57045E+02
   0.37545E+02   0.18638E+00   0.34380E-01   0.33351E-01   0.22301E+02   0.57002E+02
   0.36808E+02   0.18257E+00   0.35182E-01   0.34100E-01   0.22283E+02   0.56959E+02
   0.36081E+02   0.17882E+00   0.36007E-01   0.34867E-01   0.22266E+02   0.56914E+02
   0.35362E+02   0.17511E+00   0.36857E-01   0.35656E-01   0.22247E+02   0.56868E+02
   0.34651E+02   0.17144E+00   0.37732E-01   0.36467E-01   0.22228E+02   0.56821E+02
   0.33948E+02   0.16780E+00   0.38635E-01   0.37303E-01   0.22209E+02   0.56772E+02
   0.33252E+02   0.16421E+00   0.39569E-01   0.38165E-01   0.22188E+02   0.56722E+02
   0.32562E+02   0.16064E+00   0.40535E-01   0.39055E-01   0.22168E+02   0.56671E+02
   0.31879E+02   0.15711E+00   0.41535E-01   0.39976E-01   0.22146E+02   0.56618E+02
   0.31202E+02   0.15361E+00   0.42572E-01   0.40928E-01   0.22124E+02   0.56562E+02
   0.30530E+02   0.15014E+00   0.43650E-01   0.41916E-01   0.22101E+02   0.56505E+02
   0.29864E+02   0.14669E+00   0.44772E-01   0.42942E-01   0.22077E+02   0.56446E+02
   0.29202E+02   0.14326E+00   0.45943E-01   0.44010E-01   0.22052E+02   0.56384E+02
   0.28545E+02   0.13986E+00   0.47168E-01   0.45124E-01   0.22026E+02   0.56320E+02
   0.27892E+02   0.13648E+00   0.48452E-01   0.46289E-01   0.21999E+02   0.56253E+02
   0.27243E+02   0.13312E+00   0.49801E-01   0.47509E-01   0.21971E+02   0.56183E+02
   0.26598E+02   0.12978E+00   0.51220E-01   0.48791E-01   0.21942E+02   0.56109E+02
   0.25957E+02   0.12645E+00   0.52718E-01   0.50139E-01   0.21910E+02   0.56032E+02
   0.25319E+02   0.12314E+00   0.54300E-01   0.51560E-01   0.21878E+02   0.55950E+02
   0.24684E+02   0.11985E+00   0.55975E-01   0.53060E-01   0.21843E+02   0.55864E+02
   0.24052E+02   0.11657E+00   0.57753E-01   0.54648E-01   0.21806E+02   0.55773E+02
   0.23424E+02   0.11330E+00   0.59644E-01   0.56332E-01   0.21768E+02   0.55677E+02
   0.22798E+02   0.11005E+00   0.61660E-01   0.58121E-01   0.21727E+02   0.55575E+02
   0.22174E+02   0.10680E+00   0.63814E-01   0.60025E-01   0.21683E+02   0.55466E+02
   0.21554E+02   0.10357E+00   0.66121E-01   0.62058E-01   0.21636E+02   0.55350E+02
   0.20935E+02   0.10035E+00   0.68602E-01   0.64233E-01   0.21586E+02   0.55227E+02
   0.20319E+02   0.97134E-01   0.71279E-01   0.66569E-01   0.21533E+02   0.55094E+02
   0.19706E+02   0.93930E-01   0.74179E-01   0.69086E-01   0.21476E+02   0.54951E+02
   0.19094E+02   0.90733E-01   0.77333E-01   0.71805E-01   0.21414E+02   0.54798E+02
   0.18485E+02   0.87545E-01   0.80775E-01   0.74754E-01   0.21347E+02   0.54631E+02
   0.17879E+02   0.84363E-01   0.84549E-01   0.77963E-01   0.21274E+02   0.54450E+02
   0.17274E+02   0.81189E-01   0.88704E-01   0.81468E-01   0.21194E+02   0.54253E+02
   0.16672E+02   0.78020E-01   0.93300E-01   0.85312E-01   0.21108E+02   0.54037E+02
   0.16072E+02   0.74858E-01   0.98410E-01   0.89547E-01   0.21012E+02   0.53800E+02
   0.15475E+02   0.71701E-01   0.10412E+00   0.94238E-01   0.20907E+02   0.53538E+02
   0.14880E+02   0.68549E-01   0.11055E+00   0.99461E-01   0.20790E+02   0.53248E+02
   0.14288E+02   0.65401E-01   0.11782E+00   0.10531E+00   0.20659E+02   0.52923E+02
   0.13700E+02   0.62258E-01   0.12611E+00   0.11192E+00   0.20513E+02   0.52559E+02
   0.13114E+02   0.59120E-01   0.13562E+00   0.11942E+00   0.20347E+02   0.52146E+02
   0.12532E+02   0.55985E-01   0.14662E+00   0.12800E+00   0.20157E+02   0.51676E+02
   0.11954E+02   0.52854E-01   0.15941E+00   0.13788E+00   0.19940E+02   0.51137E+02
   0.11380E+02   0.49726E-01   0.17438E+00   0.14937E+00   0.19689E+02   0.50513E+02
   0.10811E+02   0.46602E-01   0.19200E+00   0.16281E+00   0.19397E+02   0.49787E+02
   0.10246E+02   0.43480E-01   0.21285E+00   0.17869E+00   0.19053E+02   0.48933E+02
   0.96861E+01   0.40361E-01   0.23766E+00   0.19762E+00   0.18646E+02   0.47921E+02
   0.91305E+01   0.37245E-01   0.26729E+00   0.22042E+00   0.18158E+02   0.46709E+02
   0.85789E+01   0.34131E-01   0.30275E+00   0.24815E+00   0.17568E+02   0.45243E+02
   0.80291E+01   0.31020E-01   0.34511E+00   0.28215E+00   0.16847E+02   0.43453E+02
   0.74774E+01   0.27910E-01   0.39534E+00   0.32408E+00   0.15961E+02   0.41249E+02
   0.69165E+01   0.24803E-01   0.45410E+00   0.37587E+00   0.14864E+02   0.38525E+02
   0.63346E+01   0.21697E-01   0.52134E+00   0.43949E+00   0.13508E+02   0.35155E+02
   0.57137E+01   0.18593E-01   0.59584E+00   0.51620E+00   0.11848E+02   0.31031E+02
   0.50303E+01   0.15491E-01   0.67472E+00   0.60511E+00   0.98661E+01   0.26107E+02
   0.42602E+01   0.12390E-01   0.75352E+00   0.70115E+00   0.76239E+01   0.20536E+02
   0.33941E+01   0.92907E-02   0.82735E+00   0.79500E+00   0.53021E+01   0.14768E+02
   0.24502E+01   0.61926E-02   0.89274E+00   0.87676E+00   0.31656E+01   0.94593E+01
   0.14684E+01   0.30957E-02   0.94924E+00   0.94328E+00   0.14127E+01   0.51043E+01
   0.48571E+00   0.00000E+00   0.10000E+01   0.10000E+01   0.00000E+00   0.15943E+01
