   0.19235E+03   0.95224E+00   0.10675E-01   0.10697E-01   0.17522E+02   0.67075E+02
   0.18762E+03   0.92848E+00   0.10792E-01   0.10811E-01   0.17521E+02   0.67068E+02
   0.18292E+03   0.90486E+00   0.10958E-01   0.10975E-01   0.17518E+02   0.67059E+02
   0.17826E+03   0.88143E+00   0.11168E-01   0.11182E-01   0.17515E+02   0.67046E+02
   0.17365E+03   0.85823E+00   0.11417E-01   0.11426E-01   0.17511E+02   0.67031E+02
   0.16910E+03   0.83530E+00   0.11715E-01   0.11718E-01   0.17506E+02   0.67013E+02
   0.16461E+03   0.81269E+00   0.12069E-01   0.12066E-01   0.17500E+02   0.66991E+02
   0.16019E+03   0.79043E+00   0.12469E-01   0.12459E-01   0.17494E+02   0.66966E+02
   0.15585E+03   0.76855E+00   0.12904E-01   0.12886E-01   0.17486E+02   0.66938E+02
   0.15159E+03   0.74709E+00   0.13371E-01   0.13345E-01   0.17478E+02   0.66908E+02
   0.14742E+03   0.72607E+00   0.13875E-01   0.13840E-01   0.17470E+02   0.66876E+02
   0.14334E+03   0.70551E+00   0.14417E-01   0.14372E-01   0.17460E+02   0.66841E+02
   0.13935E+03   0.68545E+00   0.14990E-01   0.14935E-01   0.17450E+02   0.66804E+02
   0.13547E+03   0.66588E+00   0.15587E-01   0.15519E-01   0.17440E+02   0.66765E+02
   0.13168E+03   0.64684E+00   0.16203E-01   0.16122E-01   0.17429E+02   0.66724E+02
   0.12800E+03   0.62833E+00   0.16840E-01   0.16747E-01   0.17418E+02   0.66683E+02
   0.12443E+03   0.61035E+00   0.17499E-01   0.17392E-01   0.17407E+02   0.66640E+02
   0.12095E+03   0.59292E+00   0.18179E-01   0.18057E-01   0.17395E+02   0.66595E+02
   0.11759E+03   0.57603E+00   0.18882E-01   0.18742E-01   0.17383E+02   0.66550E+02
   0.11434E+03   0.55969E+00   0.19610E-01   0.19451E-01   0.17370E+02   0.66503E+02
   0.11119E+03   0.54389E+00   0.20363E-01   0.20182E-01   0.17357E+02   0.66454E+02
   0.10815E+03   0.52863E+00   0.21133E-01   0.20928E-01   0.17344E+02   0.66403E+02
   0.10521E+03   0.51390E+00   0.21908E-01   0.21677E-01   0.17330E+02   0.66353E+02
   0.10237E+03   0.49969E+00   0.22684E-01   0.22426E-01   0.17317E+02   0.66302E+02
   0.99635E+02   0.48599E+00   0.23461E-01   0.23174E-01   0.17303E+02   0.66251E+02
   0.96996E+02   0.47279E+00   0.24237E-01   0.23919E-01   0.17290E+02   0.66200E+02
   0.94452E+02   0.46008E+00   0.25010E-01   0.24661E-01   0.17277E+02   0.66150E+02
   0.92001E+02   0.44784E+00   0.25778E-01   0.25398E-01   0.17263E+02   0.66100E+02
   0.89640E+02   0.43606E+00   0.26544E-01   0.26134E-01   0.17250E+02   0.66050E+02
   0.87367E+02   0.42473E+00   0.27314E-01   0.26873E-01   0.17237E+02   0.66000E+02
   0.85180E+02   0.41382E+00   0.28089E-01   0.27615E-01   0.17223E+02   0.65950E+02
   0.83074E+02   0.40333E+00   0.28866E-01   0.28359E-01   0.17210E+02   0.65899E+02
   0.81048E+02   0.39324E+00   0.29641E-01   0.29100E-01   0.17196E+02   0.65849E+02
   0.79096E+02   0.38352E+00   0.30412E-01   0.29835E-01   0.17183E+02   0.65799E+02
   0.77218E+02   0.37417E+00   0.31179E-01   0.30567E-01   0.17170E+02   0.65749E+02
   0.75408E+02   0.36517E+00   0.31944E-01   0.31296E-01   0.17157E+02   0.65700E+02
   0.73666E+02   0.35650E+00   0.32709E-01   0.32024E-01   0.17144E+02   0.65650E+02
   0.71986E+02   0.34815E+00   0.33478E-01   0.32754E-01   0.17131E+02   0.65601E+02
   0.70368E+02   0.34011E+00   0.34254E-01   0.33489E-01   0.17117E+02   0.65551E+02
   0.68808E+02   0.33235E+00   0.35037E-01   0.34228E-01   0.17104E+02   0.65501E+02
   0.67304E+02   0.32486E+00   0.35824E-01   0.34971E-01   0.17091E+02   0.65451E+02
   0.65851E+02   0.31763E+00   0.36612E-01   0.35713E-01   0.17077E+02   0.65401E+02
   0.64448E+02   0.31065E+00   0.37400E-01   0.36455E-01   0.17064E+02   0.65350E+02
   0.63092E+02   0.30390E+00   0.38190E-01   0.37200E-01   0.17050E+02   0.65300E+02
   0.61780E+02   0.29738E+00   0.38984E-01   0.37948E-01   0.17037E+02   0.65249E+02
   0.60510E+02   0.29106E+00   0.39785E-01   0.38702E-01   0.17024E+02   0.65199E+02
   0.59281E+02   0.28493E+00   0.40593E-01   0.39461E-01   0.17010E+02   0.65147E+02
   0.58089E+02   0.27900E+00   0.41408E-01   0.40225E-01   0.16996E+02   0.65096E+02
   0.56933E+02   0.27324E+00   0.42232E-01   0.40995E-01   0.16982E+02   0.65044E+02
   0.55810E+02   0.26764E+00   0.43062E-01   0.41771E-01   0.16968E+02   0.64991E+02
   0.54719E+02   0.26220E+00   0.43900E-01   0.42552E-01   0.16954E+02   0.64938E+02
   0.53657E+02   0.25691E+00   0.44744E-01   0.43338E-01   0.16940E+02   0.64885E+02
   0.52624E+02   0.25175E+00   0.45596E-01   0.44130E-01   0.16926E+02   0.64832E+02
   0.51617E+02   0.24673E+00   0.46456E-01   0.44928E-01   0.16912E+02   0.64778E+02
   0.50634E+02   0.24183E+00   0.47326E-01   0.45734E-01   0.16897E+02   0.64724E+02
   0.49675E+02   0.23704E+00   0.48206E-01   0.46547E-01   0.16883E+02   0.64669E+02
   0.48737E+02   0.23236E+00   0.49096E-01   0.47369E-01   0.16868E+02   0.64613E+02
   0.47820E+02   0.22778E+00   0.49999E-01   0.48202E-01   0.16853E+02   0.64557E+02
   0.46923E+02   0.22330E+00   0.50914E-01   0.49046E-01   0.16838E+02   0.64500E+02
   0.46043E+02   0.21891E+00   0.51846E-01   0.49902E-01   0.16823E+02   0.64443E+02
   0.45181E+02   0.21460E+00   0.52795E-01   0.50774E-01   0.16807E+02   0.64384E+02
   0.44334E+02   0.21036E+00   0.53764E-01   0.51662E-01   0.16791E+02   0.64325E+02
   0.43503E+02   0.20621E+00   0.54753E-01   0.52567E-01   0.16775E+02   0.64264E+02
   0.42686E+02   0.20212E+00   0.55765E-01   0.53491E-01   0.16758E+02   0.64202E+02
   0.41882E+02   0.19810E+00   0.56799E-01   0.54435E-01   0.16742E+02   0.64139E+02
   0.41090E+02   0.19413E+00   0.57859E-01   0.55400E-01   0.16724E+02   0.64074E+02
   0.40310E+02   0.19023E+00   0.58945E-01   0.56386E-01   0.16707E+02   0.64008E+02
   0.39541E+02   0.18638E+00   0.60058E-01   0.57397E-01   0.16689E+02   0.63940E+02
   0.38782E+02   0.18257E+00   0.61202E-01   0.58433E-01   0.16670E+02   0.63871E+02
   0.38033E+02   0.17882E+00   0.62379E-01   0.59497E-01   0.16651E+02   0.63800E+02
   0.37292E+02   0.17511E+00   0.63595E-01   0.60595E-01   0.16632E+02   0.63726E+02
   0.36560E+02   0.17144E+00   0.64852E-01   0.61728E-01   0.16612E+02   0.63651E+02
   0.35836E+02   0.16780E+00   0.66154E-01   0.62900E-01   0.16591E+02   0.63573E+02
   0.35120E+02   0.16421E+00   0.67508E-01   0.64117E-01   0.16570E+02   0.63492E+02
   0.34411E+02   0.16064E+00   0.68917E-01   0.65380E-01   0.16547E+02   0.63408E+02
   0.33708E+02   0.15711E+00   0.70385E-01   0.66693E-01   0.16524E+02   0.63321E+02
   0.33012E+02   0.15361E+00   0.71919E-01   0.68061E-01   0.16500E+02   0.63230E+02
   0.32322E+02   0.15014E+00   0.73521E-01   0.69485E-01   0.16475E+02   0.63135E+02
   0.31637E+02   0.14669E+00   0.75196E-01   0.70970E-01   0.16449E+02   0.63037E+02
   0.30957E+02   0.14326E+00   0.76949E-01   0.72520E-01   0.16421E+02   0.62934E+02
   0.30283E+02   0.13986E+00   0.78786E-01   0.74139E-01   0.16393E+02   0.62827E+02
   0.29613E+02   0.13648E+00   0.80713E-01   0.75833E-01   0.16363E+02   0.62715E+02
   0.28947E+02   0.13312E+00   0.82740E-01   0.77609E-01   0.16332E+02   0.62597E+02
   0.28285E+02   0.12978E+00   0.84874E-01   0.79474E-01   0.16299E+02   0.62474E+02
   0.27627E+02   0.12645E+00   0.87126E-01   0.81434E-01   0.16264E+02   0.62344E+02
   0.26973E+02   0.12314E+00   0.89507E-01   0.83500E-01   0.16228E+02   0.62208E+02
   0.26322E+02   0.11985E+00   0.92033E-01   0.85681E-01   0.16190E+02   0.62064E+02
   0.25675E+02   0.11657E+00   0.94719E-01   0.87990E-01   0.16149E+02   0.61912E+02
   0.25031E+02   0.11330E+00   0.97581E-01   0.90439E-01   0.16107E+02   0.61751E+02
   0.24390E+02   0.11005E+00   0.10064E+00   0.93044E-01   0.16061E+02   0.61580E+02
   0.23752E+02   0.10680E+00   0.10393E+00   0.95826E-01   0.16013E+02   0.61398E+02
   0.23117E+02   0.10357E+00   0.10746E+00   0.98805E-01   0.15961E+02   0.61203E+02
   0.22486E+02   0.10035E+00   0.11129E+00   0.10201E+00   0.15905E+02   0.60994E+02
   0.21857E+02   0.97134E-01   0.11544E+00   0.10546E+00   0.15846E+02   0.60770E+02
   0.21232E+02   0.93930E-01   0.11997E+00   0.10920E+00   0.15781E+02   0.60527E+02
   0.20610E+02   0.90733E-01   0.12492E+00   0.11325E+00   0.15711E+02   0.60263E+02
   0.19991E+02   0.87545E-01   0.13037E+00   0.11768E+00   0.15635E+02   0.59977E+02
   0.19376E+02   0.84363E-01   0.13638E+00   0.12252E+00   0.15551E+02   0.59664E+02
   0.18764E+02   0.81189E-01   0.14305E+00   0.12785E+00   0.15460E+02   0.59321E+02
   0.18156E+02   0.78020E-01   0.15048E+00   0.13373E+00   0.15360E+02   0.58943E+02
   0.17552E+02   0.74858E-01   0.15881E+00   0.14027E+00   0.15248E+02   0.58524E+02
   0.16952E+02   0.71701E-01   0.16820E+00   0.14758E+00   0.15124E+02   0.58057E+02
   0.16357E+02   0.68549E-01   0.17883E+00   0.15580E+00   0.14985E+02   0.57534E+02
   0.15767E+02   0.65401E-01   0.19093E+00   0.16508E+00   0.14828E+02   0.56945E+02
   0.15182E+02   0.62258E-01   0.20478E+00   0.17564E+00   0.14651E+02   0.56277E+02
   0.14603E+02   0.59120E-01   0.22066E+00   0.18771E+00   0.14448E+02   0.55517E+02
   0.14028E+02   0.55985E-01   0.23890E+00   0.20157E+00   0.14217E+02   0.54645E+02
   0.13458E+02   0.52854E-01   0.25990E+00   0.21759E+00   0.13950E+02   0.53642E+02
   0.12892E+02   0.49726E-01   0.28408E+00   0.23620E+00   0.13641E+02   0.52480E+02
   0.12330E+02   0.46602E-01   0.31190E+00   0.25797E+00   0.13280E+02   0.51125E+02
   0.11768E+02   0.43480E-01   0.34382E+00   0.28358E+00   0.12858E+02   0.49536E+02
   0.11205E+02   0.40361E-01   0.38029E+00   0.31388E+00   0.12359E+02   0.47661E+02
   0.10635E+02   0.37245E-01   0.42169E+00   0.34991E+00   0.11767E+02   0.45437E+02
   0.10053E+02   0.34131E-01   0.46825E+00   0.39287E+00   0.11062E+02   0.42785E+02
   0.94480E+01   0.31020E-01   0.51985E+00   0.44396E+00   0.10220E+02   0.39618E+02
   0.88053E+01   0.27910E-01   0.57582E+00   0.50384E+00   0.92208E+01   0.35861E+02
   0.81042E+01   0.24803E-01   0.63459E+00   0.57181E+00   0.80600E+01   0.31497E+02
   0.73230E+01   0.21697E-01   0.69377E+00   0.64478E+00   0.67682E+01   0.26640E+02
   0.64494E+01   0.18593E-01   0.75053E+00   0.71699E+00   0.54267E+01   0.21596E+02
   0.54913E+01   0.15491E-01   0.80259E+00   0.78213E+00   0.41620E+01   0.16841E+02
   0.44810E+01   0.12390E-01   0.84923E+00   0.83746E+00   0.30729E+01   0.12746E+02
   0.34564E+01   0.92907E-02   0.89122E+00   0.88456E+00   0.21610E+01   0.93172E+01
   0.24414E+01   0.61926E-02   0.92976E+00   0.92618E+00   0.13706E+01   0.63454E+01
   0.14463E+01   0.30957E-02   0.96570E+00   0.96417E+00   0.65835E+00   0.36675E+01
   0.47567E+00   0.00000E+00   0.10000E+01   0.10000E+01   0.00000E+00   0.11922E+01
