   0.15017E+02  -0.98273E-04   0.21946E-02   0.52909E-02  -0.15931E-04   0.32556E-02  -0.27260E-03  -0.11749E-02   0.37316E-06  -0.28744E-03  -0.37604E-03   0.85163E-02
   0.15035E+02  -0.68219E-04   0.21921E-02   0.53193E-02   0.39690E-04   0.32603E-02  -0.27311E-03  -0.11772E-02   0.96696E-06  -0.28742E-03  -0.10750E-05   0.90053E-02
   0.15052E+02  -0.43592E-04   0.19802E-02   0.53038E-02   0.13525E-03   0.32649E-02  -0.27360E-03  -0.11796E-02   0.97879E-06  -0.28726E-03  -0.53384E-06   0.89006E-02
   0.15069E+02  -0.38283E-04   0.16541E-02   0.52671E-02   0.11014E-03   0.32696E-02  -0.27406E-03  -0.11821E-02   0.13417E-05  -0.28710E-03  -0.39426E-06   0.85204E-02
   0.15087E+02  -0.56012E-04   0.14997E-02   0.52275E-02   0.11529E-03   0.32743E-02  -0.27451E-03  -0.11844E-02   0.51592E-06  -0.28707E-03   0.35400E-07   0.83154E-02
   0.15104E+02  -0.86390E-04   0.16406E-02   0.52006E-02   0.20481E-03   0.32790E-02  -0.27497E-03  -0.11865E-02  -0.15674E-05  -0.28720E-03   0.10155E-05   0.84893E-02
   0.15122E+02  -0.11357E-03   0.20448E-02   0.52043E-02   0.18047E-03   0.32837E-02  -0.27546E-03  -0.11886E-02  -0.26344E-05  -0.28745E-03   0.16621E-05   0.88472E-02
   0.15139E+02  -0.11928E-03   0.23551E-02   0.52468E-02   0.45448E-04   0.32884E-02  -0.27601E-03  -0.11905E-02  -0.10365E-05  -0.28782E-03   0.47519E-06   0.90617E-02
   0.15156E+02  -0.98178E-04   0.24967E-02   0.53097E-02   0.42728E-04   0.32931E-02  -0.27657E-03  -0.11924E-02   0.28199E-06  -0.28804E-03  -0.66589E-06   0.92866E-02
   0.15174E+02  -0.63486E-04   0.24719E-02   0.53624E-02   0.11409E-03   0.32978E-02  -0.27712E-03  -0.11947E-02   0.47557E-06  -0.28798E-03  -0.79615E-06   0.94225E-02
   0.15191E+02  -0.36874E-04   0.23093E-02   0.53772E-02   0.97557E-04   0.33024E-02  -0.27764E-03  -0.11971E-02   0.91742E-06  -0.28777E-03  -0.70120E-06   0.92873E-02
   0.15208E+02  -0.32996E-04   0.19242E-02   0.53588E-02  -0.19336E-04   0.33070E-02  -0.27815E-03  -0.11996E-02   0.30226E-05  -0.28758E-03  -0.10225E-05   0.87743E-02
   0.15226E+02  -0.48764E-04   0.13425E-02   0.53232E-02  -0.14678E-04   0.33117E-02  -0.27861E-03  -0.12020E-02   0.21161E-05  -0.28749E-03  -0.56452E-06   0.81475E-02
   0.15243E+02  -0.79655E-04   0.10643E-02   0.52899E-02   0.11784E-03   0.33165E-02  -0.27906E-03  -0.12042E-02  -0.23460E-06  -0.28754E-03   0.32507E-06   0.79382E-02
   0.15260E+02  -0.11240E-03   0.12211E-02   0.52765E-02   0.19721E-03   0.33212E-02  -0.27953E-03  -0.12062E-02  -0.22447E-05  -0.28786E-03   0.14118E-05   0.81292E-02
   0.15278E+02  -0.13015E-03   0.18055E-02   0.52899E-02   0.17235E-03   0.33259E-02  -0.28003E-03  -0.12080E-02  -0.26607E-05  -0.28829E-03   0.13110E-05   0.86858E-02
   0.15295E+02  -0.11615E-03   0.24208E-02   0.53294E-02   0.16016E-03   0.33307E-02  -0.28056E-03  -0.12101E-02  -0.20954E-05  -0.28852E-03   0.62615E-06   0.93443E-02
   0.15312E+02  -0.75497E-04   0.28050E-02   0.53749E-02   0.16669E-03   0.33354E-02  -0.28111E-03  -0.12124E-02  -0.78979E-06  -0.28846E-03   0.38464E-03   0.10208E-01
