   0.18767E+02  -0.11286E-03   0.25900E-02   0.70550E-02  -0.46924E-04   0.42645E-02  -0.38538E-03  -0.16587E-02   0.10846E-05  -0.29230E-03  -0.51481E-03   0.10900E-01
   0.18785E+02  -0.13975E-03   0.25169E-02   0.70829E-02  -0.11920E-03   0.42689E-02  -0.38585E-03  -0.16608E-02   0.16347E-05  -0.29235E-03  -0.52685E-06   0.11272E-01
   0.18802E+02  -0.17506E-03   0.23145E-02   0.71090E-02  -0.13786E-03   0.42734E-02  -0.38632E-03  -0.16631E-02   0.12851E-05  -0.29228E-03  -0.64764E-06   0.11043E-01
   0.18819E+02  -0.20394E-03   0.21684E-02   0.71303E-02  -0.98701E-04   0.42778E-02  -0.38682E-03  -0.16654E-02  -0.37133E-07  -0.29214E-03  -0.57009E-06   0.10929E-01
   0.18837E+02  -0.21789E-03   0.20109E-02   0.71552E-02  -0.77751E-04   0.42822E-02  -0.38737E-03  -0.16677E-02   0.52056E-06  -0.29200E-03  -0.40396E-06   0.10806E-01
   0.18854E+02  -0.20778E-03   0.17900E-02   0.71799E-02  -0.22691E-04   0.42866E-02  -0.38795E-03  -0.16698E-02   0.16914E-06  -0.29193E-03  -0.13876E-06   0.10676E-01
   0.18872E+02  -0.17527E-03   0.17620E-02   0.71807E-02   0.13116E-04   0.42910E-02  -0.38853E-03  -0.16721E-02  -0.50876E-06  -0.29178E-03   0.78849E-07   0.10719E-01
   0.18889E+02  -0.13288E-03   0.20182E-02   0.71581E-02   0.96632E-05   0.42954E-02  -0.38906E-03  -0.16745E-02  -0.95314E-06  -0.29155E-03   0.38995E-06   0.10993E-01
   0.18906E+02  -0.98376E-04   0.21921E-02   0.71419E-02  -0.40369E-04   0.42998E-02  -0.38958E-03  -0.16768E-02  -0.14559E-05  -0.29148E-03   0.12135E-05   0.11137E-01
   0.18924E+02  -0.96172E-04   0.22790E-02   0.71397E-02   0.43163E-05   0.43042E-02  -0.39010E-03  -0.16787E-02  -0.11300E-06  -0.29169E-03   0.52304E-06   0.11271E-01
   0.18941E+02  -0.12606E-03   0.20975E-02   0.71467E-02  -0.12858E-05   0.43086E-02  -0.39060E-03  -0.16804E-02   0.12146E-05  -0.29205E-03   0.64354E-07   0.11064E-01
   0.18958E+02  -0.17191E-03   0.20612E-02   0.71648E-02   0.83752E-04   0.43130E-02  -0.39110E-03  -0.16823E-02   0.66363E-06  -0.29222E-03  -0.40206E-06   0.11085E-01
   0.18976E+02  -0.21508E-03   0.23004E-02   0.71977E-02   0.14721E-03   0.43173E-02  -0.39158E-03  -0.16845E-02  -0.11209E-05  -0.29211E-03  -0.13649E-06   0.11378E-01
   0.18993E+02  -0.23466E-03   0.26945E-02   0.72370E-02  -0.38005E-04   0.43216E-02  -0.39208E-03  -0.16868E-02  -0.44681E-06  -0.29191E-03  -0.19541E-06   0.11609E-01
   0.19010E+02  -0.21883E-03   0.26788E-02   0.72635E-02  -0.24241E-03   0.43259E-02  -0.39261E-03  -0.16893E-02   0.97895E-06  -0.29160E-03  -0.10124E-05   0.11433E-01
   0.19028E+02  -0.17459E-03   0.22887E-02   0.72612E-02  -0.27333E-03   0.43303E-02  -0.39317E-03  -0.16917E-02   0.17317E-05  -0.29125E-03  -0.10445E-05   0.11057E-01
   0.19045E+02  -0.11887E-03   0.19084E-02   0.72450E-02  -0.11892E-03   0.43346E-02  -0.39371E-03  -0.16941E-02   0.66915E-06  -0.29102E-03  -0.10979E-06   0.10872E-01
   0.19062E+02  -0.79849E-04   0.14763E-02   0.72432E-02  -0.56379E-05   0.43389E-02  -0.39424E-03  -0.16962E-02  -0.37207E-06  -0.29105E-03   0.52876E-03   0.11120E-01
