   0.19080E+02  -0.80513E-04   0.12182E-02   0.72560E-02   0.30439E-05   0.43432E-02  -0.39477E-03  -0.16979E-02  -0.17263E-06  -0.29133E-03  -0.52781E-03   0.98279E-02
   0.19097E+02  -0.11967E-03   0.12389E-02   0.72595E-02   0.48971E-04   0.43475E-02  -0.39529E-03  -0.16996E-02   0.15155E-06  -0.29167E-03   0.65705E-06   0.10389E-01
   0.19115E+02  -0.18197E-03   0.16802E-02   0.72574E-02   0.20171E-03   0.43517E-02  -0.39577E-03  -0.17015E-02  -0.11284E-05  -0.29185E-03   0.50782E-06   0.10919E-01
   0.19132E+02  -0.24505E-03   0.27462E-02   0.72648E-02   0.19739E-03   0.43560E-02  -0.39625E-03  -0.17036E-02  -0.33875E-05  -0.29174E-03   0.64764E-06   0.11925E-01
   0.19149E+02  -0.27476E-03   0.37566E-02   0.72855E-02  -0.93506E-04   0.43603E-02  -0.39675E-03  -0.17060E-02  -0.20249E-05  -0.29148E-03   0.11260E-06   0.12638E-01
   0.19167E+02  -0.24455E-03   0.37502E-02   0.73099E-02  -0.35291E-03   0.43645E-02  -0.39727E-03  -0.17084E-02   0.18746E-05  -0.29116E-03  -0.96631E-06   0.12431E-01
   0.19184E+02  -0.17699E-03   0.28742E-02   0.73250E-02  -0.26894E-03   0.43688E-02  -0.39780E-03  -0.17108E-02   0.35441E-05  -0.29083E-03  -0.12966E-05   0.11725E-01
   0.19201E+02  -0.11151E-03   0.17310E-02   0.73386E-02  -0.37826E-04   0.43730E-02  -0.39833E-03  -0.17130E-02   0.22597E-05  -0.29063E-03  -0.84446E-06   0.10893E-01
   0.19219E+02  -0.80794E-04   0.91596E-03   0.73655E-02   0.12010E-04   0.43772E-02  -0.39886E-03  -0.17150E-02   0.15336E-05  -0.29069E-03  -0.41223E-06   0.10186E-01
   0.19236E+02  -0.98455E-04   0.63296E-03   0.73888E-02  -0.46879E-04   0.43814E-02  -0.39940E-03  -0.17167E-02   0.13919E-06  -0.29105E-03   0.19397E-06   0.98510E-02
   0.19253E+02  -0.14976E-03   0.96945E-03   0.73859E-02  -0.20199E-04   0.43857E-02  -0.39992E-03  -0.17184E-02  -0.11484E-05  -0.29134E-03   0.75611E-06   0.10161E-01
   0.19271E+02  -0.20371E-03   0.17333E-02   0.73679E-02  -0.49544E-05   0.43900E-02  -0.40041E-03  -0.17205E-02  -0.27408E-05  -0.29133E-03   0.11701E-05   0.10869E-01
   0.19288E+02  -0.23887E-03   0.27759E-02   0.73496E-02   0.31767E-04   0.43942E-02  -0.40088E-03  -0.17228E-02  -0.37279E-05  -0.29103E-03   0.12124E-05   0.11895E-01
   0.19306E+02  -0.24118E-03   0.35654E-02   0.73492E-02  -0.77033E-04   0.43984E-02  -0.40138E-03  -0.17253E-02  -0.13841E-05  -0.29059E-03   0.33524E-06   0.12576E-01
   0.19323E+02  -0.21457E-03   0.36975E-02   0.73699E-02  -0.11000E-03   0.44025E-02  -0.40190E-03  -0.17276E-02   0.14332E-05  -0.29032E-03  -0.80114E-06   0.12726E-01
   0.19340E+02  -0.17944E-03   0.31503E-02   0.73926E-02  -0.14896E-05   0.44067E-02  -0.40241E-03  -0.17297E-02   0.24921E-05  -0.29025E-03  -0.90353E-06   0.12348E-01
   0.19358E+02  -0.15388E-03   0.23677E-02   0.74181E-02   0.32228E-04   0.44109E-02  -0.40293E-03  -0.17316E-02   0.15476E-05  -0.29038E-03  -0.42574E-06   0.11651E-01
   0.19375E+02  -0.13774E-03   0.16439E-02   0.74663E-02  -0.19912E-03   0.44152E-02  -0.40349E-03  -0.17334E-02   0.16639E-05  -0.29067E-03   0.53330E-03   0.11296E-01
