   0.10955E+02  -0.25597E-04   0.16512E-02   0.35440E-02   0.19713E-03   0.21093E-02  -0.15897E-03  -0.67306E-03   0.35174E-06  -0.23876E-03  -0.21415E-03   0.61914E-02
   0.10972E+02  -0.26196E-04   0.15357E-02   0.35500E-02   0.18495E-03   0.21141E-02  -0.15943E-03  -0.67499E-03   0.31045E-06  -0.23913E-03   0.53829E-07   0.62853E-02
   0.10990E+02  -0.38679E-04   0.14234E-02   0.35595E-02   0.15350E-03   0.21189E-02  -0.15989E-03  -0.67686E-03   0.51458E-06  -0.23957E-03   0.10174E-06   0.61409E-02
   0.11007E+02  -0.54887E-04   0.14157E-02   0.35679E-02   0.13601E-03   0.21238E-02  -0.16034E-03  -0.67874E-03  -0.76610E-07  -0.23998E-03   0.14910E-06   0.61095E-02
   0.11024E+02  -0.64653E-04   0.15555E-02   0.35726E-02   0.16929E-03   0.21287E-02  -0.16078E-03  -0.68074E-03  -0.72390E-06  -0.24030E-03   0.15862E-06   0.62790E-02
   0.11042E+02  -0.61597E-04   0.16549E-02   0.35807E-02   0.18658E-03   0.21336E-02  -0.16122E-03  -0.68280E-03  -0.30244E-06  -0.24056E-03  -0.10379E-06   0.64092E-02
   0.11059E+02  -0.48610E-04   0.16462E-02   0.35933E-02   0.19517E-03   0.21384E-02  -0.16166E-03  -0.68486E-03   0.12462E-06  -0.24082E-03  -0.15687E-06   0.64371E-02
   0.11076E+02  -0.34669E-04   0.15969E-02   0.36029E-02   0.20129E-03   0.21432E-02  -0.16211E-03  -0.68687E-03   0.37210E-06  -0.24112E-03  -0.24165E-06   0.64197E-02
   0.11094E+02  -0.28457E-04   0.15261E-02   0.36086E-02   0.19947E-03   0.21481E-02  -0.16257E-03  -0.68879E-03   0.44099E-06  -0.24151E-03  -0.17033E-06   0.63612E-02
   0.11111E+02  -0.32364E-04   0.14505E-02   0.36136E-02   0.15189E-03   0.21529E-02  -0.16304E-03  -0.69067E-03   0.28901E-06  -0.24196E-03   0.80408E-07   0.62412E-02
   0.11128E+02  -0.40660E-04   0.14235E-02   0.36163E-02   0.12990E-03   0.21578E-02  -0.16350E-03  -0.69257E-03   0.57389E-07  -0.24238E-03   0.68543E-07   0.61885E-02
   0.11146E+02  -0.48256E-04   0.14650E-02   0.36165E-02   0.18779E-03   0.21627E-02  -0.16396E-03  -0.69455E-03  -0.52314E-06  -0.24273E-03   0.29415E-06   0.62822E-02
   0.11163E+02  -0.53174E-04   0.15772E-02   0.36215E-02   0.20762E-03   0.21676E-02  -0.16441E-03  -0.69660E-03  -0.68254E-06  -0.24300E-03   0.39151E-06   0.64164E-02
   0.11181E+02  -0.54514E-04   0.17325E-02   0.36318E-02   0.20549E-03   0.21724E-02  -0.16486E-03  -0.69866E-03  -0.43407E-06  -0.24325E-03   0.14710E-06   0.65806E-02
   0.11198E+02  -0.52015E-04   0.18495E-02   0.36448E-02   0.17766E-03   0.21773E-02  -0.16532E-03  -0.70070E-03  -0.18936E-06  -0.24352E-03  -0.10888E-06   0.66875E-02
   0.11215E+02  -0.46526E-04   0.18106E-02   0.36596E-02   0.14693E-03   0.21822E-02  -0.16577E-03  -0.70265E-03   0.58114E-06  -0.24389E-03  -0.53329E-06   0.66405E-02
   0.11233E+02  -0.40539E-04   0.16166E-02   0.36709E-02   0.13557E-03   0.21870E-02  -0.16622E-03  -0.70456E-03   0.12290E-05  -0.24431E-03  -0.62373E-06   0.64551E-02
   0.11250E+02  -0.36762E-04   0.14208E-02   0.36724E-02   0.17626E-03   0.21919E-02  -0.16667E-03  -0.70650E-03   0.53141E-06  -0.24472E-03   0.22872E-03   0.65359E-02
