   0.25955E+02  -0.97589E-04   0.22446E-02   0.12518E-01  -0.46755E-04   0.57997E-02  -0.59289E-03  -0.24110E-02  -0.86161E-06  -0.29014E-03  -0.77718E-03   0.16345E-01
   0.25972E+02  -0.12093E-03   0.17036E-02   0.12512E-01  -0.97402E-04   0.58032E-02  -0.59342E-03  -0.24127E-02   0.14355E-05  -0.29023E-03   0.18947E-07   0.16505E-01
   0.25990E+02  -0.19330E-03   0.84973E-03   0.12511E-01  -0.14673E-03   0.58067E-02  -0.59391E-03  -0.24144E-02   0.37821E-05  -0.29031E-03   0.31360E-06   0.15533E-01
   0.26007E+02  -0.27797E-03  -0.24904E-03   0.12522E-01  -0.15865E-03   0.58102E-02  -0.59438E-03  -0.24159E-02   0.33869E-05  -0.29041E-03   0.42408E-06   0.14349E-01
   0.26024E+02  -0.33788E-03  -0.10270E-02   0.12544E-01  -0.14699E-03   0.58138E-02  -0.59485E-03  -0.24176E-02   0.17257E-05  -0.29043E-03  -0.32040E-06   0.13544E-01
   0.26042E+02  -0.36824E-03  -0.12562E-02   0.12565E-01  -0.26710E-03   0.58173E-02  -0.59533E-03  -0.24193E-02   0.70102E-08  -0.29051E-03  -0.79843E-06   0.13185E-01
   0.26059E+02  -0.37940E-03  -0.90095E-03   0.12566E-01  -0.19676E-03   0.58208E-02  -0.59583E-03  -0.24210E-02  -0.15204E-05  -0.29057E-03  -0.33206E-07   0.13600E-01
   0.26076E+02  -0.35244E-03   0.73439E-04   0.12576E-01  -0.85009E-04   0.58243E-02  -0.59636E-03  -0.24227E-02  -0.42027E-05  -0.29057E-03   0.64504E-06   0.14723E-01
   0.26094E+02  -0.26321E-03   0.16029E-02   0.12613E-01  -0.65433E-04   0.58278E-02  -0.59690E-03  -0.24245E-02  -0.40059E-05  -0.29048E-03   0.23976E-07   0.16400E-01
   0.26111E+02  -0.13549E-03   0.26781E-02   0.12647E-01  -0.14437E-03   0.58313E-02  -0.59745E-03  -0.24264E-02  -0.21109E-05  -0.29044E-03   0.14526E-06   0.17561E-01
   0.26128E+02  -0.40770E-04   0.25424E-02   0.12654E-01  -0.11572E-03   0.58347E-02  -0.59802E-03  -0.24282E-02   0.82515E-06  -0.29047E-03   0.43300E-06   0.17559E-01
   0.26146E+02  -0.29056E-04   0.16061E-02   0.12636E-01  -0.16349E-04   0.58382E-02  -0.59855E-03  -0.24299E-02   0.34666E-05  -0.29049E-03   0.51003E-07   0.16720E-01
   0.26163E+02  -0.10060E-03   0.45845E-03   0.12623E-01  -0.84479E-04   0.58416E-02  -0.59902E-03  -0.24316E-02   0.45480E-05  -0.29054E-03  -0.69020E-06   0.15421E-01
   0.26181E+02  -0.24037E-03  -0.41731E-03   0.12635E-01  -0.12335E-03   0.58450E-02  -0.59946E-03  -0.24331E-02   0.26510E-05  -0.29061E-03  -0.52296E-06   0.14378E-01
   0.26198E+02  -0.39228E-03  -0.98142E-03   0.12675E-01  -0.28006E-03   0.58484E-02  -0.59991E-03  -0.24347E-02   0.14205E-05  -0.29070E-03  -0.50474E-06   0.13546E-01
   0.26215E+02  -0.48297E-03  -0.13065E-02   0.12728E-01  -0.28037E-03   0.58518E-02  -0.60039E-03  -0.24361E-02  -0.96925E-06  -0.29090E-03  -0.32549E-06   0.13181E-01
   0.26233E+02  -0.47819E-03  -0.70338E-03   0.12775E-01  -0.22538E-03   0.58552E-02  -0.60092E-03  -0.24375E-02  -0.43439E-05  -0.29115E-03   0.88126E-06   0.13890E-01
   0.26250E+02  -0.38336E-03   0.67789E-03   0.12813E-01  -0.21355E-03   0.58586E-02  -0.60149E-03  -0.24390E-02  -0.44225E-05  -0.29122E-03   0.78755E-03   0.16204E-01
