   0.29392E+02  -0.57939E-04  -0.73822E-03   0.16330E-01  -0.68825E-03   0.64212E-02  -0.69303E-03  -0.27114E-02  -0.15974E-05  -0.30061E-03  -0.92555E-03   0.16635E-01
   0.29410E+02  -0.23362E-04  -0.70709E-03   0.16373E-01  -0.35700E-03   0.64243E-02  -0.69356E-03  -0.27130E-02  -0.17884E-05  -0.30054E-03   0.55521E-06   0.18001E-01
   0.29427E+02  -0.16162E-05  -0.10314E-02   0.16346E-01   0.28140E-04   0.64273E-02  -0.69407E-03  -0.27145E-02   0.90785E-06  -0.30042E-03  -0.89362E-06   0.18059E-01
   0.29444E+02  -0.26900E-04  -0.15139E-02   0.16266E-01   0.33318E-03   0.64302E-02  -0.69452E-03  -0.27162E-02   0.49409E-05  -0.30018E-03  -0.17870E-05   0.17781E-01
   0.29462E+02  -0.47512E-04  -0.24985E-02   0.16222E-01   0.35331E-03   0.64330E-02  -0.69491E-03  -0.27178E-02   0.48079E-05  -0.30002E-03  -0.15181E-05   0.16753E-01
   0.29479E+02  -0.99456E-04  -0.26621E-02   0.16263E-01   0.34911E-04   0.64359E-02  -0.69531E-03  -0.27191E-02   0.11551E-05  -0.30014E-03  -0.31886E-06   0.16258E-01
   0.29497E+02  -0.53175E-04  -0.23024E-02   0.16343E-01  -0.41594E-03   0.64389E-02  -0.69578E-03  -0.27203E-02  -0.25655E-05  -0.30047E-03   0.78552E-06   0.16292E-01
   0.29514E+02  -0.69410E-04  -0.15159E-02   0.16384E-01  -0.66698E-03   0.64420E-02  -0.69634E-03  -0.27216E-02  -0.32381E-05  -0.30080E-03   0.10106E-05   0.16853E-01
   0.29531E+02   0.33063E-04  -0.88753E-03   0.16388E-01  -0.54228E-03   0.64450E-02  -0.69693E-03  -0.27232E-02  -0.27575E-05  -0.30087E-03   0.11552E-05   0.17714E-01
   0.29549E+02   0.80357E-04  -0.36918E-03   0.16388E-01  -0.37943E-03   0.64481E-02  -0.69752E-03  -0.27250E-02  -0.13541E-05  -0.30059E-03   0.37234E-06   0.18444E-01
   0.29566E+02   0.18841E-03  -0.62116E-03   0.16428E-01  -0.30428E-03   0.64510E-02  -0.69804E-03  -0.27270E-02   0.11795E-05  -0.30015E-03  -0.95475E-06   0.18417E-01
   0.29583E+02   0.20920E-03  -0.13856E-02   0.16438E-01  -0.17905E-03   0.64540E-02  -0.69854E-03  -0.27289E-02   0.14398E-05  -0.29982E-03  -0.10068E-05   0.17809E-01
   0.29601E+02   0.14442E-03  -0.22827E-02   0.16463E-01  -0.76301E-04   0.64571E-02  -0.69903E-03  -0.27305E-02   0.12306E-05  -0.29983E-03  -0.10895E-06   0.16977E-01
   0.29618E+02  -0.20292E-05  -0.24926E-02   0.16464E-01   0.91610E-04   0.64603E-02  -0.69950E-03  -0.27317E-02   0.68493E-06  -0.30013E-03   0.18745E-06   0.16790E-01
   0.29635E+02  -0.71398E-04  -0.23419E-02   0.16435E-01   0.88728E-04   0.64635E-02  -0.69999E-03  -0.27330E-02  -0.20833E-06  -0.30039E-03   0.26187E-06   0.16841E-01
   0.29653E+02  -0.13438E-03  -0.16443E-02   0.16423E-01  -0.13988E-03   0.64668E-02  -0.70050E-03  -0.27344E-02  -0.11054E-05  -0.30061E-03   0.64819E-06   0.17235E-01
   0.29670E+02   0.86389E-06  -0.14697E-02   0.16454E-01  -0.43932E-03   0.64700E-02  -0.70103E-03  -0.27359E-02   0.17909E-06  -0.30073E-03   0.58855E-06   0.17279E-01
   0.29688E+02   0.31836E-04  -0.12001E-02   0.16488E-01  -0.44786E-03   0.64731E-02  -0.70153E-03  -0.27377E-02   0.73301E-06  -0.30064E-03   0.91432E-03   0.18520E-01
