   0.47049E+01  -0.12544E-04   0.10310E-02   0.12516E-02   0.54028E-04   0.59679E-03  -0.34225E-04  -0.11684E-03   0.21465E-06  -0.91419E-04  -0.39882E-04   0.26387E-02
   0.47222E+01  -0.12285E-04   0.98054E-03   0.12589E-02   0.55630E-04   0.59994E-03  -0.34449E-04  -0.11780E-03   0.28224E-06  -0.91811E-04  -0.14442E-06   0.26388E-02
   0.47396E+01  -0.12505E-04   0.96320E-03   0.12668E-02   0.65520E-04   0.60310E-03  -0.34668E-04  -0.11878E-03  -0.22040E-07  -0.92197E-04   0.14546E-07   0.26404E-02
   0.47569E+01  -0.13255E-04   0.10056E-02   0.12739E-02   0.68278E-04   0.60627E-03  -0.34888E-04  -0.11977E-03  -0.31078E-06  -0.92577E-04   0.17169E-06   0.26934E-02
   0.47743E+01  -0.14435E-04   0.10676E-02   0.12800E-02   0.59178E-04   0.60945E-03  -0.35112E-04  -0.12076E-03  -0.26755E-06  -0.92962E-04   0.16972E-06   0.27529E-02
   0.47917E+01  -0.15376E-04   0.10959E-02   0.12870E-02   0.47131E-04   0.61263E-03  -0.35342E-04  -0.12175E-03   0.85588E-08  -0.93350E-04   0.31449E-08   0.27769E-02
   0.48090E+01  -0.15315E-04   0.10834E-02   0.12942E-02   0.49143E-04   0.61582E-03  -0.35572E-04  -0.12274E-03   0.14685E-06  -0.93740E-04  -0.14403E-06   0.27752E-02
   0.48264E+01  -0.14514E-04   0.10616E-02   0.13000E-02   0.74679E-04   0.61902E-03  -0.35800E-04  -0.12373E-03   0.92261E-07  -0.94134E-04  -0.82793E-07   0.27871E-02
   0.48438E+01  -0.13305E-04   0.10154E-02   0.13057E-02   0.74208E-04   0.62222E-03  -0.36029E-04  -0.12472E-03   0.19560E-06  -0.94541E-04  -0.76367E-08   0.27491E-02
   0.48611E+01  -0.12401E-04   0.96501E-03   0.13127E-02   0.63465E-04   0.62544E-03  -0.36258E-04  -0.12570E-03   0.20146E-06  -0.94954E-04  -0.40692E-07   0.26975E-02
   0.48785E+01  -0.12485E-04   0.97270E-03   0.13210E-02   0.62618E-04   0.62866E-03  -0.36486E-04  -0.12671E-03  -0.73047E-07  -0.95350E-04   0.84699E-08   0.27139E-02
   0.48958E+01  -0.13387E-04   0.10363E-02   0.13301E-02   0.55700E-04   0.63190E-03  -0.36714E-04  -0.12773E-03  -0.29148E-06  -0.95732E-04   0.12180E-06   0.27802E-02
   0.49132E+01  -0.14101E-04   0.11013E-02   0.13389E-02   0.51606E-04   0.63513E-03  -0.36947E-04  -0.12875E-03  -0.20486E-06  -0.96121E-04   0.48686E-07   0.28509E-02
   0.49306E+01  -0.14069E-04   0.11183E-02   0.13459E-02   0.52648E-04   0.63838E-03  -0.37184E-04  -0.12977E-03   0.70358E-08  -0.96520E-04  -0.16279E-07   0.28777E-02
   0.49479E+01  -0.13724E-04   0.10766E-02   0.13502E-02   0.60537E-04   0.64163E-03  -0.37418E-04  -0.13078E-03   0.22255E-06  -0.96927E-04  -0.92629E-07   0.28502E-02
   0.49653E+01  -0.13712E-04   0.10159E-02   0.13534E-02   0.73148E-04   0.64488E-03  -0.37648E-04  -0.13179E-03   0.24247E-06  -0.97342E-04  -0.60388E-07   0.28070E-02
   0.49826E+01  -0.14203E-04   0.97863E-03   0.13580E-02   0.84344E-04   0.64815E-03  -0.37878E-04  -0.13280E-03   0.86051E-07  -0.97761E-04   0.31283E-07   0.27866E-02
   0.50000E+01  -0.14849E-04   0.98089E-03   0.13660E-02   0.77183E-04   0.65143E-03  -0.38112E-04  -0.13381E-03  -0.85716E-07  -0.98176E-04   0.47296E-04   0.28378E-02
