   0.87674E+01  -0.23730E-04   0.13073E-02   0.27183E-02   0.15770E-03   0.15122E-02  -0.10607E-03  -0.43759E-03  -0.62357E-06  -0.19032E-03  -0.13864E-03   0.47984E-02
   0.87847E+01  -0.27080E-04   0.14469E-02   0.27299E-02   0.14465E-03   0.15167E-02  -0.10647E-03  -0.43921E-03  -0.56725E-06  -0.19081E-03   0.27520E-07   0.50740E-02
   0.88021E+01  -0.26658E-04   0.15621E-02   0.27413E-02   0.12836E-03   0.15212E-02  -0.10685E-03  -0.44082E-03  -0.23022E-06  -0.19134E-03  -0.16306E-06   0.51869E-02
   0.88194E+01  -0.22699E-04   0.15947E-02   0.27457E-02   0.14619E-03   0.15258E-02  -0.10722E-03  -0.44250E-03   0.39449E-06  -0.19180E-03  -0.34819E-06   0.52482E-02
   0.88368E+01  -0.17553E-04   0.14960E-02   0.27433E-02   0.18515E-03   0.15303E-02  -0.10757E-03  -0.44428E-03   0.71238E-06  -0.19218E-03  -0.14504E-06   0.51937E-02
   0.88542E+01  -0.15501E-04   0.13394E-02   0.27399E-02   0.21903E-03   0.15348E-02  -0.10794E-03  -0.44607E-03   0.33372E-06  -0.19253E-03   0.24276E-06   0.50716E-02
   0.88715E+01  -0.18755E-04   0.12641E-02   0.27412E-02   0.18734E-03   0.15394E-02  -0.10832E-03  -0.44783E-03   0.30156E-08  -0.19292E-03   0.24014E-06   0.49645E-02
   0.88889E+01  -0.24555E-04   0.12869E-02   0.27501E-02   0.12789E-03   0.15439E-02  -0.10872E-03  -0.44952E-03   0.36011E-07  -0.19336E-03  -0.13011E-06   0.49325E-02
   0.89062E+01  -0.29087E-04   0.13510E-02   0.27636E-02   0.13534E-03   0.15485E-02  -0.10914E-03  -0.45120E-03  -0.23995E-06  -0.19383E-03  -0.22693E-07   0.50149E-02
   0.89236E+01  -0.29792E-04   0.13875E-02   0.27787E-02   0.15882E-03   0.15530E-02  -0.10955E-03  -0.45287E-03  -0.47371E-06  -0.19430E-03   0.11743E-06   0.50912E-02
   0.89410E+01  -0.26556E-04   0.14104E-02   0.27911E-02   0.18549E-03   0.15576E-02  -0.10996E-03  -0.45457E-03  -0.15470E-06  -0.19475E-03  -0.36398E-07   0.51586E-02
   0.89583E+01  -0.21061E-04   0.14289E-02   0.27959E-02   0.20017E-03   0.15622E-02  -0.11034E-03  -0.45632E-03  -0.23954E-07  -0.19516E-03  -0.27756E-07   0.52042E-02
   0.89757E+01  -0.17116E-04   0.14483E-02   0.27942E-02   0.20012E-03   0.15667E-02  -0.11071E-03  -0.45809E-03   0.23623E-07  -0.19555E-03   0.35364E-07   0.52279E-02
   0.89931E+01  -0.17950E-04   0.14862E-02   0.27911E-02   0.17182E-03   0.15713E-02  -0.11108E-03  -0.45984E-03   0.18312E-06  -0.19596E-03  -0.38421E-08   0.52358E-02
   0.90104E+01  -0.22246E-04   0.15040E-02   0.27920E-02   0.12322E-03   0.15759E-02  -0.11145E-03  -0.46158E-03   0.39524E-06  -0.19638E-03  -0.10276E-06   0.52037E-02
   0.90278E+01  -0.26164E-04   0.14313E-02   0.27990E-02   0.10500E-03   0.15805E-02  -0.11184E-03  -0.46333E-03   0.38671E-06  -0.19679E-03  -0.16344E-06   0.51179E-02
   0.90451E+01  -0.28023E-04   0.13205E-02   0.28098E-02   0.14747E-03   0.15850E-02  -0.11224E-03  -0.46508E-03   0.63192E-07  -0.19721E-03  -0.14560E-06   0.50601E-02
   0.90625E+01  -0.27808E-04   0.12663E-02   0.28214E-02   0.20985E-03   0.15896E-02  -0.11266E-03  -0.46678E-03  -0.28769E-06  -0.19766E-03   0.14863E-03   0.52306E-02
