   0.27517E+02  -0.46431E-04  -0.81046E-03   0.13978E-01  -0.18546E-04   0.61030E-02  -0.63868E-03  -0.25572E-02   0.37481E-05  -0.29545E-03  -0.82842E-03   0.14889E-01
   0.27535E+02  -0.78016E-04  -0.19078E-02   0.14039E-01  -0.84870E-04   0.61063E-02  -0.63922E-03  -0.25585E-02   0.14560E-05  -0.29578E-03   0.10485E-05   0.14584E-01
   0.27552E+02  -0.15515E-03  -0.21141E-02   0.14114E-01  -0.17351E-03   0.61096E-02  -0.63979E-03  -0.25596E-02  -0.12982E-05  -0.29627E-03   0.87385E-06   0.14284E-01
   0.27569E+02  -0.24674E-03  -0.16620E-02   0.14183E-01  -0.33820E-03   0.61129E-02  -0.64037E-03  -0.25609E-02  -0.13348E-05  -0.29656E-03  -0.50405E-06   0.14550E-01
   0.27587E+02  -0.29822E-03  -0.71807E-03   0.14221E-01  -0.35188E-03   0.61162E-02  -0.64093E-03  -0.25626E-02  -0.11922E-05  -0.29648E-03  -0.12682E-05   0.15466E-01
   0.27604E+02  -0.28352E-03   0.52786E-03   0.14213E-01  -0.16134E-03   0.61194E-02  -0.64142E-03  -0.25646E-02  -0.25607E-05  -0.29618E-03  -0.69320E-06   0.16910E-01
   0.27622E+02  -0.23048E-03   0.15986E-02   0.14171E-01  -0.37273E-04   0.61227E-02  -0.64190E-03  -0.25665E-02  -0.21439E-05  -0.29601E-03   0.46150E-06   0.18118E-01
   0.27639E+02  -0.19135E-03   0.16541E-02   0.14118E-01  -0.13888E-03   0.61261E-02  -0.64237E-03  -0.25683E-02   0.17577E-05  -0.29596E-03  -0.14045E-06   0.18063E-01
   0.27656E+02  -0.18451E-03   0.71437E-03   0.14103E-01  -0.19373E-03   0.61295E-02  -0.64283E-03  -0.25700E-02   0.26294E-05  -0.29605E-03  -0.18664E-07   0.17062E-01
   0.27674E+02  -0.18622E-03  -0.45520E-03   0.14141E-01  -0.11417E-03   0.61329E-02  -0.64332E-03  -0.25715E-02   0.73680E-06  -0.29635E-03   0.72654E-06   0.16009E-01
   0.27691E+02  -0.18502E-03  -0.87867E-03   0.14202E-01  -0.79799E-04   0.61363E-02  -0.64385E-03  -0.25728E-02   0.23381E-06  -0.29664E-03   0.57205E-06   0.15683E-01
   0.27708E+02  -0.20762E-03  -0.83401E-03   0.14270E-01  -0.21997E-03   0.61397E-02  -0.64439E-03  -0.25744E-02  -0.34693E-06  -0.29675E-03   0.54625E-06   0.15633E-01
   0.27726E+02  -0.24891E-03  -0.85611E-03   0.14327E-01  -0.33843E-03   0.61430E-02  -0.64493E-03  -0.25761E-02  -0.21409E-06  -0.29667E-03  -0.27189E-07   0.15509E-01
   0.27743E+02  -0.24965E-03  -0.79742E-03   0.14371E-01  -0.27213E-03   0.61463E-02  -0.64547E-03  -0.25779E-02   0.44670E-06  -0.29653E-03  -0.11371E-05   0.15678E-01
   0.27760E+02  -0.18927E-03  -0.63506E-03   0.14397E-01  -0.39157E-04   0.61494E-02  -0.64598E-03  -0.25795E-02  -0.13431E-05  -0.29654E-03  -0.53353E-06   0.16159E-01
   0.27778E+02  -0.14622E-03   0.62536E-04   0.14426E-01  -0.54928E-04   0.61525E-02  -0.64649E-03  -0.25808E-02  -0.15270E-05  -0.29680E-03   0.64229E-07   0.16914E-01
   0.27795E+02  -0.16675E-03   0.92970E-03   0.14442E-01  -0.35988E-03   0.61556E-02  -0.64698E-03  -0.25822E-02   0.33042E-06  -0.29700E-03  -0.18377E-06   0.17474E-01
   0.27812E+02  -0.21696E-03   0.10115E-02   0.14388E-01  -0.37453E-03   0.61589E-02  -0.64744E-03  -0.25838E-02   0.18750E-05  -0.29700E-03   0.85048E-03   0.18291E-01
