   0.16580E+02  -0.95495E-04   0.15229E-02   0.59046E-02   0.67733E-06   0.36870E-02  -0.31906E-03  -0.13793E-02  -0.18965E-05  -0.29189E-03  -0.43035E-03   0.85972E-02
   0.16597E+02  -0.10139E-03   0.22721E-02   0.59217E-02   0.46438E-04   0.36919E-02  -0.31959E-03  -0.13815E-02  -0.30621E-05  -0.29202E-03   0.76594E-06   0.98353E-02
   0.16615E+02  -0.10840E-03   0.28197E-02   0.59390E-02   0.50306E-04   0.36968E-02  -0.32016E-03  -0.13840E-02  -0.18886E-05  -0.29191E-03   0.58038E-06   0.10400E-01
   0.16632E+02  -0.10667E-03   0.29121E-02   0.59506E-02   0.54379E-05   0.37016E-02  -0.32076E-03  -0.13865E-02  -0.38208E-07  -0.29169E-03  -0.40247E-06   0.10464E-01
   0.16649E+02  -0.93498E-04   0.26168E-02   0.59622E-02   0.48418E-04   0.37063E-02  -0.32135E-03  -0.13889E-02   0.13822E-05  -0.29159E-03  -0.81283E-06   0.10239E-01
   0.16667E+02  -0.86820E-04   0.21307E-02   0.59781E-02   0.12997E-03   0.37110E-02  -0.32190E-03  -0.13912E-02   0.23695E-05  -0.29164E-03  -0.10118E-05   0.98597E-02
   0.16684E+02  -0.99540E-04   0.17612E-02   0.59895E-02   0.45877E-04   0.37158E-02  -0.32241E-03  -0.13933E-02   0.23913E-05  -0.29181E-03  -0.55264E-06   0.94072E-02
   0.16701E+02  -0.12064E-03   0.15354E-02   0.59773E-02   0.20779E-04   0.37207E-02  -0.32288E-03  -0.13955E-02   0.10398E-05  -0.29199E-03   0.85751E-07   0.91243E-02
   0.16719E+02  -0.12836E-03   0.14782E-02   0.59577E-02   0.73673E-04   0.37255E-02  -0.32334E-03  -0.13978E-02  -0.61783E-06  -0.29199E-03   0.64174E-06   0.90935E-02
   0.16736E+02  -0.11564E-03   0.16325E-02   0.59661E-02   0.68104E-04   0.37304E-02  -0.32383E-03  -0.14003E-02  -0.25684E-05  -0.29192E-03   0.71273E-06   0.92636E-02
   0.16753E+02  -0.95395E-04   0.20882E-02   0.59997E-02   0.31844E-06   0.37353E-02  -0.32437E-03  -0.14027E-02  -0.21055E-05  -0.29188E-03   0.34164E-06   0.97074E-02
   0.16771E+02  -0.86078E-04   0.25066E-02   0.60313E-02   0.11931E-04   0.37401E-02  -0.32495E-03  -0.14050E-02  -0.20611E-06  -0.29188E-03   0.39450E-07   0.10182E-01
   0.16788E+02  -0.92151E-04   0.27337E-02   0.60379E-02   0.10382E-03   0.37448E-02  -0.32553E-03  -0.14073E-02   0.79245E-07  -0.29190E-03   0.52334E-07   0.10503E-01
   0.16806E+02  -0.10584E-03   0.27384E-02   0.60353E-02   0.90100E-04   0.37495E-02  -0.32610E-03  -0.14095E-02  -0.72091E-07  -0.29200E-03   0.57884E-07   0.10480E-01
   0.16823E+02  -0.11557E-03   0.23785E-02   0.60451E-02  -0.25407E-04   0.37543E-02  -0.32665E-03  -0.14117E-02   0.15250E-05  -0.29215E-03  -0.68787E-06   0.10007E-01
   0.16840E+02  -0.11877E-03   0.19333E-02   0.60530E-02  -0.62617E-04   0.37591E-02  -0.32717E-03  -0.14139E-02   0.23854E-05  -0.29220E-03  -0.10059E-05   0.95321E-02
   0.16858E+02  -0.12028E-03   0.16777E-02   0.60368E-02   0.11191E-03   0.37639E-02  -0.32765E-03  -0.14164E-02   0.77903E-06  -0.29206E-03  -0.11221E-06   0.94347E-02
   0.16875E+02  -0.11667E-03   0.14861E-02   0.60301E-02   0.14612E-03   0.37688E-02  -0.32812E-03  -0.14190E-02  -0.27502E-06  -0.29185E-03   0.43369E-03   0.97089E-02
