   0.27517E+02  -0.56806E-04   0.14506E-03  -0.38390E-03  -0.20715E-02   0.10447E-03   0.11698E-02  -0.64125E-06  -0.42606E-04   0.33081E-06   0.11862E-01  -0.10409E-01
   0.27535E+02   0.73752E-05   0.13922E-03  -0.62335E-03  -0.20871E-02   0.21273E-04   0.11693E-02   0.25846E-07  -0.42701E-04   0.58372E-06   0.11860E-01  -0.10408E-01
   0.27552E+02  -0.14235E-04   0.19853E-03  -0.75558E-03  -0.21042E-02   0.46968E-04   0.11688E-02   0.81089E-06  -0.42766E-04   0.29341E-06   0.11857E-01  -0.10405E-01
   0.27569E+02  -0.41722E-04   0.32305E-03  -0.89633E-03  -0.21133E-02   0.93676E-04   0.11685E-02   0.21264E-05  -0.42750E-04  -0.17356E-06   0.11854E-01  -0.10405E-01
   0.27587E+02   0.22554E-04   0.46217E-03  -0.12830E-02  -0.21093E-02   0.68254E-04   0.11685E-02   0.27992E-05  -0.42654E-04  -0.76440E-06   0.11852E-01  -0.10405E-01
   0.27604E+02   0.70495E-04   0.53598E-03  -0.14262E-02  -0.20993E-02   0.29154E-04   0.11691E-02   0.10197E-05  -0.42542E-04  -0.75263E-06   0.11850E-01  -0.10405E-01
   0.27622E+02   0.66368E-05   0.51773E-03  -0.95242E-03  -0.20893E-02   0.12761E-04   0.11697E-02  -0.10928E-05  -0.42523E-04   0.11604E-07   0.11849E-01  -0.10404E-01
   0.27639E+02  -0.32798E-04   0.45370E-03  -0.64747E-03  -0.20802E-02  -0.11521E-05   0.11700E-02  -0.10615E-05  -0.42646E-04   0.44879E-06   0.11850E-01  -0.10403E-01
   0.27656E+02  -0.24322E-04   0.38745E-03  -0.85724E-03  -0.20763E-02   0.23725E-04   0.11702E-02  -0.11625E-05  -0.42844E-04   0.14313E-06   0.11850E-01  -0.10401E-01
   0.27674E+02  -0.59392E-04   0.32214E-03  -0.74742E-03  -0.20834E-02   0.59188E-04   0.11703E-02  -0.16935E-05  -0.42941E-04   0.60930E-07   0.11848E-01  -0.10398E-01
   0.27691E+02  -0.10680E-03   0.25695E-03  -0.59430E-03  -0.21015E-02   0.10946E-03   0.11702E-02  -0.11667E-05  -0.42955E-04   0.48232E-06   0.11846E-01  -0.10396E-01
   0.27708E+02  -0.12303E-03   0.23555E-03  -0.58277E-03  -0.21193E-02   0.99175E-04   0.11696E-02  -0.51446E-06  -0.42953E-04   0.51441E-06   0.11845E-01  -0.10396E-01
   0.27726E+02  -0.82222E-04   0.28037E-03  -0.55544E-03  -0.21274E-02   0.85023E-04   0.11692E-02   0.91980E-06  -0.42884E-04   0.86042E-07   0.11843E-01  -0.10397E-01
   0.27743E+02   0.81758E-05   0.34032E-03  -0.85367E-03  -0.21317E-02   0.70035E-04   0.11692E-02   0.17190E-05  -0.42786E-04  -0.58533E-06   0.11842E-01  -0.10398E-01
   0.27760E+02   0.35674E-04   0.35592E-03  -0.94861E-03  -0.21408E-02   0.84755E-04   0.11695E-02   0.64399E-06  -0.42743E-04  -0.53154E-06   0.11840E-01  -0.10399E-01
   0.27778E+02   0.28338E-04   0.35287E-03  -0.78371E-03  -0.21471E-02   0.92552E-04   0.11695E-02  -0.13006E-06  -0.42765E-04   0.10532E-06   0.11838E-01  -0.10399E-01
   0.27795E+02   0.16932E-04   0.37728E-03  -0.73384E-03  -0.21383E-02   0.21316E-04   0.11694E-02   0.10362E-06  -0.42833E-04   0.16882E-07   0.11838E-01  -0.10398E-01
   0.27812E+02   0.55498E-05   0.41589E-03  -0.84041E-03  -0.21197E-02  -0.10171E-05   0.11696E-02   0.73914E-06  -0.42933E-04  -0.50364E-06   0.11837E-01  -0.10395E-01
