   0.16267E+02  -0.75657E-04   0.18646E-02   0.57846E-02   0.19984E-03   0.36012E-02  -0.30971E-03  -0.13387E-02  -0.14182E-05  -0.29093E-03  -0.41629E-03   0.90176E-02
   0.16285E+02  -0.74555E-04   0.22256E-02   0.57969E-02   0.37551E-04   0.36060E-02  -0.31029E-03  -0.13409E-02  -0.28633E-06  -0.29113E-03  -0.20013E-06   0.96488E-02
   0.16302E+02  -0.77552E-04   0.23892E-02   0.58131E-02  -0.64510E-04   0.36108E-02  -0.31087E-03  -0.13428E-02   0.22943E-06  -0.29146E-03  -0.84072E-06   0.97253E-02
   0.16319E+02  -0.82765E-04   0.24751E-02   0.58201E-02  -0.63743E-04   0.36156E-02  -0.31141E-03  -0.13449E-02   0.48535E-06  -0.29164E-03  -0.12432E-05   0.98155E-02
   0.16337E+02  -0.93051E-04   0.24971E-02   0.58152E-02  -0.65975E-05   0.36203E-02  -0.31190E-03  -0.13472E-02   0.57028E-06  -0.29162E-03  -0.71487E-06   0.98821E-02
   0.16354E+02  -0.10519E-03   0.21534E-02   0.58114E-02   0.14370E-04   0.36250E-02  -0.31237E-03  -0.13496E-02   0.80223E-06  -0.29156E-03   0.23799E-06   0.95465E-02
   0.16372E+02  -0.11058E-03   0.16856E-02   0.58166E-02   0.99232E-04   0.36298E-02  -0.31284E-03  -0.13520E-02   0.11578E-05  -0.29145E-03   0.38796E-06   0.91658E-02
   0.16389E+02  -0.10293E-03   0.13974E-02   0.58245E-02   0.16075E-03   0.36346E-02  -0.31332E-03  -0.13545E-02   0.48194E-06  -0.29127E-03   0.59873E-06   0.89563E-02
   0.16406E+02  -0.86370E-04   0.13053E-02   0.58319E-02   0.13616E-03   0.36393E-02  -0.31382E-03  -0.13570E-02  -0.59982E-06  -0.29117E-03   0.69663E-06   0.88645E-02
   0.16424E+02  -0.72864E-04   0.16377E-02   0.58419E-02   0.95787E-04   0.36441E-02  -0.31436E-03  -0.13591E-02  -0.14521E-05  -0.29132E-03   0.58536E-06   0.91809E-02
   0.16441E+02  -0.76009E-04   0.21411E-02   0.58580E-02   0.87920E-04   0.36489E-02  -0.31492E-03  -0.13611E-02  -0.17053E-05  -0.29160E-03   0.49669E-06   0.96911E-02
   0.16458E+02  -0.94724E-04   0.24797E-02   0.58797E-02   0.41757E-05   0.36536E-02  -0.31551E-03  -0.13632E-02  -0.60682E-06  -0.29182E-03  -0.57161E-07   0.99513E-02
   0.16476E+02  -0.11172E-03   0.26408E-02   0.58921E-02  -0.48237E-04   0.36584E-02  -0.31609E-03  -0.13653E-02  -0.16502E-07  -0.29192E-03  -0.90004E-06   0.10057E-01
   0.16493E+02  -0.11253E-03   0.25389E-02   0.58909E-02  -0.27415E-04   0.36631E-02  -0.31664E-03  -0.13677E-02   0.37580E-06  -0.29185E-03  -0.10211E-05   0.99762E-02
   0.16510E+02  -0.10239E-03   0.22207E-02   0.58914E-02   0.46501E-04   0.36679E-02  -0.31715E-03  -0.13702E-02   0.18245E-05  -0.29166E-03  -0.86559E-06   0.97461E-02
   0.16528E+02  -0.93202E-04   0.18080E-02   0.58928E-02   0.16350E-03   0.36726E-02  -0.31762E-03  -0.13728E-02   0.19241E-05  -0.29143E-03  -0.98369E-07   0.94637E-02
   0.16545E+02  -0.88953E-04   0.13816E-02   0.58936E-02   0.16093E-03   0.36774E-02  -0.31808E-03  -0.13752E-02   0.12339E-05  -0.29137E-03   0.65760E-06   0.90419E-02
   0.16562E+02  -0.90869E-04   0.11828E-02   0.58966E-02   0.54679E-04   0.36822E-02  -0.31855E-03  -0.13773E-02   0.15381E-07  -0.29157E-03   0.43086E-03   0.91690E-02
