   0.28299E+01  -0.17062E-04   0.87904E-03   0.55789E-03   0.48891E-05   0.30159E-03  -0.14415E-04  -0.36321E-04  -0.12026E-07  -0.52370E-04  -0.62335E-05   0.16170E-02
   0.28472E+01  -0.17750E-04   0.89020E-03   0.56412E-03   0.11766E-05   0.30393E-03  -0.14562E-04  -0.36812E-04  -0.75778E-08  -0.52733E-04   0.24146E-07   0.16376E-02
   0.28646E+01  -0.17922E-04   0.88757E-03   0.57138E-03  -0.12695E-05   0.30627E-03  -0.14712E-04  -0.37312E-04   0.49234E-07  -0.53087E-04   0.14202E-07   0.16410E-02
   0.28819E+01  -0.17388E-04   0.87390E-03   0.57925E-03   0.19310E-06   0.30861E-03  -0.14862E-04  -0.37823E-04   0.96581E-07  -0.53434E-04  -0.63783E-07   0.16385E-02
   0.28993E+01  -0.16391E-04   0.86519E-03   0.58679E-03   0.19602E-05   0.31096E-03  -0.15011E-04  -0.38344E-04   0.82121E-07  -0.53776E-04  -0.89185E-07   0.16414E-02
   0.29167E+01  -0.15584E-04   0.85996E-03   0.59351E-03   0.61198E-05   0.31332E-03  -0.15160E-04  -0.38872E-04   0.11717E-06  -0.54118E-04  -0.94713E-07   0.16492E-02
   0.29340E+01  -0.15629E-04   0.85922E-03   0.59894E-03   0.16003E-04   0.31568E-03  -0.15307E-04  -0.39402E-04  -0.48848E-07  -0.54465E-04   0.53381E-07   0.16650E-02
   0.29514E+01  -0.16572E-04   0.86902E-03   0.60355E-03   0.16383E-04   0.31805E-03  -0.15455E-04  -0.39923E-04  -0.10416E-06  -0.54822E-04   0.10548E-06   0.16802E-02
   0.29688E+01  -0.17773E-04   0.89162E-03   0.60845E-03   0.11951E-04   0.32042E-03  -0.15605E-04  -0.40439E-04  -0.11154E-06  -0.55184E-04   0.64222E-07   0.17034E-02
   0.29861E+01  -0.18397E-04   0.91395E-03   0.61477E-03   0.92324E-05   0.32280E-03  -0.15758E-04  -0.40964E-04  -0.33683E-07  -0.55539E-04   0.10942E-07   0.17301E-02
   0.30035E+01  -0.18022E-04   0.91216E-03   0.62310E-03   0.43445E-05   0.32518E-03  -0.15914E-04  -0.41501E-04   0.84797E-07  -0.55886E-04  -0.42468E-07   0.17335E-02
   0.30208E+01  -0.17034E-04   0.88978E-03   0.63255E-03  -0.63953E-06   0.32757E-03  -0.16071E-04  -0.42045E-04   0.19872E-06  -0.56232E-04  -0.12394E-06   0.17180E-02
   0.30382E+01  -0.16115E-04   0.86046E-03   0.64091E-03  -0.19666E-06   0.32996E-03  -0.16226E-04  -0.42596E-04   0.21836E-06  -0.56574E-04  -0.12340E-06   0.16997E-02
   0.30556E+01  -0.15854E-04   0.84093E-03   0.64689E-03   0.13719E-04   0.33237E-03  -0.16378E-04  -0.43157E-04   0.61587E-07  -0.56914E-04  -0.26497E-07   0.17016E-02
   0.30729E+01  -0.16331E-04   0.85597E-03   0.65067E-03   0.32052E-04   0.33478E-03  -0.16527E-04  -0.43722E-04  -0.22413E-06  -0.57257E-04   0.12546E-06   0.17395E-02
   0.30903E+01  -0.17004E-04   0.89906E-03   0.65414E-03   0.33351E-04   0.33720E-03  -0.16678E-04  -0.44278E-04  -0.28382E-06  -0.57611E-04   0.15997E-06   0.17880E-02
   0.31076E+01  -0.17258E-04   0.92847E-03   0.65942E-03   0.19003E-04   0.33962E-03  -0.16835E-04  -0.44828E-04  -0.38241E-07  -0.57975E-04   0.29813E-07   0.18096E-02
   0.31250E+01  -0.17068E-04   0.92707E-03   0.66739E-03   0.53831E-05   0.34206E-03  -0.16995E-04  -0.45387E-04   0.16978E-06  -0.58334E-04   0.12937E-04   0.18172E-02
