   0.20955E+02  -0.34479E-03   0.11892E-02   0.84673E-02  -0.31006E-03   0.47861E-02  -0.44986E-03  -0.19164E-02  -0.35021E-06  -0.28759E-03  -0.59930E-03   0.10534E-01
   0.20972E+02  -0.31987E-03   0.11963E-02   0.85393E-02  -0.34150E-03   0.47899E-02  -0.45039E-03  -0.19183E-02  -0.88498E-06  -0.28752E-03   0.35687E-06   0.11207E-01
   0.20990E+02  -0.23591E-03   0.14029E-02   0.85946E-02  -0.13593E-03   0.47937E-02  -0.45097E-03  -0.19203E-02  -0.58860E-06  -0.28723E-03  -0.28257E-06   0.11760E-01
   0.21007E+02  -0.14240E-03   0.17790E-02   0.85980E-02   0.17189E-04   0.47974E-02  -0.45157E-03  -0.19224E-02  -0.78659E-06  -0.28693E-03  -0.50560E-06   0.12387E-01
   0.21024E+02  -0.10443E-03   0.22869E-02   0.85581E-02  -0.38279E-04   0.48012E-02  -0.45215E-03  -0.19245E-02   0.29378E-06  -0.28674E-03  -0.69270E-06   0.12840E-01
   0.21042E+02  -0.13580E-03   0.25178E-02   0.85191E-02  -0.61875E-04   0.48051E-02  -0.45268E-03  -0.19265E-02   0.27092E-06  -0.28668E-03  -0.37719E-07   0.12979E-01
   0.21059E+02  -0.20403E-03   0.23695E-02   0.85087E-02  -0.16689E-04   0.48091E-02  -0.45315E-03  -0.19285E-02  -0.10566E-05  -0.28673E-03   0.92069E-06   0.12798E-01
   0.21076E+02  -0.27959E-03   0.22919E-02   0.85124E-02  -0.26761E-04   0.48130E-02  -0.45360E-03  -0.19303E-02  -0.15479E-05  -0.28688E-03   0.11065E-05   0.12640E-01
   0.21094E+02  -0.34005E-03   0.24849E-02   0.85089E-02  -0.98790E-04   0.48169E-02  -0.45406E-03  -0.19319E-02  -0.10677E-05  -0.28708E-03   0.62409E-06   0.12698E-01
   0.21111E+02  -0.35272E-03   0.24038E-02   0.85343E-02  -0.20783E-03   0.48207E-02  -0.45453E-03  -0.19337E-02   0.20449E-05  -0.28704E-03  -0.54613E-06   0.12524E-01
   0.21128E+02  -0.30640E-03   0.16647E-02   0.86106E-02  -0.26602E-03   0.48245E-02  -0.45501E-03  -0.19355E-02   0.34688E-05  -0.28697E-03  -0.12454E-05   0.11852E-01
   0.21146E+02  -0.23249E-03   0.87910E-03   0.86871E-02  -0.16663E-03   0.48283E-02  -0.45551E-03  -0.19373E-02   0.19071E-05  -0.28698E-03  -0.87958E-06   0.11317E-01
   0.21163E+02  -0.17062E-03   0.80683E-03   0.87146E-02  -0.12626E-03   0.48321E-02  -0.45604E-03  -0.19392E-02   0.17031E-06  -0.28694E-03  -0.32082E-06   0.11374E-01
   0.21181E+02  -0.13909E-03   0.13439E-02   0.87070E-02  -0.13456E-03   0.48360E-02  -0.45659E-03  -0.19412E-02  -0.27870E-05  -0.28689E-03   0.47041E-06   0.11926E-01
   0.21198E+02  -0.13954E-03   0.20190E-02   0.86876E-02  -0.42687E-04   0.48400E-02  -0.45717E-03  -0.19434E-02  -0.28137E-05  -0.28668E-03   0.64714E-06   0.12675E-01
   0.21215E+02  -0.16956E-03   0.23163E-02   0.86616E-02  -0.19448E-04   0.48440E-02  -0.45774E-03  -0.19456E-02   0.15699E-06  -0.28648E-03   0.17241E-06   0.12944E-01
   0.21233E+02  -0.22683E-03   0.21497E-02   0.86310E-02  -0.74705E-04   0.48479E-02  -0.45826E-03  -0.19475E-02   0.70023E-06  -0.28647E-03   0.37224E-07   0.12636E-01
   0.21250E+02  -0.30400E-03   0.24596E-02   0.86086E-02  -0.82526E-05   0.48518E-02  -0.45871E-03  -0.19494E-02  -0.10010E-05  -0.28653E-03   0.61822E-03   0.13530E-01
