   0.13767E+02  -0.61995E-04   0.11766E-02   0.47323E-02  -0.67577E-05   0.29089E-02  -0.23661E-03  -0.10154E-02   0.19332E-06  -0.27992E-03  -0.32302E-03   0.68943E-02
   0.13785E+02  -0.96989E-04   0.14684E-02   0.47346E-02   0.83152E-04   0.29138E-02  -0.23710E-03  -0.10174E-02  -0.13545E-05  -0.28026E-03  -0.50651E-06   0.75663E-02
   0.13802E+02  -0.10924E-03   0.19963E-02   0.47212E-02   0.18727E-03   0.29188E-02  -0.23758E-03  -0.10198E-02  -0.21850E-05  -0.28026E-03   0.52706E-07   0.81746E-02
   0.13819E+02  -0.90649E-04   0.23820E-02   0.47017E-02   0.21899E-03   0.29238E-02  -0.23806E-03  -0.10225E-02  -0.97589E-06  -0.28005E-03   0.27550E-06   0.85945E-02
   0.13837E+02  -0.58065E-04   0.23912E-02   0.46834E-02   0.23066E-03   0.29286E-02  -0.23855E-03  -0.10250E-02   0.76330E-06  -0.27989E-03   0.11870E-06   0.86333E-02
   0.13854E+02  -0.38509E-04   0.22189E-02   0.46821E-02   0.23687E-03   0.29335E-02  -0.23903E-03  -0.10273E-02   0.11137E-05  -0.27996E-03   0.17989E-06   0.84879E-02
   0.13872E+02  -0.44231E-04   0.19933E-02   0.47071E-02   0.18202E-03   0.29384E-02  -0.23952E-03  -0.10293E-02   0.83078E-06  -0.28029E-03   0.37031E-06   0.82287E-02
   0.13889E+02  -0.65141E-04   0.16383E-02   0.47511E-02   0.36220E-04   0.29433E-02  -0.24003E-03  -0.10311E-02   0.97854E-06  -0.28080E-03   0.14628E-07   0.77528E-02
   0.13906E+02  -0.81384E-04   0.13966E-02   0.47935E-02  -0.37488E-04   0.29483E-02  -0.24056E-03  -0.10331E-02  -0.20732E-06  -0.28124E-03   0.10066E-06   0.74645E-02
   0.13924E+02  -0.76864E-04   0.14217E-02   0.48149E-02   0.37971E-04   0.29532E-02  -0.24108E-03  -0.10354E-02  -0.40866E-06  -0.28132E-03  -0.47557E-06   0.75923E-02
   0.13941E+02  -0.59709E-04   0.16206E-02   0.48066E-02   0.21507E-03   0.29581E-02  -0.24158E-03  -0.10380E-02  -0.60038E-06  -0.28108E-03  -0.54045E-06   0.79789E-02
   0.13958E+02  -0.50276E-04   0.17689E-02   0.47838E-02   0.23043E-03   0.29630E-02  -0.24207E-03  -0.10406E-02  -0.37928E-06  -0.28090E-03  -0.24462E-06   0.81317E-02
   0.13976E+02  -0.57443E-04   0.19802E-02   0.47666E-02   0.14325E-03   0.29679E-02  -0.24257E-03  -0.10428E-02   0.38762E-06  -0.28102E-03  -0.18938E-07   0.82344E-02
   0.13993E+02  -0.72933E-04   0.21768E-02   0.47547E-02   0.11925E-03   0.29728E-02  -0.24307E-03  -0.10448E-02  -0.42622E-06  -0.28137E-03   0.44160E-06   0.83813E-02
   0.14010E+02  -0.84920E-04   0.24094E-02   0.47498E-02   0.13639E-03   0.29777E-02  -0.24356E-03  -0.10469E-02  -0.10419E-05  -0.28169E-03   0.58562E-06   0.86158E-02
   0.14028E+02  -0.83792E-04   0.23868E-02   0.47657E-02   0.11073E-03   0.29826E-02  -0.24405E-03  -0.10491E-02   0.37545E-06  -0.28185E-03   0.16120E-06   0.85876E-02
   0.14045E+02  -0.71372E-04   0.18919E-02   0.47992E-02   0.94268E-04   0.29875E-02  -0.24454E-03  -0.10514E-02   0.17210E-05  -0.28188E-03  -0.24376E-06   0.81252E-02
   0.14062E+02  -0.58972E-04   0.13798E-02   0.48381E-02   0.13315E-03   0.29924E-02  -0.24503E-03  -0.10537E-02   0.11923E-05  -0.28188E-03   0.33496E-03   0.80399E-02
