   0.10017E+02   0.86376E-05   0.11951E-02  -0.33575E-02   0.16902E-02  -0.19264E-04   0.15421E-02  -0.14738E-05  -0.22433E-04   0.28874E-06   0.93568E-02  -0.10432E-01
   0.10035E+02  -0.31074E-04   0.11298E-02  -0.29846E-02   0.16796E-02   0.38842E-05   0.15413E-02  -0.16099E-05  -0.22503E-04   0.39169E-06   0.93648E-02  -0.10433E-01
   0.10052E+02  -0.12515E-05   0.10598E-02  -0.28241E-02   0.16727E-02  -0.19635E-04   0.15402E-02  -0.69442E-06  -0.22510E-04   0.47700E-07   0.93740E-02  -0.10435E-01
   0.10069E+02   0.42974E-04   0.10248E-02  -0.29342E-02   0.16694E-02  -0.33168E-04   0.15387E-02   0.45399E-06  -0.22446E-04  -0.27209E-06   0.93827E-02  -0.10437E-01
   0.10087E+02   0.67831E-04   0.10539E-02  -0.31602E-02   0.16681E-02  -0.36892E-04   0.15372E-02   0.13967E-05  -0.22384E-04  -0.33832E-06   0.93901E-02  -0.10438E-01
   0.10104E+02   0.71018E-04   0.11413E-02  -0.34303E-02   0.16661E-02  -0.52937E-04   0.15359E-02   0.17474E-05  -0.22395E-04  -0.15673E-06   0.93960E-02  -0.10438E-01
   0.10122E+02   0.41142E-04   0.12416E-02  -0.35700E-02   0.16608E-02  -0.45776E-04   0.15352E-02   0.11292E-05  -0.22457E-04   0.21965E-06   0.94012E-02  -0.10435E-01
   0.10139E+02   0.78488E-05   0.12956E-02  -0.35523E-02   0.16508E-02  -0.29121E-04   0.15348E-02  -0.16911E-06  -0.22536E-04   0.50935E-06   0.94068E-02  -0.10434E-01
   0.10156E+02  -0.49542E-05   0.12705E-02  -0.33309E-02   0.16385E-02  -0.15360E-04   0.15345E-02  -0.12311E-05  -0.22597E-04   0.42293E-06   0.94140E-02  -0.10435E-01
   0.10174E+02  -0.21678E-05   0.11784E-02  -0.31135E-02   0.16274E-02  -0.11208E-04   0.15339E-02  -0.17347E-05  -0.22593E-04   0.28257E-06   0.94224E-02  -0.10436E-01
   0.10191E+02   0.18837E-04   0.10700E-02  -0.29402E-02   0.16185E-02  -0.13207E-04   0.15327E-02  -0.16090E-05  -0.22534E-04   0.14646E-06   0.94310E-02  -0.10438E-01
   0.10208E+02   0.38820E-04   0.10113E-02  -0.29341E-02   0.16124E-02  -0.23384E-04   0.15312E-02  -0.24170E-06  -0.22478E-04  -0.15629E-06   0.94391E-02  -0.10439E-01
   0.10226E+02   0.63029E-04   0.10435E-02  -0.31896E-02   0.16087E-02  -0.46412E-04   0.15295E-02   0.16905E-05  -0.22464E-04  -0.47246E-06   0.94459E-02  -0.10440E-01
   0.10243E+02   0.78804E-04   0.11494E-02  -0.35671E-02   0.16061E-02  -0.65334E-04   0.15281E-02   0.23195E-05  -0.22519E-04  -0.31175E-06   0.94511E-02  -0.10439E-01
   0.10260E+02   0.53027E-04   0.12659E-02  -0.36997E-02   0.16021E-02  -0.63288E-04   0.15274E-02   0.14923E-05  -0.22604E-04   0.57234E-07   0.94559E-02  -0.10438E-01
   0.10278E+02   0.11247E-04   0.13286E-02  -0.35988E-02   0.15963E-02  -0.42094E-04   0.15271E-02   0.96550E-07  -0.22673E-04   0.32985E-06   0.94618E-02  -0.10437E-01
   0.10295E+02  -0.13905E-04   0.13081E-02  -0.32965E-02   0.15887E-02  -0.21908E-04   0.15269E-02  -0.13784E-05  -0.22720E-04   0.57101E-06   0.94693E-02  -0.10438E-01
   0.10312E+02  -0.15167E-04   0.12218E-02  -0.30499E-02   0.15795E-02  -0.14978E-04   0.15263E-02  -0.18444E-05  -0.22713E-04   0.55763E-06   0.94779E-02  -0.10439E-01
