   0.16580E+02   0.69559E-04   0.80771E-03  -0.25855E-02  -0.35667E-03  -0.69402E-04   0.12830E-02  -0.11993E-05  -0.29796E-04  -0.12118E-06   0.11265E-01  -0.10557E-01
   0.16597E+02   0.12520E-04   0.77664E-03  -0.21630E-02  -0.36227E-03  -0.64744E-04   0.12825E-02  -0.82040E-06  -0.29908E-04   0.10033E-07   0.11268E-01  -0.10556E-01
   0.16615E+02  -0.37201E-04   0.77523E-03  -0.18536E-02  -0.36383E-03  -0.58447E-04   0.12817E-02  -0.79248E-08  -0.29910E-04   0.55135E-06   0.11273E-01  -0.10557E-01
   0.16632E+02  -0.36852E-04   0.80015E-03  -0.18623E-02  -0.36548E-03  -0.32299E-04   0.12810E-02   0.79865E-06  -0.29844E-04   0.41972E-06   0.11279E-01  -0.10560E-01
   0.16649E+02   0.10365E-04   0.83162E-03  -0.20763E-02  -0.37119E-03  -0.58282E-04   0.12804E-02   0.11841E-05  -0.29810E-04  -0.20216E-06   0.11285E-01  -0.10562E-01
   0.16667E+02   0.38509E-04   0.86068E-03  -0.23800E-02  -0.37869E-03  -0.47593E-04   0.12799E-02   0.95693E-06  -0.29761E-04  -0.78668E-07   0.11290E-01  -0.10562E-01
   0.16684E+02   0.30216E-04   0.89139E-03  -0.27589E-02  -0.38266E-03   0.38826E-05   0.12795E-02   0.42296E-06  -0.29720E-04   0.13006E-06   0.11293E-01  -0.10562E-01
   0.16701E+02   0.23728E-04   0.91244E-03  -0.29852E-02  -0.38157E-03   0.68188E-05   0.12793E-02  -0.25966E-07  -0.29749E-04  -0.28686E-06   0.11294E-01  -0.10561E-01
   0.16719E+02   0.23086E-04   0.89660E-03  -0.29266E-02  -0.38062E-03  -0.20844E-04   0.12792E-02  -0.75939E-06  -0.29836E-04  -0.25654E-06   0.11294E-01  -0.10559E-01
   0.16736E+02   0.96693E-05   0.84063E-03  -0.25831E-02  -0.38419E-03  -0.41446E-04   0.12790E-02  -0.17255E-05  -0.29959E-04   0.20724E-06   0.11296E-01  -0.10558E-01
   0.16753E+02  -0.22164E-05   0.78323E-03  -0.20764E-02  -0.39065E-03  -0.68244E-04   0.12784E-02  -0.10359E-05  -0.30057E-04   0.28060E-06   0.11300E-01  -0.10560E-01
   0.16771E+02   0.29411E-04   0.76629E-03  -0.20006E-02  -0.39590E-03  -0.81609E-04   0.12775E-02   0.65359E-06  -0.30088E-04   0.20012E-07   0.11305E-01  -0.10562E-01
   0.16788E+02   0.34346E-04   0.78642E-03  -0.20918E-02  -0.40010E-03  -0.73013E-04   0.12768E-02   0.62398E-06  -0.30087E-04   0.20799E-06   0.11310E-01  -0.10562E-01
   0.16806E+02  -0.33422E-04   0.81913E-03  -0.20338E-02  -0.40591E-03  -0.29955E-04   0.12762E-02   0.23857E-07  -0.30066E-04   0.56523E-06   0.11315E-01  -0.10562E-01
   0.16823E+02  -0.26140E-04   0.85712E-03  -0.21717E-02  -0.41248E-03  -0.14811E-04   0.12758E-02   0.85419E-06  -0.29965E-04   0.24827E-06   0.11320E-01  -0.10563E-01
   0.16840E+02   0.50136E-04   0.89755E-03  -0.27051E-02  -0.41515E-03  -0.44069E-04   0.12754E-02   0.15080E-05  -0.29862E-04  -0.64329E-06   0.11323E-01  -0.10565E-01
   0.16858E+02   0.55172E-04   0.91693E-03  -0.29965E-02  -0.41214E-03  -0.33908E-04   0.12752E-02   0.25824E-06  -0.29908E-04  -0.62448E-06   0.11324E-01  -0.10565E-01
   0.16875E+02   0.12188E-04   0.89662E-03  -0.28644E-02  -0.41059E-03  -0.47870E-05   0.12751E-02  -0.10583E-05  -0.30071E-04   0.25062E-06   0.11325E-01  -0.10563E-01
