   0.16892E+02   0.76855E-05   0.85156E-03  -0.26483E-02  -0.41442E-03  -0.34963E-04   0.12748E-02  -0.15400E-05  -0.30224E-04   0.49289E-06   0.11327E-01  -0.10562E-01
   0.16910E+02   0.12985E-04   0.81391E-03  -0.22494E-02  -0.41940E-03  -0.57273E-04   0.12743E-02  -0.11807E-05  -0.30299E-04   0.37150E-06   0.11330E-01  -0.10562E-01
   0.16927E+02  -0.62111E-06   0.79734E-03  -0.20487E-02  -0.42441E-03  -0.71996E-04   0.12736E-02  -0.13200E-06  -0.30344E-04   0.24348E-06   0.11334E-01  -0.10563E-01
   0.16944E+02  -0.42121E-05   0.79176E-03  -0.20116E-02  -0.43154E-03  -0.74222E-04   0.12730E-02   0.39809E-06  -0.30365E-04   0.27766E-07   0.11339E-01  -0.10563E-01
   0.16962E+02  -0.25895E-04   0.78956E-03  -0.19994E-02  -0.43999E-03  -0.14266E-04   0.12724E-02   0.35310E-06  -0.30297E-04  -0.73633E-07   0.11344E-01  -0.10565E-01
   0.16979E+02  -0.19306E-04   0.79908E-03  -0.20622E-02  -0.44621E-03   0.16619E-04   0.12718E-02   0.58541E-06  -0.30135E-04  -0.20415E-06   0.11349E-01  -0.10567E-01
   0.16997E+02   0.45593E-04   0.82714E-03  -0.23909E-02  -0.44630E-03  -0.32842E-04   0.12713E-02   0.10869E-05  -0.30030E-04  -0.30086E-06   0.11353E-01  -0.10569E-01
   0.17014E+02   0.73001E-04   0.86021E-03  -0.28231E-02  -0.44223E-03  -0.66515E-04   0.12710E-02   0.63128E-06  -0.30115E-04  -0.57758E-07   0.11355E-01  -0.10569E-01
   0.17031E+02   0.57080E-04   0.87941E-03  -0.29613E-02  -0.44049E-03  -0.48152E-04   0.12708E-02  -0.27267E-06  -0.30304E-04   0.51249E-06   0.11356E-01  -0.10567E-01
   0.17049E+02   0.44922E-04   0.88437E-03  -0.29246E-02  -0.44350E-03  -0.54076E-04   0.12706E-02  -0.73071E-06  -0.30423E-04   0.49202E-06   0.11356E-01  -0.10565E-01
   0.17066E+02   0.17586E-04   0.88051E-03  -0.26044E-02  -0.44826E-03  -0.72365E-04   0.12703E-02  -0.96368E-06  -0.30482E-04  -0.20636E-06   0.11357E-01  -0.10564E-01
   0.17083E+02  -0.37249E-04   0.85712E-03  -0.20535E-02  -0.45631E-03  -0.57458E-04   0.12699E-02  -0.75641E-06  -0.30554E-04  -0.17780E-07   0.11361E-01  -0.10564E-01
   0.17101E+02  -0.60111E-04   0.80700E-03  -0.18035E-02  -0.46659E-03  -0.36889E-04   0.12695E-02  -0.60131E-06  -0.30591E-04   0.41399E-06   0.11366E-01  -0.10565E-01
   0.17118E+02  -0.43009E-04   0.74615E-03  -0.17456E-02  -0.47443E-03  -0.67666E-06   0.12689E-02  -0.40035E-06  -0.30503E-04   0.11522E-06   0.11372E-01  -0.10568E-01
   0.17135E+02   0.67074E-07   0.70704E-03  -0.19117E-02  -0.47804E-03   0.12101E-04   0.12682E-02   0.58828E-06  -0.30355E-04  -0.54942E-06   0.11378E-01  -0.10571E-01
   0.17153E+02   0.40587E-04   0.71759E-03  -0.22968E-02  -0.47620E-03  -0.33535E-05   0.12674E-02   0.85819E-06  -0.30303E-04  -0.45040E-06   0.11381E-01  -0.10572E-01
   0.17170E+02   0.53755E-04   0.78012E-03  -0.25961E-02  -0.47160E-03  -0.36839E-04   0.12669E-02   0.71747E-06  -0.30373E-04   0.36130E-06   0.11383E-01  -0.10572E-01
   0.17188E+02   0.62537E-04   0.86591E-03  -0.29106E-02  -0.47159E-03  -0.74904E-04   0.12665E-02   0.92791E-06  -0.30485E-04   0.59245E-06   0.11383E-01  -0.10570E-01
