   0.20330E+02  -0.21352E-03   0.17931E-02   0.80147E-02   0.16525E-03   0.46417E-02  -0.43171E-03  -0.18458E-02  -0.43585E-06  -0.28797E-03  -0.58193E-03   0.11253E-01
   0.20347E+02  -0.19967E-03   0.20015E-02   0.80423E-02   0.26130E-03   0.46459E-02  -0.43221E-03  -0.18477E-02  -0.15403E-05  -0.28808E-03   0.99486E-06   0.12183E-01
   0.20365E+02  -0.19704E-03   0.25819E-02   0.80523E-02   0.17408E-03   0.46500E-02  -0.43271E-03  -0.18496E-02  -0.18742E-05  -0.28820E-03   0.80842E-06   0.12690E-01
   0.20382E+02  -0.20404E-03   0.30981E-02   0.80556E-02   0.29186E-04   0.46541E-02  -0.43318E-03  -0.18517E-02  -0.38729E-06  -0.28819E-03   0.20998E-06   0.13060E-01
   0.20399E+02  -0.20602E-03   0.29644E-02   0.80754E-02  -0.16526E-03   0.46581E-02  -0.43366E-03  -0.18537E-02   0.19041E-05  -0.28816E-03  -0.59410E-06   0.12752E-01
   0.20417E+02  -0.20617E-03   0.21795E-02   0.81243E-02  -0.32554E-03   0.46622E-02  -0.43415E-03  -0.18556E-02   0.35183E-05  -0.28817E-03  -0.15751E-05   0.11858E-01
   0.20434E+02  -0.21214E-03   0.14277E-02   0.81736E-02  -0.37658E-03   0.46663E-02  -0.43467E-03  -0.18576E-02   0.19006E-05  -0.28809E-03  -0.13067E-05   0.11099E-01
   0.20451E+02  -0.21921E-03   0.11740E-02   0.81825E-02  -0.26259E-03   0.46705E-02  -0.43521E-03  -0.18598E-02  -0.38115E-06  -0.28793E-03  -0.41668E-06   0.10961E-01
   0.20469E+02  -0.21398E-03   0.13654E-02   0.81645E-02  -0.98097E-04   0.46746E-02  -0.43577E-03  -0.18619E-02  -0.20502E-05  -0.28784E-03   0.68009E-06   0.11305E-01
   0.20486E+02  -0.19871E-03   0.17644E-02   0.81512E-02   0.51474E-04   0.46787E-02  -0.43634E-03  -0.18640E-02  -0.19362E-05  -0.28778E-03   0.89334E-06   0.11858E-01
   0.20503E+02  -0.18563E-03   0.20058E-02   0.81561E-02   0.10864E-03   0.46827E-02  -0.43690E-03  -0.18660E-02   0.36603E-06  -0.28770E-03   0.25299E-06   0.12178E-01
   0.20521E+02  -0.19276E-03   0.20384E-02   0.81613E-02   0.11081E-03   0.46867E-02  -0.43740E-03  -0.18681E-02   0.48022E-06  -0.28765E-03   0.31925E-06   0.12212E-01
   0.20538E+02  -0.23128E-03   0.24995E-02   0.81536E-02   0.88354E-04   0.46908E-02  -0.43787E-03  -0.18699E-02  -0.16878E-05  -0.28777E-03   0.10778E-05   0.12605E-01
   0.20556E+02  -0.27839E-03   0.32512E-02   0.81627E-02  -0.56049E-06   0.46949E-02  -0.43832E-03  -0.18717E-02  -0.23035E-05  -0.28797E-03   0.78148E-06   0.13230E-01
   0.20573E+02  -0.28744E-03   0.35243E-02   0.81950E-02  -0.23223E-03   0.46989E-02  -0.43878E-03  -0.18737E-02   0.27057E-06  -0.28798E-03  -0.65691E-06   0.13298E-01
   0.20590E+02  -0.24160E-03   0.27533E-02   0.82309E-02  -0.36465E-03   0.47030E-02  -0.43926E-03  -0.18759E-02   0.28965E-05  -0.28782E-03  -0.16066E-05   0.12479E-01
   0.20608E+02  -0.17985E-03   0.17192E-02   0.82543E-02  -0.25611E-03   0.47070E-02  -0.43977E-03  -0.18781E-02   0.26745E-05  -0.28753E-03  -0.12710E-05   0.11641E-01
   0.20625E+02  -0.14907E-03   0.10984E-02   0.82602E-02  -0.57968E-04   0.47110E-02  -0.44030E-03  -0.18802E-02   0.16420E-05  -0.28730E-03   0.57961E-03   0.11836E-01
