   0.17205E+02  -0.17385E-03   0.11719E-02   0.62829E-02  -0.10984E-03   0.38580E-02  -0.33813E-03  -0.14607E-02  -0.10075E-05  -0.29313E-03  -0.45236E-03   0.84837E-02
   0.17222E+02  -0.18033E-03   0.17337E-02   0.62939E-02  -0.21664E-04   0.38626E-02  -0.33866E-03  -0.14630E-02  -0.26555E-05  -0.29308E-03   0.67336E-06   0.95916E-02
   0.17240E+02  -0.14985E-03   0.26577E-02   0.62743E-02   0.79399E-04   0.38673E-02  -0.33918E-03  -0.14658E-02  -0.27059E-05  -0.29260E-03  -0.45746E-07   0.10629E-01
   0.17257E+02  -0.98367E-04   0.32311E-02   0.62380E-02   0.14378E-03   0.38720E-02  -0.33970E-03  -0.14686E-02  -0.72529E-06  -0.29211E-03  -0.34666E-06   0.11285E-01
   0.17274E+02  -0.56593E-04   0.30738E-02   0.62121E-02   0.87633E-04   0.38766E-02  -0.34024E-03  -0.14711E-02   0.18577E-05  -0.29192E-03  -0.28163E-06   0.11092E-01
   0.17292E+02  -0.51371E-04   0.24258E-02   0.62100E-02   0.42931E-04   0.38812E-02  -0.34079E-03  -0.14730E-02   0.24236E-05  -0.29217E-03  -0.14569E-06   0.10405E-01
   0.17309E+02  -0.89319E-04   0.18635E-02   0.62380E-02   0.99646E-04   0.38858E-02  -0.34134E-03  -0.14748E-02   0.71532E-06  -0.29260E-03   0.21692E-06   0.98899E-02
   0.17326E+02  -0.14262E-03   0.15584E-02   0.62854E-02  -0.16717E-04   0.38905E-02  -0.34187E-03  -0.14767E-02   0.19015E-06  -0.29291E-03   0.15734E-06   0.94637E-02
   0.17344E+02  -0.17638E-03   0.15270E-02   0.63251E-02  -0.15924E-03   0.38950E-02  -0.34239E-03  -0.14787E-02  -0.11011E-06  -0.29302E-03  -0.25290E-06   0.92970E-02
   0.17361E+02  -0.17332E-03   0.16104E-02   0.63461E-02  -0.11858E-03   0.38996E-02  -0.34289E-03  -0.14811E-02   0.15564E-06  -0.29282E-03  -0.68434E-06   0.94468E-02
   0.17378E+02  -0.13937E-03   0.17586E-02   0.63424E-02   0.35240E-04   0.39042E-02  -0.34337E-03  -0.14839E-02   0.32512E-06  -0.29234E-03  -0.36240E-06   0.97815E-02
   0.17396E+02  -0.10180E-03   0.19019E-02   0.63209E-02   0.14136E-03   0.39087E-02  -0.34386E-03  -0.14864E-02  -0.12384E-05  -0.29210E-03   0.77396E-06   0.10048E-01
   0.17413E+02  -0.91345E-04   0.22727E-02   0.63117E-02   0.17509E-03   0.39133E-02  -0.34437E-03  -0.14884E-02  -0.17679E-05  -0.29228E-03   0.92357E-06   0.10456E-01
   0.17431E+02  -0.10592E-03   0.26937E-02   0.63280E-02   0.33159E-04   0.39179E-02  -0.34491E-03  -0.14901E-02  -0.78786E-06  -0.29279E-03   0.15478E-06   0.10738E-01
   0.17448E+02  -0.12252E-03   0.28612E-02   0.63415E-02  -0.54237E-04   0.39226E-02  -0.34547E-03  -0.14918E-02   0.35782E-06  -0.29323E-03  -0.38063E-06   0.10818E-01
   0.17465E+02  -0.12489E-03   0.26685E-02   0.63370E-02   0.37291E-04   0.39271E-02  -0.34603E-03  -0.14941E-02   0.54011E-06  -0.29313E-03   0.23782E-07   0.10712E-01
   0.17483E+02  -0.11419E-03   0.22641E-02   0.63413E-02   0.51391E-04   0.39316E-02  -0.34659E-03  -0.14969E-02   0.65950E-06  -0.29256E-03   0.13021E-06   0.10339E-01
   0.17500E+02  -0.10304E-03   0.17889E-02   0.63666E-02  -0.18599E-04   0.39361E-02  -0.34713E-03  -0.14996E-02   0.18407E-05  -0.29199E-03   0.45921E-03   0.10292E-01
