   0.93924E+01   0.11279E-04   0.11784E-02  -0.32346E-02   0.19495E-02  -0.16588E-04   0.15775E-02  -0.47538E-06  -0.21872E-04   0.45464E-07   0.90934E-02  -0.10427E-01
   0.94097E+01   0.33930E-04   0.11437E-02  -0.32282E-02   0.19406E-02  -0.16203E-04   0.15764E-02  -0.37440E-06  -0.21866E-04   0.10038E-06   0.91015E-02  -0.10428E-01
   0.94271E+01   0.43384E-04   0.11326E-02  -0.31681E-02   0.19329E-02  -0.20349E-04   0.15752E-02  -0.42082E-07  -0.21865E-04  -0.14421E-07   0.91093E-02  -0.10429E-01
   0.94444E+01   0.43462E-04   0.11519E-02  -0.31907E-02   0.19268E-02  -0.24935E-04   0.15739E-02   0.58491E-06  -0.21889E-04   0.12203E-07   0.91171E-02  -0.10429E-01
   0.94618E+01   0.42710E-04   0.11917E-02  -0.33294E-02   0.19220E-02  -0.24052E-04   0.15728E-02   0.69539E-06  -0.21926E-04   0.15511E-06   0.91247E-02  -0.10428E-01
   0.94792E+01   0.42856E-04   0.12308E-02  -0.34410E-02   0.19170E-02  -0.34724E-04   0.15719E-02   0.57378E-06  -0.21959E-04   0.11141E-06   0.91321E-02  -0.10428E-01
   0.94965E+01   0.44839E-04   0.12470E-02  -0.35226E-02   0.19102E-02  -0.46108E-04   0.15711E-02   0.85255E-07  -0.21985E-04   0.29502E-07   0.91394E-02  -0.10428E-01
   0.95139E+01   0.33014E-04   0.12306E-02  -0.34615E-02   0.19013E-02  -0.33500E-04   0.15703E-02  -0.67289E-06  -0.22006E-04   0.13033E-06   0.91467E-02  -0.10428E-01
   0.95312E+01   0.18783E-04   0.11900E-02  -0.33501E-02   0.18908E-02  -0.93089E-05   0.15695E-02  -0.87780E-06  -0.22026E-04   0.19039E-06   0.91542E-02  -0.10428E-01
   0.95486E+01   0.23955E-04   0.11429E-02  -0.32540E-02   0.18803E-02  -0.83977E-05   0.15685E-02  -0.67856E-06  -0.22034E-04  -0.18270E-07   0.91617E-02  -0.10429E-01
   0.95660E+01   0.42019E-04   0.11072E-02  -0.31742E-02   0.18709E-02  -0.15973E-04   0.15673E-02  -0.18084E-06  -0.22015E-04  -0.19069E-06   0.91693E-02  -0.10429E-01
   0.95833E+01   0.40281E-04   0.10990E-02  -0.31382E-02   0.18643E-02  -0.17253E-04   0.15661E-02  -0.39521E-07  -0.22008E-04  -0.37733E-07   0.91770E-02  -0.10430E-01
   0.96007E+01   0.17875E-04   0.11266E-02  -0.30587E-02   0.18606E-02  -0.67045E-05   0.15648E-02   0.39192E-06  -0.22027E-04   0.25438E-06   0.91850E-02  -0.10430E-01
   0.96181E+01   0.15387E-04   0.11799E-02  -0.31999E-02   0.18579E-02  -0.24435E-04   0.15637E-02   0.97634E-06  -0.22067E-04   0.18603E-06   0.91931E-02  -0.10430E-01
   0.96354E+01   0.30325E-04   0.12306E-02  -0.33820E-02   0.18538E-02  -0.43773E-04   0.15628E-02   0.81403E-06  -0.22110E-04   0.42995E-07   0.92006E-02  -0.10430E-01
   0.96528E+01   0.39676E-04   0.12497E-02  -0.35185E-02   0.18470E-02  -0.54609E-04   0.15621E-02   0.43605E-07  -0.22140E-04   0.15792E-06   0.92077E-02  -0.10430E-01
   0.96701E+01   0.46178E-04   0.12276E-02  -0.35032E-02   0.18376E-02  -0.42587E-04   0.15615E-02  -0.61555E-06  -0.22152E-04   0.79043E-07   0.92146E-02  -0.10430E-01
   0.96875E+01   0.53049E-04   0.11761E-02  -0.34336E-02   0.18262E-02  -0.22560E-04   0.15606E-02  -0.63476E-06  -0.22132E-04  -0.16559E-06   0.92216E-02  -0.10431E-01
