   0.53299E+01  -0.80226E-04   0.14456E-02  -0.38099E-02   0.42028E-02   0.16110E-03   0.18573E-02   0.29345E-05  -0.11284E-04  -0.10458E-06   0.70146E-02  -0.10504E-01
   0.53472E+01  -0.63241E-04   0.16643E-02  -0.42881E-02   0.41909E-02   0.17968E-03   0.18552E-02   0.42809E-05  -0.11299E-04  -0.17612E-06   0.70245E-02  -0.10502E-01
   0.53646E+01  -0.97490E-05   0.19027E-02  -0.48180E-02   0.41749E-02   0.15722E-03   0.18542E-02   0.36479E-05  -0.11367E-04  -0.15932E-06   0.70343E-02  -0.10501E-01
   0.53819E+01   0.56160E-04   0.20380E-02  -0.51475E-02   0.41561E-02   0.11278E-03   0.18541E-02   0.11282E-05  -0.11487E-04  -0.15931E-06   0.70438E-02  -0.10500E-01
   0.53993E+01   0.86591E-04   0.19998E-02  -0.50537E-02   0.41382E-02   0.90725E-04   0.18543E-02  -0.22555E-05  -0.11620E-04   0.64467E-07   0.70536E-02  -0.10500E-01
   0.54167E+01   0.75010E-04   0.18073E-02  -0.45793E-02   0.41246E-02   0.87713E-04   0.18540E-02  -0.43129E-05  -0.11716E-04   0.31889E-06   0.70639E-02  -0.10500E-01
   0.54340E+01   0.38937E-04   0.15565E-02  -0.40827E-02   0.41160E-02   0.88246E-04   0.18526E-02  -0.41282E-05  -0.11763E-04   0.26813E-06   0.70744E-02  -0.10500E-01
   0.54514E+01  -0.94057E-06   0.13715E-02  -0.37270E-02   0.41104E-02   0.93514E-04   0.18502E-02  -0.21095E-05  -0.11781E-04   0.12317E-06   0.70844E-02  -0.10499E-01
   0.54688E+01  -0.39700E-04   0.13425E-02  -0.36452E-02   0.41055E-02   0.90076E-04   0.18473E-02   0.90901E-06  -0.11797E-04  -0.15973E-06   0.70939E-02  -0.10497E-01
   0.54861E+01  -0.74387E-04   0.14793E-02  -0.38408E-02   0.40980E-02   0.10782E-03   0.18447E-02   0.34338E-05  -0.11846E-04  -0.24470E-06   0.71034E-02  -0.10496E-01
   0.55035E+01  -0.63663E-04   0.17093E-02  -0.42777E-02   0.40847E-02   0.12774E-03   0.18430E-02   0.42397E-05  -0.11922E-04  -0.69715E-07   0.71134E-02  -0.10496E-01
   0.55208E+01  -0.26831E-05   0.19202E-02  -0.47508E-02   0.40658E-02   0.13483E-03   0.18422E-02   0.30153E-05  -0.12009E-04   0.16545E-07   0.71236E-02  -0.10496E-01
   0.55382E+01   0.58745E-04   0.20166E-02  -0.50214E-02   0.40458E-02   0.13454E-03   0.18421E-02   0.47519E-06  -0.12084E-04   0.83421E-07   0.71340E-02  -0.10496E-01
   0.55556E+01   0.78108E-04   0.19631E-02  -0.49677E-02   0.40299E-02   0.12847E-03   0.18420E-02  -0.22447E-05  -0.12157E-04   0.25133E-06   0.71443E-02  -0.10495E-01
   0.55729E+01   0.49000E-04   0.17931E-02  -0.46428E-02   0.40202E-02   0.12286E-03   0.18414E-02  -0.37077E-05  -0.12222E-04   0.22763E-06   0.71543E-02  -0.10494E-01
   0.55903E+01   0.11775E-04   0.15893E-02  -0.42261E-02   0.40150E-02   0.11433E-03   0.18399E-02  -0.33802E-05  -0.12271E-04   0.11055E-06   0.71640E-02  -0.10493E-01
   0.56076E+01  -0.10344E-04   0.14463E-02  -0.39075E-02   0.40101E-02   0.81366E-04   0.18377E-02  -0.13919E-05  -0.12306E-04  -0.22524E-06   0.71733E-02  -0.10493E-01
   0.56250E+01  -0.26646E-04   0.14257E-02  -0.38054E-02   0.40015E-02   0.63976E-04   0.18351E-02   0.96289E-06  -0.12350E-04  -0.36087E-06   0.71826E-02  -0.10492E-01
