   0.32986E+00  -0.72845E-06   0.19304E-03   0.17764E-05  -0.22289E-04   0.91624E-05  -0.28076E-06   0.70446E-05   0.68081E-07  -0.64525E-06   0.27772E-04   0.21492E-03
   0.34722E+00  -0.79273E-06   0.20332E-03   0.21192E-05  -0.23962E-04   0.10385E-04  -0.30826E-06   0.70411E-05   0.62482E-07  -0.73535E-06   0.45835E-08   0.19714E-03
   0.36458E+00  -0.85403E-06   0.21347E-03   0.24961E-05  -0.25612E-04   0.11665E-04  -0.33721E-06   0.69915E-05   0.58452E-07  -0.83766E-06   0.47217E-08   0.20705E-03
   0.38194E+00  -0.91147E-06   0.22345E-03   0.29093E-05  -0.27251E-04   0.12996E-04  -0.36760E-06   0.69041E-05   0.54910E-07  -0.95148E-06   0.48049E-08   0.21684E-03
   0.39931E+00  -0.96782E-06   0.23333E-03   0.33633E-05  -0.28879E-04   0.14374E-04  -0.39945E-06   0.67853E-05   0.51579E-07  -0.10762E-05   0.48109E-08   0.22658E-03
   0.41667E+00  -0.10272E-05   0.24320E-03   0.38615E-05  -0.30509E-04   0.15793E-04  -0.43277E-06   0.66399E-05   0.48464E-07  -0.12114E-05   0.47873E-08   0.23637E-03
   0.43403E+00  -0.10900E-05   0.25307E-03   0.44047E-05  -0.32118E-04   0.17252E-04  -0.46754E-06   0.64720E-05   0.46125E-07  -0.13566E-05   0.47744E-08   0.24621E-03
   0.45139E+00  -0.11522E-05   0.26279E-03   0.49883E-05  -0.33644E-04   0.18749E-04  -0.50377E-06   0.62845E-05   0.44270E-07  -0.15116E-05   0.48198E-08   0.25605E-03
   0.46875E+00  -0.12126E-05   0.27238E-03   0.56097E-05  -0.35046E-04   0.20279E-04  -0.54144E-06   0.60803E-05   0.42125E-07  -0.16762E-05   0.50269E-08   0.26592E-03
   0.48611E+00  -0.12734E-05   0.28194E-03   0.62732E-05  -0.36388E-04   0.21842E-04  -0.58056E-06   0.58620E-05   0.39894E-07  -0.18503E-05   0.50733E-08   0.27587E-03
   0.50347E+00  -0.13382E-05   0.29152E-03   0.69888E-05  -0.37784E-04   0.23435E-04  -0.62112E-06   0.56313E-05   0.38732E-07  -0.20336E-05   0.47634E-08   0.28585E-03
   0.52083E+00  -0.14074E-05   0.30105E-03   0.77617E-05  -0.39255E-04   0.25057E-04  -0.66311E-06   0.53899E-05   0.37772E-07  -0.22260E-05   0.46649E-08   0.29575E-03
   0.53819E+00  -0.14763E-05   0.31034E-03   0.85869E-05  -0.40717E-04   0.26705E-04  -0.70652E-06   0.51391E-05   0.38080E-07  -0.24272E-05   0.43051E-08   0.30548E-03
   0.55556E+00  -0.15399E-05   0.31930E-03   0.94544E-05  -0.42033E-04   0.28379E-04  -0.75131E-06   0.48804E-05   0.36995E-07  -0.26371E-05   0.43138E-08   0.31510E-03
   0.57292E+00  -0.15984E-05   0.32809E-03   0.10357E-04  -0.43110E-04   0.30077E-04  -0.79748E-06   0.46147E-05   0.35496E-07  -0.28555E-05   0.46203E-08   0.32482E-03
   0.59028E+00  -0.16581E-05   0.33695E-03   0.11300E-04  -0.44071E-04   0.31796E-04  -0.84503E-06   0.43435E-05   0.33239E-07  -0.30825E-05   0.46871E-08   0.33477E-03
   0.60764E+00  -0.17271E-05   0.34599E-03   0.12308E-04  -0.45133E-04   0.33537E-04  -0.89395E-06   0.40676E-05   0.32342E-07  -0.33180E-05   0.47673E-08   0.34487E-03
   0.62500E+00  -0.18037E-05   0.35497E-03   0.13385E-04  -0.46370E-04   0.35297E-04  -0.94424E-06   0.37877E-05   0.33446E-07  -0.35619E-05  -0.38105E-04   0.31669E-03
