   0.14080E+02   0.40412E-04   0.92412E-03  -0.28096E-02   0.26357E-03   0.21522E-05   0.13589E-02  -0.75868E-06  -0.26472E-04   0.96415E-08   0.10706E-01  -0.10523E-01
   0.14097E+02   0.26897E-04   0.90190E-03  -0.26386E-02   0.25388E-03  -0.89169E-05   0.13581E-02  -0.94411E-06  -0.26419E-04   0.33375E-06   0.10709E-01  -0.10523E-01
   0.14115E+02   0.15008E-04   0.89275E-03  -0.24752E-02   0.25081E-03  -0.32006E-04   0.13574E-02  -0.33842E-06  -0.26346E-04   0.19359E-06   0.10714E-01  -0.10523E-01
   0.14132E+02   0.15783E-04   0.88594E-03  -0.25041E-02   0.25011E-03  -0.53824E-04   0.13567E-02   0.71405E-06  -0.26322E-04  -0.46154E-06   0.10719E-01  -0.10523E-01
   0.14149E+02   0.13995E-05   0.88847E-03  -0.25779E-02   0.25172E-03  -0.41366E-04   0.13559E-02   0.59644E-06  -0.26344E-04  -0.42341E-06   0.10724E-01  -0.10524E-01
   0.14167E+02  -0.69694E-05   0.92250E-03  -0.25361E-02   0.25476E-03  -0.43166E-04   0.13550E-02   0.71986E-06  -0.26367E-04   0.65540E-07   0.10729E-01  -0.10526E-01
   0.14184E+02   0.34806E-04   0.98331E-03  -0.27718E-02   0.25490E-03  -0.95142E-04   0.13544E-02   0.14105E-05  -0.26448E-04  -0.71075E-07   0.10734E-01  -0.10528E-01
   0.14201E+02   0.77897E-04   0.10313E-02  -0.30808E-02   0.24823E-03  -0.97299E-04   0.13542E-02   0.55664E-06  -0.26604E-04   0.18791E-06   0.10738E-01  -0.10526E-01
   0.14219E+02   0.61708E-04   0.10362E-02  -0.30906E-02   0.23680E-03  -0.73238E-04   0.13540E-02  -0.96892E-06  -0.26732E-04   0.64815E-06   0.10740E-01  -0.10524E-01
   0.14236E+02   0.59234E-05   0.99719E-03  -0.28477E-02   0.22556E-03  -0.28722E-04   0.13537E-02  -0.16066E-05  -0.26751E-04   0.62129E-06   0.10744E-01  -0.10523E-01
   0.14253E+02  -0.21172E-05   0.92639E-03  -0.25806E-02   0.21706E-03  -0.96048E-05   0.13532E-02  -0.14465E-05  -0.26680E-04   0.28125E-06   0.10748E-01  -0.10524E-01
   0.14271E+02   0.10644E-04   0.84178E-03  -0.23365E-02   0.21025E-03  -0.37536E-04   0.13525E-02  -0.10743E-05  -0.26604E-04  -0.28877E-06   0.10753E-01  -0.10526E-01
   0.14288E+02  -0.72746E-05   0.77916E-03  -0.21362E-02   0.20405E-03  -0.34767E-04   0.13515E-02  -0.20971E-06  -0.26536E-04  -0.33156E-06   0.10759E-01  -0.10527E-01
   0.14306E+02   0.26296E-04   0.78604E-03  -0.22928E-02   0.20018E-03  -0.31131E-04   0.13503E-02   0.12158E-05  -0.26483E-04  -0.14210E-06   0.10765E-01  -0.10529E-01
   0.14323E+02   0.86800E-04   0.87418E-03  -0.27232E-02   0.20080E-03  -0.77858E-04   0.13492E-02   0.22140E-05  -0.26513E-04  -0.36245E-06   0.10769E-01  -0.10530E-01
   0.14340E+02   0.61647E-04   0.99243E-03  -0.30414E-02   0.20332E-03  -0.86828E-04   0.13487E-02   0.13247E-05  -0.26668E-04  -0.69470E-07   0.10772E-01  -0.10528E-01
   0.14358E+02  -0.27432E-04   0.10711E-02  -0.29305E-02   0.20311E-03  -0.54114E-04   0.13487E-02  -0.15201E-06  -0.26871E-04   0.77791E-06   0.10775E-01  -0.10525E-01
   0.14375E+02  -0.55483E-04   0.10753E-02  -0.28691E-02   0.19847E-03  -0.34671E-04   0.13487E-02  -0.73955E-06  -0.26996E-04   0.77428E-06   0.10779E-01  -0.10525E-01
