   0.22205E+02   0.27035E-04   0.82534E-03  -0.23193E-02  -0.12824E-02  -0.45154E-04   0.11878E-02  -0.14517E-07  -0.37211E-04   0.69045E-07   0.11939E-01  -0.10572E-01
   0.22222E+02   0.27468E-04   0.81276E-03  -0.23977E-02  -0.12991E-02   0.28015E-05   0.11878E-02  -0.48863E-06  -0.37277E-04  -0.12846E-06   0.11938E-01  -0.10571E-01
   0.22240E+02   0.12678E-04   0.78238E-03  -0.20824E-02  -0.13145E-02   0.48151E-04   0.11877E-02  -0.70627E-06  -0.37288E-04  -0.12192E-06   0.11937E-01  -0.10571E-01
   0.22257E+02  -0.45655E-06   0.74899E-03  -0.17700E-02  -0.13206E-02   0.44930E-04   0.11874E-02  -0.56546E-06  -0.37244E-04  -0.19637E-06   0.11938E-01  -0.10571E-01
   0.22274E+02  -0.30201E-04   0.72404E-03  -0.14127E-02  -0.13159E-02   0.30107E-04   0.11871E-02  -0.21097E-08  -0.37185E-04  -0.16075E-06   0.11940E-01  -0.10571E-01
   0.22292E+02  -0.29621E-04   0.71304E-03  -0.14998E-02  -0.13058E-02   0.31748E-04   0.11868E-02   0.79039E-06  -0.37123E-04   0.28024E-07   0.11943E-01  -0.10571E-01
   0.22309E+02  -0.20548E-04   0.73216E-03  -0.17912E-02  -0.12947E-02   0.34153E-04   0.11864E-02   0.86917E-06  -0.37114E-04   0.10804E-07   0.11945E-01  -0.10571E-01
   0.22326E+02  -0.21694E-04   0.79092E-03  -0.21206E-02  -0.12868E-02   0.24210E-04   0.11861E-02   0.92361E-06  -0.37180E-04  -0.11547E-06   0.11945E-01  -0.10571E-01
   0.22344E+02  -0.15034E-04   0.86869E-03  -0.23094E-02  -0.12842E-02  -0.27661E-04   0.11861E-02   0.48381E-06  -0.37308E-04  -0.41433E-07   0.11944E-01  -0.10570E-01
   0.22361E+02  -0.47227E-04   0.92656E-03  -0.23168E-02  -0.12900E-02  -0.24822E-04   0.11863E-02   0.62111E-07  -0.37472E-04   0.28300E-06   0.11943E-01  -0.10568E-01
   0.22378E+02  -0.29192E-04   0.93034E-03  -0.23973E-02  -0.13046E-02  -0.16462E-04   0.11867E-02  -0.31626E-06  -0.37591E-04   0.24884E-06   0.11943E-01  -0.10569E-01
   0.22396E+02   0.40481E-04   0.87499E-03  -0.23224E-02  -0.13223E-02  -0.11456E-04   0.11868E-02  -0.80408E-06  -0.37563E-04   0.16040E-07   0.11943E-01  -0.10570E-01
   0.22413E+02   0.68662E-04   0.79192E-03  -0.21250E-02  -0.13340E-02   0.89729E-05   0.11867E-02  -0.97783E-06  -0.37434E-04  -0.59762E-07   0.11944E-01  -0.10571E-01
   0.22431E+02   0.50282E-04   0.72219E-03  -0.17986E-02  -0.13366E-02   0.18489E-04   0.11864E-02  -0.11342E-05  -0.37359E-04   0.73085E-07   0.11945E-01  -0.10571E-01
   0.22448E+02   0.13191E-04   0.69128E-03  -0.15148E-02  -0.13330E-02   0.14740E-04   0.11860E-02  -0.49812E-06  -0.37367E-04   0.21741E-06   0.11947E-01  -0.10569E-01
   0.22465E+02  -0.44341E-04   0.70318E-03  -0.15479E-02  -0.13279E-02   0.33637E-04   0.11856E-02   0.33578E-06  -0.37420E-04  -0.11902E-06   0.11948E-01  -0.10566E-01
   0.22483E+02  -0.11419E-03   0.75862E-03  -0.15267E-02  -0.13226E-02   0.76106E-04   0.11851E-02   0.73374E-06  -0.37461E-04  -0.26685E-07   0.11949E-01  -0.10564E-01
   0.22500E+02  -0.12247E-03   0.84919E-03  -0.17468E-02  -0.13150E-02   0.38935E-04   0.11848E-02   0.20196E-05  -0.37455E-04  -0.23438E-06   0.11950E-01  -0.10566E-01
