   0.19080E+02   0.56163E-04   0.67213E-03  -0.20443E-02  -0.83570E-03  -0.54866E-04   0.12266E-02   0.10932E-05  -0.32948E-04  -0.61217E-07   0.11681E-01  -0.10588E-01
   0.19097E+02   0.13021E-03   0.77298E-03  -0.23521E-02  -0.83472E-03  -0.11884E-03   0.12260E-02   0.22185E-05  -0.33037E-04  -0.54592E-07   0.11682E-01  -0.10589E-01
   0.19115E+02   0.12187E-03   0.89017E-03  -0.26826E-02  -0.83686E-03  -0.11226E-03   0.12258E-02   0.15673E-05  -0.33114E-04   0.63289E-07   0.11683E-01  -0.10585E-01
   0.19132E+02  -0.34854E-05   0.96895E-03  -0.24492E-02  -0.83961E-03  -0.51430E-04   0.12260E-02  -0.68893E-06  -0.33180E-04   0.77293E-06   0.11683E-01  -0.10581E-01
   0.19149E+02  -0.12401E-03   0.97412E-03  -0.19464E-02  -0.84350E-03   0.15680E-04   0.12263E-02  -0.17902E-05  -0.33177E-04   0.11000E-05   0.11687E-01  -0.10579E-01
   0.19167E+02  -0.10535E-03   0.90456E-03  -0.17941E-02  -0.85058E-03  -0.70347E-06   0.12264E-02  -0.87826E-06  -0.33115E-04   0.19254E-06   0.11692E-01  -0.10581E-01
   0.19184E+02  -0.23208E-04   0.79179E-03  -0.20915E-02  -0.85687E-03  -0.48740E-05   0.12262E-02  -0.58574E-06  -0.33054E-04  -0.71985E-06   0.11697E-01  -0.10583E-01
   0.19201E+02  -0.12301E-05   0.68176E-03  -0.21042E-02  -0.86147E-03   0.31626E-04   0.12256E-02  -0.10601E-05  -0.33024E-04  -0.48352E-06   0.11699E-01  -0.10584E-01
   0.19219E+02  -0.23246E-05   0.62608E-03  -0.21418E-02  -0.86545E-03   0.32008E-04   0.12248E-02  -0.30974E-06  -0.33062E-04   0.47523E-07   0.11701E-01  -0.10586E-01
   0.19236E+02   0.24661E-04   0.65583E-03  -0.23112E-02  -0.86792E-03   0.97396E-05   0.12239E-02   0.80957E-06  -0.33136E-04  -0.43976E-07   0.11701E-01  -0.10587E-01
   0.19253E+02   0.71674E-04   0.75661E-03  -0.24191E-02  -0.86839E-03  -0.37335E-04   0.12232E-02   0.19028E-05  -0.33188E-04  -0.24103E-06   0.11701E-01  -0.10587E-01
   0.19271E+02   0.10750E-03   0.87636E-03  -0.25846E-02  -0.86644E-03  -0.12317E-03   0.12230E-02   0.18148E-05  -0.33221E-04  -0.50642E-07   0.11701E-01  -0.10585E-01
   0.19288E+02   0.48083E-04   0.95590E-03  -0.23801E-02  -0.86356E-03  -0.11425E-03   0.12231E-02   0.16042E-06  -0.33249E-04   0.45524E-06   0.11703E-01  -0.10583E-01
   0.19306E+02  -0.47110E-04   0.96860E-03  -0.20175E-02  -0.86271E-03  -0.48739E-04   0.12234E-02  -0.73705E-06  -0.33295E-04   0.83823E-06   0.11707E-01  -0.10583E-01
   0.19323E+02  -0.43254E-04   0.92166E-03  -0.19594E-02  -0.86626E-03  -0.22305E-04   0.12235E-02  -0.82826E-06  -0.33342E-04   0.26864E-06   0.11712E-01  -0.10584E-01
   0.19340E+02  -0.28888E-04   0.83422E-03  -0.19904E-02  -0.87446E-03   0.46983E-05   0.12234E-02  -0.13181E-05  -0.33360E-04  -0.22522E-06   0.11716E-01  -0.10584E-01
   0.19358E+02  -0.46832E-04   0.73282E-03  -0.19437E-02  -0.88526E-03   0.49185E-04   0.12232E-02  -0.20041E-05  -0.33378E-04   0.17806E-06   0.11718E-01  -0.10584E-01
   0.19375E+02  -0.45064E-04   0.65487E-03  -0.18889E-02  -0.89557E-03   0.28321E-04   0.12227E-02  -0.11666E-05  -0.33405E-04   0.18830E-06   0.11720E-01  -0.10584E-01
