   0.50174E+01  -0.15090E-04   0.10226E-02   0.13767E-02   0.57861E-04   0.65471E-03  -0.38350E-04  -0.13484E-03  -0.12990E-06  -0.98585E-04  -0.47351E-04   0.27775E-02
   0.50347E+01  -0.14612E-04   0.10955E-02   0.13878E-02   0.51761E-04   0.65800E-03  -0.38591E-04  -0.13587E-03  -0.21752E-06  -0.98987E-04  -0.44859E-07   0.29048E-02
   0.50521E+01  -0.13683E-04   0.11502E-02   0.13970E-02   0.49579E-04   0.66129E-03  -0.38831E-04  -0.13691E-03  -0.15218E-06  -0.99387E-04   0.97672E-08   0.29691E-02
   0.50694E+01  -0.12966E-04   0.11250E-02   0.14034E-02   0.47297E-04   0.66458E-03  -0.39073E-04  -0.13794E-03   0.23083E-06  -0.99798E-04  -0.47349E-07   0.29507E-02
   0.50868E+01  -0.13188E-04   0.10340E-02   0.14061E-02   0.54102E-04   0.66789E-03  -0.39311E-04  -0.13897E-03   0.41339E-06  -0.10022E-03  -0.84295E-07   0.28707E-02
   0.51042E+01  -0.14665E-04   0.95974E-03   0.14066E-02   0.76330E-04   0.67120E-03  -0.39544E-04  -0.14000E-03   0.15446E-06  -0.10064E-03   0.13769E-07   0.28191E-02
   0.51215E+01  -0.16338E-04   0.94814E-03   0.14104E-02   0.88683E-04   0.67452E-03  -0.39777E-04  -0.14103E-03  -0.11030E-06  -0.10106E-03   0.92714E-07   0.28235E-02
   0.51389E+01  -0.16835E-04   0.99366E-03   0.14200E-02   0.87663E-04   0.67785E-03  -0.40017E-04  -0.14207E-03  -0.26394E-06  -0.10148E-03   0.96322E-07   0.28786E-02
   0.51562E+01  -0.15888E-04   0.10715E-02   0.14328E-02   0.76677E-04   0.68118E-03  -0.40264E-04  -0.14311E-03  -0.21214E-06  -0.10190E-03   0.38227E-08   0.29608E-02
   0.51736E+01  -0.14315E-04   0.11427E-02   0.14454E-02   0.58174E-04   0.68451E-03  -0.40514E-04  -0.14416E-03  -0.11874E-06  -0.10231E-03  -0.71822E-07   0.30293E-02
   0.51910E+01  -0.13184E-04   0.11640E-02   0.14551E-02   0.43860E-04   0.68785E-03  -0.40763E-04  -0.14522E-03   0.10649E-06  -0.10272E-03  -0.85372E-07   0.30489E-02
   0.52083E+01  -0.13316E-04   0.11102E-02   0.14603E-02   0.39983E-04   0.69119E-03  -0.41007E-04  -0.14627E-03   0.27766E-06  -0.10313E-03  -0.19340E-07   0.29982E-02
   0.52257E+01  -0.14835E-04   0.10071E-02   0.14615E-02   0.52171E-04   0.69455E-03  -0.41246E-04  -0.14733E-03   0.37959E-06  -0.10356E-03  -0.42755E-07   0.29086E-02
   0.52431E+01  -0.16733E-04   0.93521E-03   0.14612E-02   0.78631E-04   0.69792E-03  -0.41482E-04  -0.14838E-03   0.81282E-07  -0.10399E-03   0.26538E-07   0.28625E-02
   0.52604E+01  -0.17619E-04   0.94978E-03   0.14640E-02   0.99474E-04   0.70128E-03  -0.41721E-04  -0.14943E-03  -0.26809E-06  -0.10441E-03   0.87255E-07   0.29011E-02
   0.52778E+01  -0.16779E-04   0.10115E-02   0.14721E-02   0.10368E-03   0.70466E-03  -0.41968E-04  -0.15050E-03  -0.23996E-06  -0.10484E-03   0.85713E-07   0.29776E-02
   0.52951E+01  -0.14553E-04   0.10743E-02   0.14847E-02   0.92715E-04   0.70803E-03  -0.42222E-04  -0.15157E-03  -0.13622E-06  -0.10525E-03   0.14773E-07   0.30460E-02
   0.53125E+01  -0.12290E-04   0.11181E-02   0.14988E-02   0.62689E-04   0.71142E-03  -0.42480E-04  -0.15265E-03  -0.22803E-07  -0.10567E-03   0.53665E-04   0.31316E-02
