   0.53299E+01  -0.12064E-04   0.11418E-02   0.15095E-02   0.45858E-04   0.71482E-03  -0.42736E-04  -0.15373E-03   0.68744E-07  -0.10609E-03  -0.53971E-04   0.30434E-02
   0.53472E+01  -0.14501E-04   0.11310E-02   0.15150E-02   0.43447E-04   0.71822E-03  -0.42986E-04  -0.15480E-03   0.12256E-06  -0.10652E-03  -0.95991E-08   0.30890E-02
   0.53646E+01  -0.17758E-04   0.10780E-02   0.15173E-02   0.53792E-04   0.72163E-03  -0.43230E-04  -0.15587E-03   0.22206E-06  -0.10695E-03  -0.42492E-07   0.30470E-02
   0.53819E+01  -0.19345E-04   0.10196E-02   0.15174E-02   0.79143E-04   0.72504E-03  -0.43469E-04  -0.15696E-03   0.11395E-06  -0.10737E-03  -0.70255E-07   0.30140E-02
   0.53993E+01  -0.18187E-04   0.10114E-02   0.15177E-02   0.11059E-03   0.72846E-03  -0.43709E-04  -0.15806E-03  -0.20711E-06  -0.10779E-03   0.10527E-06   0.30403E-02
   0.54167E+01  -0.14880E-04   0.10251E-02   0.15225E-02   0.10901E-03   0.73189E-03  -0.43960E-04  -0.15916E-03  -0.11397E-06  -0.10822E-03   0.15084E-06   0.30623E-02
   0.54340E+01  -0.11923E-04   0.10174E-02   0.15334E-02   0.91963E-04   0.73533E-03  -0.44223E-04  -0.16025E-03   0.18430E-06  -0.10865E-03  -0.30861E-08   0.30532E-02
   0.54514E+01  -0.11734E-04   0.10041E-02   0.15480E-02   0.64583E-04   0.73878E-03  -0.44489E-04  -0.16135E-03   0.13859E-06  -0.10908E-03  -0.67364E-07   0.30288E-02
   0.54688E+01  -0.14552E-04   0.10464E-02   0.15613E-02   0.50149E-04   0.74223E-03  -0.44754E-04  -0.16244E-03  -0.10983E-06  -0.10951E-03  -0.87578E-07   0.30686E-02
   0.54861E+01  -0.18168E-04   0.11278E-02   0.15697E-02   0.59134E-04   0.74569E-03  -0.45012E-04  -0.16355E-03  -0.25794E-06  -0.10993E-03  -0.31140E-07   0.31653E-02
   0.55035E+01  -0.20112E-04   0.11751E-02   0.15726E-02   0.76857E-04   0.74916E-03  -0.45262E-04  -0.16468E-03  -0.13961E-06  -0.11035E-03   0.40952E-07   0.32332E-02
   0.55208E+01  -0.19360E-04   0.11593E-02   0.15724E-02   0.84643E-04   0.75263E-03  -0.45506E-04  -0.16581E-03   0.21210E-08  -0.11077E-03   0.12942E-07   0.32276E-02
   0.55382E+01  -0.16953E-04   0.11227E-02   0.15715E-02   0.99032E-04   0.75611E-03  -0.45749E-04  -0.16693E-03   0.97664E-07  -0.11120E-03   0.19152E-07   0.32087E-02
   0.55556E+01  -0.14541E-04   0.10683E-02   0.15737E-02   0.99603E-04   0.75959E-03  -0.46001E-04  -0.16804E-03   0.21887E-06  -0.11164E-03   0.86028E-07   0.31612E-02
   0.55729E+01  -0.13659E-04   0.10053E-02   0.15822E-02   0.89749E-04   0.76308E-03  -0.46266E-04  -0.16915E-03   0.26193E-06  -0.11208E-03   0.10102E-07   0.30995E-02
   0.55903E+01  -0.14628E-04   0.96075E-03   0.15960E-02   0.78787E-04   0.76659E-03  -0.46540E-04  -0.17028E-03   0.18660E-06  -0.11251E-03  -0.76984E-07   0.30583E-02
   0.56076E+01  -0.16403E-04   0.96315E-03   0.16106E-02   0.65883E-04   0.77009E-03  -0.46814E-04  -0.17141E-03   0.63088E-08  -0.11293E-03  -0.13512E-06   0.30620E-02
   0.56250E+01  -0.18074E-04   0.10539E-02   0.16211E-02   0.84565E-04   0.77361E-03  -0.47082E-04  -0.17258E-03  -0.38615E-06  -0.11334E-03   0.61730E-04   0.32434E-02
