   0.11267E+02   0.38032E-04   0.10942E-02  -0.32428E-02   0.11999E-02   0.29595E-05   0.14762E-02  -0.12531E-06  -0.23478E-04  -0.32191E-06   0.98346E-02  -0.10464E-01
   0.11285E+02   0.50303E-04   0.11003E-02  -0.32493E-02   0.11944E-02  -0.17355E-04   0.14752E-02   0.19557E-06  -0.23545E-04  -0.26527E-06   0.98396E-02  -0.10465E-01
   0.11302E+02   0.62330E-04   0.11198E-02  -0.31681E-02   0.11912E-02  -0.64777E-04   0.14744E-02   0.72118E-07  -0.23671E-04  -0.28085E-07   0.98449E-02  -0.10465E-01
   0.11319E+02   0.32318E-04   0.11356E-02  -0.30496E-02   0.11877E-02  -0.63915E-04   0.14736E-02  -0.12544E-06  -0.23792E-04   0.51168E-06   0.98511E-02  -0.10465E-01
   0.11337E+02  -0.64266E-05   0.11405E-02  -0.29430E-02   0.11829E-02  -0.61909E-04   0.14729E-02  -0.43676E-06  -0.23849E-04   0.81001E-06   0.98582E-02  -0.10464E-01
   0.11354E+02  -0.31798E-04   0.11371E-02  -0.28685E-02   0.11772E-02  -0.28998E-04   0.14721E-02  -0.45731E-06  -0.23825E-04   0.61660E-06   0.98659E-02  -0.10465E-01
   0.11372E+02  -0.12097E-04   0.11295E-02  -0.29445E-02   0.11698E-02  -0.22542E-04   0.14712E-02   0.33747E-06  -0.23738E-04  -0.85286E-07   0.98735E-02  -0.10467E-01
   0.11389E+02   0.48186E-04   0.11204E-02  -0.32432E-02   0.11605E-02  -0.41019E-04   0.14704E-02   0.90842E-06  -0.23635E-04  -0.69098E-06   0.98797E-02  -0.10468E-01
   0.11406E+02   0.70300E-04   0.11144E-02  -0.34229E-02   0.11508E-02  -0.23235E-04   0.14695E-02   0.23348E-06  -0.23583E-04  -0.47229E-06   0.98845E-02  -0.10469E-01
   0.11424E+02   0.64195E-04   0.11181E-02  -0.33631E-02   0.11423E-02  -0.15077E-04   0.14686E-02  -0.14689E-06  -0.23636E-04  -0.78568E-07   0.98889E-02  -0.10468E-01
   0.11441E+02   0.66298E-04   0.11308E-02  -0.32895E-02   0.11362E-02  -0.44353E-04   0.14677E-02  -0.17283E-06  -0.23767E-04   0.21196E-06   0.98938E-02  -0.10468E-01
   0.11458E+02   0.47740E-04   0.11423E-02  -0.31286E-02   0.11323E-02  -0.69019E-04   0.14670E-02  -0.47406E-06  -0.23904E-04   0.41980E-06   0.98993E-02  -0.10468E-01
   0.11476E+02   0.15276E-04   0.11402E-02  -0.29353E-02   0.11291E-02  -0.65766E-04   0.14663E-02  -0.59377E-06  -0.23982E-04   0.59358E-06   0.99060E-02  -0.10468E-01
   0.11493E+02  -0.24092E-04   0.11219E-02  -0.27966E-02   0.11253E-02  -0.53507E-04   0.14656E-02  -0.57913E-06  -0.23986E-04   0.42052E-06   0.99135E-02  -0.10468E-01
   0.11510E+02  -0.39009E-04   0.10980E-02  -0.27635E-02   0.11190E-02  -0.13900E-04   0.14647E-02  -0.49789E-07  -0.23914E-04   0.58523E-07   0.99214E-02  -0.10470E-01
   0.11528E+02   0.10174E-04   0.10877E-02  -0.29867E-02   0.11104E-02  -0.23772E-04   0.14637E-02   0.84780E-06  -0.23813E-04  -0.42043E-06   0.99287E-02  -0.10472E-01
   0.11545E+02   0.73914E-04   0.10994E-02  -0.33124E-02   0.11016E-02  -0.39736E-04   0.14626E-02   0.10751E-05  -0.23769E-04  -0.60632E-06   0.99342E-02  -0.10473E-01
   0.11562E+02   0.72094E-04   0.11266E-02  -0.34791E-02   0.10934E-02  -0.24559E-04   0.14618E-02   0.34696E-06  -0.23807E-04   0.39184E-07   0.99385E-02  -0.10472E-01
