   0.68924E+01  -0.16650E-04   0.11209E-02   0.20809E-02   0.12183E-03   0.10483E-02  -0.68120E-04  -0.26687E-03   0.41900E-06  -0.14414E-03  -0.87564E-04   0.37890E-02
   0.69097E+01  -0.16069E-04   0.10135E-02   0.20903E-02   0.14187E-03   0.10523E-02  -0.68441E-04  -0.26832E-03   0.20886E-06  -0.14453E-03  -0.63457E-07   0.38008E-02
   0.69271E+01  -0.17378E-04   0.10461E-02   0.20955E-02   0.14961E-03   0.10563E-02  -0.68743E-04  -0.26977E-03  -0.34289E-06  -0.14493E-03   0.33723E-07   0.38464E-02
   0.69444E+01  -0.19665E-04   0.11770E-02   0.20985E-02   0.12785E-03   0.10604E-02  -0.69035E-04  -0.27122E-03  -0.30768E-06  -0.14534E-03  -0.24745E-07   0.39581E-02
   0.69618E+01  -0.21033E-04   0.12913E-02   0.21016E-02   0.10541E-03   0.10644E-02  -0.69329E-04  -0.27266E-03  -0.90076E-07  -0.14577E-03  -0.12993E-06   0.40537E-02
   0.69792E+01  -0.20557E-04   0.13416E-02   0.21053E-02   0.92670E-04   0.10684E-02  -0.69634E-04  -0.27411E-03   0.94840E-08  -0.14620E-03  -0.39034E-07   0.40974E-02
   0.69965E+01  -0.18502E-04   0.13223E-02   0.21107E-02   0.10794E-03   0.10725E-02  -0.69956E-04  -0.27556E-03   0.10841E-06  -0.14663E-03  -0.97515E-08   0.41029E-02
   0.70139E+01  -0.16146E-04   0.12569E-02   0.21183E-02   0.12498E-03   0.10765E-02  -0.70291E-04  -0.27704E-03   0.10006E-06  -0.14704E-03   0.76565E-07   0.40665E-02
   0.70312E+01  -0.15201E-04   0.11566E-02   0.21269E-02   0.12069E-03   0.10806E-02  -0.70632E-04  -0.27852E-03   0.39407E-06  -0.14745E-03   0.98854E-08   0.39734E-02
   0.70486E+01  -0.16751E-04   0.10504E-02   0.21350E-02   0.12827E-03   0.10847E-02  -0.70967E-04  -0.28000E-03   0.32142E-06  -0.14784E-03   0.75657E-08   0.38831E-02
   0.70660E+01  -0.20333E-04   0.10581E-02   0.21423E-02   0.14427E-03   0.10887E-02  -0.71289E-04  -0.28148E-03  -0.39967E-06  -0.14824E-03   0.16695E-06   0.39118E-02
   0.70833E+01  -0.23435E-04   0.11813E-02   0.21500E-02   0.13499E-03   0.10928E-02  -0.71600E-04  -0.28294E-03  -0.55376E-06  -0.14866E-03   0.66211E-07   0.40319E-02
   0.71007E+01  -0.23653E-04   0.13085E-02   0.21572E-02   0.12092E-03   0.10969E-02  -0.71905E-04  -0.28439E-03  -0.20246E-06  -0.14911E-03  -0.12835E-06   0.41540E-02
   0.71181E+01  -0.20897E-04   0.13690E-02   0.21619E-02   0.11092E-03   0.11010E-02  -0.72210E-04  -0.28587E-03   0.38829E-07  -0.14954E-03  -0.14717E-06   0.42142E-02
   0.71354E+01  -0.17376E-04   0.13603E-02   0.21642E-02   0.11166E-03   0.11051E-02  -0.72524E-04  -0.28739E-03   0.22099E-06  -0.14994E-03   0.76747E-08   0.42143E-02
   0.71528E+01  -0.15247E-04   0.12809E-02   0.21679E-02   0.10364E-03   0.11092E-02  -0.72852E-04  -0.28890E-03   0.37501E-06  -0.15035E-03  -0.77569E-07   0.41346E-02
   0.71701E+01  -0.15885E-04   0.11850E-02   0.21737E-02   0.10324E-03   0.11133E-02  -0.73192E-04  -0.29038E-03   0.36676E-06  -0.15077E-03  -0.90931E-07   0.40453E-02
   0.71875E+01  -0.18529E-04   0.11089E-02   0.21810E-02   0.10753E-03   0.11174E-02  -0.73535E-04  -0.29184E-03   0.19549E-06  -0.15121E-03   0.96961E-04   0.40769E-02
