   0.19705E+02  -0.29923E-04   0.15933E-02   0.76534E-02   0.21172E-03   0.44955E-02  -0.41329E-03  -0.17740E-02   0.46266E-05  -0.28912E-03  -0.54729E-03   0.10905E-01
   0.19722E+02  -0.59704E-04   0.76702E-03   0.77019E-02   0.78839E-04   0.44996E-02  -0.41382E-03  -0.17757E-02   0.21094E-05  -0.28936E-03  -0.12343E-06   0.10511E-01
   0.19740E+02  -0.15469E-03   0.10405E-02   0.77247E-02  -0.24210E-03   0.45038E-02  -0.41435E-03  -0.17774E-02  -0.61712E-06  -0.28958E-03  -0.55158E-07   0.10390E-01
   0.19757E+02  -0.24845E-03   0.16009E-02   0.77145E-02  -0.47293E-03   0.45080E-02  -0.41488E-03  -0.17793E-02  -0.14822E-05  -0.28968E-03  -0.11808E-06   0.10617E-01
   0.19774E+02  -0.29745E-03   0.19759E-02   0.76772E-02  -0.33961E-03   0.45122E-02  -0.41539E-03  -0.17815E-02  -0.18779E-05  -0.28954E-03  -0.16849E-06   0.11040E-01
   0.19792E+02  -0.29568E-03   0.23413E-02   0.76418E-02  -0.11446E-03   0.45163E-02  -0.41590E-03  -0.17838E-02  -0.20884E-05  -0.28927E-03   0.35576E-06   0.11599E-01
   0.19809E+02  -0.26034E-03   0.27062E-02   0.76298E-02   0.48465E-04   0.45203E-02  -0.41640E-03  -0.17859E-02  -0.86420E-06  -0.28913E-03   0.35439E-06   0.12152E-01
   0.19826E+02  -0.21331E-03   0.28832E-02   0.76467E-02   0.21088E-03   0.45243E-02  -0.41689E-03  -0.17878E-02  -0.29955E-06  -0.28919E-03   0.41503E-06   0.12558E-01
   0.19844E+02  -0.16702E-03   0.27906E-02   0.76923E-02   0.21370E-03   0.45283E-02  -0.41739E-03  -0.17896E-02   0.15993E-06  -0.28937E-03   0.47254E-06   0.12562E-01
   0.19861E+02  -0.12773E-03   0.24326E-02   0.77544E-02   0.32667E-05   0.45324E-02  -0.41790E-03  -0.17914E-02   0.22578E-05  -0.28947E-03   0.63055E-07   0.12098E-01
   0.19878E+02  -0.10705E-03   0.17606E-02   0.78057E-02  -0.15515E-03   0.45365E-02  -0.41840E-03  -0.17934E-02   0.26007E-05  -0.28939E-03  -0.60982E-06   0.11341E-01
   0.19896E+02  -0.11925E-03   0.14702E-02   0.78197E-02  -0.15425E-03   0.45406E-02  -0.41889E-03  -0.17957E-02   0.10092E-05  -0.28909E-03  -0.84758E-06   0.11053E-01
   0.19913E+02  -0.16301E-03   0.14968E-02   0.78129E-02  -0.20412E-03   0.45446E-02  -0.41939E-03  -0.17979E-02  -0.58423E-06  -0.28886E-03  -0.45177E-06   0.10980E-01
   0.19931E+02  -0.22228E-03   0.15017E-02   0.78057E-02  -0.33319E-03   0.45486E-02  -0.41992E-03  -0.17998E-02  -0.79818E-07  -0.28884E-03  -0.41770E-06   0.10791E-01
   0.19948E+02  -0.27640E-03   0.16979E-02   0.77872E-02  -0.32388E-03   0.45526E-02  -0.42046E-03  -0.18015E-02  -0.10332E-05  -0.28904E-03  -0.20885E-07   0.10925E-01
   0.19965E+02  -0.29913E-03   0.23077E-02   0.77493E-02  -0.18813E-04   0.45565E-02  -0.42098E-03  -0.18033E-02  -0.28778E-05  -0.28918E-03   0.11043E-05   0.11780E-01
   0.19983E+02  -0.27441E-03   0.27843E-02   0.77281E-02   0.12338E-03   0.45605E-02  -0.42150E-03  -0.18052E-02  -0.21278E-05  -0.28911E-03   0.16315E-05   0.12406E-01
   0.20000E+02  -0.21447E-03   0.28098E-02   0.77549E-02   0.16836E-03   0.45645E-02  -0.42202E-03  -0.18073E-02   0.56292E-06  -0.28901E-03   0.57286E-03   0.13138E-01
