   0.43924E+01  -0.12473E-04   0.95899E-03   0.11334E-02   0.45142E-04   0.54137E-03  -0.30333E-04  -0.10001E-03  -0.12424E-06  -0.84535E-04  -0.36053E-04   0.24154E-02
   0.44097E+01  -0.10980E-04   0.98562E-03   0.11384E-02   0.47599E-04   0.54438E-03  -0.30539E-04  -0.10093E-03  -0.11158E-06  -0.84902E-04   0.65450E-07   0.24886E-02
   0.44271E+01  -0.10723E-04   0.10069E-02   0.11448E-02   0.49945E-04   0.54740E-03  -0.30748E-04  -0.10184E-03  -0.11954E-06  -0.85269E-04   0.10201E-06   0.25204E-02
   0.44444E+01  -0.12224E-04   0.10075E-02   0.11528E-02   0.42035E-04   0.55043E-03  -0.30960E-04  -0.10275E-03   0.84515E-07  -0.85652E-04  -0.10947E-07   0.25212E-02
   0.44618E+01  -0.14605E-04   0.10082E-02   0.11604E-02   0.44183E-04   0.55347E-03  -0.31174E-04  -0.10365E-03   0.98634E-07  -0.86041E-04  -0.13142E-06   0.25307E-02
   0.44792E+01  -0.16363E-04   0.10248E-02   0.11665E-02   0.57474E-04   0.55653E-03  -0.31386E-04  -0.10458E-03  -0.93912E-08  -0.86421E-04  -0.64893E-07   0.25665E-02
   0.44965E+01  -0.16257E-04   0.10272E-02   0.11720E-02   0.60951E-04   0.55958E-03  -0.31597E-04  -0.10551E-03  -0.17733E-07  -0.86795E-04   0.40015E-07   0.25796E-02
   0.45139E+01  -0.14446E-04   0.10211E-02   0.11775E-02   0.59423E-04   0.56264E-03  -0.31810E-04  -0.10644E-03  -0.54029E-07  -0.87173E-04   0.77631E-07   0.25809E-02
   0.45312E+01  -0.12172E-04   0.10276E-02   0.11833E-02   0.52122E-04   0.56570E-03  -0.32025E-04  -0.10737E-03  -0.69343E-07  -0.87555E-04   0.41290E-07   0.25896E-02
   0.45486E+01  -0.10872E-04   0.10379E-02   0.11900E-02   0.46788E-04   0.56878E-03  -0.32243E-04  -0.10829E-03   0.10619E-08  -0.87944E-04   0.13770E-07   0.26042E-02
   0.45660E+01  -0.11228E-04   0.10235E-02   0.11981E-02   0.41450E-04   0.57186E-03  -0.32462E-04  -0.10921E-03   0.13876E-06  -0.88336E-04  -0.32651E-07   0.25937E-02
   0.45833E+01  -0.12760E-04   0.99076E-03   0.12062E-02   0.49009E-04   0.57495E-03  -0.32681E-04  -0.11015E-03   0.24422E-06  -0.88721E-04  -0.14644E-06   0.25767E-02
   0.46007E+01  -0.14528E-04   0.98459E-03   0.12129E-02   0.60659E-04   0.57805E-03  -0.32896E-04  -0.11111E-03  -0.62654E-07  -0.89095E-04  -0.16018E-07   0.25885E-02
   0.46181E+01  -0.15615E-04   0.10170E-02   0.12190E-02   0.63825E-04   0.58116E-03  -0.33111E-04  -0.11206E-03  -0.16404E-06  -0.89475E-04   0.62276E-07   0.26306E-02
   0.46354E+01  -0.15523E-04   0.10543E-02   0.12248E-02   0.61274E-04   0.58427E-03  -0.33329E-04  -0.11301E-03  -0.16026E-06  -0.89860E-04   0.10432E-06   0.26729E-02
   0.46528E+01  -0.14673E-04   0.10734E-02   0.12306E-02   0.58625E-04   0.58738E-03  -0.33549E-04  -0.11397E-03  -0.65019E-07  -0.90244E-04   0.74051E-07   0.26976E-02
   0.46701E+01  -0.13774E-04   0.10693E-02   0.12373E-02   0.55137E-04   0.59051E-03  -0.33773E-04  -0.11492E-03   0.24938E-07  -0.90630E-04   0.63834E-08   0.26992E-02
   0.46875E+01  -0.13079E-04   0.10598E-02   0.12447E-02   0.54117E-04   0.59365E-03  -0.33999E-04  -0.11588E-03   0.10475E-06  -0.91026E-04   0.39544E-04   0.27379E-02
