   0.15642E+02   0.34675E-05   0.72106E-03  -0.22475E-02  -0.15070E-03  -0.20656E-04   0.13091E-02  -0.84353E-06  -0.28717E-04   0.12733E-05   0.11074E-01  -0.10547E-01
   0.15660E+02   0.40329E-05   0.75033E-03  -0.24440E-02  -0.15791E-03  -0.28170E-04   0.13082E-02   0.62397E-06  -0.28677E-04  -0.30943E-06   0.11077E-01  -0.10545E-01
   0.15677E+02  -0.50491E-04   0.80519E-03  -0.23586E-02  -0.16290E-03   0.28884E-04   0.13075E-02   0.88945E-06  -0.28562E-04  -0.88245E-06   0.11080E-01  -0.10544E-01
   0.15694E+02  -0.51979E-04   0.85385E-03  -0.22309E-02  -0.16697E-03   0.22056E-04   0.13070E-02   0.84841E-06  -0.28446E-04  -0.45159E-06   0.11084E-01  -0.10546E-01
   0.15712E+02   0.13632E-04   0.88394E-03  -0.22676E-02  -0.16941E-03  -0.50633E-04   0.13065E-02   0.73177E-06  -0.28429E-04  -0.25600E-06   0.11090E-01  -0.10548E-01
   0.15729E+02   0.55027E-04   0.89321E-03  -0.24359E-02  -0.16936E-03  -0.71055E-04   0.13062E-02   0.66175E-06  -0.28493E-04  -0.53125E-07   0.11095E-01  -0.10549E-01
   0.15747E+02   0.57400E-04   0.88424E-03  -0.26840E-02  -0.16815E-03  -0.58497E-04   0.13059E-02  -0.29756E-06  -0.28613E-04   0.38461E-06   0.11099E-01  -0.10548E-01
   0.15764E+02   0.35843E-04   0.85979E-03  -0.26179E-02  -0.16904E-03  -0.68264E-04   0.13056E-02  -0.11116E-05  -0.28761E-04   0.70668E-06   0.11102E-01  -0.10547E-01
   0.15781E+02   0.24497E-04   0.82532E-03  -0.25726E-02  -0.17525E-03  -0.83009E-04   0.13052E-02  -0.87651E-06  -0.28861E-04   0.44703E-06   0.11105E-01  -0.10547E-01
   0.15799E+02   0.16541E-04   0.79382E-03  -0.24821E-02  -0.18392E-03  -0.54424E-04   0.13046E-02  -0.29486E-06  -0.28852E-04   0.23804E-07   0.11108E-01  -0.10548E-01
   0.15816E+02   0.17381E-04   0.78006E-03  -0.24488E-02  -0.19113E-03  -0.32527E-04   0.13038E-02   0.33383E-06  -0.28772E-04  -0.24970E-06   0.11110E-01  -0.10548E-01
   0.15833E+02   0.23426E-04   0.78771E-03  -0.23618E-02  -0.19729E-03  -0.19744E-04   0.13031E-02   0.29649E-06  -0.28701E-04  -0.41166E-06   0.11114E-01  -0.10548E-01
   0.15851E+02   0.51157E-05   0.80991E-03  -0.22121E-02  -0.20384E-03  -0.94713E-05   0.13025E-02   0.20037E-06  -0.28712E-04  -0.27729E-07   0.11118E-01  -0.10548E-01
   0.15868E+02   0.27500E-05   0.83677E-03  -0.22352E-02  -0.20752E-03  -0.30199E-04   0.13021E-02   0.19704E-06  -0.28787E-04   0.33710E-06   0.11123E-01  -0.10547E-01
   0.15885E+02   0.55846E-05   0.85284E-03  -0.23541E-02  -0.20702E-03  -0.35937E-04   0.13017E-02  -0.16547E-06  -0.28855E-04   0.22238E-06   0.11128E-01  -0.10547E-01
   0.15903E+02  -0.29271E-05   0.84596E-03  -0.24097E-02  -0.20663E-03  -0.28639E-04   0.13014E-02  -0.31337E-06  -0.28889E-04   0.12273E-06   0.11132E-01  -0.10548E-01
   0.15920E+02   0.18836E-04   0.82395E-03  -0.24921E-02  -0.20866E-03  -0.38379E-04   0.13010E-02  -0.10520E-06  -0.28911E-04   0.44761E-07   0.11135E-01  -0.10550E-01
   0.15938E+02   0.34199E-04   0.80996E-03  -0.25070E-02  -0.21296E-03  -0.67634E-04   0.13004E-02  -0.94979E-07  -0.28924E-04  -0.14555E-06   0.11138E-01  -0.10551E-01
