   0.12830E+02   0.57629E-04   0.91982E-03  -0.25974E-02   0.65482E-03  -0.75314E-04   0.14066E-02  -0.61339E-06  -0.25133E-04   0.33620E-06   0.10353E-01  -0.10502E-01
   0.12847E+02   0.57069E-04   0.90567E-03  -0.27009E-02   0.64442E-03  -0.56285E-04   0.14056E-02   0.19785E-06  -0.25294E-04   0.48383E-06   0.10358E-01  -0.10501E-01
   0.12865E+02   0.71699E-04   0.93220E-03  -0.29055E-02   0.63663E-03  -0.51109E-04   0.14047E-02   0.50884E-06  -0.25390E-04   0.64947E-06   0.10363E-01  -0.10500E-01
   0.12882E+02   0.54744E-04   0.98240E-03  -0.30076E-02   0.63343E-03  -0.61776E-04   0.14039E-02   0.32517E-06  -0.25375E-04   0.45621E-06   0.10367E-01  -0.10499E-01
   0.12899E+02  -0.12755E-04   0.10263E-02  -0.29161E-02   0.63246E-03  -0.16935E-04   0.14033E-02   0.11601E-06  -0.25245E-04   0.21566E-06   0.10372E-01  -0.10498E-01
   0.12917E+02  -0.43987E-04   0.10408E-02  -0.28102E-02   0.63072E-03  -0.55062E-05   0.14029E-02  -0.11467E-06  -0.25075E-04  -0.20421E-06   0.10377E-01  -0.10499E-01
   0.12934E+02  -0.84334E-05   0.10258E-02  -0.27036E-02   0.62808E-03  -0.19021E-04   0.14023E-02   0.41836E-07  -0.24965E-04  -0.68520E-06   0.10383E-01  -0.10501E-01
   0.12951E+02   0.57722E-04   0.99548E-03  -0.27424E-02   0.62369E-03  -0.80157E-04   0.14017E-02   0.15776E-06  -0.24973E-04  -0.72554E-06   0.10388E-01  -0.10503E-01
   0.12969E+02   0.84747E-04   0.96146E-03  -0.26741E-02   0.61594E-03  -0.92189E-04   0.14009E-02  -0.36105E-06  -0.25115E-04  -0.20278E-06   0.10394E-01  -0.10504E-01
   0.12986E+02   0.30326E-04   0.93725E-03  -0.25386E-02   0.60576E-03  -0.56600E-04   0.14001E-02  -0.79164E-06  -0.25324E-04   0.64417E-06   0.10399E-01  -0.10503E-01
   0.13003E+02  -0.70336E-05   0.93783E-03  -0.25059E-02   0.59592E-03  -0.31501E-04   0.13993E-02  -0.25512E-06  -0.25492E-04   0.11729E-05   0.10405E-01  -0.10502E-01
   0.13021E+02   0.37449E-04   0.95952E-03  -0.28465E-02   0.58815E-03  -0.53127E-04   0.13985E-02   0.43377E-06  -0.25551E-04   0.77082E-06   0.10411E-01  -0.10503E-01
   0.13038E+02   0.51576E-04   0.97834E-03  -0.30718E-02   0.58279E-03  -0.52446E-04   0.13979E-02   0.37084E-06  -0.25490E-04  -0.15776E-06   0.10415E-01  -0.10503E-01
   0.13056E+02   0.88179E-05   0.97899E-03  -0.30290E-02   0.57883E-03  -0.93040E-05   0.13973E-02  -0.23605E-06  -0.25352E-04  -0.25746E-06   0.10419E-01  -0.10503E-01
   0.13073E+02  -0.10017E-05   0.97174E-03  -0.27976E-02   0.57647E-03  -0.11338E-04   0.13966E-02  -0.23254E-06  -0.25197E-04  -0.30470E-06   0.10424E-01  -0.10504E-01
   0.13090E+02   0.36191E-04   0.96818E-03  -0.27017E-02   0.57453E-03  -0.56236E-04   0.13958E-02   0.69772E-06  -0.25093E-04  -0.85700E-06   0.10429E-01  -0.10505E-01
   0.13108E+02   0.74359E-04   0.96996E-03  -0.27203E-02   0.57073E-03  -0.81306E-04   0.13951E-02   0.45587E-06  -0.25142E-04  -0.41945E-06   0.10434E-01  -0.10505E-01
   0.13125E+02   0.38871E-04   0.97941E-03  -0.26098E-02   0.56553E-03  -0.73404E-04   0.13944E-02  -0.58388E-06  -0.25338E-04   0.55187E-06   0.10439E-01  -0.10504E-01
