   0.15642E+02  -0.50218E-04   0.18656E-02   0.55347E-02  -0.47782E-04   0.34270E-02  -0.29089E-03  -0.12558E-02   0.47716E-06  -0.28938E-03  -0.39998E-03   0.84937E-02
   0.15660E+02  -0.79501E-04   0.20443E-02   0.55702E-02  -0.78304E-04   0.34319E-02  -0.29143E-03  -0.12579E-02  -0.31250E-06  -0.28969E-03  -0.72611E-06   0.90485E-02
   0.15677E+02  -0.10003E-03   0.23578E-02   0.55534E-02   0.99014E-04   0.34368E-02  -0.29195E-03  -0.12603E-02  -0.14384E-05  -0.28963E-03  -0.22261E-06   0.95034E-02
   0.15694E+02  -0.98898E-04   0.24315E-02   0.55235E-02   0.16533E-03   0.34417E-02  -0.29247E-03  -0.12629E-02  -0.37539E-06  -0.28943E-03   0.13876E-06   0.96181E-02
   0.15712E+02  -0.83294E-04   0.22176E-02   0.55095E-02   0.17119E-03   0.34465E-02  -0.29300E-03  -0.12654E-02   0.97145E-06  -0.28925E-03  -0.13498E-06   0.94147E-02
   0.15729E+02  -0.72291E-04   0.18782E-02   0.55057E-02   0.14494E-03   0.34514E-02  -0.29352E-03  -0.12678E-02   0.19919E-05  -0.28921E-03  -0.22896E-06   0.90592E-02
   0.15747E+02  -0.75579E-04   0.15490E-02   0.55149E-02   0.13459E-03   0.34563E-02  -0.29404E-03  -0.12701E-02   0.98009E-06  -0.28935E-03   0.16982E-06   0.87270E-02
   0.15764E+02  -0.84433E-04   0.14485E-02   0.55375E-02   0.28901E-04   0.34613E-02  -0.29456E-03  -0.12722E-02  -0.42694E-06  -0.28961E-03   0.43760E-06   0.85353E-02
   0.15781E+02  -0.89315E-04   0.15166E-02   0.55685E-02  -0.11143E-04   0.34662E-02  -0.29509E-03  -0.12743E-02  -0.64285E-06  -0.28991E-03   0.17347E-06   0.85911E-02
   0.15799E+02  -0.85667E-04   0.16682E-02   0.55944E-02   0.19525E-04   0.34711E-02  -0.29564E-03  -0.12765E-02  -0.45571E-06  -0.29010E-03  -0.33304E-06   0.88045E-02
   0.15816E+02  -0.76577E-04   0.19232E-02   0.56011E-02   0.99848E-04   0.34760E-02  -0.29617E-03  -0.12789E-02  -0.74779E-06  -0.29010E-03  -0.21135E-06   0.91574E-02
   0.15833E+02  -0.67689E-04   0.22529E-02   0.55938E-02   0.16318E-03   0.34808E-02  -0.29669E-03  -0.12813E-02  -0.10227E-05  -0.29006E-03  -0.19300E-06   0.95538E-02
   0.15851E+02  -0.66080E-04   0.25589E-02   0.55898E-02   0.19371E-03   0.34857E-02  -0.29720E-03  -0.12836E-02  -0.43664E-06  -0.29007E-03   0.25032E-06   0.98910E-02
   0.15868E+02  -0.73157E-04   0.25530E-02   0.55957E-02   0.10981E-03   0.34906E-02  -0.29770E-03  -0.12860E-02   0.82502E-06  -0.29006E-03   0.33523E-07   0.98030E-02
   0.15885E+02  -0.86109E-04   0.23078E-02   0.55978E-02   0.29248E-04   0.34955E-02  -0.29821E-03  -0.12885E-02   0.12834E-05  -0.28999E-03  -0.15141E-06   0.94687E-02
   0.15903E+02  -0.94729E-04   0.17656E-02   0.55939E-02   0.28753E-04   0.35004E-02  -0.29873E-03  -0.12910E-02   0.11000E-05  -0.28991E-03   0.38501E-06   0.89159E-02
   0.15920E+02  -0.92384E-04   0.12716E-02   0.56006E-02   0.50032E-04   0.35052E-02  -0.29928E-03  -0.12933E-02   0.51450E-06  -0.28993E-03   0.31767E-06   0.84534E-02
   0.15938E+02  -0.88240E-04   0.11158E-02   0.56328E-02   0.84736E-04   0.35101E-02  -0.29984E-03  -0.12953E-02  -0.48253E-06  -0.29020E-03   0.40426E-03   0.87736E-02
