   0.10017E+02  -0.38664E-04   0.14942E-02   0.31768E-02   0.18367E-03   0.18476E-02  -0.13523E-03  -0.56706E-03  -0.12768E-05  -0.21983E-03  -0.18022E-03   0.55600E-02
   0.10035E+02  -0.33999E-04   0.17477E-02   0.31826E-02   0.16042E-03   0.18524E-02  -0.13568E-03  -0.56898E-03  -0.87914E-06  -0.22019E-03   0.35725E-06   0.59837E-02
   0.10052E+02  -0.23807E-04   0.17466E-02   0.31868E-02   0.14182E-03   0.18572E-02  -0.13615E-03  -0.57094E-03   0.39948E-06  -0.22051E-03  -0.23296E-06   0.59812E-02
   0.10069E+02  -0.16095E-04   0.15507E-02   0.31898E-02   0.14772E-03   0.18620E-02  -0.13662E-03  -0.57291E-03   0.89652E-06  -0.22084E-03  -0.42763E-06   0.58042E-02
   0.10087E+02  -0.17899E-04   0.13555E-02   0.31938E-02   0.16219E-03   0.18668E-02  -0.13707E-03  -0.57482E-03   0.92600E-06  -0.22121E-03  -0.48365E-06   0.56277E-02
   0.10104E+02  -0.29398E-04   0.12618E-02   0.31989E-02   0.18842E-03   0.18716E-02  -0.13749E-03  -0.57672E-03   0.35113E-06  -0.22161E-03  -0.10305E-06   0.55557E-02
   0.10122E+02  -0.44355E-04   0.12841E-02   0.32054E-02   0.21830E-03   0.18764E-02  -0.13789E-03  -0.57864E-03  -0.31820E-06  -0.22199E-03   0.28677E-06   0.56013E-02
   0.10139E+02  -0.52067E-04   0.14383E-02   0.32162E-02   0.21309E-03   0.18812E-02  -0.13828E-03  -0.58054E-03  -0.10635E-05  -0.22238E-03   0.40275E-06   0.57549E-02
   0.10156E+02  -0.46077E-04   0.17293E-02   0.32311E-02   0.17737E-03   0.18860E-02  -0.13868E-03  -0.58244E-03  -0.90874E-06  -0.22276E-03   0.10483E-06   0.60330E-02
   0.10174E+02  -0.30273E-04   0.19333E-02   0.32439E-02   0.14900E-03   0.18908E-02  -0.13911E-03  -0.58442E-03  -0.18041E-06  -0.22308E-03  -0.11200E-06   0.62398E-02
   0.10191E+02  -0.15376E-04   0.18857E-02   0.32497E-02   0.11949E-03   0.18956E-02  -0.13955E-03  -0.58641E-03   0.45005E-06  -0.22340E-03  -0.97097E-07   0.61861E-02
   0.10208E+02  -0.11966E-04   0.15931E-02   0.32510E-02   0.10284E-03   0.19004E-02  -0.14001E-03  -0.58832E-03   0.12025E-05  -0.22379E-03  -0.19090E-06   0.58843E-02
   0.10226E+02  -0.22162E-04   0.11911E-02   0.32522E-02   0.12955E-03   0.19053E-02  -0.14048E-03  -0.59021E-03   0.13556E-05  -0.22420E-03  -0.28066E-06   0.55021E-02
   0.10243E+02  -0.39625E-04   0.97012E-03   0.32549E-02   0.18692E-03   0.19101E-02  -0.14092E-03  -0.59215E-03   0.33703E-06  -0.22456E-03   0.24889E-07   0.53252E-02
   0.10260E+02  -0.53790E-04   0.10626E-02   0.32588E-02   0.22177E-03   0.19149E-02  -0.14134E-03  -0.59413E-03  -0.83044E-06  -0.22487E-03   0.26627E-06   0.54433E-02
   0.10278E+02  -0.57986E-04   0.14393E-02   0.32668E-02   0.22847E-03   0.19197E-02  -0.14176E-03  -0.59609E-03  -0.14795E-05  -0.22520E-03   0.34162E-06   0.58321E-02
   0.10295E+02  -0.50910E-04   0.18718E-02   0.32823E-02   0.20917E-03   0.19245E-02  -0.14217E-03  -0.59803E-03  -0.12334E-05  -0.22556E-03   0.20214E-06   0.62701E-02
   0.10312E+02  -0.36258E-04   0.20619E-02   0.33022E-02   0.15401E-03   0.19294E-02  -0.14260E-03  -0.59998E-03  -0.53592E-07  -0.22592E-03   0.18754E-03   0.66301E-02
