   0.12517E+02   0.28542E-04   0.10209E-02  -0.28448E-02   0.75750E-03  -0.69804E-04   0.14200E-02  -0.13027E-05  -0.24845E-04  -0.60904E-07   0.10253E-01  -0.10493E-01
   0.12535E+02   0.48424E-04   0.96107E-03  -0.27625E-02   0.75227E-03  -0.72266E-04   0.14190E-02  -0.37900E-06  -0.24900E-04  -0.15690E-06   0.10259E-01  -0.10494E-01
   0.12552E+02   0.77983E-04   0.94464E-03  -0.28306E-02   0.74859E-03  -0.70454E-04   0.14178E-02   0.67560E-06  -0.24944E-04  -0.24159E-06   0.10265E-01  -0.10494E-01
   0.12569E+02   0.49505E-04   0.98421E-03  -0.28870E-02   0.74549E-03  -0.40946E-04   0.14166E-02   0.87050E-06  -0.24954E-04   0.23764E-06   0.10270E-01  -0.10493E-01
   0.12587E+02   0.12467E-04   0.10590E-02  -0.29170E-02   0.74129E-03  -0.29147E-04   0.14158E-02   0.65296E-06  -0.24922E-04   0.79538E-06   0.10275E-01  -0.10492E-01
   0.12604E+02   0.17020E-05   0.11263E-02  -0.29975E-02   0.73545E-03  -0.41812E-04   0.14153E-02   0.39091E-06  -0.24849E-04   0.41933E-06   0.10281E-01  -0.10493E-01
   0.12622E+02  -0.12429E-04   0.11454E-02  -0.30025E-02   0.72815E-03  -0.20724E-04   0.14151E-02  -0.74574E-07  -0.24781E-04  -0.11583E-06   0.10286E-01  -0.10494E-01
   0.12639E+02  -0.44351E-05   0.11061E-02  -0.29617E-02   0.72129E-03  -0.30669E-04   0.14148E-02  -0.95541E-06  -0.24786E-04  -0.32480E-06   0.10292E-01  -0.10495E-01
   0.12656E+02   0.23936E-04   0.10242E-02  -0.27250E-02   0.71490E-03  -0.59080E-04   0.14143E-02  -0.13355E-05  -0.24850E-04  -0.33770E-06   0.10298E-01  -0.10496E-01
   0.12674E+02   0.55155E-04   0.93589E-03  -0.26307E-02   0.70627E-03  -0.76190E-04   0.14134E-02  -0.83484E-06  -0.24948E-04  -0.90876E-08   0.10304E-01  -0.10498E-01
   0.12691E+02   0.85958E-04   0.88864E-03  -0.27187E-02   0.69695E-03  -0.66111E-04   0.14122E-02  -0.23952E-07  -0.25076E-04   0.28241E-06   0.10310E-01  -0.10498E-01
   0.12708E+02   0.10323E-03   0.90969E-03  -0.29235E-02   0.69023E-03  -0.62854E-04   0.14110E-02   0.92650E-06  -0.25169E-04   0.20441E-06   0.10314E-01  -0.10498E-01
   0.12726E+02   0.64360E-04   0.98352E-03  -0.30322E-02   0.68699E-03  -0.62213E-04   0.14100E-02   0.88041E-06  -0.25187E-04   0.23214E-06   0.10318E-01  -0.10495E-01
   0.12743E+02  -0.21944E-04   0.10656E-02  -0.29119E-02   0.68576E-03  -0.21803E-04   0.14094E-02   0.22204E-06  -0.25108E-04   0.71062E-06   0.10323E-01  -0.10494E-01
   0.12760E+02  -0.54928E-04   0.11135E-02  -0.28362E-02   0.68398E-03  -0.21258E-04   0.14091E-02   0.16395E-06  -0.24964E-04   0.34885E-06   0.10329E-01  -0.10495E-01
   0.12778E+02  -0.21223E-04   0.11040E-02  -0.28773E-02   0.67957E-03  -0.29696E-04   0.14088E-02  -0.40516E-07  -0.24869E-04  -0.53010E-06   0.10335E-01  -0.10497E-01
   0.12795E+02   0.25192E-04   0.10462E-02  -0.28029E-02   0.67322E-03  -0.48939E-04   0.14083E-02  -0.65057E-06  -0.24884E-04  -0.78624E-06   0.10341E-01  -0.10499E-01
   0.12812E+02   0.53557E-04   0.97312E-03  -0.26637E-02   0.66502E-03  -0.66101E-04   0.14075E-02  -0.10013E-05  -0.24983E-04  -0.24555E-06   0.10347E-01  -0.10501E-01
