   0.25642E+02   0.74486E-04   0.42200E-03  -0.14196E-02  -0.17662E-02  -0.31238E-05   0.11697E-02   0.36114E-05  -0.40984E-04  -0.10480E-07   0.11961E-01  -0.10484E-01
   0.25660E+02   0.11038E-04   0.66865E-03  -0.19713E-02  -0.17567E-02   0.36825E-04   0.11697E-02   0.29412E-05  -0.40984E-04   0.48902E-06   0.11959E-01  -0.10481E-01
   0.25677E+02  -0.29282E-04   0.85964E-03  -0.22722E-02  -0.17590E-02   0.27102E-04   0.11706E-02   0.11050E-05  -0.41038E-04   0.60865E-06   0.11956E-01  -0.10480E-01
   0.25694E+02  -0.17572E-04   0.90527E-03  -0.22632E-02  -0.17702E-02  -0.25805E-04   0.11718E-02  -0.57963E-06  -0.41076E-04   0.76070E-07   0.11953E-01  -0.10479E-01
   0.25712E+02  -0.18269E-05   0.80143E-03  -0.20333E-02  -0.17830E-02   0.45574E-05   0.11727E-02  -0.21349E-05  -0.41074E-04  -0.64830E-06   0.11952E-01  -0.10477E-01
   0.25729E+02  -0.43756E-04   0.60632E-03  -0.13011E-02  -0.17891E-02   0.63259E-04   0.11730E-02  -0.34987E-05  -0.41099E-04  -0.49087E-06   0.11951E-01  -0.10477E-01
   0.25747E+02  -0.90052E-04   0.38920E-03  -0.53863E-03  -0.17899E-02   0.84075E-04   0.11728E-02  -0.33208E-05  -0.41145E-04   0.13705E-06   0.11953E-01  -0.10477E-01
   0.25764E+02  -0.85520E-04   0.22411E-03  -0.18860E-03  -0.17935E-02   0.10276E-03   0.11722E-02  -0.18476E-05  -0.41159E-04   0.36629E-06   0.11955E-01  -0.10478E-01
   0.25781E+02  -0.59170E-04   0.18144E-03  -0.25699E-03  -0.17994E-02   0.79832E-04   0.11711E-02   0.35162E-06  -0.41170E-04  -0.24316E-07   0.11957E-01  -0.10478E-01
   0.25799E+02  -0.28061E-04   0.28470E-03  -0.64234E-03  -0.18026E-02   0.56056E-04   0.11700E-02   0.27511E-05  -0.41186E-04  -0.20585E-06   0.11957E-01  -0.10477E-01
   0.25816E+02   0.23352E-04   0.49056E-03  -0.14068E-02  -0.17996E-02   0.35164E-04   0.11695E-02   0.41521E-05  -0.41143E-04  -0.19749E-06   0.11955E-01  -0.10475E-01
   0.25833E+02   0.54099E-04   0.70434E-03  -0.21338E-02  -0.17917E-02  -0.27883E-04   0.11697E-02   0.31981E-05  -0.41082E-04  -0.34756E-06   0.11953E-01  -0.10474E-01
   0.25851E+02   0.65783E-05   0.82776E-03  -0.22737E-02  -0.17868E-02   0.18940E-05   0.11705E-02   0.58881E-06  -0.41088E-04   0.12410E-06   0.11950E-01  -0.10473E-01
   0.25868E+02  -0.27370E-04   0.82372E-03  -0.20912E-02  -0.17864E-02   0.14174E-04   0.11715E-02  -0.12366E-05  -0.41184E-04   0.41731E-06   0.11948E-01  -0.10472E-01
   0.25885E+02   0.26597E-05   0.71051E-03  -0.18501E-02  -0.17894E-02  -0.18326E-04   0.11722E-02  -0.23766E-05  -0.41282E-04   0.41076E-07   0.11947E-01  -0.10471E-01
   0.25903E+02  -0.18224E-04   0.53678E-03  -0.12901E-02  -0.17985E-02  -0.15827E-05   0.11725E-02  -0.32993E-05  -0.41324E-04   0.30474E-07   0.11946E-01  -0.10470E-01
   0.25920E+02  -0.68015E-04   0.36531E-03  -0.68014E-03  -0.18120E-02   0.61442E-04   0.11723E-02  -0.28170E-05  -0.41323E-04   0.55723E-07   0.11946E-01  -0.10468E-01
   0.25938E+02  -0.92832E-04   0.24922E-03  -0.33615E-03  -0.18255E-02   0.85929E-04   0.11716E-02  -0.11780E-05  -0.41309E-04  -0.10696E-06   0.11947E-01  -0.10467E-01
