   0.93924E+01  -0.30786E-04   0.15355E-02   0.29430E-02   0.18126E-03   0.16777E-02  -0.12028E-03  -0.50074E-03  -0.22498E-07  -0.20538E-03  -0.15724E-03   0.53230E-02
   0.94097E+01  -0.23505E-04   0.14743E-02   0.29473E-02   0.17585E-03   0.16823E-02  -0.12071E-03  -0.50258E-03  -0.75179E-07  -0.20576E-03   0.15952E-06   0.54272E-02
   0.94271E+01  -0.18000E-04   0.14771E-02   0.29480E-02   0.17570E-03   0.16870E-02  -0.12115E-03  -0.50435E-03  -0.29437E-06  -0.20619E-03   0.13832E-06   0.54380E-02
   0.94444E+01  -0.17311E-04   0.14989E-02   0.29504E-02   0.17872E-03   0.16917E-02  -0.12157E-03  -0.50607E-03   0.11917E-06  -0.20666E-03   0.45502E-07   0.54683E-02
   0.94618E+01  -0.21557E-04   0.14829E-02   0.29557E-02   0.17092E-03   0.16963E-02  -0.12197E-03  -0.50779E-03   0.30023E-06  -0.20714E-03  -0.12268E-06   0.54476E-02
   0.94792E+01  -0.27211E-04   0.14795E-02   0.29640E-02   0.15128E-03   0.17010E-02  -0.12235E-03  -0.50958E-03   0.28025E-06  -0.20757E-03  -0.32987E-06   0.54291E-02
   0.94965E+01  -0.30912E-04   0.15000E-02   0.29742E-02   0.15932E-03   0.17057E-02  -0.12272E-03  -0.51145E-03   0.15756E-06  -0.20792E-03  -0.27469E-06   0.54661E-02
   0.95139E+01  -0.31974E-04   0.14981E-02   0.29842E-02   0.16384E-03   0.17104E-02  -0.12310E-03  -0.51335E-03  -0.66534E-07  -0.20826E-03  -0.15410E-07   0.54797E-02
   0.95312E+01  -0.30561E-04   0.14803E-02   0.29924E-02   0.16505E-03   0.17150E-02  -0.12351E-03  -0.51522E-03   0.19657E-08  -0.20862E-03   0.94192E-07   0.54750E-02
   0.95486E+01  -0.26231E-04   0.14525E-02   0.29973E-02   0.16483E-03   0.17197E-02  -0.12394E-03  -0.51703E-03  -0.81118E-07  -0.20903E-03   0.26376E-06   0.54583E-02
   0.95660E+01  -0.20670E-04   0.13995E-02   0.29970E-02   0.18917E-03   0.17244E-02  -0.12439E-03  -0.51883E-03  -0.13187E-06  -0.20945E-03   0.32923E-06   0.54370E-02
   0.95833E+01  -0.17473E-04   0.14200E-02   0.29969E-02   0.21595E-03   0.17291E-02  -0.12484E-03  -0.52062E-03  -0.47317E-06  -0.20988E-03   0.32108E-06   0.54890E-02
   0.96007E+01  -0.19458E-04   0.15226E-02   0.30038E-02   0.19586E-03   0.17338E-02  -0.12528E-03  -0.52239E-03  -0.28480E-06  -0.21032E-03   0.26809E-07   0.55783E-02
   0.96181E+01  -0.26154E-04   0.16326E-02   0.30159E-02   0.16230E-03   0.17385E-02  -0.12569E-03  -0.52418E-03   0.41782E-06  -0.21074E-03  -0.45541E-06   0.56625E-02
   0.96354E+01  -0.33127E-04   0.16235E-02   0.30267E-02   0.14729E-03   0.17432E-02  -0.12607E-03  -0.52601E-03   0.47247E-06  -0.21113E-03  -0.53607E-06   0.56443E-02
   0.96528E+01  -0.36114E-04   0.15646E-02   0.30343E-02   0.15381E-03   0.17479E-02  -0.12645E-03  -0.52790E-03   0.29762E-06  -0.21149E-03  -0.27916E-06   0.55986E-02
   0.96701E+01  -0.32155E-04   0.14655E-02   0.30429E-02   0.14224E-03   0.17526E-02  -0.12683E-03  -0.52979E-03   0.10338E-06  -0.21184E-03   0.73856E-08   0.55028E-02
   0.96875E+01  -0.23677E-04   0.13724E-02   0.30501E-02   0.17464E-03   0.17573E-02  -0.12723E-03  -0.53167E-03   0.17471E-06  -0.21222E-03   0.16773E-03   0.56276E-02
