   0.13142E+02  -0.28605E-04   0.99382E-03  -0.24381E-02   0.56023E-03  -0.41940E-04   0.13938E-02  -0.55201E-06  -0.25523E-04   0.10549E-05   0.10446E-01  -0.10504E-01
   0.13160E+02  -0.26231E-04   0.10012E-02  -0.25807E-02   0.55324E-03  -0.43713E-04   0.13932E-02  -0.22589E-07  -0.25613E-04   0.75021E-06   0.10453E-01  -0.10505E-01
   0.13177E+02   0.20383E-04   0.99011E-03  -0.28338E-02   0.54349E-03  -0.55736E-04   0.13926E-02   0.22149E-06  -0.25612E-04   0.23060E-08   0.10458E-01  -0.10507E-01
   0.13194E+02   0.41366E-04   0.96844E-03  -0.30652E-02   0.53381E-03  -0.28610E-04   0.13919E-02   0.75493E-07  -0.25531E-04  -0.16382E-06   0.10462E-01  -0.10509E-01
   0.13212E+02   0.62079E-04   0.95595E-03  -0.31126E-02   0.52676E-03  -0.21045E-04   0.13911E-02   0.14693E-06  -0.25431E-04  -0.43908E-06   0.10466E-01  -0.10509E-01
   0.13229E+02   0.76882E-04   0.95569E-03  -0.30055E-02   0.52188E-03  -0.55415E-04   0.13903E-02   0.18670E-06  -0.25380E-04  -0.59220E-06   0.10469E-01  -0.10507E-01
   0.13247E+02   0.42642E-04   0.95897E-03  -0.27324E-02   0.51772E-03  -0.61891E-04   0.13896E-02  -0.35888E-06  -0.25402E-04   0.24834E-06   0.10473E-01  -0.10506E-01
   0.13264E+02   0.12911E-04   0.96557E-03  -0.25545E-02   0.51506E-03  -0.61223E-04   0.13890E-02  -0.28321E-06  -0.25467E-04   0.59000E-06   0.10479E-01  -0.10507E-01
   0.13281E+02  -0.11597E-04   0.97913E-03  -0.25462E-02   0.51520E-03  -0.43358E-04   0.13883E-02   0.12151E-07  -0.25513E-04   0.34019E-06   0.10486E-01  -0.10508E-01
   0.13299E+02  -0.35263E-04   0.99569E-03  -0.25980E-02   0.51595E-03  -0.23526E-04   0.13876E-02  -0.45513E-07  -0.25537E-04   0.16094E-06   0.10492E-01  -0.10509E-01
   0.13316E+02  -0.10095E-04   0.10037E-02  -0.26639E-02   0.51196E-03  -0.47633E-04   0.13870E-02   0.42464E-07  -0.25578E-04  -0.87423E-07   0.10497E-01  -0.10509E-01
   0.13333E+02   0.40304E-04   0.99797E-03  -0.27972E-02   0.50082E-03  -0.71647E-04   0.13864E-02   0.49702E-06  -0.25610E-04  -0.26325E-06   0.10502E-01  -0.10511E-01
   0.13351E+02   0.78038E-04   0.98554E-03  -0.30185E-02   0.48704E-03  -0.69512E-04   0.13857E-02   0.41123E-06  -0.25639E-04  -0.52417E-07   0.10506E-01  -0.10511E-01
   0.13368E+02   0.79434E-04   0.97414E-03  -0.30380E-02   0.47680E-03  -0.45620E-04   0.13850E-02  -0.92413E-07  -0.25675E-04   0.25496E-06   0.10510E-01  -0.10511E-01
   0.13385E+02   0.45157E-04   0.96211E-03  -0.28918E-02   0.47129E-03  -0.34668E-04   0.13844E-02  -0.51964E-06  -0.25708E-04   0.32016E-06   0.10514E-01  -0.10510E-01
   0.13403E+02   0.17273E-04   0.94502E-03  -0.26617E-02   0.46723E-03  -0.32459E-04   0.13838E-02  -0.93046E-06  -0.25715E-04   0.48666E-06   0.10519E-01  -0.10510E-01
   0.13420E+02  -0.78571E-05   0.93106E-03  -0.25346E-02   0.46346E-03  -0.30135E-04   0.13831E-02  -0.72250E-06  -0.25654E-04   0.33491E-06   0.10525E-01  -0.10510E-01
   0.13438E+02  -0.17132E-04   0.93685E-03  -0.25538E-02   0.46311E-03  -0.35837E-04   0.13823E-02   0.38653E-06  -0.25538E-04  -0.26569E-06   0.10531E-01  -0.10511E-01
