   0.17361E-01  -0.38244E-19  -0.42570E-02   0.14256E-17  -0.20204E-04   0.10482E-15  -0.20223E-17   0.48743E-26  -0.16161E-04  -0.93594E-26  -0.54618E-06  -0.42939E-02
   0.34722E-01  -0.61665E-17   0.54344E-11   0.99374E-16  -0.13856E-11   0.72677E-14  -0.14029E-15   0.11717E-22  -0.45376E-12  -0.15678E-22   0.18687E-19   0.36023E-11
   0.52083E-01  -0.33955E-15   0.27671E-09   0.49272E-14  -0.63593E-10   0.37525E-12  -0.71593E-14   0.20827E-19  -0.23535E-10  -0.18277E-19   0.21089E-16   0.18996E-09
   0.69444E-01  -0.31809E-13   0.12593E-07   0.21865E-12  -0.24863E-08   0.17590E-10  -0.32960E-12   0.34332E-16  -0.11040E-08  -0.18122E-16   0.19551E-13   0.90200E-08
   0.86806E-01  -0.70033E-12   0.52624E-06   0.86464E-11  -0.82032E-07   0.79706E-09  -0.14468E-10   0.56432E-13  -0.49139E-07  -0.15422E-13   0.14186E-10   0.39587E-06
   0.10417E+00  -0.18139E-09   0.20342E-04   0.30748E-09  -0.21011E-05   0.36425E-07  -0.61565E-09   0.99330E-10  -0.20981E-05  -0.10403E-10   0.81117E-08   0.16187E-04
   0.12153E+00  -0.11903E-07   0.56278E-04   0.86303E-08  -0.54915E-05   0.18060E-05  -0.22958E-07   0.42683E-06   0.33355E-06  -0.81256E-08   0.10460E-07   0.53329E-04
   0.13889E+00  -0.32144E-07   0.77969E-04   0.29595E-07  -0.72884E-05   0.24273E-05  -0.45088E-07   0.11541E-05   0.51089E-06  -0.27520E-07   0.56570E-08   0.74703E-04
   0.15625E+00  -0.66492E-07   0.90688E-04   0.65821E-07  -0.82563E-05   0.27329E-05  -0.65624E-07   0.19933E-05   0.37722E-06  -0.60766E-07   0.47648E-08   0.87412E-04
   0.17361E+00  -0.11468E-06   0.10108E-03   0.11945E-06  -0.90836E-05   0.29170E-05  -0.85294E-07   0.28950E-05   0.28445E-06  -0.11241E-06   0.46904E-08   0.97907E-04
   0.19097E+00  -0.17567E-06   0.11104E-03   0.19306E-06  -0.99860E-05   0.31004E-05  -0.10455E-06   0.37941E-05   0.22621E-06  -0.18209E-06   0.38858E-08   0.10791E-03
   0.20833E+00  -0.24605E-06   0.12105E-03   0.29018E-06  -0.11073E-04   0.33728E-05  -0.12376E-06   0.46220E-05   0.18550E-06  -0.25555E-06   0.25370E-08   0.11783E-03
   0.22569E+00  -0.32087E-06   0.13122E-03   0.41381E-06  -0.12376E-04   0.37857E-05  -0.14329E-06   0.53320E-05   0.15433E-06  -0.31745E-06   0.16356E-08   0.12775E-03
   0.24306E+00  -0.39571E-06   0.14150E-03   0.56522E-06  -0.13856E-04   0.43577E-05  -0.16344E-06   0.59053E-05   0.12974E-06  -0.36563E-06   0.16275E-08   0.13768E-03
   0.26042E+00  -0.46761E-06   0.15183E-03   0.74517E-06  -0.15460E-04   0.50846E-05  -0.18448E-06   0.63430E-05   0.11055E-06  -0.40730E-06   0.22640E-08   0.14759E-03
   0.27778E+00  -0.53546E-06   0.16214E-03   0.95467E-06  -0.17145E-04   0.59492E-05  -0.20662E-06   0.66579E-05   0.95842E-07  -0.45119E-06   0.30435E-08   0.15746E-03
   0.29514E+00  -0.60015E-06   0.17242E-03   0.11950E-05  -0.18868E-04   0.69298E-05  -0.22999E-06   0.68680E-05   0.84309E-07  -0.50363E-06   0.36815E-08   0.16730E-03
   0.31250E+00  -0.66393E-06   0.18272E-03   0.14682E-05  -0.20590E-04   0.80065E-05  -0.25469E-06   0.69914E-05   0.75175E-07  -0.56796E-06  -0.26302E-04   0.15088E-03
