   0.21580E+02  -0.17145E-04   0.91230E-03  -0.20202E-02  -0.12223E-02  -0.25523E-04   0.11923E-02   0.24590E-06  -0.36203E-04   0.17167E-06   0.11908E-01  -0.10575E-01
   0.21597E+02  -0.12712E-03   0.92995E-03  -0.15477E-02  -0.12072E-02   0.33555E-05   0.11926E-02  -0.41308E-06  -0.36208E-04   0.19187E-06   0.11912E-01  -0.10575E-01
   0.21615E+02  -0.17007E-03   0.89734E-03  -0.13576E-02  -0.11945E-02   0.36163E-04   0.11927E-02   0.10690E-06  -0.36230E-04  -0.33179E-06   0.11916E-01  -0.10577E-01
   0.21632E+02  -0.80122E-04   0.84208E-03  -0.17309E-02  -0.11902E-02   0.15182E-04   0.11927E-02   0.58050E-06  -0.36236E-04  -0.65923E-06   0.11920E-01  -0.10581E-01
   0.21649E+02   0.27125E-04   0.78245E-03  -0.22561E-02  -0.11972E-02  -0.58866E-05   0.11926E-02  -0.51061E-07  -0.36242E-04  -0.55580E-06   0.11922E-01  -0.10582E-01
   0.21667E+02   0.43773E-04   0.73671E-03  -0.24969E-02  -0.12151E-02   0.35181E-04   0.11923E-02  -0.10553E-05  -0.36271E-04   0.89325E-07   0.11921E-01  -0.10582E-01
   0.21684E+02  -0.21552E-07   0.73015E-03  -0.24158E-02  -0.12338E-02   0.61457E-04   0.11918E-02  -0.11904E-05  -0.36294E-04   0.74166E-06   0.11919E-01  -0.10582E-01
   0.21701E+02   0.13467E-04   0.76191E-03  -0.23558E-02  -0.12454E-02   0.39649E-04   0.11914E-02  -0.15391E-06  -0.36314E-04   0.50726E-06   0.11918E-01  -0.10581E-01
   0.21719E+02   0.85308E-04   0.79849E-03  -0.23195E-02  -0.12488E-02  -0.41096E-04   0.11913E-02   0.74398E-06  -0.36353E-04  -0.26481E-06   0.11916E-01  -0.10579E-01
   0.21736E+02   0.69078E-04   0.80948E-03  -0.20816E-02  -0.12450E-02  -0.66544E-04   0.11913E-02   0.33424E-06  -0.36412E-04  -0.52133E-06   0.11916E-01  -0.10576E-01
   0.21753E+02  -0.18149E-04   0.79419E-03  -0.15899E-02  -0.12372E-02  -0.37660E-04   0.11913E-02  -0.24063E-06  -0.36464E-04   0.11845E-06   0.11918E-01  -0.10575E-01
   0.21771E+02  -0.49300E-04   0.78183E-03  -0.13689E-02  -0.12280E-02  -0.13437E-04   0.11909E-02   0.42997E-06  -0.36474E-04   0.29692E-06   0.11922E-01  -0.10576E-01
   0.21788E+02  -0.58497E-04   0.80130E-03  -0.15935E-02  -0.12198E-02   0.19602E-04   0.11905E-02   0.10399E-05  -0.36448E-04   0.91636E-08   0.11926E-01  -0.10579E-01
   0.21806E+02  -0.37614E-04   0.84280E-03  -0.20302E-02  -0.12186E-02   0.32171E-04   0.11904E-02   0.65770E-06  -0.36445E-04  -0.61446E-08   0.11928E-01  -0.10579E-01
   0.21823E+02  -0.67326E-05   0.86390E-03  -0.24834E-02  -0.12292E-02   0.36425E-05   0.11906E-02  -0.51046E-06  -0.36519E-04   0.25417E-06   0.11928E-01  -0.10578E-01
   0.21840E+02  -0.44085E-04   0.84557E-03  -0.25803E-02  -0.12479E-02   0.65613E-04   0.11908E-02  -0.14854E-05  -0.36586E-04   0.18337E-06   0.11926E-01  -0.10576E-01
   0.21858E+02  -0.60956E-04   0.80850E-03  -0.23515E-02  -0.12624E-02   0.10141E-03   0.11908E-02  -0.10966E-05  -0.36592E-04  -0.37543E-06   0.11925E-01  -0.10576E-01
   0.21875E+02  -0.51289E-05   0.76756E-03  -0.21061E-02  -0.12642E-02   0.21629E-04   0.11906E-02  -0.35457E-06  -0.36568E-04  -0.47453E-06   0.11924E-01  -0.10577E-01
