   0.20017E+02   0.37811E-04   0.88636E-03  -0.19780E-02  -0.97533E-03  -0.45567E-04   0.12122E-02   0.31824E-07  -0.34178E-04   0.12211E-07   0.11791E-01  -0.10592E-01
   0.20035E+02   0.74693E-04   0.84213E-03  -0.21777E-02  -0.98728E-03  -0.37916E-04   0.12122E-02  -0.91105E-06  -0.34238E-04   0.19451E-06   0.11794E-01  -0.10592E-01
   0.20052E+02   0.82275E-04   0.78943E-03  -0.24144E-02  -0.10010E-02  -0.33087E-04   0.12122E-02  -0.14241E-05  -0.34355E-04   0.49639E-06   0.11795E-01  -0.10589E-01
   0.20069E+02   0.24728E-04   0.73211E-03  -0.25333E-02  -0.10132E-02   0.20263E-04   0.12120E-02  -0.19182E-05  -0.34398E-04   0.57920E-06   0.11795E-01  -0.10585E-01
   0.20087E+02  -0.58335E-04   0.69106E-03  -0.23088E-02  -0.10191E-02   0.84725E-04   0.12115E-02  -0.18044E-05  -0.34304E-04   0.47740E-06   0.11794E-01  -0.10582E-01
   0.20104E+02  -0.83305E-04   0.69401E-03  -0.20409E-02  -0.10169E-02   0.73220E-04   0.12108E-02  -0.31892E-07  -0.34174E-04  -0.42663E-07   0.11795E-01  -0.10582E-01
   0.20122E+02  -0.56158E-04   0.74320E-03  -0.20484E-02  -0.10088E-02   0.96563E-05   0.12101E-02   0.17620E-05  -0.34127E-04  -0.83473E-06   0.11796E-01  -0.10583E-01
   0.20139E+02  -0.30890E-04   0.81130E-03  -0.20058E-02  -0.99887E-03  -0.23164E-04   0.12096E-02   0.19026E-05  -0.34154E-04  -0.81160E-06   0.11798E-01  -0.10585E-01
   0.20156E+02   0.56064E-05   0.87024E-03  -0.18924E-02  -0.99469E-03  -0.56431E-04   0.12094E-02   0.16928E-05  -0.34224E-04  -0.30236E-06   0.11801E-01  -0.10588E-01
   0.20174E+02   0.63067E-04   0.90915E-03  -0.19971E-02  -0.99688E-03  -0.90531E-04   0.12094E-02   0.13177E-05  -0.34302E-04  -0.15826E-06   0.11804E-01  -0.10590E-01
   0.20191E+02   0.83817E-04   0.92280E-03  -0.21413E-02  -0.10018E-02  -0.72858E-04   0.12095E-02   0.20198E-06  -0.34403E-04   0.21232E-06   0.11808E-01  -0.10590E-01
   0.20208E+02   0.47010E-04   0.90310E-03  -0.22389E-02  -0.10081E-02  -0.53718E-04   0.12096E-02  -0.14338E-05  -0.34528E-04   0.10992E-05   0.11810E-01  -0.10588E-01
   0.20226E+02  -0.21637E-04   0.85553E-03  -0.22632E-02  -0.10172E-02   0.43667E-05   0.12097E-02  -0.21094E-05  -0.34601E-04   0.14054E-05   0.11811E-01  -0.10585E-01
   0.20243E+02  -0.36491E-04   0.79258E-03  -0.24442E-02  -0.10281E-02   0.37665E-04   0.12097E-02  -0.15260E-05  -0.34589E-04   0.21640E-06   0.11812E-01  -0.10583E-01
   0.20260E+02  -0.15210E-04   0.72448E-03  -0.24417E-02  -0.10381E-02   0.46362E-04   0.12094E-02  -0.11189E-05  -0.34530E-04  -0.74912E-06   0.11812E-01  -0.10582E-01
   0.20278E+02  -0.47458E-04   0.67179E-03  -0.21620E-02  -0.10433E-02   0.60926E-04   0.12087E-02  -0.86816E-06  -0.34441E-04  -0.52611E-06   0.11812E-01  -0.10582E-01
   0.20295E+02  -0.75723E-04   0.66719E-03  -0.18558E-02  -0.10423E-02   0.56011E-04   0.12078E-02   0.26233E-06  -0.34368E-04  -0.15036E-06   0.11813E-01  -0.10584E-01
   0.20312E+02  -0.28898E-04   0.72270E-03  -0.18211E-02  -0.10367E-02   0.55928E-05   0.12070E-02   0.20111E-05  -0.34353E-04  -0.60881E-06   0.11815E-01  -0.10586E-01
