   0.22830E+02  -0.63145E-04   0.55068E-03  -0.12622E-02  -0.13614E-02   0.96462E-04   0.11821E-02   0.18813E-05  -0.37580E-04  -0.18456E-06   0.11966E-01  -0.10565E-01
   0.22847E+02  -0.27102E-04   0.73518E-03  -0.19646E-02  -0.13571E-02   0.59257E-04   0.11814E-02   0.31443E-05  -0.37696E-04   0.11670E-06   0.11966E-01  -0.10566E-01
   0.22865E+02  -0.25740E-05   0.97388E-03  -0.27635E-02  -0.13611E-02   0.29662E-04   0.11814E-02   0.29003E-05  -0.37886E-04   0.12919E-06   0.11964E-01  -0.10564E-01
   0.22882E+02  -0.10857E-04   0.11527E-02  -0.30524E-02  -0.13708E-02   0.12753E-04   0.11822E-02   0.11460E-05  -0.38106E-04   0.50820E-06   0.11961E-01  -0.10560E-01
   0.22899E+02  -0.10857E-04   0.11837E-02  -0.29945E-02  -0.13816E-02  -0.26554E-04   0.11833E-02  -0.15331E-05  -0.38318E-04   0.11615E-05   0.11959E-01  -0.10557E-01
   0.22917E+02   0.97102E-05   0.10409E-02  -0.24103E-02  -0.13922E-02  -0.69189E-04   0.11843E-02  -0.36389E-05  -0.38428E-04   0.77433E-06   0.11958E-01  -0.10555E-01
   0.22934E+02  -0.34732E-05   0.77471E-03  -0.15798E-02  -0.13995E-02  -0.41159E-04   0.11846E-02  -0.38865E-05  -0.38326E-04  -0.46343E-06   0.11961E-01  -0.10556E-01
   0.22951E+02  -0.19747E-04   0.49879E-03  -0.86333E-03  -0.14003E-02   0.29442E-04   0.11840E-02  -0.24454E-05  -0.38062E-04  -0.10447E-05   0.11964E-01  -0.10559E-01
   0.22969E+02   0.42158E-04   0.33729E-03  -0.77998E-03  -0.13974E-02   0.22371E-04   0.11826E-02  -0.21719E-07  -0.37797E-04  -0.75252E-06   0.11968E-01  -0.10563E-01
   0.22986E+02   0.96580E-04   0.37146E-03  -0.12365E-02  -0.13940E-02  -0.22147E-05   0.11810E-02   0.22835E-05  -0.37716E-04  -0.47021E-06   0.11969E-01  -0.10564E-01
   0.23003E+02   0.29235E-04   0.59452E-03  -0.18757E-02  -0.13911E-02   0.41306E-04   0.11800E-02   0.33688E-05  -0.37894E-04   0.34270E-08   0.11968E-01  -0.10563E-01
   0.23021E+02  -0.63009E-04   0.91042E-03  -0.23608E-02  -0.13910E-02   0.57552E-04   0.11799E-02   0.30349E-05  -0.38204E-04   0.80271E-06   0.11966E-01  -0.10559E-01
   0.23038E+02  -0.91330E-04   0.11754E-02  -0.27133E-02  -0.13960E-02   0.82188E-05   0.11806E-02   0.22192E-05  -0.38488E-04   0.73848E-06   0.11964E-01  -0.10555E-01
   0.23056E+02  -0.96613E-04   0.12740E-02  -0.28453E-02  -0.14015E-02   0.46250E-05   0.11819E-02   0.48172E-07  -0.38641E-04   0.63920E-06   0.11964E-01  -0.10553E-01
   0.23073E+02  -0.81070E-04   0.11628E-02  -0.24874E-02  -0.14034E-02   0.20785E-04   0.11831E-02  -0.28032E-05  -0.38597E-04   0.31336E-06   0.11965E-01  -0.10553E-01
   0.23090E+02  -0.34496E-04   0.87868E-03  -0.17591E-02  -0.14066E-02  -0.10053E-04   0.11838E-02  -0.41668E-05  -0.38440E-04  -0.39783E-06   0.11967E-01  -0.10554E-01
   0.23108E+02   0.32962E-04   0.54431E-03  -0.11431E-02  -0.14140E-02  -0.24141E-04   0.11834E-02  -0.33495E-05  -0.38238E-04  -0.76696E-06   0.11970E-01  -0.10558E-01
   0.23125E+02   0.10470E-03   0.31821E-03  -0.10384E-02  -0.14219E-02  -0.30011E-05   0.11821E-02  -0.10893E-05  -0.38071E-04  -0.77275E-06   0.11972E-01  -0.10562E-01
