   0.25174E+01   0.81809E-04   0.27796E-02  -0.60391E-02   0.61182E-02   0.32464E-03   0.21238E-02  -0.39025E-05   0.85744E-05   0.72436E-07   0.51855E-02  -0.10395E-01
   0.25347E+01   0.11186E-04   0.26178E-02  -0.57289E-02   0.61092E-02   0.37020E-03   0.21205E-02  -0.16266E-05   0.83433E-05   0.42626E-07   0.51987E-02  -0.10400E-01
   0.25521E+01  -0.86398E-04   0.26086E-02  -0.56656E-02   0.61008E-02   0.45258E-03   0.21169E-02   0.10880E-05   0.81066E-05   0.25714E-06   0.52118E-02  -0.10404E-01
   0.25694E+01  -0.15696E-03   0.27441E-02  -0.59100E-02   0.60921E-02   0.51561E-03   0.21138E-02   0.30200E-05   0.78844E-05   0.43426E-06   0.52251E-02  -0.10410E-01
   0.25868E+01  -0.15930E-03   0.29412E-02  -0.63034E-02   0.60833E-02   0.52106E-03   0.21118E-02   0.30333E-05   0.76765E-05   0.42079E-06   0.52386E-02  -0.10416E-01
   0.26042E+01  -0.89082E-04   0.30852E-02  -0.66232E-02   0.60734E-02   0.46654E-03   0.21106E-02   0.12829E-05   0.74773E-05   0.28999E-06   0.52521E-02  -0.10422E-01
   0.26215E+01   0.25232E-04   0.31027E-02  -0.67237E-02   0.60630E-02   0.38054E-03   0.21098E-02  -0.91245E-06   0.72814E-05   0.12668E-06   0.52655E-02  -0.10428E-01
   0.26389E+01   0.13794E-03   0.30023E-02  -0.66158E-02   0.60545E-02   0.29083E-03   0.21085E-02  -0.23518E-05   0.70752E-05  -0.65236E-08   0.52786E-02  -0.10432E-01
   0.26562E+01   0.18744E-03   0.28534E-02  -0.63425E-02   0.60477E-02   0.21865E-03   0.21064E-02  -0.26990E-05   0.68513E-05   0.25904E-07   0.52912E-02  -0.10436E-01
   0.26736E+01   0.14200E-03   0.27330E-02  -0.60177E-02   0.60391E-02   0.21094E-03   0.21039E-02  -0.17809E-05   0.66218E-05   0.22695E-06   0.53037E-02  -0.10439E-01
   0.26910E+01   0.23142E-04   0.26843E-02  -0.58322E-02   0.60256E-02   0.28548E-03   0.21012E-02  -0.35547E-06   0.64065E-05   0.40237E-06   0.53166E-02  -0.10444E-01
   0.27083E+01  -0.10809E-03   0.27008E-02  -0.58097E-02   0.60079E-02   0.40260E-03   0.20988E-02   0.49635E-06   0.62073E-05   0.39542E-06   0.53298E-02  -0.10449E-01
   0.27257E+01  -0.17738E-03   0.27404E-02  -0.58935E-02   0.59890E-02   0.49178E-03   0.20969E-02   0.57178E-06   0.60164E-05   0.24204E-06   0.53430E-02  -0.10455E-01
   0.27431E+01  -0.15943E-03   0.27605E-02  -0.60160E-02   0.59728E-02   0.51369E-03   0.20952E-02   0.11481E-07   0.58288E-05   0.78221E-07   0.53559E-02  -0.10459E-01
   0.27604E+01  -0.86812E-04   0.27533E-02  -0.60886E-02   0.59632E-02   0.47425E-03   0.20934E-02  -0.34205E-06   0.56301E-05  -0.90445E-08   0.53684E-02  -0.10462E-01
   0.27778E+01  -0.47247E-05   0.27471E-02  -0.61387E-02   0.59611E-02   0.40299E-03   0.20913E-02  -0.15625E-06   0.54053E-05   0.59464E-07   0.53806E-02  -0.10466E-01
   0.27951E+01   0.60620E-04   0.27691E-02  -0.61654E-02   0.59610E-02   0.32026E-03   0.20889E-02   0.34057E-06   0.51805E-05   0.21974E-06   0.53929E-02  -0.10469E-01
   0.28125E+01   0.98728E-04   0.28167E-02  -0.62172E-02   0.59555E-02   0.25548E-03   0.20868E-02   0.82159E-06   0.49823E-05   0.34229E-06   0.54055E-02  -0.10473E-01
