   0.11267E+02  -0.36954E-04   0.13123E-02   0.36686E-02   0.20306E-03   0.21968E-02  -0.16712E-03  -0.70850E-03  -0.20750E-06  -0.24506E-03  -0.22884E-03   0.59941E-02
   0.11285E+02  -0.41015E-04   0.13225E-02   0.36706E-02   0.21162E-03   0.22017E-02  -0.16758E-03  -0.71052E-03  -0.40064E-06  -0.24538E-03   0.34808E-06   0.62419E-02
   0.11302E+02  -0.46898E-04   0.14625E-02   0.36789E-02   0.21374E-03   0.22066E-02  -0.16805E-03  -0.71253E-03  -0.82900E-06  -0.24570E-03   0.48532E-06   0.63882E-02
   0.11319E+02  -0.53442E-04   0.17452E-02   0.36882E-02   0.20007E-03   0.22115E-02  -0.16851E-03  -0.71456E-03  -0.75575E-06  -0.24599E-03   0.37262E-06   0.66621E-02
   0.11337E+02  -0.57131E-04   0.19522E-02   0.36983E-02   0.16473E-03   0.22164E-02  -0.16898E-03  -0.71658E-03  -0.37143E-06  -0.24631E-03   0.88050E-07   0.68424E-02
   0.11354E+02  -0.56492E-04   0.20129E-02   0.37109E-02   0.12353E-03   0.22213E-02  -0.16945E-03  -0.71857E-03   0.13131E-06  -0.24665E-03  -0.43271E-06   0.68772E-02
   0.11372E+02  -0.50377E-04   0.18482E-02   0.37265E-02   0.10722E-03   0.22262E-02  -0.16992E-03  -0.72054E-03   0.11571E-05  -0.24703E-03  -0.90015E-06   0.67206E-02
   0.11389E+02  -0.41728E-04   0.15194E-02   0.37346E-02   0.16505E-03   0.22311E-02  -0.17037E-03  -0.72255E-03   0.14077E-05  -0.24738E-03  -0.64537E-06   0.64689E-02
   0.11406E+02  -0.36507E-04   0.12301E-02   0.37323E-02   0.24314E-03   0.22360E-02  -0.17081E-03  -0.72459E-03   0.45618E-06  -0.24768E-03   0.12469E-06   0.62625E-02
   0.11424E+02  -0.37566E-04   0.11434E-02   0.37322E-02   0.24796E-03   0.22409E-02  -0.17127E-03  -0.72665E-03  -0.49773E-06  -0.24797E-03   0.59181E-06   0.61811E-02
   0.11441E+02  -0.44368E-04   0.13030E-02   0.37364E-02   0.22512E-03   0.22458E-02  -0.17173E-03  -0.72867E-03  -0.73517E-06  -0.24829E-03   0.61830E-06   0.63172E-02
   0.11458E+02  -0.54236E-04   0.16160E-02   0.37439E-02   0.18114E-03   0.22508E-02  -0.17219E-03  -0.73066E-03  -0.10900E-05  -0.24864E-03   0.54482E-06   0.65856E-02
   0.11476E+02  -0.61849E-04   0.19533E-02   0.37547E-02   0.15385E-03   0.22557E-02  -0.17266E-03  -0.73267E-03  -0.85913E-06  -0.24898E-03   0.21754E-06   0.69008E-02
   0.11493E+02  -0.61753E-04   0.21104E-02   0.37672E-02   0.13350E-03   0.22606E-02  -0.17315E-03  -0.73469E-03  -0.24636E-06  -0.24931E-03  -0.26793E-06   0.70523E-02
   0.11510E+02  -0.54209E-04   0.19766E-02   0.37798E-02   0.15007E-03   0.22655E-02  -0.17363E-03  -0.73674E-03   0.68930E-06  -0.24962E-03  -0.68298E-06   0.69578E-02
   0.11528E+02  -0.42244E-04   0.16122E-02   0.37912E-02   0.17166E-03   0.22705E-02  -0.17411E-03  -0.73878E-03   0.16042E-05  -0.24992E-03  -0.88566E-06   0.66412E-02
   0.11545E+02  -0.35583E-04   0.12616E-02   0.37929E-02   0.22768E-03   0.22754E-02  -0.17457E-03  -0.74081E-03   0.12982E-05  -0.25024E-03  -0.24613E-06   0.63574E-02
   0.11562E+02  -0.39951E-04   0.10639E-02   0.37903E-02   0.27753E-03   0.22803E-02  -0.17501E-03  -0.74288E-03   0.46366E-06  -0.25053E-03   0.24024E-03   0.64444E-02
