   0.17517E+02   0.25173E-04   0.82390E-03  -0.26144E-02  -0.54399E-03  -0.13109E-04   0.12583E-02   0.14734E-05  -0.30998E-04   0.19746E-06   0.11442E-01  -0.10579E-01
   0.17535E+02   0.11053E-03   0.90976E-03  -0.29227E-02  -0.54034E-03  -0.92942E-04   0.12579E-02   0.17042E-05  -0.30929E-04  -0.29560E-06   0.11443E-01  -0.10579E-01
   0.17552E+02   0.12506E-03   0.97793E-03  -0.30424E-02  -0.53939E-03  -0.15501E-03   0.12580E-02   0.69332E-06  -0.30946E-04  -0.44281E-06   0.11443E-01  -0.10575E-01
   0.17569E+02   0.17233E-04   0.96948E-03  -0.25661E-02  -0.54718E-03  -0.86654E-04   0.12583E-02  -0.16423E-05  -0.31031E-04   0.40580E-06   0.11444E-01  -0.10571E-01
   0.17587E+02  -0.80003E-04   0.87699E-03  -0.18732E-02  -0.56401E-03   0.46930E-05   0.12585E-02  -0.24995E-05  -0.31090E-04   0.78153E-06   0.11449E-01  -0.10572E-01
   0.17604E+02  -0.50560E-04   0.75587E-03  -0.15673E-02  -0.57939E-03  -0.25933E-05   0.12580E-02  -0.13575E-05  -0.31112E-04  -0.40503E-07   0.11456E-01  -0.10575E-01
   0.17622E+02   0.23846E-05   0.66370E-03  -0.17142E-02  -0.58685E-03   0.14321E-04   0.12572E-02  -0.35024E-06  -0.31185E-04  -0.36022E-06   0.11462E-01  -0.10578E-01
   0.17639E+02   0.24612E-04   0.63173E-03  -0.20538E-02  -0.58829E-03   0.20038E-04   0.12563E-02  -0.22243E-06  -0.31298E-04   0.26478E-06   0.11466E-01  -0.10579E-01
   0.17656E+02   0.19178E-04   0.67118E-03  -0.23187E-02  -0.58665E-03   0.57168E-05   0.12554E-02   0.48705E-06  -0.31319E-04   0.19253E-06   0.11468E-01  -0.10579E-01
   0.17674E+02   0.10507E-04   0.77234E-03  -0.25818E-02  -0.58282E-03  -0.17121E-04   0.12546E-02   0.17934E-05  -0.31234E-04  -0.24178E-06   0.11469E-01  -0.10578E-01
   0.17691E+02   0.29088E-04   0.89942E-03  -0.28051E-02  -0.57662E-03  -0.72806E-04   0.12541E-02   0.21451E-05  -0.31126E-04  -0.42210E-06   0.11469E-01  -0.10576E-01
   0.17708E+02   0.26391E-04   0.99719E-03  -0.27587E-02  -0.57095E-03  -0.79991E-04   0.12540E-02   0.13448E-05  -0.31073E-04  -0.16351E-06   0.11470E-01  -0.10575E-01
   0.17726E+02   0.69077E-05   0.10149E-02  -0.25321E-02  -0.57132E-03  -0.70722E-04   0.12543E-02   0.31133E-08  -0.31116E-04   0.14132E-06   0.11473E-01  -0.10575E-01
   0.17743E+02   0.27106E-05   0.93931E-03  -0.21897E-02  -0.58180E-03  -0.66268E-04   0.12546E-02  -0.14915E-05  -0.31238E-04   0.26141E-06   0.11477E-01  -0.10576E-01
   0.17760E+02   0.85657E-05   0.81133E-03  -0.18708E-02  -0.59782E-03  -0.37150E-04   0.12544E-02  -0.21453E-05  -0.31333E-04   0.48840E-06   0.11483E-01  -0.10578E-01
   0.17778E+02   0.22342E-04   0.69898E-03  -0.18598E-02  -0.61123E-03   0.32871E-05   0.12538E-02  -0.19003E-05  -0.31397E-04   0.47114E-06   0.11488E-01  -0.10579E-01
   0.17795E+02   0.26535E-04   0.64397E-03  -0.19915E-02  -0.61980E-03   0.48903E-05   0.12531E-02  -0.10026E-05  -0.31464E-04   0.87733E-07   0.11492E-01  -0.10578E-01
   0.17812E+02  -0.44673E-05   0.65410E-03  -0.21960E-02  -0.62480E-03   0.61698E-05   0.12522E-02   0.71057E-08  -0.31484E-04   0.65816E-07   0.11493E-01  -0.10576E-01
