   0.26267E+02  -0.23010E-03   0.20956E-02   0.12835E-01  -0.14237E-03   0.58620E-02  -0.60204E-03  -0.24409E-02  -0.22593E-05  -0.29105E-03  -0.78642E-03   0.16297E-01
   0.26285E+02  -0.66493E-04   0.25662E-02   0.12824E-01  -0.99430E-05   0.58654E-02  -0.60256E-03  -0.24430E-02   0.71034E-06  -0.29070E-03  -0.23078E-06   0.17843E-01
   0.26302E+02   0.44807E-04   0.18059E-02   0.12783E-01   0.33805E-04   0.58686E-02  -0.60304E-03  -0.24450E-02   0.35021E-05  -0.29046E-03  -0.10990E-05   0.17200E-01
   0.26319E+02   0.25458E-04   0.58655E-03   0.12744E-01   0.21687E-04   0.58720E-02  -0.60350E-03  -0.24467E-02   0.32806E-05  -0.29049E-03  -0.61825E-06   0.15912E-01
   0.26337E+02  -0.14486E-03  -0.20259E-03   0.12739E-01  -0.15478E-03   0.58753E-02  -0.60395E-03  -0.24480E-02   0.23073E-05  -0.29083E-03   0.25719E-06   0.14772E-01
   0.26354E+02  -0.37288E-03  -0.40125E-03   0.12768E-01  -0.34392E-03   0.58788E-02  -0.60442E-03  -0.24492E-02  -0.38288E-06  -0.29139E-03   0.47411E-06   0.14184E-01
   0.26372E+02  -0.52389E-03  -0.42346E-03   0.12820E-01  -0.32731E-03   0.58823E-02  -0.60494E-03  -0.24504E-02  -0.17089E-05  -0.29177E-03  -0.20538E-07   0.14079E-01
   0.26389E+02  -0.54473E-03  -0.16958E-03   0.12889E-01  -0.22637E-03   0.58857E-02  -0.60550E-03  -0.24521E-02  -0.17361E-05  -0.29178E-03  -0.20099E-06   0.14483E-01
   0.26406E+02  -0.46190E-03   0.37890E-03   0.12963E-01  -0.17508E-03   0.58891E-02  -0.60605E-03  -0.24540E-02  -0.12107E-05  -0.29149E-03  -0.20457E-06   0.15241E-01
   0.26424E+02  -0.31284E-03   0.11516E-02   0.13010E-01  -0.16886E-03   0.58924E-02  -0.60655E-03  -0.24560E-02  -0.34553E-06  -0.29113E-03  -0.80624E-07   0.16219E-01
   0.26441E+02  -0.14203E-03   0.14389E-02   0.13017E-01  -0.10901E-03   0.58957E-02  -0.60702E-03  -0.24578E-02  -0.26345E-08  -0.29102E-03  -0.10883E-07   0.16745E-01
   0.26458E+02  -0.30374E-04   0.11077E-02   0.12996E-01   0.76861E-05   0.58990E-02  -0.60748E-03  -0.24593E-02   0.79343E-06  -0.29124E-03   0.43024E-06   0.16624E-01
   0.26476E+02  -0.26663E-04   0.74902E-03   0.12959E-01   0.69022E-04   0.59025E-02  -0.60796E-03  -0.24607E-02   0.70574E-06  -0.29160E-03   0.81696E-06   0.16294E-01
   0.26493E+02  -0.91038E-04   0.23003E-03   0.12927E-01  -0.73732E-04   0.59059E-02  -0.60847E-03  -0.24622E-02   0.14605E-06  -0.29187E-03   0.87322E-06   0.15537E-01
   0.26510E+02  -0.17077E-03  -0.21792E-03   0.12933E-01  -0.33336E-03   0.59094E-02  -0.60902E-03  -0.24638E-02   0.59438E-06  -0.29201E-03  -0.43322E-06   0.14756E-01
   0.26528E+02  -0.26844E-03  -0.45175E-03   0.12962E-01  -0.28163E-03   0.59128E-02  -0.60959E-03  -0.24654E-02   0.68384E-06  -0.29208E-03  -0.10210E-05   0.14506E-01
   0.26545E+02  -0.38969E-03  -0.22251E-03   0.12985E-01  -0.23376E-03   0.59162E-02  -0.61013E-03  -0.24672E-02   0.13518E-05  -0.29197E-03  -0.13133E-05   0.14686E-01
   0.26562E+02  -0.49233E-03   0.50340E-03   0.13016E-01  -0.22040E-03   0.59197E-02  -0.61059E-03  -0.24690E-02  -0.98591E-06  -0.29184E-03   0.79006E-03   0.16144E-01
