   0.43924E+01   0.69329E-04   0.17024E-02  -0.43983E-02   0.47965E-02   0.12992E-03   0.19366E-02  -0.79930E-06  -0.72444E-05   0.10346E-06   0.64442E-02  -0.10549E-01
   0.44097E+01   0.63065E-04   0.16897E-02  -0.43791E-02   0.47834E-02   0.14210E-03   0.19345E-02   0.45844E-06  -0.73488E-05   0.56427E-07   0.64549E-02  -0.10548E-01
   0.44271E+01   0.19470E-04   0.17451E-02  -0.44553E-02   0.47790E-02   0.18653E-03   0.19324E-02   0.13902E-05  -0.74372E-05   0.12774E-06   0.64659E-02  -0.10546E-01
   0.44444E+01  -0.36209E-04   0.18481E-02  -0.46229E-02   0.47805E-02   0.21784E-03   0.19307E-02   0.18683E-05  -0.75031E-05   0.14714E-06   0.64772E-02  -0.10546E-01
   0.44618E+01  -0.69940E-04   0.19435E-02  -0.48239E-02   0.47797E-02   0.21727E-03   0.19295E-02   0.13515E-05  -0.75715E-05  -0.10905E-06   0.64882E-02  -0.10545E-01
   0.44792E+01  -0.81204E-04   0.19769E-02  -0.48617E-02   0.47708E-02   0.21028E-03   0.19287E-02  -0.66334E-07  -0.76516E-05  -0.13650E-06   0.64990E-02  -0.10545E-01
   0.44965E+01  -0.56642E-04   0.19318E-02  -0.47663E-02   0.47545E-02   0.17937E-03   0.19279E-02  -0.13360E-05  -0.77366E-05  -0.78715E-08   0.65098E-02  -0.10545E-01
   0.45139E+01   0.10120E-05   0.18345E-02  -0.46045E-02   0.47345E-02   0.14621E-03   0.19267E-02  -0.20075E-05  -0.78191E-05   0.55796E-07   0.65206E-02  -0.10544E-01
   0.45312E+01   0.49257E-04   0.17353E-02  -0.44101E-02   0.47132E-02   0.13002E-03   0.19250E-02  -0.16204E-05  -0.78942E-05   0.11986E-06   0.65316E-02  -0.10543E-01
   0.45486E+01   0.66307E-04   0.16869E-02  -0.43340E-02   0.46936E-02   0.12828E-03   0.19229E-02  -0.40217E-06  -0.79668E-05   0.13755E-06   0.65426E-02  -0.10542E-01
   0.45660E+01   0.62569E-04   0.17171E-02  -0.43907E-02   0.46794E-02   0.14575E-03   0.19207E-02   0.11499E-05  -0.80422E-05   0.10141E-06   0.65536E-02  -0.10540E-01
   0.45833E+01   0.39751E-04   0.18064E-02  -0.46265E-02   0.46712E-02   0.16494E-03   0.19189E-02   0.20366E-05  -0.81259E-05  -0.13838E-07   0.65645E-02  -0.10539E-01
   0.46007E+01  -0.10022E-05   0.18991E-02  -0.48118E-02   0.46670E-02   0.18420E-03   0.19176E-02   0.13759E-05  -0.82200E-05  -0.49808E-07   0.65749E-02  -0.10539E-01
   0.46181E+01  -0.36937E-04   0.19423E-02  -0.48233E-02   0.46641E-02   0.18654E-03   0.19168E-02   0.18146E-06  -0.83023E-05  -0.76324E-07   0.65855E-02  -0.10538E-01
   0.46354E+01  -0.48548E-04   0.19151E-02  -0.47379E-02   0.46604E-02   0.17228E-03   0.19159E-02  -0.98709E-06  -0.83753E-05  -0.61305E-07   0.65963E-02  -0.10538E-01
   0.46528E+01  -0.50757E-04   0.18368E-02  -0.45552E-02   0.46534E-02   0.16221E-03   0.19148E-02  -0.17239E-05  -0.84490E-05   0.92596E-07   0.66073E-02  -0.10537E-01
   0.46701E+01  -0.43549E-04   0.17532E-02  -0.43968E-02   0.46404E-02   0.16491E-03   0.19132E-02  -0.15000E-05  -0.85235E-05   0.25103E-06   0.66184E-02  -0.10535E-01
   0.46875E+01  -0.18164E-04   0.17095E-02  -0.43185E-02   0.46211E-02   0.15423E-03   0.19112E-02  -0.46765E-06  -0.85849E-05   0.19152E-06   0.66295E-02  -0.10534E-01
