   0.11892E+02  -0.51533E-06   0.10997E-02  -0.32745E-02   0.98142E-03   0.17222E-05   0.14469E-02   0.12506E-07  -0.24143E-04  -0.48131E-06   0.10052E-01  -0.10480E-01
   0.11910E+02   0.49865E-04   0.10997E-02  -0.32952E-02   0.97421E-03  -0.30487E-04   0.14460E-02   0.10769E-06  -0.24135E-04  -0.65432E-06   0.10056E-01  -0.10481E-01
   0.11927E+02   0.76714E-04   0.11063E-02  -0.31845E-02   0.96508E-03  -0.76883E-04   0.14452E-02   0.84815E-07  -0.24228E-04  -0.40156E-06   0.10060E-01  -0.10480E-01
   0.11944E+02   0.69246E-04   0.11022E-02  -0.30262E-02   0.95576E-03  -0.93653E-04   0.14445E-02  -0.37872E-06  -0.24385E-04   0.78133E-07   0.10065E-01  -0.10479E-01
   0.11962E+02   0.37783E-04   0.10847E-02  -0.27625E-02   0.94879E-03  -0.74154E-04   0.14437E-02  -0.79215E-06  -0.24519E-04   0.81365E-06   0.10072E-01  -0.10479E-01
   0.11979E+02   0.27419E-04   0.10647E-02  -0.26974E-02   0.94518E-03  -0.65945E-04   0.14429E-02  -0.24511E-06  -0.24544E-04   0.87464E-06   0.10080E-01  -0.10480E-01
   0.11997E+02   0.33133E-04   0.10534E-02  -0.28525E-02   0.94275E-03  -0.67377E-04   0.14420E-02   0.33687E-06  -0.24473E-04   0.13250E-06   0.10087E-01  -0.10481E-01
   0.12014E+02   0.12600E-04   0.10572E-02  -0.30289E-02   0.93788E-03  -0.25971E-04   0.14412E-02   0.29015E-06  -0.24379E-04  -0.11295E-06   0.10093E-01  -0.10481E-01
   0.12031E+02   0.22550E-05   0.10791E-02  -0.31631E-02   0.93056E-03   0.64658E-05   0.14404E-02   0.21024E-06  -0.24327E-04  -0.63929E-07   0.10098E-01  -0.10481E-01
   0.12049E+02   0.12973E-04   0.11043E-02  -0.32269E-02   0.92287E-03  -0.13230E-04   0.14396E-02   0.31169E-06  -0.24317E-04  -0.42500E-06   0.10102E-01  -0.10481E-01
   0.12066E+02   0.82670E-05   0.11087E-02  -0.31314E-02   0.91540E-03  -0.19364E-04   0.14391E-02  -0.24067E-06  -0.24359E-04  -0.30228E-06   0.10107E-01  -0.10481E-01
   0.12083E+02   0.17570E-04   0.10857E-02  -0.28952E-02   0.90919E-03  -0.35493E-04   0.14384E-02  -0.60148E-06  -0.24467E-04   0.15301E-06   0.10113E-01  -0.10482E-01
   0.12101E+02   0.41033E-04   0.10485E-02  -0.28124E-02   0.90434E-03  -0.69320E-04   0.14376E-02  -0.62856E-06  -0.24567E-04   0.44929E-06   0.10120E-01  -0.10483E-01
   0.12118E+02   0.52409E-04   0.10225E-02  -0.27746E-02   0.89997E-03  -0.75111E-04   0.14367E-02  -0.38759E-06  -0.24590E-04   0.66785E-06   0.10127E-01  -0.10485E-01
   0.12135E+02   0.63784E-04   0.10256E-02  -0.29286E-02   0.89487E-03  -0.81002E-04   0.14357E-02   0.42892E-06  -0.24550E-04   0.24456E-06   0.10133E-01  -0.10485E-01
   0.12153E+02   0.57719E-04   0.10517E-02  -0.30718E-02   0.88795E-03  -0.73091E-04   0.14349E-02   0.66905E-06  -0.24505E-04  -0.39277E-06   0.10137E-01  -0.10484E-01
   0.12170E+02   0.17717E-04   0.10827E-02  -0.30674E-02   0.87972E-03  -0.27882E-04   0.14341E-02   0.60482E-06  -0.24464E-04  -0.40022E-06   0.10142E-01  -0.10483E-01
   0.12188E+02  -0.34068E-06   0.11014E-02  -0.30877E-02   0.87236E-03  -0.11749E-04   0.14335E-02   0.20738E-06  -0.24460E-04  -0.35859E-08   0.10147E-01  -0.10484E-01
