   0.20642E+02   0.33351E-05   0.64714E-03  -0.20787E-02  -0.10888E-02   0.47188E-04   0.12032E-02  -0.36051E-06  -0.34795E-04  -0.15661E-06   0.11847E-01  -0.10582E-01
   0.20660E+02  -0.34466E-04   0.68894E-03  -0.18770E-02  -0.11003E-02   0.76831E-04   0.12025E-02   0.52867E-06  -0.34907E-04   0.35052E-06   0.11848E-01  -0.10581E-01
   0.20677E+02   0.37651E-05   0.78438E-03  -0.18815E-02  -0.11052E-02   0.60453E-05   0.12020E-02   0.16834E-05  -0.35042E-04   0.33406E-06   0.11849E-01  -0.10582E-01
   0.20694E+02   0.67823E-04   0.88832E-03  -0.20430E-02  -0.10992E-02  -0.80093E-04   0.12019E-02   0.19713E-05  -0.35116E-04   0.59600E-07   0.11851E-01  -0.10582E-01
   0.20712E+02   0.25708E-04   0.94025E-03  -0.20948E-02  -0.10854E-02  -0.85566E-04   0.12021E-02   0.62818E-06  -0.35111E-04  -0.34015E-07   0.11854E-01  -0.10582E-01
   0.20729E+02  -0.77840E-04   0.91702E-03  -0.18427E-02  -0.10727E-02  -0.17420E-04   0.12024E-02  -0.62612E-06  -0.35069E-04   0.11291E-06   0.11858E-01  -0.10583E-01
   0.20747E+02  -0.90391E-04   0.85573E-03  -0.19048E-02  -0.10682E-02  -0.24769E-05   0.12023E-02  -0.67821E-06  -0.34994E-04   0.19124E-06   0.11862E-01  -0.10585E-01
   0.20764E+02   0.31656E-04   0.81284E-03  -0.23991E-02  -0.10745E-02  -0.91497E-05   0.12020E-02   0.43889E-08  -0.34897E-04  -0.63279E-07   0.11864E-01  -0.10587E-01
   0.20781E+02   0.15193E-03   0.80327E-03  -0.29881E-02  -0.10873E-02  -0.58837E-04   0.12018E-02  -0.19067E-06  -0.34906E-04  -0.40567E-06   0.11862E-01  -0.10584E-01
   0.20799E+02   0.46050E-04   0.79596E-03  -0.27564E-02  -0.11042E-02  -0.29334E-04   0.12016E-02  -0.18165E-05  -0.35093E-04   0.22614E-06   0.11859E-01  -0.10577E-01
   0.20816E+02  -0.12735E-03   0.78198E-03  -0.19934E-02  -0.11224E-02   0.91297E-04   0.12015E-02  -0.20356E-05  -0.35287E-04   0.12630E-05   0.11858E-01  -0.10575E-01
   0.20833E+02  -0.92551E-04   0.77297E-03  -0.16006E-02  -0.11330E-02   0.52032E-04   0.12011E-02   0.15213E-06  -0.35349E-04   0.11401E-06   0.11861E-01  -0.10578E-01
   0.20851E+02   0.20512E-04   0.75089E-03  -0.16799E-02  -0.11316E-02  -0.25226E-04   0.12008E-02   0.14850E-05  -0.35320E-04  -0.11288E-05   0.11865E-01  -0.10582E-01
   0.20868E+02   0.20511E-04   0.71468E-03  -0.16840E-02  -0.11213E-02   0.88435E-05   0.12003E-02   0.57015E-06  -0.35261E-04  -0.67076E-06   0.11868E-01  -0.10583E-01
   0.20885E+02  -0.47953E-05   0.71174E-03  -0.15785E-02  -0.11065E-02   0.14455E-04   0.11998E-02   0.38416E-06  -0.35182E-04  -0.33170E-07   0.11872E-01  -0.10585E-01
   0.20903E+02   0.12985E-04   0.77515E-03  -0.18816E-02  -0.10954E-02  -0.46794E-04   0.11992E-02   0.10767E-05  -0.35088E-04   0.38465E-06   0.11874E-01  -0.10586E-01
   0.20920E+02   0.47063E-05   0.87590E-03  -0.24520E-02  -0.10923E-02  -0.33302E-04   0.11991E-02   0.11942E-05  -0.35033E-04   0.41408E-06   0.11875E-01  -0.10584E-01
   0.20938E+02  -0.91447E-05   0.95616E-03  -0.29144E-02  -0.10975E-02  -0.11019E-05   0.11993E-02   0.44511E-06  -0.35126E-04   0.33347E-06   0.11873E-01  -0.10581E-01
