   0.25017E+02  -0.20399E-03   0.29852E-02   0.11598E-01  -0.11395E-03   0.56161E-02  -0.56566E-03  -0.23208E-02  -0.21061E-06  -0.28867E-03  -0.76298E-03   0.15943E-01
   0.25035E+02  -0.54247E-04   0.28391E-02   0.11713E-01  -0.33613E-03   0.56195E-02  -0.56620E-03  -0.23225E-02  -0.10161E-07  -0.28877E-03   0.47245E-06   0.16604E-01
   0.25052E+02  -0.10236E-04   0.21021E-02   0.11829E-01  -0.50578E-03   0.56228E-02  -0.56678E-03  -0.23240E-02   0.89500E-06  -0.28892E-03  -0.14241E-06   0.15859E-01
   0.25069E+02  -0.89442E-04   0.93885E-03   0.11890E-01  -0.49397E-03   0.56262E-02  -0.56735E-03  -0.23256E-02   0.29088E-05  -0.28898E-03  -0.61953E-06   0.14692E-01
   0.25087E+02  -0.21823E-03  -0.47831E-03   0.11885E-01  -0.22651E-03   0.56295E-02  -0.56788E-03  -0.23273E-02   0.34673E-05  -0.28895E-03  -0.49291E-06   0.13411E-01
   0.25104E+02  -0.33323E-03  -0.12265E-02   0.11843E-01   0.17291E-03   0.56327E-02  -0.56836E-03  -0.23289E-02   0.77949E-06  -0.28893E-03   0.49112E-06   0.12904E-01
   0.25122E+02  -0.42673E-03  -0.80056E-03   0.11799E-01   0.30637E-03   0.56359E-02  -0.56878E-03  -0.23302E-02  -0.17385E-05  -0.28906E-03   0.35827E-06   0.13324E-01
   0.25139E+02  -0.51081E-03   0.54908E-03   0.11757E-01   0.14641E-03   0.56391E-02  -0.56918E-03  -0.23316E-02  -0.24256E-05  -0.28925E-03  -0.27078E-06   0.14388E-01
   0.25156E+02  -0.55061E-03   0.19453E-02   0.11716E-01  -0.26566E-03   0.56424E-02  -0.56957E-03  -0.23329E-02  -0.20291E-05  -0.28944E-03  -0.17146E-06   0.15293E-01
   0.25174E+02  -0.49535E-03   0.30519E-02   0.11683E-01  -0.33440E-03   0.56457E-02  -0.57002E-03  -0.23346E-02  -0.18956E-05  -0.28947E-03   0.56947E-06   0.16356E-01
   0.25191E+02  -0.35188E-03   0.32079E-02   0.11718E-01  -0.26624E-03   0.56490E-02  -0.57052E-03  -0.23365E-02  -0.17108E-05  -0.28926E-03   0.14102E-05   0.16760E-01
   0.25208E+02  -0.18865E-03   0.23972E-02   0.11833E-01  -0.29616E-03   0.56522E-02  -0.57109E-03  -0.23384E-02   0.14500E-05  -0.28897E-03  -0.17202E-06   0.16201E-01
   0.25226E+02  -0.80416E-04   0.12835E-02   0.11957E-01  -0.14161E-03   0.56554E-02  -0.57167E-03  -0.23402E-02   0.28942E-05  -0.28875E-03  -0.13199E-05   0.15475E-01
   0.25243E+02  -0.62323E-04   0.68538E-04   0.12036E-01   0.48700E-05   0.56586E-02  -0.57222E-03  -0.23418E-02   0.33631E-05  -0.28873E-03  -0.14058E-05   0.14505E-01
   0.25260E+02  -0.13589E-03  -0.64481E-03   0.12049E-01   0.39268E-04   0.56618E-02  -0.57273E-03  -0.23433E-02   0.20156E-05  -0.28891E-03  -0.41208E-06   0.13766E-01
   0.25278E+02  -0.27796E-03  -0.49057E-03   0.12001E-01   0.83677E-04   0.56651E-02  -0.57319E-03  -0.23446E-02  -0.12919E-05  -0.28921E-03   0.84644E-06   0.13774E-01
   0.25295E+02  -0.42689E-03   0.55357E-03   0.11928E-01  -0.51898E-04   0.56685E-02  -0.57363E-03  -0.23461E-02  -0.34837E-05  -0.28947E-03   0.13714E-05   0.14460E-01
   0.25312E+02  -0.50187E-03   0.17062E-02   0.11871E-01  -0.31163E-03   0.56719E-02  -0.57405E-03  -0.23476E-02  -0.25645E-05  -0.28955E-03   0.75179E-03   0.15974E-01
