   0.59549E+01  -0.15099E-04   0.12370E-02   0.17398E-02   0.75329E-04   0.84156E-03  -0.52187E-04  -0.19500E-03   0.65139E-08  -0.12137E-03  -0.66583E-04   0.34434E-02
   0.59722E+01  -0.16149E-04   0.11850E-02   0.17411E-02   0.83813E-04   0.84521E-03  -0.52458E-04  -0.19622E-03   0.31803E-06  -0.12180E-03  -0.10748E-07   0.34688E-02
   0.59896E+01  -0.17400E-04   0.10722E-02   0.17421E-02   0.95130E-04   0.84886E-03  -0.52724E-04  -0.19743E-03   0.34984E-06  -0.12224E-03  -0.67347E-07   0.33688E-02
   0.60069E+01  -0.18123E-04   0.10149E-02   0.17452E-02   0.10650E-03   0.85252E-03  -0.52988E-04  -0.19865E-03   0.93576E-07  -0.12267E-03  -0.76592E-07   0.33266E-02
   0.60243E+01  -0.17886E-04   0.10278E-02   0.17513E-02   0.12031E-03   0.85619E-03  -0.53258E-04  -0.19989E-03   0.59275E-07  -0.12309E-03  -0.66538E-07   0.33615E-02
   0.60417E+01  -0.16594E-04   0.10699E-02   0.17605E-02   0.12639E-03   0.85987E-03  -0.53538E-04  -0.20115E-03  -0.20387E-06  -0.12349E-03   0.10790E-06   0.34217E-02
   0.60590E+01  -0.14655E-04   0.11390E-02   0.17710E-02   0.11611E-03   0.86356E-03  -0.53826E-04  -0.20241E-03  -0.33933E-06  -0.12391E-03   0.86180E-07   0.34946E-02
   0.60764E+01  -0.13087E-04   0.12006E-02   0.17810E-02   0.10250E-03   0.86725E-03  -0.54118E-04  -0.20367E-03  -0.16808E-06  -0.12432E-03  -0.16625E-07   0.35561E-02
   0.60938E+01  -0.12953E-04   0.12119E-02   0.17885E-02   0.85438E-04   0.87095E-03  -0.54407E-04  -0.20492E-03   0.81662E-07  -0.12475E-03  -0.34881E-07   0.35598E-02
   0.61111E+01  -0.15011E-04   0.11709E-02   0.17921E-02   0.87586E-04   0.87466E-03  -0.54689E-04  -0.20617E-03   0.20741E-06  -0.12518E-03   0.59257E-07   0.35245E-02
   0.61285E+01  -0.18509E-04   0.10943E-02   0.17949E-02   0.93142E-04   0.87837E-03  -0.54965E-04  -0.20741E-03   0.21902E-06  -0.12562E-03   0.49129E-07   0.34544E-02
   0.61458E+01  -0.21482E-04   0.10557E-02   0.17983E-02   0.99671E-04   0.88209E-03  -0.55235E-04  -0.20866E-03   0.67053E-07  -0.12605E-03  -0.28276E-07   0.34244E-02
   0.61632E+01  -0.21795E-04   0.10739E-02   0.18031E-02   0.10108E-03   0.88582E-03  -0.55507E-04  -0.20993E-03  -0.22147E-07  -0.12648E-03  -0.10262E-06   0.34501E-02
   0.61806E+01  -0.18745E-04   0.11179E-02   0.18097E-02   0.11688E-03   0.88956E-03  -0.55786E-04  -0.21121E-03  -0.99096E-07  -0.12689E-03  -0.56524E-07   0.35212E-02
   0.61979E+01  -0.14026E-04   0.11534E-02   0.18180E-02   0.12710E-03   0.89330E-03  -0.56072E-04  -0.21253E-03  -0.15269E-06  -0.12728E-03   0.31537E-07   0.35818E-02
   0.62153E+01  -0.10484E-04   0.11516E-02   0.18273E-02   0.11087E-03   0.89704E-03  -0.56367E-04  -0.21383E-03   0.75563E-07  -0.12769E-03  -0.35255E-07   0.35785E-02
   0.62326E+01  -0.10547E-04   0.11492E-02   0.18355E-02   0.96123E-04   0.90079E-03  -0.56663E-04  -0.21510E-03   0.53161E-07  -0.12813E-03  -0.44753E-07   0.35712E-02
   0.62500E+01  -0.14403E-04   0.11628E-02   0.18407E-02   0.10557E-03   0.90455E-03  -0.56954E-04  -0.21636E-03  -0.34416E-07  -0.12857E-03   0.74454E-04   0.36717E-02
