   0.12674E+01   0.85705E-04   0.43496E-02  -0.82880E-02   0.65809E-02   0.43461E-03   0.23434E-02  -0.36730E-06   0.22539E-04   0.21582E-06   0.38449E-02  -0.96050E-02
   0.12847E+01   0.12189E-03   0.43040E-02  -0.82259E-02   0.65698E-02   0.42017E-03   0.23393E-02  -0.15538E-05   0.22420E-04   0.23910E-06   0.38721E-02  -0.96217E-02
   0.13021E+01   0.12158E-03   0.42017E-02  -0.80331E-02   0.65548E-02   0.43132E-03   0.23352E-02  -0.25171E-05   0.22301E-04   0.26878E-06   0.38990E-02  -0.96378E-02
   0.13194E+01   0.66423E-04   0.40559E-02  -0.77414E-02   0.65405E-02   0.49008E-03   0.23309E-02  -0.30023E-05   0.22182E-04   0.28760E-06   0.39256E-02  -0.96535E-02
   0.13368E+01  -0.26053E-04   0.39027E-02  -0.74379E-02   0.65331E-02   0.58006E-03   0.23262E-02  -0.26186E-05   0.22055E-04   0.31959E-06   0.39517E-02  -0.96693E-02
   0.13542E+01  -0.10347E-03   0.38013E-02  -0.72534E-02   0.65372E-02   0.64699E-03   0.23212E-02  -0.12247E-05   0.21920E-04   0.26306E-06   0.39774E-02  -0.96854E-02
   0.13715E+01  -0.12074E-03   0.37974E-02  -0.72796E-02   0.65496E-02   0.65083E-03   0.23159E-02   0.62224E-06   0.21778E-04   0.22782E-06   0.40027E-02  -0.97016E-02
   0.13889E+01  -0.66650E-04   0.38944E-02  -0.75178E-02   0.65604E-02   0.59395E-03   0.23109E-02   0.21709E-05   0.21635E-04   0.22713E-06   0.40276E-02  -0.97176E-02
   0.14062E+01   0.22388E-04   0.40533E-02  -0.78896E-02   0.65624E-02   0.52276E-03   0.23064E-02   0.26925E-05   0.21492E-04   0.25500E-06   0.40524E-02  -0.97331E-02
   0.14236E+01   0.95605E-04   0.42030E-02  -0.82287E-02   0.65558E-02   0.47273E-03   0.23027E-02   0.18026E-05   0.21352E-04   0.30059E-06   0.40770E-02  -0.97481E-02
   0.14410E+01   0.12694E-03   0.42610E-02  -0.83709E-02   0.65437E-02   0.45180E-03   0.22997E-02  -0.32739E-06   0.21205E-04   0.28937E-06   0.41011E-02  -0.97630E-02
   0.14583E+01   0.11281E-03   0.41767E-02  -0.81959E-02   0.65302E-02   0.45088E-03   0.22969E-02  -0.28704E-05   0.21040E-04   0.29138E-06   0.41249E-02  -0.97780E-02
   0.14757E+01   0.63892E-04   0.39653E-02  -0.77542E-02   0.65200E-02   0.47464E-03   0.22938E-02  -0.45815E-05   0.20867E-04   0.29034E-06   0.41482E-02  -0.97934E-02
   0.14931E+01   0.20863E-05   0.37054E-02  -0.72169E-02   0.65157E-02   0.51833E-03   0.22899E-02  -0.45969E-05   0.20699E-04   0.30398E-06   0.41713E-02  -0.98089E-02
   0.15104E+01  -0.44131E-04   0.35054E-02  -0.68271E-02   0.65146E-02   0.56431E-03   0.22851E-02  -0.25699E-05   0.20543E-04   0.28662E-06   0.41942E-02  -0.98240E-02
   0.15278E+01  -0.59349E-04   0.34571E-02  -0.67847E-02   0.65134E-02   0.60035E-03   0.22797E-02   0.62308E-06   0.20390E-04   0.20964E-06   0.42168E-02  -0.98382E-02
   0.15451E+01  -0.51511E-04   0.35890E-02  -0.70892E-02   0.65132E-02   0.60812E-03   0.22745E-02   0.34110E-05   0.20226E-04   0.16852E-06   0.42390E-02  -0.98516E-02
   0.15625E+01  -0.27216E-04   0.38344E-02  -0.76027E-02   0.65149E-02   0.58029E-03   0.22704E-02   0.42486E-05   0.20042E-04   0.24133E-06   0.42609E-02  -0.98649E-02
