   0.20017E+02  -0.15343E-03   0.24610E-02   0.78115E-02   0.23625E-03   0.45685E-02  -0.42251E-03  -0.18093E-02   0.16898E-05  -0.28891E-03  -0.57389E-03   0.11831E-01
   0.20035E+02  -0.12285E-03   0.21058E-02   0.78756E-02   0.12917E-03   0.45725E-02  -0.42298E-03  -0.18112E-02   0.16868E-05  -0.28895E-03  -0.16559E-06   0.12038E-01
   0.20052E+02  -0.12783E-03   0.19630E-02   0.79238E-02  -0.69294E-04   0.45765E-02  -0.42344E-03  -0.18132E-02   0.14791E-05  -0.28897E-03  -0.63789E-06   0.11741E-01
   0.20069E+02  -0.15491E-03   0.19937E-02   0.79394E-02  -0.26865E-03   0.45806E-02  -0.42391E-03  -0.18153E-02   0.58497E-06  -0.28883E-03  -0.86028E-06   0.11562E-01
   0.20087E+02  -0.19256E-03   0.19197E-02   0.79315E-02  -0.36304E-03   0.45846E-02  -0.42442E-03  -0.18174E-02  -0.88682E-06  -0.28864E-03  -0.16565E-06   0.11349E-01
   0.20104E+02  -0.23252E-03   0.18015E-02   0.79191E-02  -0.45949E-03   0.45887E-02  -0.42498E-03  -0.18194E-02  -0.45254E-06  -0.28859E-03   0.95118E-07   0.11084E-01
   0.20122E+02  -0.26095E-03   0.19003E-02   0.78922E-02  -0.25278E-03   0.45927E-02  -0.42555E-03  -0.18213E-02  -0.33730E-06  -0.28860E-03  -0.23588E-06   0.11335E-01
   0.20139E+02  -0.26647E-03   0.21733E-02   0.78513E-02   0.59975E-04   0.45967E-02  -0.42608E-03  -0.18233E-02  -0.14194E-05  -0.28854E-03   0.53684E-06   0.11876E-01
   0.20156E+02  -0.24205E-03   0.22092E-02   0.78416E-02   0.21679E-03   0.46007E-02  -0.42660E-03  -0.18253E-02  -0.86430E-06  -0.28852E-03   0.12279E-05   0.12086E-01
   0.20174E+02  -0.19902E-03   0.22151E-02   0.78838E-02   0.23013E-03   0.46048E-02  -0.42710E-03  -0.18273E-02   0.20887E-06  -0.28848E-03   0.74861E-06   0.12193E-01
   0.20191E+02  -0.16503E-03   0.22835E-02   0.79436E-02   0.24912E-03   0.46089E-02  -0.42758E-03  -0.18294E-02   0.29589E-06  -0.28843E-03  -0.79200E-07   0.12375E-01
   0.20208E+02  -0.16044E-03   0.25595E-02   0.79847E-02   0.13950E-03   0.46130E-02  -0.42803E-03  -0.18314E-02  -0.21286E-07  -0.28844E-03  -0.50014E-06   0.12588E-01
   0.20226E+02  -0.18080E-03   0.26271E-02   0.80051E-02  -0.21954E-03   0.46172E-02  -0.42849E-03  -0.18334E-02   0.71605E-06  -0.28846E-03  -0.78879E-06   0.12299E-01
   0.20243E+02  -0.20340E-03   0.21554E-02   0.80278E-02  -0.49437E-03   0.46214E-02  -0.42900E-03  -0.18354E-02   0.20712E-05  -0.28853E-03  -0.54129E-06   0.11555E-01
   0.20260E+02  -0.21300E-03   0.15244E-02   0.80522E-02  -0.39820E-03   0.46255E-02  -0.42954E-03  -0.18373E-02   0.11249E-05  -0.28854E-03  -0.29539E-06   0.11036E-01
   0.20278E+02  -0.21868E-03   0.14473E-02   0.80436E-02  -0.19476E-03   0.46295E-02  -0.43010E-03  -0.18394E-02  -0.62412E-06  -0.28837E-03  -0.33376E-06   0.11148E-01
   0.20295E+02  -0.22268E-03   0.16703E-02   0.80103E-02  -0.12171E-03   0.46335E-02  -0.43065E-03  -0.18417E-02  -0.94627E-06  -0.28807E-03  -0.74781E-07   0.11408E-01
   0.20312E+02  -0.22186E-03   0.18074E-02   0.79958E-02  -0.49845E-04   0.46376E-02  -0.43119E-03  -0.18438E-02  -0.33379E-06  -0.28792E-03   0.58249E-03   0.12188E-01
