   0.11892E+02  -0.46226E-04   0.13990E-02   0.39207E-02   0.12189E-03   0.23746E-02  -0.18396E-03  -0.78244E-03   0.62271E-06  -0.25616E-03  -0.24775E-03   0.63003E-02
   0.11910E+02  -0.51742E-04   0.13306E-02   0.39310E-02   0.18585E-03   0.23796E-02  -0.18443E-03  -0.78442E-03  -0.13503E-07  -0.25655E-03  -0.12988E-06   0.65498E-02
   0.11927E+02  -0.58030E-04   0.14117E-02   0.39421E-02   0.23679E-03   0.23845E-02  -0.18489E-03  -0.78640E-03  -0.84009E-06  -0.25695E-03   0.45974E-06   0.66885E-02
   0.11944E+02  -0.59700E-04   0.16339E-02   0.39517E-02   0.27323E-03   0.23895E-02  -0.18536E-03  -0.78840E-03  -0.14198E-05  -0.25733E-03   0.83768E-06   0.69570E-02
   0.11962E+02  -0.55720E-04   0.18846E-02   0.39616E-02   0.24549E-03   0.23945E-02  -0.18584E-03  -0.79050E-03  -0.98875E-06  -0.25761E-03   0.74952E-06   0.71962E-02
   0.11979E+02  -0.47636E-04   0.20343E-02   0.39696E-02   0.13045E-03   0.23994E-02  -0.18633E-03  -0.79272E-03   0.40091E-06  -0.25779E-03  -0.10577E-06   0.72496E-02
   0.11997E+02  -0.41213E-04   0.19453E-02   0.39771E-02   0.10069E-03   0.24044E-02  -0.18681E-03  -0.79498E-03   0.11759E-05  -0.25793E-03  -0.68876E-06   0.71470E-02
   0.12014E+02  -0.44851E-04   0.16770E-02   0.39860E-02   0.15450E-03   0.24094E-02  -0.18728E-03  -0.79713E-03   0.98805E-06  -0.25817E-03  -0.46420E-06   0.69400E-02
   0.12031E+02  -0.55016E-04   0.13908E-02   0.39944E-02   0.16549E-03   0.24144E-02  -0.18776E-03  -0.79912E-03   0.59235E-06  -0.25854E-03  -0.31461E-06   0.66649E-02
   0.12049E+02  -0.62755E-04   0.13159E-02   0.39937E-02   0.19451E-03   0.24193E-02  -0.18823E-03  -0.80110E-03  -0.17546E-06  -0.25891E-03  -0.23791E-06   0.66120E-02
   0.12066E+02  -0.64250E-04   0.14894E-02   0.39876E-02   0.25344E-03   0.24243E-02  -0.18871E-03  -0.80316E-03  -0.94449E-06  -0.25921E-03   0.43508E-06   0.68389E-02
   0.12083E+02  -0.56960E-04   0.17292E-02   0.39938E-02   0.22482E-03   0.24292E-02  -0.18919E-03  -0.80526E-03  -0.76128E-06  -0.25949E-03   0.41242E-06   0.70658E-02
   0.12101E+02  -0.45630E-04   0.19089E-02   0.40082E-02   0.19538E-03   0.24342E-02  -0.18966E-03  -0.80746E-03  -0.10955E-06  -0.25967E-03   0.19520E-07   0.72441E-02
   0.12118E+02  -0.39195E-04   0.18868E-02   0.40229E-02   0.13375E-03   0.24391E-02  -0.19013E-03  -0.80966E-03   0.37859E-06  -0.25987E-03   0.55755E-07   0.71841E-02
   0.12135E+02  -0.42219E-04   0.17066E-02   0.40406E-02   0.82300E-04   0.24441E-02  -0.19061E-03  -0.81173E-03   0.83056E-06  -0.26018E-03  -0.93275E-07   0.69695E-02
   0.12153E+02  -0.51117E-04   0.15659E-02   0.40563E-02   0.13259E-03   0.24490E-02  -0.19108E-03  -0.81370E-03   0.13190E-06  -0.26054E-03  -0.16482E-06   0.68873E-02
   0.12170E+02  -0.59668E-04   0.15296E-02   0.40615E-02   0.21675E-03   0.24539E-02  -0.19155E-03  -0.81575E-03  -0.11062E-06  -0.26085E-03  -0.14859E-06   0.69338E-02
   0.12188E+02  -0.62696E-04   0.15174E-02   0.40539E-02   0.25183E-03   0.24589E-02  -0.19202E-03  -0.81790E-03  -0.19690E-06  -0.26106E-03   0.26332E-03   0.72115E-02
