   0.18767E+02   0.50949E-04   0.84018E-03  -0.21242E-02  -0.77937E-03  -0.86903E-04   0.12329E-02   0.26373E-06  -0.32752E-04   0.31963E-06   0.11641E-01  -0.10586E-01
   0.18785E+02   0.94172E-04   0.84861E-03  -0.23767E-02  -0.78172E-03  -0.12351E-03   0.12327E-02  -0.27031E-06  -0.32783E-04   0.17485E-06   0.11643E-01  -0.10585E-01
   0.18802E+02   0.62093E-04   0.84119E-03  -0.25757E-02  -0.78682E-03  -0.74669E-04   0.12326E-02  -0.89160E-06  -0.32756E-04   0.21578E-06   0.11644E-01  -0.10582E-01
   0.18819E+02  -0.22330E-04   0.81880E-03  -0.24977E-02  -0.79566E-03   0.92803E-05   0.12323E-02  -0.12062E-05  -0.32700E-04  -0.24997E-07   0.11645E-01  -0.10579E-01
   0.18837E+02  -0.79471E-04   0.80006E-03  -0.22922E-02  -0.80447E-03   0.68760E-04   0.12318E-02  -0.36744E-06  -0.32675E-04  -0.18927E-06   0.11646E-01  -0.10578E-01
   0.18854E+02  -0.57908E-04   0.79231E-03  -0.22440E-02  -0.80913E-03   0.35229E-04   0.12313E-02   0.22568E-06  -0.32711E-04  -0.23328E-06   0.11648E-01  -0.10579E-01
   0.18872E+02  -0.15248E-04   0.78069E-03  -0.20897E-02  -0.81023E-03   0.63692E-05   0.12309E-02   0.37039E-06  -0.32745E-04  -0.65061E-07   0.11651E-01  -0.10580E-01
   0.18889E+02  -0.19826E-04   0.76066E-03  -0.20229E-02  -0.80994E-03   0.11028E-04   0.12305E-02   0.17150E-06  -0.32757E-04   0.96934E-07   0.11655E-01  -0.10582E-01
   0.18906E+02   0.48351E-06   0.75172E-03  -0.18623E-02  -0.80802E-03  -0.18905E-04   0.12300E-02   0.25390E-06  -0.32757E-04   0.19419E-07   0.11658E-01  -0.10584E-01
   0.18924E+02   0.39989E-04   0.77383E-03  -0.19363E-02  -0.80475E-03  -0.72631E-04   0.12296E-02   0.63286E-06  -0.32791E-04  -0.51805E-07   0.11662E-01  -0.10587E-01
   0.18941E+02   0.75613E-04   0.82120E-03  -0.22079E-02  -0.80356E-03  -0.91372E-04   0.12294E-02   0.86676E-06  -0.32863E-04   0.11129E-06   0.11664E-01  -0.10587E-01
   0.18958E+02   0.97808E-04   0.86462E-03  -0.26111E-02  -0.80824E-03  -0.10765E-03   0.12294E-02   0.34526E-06  -0.32943E-04  -0.37712E-07   0.11665E-01  -0.10585E-01
   0.18976E+02   0.24821E-04   0.88358E-03  -0.25079E-02  -0.81788E-03  -0.28246E-04   0.12293E-02  -0.10868E-05  -0.32967E-04   0.33087E-06   0.11665E-01  -0.10581E-01
   0.18993E+02  -0.49872E-04   0.87067E-03  -0.21966E-02  -0.82797E-03   0.51301E-05   0.12291E-02  -0.13444E-05  -0.32950E-04   0.75366E-06   0.11667E-01  -0.10579E-01
   0.19010E+02  -0.49378E-04   0.82182E-03  -0.20664E-02  -0.83491E-03  -0.73081E-05   0.12289E-02  -0.89102E-06  -0.32915E-04   0.33799E-06   0.11671E-01  -0.10579E-01
   0.19028E+02  -0.43545E-04   0.74708E-03  -0.20412E-02  -0.83739E-03   0.32692E-04   0.12286E-02  -0.34000E-06  -0.32858E-04  -0.43771E-06   0.11674E-01  -0.10580E-01
   0.19045E+02  -0.54747E-04   0.67211E-03  -0.20403E-02  -0.83745E-03   0.58771E-04   0.12281E-02  -0.20408E-06  -0.32832E-04  -0.65420E-06   0.11677E-01  -0.10582E-01
   0.19062E+02  -0.22855E-04   0.63589E-03  -0.19506E-02  -0.83726E-03   0.25228E-04   0.12274E-02   0.21374E-07  -0.32867E-04  -0.27466E-06   0.11679E-01  -0.10585E-01
