   0.20330E+02   0.54051E-04   0.81034E-03  -0.19686E-02  -0.10325E-02  -0.43162E-04   0.12066E-02   0.27735E-05  -0.34419E-04  -0.76616E-06   0.11818E-01  -0.10588E-01
   0.20347E+02   0.11926E-03   0.89498E-03  -0.21773E-02  -0.10297E-02  -0.12701E-03   0.12066E-02   0.18857E-05  -0.34527E-04   0.16250E-07   0.11820E-01  -0.10588E-01
   0.20365E+02   0.88302E-04   0.95192E-03  -0.22086E-02  -0.10255E-02  -0.97283E-04   0.12067E-02   0.27610E-06  -0.34621E-04   0.71210E-06   0.11822E-01  -0.10586E-01
   0.20382E+02  -0.14327E-04   0.95769E-03  -0.21562E-02  -0.10242E-02  -0.16375E-04   0.12071E-02  -0.12849E-05  -0.34706E-04   0.10164E-05   0.11825E-01  -0.10585E-01
   0.20399E+02  -0.65773E-04   0.89876E-03  -0.21245E-02  -0.10315E-02   0.13593E-04   0.12075E-02  -0.21088E-05  -0.34754E-04   0.82392E-06   0.11828E-01  -0.10584E-01
   0.20417E+02  -0.61269E-04   0.80062E-03  -0.22620E-02  -0.10457E-02   0.29462E-04   0.12074E-02  -0.19176E-05  -0.34741E-04   0.26601E-06   0.11830E-01  -0.10583E-01
   0.20434E+02  -0.25362E-04   0.71729E-03  -0.23638E-02  -0.10571E-02   0.15439E-04   0.12069E-02  -0.13191E-05  -0.34694E-04  -0.28368E-06   0.11830E-01  -0.10583E-01
   0.20451E+02   0.88008E-05   0.67322E-03  -0.22933E-02  -0.10635E-02   0.10859E-04   0.12063E-02  -0.54721E-06  -0.34633E-04  -0.57367E-06   0.11829E-01  -0.10583E-01
   0.20469E+02  -0.24273E-04   0.65759E-03  -0.20504E-02  -0.10692E-02   0.34854E-04   0.12056E-02   0.93931E-07  -0.34609E-04  -0.67420E-06   0.11829E-01  -0.10582E-01
   0.20486E+02  -0.58308E-04   0.67671E-03  -0.17045E-02  -0.10722E-02   0.65647E-04   0.12049E-02   0.11130E-05  -0.34640E-04  -0.55490E-06   0.11831E-01  -0.10583E-01
   0.20503E+02   0.81159E-05   0.74744E-03  -0.17072E-02  -0.10695E-02   0.16833E-04   0.12042E-02   0.24731E-05  -0.34681E-04  -0.25647E-06   0.11834E-01  -0.10585E-01
   0.20521E+02   0.12634E-03   0.85826E-03  -0.21342E-02  -0.10604E-02  -0.86970E-04   0.12038E-02   0.25836E-05  -0.34716E-04   0.49875E-07   0.11837E-01  -0.10586E-01
   0.20538E+02   0.12083E-03   0.96148E-03  -0.23869E-02  -0.10497E-02  -0.11761E-03   0.12040E-02   0.84373E-06  -0.34788E-04   0.46050E-06   0.11839E-01  -0.10585E-01
   0.20556E+02  -0.19744E-04   0.10063E-02  -0.22266E-02  -0.10455E-02  -0.66701E-04   0.12045E-02  -0.11587E-05  -0.34916E-04   0.11116E-05   0.11841E-01  -0.10584E-01
   0.20573E+02  -0.11365E-03   0.96544E-03  -0.20645E-02  -0.10511E-02  -0.91957E-05   0.12050E-02  -0.19262E-05  -0.34993E-04   0.10628E-05   0.11843E-01  -0.10582E-01
   0.20590E+02  -0.80155E-04   0.85766E-03  -0.21404E-02  -0.10639E-02   0.18157E-04   0.12051E-02  -0.14043E-05  -0.34946E-04  -0.69398E-07   0.11845E-01  -0.10582E-01
   0.20608E+02   0.15105E-04   0.74188E-03  -0.23163E-02  -0.10742E-02   0.61165E-05   0.12046E-02  -0.90130E-06  -0.34834E-04  -0.96010E-06   0.11847E-01  -0.10583E-01
   0.20625E+02   0.48792E-04   0.66706E-03  -0.22757E-02  -0.10796E-02   0.55243E-05   0.12039E-02  -0.77237E-06  -0.34762E-04  -0.81896E-06   0.11847E-01  -0.10583E-01
