   0.81424E+01   0.28169E-04   0.12221E-02  -0.35334E-02   0.25275E-02   0.28942E-04   0.16541E-02  -0.97910E-07  -0.19888E-04   0.19225E-06   0.85174E-02  -0.10422E-01
   0.81597E+01  -0.13329E-04   0.12494E-02  -0.34418E-02   0.25247E-02   0.25847E-04   0.16527E-02   0.57645E-06  -0.19977E-04   0.13390E-06   0.85252E-02  -0.10421E-01
   0.81771E+01  -0.54384E-04   0.12982E-02  -0.33899E-02   0.25208E-02   0.31056E-04   0.16515E-02   0.66020E-06  -0.20008E-04   0.99865E-07   0.85337E-02  -0.10420E-01
   0.81944E+01  -0.44872E-04   0.13428E-02  -0.33565E-02   0.25140E-02   0.10188E-04   0.16504E-02   0.42595E-06  -0.19991E-04   0.17066E-06   0.85431E-02  -0.10421E-01
   0.82118E+01   0.10010E-04   0.13627E-02  -0.34560E-02   0.25036E-02  -0.22039E-04   0.16496E-02   0.31852E-06  -0.19957E-04   0.28327E-07   0.85532E-02  -0.10422E-01
   0.82292E+01   0.69096E-04   0.13481E-02  -0.36636E-02   0.24899E-02  -0.30163E-04   0.16488E-02  -0.13382E-06  -0.19936E-04  -0.11106E-06   0.85626E-02  -0.10423E-01
   0.82465E+01   0.98138E-04   0.13085E-02  -0.37582E-02   0.24754E-02  -0.18455E-04   0.16478E-02  -0.63604E-06  -0.19948E-04  -0.15829E-06   0.85708E-02  -0.10424E-01
   0.82639E+01   0.90323E-04   0.12676E-02  -0.37694E-02   0.24644E-02   0.67207E-05   0.16466E-02  -0.55809E-06  -0.20011E-04  -0.76822E-07   0.85780E-02  -0.10424E-01
   0.82812E+01   0.61705E-04   0.12413E-02  -0.37326E-02   0.24582E-02   0.16916E-04   0.16454E-02  -0.47990E-06  -0.20120E-04   0.51585E-07   0.85845E-02  -0.10422E-01
   0.82986E+01   0.85811E-05   0.12284E-02  -0.35405E-02   0.24547E-02   0.24731E-04   0.16442E-02  -0.47014E-06  -0.20224E-04   0.10639E-06   0.85912E-02  -0.10421E-01
   0.83160E+01  -0.49903E-04   0.12231E-02  -0.32822E-02   0.24506E-02   0.44472E-04   0.16430E-02  -0.32722E-06  -0.20269E-04   0.21348E-06   0.85991E-02  -0.10420E-01
   0.83333E+01  -0.75730E-04   0.12267E-02  -0.30748E-02   0.24443E-02   0.41583E-04   0.16417E-02  -0.20382E-06  -0.20253E-04   0.33899E-06   0.86086E-02  -0.10421E-01
   0.83507E+01  -0.32566E-04   0.12440E-02  -0.30490E-02   0.24358E-02   0.56629E-05   0.16405E-02   0.72433E-06  -0.20200E-04   0.17625E-06   0.86193E-02  -0.10423E-01
   0.83681E+01   0.60372E-04   0.12725E-02  -0.34427E-02   0.24247E-02  -0.40331E-04   0.16393E-02   0.13182E-05  -0.20160E-04  -0.22109E-06   0.86292E-02  -0.10425E-01
   0.83854E+01   0.11912E-03   0.13020E-02  -0.37749E-02   0.24117E-02  -0.53416E-04   0.16383E-02   0.66383E-06  -0.20179E-04  -0.36021E-06   0.86372E-02  -0.10424E-01
   0.84028E+01   0.10880E-03   0.13216E-02  -0.38798E-02   0.23996E-02  -0.30397E-04   0.16374E-02  -0.50607E-07  -0.20264E-04  -0.10134E-06   0.86438E-02  -0.10423E-01
   0.84201E+01   0.73905E-04   0.13219E-02  -0.38421E-02   0.23908E-02  -0.12838E-04   0.16365E-02  -0.39903E-06  -0.20390E-04   0.15998E-06   0.86502E-02  -0.10422E-01
   0.84375E+01   0.33794E-04   0.12954E-02  -0.37261E-02   0.23851E-02   0.17370E-05   0.16357E-02  -0.75077E-06  -0.20498E-04   0.17866E-06   0.86571E-02  -0.10421E-01
