   0.28142E+02  -0.87038E-04   0.31161E-03  -0.42974E-03  -0.21945E-02   0.96928E-04   0.11704E-02  -0.12377E-06  -0.43311E-04   0.23480E-07   0.11806E-01  -0.10383E-01
   0.28160E+02  -0.82250E-04   0.28810E-03  -0.28434E-03  -0.22047E-02   0.10879E-03   0.11706E-02  -0.22705E-06  -0.43351E-04  -0.18539E-06   0.11805E-01  -0.10381E-01
   0.28177E+02  -0.40274E-04   0.25310E-03  -0.36900E-03  -0.22082E-02   0.96483E-04   0.11706E-02  -0.19193E-06  -0.43326E-04  -0.27912E-06   0.11806E-01  -0.10381E-01
   0.28194E+02   0.10348E-04   0.22559E-03  -0.43191E-03  -0.22027E-02   0.63821E-04   0.11705E-02  -0.99535E-07  -0.43266E-04  -0.33693E-06   0.11806E-01  -0.10381E-01
   0.28212E+02  -0.80080E-05   0.20513E-03  -0.62521E-03  -0.21970E-02   0.57819E-04   0.11705E-02  -0.21205E-06  -0.43287E-04  -0.20192E-07   0.11804E-01  -0.10379E-01
   0.28229E+02  -0.43638E-04   0.20887E-03  -0.65648E-03  -0.21954E-02   0.73980E-04   0.11704E-02  -0.48158E-06  -0.43374E-04   0.46937E-06   0.11802E-01  -0.10378E-01
   0.28247E+02   0.42760E-05   0.25601E-03  -0.78634E-03  -0.21979E-02   0.24589E-04   0.11703E-02   0.60911E-06  -0.43410E-04   0.10077E-06   0.11799E-01  -0.10378E-01
   0.28264E+02   0.43126E-04   0.32766E-03  -0.10669E-02  -0.22018E-02  -0.34078E-05   0.11703E-02   0.10835E-05  -0.43369E-04  -0.34375E-06   0.11796E-01  -0.10377E-01
   0.28281E+02  -0.14825E-04   0.37844E-03  -0.92445E-03  -0.22044E-02   0.36777E-04   0.11705E-02   0.19008E-06  -0.43322E-04   0.15213E-06   0.11793E-01  -0.10376E-01
   0.28299E+02  -0.89256E-04   0.39235E-03  -0.52590E-03  -0.22055E-02   0.56137E-04   0.11707E-02  -0.14786E-06  -0.43343E-04   0.33887E-06   0.11791E-01  -0.10376E-01
   0.28316E+02  -0.11887E-03   0.34920E-03  -0.29110E-03  -0.22104E-02   0.99221E-04   0.11710E-02  -0.51363E-06  -0.43385E-04   0.55983E-07   0.11791E-01  -0.10376E-01
   0.28333E+02  -0.63895E-04   0.26815E-03  -0.13547E-03  -0.22212E-02   0.11035E-03   0.11712E-02  -0.78551E-06  -0.43397E-04  -0.57891E-07   0.11791E-01  -0.10378E-01
   0.28351E+02   0.20955E-04   0.18702E-03  -0.29298E-03  -0.22303E-02   0.56127E-04   0.11711E-02  -0.53787E-06  -0.43379E-04  -0.91644E-07   0.11792E-01  -0.10377E-01
   0.28368E+02   0.20720E-04   0.14854E-03  -0.47654E-03  -0.22321E-02   0.61689E-04   0.11710E-02  -0.42404E-06  -0.43424E-04  -0.23066E-06   0.11790E-01  -0.10374E-01
   0.28385E+02  -0.13390E-04   0.15787E-03  -0.60868E-03  -0.22313E-02   0.93060E-04   0.11711E-02  -0.31387E-06  -0.43517E-04  -0.15438E-06   0.11787E-01  -0.10371E-01
   0.28403E+02  -0.12740E-04   0.17399E-03  -0.69598E-03  -0.22386E-02   0.42479E-04   0.11713E-02  -0.45417E-06  -0.43611E-04  -0.15216E-06   0.11784E-01  -0.10368E-01
   0.28420E+02  -0.29756E-04   0.17958E-03  -0.59996E-03  -0.22530E-02   0.48388E-04   0.11713E-02  -0.46024E-06  -0.43640E-04   0.60773E-07   0.11781E-01  -0.10366E-01
   0.28438E+02  -0.69850E-04   0.20892E-03  -0.50367E-03  -0.22604E-02   0.12780E-03   0.11710E-02   0.25126E-06  -0.43562E-04   0.41436E-06   0.11779E-01  -0.10366E-01
