   0.15330E+02  -0.30793E-04   0.27933E-02   0.54030E-02   0.10934E-03   0.33401E-02  -0.28166E-03  -0.12149E-02   0.10358E-05  -0.28822E-03  -0.38617E-03   0.94450E-02
   0.15347E+02  -0.82867E-05   0.24349E-02   0.54108E-02   0.26319E-04   0.33448E-02  -0.28220E-03  -0.12175E-02   0.23171E-05  -0.28795E-03  -0.96669E-06   0.94222E-02
   0.15365E+02  -0.20604E-04   0.18298E-02   0.54085E-02   0.16268E-05   0.33496E-02  -0.28270E-03  -0.12199E-02   0.27425E-05  -0.28781E-03  -0.91931E-06   0.87802E-02
   0.15382E+02  -0.63762E-04   0.11906E-02   0.54052E-02   0.14105E-04   0.33543E-02  -0.28320E-03  -0.12220E-02   0.17189E-05  -0.28804E-03  -0.37611E-06   0.81086E-02
   0.15399E+02  -0.11772E-03   0.92609E-03   0.53958E-02   0.45742E-05   0.33591E-02  -0.28368E-03  -0.12238E-02  -0.21141E-06  -0.28850E-03   0.40499E-06   0.77721E-02
   0.15417E+02  -0.15169E-03   0.12904E-02   0.53774E-02   0.66194E-04   0.33639E-02  -0.28417E-03  -0.12257E-02  -0.16315E-05  -0.28885E-03   0.62337E-06   0.81464E-02
   0.15434E+02  -0.14032E-03   0.18828E-02   0.53598E-02   0.20756E-03   0.33687E-02  -0.28465E-03  -0.12280E-02  -0.30942E-05  -0.28890E-03   0.11744E-05   0.88751E-02
   0.15451E+02  -0.87041E-04   0.23434E-02   0.53665E-02   0.23734E-03   0.33735E-02  -0.28515E-03  -0.12306E-02  -0.15937E-05  -0.28868E-03   0.50950E-06   0.94282E-02
   0.15469E+02  -0.26092E-04   0.24563E-02   0.53966E-02   0.24234E-03   0.33783E-02  -0.28569E-03  -0.12333E-02   0.43517E-06  -0.28840E-03  -0.20901E-06   0.96403E-02
   0.15486E+02   0.35852E-05   0.22433E-02   0.54393E-02   0.13372E-03   0.33831E-02  -0.28622E-03  -0.12357E-02   0.12754E-05  -0.28827E-03  -0.44719E-06   0.93936E-02
   0.15503E+02  -0.12046E-04   0.19434E-02   0.54805E-02   0.96019E-05   0.33880E-02  -0.28676E-03  -0.12379E-02   0.15408E-05  -0.28846E-03  -0.59772E-06   0.89972E-02
   0.15521E+02  -0.63280E-04   0.18248E-02   0.55029E-02  -0.19666E-04   0.33928E-02  -0.28730E-03  -0.12398E-02   0.33858E-06  -0.28886E-03  -0.17728E-06   0.88219E-02
   0.15538E+02  -0.11800E-03   0.17467E-02   0.54971E-02  -0.22094E-05   0.33977E-02  -0.28782E-03  -0.12418E-02  -0.40418E-07  -0.28915E-03  -0.15795E-06   0.87023E-02
   0.15556E+02  -0.14228E-03   0.17254E-02   0.54697E-02   0.76966E-05   0.34026E-02  -0.28834E-03  -0.12440E-02  -0.20225E-06  -0.28926E-03  -0.14132E-06   0.86411E-02
   0.15573E+02  -0.12706E-03   0.17783E-02   0.54317E-02   0.90906E-04   0.34074E-02  -0.28884E-03  -0.12465E-02  -0.17885E-06  -0.28913E-03  -0.12703E-07   0.87566E-02
   0.15590E+02  -0.83994E-04   0.17546E-02   0.54086E-02   0.23823E-03   0.34123E-02  -0.28933E-03  -0.12492E-02   0.32926E-06  -0.28883E-03   0.74231E-07   0.89026E-02
   0.15608E+02  -0.41612E-04   0.17636E-02   0.54219E-02   0.28485E-03   0.34171E-02  -0.28981E-03  -0.12518E-02  -0.58071E-06  -0.28869E-03   0.61653E-06   0.90157E-02
   0.15625E+02  -0.30711E-04   0.18167E-02   0.54712E-02   0.18785E-03   0.34221E-02  -0.29033E-03  -0.12539E-02  -0.49753E-06  -0.28892E-03   0.40019E-03   0.94336E-02
