   0.15330E+02  -0.35788E-04   0.70494E-03  -0.17917E-02  -0.81474E-04   0.31009E-04   0.13190E-02  -0.14478E-05  -0.28347E-04   0.30341E-06   0.11008E-01  -0.10546E-01
   0.15347E+02   0.63768E-05   0.65143E-03  -0.19164E-02  -0.82316E-04  -0.91198E-05   0.13178E-02  -0.23778E-06  -0.28223E-04   0.10913E-06   0.11014E-01  -0.10548E-01
   0.15365E+02   0.35218E-04   0.69008E-03  -0.23274E-02  -0.82032E-04  -0.21009E-04   0.13166E-02   0.15258E-05  -0.28087E-04  -0.20102E-06   0.11018E-01  -0.10548E-01
   0.15382E+02   0.38180E-04   0.80727E-03  -0.28864E-02  -0.83548E-04  -0.13810E-04   0.13156E-02   0.21314E-05  -0.28003E-04  -0.35153E-06   0.11020E-01  -0.10546E-01
   0.15399E+02   0.47877E-04   0.95743E-03  -0.31590E-02  -0.85355E-04  -0.52081E-04   0.13152E-02   0.20706E-05  -0.28025E-04  -0.35171E-06   0.11020E-01  -0.10545E-01
   0.15417E+02   0.66103E-04   0.10625E-02  -0.32248E-02  -0.86209E-04  -0.12481E-03   0.13153E-02   0.11746E-05  -0.28160E-04  -0.41191E-06   0.11022E-01  -0.10543E-01
   0.15434E+02   0.38383E-04   0.10490E-02  -0.28422E-02  -0.90542E-04  -0.12403E-03   0.13157E-02  -0.12401E-05  -0.28328E-04  -0.67465E-07   0.11024E-01  -0.10542E-01
   0.15451E+02   0.30725E-05   0.91734E-03  -0.22118E-02  -0.10074E-03  -0.57849E-04   0.13158E-02  -0.22513E-05  -0.28425E-04   0.25139E-06   0.11030E-01  -0.10544E-01
   0.15469E+02   0.12769E-04   0.74910E-03  -0.19749E-02  -0.11054E-03  -0.15787E-04   0.13152E-02  -0.21443E-05  -0.28448E-04   0.48686E-06   0.11037E-01  -0.10547E-01
   0.15486E+02   0.36164E-04   0.63733E-03  -0.18893E-02  -0.11564E-03  -0.64092E-05   0.13141E-02  -0.14712E-05  -0.28408E-04   0.84509E-06   0.11043E-01  -0.10549E-01
   0.15503E+02   0.34316E-04   0.63135E-03  -0.21414E-02  -0.11935E-03  -0.26819E-04   0.13128E-02   0.15241E-06  -0.28377E-04   0.55068E-06   0.11047E-01  -0.10548E-01
   0.15521E+02  -0.16841E-04   0.72281E-03  -0.24013E-02  -0.12376E-03   0.42608E-05   0.13118E-02   0.11681E-05  -0.28379E-04  -0.16311E-07   0.11049E-01  -0.10545E-01
   0.15538E+02  -0.53011E-04   0.86034E-03  -0.25392E-02  -0.12875E-03   0.32467E-04   0.13111E-02   0.19164E-05  -0.28339E-04  -0.28304E-06   0.11051E-01  -0.10544E-01
   0.15556E+02  -0.15584E-04   0.97555E-03  -0.27588E-02  -0.13089E-03  -0.47901E-04   0.13108E-02   0.18953E-05  -0.28298E-04  -0.62784E-06   0.11054E-01  -0.10545E-01
   0.15573E+02   0.31812E-04   0.10138E-02  -0.27975E-02  -0.12876E-03  -0.89649E-04   0.13108E-02   0.10023E-05  -0.28300E-04  -0.87665E-06   0.11058E-01  -0.10547E-01
   0.15590E+02   0.77198E-04   0.96106E-03  -0.27413E-02  -0.12752E-03  -0.91124E-04   0.13109E-02  -0.24390E-06  -0.28341E-04  -0.52479E-06   0.11062E-01  -0.10548E-01
   0.15608E+02   0.99846E-04   0.85267E-03  -0.25567E-02  -0.13164E-03  -0.11153E-03   0.13106E-02  -0.19011E-05  -0.28473E-04   0.40729E-06   0.11067E-01  -0.10549E-01
   0.15625E+02   0.37632E-04   0.75527E-03  -0.22599E-02  -0.14087E-03  -0.62427E-04   0.13100E-02  -0.23771E-05  -0.28642E-04   0.15292E-05   0.11071E-01  -0.10548E-01
