   0.14705E+02  -0.10972E-03   0.17335E-02   0.51351E-02  -0.42128E-04   0.31710E-02  -0.26359E-03  -0.11360E-02   0.97142E-06  -0.28577E-03  -0.36262E-03   0.78409E-02
   0.14722E+02  -0.96178E-04   0.14627E-02   0.51626E-02   0.76258E-04   0.31757E-02  -0.26408E-03  -0.11378E-02   0.44849E-06  -0.28614E-03   0.20269E-06   0.80937E-02
   0.14740E+02  -0.69184E-04   0.15531E-02   0.51553E-02   0.22476E-03   0.31804E-02  -0.26458E-03  -0.11398E-02  -0.17599E-05  -0.28638E-03   0.79070E-06   0.83527E-02
   0.14757E+02  -0.44592E-04   0.20016E-02   0.51304E-02   0.23232E-03   0.31851E-02  -0.26508E-03  -0.11421E-02  -0.19305E-05  -0.28646E-03   0.59220E-06   0.88099E-02
   0.14774E+02  -0.34546E-04   0.23712E-02   0.51029E-02   0.12554E-03   0.31899E-02  -0.26560E-03  -0.11445E-02   0.54834E-06  -0.28630E-03  -0.52909E-06   0.90586E-02
   0.14792E+02  -0.42064E-04   0.22383E-02   0.50883E-02   0.99798E-04   0.31946E-02  -0.26610E-03  -0.11471E-02   0.19466E-05  -0.28606E-03  -0.11740E-05   0.88804E-02
   0.14809E+02  -0.66962E-04   0.20015E-02   0.50927E-02   0.12389E-03   0.31993E-02  -0.26658E-03  -0.11495E-02   0.57465E-06  -0.28596E-03  -0.11479E-06   0.86489E-02
   0.14826E+02  -0.99649E-04   0.18378E-02   0.51255E-02   0.57314E-04   0.32040E-02  -0.26707E-03  -0.11515E-02  -0.46516E-06  -0.28617E-03   0.52777E-06   0.84202E-02
   0.14844E+02  -0.12480E-03   0.18892E-02   0.51755E-02  -0.27173E-04   0.32087E-02  -0.26757E-03  -0.11534E-02  -0.56993E-06  -0.28646E-03   0.41208E-06   0.84138E-02
   0.14861E+02  -0.12451E-03   0.18700E-02   0.52168E-02  -0.40204E-04   0.32133E-02  -0.26809E-03  -0.11553E-02   0.11764E-06  -0.28674E-03  -0.29129E-07   0.84253E-02
   0.14878E+02  -0.96665E-04   0.18321E-02   0.52305E-02   0.10802E-03   0.32180E-02  -0.26860E-03  -0.11574E-02   0.22450E-06  -0.28691E-03  -0.33402E-06   0.85790E-02
   0.14896E+02  -0.56809E-04   0.19432E-02   0.52178E-02   0.19434E-03   0.32227E-02  -0.26908E-03  -0.11597E-02  -0.32447E-06  -0.28685E-03  -0.13666E-07   0.88053E-02
   0.14913E+02  -0.29456E-04   0.20265E-02   0.51943E-02   0.16974E-03   0.32274E-02  -0.26955E-03  -0.11622E-02  -0.65994E-07  -0.28669E-03  -0.14920E-06   0.88698E-02
   0.14931E+02  -0.31033E-04   0.19333E-02   0.51719E-02   0.10863E-03   0.32321E-02  -0.27003E-03  -0.11646E-02   0.82184E-06  -0.28660E-03  -0.29956E-06   0.86943E-02
   0.14948E+02  -0.58588E-04   0.18960E-02   0.51543E-02   0.14297E-03   0.32368E-02  -0.27051E-03  -0.11668E-02   0.19434E-06  -0.28668E-03   0.87717E-07   0.86478E-02
   0.14965E+02  -0.94152E-04   0.19894E-02   0.51513E-02   0.15952E-03   0.32415E-02  -0.27100E-03  -0.11689E-02  -0.98668E-06  -0.28682E-03   0.67511E-06   0.87206E-02
   0.14983E+02  -0.11642E-03   0.20892E-02   0.51776E-02   0.77429E-04   0.32462E-02  -0.27152E-03  -0.11709E-02  -0.88730E-06  -0.28701E-03   0.68395E-06   0.87443E-02
   0.15000E+02  -0.11706E-03   0.21262E-02   0.52315E-02   0.14751E-04   0.32509E-02  -0.27206E-03  -0.11729E-02  -0.39175E-06  -0.28728E-03   0.37531E-03   0.91490E-02
