  0.494023677688818       1.222520418583620E-003
  0.482083068444808       1.222298765809343E-003
  0.470178454307429       1.221988493960447E-003
  0.458333464089175       1.221589420276441E-003
  0.446571182235371       1.221088228251725E-003
  0.434913945861631       1.220492056242057E-003
  0.423383155988834       1.219788620627024E-003
  0.411999106226866       1.218977294067541E-003
  0.400780831609732       1.218070715765658E-003
  0.389745979670826       1.217100603198096E-003
  0.378910705195787       1.216041680728519E-003
  0.368289589429589       1.214855798487311E-003
  0.357895583870804       1.213533813409384E-003
  0.347739978183089       1.212111437940663E-003
  0.337832391211763       1.210614055877447E-003
  0.328180783626965       1.209054152152831E-003
  0.318791490334566       1.207426587878783E-003
  0.309669270506982       1.205719431096303E-003
  0.300817372888782       1.203948446535826E-003
  0.292237613923089       1.202149748828614E-003
  0.283930466217309       1.200357693532058E-003
  0.275895154911291       1.198579298304705E-003
  0.268129759616606       1.196811988535414E-003
  0.260631319750296       1.195031562499327E-003
  0.253395941278031       1.193213575631236E-003
  0.246418903098633       1.191342173068617E-003
  0.239694761533488       1.189406076434330E-003
  0.233217451621116       1.187420366686542E-003
  0.226980384150971       1.185399202710354E-003
  0.220976537594903       1.183351573575169E-003
  0.215198544304614       1.181285520037272E-003
  0.209638770535251       1.179209971838223E-003
  0.204289390026756       1.177132128453744E-003
  0.199142451024489       1.175056653925465E-003
  0.194189936748791       1.172986615393873E-003
  0.189423819430010       1.170921356526852E-003
  0.184836108112170       1.168860363954698E-003
  0.180418890496514       1.166796277923710E-003
  0.176164369147168       1.164719362253985E-003
  0.172064892417298       1.162630946514002E-003
  0.168112980477160       1.160538258240016E-003
  0.164301346837352       1.158443909677834E-003
  0.160622915763249       1.156350868724661E-003
  0.157070835971696       1.154258019696404E-003
  0.153638490990144       1.152161787796792E-003
  0.150319506542889       1.150058138903253E-003
  0.147107755310190       1.147937946746327E-003
  0.143997359384789       1.145797479892315E-003
  0.140982690727640       1.143635862667543E-003
  0.138058369901191       1.141452769925197E-003
  0.135219263334998       1.139246968403928E-003
  0.132460479355158       1.137015864511289E-003
  0.129777363186511       1.134759088836459E-003
  0.127165491114924       1.132478533203158E-003
  0.124620663976577       1.130174211321736E-003
  0.122138900121970       1.127843218024556E-003
  0.119716427984633       1.125479083346782E-003
  0.117349678368081       1.123076018253629E-003
  0.115035276549601       1.120631354971881E-003
  0.112770034285789       1.118142598410395E-003
  0.110550941792451       1.115606912406740E-003
  0.108375159760403       1.113022133058624E-003
  0.106240011458816       1.110386449145546E-003
  0.104142974968954       1.107697373077290E-003
  0.102081675583382       1.104952994577315E-003
  0.100053878398865       1.102152753511053E-003
  9.805748112521318E-002  1.099296454992213E-003
  9.609050712708822E-002  1.096380489252276E-003
  9.415109871129257E-002  1.093401013260687E-003
  9.223751066816444E-002  1.090354145235084E-003
  9.034810407238425E-002  1.087234920313304E-003
  8.848134034567023E-002  1.084035664739899E-003
  8.663577558146329E-002  1.080748803910328E-003
  8.481005512971024E-002  1.077369062107018E-003
  8.300290843820984E-002  1.073891388254697E-003
  8.121314414564174E-002  1.070309574032696E-003
  7.943964542031634E-002  1.066615585607985E-003
  7.768136553782978E-002  1.062802300660432E-003
  7.593732369014961E-002  1.058866441591031E-003
  7.420660101816801E-002  1.054803751333773E-003
  7.248833685941780E-002  1.050605687789221E-003
  7.078172520242082E-002  1.046263274213081E-003
  6.908601133902609E-002  1.041765453844349E-003
  6.740048870606113E-002  1.037101446126128E-003
  6.572449590766438E-002  1.032258281063124E-003
  6.405741390976866E-002  1.027220392108426E-003
  6.239866339835631E-002  1.021970587163757E-003
  6.074770229329696E-002  1.016491608826195E-003
  5.910402340980070E-002  1.010767358896079E-003
  5.746715225976262E-002  1.004776597865443E-003
  5.583664498553959E-002  9.984949336855338E-004
  5.421208641897379E-002  9.918941551760128E-004
  5.259308825876097E-002  9.849446302771401E-004
  5.097928735954965E-002  9.776100952621713E-004
  4.937034412644775E-002  9.698495072175656E-004
  4.776594100889892E-002  9.616147350971322E-004
  4.616578108817865E-002  9.528483076995395E-004
  4.456958675303846E-002  9.434893443383593E-004
  4.297709845830100E-002  9.334723410456331E-004
  4.138807356147611E-002  9.227211590256912E-004
  3.980228523272378E-002  9.111444804156275E-004
  3.821952143374341E-002  8.986307640538616E-004
  3.663958396140560E-002  8.850496172949408E-004
  3.506228755217522E-002  8.702573807118464E-004
  3.348745904359557E-002  8.540957690215597E-004
  3.191493658931466E-002  8.363975696689621E-004
  3.034456892433729E-002  8.169968833378690E-004
  2.877621467737718E-002  7.957494193095003E-004
  2.720974172736834E-002  7.725412417059707E-004
  2.564502660136703E-002  7.473165935044335E-004
  2.408195391124157E-002  7.200758381607462E-004
  2.252041582670189E-002  6.908886475533694E-004
  2.096031158237066E-002  6.599758369972976E-004
  1.940154701673513E-002  6.277753123689890E-004
  1.784403414095270E-002  5.949465473531796E-004
  1.628769073560682E-002  5.624420558602478E-004
  1.473243997362716E-002  5.315421306643285E-004
  1.317821006770015E-002  5.036375779494178E-004
  1.162493394059760E-002  4.798986860683681E-004
  1.007254891695297E-002  4.610002446017953E-004
  8.520996435103179E-003  4.468879472610920E-004
  6.970221777704344E-003  4.368280277369388E-004
  5.420173819908891E-003  4.298736721361032E-004
  3.870804793969951E-003  4.251926877566383E-004
  2.322070069209592E-003  4.220878479111873E-004
  7.739279463561122E-004  4.200692796290139E-004
