  0.494023677688818       1.291599006301768E-003
  0.482083068444808       1.291504642878712E-003
  0.470178454307429       1.291322877299788E-003
  0.458333464089175       1.291043462778977E-003
  0.446571182235371       1.290663435606749E-003
  0.434913945861631       1.290210447826750E-003
  0.423383155988834       1.289678273164174E-003
  0.411999106226866       1.289030446938513E-003
  0.400780831609732       1.288278659647252E-003
  0.389745979670826       1.287446068753119E-003
  0.378910705195787       1.286556722263903E-003
  0.368289589429589       1.285599132388876E-003
  0.357895583870804       1.284562936776071E-003
  0.347739978183089       1.283457070766793E-003
  0.337832391211763       1.282297465341730E-003
  0.328180783626965       1.281101971800367E-003
  0.318791490334566       1.279865735910795E-003
  0.309669270506982       1.278586730667658E-003
  0.300817372888782       1.277268393480355E-003
  0.292237613923089       1.275908100840956E-003
  0.283930466217309       1.274504429882791E-003
  0.275895154911291       1.273046141464220E-003
  0.268129759616606       1.271546447360195E-003
  0.260631319750296       1.270030084492576E-003
  0.253395941278031       1.268509941038785E-003
  0.246418903098633       1.266992220167704E-003
  0.239694761533488       1.265475227198339E-003
  0.233217451621116       1.263963605029487E-003
  0.226980384150971       1.262461863237172E-003
  0.220976537594903       1.260969588715129E-003
  0.215198544304614       1.259475637420473E-003
  0.209638770535251       1.257971663241212E-003
  0.204289390026756       1.256461039886918E-003
  0.199142451024489       1.254951479989285E-003
  0.194189936748791       1.253451287381431E-003
  0.189423819430010       1.251960981198038E-003
  0.184836108112170       1.250477279757007E-003
  0.180418890496514       1.248997659896676E-003
  0.176164369147168       1.247516088786782E-003
  0.172064892417298       1.246025491526592E-003
  0.168112980477160       1.244522331659350E-003
  0.164301346837352       1.243007918464401E-003
  0.160622915763249       1.241491579338159E-003
  0.157070835971696       1.239978025146480E-003
  0.153638490990144       1.238463529852325E-003
  0.150319506542889       1.236942984747295E-003
  0.147107755310190       1.235412837260974E-003
  0.143997359384789       1.233870594134222E-003
  0.140982690727640       1.232316981362197E-003
  0.138058369901191       1.230750303752746E-003
  0.135219263334998       1.229170960119595E-003
  0.132460479355158       1.227579747319625E-003
  0.129777363186511       1.225977794064371E-003
  0.127165491114924       1.224364456390943E-003
  0.124620663976577       1.222737712444971E-003
  0.122138900121970       1.221095987436838E-003
  0.119716427984633       1.219438356298536E-003
  0.117349678368081       1.217763204381764E-003
  0.115035276549601       1.216068684888492E-003
  0.112770034285789       1.214351719468378E-003
  0.110550941792451       1.212610475122081E-003
  0.108375159760403       1.210840090588300E-003
  0.106240011458816       1.209036963945725E-003
  0.104142974968954       1.207199124995946E-003
  0.102081675583382       1.205324713782415E-003
  0.100053878398865       1.203410598209961E-003
  9.805748112521318E-002  1.201454366866935E-003
  9.609050712708822E-002  1.199454205537477E-003
  9.415109871129257E-002  1.197407634514191E-003
  9.223751066816444E-002  1.195310901892755E-003
  9.034810407238425E-002  1.193158974706163E-003
  8.848134034567023E-002  1.190944631339476E-003
  8.663577558146329E-002  1.188661169583461E-003
  8.481005512971024E-002  1.186301534815984E-003
  8.300290843820984E-002  1.183857924949758E-003
  8.121314414564174E-002  1.181322150308056E-003
  7.943964542031634E-002  1.178687377520168E-003
  7.768136553782978E-002  1.175946801651231E-003
  7.593732369014961E-002  1.173092958955958E-003
  7.420660101816801E-002  1.170119735751504E-003
  7.248833685941780E-002  1.167021088059923E-003
  7.078172520242082E-002  1.163788510862252E-003
  6.908601133902609E-002  1.160411371717588E-003
  6.740048870606113E-002  1.156876614554579E-003
  6.572449590766438E-002  1.153172641934848E-003
  6.405741390976866E-002  1.149285132773428E-003
  6.239866339835631E-002  1.145198399356313E-003
  6.074770229329696E-002  1.140893675730598E-003
  5.910402340980070E-002  1.136348948759168E-003
  5.746715225976262E-002  1.131541408242738E-003
  5.583664498553959E-002  1.126444718423255E-003
  5.421208641897379E-002  1.121025665556910E-003
  5.259308825876097E-002  1.115245888654242E-003
  5.097928735954965E-002  1.109060810854060E-003
  4.937034412644775E-002  1.102421465433497E-003
  4.776594100889892E-002  1.095276278430126E-003
  4.616578108817865E-002  1.087560824530136E-003
  4.456958675303846E-002  1.079205622767758E-003
  4.297709845830100E-002  1.070133973290438E-003
  4.138807356147611E-002  1.060250061961232E-003
  3.980228523272378E-002  1.049446462358534E-003
  3.821952143374341E-002  1.037594435574134E-003
  3.663958396140560E-002  1.024541474464758E-003
  3.506228755217522E-002  1.010118141035659E-003
  3.348745904359557E-002  9.941287213126181E-004
  3.191493658931466E-002  9.763600894739234E-004
  3.034456892433729E-002  9.565997220855914E-004
  2.877621467737718E-002  9.346247246003684E-004
  2.720974172736834E-002  9.102060679196271E-004
  2.564502660136703E-002  8.831162204776167E-004
  2.408195391124157E-002  8.531623386673241E-004
  2.252041582670189E-002  8.201924050152474E-004
  2.096031158237066E-002  7.841492784077339E-004
  1.940154701673513E-002  7.451232764829936E-004
  1.784403414095270E-002  7.034324501860872E-004
  1.628769073560682E-002  6.597017763421643E-004
  1.473243997362716E-002  6.151928006133856E-004
  1.317821006770015E-002  5.719191705096290E-004
  1.162493394059760E-002  5.325882401730172E-004
  1.007254891695297E-002  4.999412701246286E-004
  8.520996435103179E-003  4.758454522755818E-004
  6.970221777704344E-003  4.599584116231301E-004
  5.420173819908891E-003  4.499662957588079E-004
  3.870804793969951E-003  4.434941451856315E-004
  2.322070069209592E-003  4.391619698926350E-004
  7.739279463561122E-004  4.362441078888656E-004
