   0.98805E+00  -0.19543E+01
   0.96417E+00  -0.14934E+01
   0.94036E+00  -0.12720E+01
   0.91667E+00  -0.11207E+01
   0.89314E+00  -0.10052E+01
   0.86983E+00  -0.91394E+00
   0.84677E+00  -0.84041E+00
   0.82400E+00  -0.78142E+00
   0.80156E+00  -0.73493E+00
   0.77949E+00  -0.69872E+00
   0.75782E+00  -0.67083E+00
   0.73658E+00  -0.65019E+00
   0.71579E+00  -0.63468E+00
   0.69548E+00  -0.62181E+00
   0.67566E+00  -0.61084E+00
   0.65636E+00  -0.60277E+00
   0.63758E+00  -0.59826E+00
   0.61934E+00  -0.59754E+00
   0.60163E+00  -0.60045E+00
   0.58448E+00  -0.60616E+00
   0.56786E+00  -0.61376E+00
   0.55179E+00  -0.62297E+00
   0.53626E+00  -0.63391E+00
   0.52126E+00  -0.64666E+00
   0.50679E+00  -0.66100E+00
   0.49284E+00  -0.67686E+00
   0.47939E+00  -0.69491E+00
   0.46643E+00  -0.71608E+00
   0.45396E+00  -0.74099E+00
   0.44195E+00  -0.76951E+00
   0.43040E+00  -0.80077E+00
   0.41928E+00  -0.83416E+00
   0.40858E+00  -0.86967E+00
   0.39828E+00  -0.90764E+00
   0.38838E+00  -0.94800E+00
   0.37885E+00  -0.99044E+00
   0.36967E+00  -0.10348E+01
   0.36084E+00  -0.10813E+01
   0.35233E+00  -0.11304E+01
   0.34413E+00  -0.11830E+01
   0.33623E+00  -0.12408E+01
   0.32860E+00  -0.13054E+01
   0.32125E+00  -0.13787E+01
   0.31414E+00  -0.14639E+01
   0.30728E+00  -0.15655E+01
   0.30064E+00  -0.16914E+01
   0.29422E+00  -0.18602E+01
   0.28799E+00  -0.21244E+01
   0.28197E+00  -0.28351E+01
   0.27612E+00 NaN          
   0.27044E+00 NaN          
   0.26492E+00 NaN          
   0.25955E+00 NaN          
   0.25433E+00 NaN          
   0.24924E+00 NaN          
   0.24428E+00 NaN          
   0.23943E+00 NaN          
   0.23470E+00 NaN          
   0.23007E+00 NaN          
   0.22554E+00 NaN          
   0.22110E+00 NaN          
   0.21675E+00 NaN          
   0.21248E+00 NaN          
   0.20829E+00 NaN          
   0.20416E+00 NaN          
   0.20011E+00 NaN          
   0.19611E+00 NaN          
   0.19218E+00 NaN          
   0.18830E+00 NaN          
   0.18448E+00 NaN          
   0.18070E+00 NaN          
   0.17696E+00 NaN          
   0.17327E+00 NaN          
   0.16962E+00 NaN          
   0.16601E+00 NaN          
   0.16243E+00 NaN          
   0.15888E+00 NaN          
   0.15536E+00 NaN          
   0.15187E+00 NaN          
   0.14841E+00 NaN          
   0.14498E+00 NaN          
   0.14156E+00 NaN          
   0.13817E+00 NaN          
   0.13480E+00 NaN          
   0.13145E+00 NaN          
   0.12811E+00 NaN          
   0.12480E+00 NaN          
   0.12150E+00 NaN          
   0.11821E+00 NaN          
   0.11493E+00 NaN          
   0.11167E+00 NaN          
   0.10842E+00 NaN          
   0.10519E+00 NaN          
   0.10196E+00 NaN          
   0.98741E-01 NaN          
   0.95532E-01 NaN          
   0.92332E-01 NaN          
   0.89139E-01 NaN          
   0.85954E-01 NaN          
   0.82776E-01 NaN          
   0.79605E-01 NaN          
   0.76439E-01 NaN          
   0.73279E-01  -0.23567E+01
   0.70125E-01  -0.18316E+01
   0.66975E-01  -0.15898E+01
   0.63830E-01  -0.14277E+01
   0.60689E-01  -0.13030E+01
   0.57552E-01  -0.11985E+01
   0.54419E-01  -0.11059E+01
   0.51290E-01  -0.10205E+01
   0.48164E-01  -0.94004E+00
   0.45041E-01  -0.86341E+00
   0.41921E-01  -0.78988E+00
   0.38803E-01  -0.71879E+00
   0.35688E-01  -0.64950E+00
   0.32575E-01  -0.58195E+00
   0.29465E-01  -0.51665E+00
   0.26356E-01  -0.45571E+00
   0.23250E-01  -0.40325E+00
   0.20145E-01  -0.36347E+00
   0.17042E-01  -0.33578E+00
   0.13940E-01  -0.31536E+00
   0.10840E-01  -0.29688E+00
   0.77416E-02  -0.27603E+00
   0.46441E-02  -0.24944E+00
   0.15479E-02  -0.23925E+00
