   0.98805E+00  -0.17238E+01
   0.96417E+00  -0.12922E+01
   0.94036E+00  -0.10594E+01
   0.91667E+00  -0.90175E+00
   0.89314E+00  -0.79177E+00
   0.86983E+00  -0.71454E+00
   0.84677E+00  -0.65444E+00
   0.82400E+00  -0.60202E+00
   0.80156E+00  -0.55633E+00
   0.77949E+00  -0.51838E+00
   0.75782E+00  -0.48823E+00
   0.73658E+00  -0.46468E+00
   0.71579E+00  -0.44622E+00
   0.69548E+00  -0.43217E+00
   0.67566E+00  -0.42159E+00
   0.65636E+00  -0.41272E+00
   0.63758E+00  -0.40416E+00
   0.61934E+00  -0.39468E+00
   0.60163E+00  -0.38397E+00
   0.58448E+00  -0.37331E+00
   0.56786E+00  -0.36412E+00
   0.55179E+00  -0.35697E+00
   0.53626E+00  -0.35182E+00
   0.52126E+00  -0.34807E+00
   0.50679E+00  -0.34512E+00
   0.49284E+00  -0.34254E+00
   0.47939E+00  -0.34028E+00
   0.46643E+00  -0.33844E+00
   0.45396E+00  -0.33705E+00
   0.44195E+00  -0.33601E+00
   0.43040E+00  -0.33517E+00
   0.41928E+00  -0.33453E+00
   0.40858E+00  -0.33409E+00
   0.39828E+00  -0.33387E+00
   0.38838E+00  -0.33390E+00
   0.37885E+00  -0.33420E+00
   0.36967E+00  -0.33470E+00
   0.36084E+00  -0.33525E+00
   0.35233E+00  -0.33576E+00
   0.34413E+00  -0.33620E+00
   0.33623E+00  -0.33661E+00
   0.32860E+00  -0.33702E+00
   0.32125E+00  -0.33745E+00
   0.31414E+00  -0.33792E+00
   0.30728E+00  -0.33846E+00
   0.30064E+00  -0.33909E+00
   0.29422E+00  -0.33984E+00
   0.28799E+00  -0.34069E+00
   0.28197E+00  -0.34163E+00
   0.27612E+00  -0.34262E+00
   0.27044E+00  -0.34362E+00
   0.26492E+00  -0.34457E+00
   0.25955E+00  -0.34546E+00
   0.25433E+00  -0.34629E+00
   0.24924E+00  -0.34706E+00
   0.24428E+00  -0.34781E+00
   0.23943E+00  -0.34856E+00
   0.23470E+00  -0.34931E+00
   0.23007E+00  -0.35006E+00
   0.22554E+00  -0.35080E+00
   0.22110E+00  -0.35149E+00
   0.21675E+00  -0.35210E+00
   0.21248E+00  -0.35263E+00
   0.20829E+00  -0.35306E+00
   0.20416E+00  -0.35340E+00
   0.20011E+00  -0.35367E+00
   0.19611E+00  -0.35388E+00
   0.19218E+00  -0.35406E+00
   0.18830E+00  -0.35421E+00
   0.18448E+00  -0.35435E+00
   0.18070E+00  -0.35447E+00
   0.17696E+00  -0.35458E+00
   0.17327E+00  -0.35465E+00
   0.16962E+00  -0.35468E+00
   0.16601E+00  -0.35465E+00
   0.16243E+00  -0.35453E+00
   0.15888E+00  -0.35432E+00
   0.15536E+00  -0.35399E+00
   0.15187E+00  -0.35353E+00
   0.14841E+00  -0.35294E+00
   0.14498E+00  -0.35223E+00
   0.14156E+00  -0.35138E+00
   0.13817E+00  -0.35041E+00
   0.13480E+00  -0.34933E+00
   0.13145E+00  -0.34814E+00
   0.12811E+00  -0.34686E+00
   0.12480E+00  -0.34550E+00
   0.12150E+00  -0.34405E+00
   0.11821E+00  -0.34253E+00
   0.11493E+00  -0.34092E+00
   0.11167E+00  -0.33925E+00
   0.10842E+00  -0.33749E+00
   0.10519E+00  -0.33567E+00
   0.10196E+00  -0.33378E+00
   0.98741E-01  -0.33184E+00
   0.95532E-01  -0.32987E+00
   0.92332E-01  -0.32789E+00
   0.89139E-01  -0.32592E+00
   0.85954E-01  -0.32399E+00
   0.82776E-01  -0.32211E+00
   0.79605E-01  -0.32029E+00
   0.76439E-01  -0.31855E+00
   0.73279E-01  -0.31691E+00
   0.70125E-01  -0.31538E+00
   0.66975E-01  -0.31402E+00
   0.63830E-01  -0.31289E+00
   0.60689E-01  -0.31207E+00
   0.57552E-01  -0.31166E+00
   0.54419E-01  -0.31179E+00
   0.51290E-01  -0.31258E+00
   0.48164E-01  -0.31420E+00
   0.45041E-01  -0.31681E+00
   0.41921E-01  -0.32058E+00
   0.38803E-01  -0.32569E+00
   0.35688E-01  -0.33234E+00
   0.32575E-01  -0.34072E+00
   0.29465E-01  -0.35105E+00
   0.26356E-01  -0.36363E+00
   0.23250E-01  -0.37877E+00
   0.20145E-01  -0.39689E+00
   0.17042E-01  -0.41844E+00
   0.13940E-01  -0.44395E+00
   0.10840E-01  -0.47399E+00
   0.77416E-02  -0.50923E+00
   0.46441E-02  -0.55100E+00
   0.15479E-02  -0.60545E+00
