   0.96417E+00  -0.16997E+01  -0.94981E+00   0.55953E+01  -0.11522E+00  -0.58969E-01  -0.35398E-01   0.38535E-03   0.77710E+02
   0.94036E+00  -0.17379E+01  -0.96891E+00   0.53812E+01  -0.10103E+00  -0.67620E-01  -0.29127E-01   0.21516E-03   0.77709E+02
   0.91667E+00  -0.21154E+01  -0.10022E+01   0.57719E+01  -0.60086E-01  -0.68662E-01  -0.21526E-01  -0.14453E-03   0.77699E+02
   0.89314E+00  -0.25677E+01  -0.10332E+01   0.60832E+01   0.96831E-03  -0.61131E-01  -0.12965E-01  -0.33592E-03   0.77699E+02
   0.86983E+00  -0.28082E+01  -0.10458E+01   0.60474E+01   0.58330E-01  -0.56379E-01  -0.64934E-02  -0.37416E-03   0.77709E+02
   0.84677E+00  -0.27601E+01  -0.10315E+01   0.55675E+01   0.97089E-01  -0.54497E-01  -0.89867E-03  -0.38606E-03   0.77723E+02
   0.82400E+00  -0.25286E+01  -0.98584E+00   0.46900E+01   0.11194E+00  -0.55151E-01   0.48088E-02  -0.48210E-03   0.77736E+02
   0.80156E+00  -0.22882E+01  -0.91757E+00   0.40264E+01   0.11037E+00  -0.61473E-01   0.78882E-02  -0.51366E-03   0.77744E+02
   0.77949E+00  -0.21277E+01  -0.84070E+00   0.36253E+01   0.10052E+00  -0.62341E-01   0.90413E-02  -0.30877E-03   0.77749E+02
   0.75782E+00  -0.19312E+01  -0.75567E+00   0.33105E+01   0.79039E-01  -0.56808E-01   0.85517E-02  -0.25891E-03   0.77744E+02
   0.73658E+00  -0.16942E+01  -0.67177E+00   0.29196E+01   0.52164E-01  -0.47006E-01   0.74673E-02  -0.37657E-03   0.77737E+02
   0.71579E+00  -0.15175E+01  -0.60957E+00   0.26211E+01   0.36889E-01  -0.34849E-01   0.58495E-02  -0.40205E-03   0.77731E+02
   0.69548E+00  -0.14557E+01  -0.56752E+00   0.25513E+01   0.38066E-01  -0.25411E-01   0.35729E-02  -0.39570E-03   0.77729E+02
   0.67566E+00  -0.14269E+01  -0.52123E+00   0.25208E+01   0.41053E-01  -0.17194E-01   0.14511E-02  -0.74767E-03   0.77733E+02
   0.65636E+00  -0.14239E+01  -0.45656E+00   0.25498E+01   0.33257E-01  -0.10881E-01  -0.37301E-03  -0.93832E-03   0.77740E+02
   0.63758E+00  -0.13918E+01  -0.37940E+00   0.25190E+01   0.20392E-01  -0.45341E-02  -0.19004E-02  -0.94101E-03   0.77747E+02
   0.61934E+00  -0.13451E+01  -0.30038E+00   0.24481E+01   0.13183E-01   0.14411E-02  -0.29948E-02  -0.10543E-02   0.77752E+02
   0.60163E+00  -0.12630E+01  -0.22902E+00   0.23819E+01   0.14288E-01   0.34034E-02  -0.45702E-02  -0.11427E-02   0.77753E+02
   0.58448E+00  -0.11362E+01  -0.17089E+00   0.21839E+01   0.20660E-01   0.56897E-02  -0.59990E-02  -0.10923E-02   0.77754E+02
   0.56786E+00  -0.10050E+01  -0.12102E+00   0.18640E+01   0.28449E-01   0.75052E-02  -0.66454E-02  -0.11639E-02   0.77758E+02
   0.55179E+00  -0.92280E+00  -0.72612E-01   0.15455E+01   0.38038E-01   0.12280E-01  -0.60388E-02  -0.17152E-02   0.77762E+02
   0.53626E+00  -0.82772E+00  -0.24432E-01   0.11969E+01   0.46069E-01   0.18085E-01  -0.47327E-02  -0.23529E-02   0.77768E+02
   0.52126E+00  -0.71190E+00   0.19655E-01   0.87994E+00   0.47570E-01   0.18949E-01  -0.34726E-02  -0.21460E-02   0.77775E+02
   0.50679E+00  -0.61160E+00   0.58867E-01   0.57270E+00   0.45391E-01   0.21194E-01  -0.18694E-02  -0.15751E-02   0.77780E+02
   0.49284E+00  -0.53985E+00   0.10436E+00   0.21013E+00   0.35401E-01   0.30057E-01   0.46225E-03  -0.17962E-02   0.77784E+02
   0.47939E+00  -0.53291E+00   0.16125E+00  -0.99864E-01   0.25493E-01   0.42109E-01   0.34210E-02  -0.25698E-02   0.77785E+02
   0.46643E+00  -0.54178E+00   0.22858E+00  -0.32165E+00   0.16971E-01   0.50797E-01   0.62945E-02  -0.31592E-02   0.77784E+02
   0.45396E+00  -0.53240E+00   0.29604E+00  -0.41596E+00   0.11065E-01   0.49921E-01   0.79557E-02  -0.29638E-02   0.77784E+02
   0.44195E+00  -0.49767E+00   0.34913E+00  -0.42997E+00   0.12197E-01   0.40669E-01   0.80695E-02  -0.18166E-02   0.77781E+02
   0.43040E+00  -0.51234E+00   0.38325E+00  -0.29919E+00   0.21932E-01   0.30105E-01   0.68681E-02  -0.85505E-03   0.77779E+02
   0.41928E+00  -0.57895E+00   0.40752E+00  -0.86254E-01   0.33516E-01   0.22152E-01   0.52996E-02  -0.81458E-03   0.77778E+02
   0.40858E+00  -0.66357E+00   0.43004E+00   0.13653E+00   0.40438E-01   0.19230E-01   0.38620E-02  -0.11928E-02   0.77776E+02
   0.39828E+00  -0.72262E+00   0.44990E+00   0.31600E+00   0.47542E-01   0.20940E-01   0.23941E-02  -0.13205E-02   0.77776E+02
   0.38838E+00  -0.72821E+00   0.46182E+00   0.44480E+00   0.59161E-01   0.24070E-01   0.54108E-03  -0.15626E-02   0.77777E+02
   0.37885E+00  -0.65263E+00   0.46598E+00   0.49118E+00   0.75967E-01   0.25307E-01  -0.16107E-02  -0.15648E-02   0.77779E+02
   0.36967E+00  -0.51922E+00   0.46568E+00   0.41884E+00   0.93617E-01   0.24620E-01  -0.35552E-02  -0.15292E-02   0.77782E+02
   0.36084E+00  -0.35372E+00   0.46380E+00   0.22682E+00   0.11227E+00   0.21056E-01  -0.50349E-02  -0.11777E-02   0.77786E+02
   0.35233E+00  -0.17810E+00   0.46517E+00  -0.10088E+00   0.12605E+00   0.19996E-01  -0.55306E-02  -0.92846E-03   0.77791E+02
   0.34413E+00  -0.23096E-01   0.47284E+00  -0.51114E+00   0.13629E+00   0.20793E-01  -0.49326E-02  -0.12882E-02   0.77795E+02
   0.33623E+00   0.11241E+00   0.48551E+00  -0.94535E+00   0.14465E+00   0.20357E-01  -0.36312E-02  -0.21806E-02   0.77800E+02
   0.32860E+00   0.21053E+00   0.49739E+00  -0.13333E+01   0.15536E+00   0.15833E-01  -0.22939E-02  -0.30395E-02   0.77804E+02
   0.32125E+00   0.31317E+00   0.50878E+00  -0.16084E+01   0.16821E+00   0.29760E-02  -0.16109E-02  -0.21793E-02   0.77808E+02
   0.31414E+00   0.41848E+00   0.51941E+00  -0.18191E+01   0.17643E+00  -0.12589E-01  -0.13811E-02  -0.38069E-03   0.77812E+02
   0.30728E+00   0.51991E+00   0.52568E+00  -0.20200E+01   0.17614E+00  -0.26510E-01  -0.11317E-02   0.72361E-03   0.77815E+02
   0.30064E+00   0.62490E+00   0.53051E+00  -0.22525E+01   0.16719E+00  -0.36138E-01  -0.41053E-03   0.62691E-03   0.77817E+02
   0.29422E+00   0.71986E+00   0.53623E+00  -0.25037E+01   0.15532E+00  -0.42997E-01   0.77302E-03  -0.47344E-03   0.77819E+02
   0.28799E+00   0.80153E+00   0.54289E+00  -0.27431E+01   0.14274E+00  -0.52434E-01   0.21463E-02  -0.12129E-02   0.77821E+02
   0.28197E+00   0.86867E+00   0.55049E+00  -0.29603E+01   0.12722E+00  -0.66104E-01   0.33959E-02  -0.99755E-03   0.77824E+02
   0.27612E+00   0.92128E+00   0.56058E+00  -0.31761E+01   0.10812E+00  -0.81432E-01   0.46211E-02  -0.90393E-04   0.77826E+02
   0.27044E+00   0.97281E+00   0.57406E+00  -0.34044E+01   0.86606E-01  -0.97108E-01   0.59408E-02   0.14793E-02   0.77827E+02
   0.26492E+00   0.10268E+01   0.58710E+00  -0.36440E+01   0.64522E-01  -0.11172E+00   0.72670E-02   0.30271E-02   0.77828E+02
   0.25955E+00   0.11042E+01   0.59650E+00  -0.38952E+01   0.43190E-01  -0.12562E+00   0.84719E-02   0.39318E-02   0.77828E+02
   0.25433E+00   0.12102E+01   0.60197E+00  -0.41908E+01   0.20980E-01  -0.13934E+00   0.96678E-02   0.39054E-02   0.77826E+02
   0.24924E+00   0.13478E+01   0.60471E+00  -0.45721E+01  -0.33476E-02  -0.15203E+00   0.11064E-01   0.31563E-02   0.77825E+02
   0.24428E+00   0.15229E+01   0.60688E+00  -0.50510E+01  -0.26776E-01  -0.16184E+00   0.12723E-01   0.19897E-02   0.77824E+02
   0.23943E+00   0.17076E+01   0.60797E+00  -0.55811E+01  -0.48995E-01  -0.17322E+00   0.14341E-01   0.21372E-02   0.77823E+02
   0.23470E+00   0.18985E+01   0.60786E+00  -0.61192E+01  -0.68740E-01  -0.18518E+00   0.15605E-01   0.30441E-02   0.77824E+02
   0.23007E+00   0.20977E+01   0.60876E+00  -0.65995E+01  -0.88340E-01  -0.20043E+00   0.16189E-01   0.41210E-02   0.77824E+02
   0.22554E+00   0.22871E+01   0.61192E+00  -0.69875E+01  -0.11054E+00  -0.22154E+00   0.15984E-01   0.50604E-02   0.77824E+02
   0.22110E+00   0.24691E+01   0.61586E+00  -0.72712E+01  -0.13735E+00  -0.24766E+00   0.15219E-01   0.60218E-02   0.77825E+02
   0.21675E+00   0.26251E+01   0.61992E+00  -0.74803E+01  -0.16642E+00  -0.27603E+00   0.14142E-01   0.74179E-02   0.77826E+02
   0.21248E+00   0.27420E+01   0.62423E+00  -0.76587E+01  -0.19733E+00  -0.30026E+00   0.13163E-01   0.80686E-02   0.77827E+02
   0.20829E+00   0.28400E+01   0.63050E+00  -0.77983E+01  -0.22932E+00  -0.32162E+00   0.12280E-01   0.79133E-02   0.77828E+02
   0.20416E+00   0.29066E+01   0.63661E+00  -0.78615E+01  -0.26107E+00  -0.34565E+00   0.11264E-01   0.74442E-02   0.77829E+02
   0.20011E+00   0.29397E+01   0.63900E+00  -0.78332E+01  -0.28606E+00  -0.37452E+00   0.99700E-02   0.72985E-02   0.77829E+02
   0.19611E+00   0.29437E+01   0.63517E+00  -0.77181E+01  -0.29923E+00  -0.40807E+00   0.83913E-02   0.84757E-02   0.77829E+02
   0.19218E+00   0.29113E+01   0.62309E+00  -0.75386E+01  -0.30390E+00  -0.44232E+00   0.67328E-02   0.99786E-02   0.77829E+02
   0.18830E+00   0.28470E+01   0.60630E+00  -0.73103E+01  -0.30378E+00  -0.47704E+00   0.50490E-02   0.10195E-01   0.77830E+02
   0.18448E+00   0.27553E+01   0.58610E+00  -0.70327E+01  -0.30125E+00  -0.51572E+00   0.32350E-02   0.98580E-02   0.77830E+02
   0.18070E+00   0.26380E+01   0.55948E+00  -0.67039E+01  -0.29467E+00  -0.55876E+00   0.13476E-02   0.99520E-02   0.77831E+02
   0.17696E+00   0.24868E+01   0.52402E+00  -0.63361E+01  -0.28160E+00  -0.60565E+00  -0.65718E-03   0.11006E-01   0.77832E+02
   0.17327E+00   0.23355E+01   0.48148E+00  -0.59343E+01  -0.26147E+00  -0.65624E+00  -0.26629E-02   0.12605E-01   0.77834E+02
   0.16962E+00   0.21795E+01   0.43311E+00  -0.55085E+01  -0.23566E+00  -0.70779E+00  -0.45809E-02   0.13640E-01   0.77835E+02
   0.16601E+00   0.20243E+01   0.38129E+00  -0.50664E+01  -0.20871E+00  -0.76031E+00  -0.63716E-02   0.13945E-01   0.77836E+02
   0.16243E+00   0.18730E+01   0.32679E+00  -0.46138E+01  -0.18458E+00  -0.81831E+00  -0.80497E-02   0.14339E-01   0.77837E+02
   0.15888E+00   0.17077E+01   0.27141E+00  -0.41459E+01  -0.16661E+00  -0.88459E+00  -0.95749E-02   0.15832E-01   0.77838E+02
   0.15536E+00   0.15397E+01   0.21768E+00  -0.36620E+01  -0.15462E+00  -0.95969E+00  -0.11046E-01   0.18236E-01   0.77839E+02
   0.15187E+00   0.13509E+01   0.16189E+00  -0.32140E+01  -0.14128E+00  -0.10382E+01  -0.12350E-01   0.21296E-01   0.77840E+02
   0.14841E+00   0.11547E+01   0.10572E+00  -0.28410E+01  -0.12520E+00  -0.11139E+01  -0.13286E-01   0.22984E-01   0.77841E+02
   0.14498E+00   0.95981E+00   0.51497E-01  -0.25302E+01  -0.11271E+00  -0.11938E+01  -0.13859E-01   0.23438E-01   0.77842E+02
   0.14156E+00   0.78240E+00  -0.13422E-02  -0.22681E+01  -0.10201E+00  -0.12822E+01  -0.14158E-01   0.25185E-01   0.77842E+02
   0.13817E+00   0.60727E+00  -0.58440E-01  -0.20735E+01  -0.91045E-01  -0.13741E+01  -0.14203E-01   0.27861E-01   0.77843E+02
   0.13480E+00   0.43959E+00  -0.12070E+00  -0.19959E+01  -0.81767E-01  -0.14601E+01  -0.13843E-01   0.28276E-01   0.77843E+02
   0.13145E+00   0.29066E+00  -0.18591E+00  -0.19973E+01  -0.76014E-01  -0.15432E+01  -0.13156E-01   0.25321E-01   0.77844E+02
   0.12811E+00   0.16554E+00  -0.25238E+00  -0.20227E+01  -0.70650E-01  -0.16333E+01  -0.12406E-01   0.21199E-01   0.77846E+02
   0.12480E+00   0.57688E-01  -0.32300E+00  -0.20519E+01  -0.59468E-01  -0.17341E+01  -0.11750E-01   0.18447E-01   0.77849E+02
   0.12150E+00  -0.21789E-01  -0.40054E+00  -0.20862E+01  -0.41903E-01  -0.18399E+01  -0.11300E-01   0.14932E-01   0.77852E+02
   0.11821E+00  -0.10197E+00  -0.49007E+00  -0.21341E+01  -0.18745E-01  -0.19502E+01  -0.11112E-01   0.10025E-01   0.77856E+02
   0.11493E+00  -0.13658E+00  -0.58867E+00  -0.21910E+01   0.95040E-02  -0.20677E+01  -0.11110E-01   0.55924E-02   0.77859E+02
   0.11167E+00  -0.11926E+00  -0.69559E+00  -0.22620E+01   0.42634E-01  -0.21977E+01  -0.11218E-01   0.26472E-02   0.77862E+02
   0.10842E+00  -0.32760E-01  -0.80998E+00  -0.23817E+01   0.71727E-01  -0.23377E+01  -0.11175E-01  -0.16284E-02   0.77866E+02
   0.10519E+00   0.54827E-01  -0.92896E+00  -0.25562E+01   0.85214E-01  -0.24868E+01  -0.10719E-01  -0.74405E-02   0.77870E+02
   0.10196E+00   0.13307E+00  -0.10436E+01  -0.27896E+01   0.81998E-01  -0.26468E+01  -0.95760E-02  -0.13626E-01   0.77874E+02
   0.98741E-01   0.13415E+00  -0.11648E+01  -0.30772E+01   0.66016E-01  -0.28164E+01  -0.75188E-02  -0.20037E-01   0.77878E+02
   0.95532E-01   0.10654E+00  -0.13003E+01  -0.33422E+01   0.41686E-01  -0.29985E+01  -0.45177E-02  -0.27517E-01   0.77883E+02
   0.92332E-01   0.11989E+00  -0.14470E+01  -0.35920E+01   0.15609E-01  -0.32067E+01  -0.73163E-03  -0.32731E-01   0.77889E+02
   0.89139E-01   0.12731E+00  -0.16071E+01  -0.38696E+01  -0.13143E-01  -0.34437E+01   0.32687E-02  -0.36620E-01   0.77894E+02
   0.85954E-01   0.15234E+00  -0.17668E+01  -0.41180E+01  -0.56271E-01  -0.37245E+01   0.70972E-02  -0.39880E-01   0.77900E+02
   0.82776E-01   0.17323E+00  -0.19152E+01  -0.43248E+01  -0.11102E+00  -0.40725E+01   0.10116E-01  -0.33782E-01   0.77906E+02
   0.79605E-01   0.17980E+00  -0.20466E+01  -0.44791E+01  -0.17776E+00  -0.44979E+01   0.12111E-01  -0.15670E-01   0.77911E+02
   0.76439E-01   0.18109E+00  -0.21529E+01  -0.45934E+01  -0.25650E+00  -0.50023E+01   0.13437E-01   0.10308E-01   0.77913E+02
   0.73279E-01   0.16405E+00  -0.22222E+01  -0.46653E+01  -0.34815E+00  -0.56114E+01   0.14697E-01   0.53711E-01   0.77913E+02
   0.70125E-01   0.13251E+00  -0.22517E+01  -0.45944E+01  -0.45325E+00  -0.63860E+01   0.15542E-01   0.13313E+00   0.77911E+02
   0.66975E-01   0.62706E-01  -0.22353E+01  -0.42948E+01  -0.55559E+00  -0.73802E+01   0.15264E-01   0.25900E+00   0.77909E+02
   0.63830E-01  -0.12342E-01  -0.21713E+01  -0.39841E+01  -0.60819E+00  -0.86054E+01   0.14801E-01   0.44444E+00   0.77905E+02
   0.60689E-01  -0.12181E+00  -0.20888E+01  -0.37280E+01  -0.60318E+00  -0.10099E+02   0.13887E-01   0.69805E+00   0.77902E+02
   0.57552E-01  -0.15246E+00  -0.19840E+01  -0.35348E+01  -0.55051E+00  -0.11917E+02   0.12128E-01   0.10348E+01   0.77899E+02
   0.54419E-01  -0.73221E-01  -0.18396E+01  -0.34622E+01  -0.45387E+00  -0.14117E+02   0.91231E-02   0.14764E+01   0.77895E+02
   0.51290E-01  -0.11408E-01  -0.16340E+01  -0.37145E+01  -0.34208E+00  -0.16642E+02   0.58993E-02   0.19898E+01   0.77893E+02
   0.48164E-01   0.66639E-01  -0.13238E+01  -0.40976E+01  -0.24504E+00  -0.19447E+02   0.29917E-02   0.24961E+01   0.77890E+02
   0.45041E-01   0.13753E+00  -0.90466E+00  -0.42385E+01  -0.16911E+00  -0.22515E+02   0.33900E-03   0.29241E+01   0.77885E+02
   0.41921E-01   0.25069E+00  -0.37079E+00  -0.35511E+01  -0.11254E+00  -0.25842E+02  -0.33686E-02   0.31617E+01   0.77881E+02
   0.38803E-01   0.14108E+00   0.21818E+00  -0.26416E+01  -0.46297E-01  -0.29133E+02  -0.76809E-02   0.30372E+01   0.77876E+02
   0.35688E-01  -0.25432E-02   0.83929E+00  -0.15743E+01   0.16880E-01  -0.32112E+02  -0.10884E-01   0.23036E+01   0.77869E+02
   0.32575E-01  -0.26103E+00   0.14402E+01  -0.62914E+00   0.11117E+00  -0.34694E+02  -0.12248E-01   0.89564E+00   0.77860E+02
   0.29465E-01  -0.69024E+00   0.19351E+01  -0.33013E+00   0.12914E+00  -0.36681E+02  -0.10462E-01  -0.10733E+01   0.77852E+02
   0.26356E-01  -0.90800E+00   0.22968E+01  -0.98797E-01   0.45250E-01  -0.38487E+02  -0.66390E-02  -0.32446E+01   0.77848E+02
   0.23250E-01  -0.78291E+00   0.24900E+01   0.54387E+00  -0.24585E-01  -0.40807E+02  -0.43149E-02  -0.48110E+01   0.77845E+02
   0.20145E-01  -0.57180E+00   0.24422E+01   0.50928E+00  -0.12272E-03  -0.44040E+02  -0.33713E-02  -0.48722E+01   0.77841E+02
   0.17042E-01  -0.45687E+00   0.21548E+01   0.17917E+00   0.15192E-01  -0.47941E+02  -0.19134E-02  -0.34900E+01   0.77837E+02
   0.13940E-01  -0.28930E+00   0.17663E+01   0.49107E-01   0.17764E-01  -0.51432E+02  -0.52857E-03  -0.17998E+01   0.77835E+02
   0.10840E-01  -0.16551E+00   0.13350E+01   0.25257E-01   0.19391E-01  -0.53721E+02   0.16542E-03  -0.73863E+00   0.77833E+02
   0.77416E-02  -0.88781E-01   0.88589E+00   0.15475E-01   0.18866E-01  -0.55033E+02   0.20678E-03  -0.28877E+00   0.77831E+02
   0.46441E-02  -0.37816E-01   0.46906E+00   0.76418E-02   0.81058E-02  -0.55856E+02  -0.13797E-03  -0.13149E+00   0.77830E+02
   0.15479E-02  -0.68203E-02   0.13473E+00   0.22113E-02   0.10024E-02  -0.56489E+02  -0.38181E-03  -0.87544E-01   0.77830E+02
