   0.96417E+00  -0.55001E+01  -0.35366E+01   0.87035E+01  -0.17055E-01  -0.28266E+00   0.29722E-01   0.31850E-03   0.80104E+02
   0.94036E+00  -0.56046E+01  -0.33651E+01   0.10137E+02  -0.13337E+00  -0.29765E+00   0.81733E-02   0.19773E-03   0.80121E+02
   0.91667E+00  -0.55626E+01  -0.33114E+01   0.11208E+02  -0.16041E+00  -0.30353E+00  -0.11265E-01   0.23522E-03   0.80127E+02
   0.89314E+00  -0.52836E+01  -0.33285E+01   0.11341E+02  -0.97653E-01  -0.32077E+00  -0.22123E-01   0.26903E-03   0.80126E+02
   0.86983E+00  -0.48664E+01  -0.33961E+01   0.10676E+02  -0.10118E-01  -0.32810E+00  -0.22898E-01   0.37662E-03   0.80116E+02
   0.84677E+00  -0.43059E+01  -0.35187E+01   0.93264E+01   0.91210E-01  -0.31621E+00  -0.16261E-01   0.53998E-03   0.80099E+02
   0.82400E+00  -0.36729E+01  -0.36288E+01   0.76678E+01   0.17846E+00  -0.30306E+00  -0.74999E-02   0.59951E-03   0.80090E+02
   0.80156E+00  -0.30176E+01  -0.36587E+01   0.59714E+01   0.19859E+00  -0.29650E+00   0.29402E-03   0.55843E-03   0.80092E+02
   0.77949E+00  -0.23700E+01  -0.36114E+01   0.43413E+01   0.16236E+00  -0.28379E+00   0.62545E-02   0.47343E-03   0.80098E+02
   0.75782E+00  -0.18443E+01  -0.35078E+01   0.31679E+01   0.11721E+00  -0.25912E+00   0.82200E-02   0.44610E-03   0.80100E+02
   0.73658E+00  -0.15678E+01  -0.33523E+01   0.28284E+01   0.87896E-01  -0.23493E+00   0.46469E-02   0.26055E-03   0.80097E+02
   0.71579E+00  -0.16238E+01  -0.31684E+01   0.33723E+01   0.83001E-01  -0.22189E+00  -0.22878E-02   0.14330E-03   0.80093E+02
   0.69548E+00  -0.19549E+01  -0.30183E+01   0.44795E+01   0.10797E+00  -0.21271E+00  -0.90834E-02   0.31401E-03   0.80090E+02
   0.67566E+00  -0.23261E+01  -0.29267E+01   0.54565E+01   0.16507E+00  -0.19923E+00  -0.12751E-01   0.55413E-03   0.80090E+02
   0.65636E+00  -0.25555E+01  -0.28545E+01   0.58597E+01   0.22570E+00  -0.17770E+00  -0.12312E-01   0.63904E-03   0.80090E+02
   0.63758E+00  -0.25972E+01  -0.27655E+01   0.56873E+01   0.26621E+00  -0.15123E+00  -0.92133E-02   0.56218E-03   0.80087E+02
   0.61934E+00  -0.24650E+01  -0.26489E+01   0.50786E+01   0.28150E+00  -0.13058E+00  -0.56376E-02   0.45173E-03   0.80086E+02
   0.60163E+00  -0.22173E+01  -0.25138E+01   0.43593E+01   0.27875E+00  -0.11677E+00  -0.35287E-02   0.28088E-03   0.80086E+02
   0.58448E+00  -0.19107E+01  -0.23815E+01   0.37009E+01   0.28519E+00  -0.10858E+00  -0.33543E-02   0.34654E-04   0.80087E+02
   0.56786E+00  -0.16369E+01  -0.22584E+01   0.31864E+01   0.30690E+00  -0.10527E+00  -0.41196E-02   0.79466E-04   0.80090E+02
   0.55179E+00  -0.14331E+01  -0.21402E+01   0.27471E+01   0.32804E+00  -0.10151E+00  -0.39956E-02   0.20838E-03   0.80096E+02
   0.53626E+00  -0.13392E+01  -0.20227E+01   0.24412E+01   0.34535E+00  -0.96663E-01  -0.30029E-02   0.26168E-04   0.80105E+02
   0.52126E+00  -0.13546E+01  -0.18939E+01   0.23355E+01   0.35312E+00  -0.92422E-01  -0.18098E-02  -0.14247E-03   0.80114E+02
   0.50679E+00  -0.14405E+01  -0.17444E+01   0.23630E+01   0.33886E+00  -0.90824E-01  -0.46966E-03  -0.66521E-04   0.80117E+02
   0.49284E+00  -0.15328E+01  -0.15909E+01   0.23576E+01   0.31911E+00  -0.96389E-01   0.12950E-02   0.12398E-03   0.80115E+02
   0.47939E+00  -0.15851E+01  -0.14593E+01   0.22293E+01   0.31426E+00  -0.10663E+00   0.37857E-02   0.29891E-03   0.80108E+02
   0.46643E+00  -0.15492E+01  -0.13636E+01   0.19415E+01   0.32945E+00  -0.11138E+00   0.70803E-02   0.31851E-03   0.80096E+02
   0.45396E+00  -0.14574E+01  -0.12914E+01   0.15238E+01   0.34927E+00  -0.10449E+00   0.11164E-01   0.34889E-03   0.80083E+02
   0.44195E+00  -0.13199E+01  -0.12197E+01   0.97736E+00   0.35503E+00  -0.88662E-01   0.15976E-01   0.50793E-03   0.80069E+02
   0.43040E+00  -0.10851E+01  -0.11371E+01   0.27333E+00   0.33907E+00  -0.73491E-01   0.20805E-01   0.50018E-03   0.80055E+02
   0.41928E+00  -0.75546E+00  -0.10435E+01  -0.59970E+00   0.31125E+00  -0.60763E-01   0.24875E-01  -0.61637E-05   0.80043E+02
   0.40858E+00  -0.37397E+00  -0.94786E+00  -0.14671E+01   0.28728E+00  -0.52828E-01   0.26881E-01  -0.40602E-03   0.80034E+02
   0.39828E+00   0.20473E-01  -0.86167E+00  -0.21750E+01   0.27593E+00  -0.51227E-01   0.26314E-01  -0.47859E-03   0.80026E+02
   0.38838E+00   0.37415E+00  -0.78756E+00  -0.26475E+01   0.27253E+00  -0.56001E-01   0.23546E-01  -0.21717E-03   0.80021E+02
   0.37885E+00   0.64901E+00  -0.72020E+00  -0.29231E+01   0.27042E+00  -0.62673E-01   0.19713E-01   0.53921E-04   0.80017E+02
   0.36967E+00   0.84625E+00  -0.65542E+00  -0.30412E+01   0.26889E+00  -0.71167E-01   0.15285E-01   0.30573E-03   0.80015E+02
   0.36084E+00   0.99319E+00  -0.59264E+00  -0.30643E+01   0.26735E+00  -0.80366E-01   0.10745E-01   0.45913E-03   0.80016E+02
   0.35233E+00   0.10953E+01  -0.53264E+00  -0.30192E+01   0.26590E+00  -0.90388E-01   0.62730E-02   0.67108E-03   0.80020E+02
   0.34413E+00   0.11474E+01  -0.47722E+00  -0.29229E+01   0.26227E+00  -0.97700E-01   0.23756E-02   0.91022E-03   0.80025E+02
   0.33623E+00   0.11496E+01  -0.42808E+00  -0.27824E+01   0.25487E+00  -0.10327E+00  -0.82987E-03   0.12498E-02   0.80031E+02
   0.32860E+00   0.11292E+01  -0.38768E+00  -0.26284E+01   0.24373E+00  -0.10758E+00  -0.33383E-02   0.17487E-02   0.80037E+02
   0.32125E+00   0.11041E+01  -0.35507E+00  -0.25001E+01   0.23186E+00  -0.11080E+00  -0.51855E-02   0.21357E-02   0.80043E+02
   0.31414E+00   0.10877E+01  -0.32747E+00  -0.24276E+01   0.22225E+00  -0.11333E+00  -0.63144E-02   0.24342E-02   0.80049E+02
   0.30728E+00   0.10826E+01  -0.30242E+00  -0.24074E+01   0.21565E+00  -0.11748E+00  -0.69285E-02   0.26373E-02   0.80056E+02
   0.30064E+00   0.10985E+01  -0.27702E+00  -0.24259E+01   0.20885E+00  -0.12333E+00  -0.72584E-02   0.26210E-02   0.80063E+02
   0.29422E+00   0.11400E+01  -0.24923E+00  -0.25000E+01   0.20060E+00  -0.13025E+00  -0.72209E-02   0.23517E-02   0.80069E+02
   0.28799E+00   0.12161E+01  -0.21906E+00  -0.26420E+01   0.19116E+00  -0.13917E+00  -0.69158E-02   0.22204E-02   0.80075E+02
   0.28197E+00   0.13265E+01  -0.18874E+00  -0.28401E+01   0.18248E+00  -0.15098E+00  -0.64961E-02   0.22821E-02   0.80081E+02
   0.27612E+00   0.14587E+01  -0.15946E+00  -0.30829E+01   0.17622E+00  -0.16454E+00  -0.60308E-02   0.23753E-02   0.80086E+02
   0.27044E+00   0.15803E+01  -0.13069E+00  -0.33278E+01   0.17340E+00  -0.18023E+00  -0.56690E-02   0.23916E-02   0.80090E+02
   0.26492E+00   0.16957E+01  -0.10436E+00  -0.35260E+01   0.17431E+00  -0.20026E+00  -0.56356E-02   0.29122E-02   0.80095E+02
   0.25955E+00   0.17897E+01  -0.80538E-01  -0.36690E+01   0.17771E+00  -0.22331E+00  -0.59499E-02   0.37862E-02   0.80100E+02
   0.25433E+00   0.18611E+01  -0.60562E-01  -0.37663E+01   0.18200E+00  -0.24792E+00  -0.64662E-02   0.48207E-02   0.80106E+02
   0.24924E+00   0.19083E+01  -0.44246E-01  -0.38370E+01   0.18739E+00  -0.27173E+00  -0.70034E-02   0.54942E-02   0.80111E+02
   0.24428E+00   0.19413E+01  -0.31260E-01  -0.38930E+01   0.19526E+00  -0.29433E+00  -0.74545E-02   0.56991E-02   0.80118E+02
   0.23943E+00   0.19563E+01  -0.19948E-01  -0.39417E+01   0.20618E+00  -0.31685E+00  -0.77944E-02   0.56177E-02   0.80124E+02
   0.23470E+00   0.19592E+01  -0.81665E-02  -0.39872E+01   0.21856E+00  -0.34037E+00  -0.80698E-02   0.53452E-02   0.80130E+02
   0.23007E+00   0.19501E+01   0.52788E-02  -0.40325E+01   0.23022E+00  -0.36381E+00  -0.82411E-02   0.46768E-02   0.80136E+02
   0.22554E+00   0.19391E+01   0.20805E-01  -0.40655E+01   0.24063E+00  -0.38874E+00  -0.83154E-02   0.41934E-02   0.80142E+02
   0.22110E+00   0.19229E+01   0.37958E-01  -0.40801E+01   0.25031E+00  -0.41614E+00  -0.83633E-02   0.43416E-02   0.80148E+02
   0.21675E+00   0.19015E+01   0.55269E-01  -0.40779E+01   0.25913E+00  -0.44479E+00  -0.83411E-02   0.47841E-02   0.80152E+02
   0.21248E+00   0.18759E+01   0.72025E-01  -0.40561E+01   0.26651E+00  -0.47488E+00  -0.82074E-02   0.53701E-02   0.80156E+02
   0.20829E+00   0.18499E+01   0.87728E-01  -0.40284E+01   0.27252E+00  -0.50626E+00  -0.78964E-02   0.58954E-02   0.80158E+02
   0.20416E+00   0.18207E+01   0.10199E+00  -0.40003E+01   0.27717E+00  -0.53908E+00  -0.74083E-02   0.63369E-02   0.80160E+02
   0.20011E+00   0.17914E+01   0.11526E+00  -0.39822E+01   0.27993E+00  -0.57245E+00  -0.66640E-02   0.64483E-02   0.80160E+02
   0.19611E+00   0.17687E+01   0.12870E+00  -0.39767E+01   0.28233E+00  -0.60715E+00  -0.56163E-02   0.62058E-02   0.80160E+02
   0.19218E+00   0.17437E+01   0.14232E+00  -0.39800E+01   0.28498E+00  -0.64498E+00  -0.43026E-02   0.57664E-02   0.80160E+02
   0.18830E+00   0.17196E+01   0.15641E+00  -0.39908E+01   0.28726E+00  -0.68646E+00  -0.28615E-02   0.53993E-02   0.80160E+02
   0.18448E+00   0.16915E+01   0.17209E+00  -0.40057E+01   0.28871E+00  -0.73284E+00  -0.14123E-02   0.56122E-02   0.80160E+02
   0.18070E+00   0.16662E+01   0.19032E+00  -0.40250E+01   0.28899E+00  -0.78436E+00  -0.16463E-04   0.63909E-02   0.80161E+02
   0.17696E+00   0.16484E+01   0.21141E+00  -0.40518E+01   0.28713E+00  -0.84096E+00   0.13024E-02   0.74876E-02   0.80163E+02
   0.17327E+00   0.16309E+01   0.23573E+00  -0.40860E+01   0.28270E+00  -0.90160E+00   0.25478E-02   0.84272E-02   0.80164E+02
   0.16962E+00   0.16262E+01   0.26277E+00  -0.41272E+01   0.27601E+00  -0.96739E+00   0.36617E-02   0.94687E-02   0.80167E+02
   0.16601E+00   0.16271E+01   0.29249E+00  -0.41928E+01   0.26675E+00  -0.10362E+01   0.46742E-02   0.10102E-01   0.80170E+02
   0.16243E+00   0.16370E+01   0.32590E+00  -0.42841E+01   0.25522E+00  -0.11076E+01   0.55935E-02   0.10158E-01   0.80174E+02
   0.15888E+00   0.16583E+01   0.36334E+00  -0.43932E+01   0.24217E+00  -0.11831E+01   0.62694E-02   0.97325E-02   0.80178E+02
   0.15536E+00   0.16889E+01   0.40497E+00  -0.45148E+01   0.22869E+00  -0.12637E+01   0.67213E-02   0.90681E-02   0.80181E+02
   0.15187E+00   0.17300E+01   0.44991E+00  -0.46448E+01   0.21540E+00  -0.13493E+01   0.69965E-02   0.82651E-02   0.80185E+02
   0.14841E+00   0.17767E+01   0.49810E+00  -0.47842E+01   0.20239E+00  -0.14395E+01   0.70974E-02   0.73811E-02   0.80189E+02
   0.14498E+00   0.18189E+01   0.55073E+00  -0.49297E+01   0.18983E+00  -0.15346E+01   0.70839E-02   0.59158E-02   0.80193E+02
   0.14156E+00   0.18736E+01   0.60636E+00  -0.50728E+01   0.17845E+00  -0.16375E+01   0.69640E-02   0.38614E-02   0.80197E+02
   0.13817E+00   0.19324E+01   0.66558E+00  -0.52195E+01   0.16931E+00  -0.17486E+01   0.67632E-02   0.15370E-02   0.80202E+02
   0.13480E+00   0.19850E+01   0.72844E+00  -0.53651E+01   0.16364E+00  -0.18685E+01   0.65426E-02  -0.64489E-03   0.80206E+02
   0.13145E+00   0.20538E+01   0.79512E+00  -0.55096E+01   0.16179E+00  -0.19985E+01   0.62748E-02  -0.25861E-02   0.80209E+02
   0.12811E+00   0.21293E+01   0.86603E+00  -0.56621E+01   0.16261E+00  -0.21376E+01   0.59661E-02  -0.47643E-02   0.80213E+02
   0.12480E+00   0.21979E+01   0.94307E+00  -0.58283E+01   0.16459E+00  -0.22841E+01   0.56276E-02  -0.77941E-02   0.80216E+02
   0.12150E+00   0.22777E+01   0.10274E+01  -0.59842E+01   0.16605E+00  -0.24422E+01   0.51113E-02  -0.11247E-01   0.80219E+02
   0.11821E+00   0.23558E+01   0.11198E+01  -0.61170E+01   0.16458E+00  -0.26134E+01   0.43023E-02  -0.15346E-01   0.80222E+02
   0.11493E+00   0.24133E+01   0.12229E+01  -0.62082E+01   0.15924E+00  -0.27978E+01   0.30822E-02  -0.21065E-01   0.80225E+02
   0.11167E+00   0.24662E+01   0.13377E+01  -0.62299E+01   0.15251E+00  -0.29995E+01   0.13717E-02  -0.27562E-01   0.80227E+02
   0.10842E+00   0.24985E+01   0.14626E+01  -0.61710E+01   0.14803E+00  -0.32207E+01  -0.85403E-03  -0.34833E-01   0.80229E+02
   0.10519E+00   0.24904E+01   0.15962E+01  -0.60105E+01   0.14853E+00  -0.34648E+01  -0.36385E-02  -0.43203E-01   0.80231E+02
   0.10196E+00   0.24711E+01   0.17371E+01  -0.57438E+01   0.15424E+00  -0.37364E+01  -0.68845E-02  -0.51875E-01   0.80233E+02
   0.98741E-01   0.24293E+01   0.18859E+01  -0.53769E+01   0.16420E+00  -0.40363E+01  -0.10563E-01  -0.60903E-01   0.80234E+02
   0.95532E-01   0.23386E+01   0.20440E+01  -0.49333E+01   0.17887E+00  -0.43686E+01  -0.14307E-01  -0.69360E-01   0.80234E+02
   0.92332E-01   0.22102E+01   0.22094E+01  -0.44450E+01   0.19699E+00  -0.47334E+01  -0.17821E-01  -0.77770E-01   0.80234E+02
   0.89139E-01   0.20584E+01   0.23832E+01  -0.39538E+01   0.21604E+00  -0.51298E+01  -0.20679E-01  -0.87018E-01   0.80234E+02
   0.85954E-01   0.18676E+01   0.25695E+01  -0.35281E+01   0.23529E+00  -0.55529E+01  -0.22592E-01  -0.98625E-01   0.80234E+02
   0.82776E-01   0.16532E+01   0.27729E+01  -0.32175E+01   0.25170E+00  -0.60029E+01  -0.23304E-01  -0.11307E+00   0.80234E+02
   0.79605E-01   0.14255E+01   0.29944E+01  -0.30345E+01   0.25965E+00  -0.64896E+01  -0.22620E-01  -0.12851E+00   0.80235E+02
   0.76439E-01   0.12172E+01   0.32417E+01  -0.29905E+01   0.25519E+00  -0.70152E+01  -0.20896E-01  -0.14480E+00   0.80237E+02
   0.73279E-01   0.10487E+01   0.35159E+01  -0.30672E+01   0.23665E+00  -0.75900E+01  -0.18248E-01  -0.16230E+00   0.80238E+02
   0.70125E-01   0.89679E+00   0.38138E+01  -0.32250E+01   0.21079E+00  -0.82322E+01  -0.15052E-01  -0.17412E+00   0.80240E+02
   0.66975E-01   0.79037E+00   0.41289E+01  -0.34096E+01   0.18411E+00  -0.89540E+01  -0.11548E-01  -0.17710E+00   0.80243E+02
   0.63830E-01   0.66663E+00   0.44534E+01  -0.35650E+01   0.16254E+00  -0.97767E+01  -0.78864E-02  -0.16619E+00   0.80245E+02
   0.60689E-01   0.54372E+00   0.47849E+01  -0.36821E+01   0.15169E+00  -0.10721E+02  -0.43255E-02  -0.12830E+00   0.80248E+02
   0.57552E-01   0.40048E+00   0.51122E+01  -0.38280E+01   0.14297E+00  -0.11789E+02  -0.20501E-03  -0.57864E-01   0.80251E+02
   0.54419E-01   0.26738E+00   0.54291E+01  -0.40000E+01   0.12196E+00  -0.13000E+02   0.41149E-02   0.50997E-01   0.80253E+02
   0.51290E-01   0.11979E+00   0.57281E+01  -0.40944E+01   0.91109E-01  -0.14411E+02   0.79995E-02   0.22149E+00   0.80256E+02
   0.48164E-01  -0.74026E-01   0.59960E+01  -0.39664E+01   0.71981E-01  -0.16093E+02   0.10475E-01   0.49004E+00   0.80258E+02
   0.45041E-01  -0.27140E+00   0.62241E+01  -0.36137E+01   0.79423E-01  -0.18092E+02   0.11542E-01   0.88134E+00   0.80260E+02
   0.41921E-01  -0.54474E+00   0.63973E+01  -0.32358E+01   0.99378E-01  -0.20405E+02   0.11859E-01   0.13916E+01   0.80261E+02
   0.38803E-01  -0.85497E+00   0.65172E+01  -0.29787E+01   0.12240E+00  -0.22999E+02   0.12202E-01   0.19871E+01   0.80261E+02
   0.35688E-01  -0.12136E+01   0.65614E+01  -0.27297E+01   0.14779E+00  -0.25957E+02   0.11814E-01   0.26585E+01   0.80261E+02
   0.32575E-01  -0.16093E+01   0.65089E+01  -0.23314E+01   0.13639E+00  -0.29181E+02   0.10691E-01   0.32818E+01   0.80260E+02
   0.29465E-01  -0.19214E+01   0.63698E+01  -0.16324E+01   0.10817E+00  -0.32557E+02   0.86379E-02   0.36138E+01   0.80259E+02
   0.26356E-01  -0.21825E+01   0.61201E+01  -0.88276E+00   0.12440E+00  -0.35692E+02   0.57642E-02   0.32961E+01   0.80258E+02
   0.23250E-01  -0.22504E+01   0.57564E+01  -0.23760E+00   0.15471E+00  -0.38171E+02   0.33211E-02   0.19456E+01   0.80256E+02
   0.20145E-01  -0.21285E+01   0.52887E+01   0.19099E+00   0.15811E+00  -0.39781E+02   0.21747E-02  -0.52063E+00   0.80255E+02
   0.17042E-01  -0.16983E+01   0.47486E+01   0.58611E+00   0.15803E+00  -0.41043E+02   0.13039E-02  -0.34494E+01   0.80254E+02
   0.13940E-01  -0.12096E+01   0.40315E+01   0.47456E+00   0.13881E+00  -0.42893E+02   0.64084E-03  -0.53910E+01   0.80254E+02
   0.10840E-01  -0.70060E+00   0.31352E+01   0.31218E+00   0.89144E-01  -0.46225E+02   0.42033E-03  -0.51087E+01   0.80253E+02
   0.77416E-02  -0.31509E+00   0.21112E+01   0.13754E+00   0.46023E-01  -0.50536E+02   0.24229E-03  -0.28874E+01   0.80252E+02
   0.46441E-02  -0.10366E+00   0.11184E+01   0.43071E-01   0.15562E-01  -0.53824E+02   0.10149E-03  -0.88459E+00   0.80252E+02
   0.15479E-02  -0.13921E-01   0.32044E+00   0.56166E-02   0.17657E-02  -0.55407E+02  -0.70191E-04  -0.16970E+00   0.80252E+02
