    0.14704861E+02    0.25568963E+02    0.10534976E-01    0.15529054E+02    0.47428342E-03
    0.14722222E+02    0.25561075E+02    0.10534425E-01    0.15530300E+02    0.47424906E-03
    0.14739583E+02    0.25553596E+02    0.10533268E-01    0.15531548E+02    0.47421578E-03
    0.14756944E+02    0.25546425E+02    0.10534384E-01    0.15532652E+02    0.47419649E-03
    0.14774306E+02    0.25539381E+02    0.10538116E-01    0.15533699E+02    0.47418260E-03
    0.14791667E+02    0.25532266E+02    0.10540148E-01    0.15534867E+02    0.47415691E-03
    0.14809028E+02    0.25524921E+02    0.10538877E-01    0.15536154E+02    0.47411917E-03
    0.14826389E+02    0.25517337E+02    0.10536611E-01    0.15537358E+02    0.47408697E-03
    0.14843750E+02    0.25509778E+02    0.10535437E-01    0.15538463E+02    0.47406193E-03
    0.14861111E+02    0.25502284E+02    0.10535642E-01    0.15539518E+02    0.47404022E-03
    0.14878472E+02    0.25494910E+02    0.10536467E-01    0.15540655E+02    0.47401217E-03
    0.14895833E+02    0.25487731E+02    0.10538476E-01    0.15541807E+02    0.47398416E-03
    0.14913194E+02    0.25480704E+02    0.10541305E-01    0.15542973E+02    0.47395619E-03
    0.14930556E+02    0.25473710E+02    0.10543034E-01    0.15544208E+02    0.47392227E-03
    0.14947917E+02    0.25466786E+02    0.10541879E-01    0.15545540E+02    0.47387950E-03
    0.14965278E+02    0.25459899E+02    0.10538945E-01    0.15546809E+02    0.47384112E-03
    0.14982639E+02    0.25452997E+02    0.10536931E-01    0.15547932E+02    0.47381388E-03
    0.15000000E+02    0.25446018E+02    0.10537094E-01    0.15548953E+02    0.47379506E-03
