    0.31423611E+01    0.51088842E+02    0.10533676E-01    0.14829394E+02    0.33279435E-03
    0.31597222E+01    0.51023261E+02    0.10535147E-01    0.14830371E+02    0.33326207E-03
    0.31770833E+01    0.50956925E+02    0.10536004E-01    0.14831367E+02    0.33372656E-03
    0.31944444E+01    0.50890380E+02    0.10536962E-01    0.14832364E+02    0.33418958E-03
    0.32118056E+01    0.50823755E+02    0.10538784E-01    0.14833317E+02    0.33465787E-03
    0.32291667E+01    0.50756725E+02    0.10541399E-01    0.14834240E+02    0.33513306E-03
    0.32465278E+01    0.50689154E+02    0.10543676E-01    0.14835184E+02    0.33561287E-03
    0.32638889E+01    0.50621374E+02    0.10544917E-01    0.14836147E+02    0.33609610E-03
    0.32812500E+01    0.50553590E+02    0.10545550E-01    0.14837125E+02    0.33657996E-03
    0.32986111E+01    0.50485387E+02    0.10546343E-01    0.14838089E+02    0.33706282E-03
    0.33159722E+01    0.50416461E+02    0.10547236E-01    0.14839059E+02    0.33754320E-03
    0.33333333E+01    0.50347015E+02    0.10548150E-01    0.14840030E+02    0.33802461E-03
    0.33506944E+01    0.50277424E+02    0.10549657E-01    0.14840967E+02    0.33851003E-03
    0.33680556E+01    0.50207985E+02    0.10551601E-01    0.14841906E+02    0.33899553E-03
    0.33854167E+01    0.50139018E+02    0.10553329E-01    0.14842871E+02    0.33947998E-03
    0.34027778E+01    0.50070445E+02    0.10554705E-01    0.14843833E+02    0.33996638E-03
    0.34201389E+01    0.50001710E+02    0.10555528E-01    0.14844797E+02    0.34045426E-03
    0.34375000E+01    0.49932491E+02    0.10555435E-01    0.14845765E+02    0.34093932E-03
