    0.24392361E+02    0.25440971E+02    0.10531382E-01    0.16234288E+02    0.43122350E-03
    0.24409722E+02    0.25444838E+02    0.10528753E-01    0.16235921E+02    0.43109211E-03
    0.24427083E+02    0.25449000E+02    0.10525333E-01    0.16237402E+02    0.43097379E-03
    0.24444444E+02    0.25454165E+02    0.10522464E-01    0.16238773E+02    0.43086442E-03
    0.24461806E+02    0.25460615E+02    0.10521353E-01    0.16240077E+02    0.43075980E-03
    0.24479167E+02    0.25468205E+02    0.10521081E-01    0.16241251E+02    0.43066383E-03
    0.24496528E+02    0.25476338E+02    0.10521007E-01    0.16242372E+02    0.43057050E-03
    0.24513889E+02    0.25484027E+02    0.10522104E-01    0.16243497E+02    0.43047609E-03
    0.24531250E+02    0.25490491E+02    0.10524398E-01    0.16244736E+02    0.43037331E-03
    0.24548611E+02    0.25495550E+02    0.10526226E-01    0.16246134E+02    0.43025918E-03
    0.24565972E+02    0.25499658E+02    0.10526057E-01    0.16247703E+02    0.43013229E-03
    0.24583333E+02    0.25503724E+02    0.10524112E-01    0.16249392E+02    0.42999573E-03
    0.24600694E+02    0.25508630E+02    0.10521252E-01    0.16251013E+02    0.42986294E-03
    0.24618056E+02    0.25514846E+02    0.10518778E-01    0.16252474E+02    0.42974124E-03
    0.24635417E+02    0.25522178E+02    0.10517602E-01    0.16253781E+02    0.42963146E-03
    0.24652778E+02    0.25530075E+02    0.10516423E-01    0.16255041E+02    0.42952701E-03
    0.24670139E+02    0.25537970E+02    0.10514629E-01    0.16256296E+02    0.42942473E-03
    0.24687500E+02    0.25545578E+02    0.10514859E-01    0.16257429E+02    0.42933147E-03
