    0.24704861E+02    0.25552782E+02    0.10518852E-01    0.16258550E+02    0.42923705E-03
    0.24722222E+02    0.25559407E+02    0.10523490E-01    0.16259817E+02    0.42912937E-03
    0.24739583E+02    0.25565386E+02    0.10524801E-01    0.16261305E+02    0.42900381E-03
    0.24756944E+02    0.25570846E+02    0.10522265E-01    0.16262870E+02    0.42887216E-03
    0.24774306E+02    0.25576207E+02    0.10517327E-01    0.16264553E+02    0.42873278E-03
    0.24791667E+02    0.25581990E+02    0.10512704E-01    0.16266221E+02    0.42859653E-03
    0.24809028E+02    0.25588505E+02    0.10510663E-01    0.16267634E+02    0.42848095E-03
    0.24826389E+02    0.25595715E+02    0.10511050E-01    0.16268907E+02    0.42837700E-03
    0.24843750E+02    0.25603507E+02    0.10512938E-01    0.16270062E+02    0.42828133E-03
    0.24861111E+02    0.25611680E+02    0.10516114E-01    0.16271188E+02    0.42818620E-03
    0.24878472E+02    0.25619719E+02    0.10518489E-01    0.16272399E+02    0.42808294E-03
    0.24895833E+02    0.25626901E+02    0.10517509E-01    0.16273796E+02    0.42796577E-03
    0.24913194E+02    0.25632715E+02    0.10514197E-01    0.16275304E+02    0.42784197E-03
    0.24930556E+02    0.25637273E+02    0.10511201E-01    0.16276859E+02    0.42771677E-03
    0.24947917E+02    0.25641428E+02    0.10510087E-01    0.16278433E+02    0.42759122E-03
    0.24965278E+02    0.25646063E+02    0.10511004E-01    0.16279923E+02    0.42747233E-03
    0.24982639E+02    0.25651817E+02    0.10511857E-01    0.16281311E+02    0.42736020E-03
    0.25000000E+02    0.25658641E+02    0.10510335E-01    0.16282608E+02    0.42725406E-03
