    0.22048611E+01    0.54750751E+02    0.10269399E-01    0.14778022E+02    0.30619614E-03
    0.22222222E+01    0.54674420E+02    0.10277558E-01    0.14778957E+02    0.30675491E-03
    0.22395833E+01    0.54598578E+02    0.10285492E-01    0.14779899E+02    0.30730848E-03
    0.22569444E+01    0.54523364E+02    0.10293113E-01    0.14780856E+02    0.30785412E-03
    0.22743056E+01    0.54449198E+02    0.10300344E-01    0.14781814E+02    0.30839170E-03
    0.22916667E+01    0.54375916E+02    0.10307098E-01    0.14782767E+02    0.30892375E-03
    0.23090278E+01    0.54303076E+02    0.10313732E-01    0.14783715E+02    0.30945375E-03
    0.23263889E+01    0.54230449E+02    0.10320929E-01    0.14784655E+02    0.30998371E-03
    0.23437500E+01    0.54158360E+02    0.10328945E-01    0.14785593E+02    0.31051209E-03
    0.23611111E+01    0.54087034E+02    0.10337160E-01    0.14786527E+02    0.31103673E-03
    0.23784722E+01    0.54016228E+02    0.10344609E-01    0.14787467E+02    0.31155672E-03
    0.23958333E+01    0.53945528E+02    0.10350818E-01    0.14788420E+02    0.31207361E-03
    0.24131944E+01    0.53874788E+02    0.10356204E-01    0.14789382E+02    0.31258862E-03
    0.24305556E+01    0.53804277E+02    0.10362025E-01    0.14790339E+02    0.31310151E-03
    0.24479167E+01    0.53734237E+02    0.10368740E-01    0.14791281E+02    0.31361119E-03
    0.24652778E+01    0.53664794E+02    0.10375952E-01    0.14792226E+02    0.31411795E-03
    0.24826389E+01    0.53595631E+02    0.10383180E-01    0.14793155E+02    0.31462496E-03
    0.25000000E+01    0.53526617E+02    0.10389738E-01    0.14794095E+02    0.31513121E-03
