    0.22204861E+02    0.24803349E+02    0.10572409E-01    0.16064661E+02    0.44484571E-03
    0.22222222E+02    0.24807943E+02    0.10571052E-01    0.16066024E+02    0.44473733E-03
    0.22239583E+02    0.24813143E+02    0.10570638E-01    0.16067336E+02    0.44463166E-03
    0.22256944E+02    0.24819054E+02    0.10571019E-01    0.16068611E+02    0.44452746E-03
    0.22274306E+02    0.24825196E+02    0.10571105E-01    0.16069845E+02    0.44442514E-03
    0.22291667E+02    0.24830943E+02    0.10571140E-01    0.16071234E+02    0.44431034E-03
    0.22309028E+02    0.24836047E+02    0.10571446E-01    0.16072654E+02    0.44419275E-03
    0.22326389E+02    0.24840629E+02    0.10570890E-01    0.16074099E+02    0.44407341E-03
    0.22343750E+02    0.24844941E+02    0.10569548E-01    0.16075543E+02    0.44395537E-03
    0.22361111E+02    0.24849291E+02    0.10568449E-01    0.16076859E+02    0.44384833E-03
    0.22378472E+02    0.24853974E+02    0.10568674E-01    0.16078088E+02    0.44374821E-03
    0.22395833E+02    0.24859232E+02    0.10570018E-01    0.16079311E+02    0.44364779E-03
    0.22413194E+02    0.24865163E+02    0.10570921E-01    0.16080594E+02    0.44354192E-03
    0.22430556E+02    0.24871631E+02    0.10570786E-01    0.16081857E+02    0.44343737E-03
    0.22447917E+02    0.24877958E+02    0.10569188E-01    0.16083127E+02    0.44333257E-03
    0.22465278E+02    0.24883556E+02    0.10565941E-01    0.16084563E+02    0.44321536E-03
    0.22482639E+02    0.24888458E+02    0.10564214E-01    0.16085963E+02    0.44310058E-03
    0.22500000E+02    0.24893020E+02    0.10565604E-01    0.16087288E+02    0.44299052E-03
