    0.28454861E+02    0.26749466E+02    0.10367914E-01    0.16565922E+02    0.40535162E-03
    0.28472222E+02    0.26755707E+02    0.10368744E-01    0.16567451E+02    0.40523365E-03
    0.28489583E+02    0.26761868E+02    0.10368411E-01    0.16568929E+02    0.40511916E-03
    0.28506944E+02    0.26768332E+02    0.10368282E-01    0.16570386E+02    0.40500571E-03
    0.28524306E+02    0.26775297E+02    0.10367897E-01    0.16571750E+02    0.40489782E-03
    0.28541667E+02    0.26782655E+02    0.10366163E-01    0.16573185E+02    0.40478492E-03
    0.28559028E+02    0.26789966E+02    0.10363707E-01    0.16574687E+02    0.40466790E-03
    0.28576389E+02    0.26797151E+02    0.10361356E-01    0.16576177E+02    0.40455182E-03
    0.28593750E+02    0.26804323E+02    0.10358906E-01    0.16577667E+02    0.40443508E-03
    0.28611111E+02    0.26811463E+02    0.10356877E-01    0.16579236E+02    0.40431235E-03
    0.28628472E+02    0.26818568E+02    0.10356150E-01    0.16580719E+02    0.40419493E-03
    0.28645833E+02    0.26825628E+02    0.10357502E-01    0.16582159E+02    0.40408009E-03
    0.28663194E+02    0.26832963E+02    0.10362022E-01    0.16583497E+02    0.40397072E-03
    0.28680556E+02    0.26840942E+02    0.10366310E-01    0.16584846E+02    0.40385851E-03
    0.28697917E+02    0.26849566E+02    0.10366031E-01    0.16586367E+02    0.40373384E-03
    0.28715278E+02    0.26858441E+02    0.10361593E-01    0.16587938E+02    0.40360653E-03
    0.28732639E+02    0.26867084E+02    0.10355158E-01    0.16589503E+02    0.40348128E-03
    0.28750000E+02    0.26875267E+02    0.10349360E-01    0.16590957E+02    0.40336509E-03
