    0.95486111E+00    0.67258725E+02    0.92784363E-02    0.14710866E+02    0.22271050E-03
    0.97222222E+00    0.66867956E+02    0.92985937E-02    0.14711784E+02    0.22516123E-03
    0.98958333E+00    0.66489902E+02    0.93184507E-02    0.14712704E+02    0.22753939E-03
    0.10069444E+01    0.66124135E+02    0.93378375E-02    0.14713626E+02    0.22984685E-03
    0.10243056E+01    0.65769891E+02    0.93566389E-02    0.14714550E+02    0.23208763E-03
    0.10416667E+01    0.65426670E+02    0.93749592E-02    0.14715475E+02    0.23426502E-03
    0.10590278E+01    0.65093855E+02    0.93930919E-02    0.14716396E+02    0.23638274E-03
    0.10763889E+01    0.64771242E+02    0.94113008E-02    0.14717316E+02    0.23844120E-03
    0.10937500E+01    0.64458405E+02    0.94297054E-02    0.14718238E+02    0.24044272E-03
    0.11111111E+01    0.64154844E+02    0.94482693E-02    0.14719161E+02    0.24239024E-03
    0.11284722E+01    0.63860338E+02    0.94668466E-02    0.14720085E+02    0.24428494E-03
    0.11458333E+01    0.63574501E+02    0.94852018E-02    0.14721007E+02    0.24612851E-03
    0.11631944E+01    0.63296852E+02    0.95030582E-02    0.14721932E+02    0.24792341E-03
    0.11805556E+01    0.63027107E+02    0.95203448E-02    0.14722856E+02    0.24967138E-03
    0.11979167E+01    0.62765036E+02    0.95372439E-02    0.14723781E+02    0.25137379E-03
    0.12152778E+01    0.62510217E+02    0.95539992E-02    0.14724704E+02    0.25303356E-03
    0.12326389E+01    0.62262394E+02    0.95708515E-02    0.14725626E+02    0.25465185E-03
    0.12500000E+01    0.62021177E+02    0.95879475E-02    0.14726555E+02    0.25623034E-03
