    0.29704861E+02    0.27288670E+02    0.10297405E-01    0.16672699E+02    0.39692717E-03
    0.29722222E+02    0.27294603E+02    0.10294038E-01    0.16674155E+02    0.39681952E-03
    0.29739583E+02    0.27299264E+02    0.10290777E-01    0.16675602E+02    0.39671630E-03
    0.29756944E+02    0.27304617E+02    0.10289982E-01    0.16677000E+02    0.39661325E-03
    0.29774306E+02    0.27308543E+02    0.10289193E-01    0.16678405E+02    0.39651381E-03
    0.29791667E+02    0.27314334E+02    0.10288628E-01    0.16679949E+02    0.39639894E-03
    0.29809028E+02    0.27317643E+02    0.10286520E-01    0.16681528E+02    0.39629001E-03
    0.29826389E+02    0.27323102E+02    0.10285955E-01    0.16682982E+02    0.39618220E-03
    0.29843750E+02    0.27326808E+02    0.10282882E-01    0.16684575E+02    0.39607172E-03
    0.29861111E+02    0.27330440E+02    0.10277315E-01    0.16686210E+02    0.39595900E-03
    0.29878472E+02    0.27338190E+02    0.10273293E-01    0.16687800E+02    0.39583638E-03
    0.29895833E+02    0.27338011E+02    0.10265305E-01    0.16689160E+02    0.39575472E-03
    0.29913194E+02    0.27353442E+02    0.10268852E-01    0.16690499E+02    0.39562360E-03
    0.29930556E+02    0.27347727E+02    0.10258254E-01    0.16691905E+02    0.39555735E-03
    0.29947917E+02    0.27366278E+02    0.10260745E-01    0.16693156E+02    0.39542018E-03
    0.29965278E+02    0.27364792E+02    0.10248085E-01    0.16695039E+02    0.39530884E-03
    0.29982639E+02    0.27366694E+02    0.10222858E-01    0.16696081E+02    0.39523732E-03
