    0.19392361E+02    0.24397922E+02    0.10585738E-01    0.15855013E+02    0.46029234E-03
    0.19409722E+02    0.24397476E+02    0.10587475E-01    0.15856297E+02    0.46020978E-03
    0.19427083E+02    0.24397680E+02    0.10588525E-01    0.15857646E+02    0.46011895E-03
    0.19444444E+02    0.24398560E+02    0.10588358E-01    0.15858940E+02    0.46002895E-03
    0.19461806E+02    0.24399707E+02    0.10586055E-01    0.15860255E+02    0.45993598E-03
    0.19479167E+02    0.24400440E+02    0.10582340E-01    0.15861576E+02    0.45984543E-03
    0.19496528E+02    0.24400499E+02    0.10580374E-01    0.15862841E+02    0.45976466E-03
    0.19513889E+02    0.24400241E+02    0.10581928E-01    0.15863995E+02    0.45969622E-03
    0.19531250E+02    0.24400137E+02    0.10585935E-01    0.15865007E+02    0.45963842E-03
    0.19548611E+02    0.24400392E+02    0.10589720E-01    0.15866160E+02    0.45956623E-03
    0.19565972E+02    0.24401018E+02    0.10590380E-01    0.15867484E+02    0.45947676E-03
    0.19583333E+02    0.24401762E+02    0.10588273E-01    0.15868891E+02    0.45937882E-03
    0.19600694E+02    0.24402237E+02    0.10585873E-01    0.15870306E+02    0.45928075E-03
    0.19618056E+02    0.24402194E+02    0.10583367E-01    0.15871672E+02    0.45918911E-03
    0.19635417E+02    0.24401720E+02    0.10581673E-01    0.15873004E+02    0.45910316E-03
    0.19652778E+02    0.24401454E+02    0.10582597E-01    0.15874243E+02    0.45902494E-03
    0.19670139E+02    0.24401962E+02    0.10585728E-01    0.15875333E+02    0.45895632E-03
    0.19687500E+02    0.24403141E+02    0.10588691E-01    0.15876414E+02    0.45888570E-03
