    0.21892361E+02    0.24726202E+02    0.10577341E-01    0.16040653E+02    0.44675639E-03
    0.21909722E+02    0.24730653E+02    0.10576867E-01    0.16041960E+02    0.44665448E-03
    0.21927083E+02    0.24734950E+02    0.10576622E-01    0.16043354E+02    0.44654536E-03
    0.21944444E+02    0.24738866E+02    0.10575614E-01    0.16044850E+02    0.44642761E-03
    0.21961806E+02    0.24742619E+02    0.10573756E-01    0.16046305E+02    0.44631257E-03
    0.21979167E+02    0.24746452E+02    0.10572075E-01    0.16047630E+02    0.44620736E-03
    0.21996528E+02    0.24750328E+02    0.10572075E-01    0.16048902E+02    0.44610623E-03
    0.22013889E+02    0.24754351E+02    0.10574115E-01    0.16050120E+02    0.44600943E-03
    0.22031250E+02    0.24758625E+02    0.10576489E-01    0.16051307E+02    0.44591549E-03
    0.22048611E+02    0.24762911E+02    0.10576372E-01    0.16052566E+02    0.44581650E-03
    0.22065972E+02    0.24767171E+02    0.10574194E-01    0.16053883E+02    0.44571392E-03
    0.22083333E+02    0.24771632E+02    0.10572809E-01    0.16055198E+02    0.44561112E-03
    0.22100694E+02    0.24776264E+02    0.10572099E-01    0.16056647E+02    0.44549652E-03
    0.22118056E+02    0.24780908E+02    0.10571693E-01    0.16058154E+02    0.44537545E-03
    0.22135417E+02    0.24785634E+02    0.10571928E-01    0.16059565E+02    0.44525982E-03
    0.22152778E+02    0.24790396E+02    0.10572456E-01    0.16060874E+02    0.44515145E-03
    0.22170139E+02    0.24794909E+02    0.10572901E-01    0.16062167E+02    0.44504561E-03
    0.22187500E+02    0.24799120E+02    0.10573176E-01    0.16063395E+02    0.44494647E-03
