    0.12829861E+02    0.26859260E+02    0.10501686E-01    0.15405851E+02    0.47381211E-03
    0.12847222E+02    0.26844013E+02    0.10500683E-01    0.15406939E+02    0.47384446E-03
    0.12864583E+02    0.26829110E+02    0.10499523E-01    0.15408047E+02    0.47387551E-03
    0.12881944E+02    0.26814512E+02    0.10498703E-01    0.15409187E+02    0.47390377E-03
    0.12899306E+02    0.26800047E+02    0.10498447E-01    0.15410307E+02    0.47393445E-03
    0.12916667E+02    0.26785348E+02    0.10499130E-01    0.15411406E+02    0.47396693E-03
    0.12934028E+02    0.26770251E+02    0.10501157E-01    0.15412497E+02    0.47399830E-03
    0.12951389E+02    0.26754859E+02    0.10503317E-01    0.15413638E+02    0.47402194E-03
    0.12968750E+02    0.26739423E+02    0.10503656E-01    0.15414808E+02    0.47404043E-03
    0.12986111E+02    0.26724200E+02    0.10502649E-01    0.15415937E+02    0.47406253E-03
    0.13003472E+02    0.26709223E+02    0.10502465E-01    0.15416974E+02    0.47409453E-03
    0.13020833E+02    0.26694446E+02    0.10503162E-01    0.15418054E+02    0.47412446E-03
    0.13038194E+02    0.26679885E+02    0.10503406E-01    0.15419222E+02    0.47414794E-03
    0.13055556E+02    0.26665589E+02    0.10503486E-01    0.15420420E+02    0.47416934E-03
    0.13072917E+02    0.26651473E+02    0.10504114E-01    0.15421536E+02    0.47419580E-03
    0.13090278E+02    0.26637439E+02    0.10504874E-01    0.15422644E+02    0.47421971E-03
    0.13107639E+02    0.26623256E+02    0.10505068E-01    0.15423788E+02    0.47423787E-03
    0.13125000E+02    0.26608775E+02    0.10504378E-01    0.15424901E+02    0.47425750E-03
