    0.11892361E+02    0.27795615E+02    0.10479658E-01    0.15346015E+02    0.47138087E-03
    0.11909722E+02    0.27775475E+02    0.10480524E-01    0.15347218E+02    0.47143463E-03
    0.11927083E+02    0.27755710E+02    0.10479724E-01    0.15348411E+02    0.47148767E-03
    0.11944444E+02    0.27736286E+02    0.10478645E-01    0.15349537E+02    0.47154612E-03
    0.11961806E+02    0.27717078E+02    0.10478776E-01    0.15350549E+02    0.47161471E-03
    0.11979167E+02    0.27697810E+02    0.10480266E-01    0.15351511E+02    0.47168800E-03
    0.11996528E+02    0.27678401E+02    0.10481169E-01    0.15352549E+02    0.47175442E-03
    0.12013889E+02    0.27658950E+02    0.10480996E-01    0.15353678E+02    0.47181204E-03
    0.12031250E+02    0.27639661E+02    0.10481026E-01    0.15354827E+02    0.47186526E-03
    0.12048611E+02    0.27620705E+02    0.10480868E-01    0.15355974E+02    0.47191618E-03
    0.12065972E+02    0.27602055E+02    0.10480857E-01    0.15357114E+02    0.47196705E-03
    0.12083333E+02    0.27583517E+02    0.10481907E-01    0.15358187E+02    0.47202418E-03
    0.12100694E+02    0.27565069E+02    0.10483493E-01    0.15359264E+02    0.47208161E-03
    0.12118056E+02    0.27546695E+02    0.10485031E-01    0.15360336E+02    0.47213849E-03
    0.12135417E+02    0.27528372E+02    0.10485403E-01    0.15361440E+02    0.47218992E-03
    0.12152778E+02    0.27510098E+02    0.10484316E-01    0.15362587E+02    0.47223567E-03
    0.12170139E+02    0.27491888E+02    0.10483466E-01    0.15363724E+02    0.47228208E-03
    0.12187500E+02    0.27473883E+02    0.10484025E-01    0.15364844E+02    0.47233031E-03
