    0.15954861E+02    0.25040102E+02    0.10550633E-01    0.15613469E+02    0.47215557E-03
    0.15972222E+02    0.25032772E+02    0.10550355E-01    0.15614722E+02    0.47211733E-03
    0.15989583E+02    0.25025520E+02    0.10550049E-01    0.15616012E+02    0.47207515E-03
    0.16006944E+02    0.25018370E+02    0.10549975E-01    0.15617260E+02    0.47203551E-03
    0.16024306E+02    0.25011295E+02    0.10550131E-01    0.15618529E+02    0.47199249E-03
    0.16041667E+02    0.25004390E+02    0.10550408E-01    0.15619745E+02    0.47195241E-03
    0.16059028E+02    0.24997621E+02    0.10550810E-01    0.15620915E+02    0.47191573E-03
    0.16076389E+02    0.24991071E+02    0.10550496E-01    0.15622037E+02    0.47188370E-03
    0.16093750E+02    0.24984877E+02    0.10550640E-01    0.15623060E+02    0.47186058E-03
    0.16111111E+02    0.24978939E+02    0.10552081E-01    0.15624064E+02    0.47183886E-03
    0.16128472E+02    0.24972978E+02    0.10553764E-01    0.15625146E+02    0.47181028E-03
    0.16145833E+02    0.24966707E+02    0.10554557E-01    0.15626371E+02    0.47176899E-03
    0.16163194E+02    0.24960079E+02    0.10553649E-01    0.15627769E+02    0.47171275E-03
    0.16180556E+02    0.24953238E+02    0.10552146E-01    0.15629180E+02    0.47165487E-03
    0.16197917E+02    0.24946512E+02    0.10552005E-01    0.15630501E+02    0.47160278E-03
    0.16215278E+02    0.24940202E+02    0.10553421E-01    0.15631702E+02    0.47155871E-03
    0.16232639E+02    0.24934371E+02    0.10554235E-01    0.15632815E+02    0.47152220E-03
    0.16250000E+02    0.24928776E+02    0.10553737E-01    0.15633916E+02    0.47148964E-03
