    0.26579861E+02    0.26118620E+02    0.10444494E-01    0.16410396E+02    0.41736871E-03
    0.26597222E+02    0.26122397E+02    0.10445002E-01    0.16411753E+02    0.41726716E-03
    0.26614583E+02    0.26126688E+02    0.10445639E-01    0.16413047E+02    0.41716941E-03
    0.26631944E+02    0.26131661E+02    0.10444587E-01    0.16414348E+02    0.41707066E-03
    0.26649306E+02    0.26136808E+02    0.10442539E-01    0.16415710E+02    0.41696837E-03
    0.26666667E+02    0.26141524E+02    0.10441010E-01    0.16417094E+02    0.41686600E-03
    0.26684028E+02    0.26145725E+02    0.10440651E-01    0.16418551E+02    0.41675974E-03
    0.26701389E+02    0.26149704E+02    0.10439565E-01    0.16420147E+02    0.41664364E-03
    0.26718750E+02    0.26153634E+02    0.10437195E-01    0.16421817E+02    0.41652124E-03
    0.26736111E+02    0.26157468E+02    0.10436063E-01    0.16423339E+02    0.41640799E-03
    0.26753472E+02    0.26161243E+02    0.10436897E-01    0.16424741E+02    0.41630241E-03
    0.26770833E+02    0.26165142E+02    0.10437892E-01    0.16426103E+02    0.41619915E-03
    0.26788194E+02    0.26169431E+02    0.10437555E-01    0.16427484E+02    0.41609424E-03
    0.26805556E+02    0.26174323E+02    0.10437109E-01    0.16428775E+02    0.41599566E-03
    0.26822917E+02    0.26179889E+02    0.10437345E-01    0.16430018E+02    0.41590021E-03
    0.26840278E+02    0.26186050E+02    0.10436135E-01    0.16431405E+02    0.41579364E-03
    0.26857639E+02    0.26192465E+02    0.10433760E-01    0.16432820E+02    0.41568397E-03
    0.26875000E+02    0.26198696E+02    0.10433335E-01    0.16434259E+02    0.41557203E-03
