    0.84548611E+01    0.33464039E+02    0.10421159E-01    0.15133986E+02    0.44540400E-03
    0.84722222E+01    0.33424927E+02    0.10422157E-01    0.15134944E+02    0.44562227E-03
    0.84895833E+01    0.33385827E+02    0.10423729E-01    0.15135934E+02    0.44583551E-03
    0.85069444E+01    0.33346887E+02    0.10424305E-01    0.15136993E+02    0.44604105E-03
    0.85243056E+01    0.33308261E+02    0.10423160E-01    0.15138111E+02    0.44624145E-03
    0.85416667E+01    0.33269951E+02    0.10421840E-01    0.15139188E+02    0.44644656E-03
    0.85590278E+01    0.33231886E+02    0.10421821E-01    0.15140224E+02    0.44665634E-03
    0.85763889E+01    0.33194053E+02    0.10422559E-01    0.15141253E+02    0.44686684E-03
    0.85937500E+01    0.33156505E+02    0.10423183E-01    0.15142280E+02    0.44707684E-03
    0.86111111E+01    0.33118922E+02    0.10423464E-01    0.15143252E+02    0.44728845E-03
    0.86284722E+01    0.33080872E+02    0.10423352E-01    0.15144255E+02    0.44749397E-03
    0.86458333E+01    0.33042315E+02    0.10422983E-01    0.15145317E+02    0.44769211E-03
    0.86631944E+01    0.33003729E+02    0.10422676E-01    0.15146401E+02    0.44788759E-03
    0.86805556E+01    0.32965656E+02    0.10422940E-01    0.15147467E+02    0.44808518E-03
    0.86979167E+01    0.32928250E+02    0.10423500E-01    0.15148518E+02    0.44828450E-03
    0.87152778E+01    0.32891263E+02    0.10423954E-01    0.15149589E+02    0.44848229E-03
    0.87326389E+01    0.32854548E+02    0.10424000E-01    0.15150648E+02    0.44868144E-03
    0.87500000E+01    0.32818044E+02    0.10423409E-01    0.15151685E+02    0.44888289E-03
