    0.43923611E+01    0.46219779E+02    0.10549388E-01    0.14898986E+02    0.36639475E-03
    0.44097222E+01    0.46152613E+02    0.10547759E-01    0.14899970E+02    0.36684097E-03
    0.44270833E+01    0.46086099E+02    0.10546472E-01    0.14900929E+02    0.36728683E-03
    0.44444444E+01    0.46019357E+02    0.10545755E-01    0.14901866E+02    0.36773633E-03
    0.44618056E+01    0.45952008E+02    0.10545320E-01    0.14902833E+02    0.36818733E-03
    0.44791667E+01    0.45884467E+02    0.10544984E-01    0.14903828E+02    0.36863755E-03
    0.44965278E+01    0.45817354E+02    0.10544658E-01    0.14904823E+02    0.36908482E-03
    0.45138889E+01    0.45750972E+02    0.10544056E-01    0.14905813E+02    0.36952795E-03
    0.45312500E+01    0.45685005E+02    0.10542961E-01    0.14906785E+02    0.36997001E-03
    0.45486111E+01    0.45618910E+02    0.10541605E-01    0.14907754E+02    0.37041310E-03
    0.45659722E+01    0.45552343E+02    0.10540418E-01    0.14908708E+02    0.37085843E-03
    0.45833333E+01    0.45485511E+02    0.10539446E-01    0.14909684E+02    0.37130150E-03
    0.46006944E+01    0.45418741E+02    0.10538798E-01    0.14910682E+02    0.37174179E-03
    0.46180556E+01    0.45352343E+02    0.10538428E-01    0.14911669E+02    0.37218163E-03
    0.46354167E+01    0.45286310E+02    0.10537783E-01    0.14912653E+02    0.37262063E-03
    0.46527778E+01    0.45220395E+02    0.10536596E-01    0.14913626E+02    0.37306041E-03
    0.46701389E+01    0.45154436E+02    0.10535241E-01    0.14914587E+02    0.37350216E-03
    0.46875000E+01    0.45088620E+02    0.10534274E-01    0.14915544E+02    0.37394417E-03
