    0.68923611E+01    0.37584771E+02    0.10441176E-01    0.15041943E+02    0.42159900E-03
    0.69097222E+01    0.37533062E+02    0.10440823E-01    0.15042939E+02    0.42190667E-03
    0.69270833E+01    0.37480692E+02    0.10440159E-01    0.15043977E+02    0.42220560E-03
    0.69444444E+01    0.37428171E+02    0.10439209E-01    0.15045005E+02    0.42250405E-03
    0.69618056E+01    0.37376018E+02    0.10438091E-01    0.15046062E+02    0.42280330E-03
    0.69791667E+01    0.37324635E+02    0.10437041E-01    0.15047100E+02    0.42310917E-03
    0.69965278E+01    0.37274104E+02    0.10436351E-01    0.15048115E+02    0.42342125E-03
    0.70138889E+01    0.37224097E+02    0.10436386E-01    0.15049095E+02    0.42373675E-03
    0.70312500E+01    0.37174281E+02    0.10436615E-01    0.15050070E+02    0.42404887E-03
    0.70486111E+01    0.37124275E+02    0.10436000E-01    0.15051078E+02    0.42435230E-03
    0.70659722E+01    0.37073676E+02    0.10434836E-01    0.15052094E+02    0.42464996E-03
    0.70833333E+01    0.37022394E+02    0.10433973E-01    0.15053087E+02    0.42494671E-03
    0.71006944E+01    0.36970804E+02    0.10433589E-01    0.15054096E+02    0.42524310E-03
    0.71180556E+01    0.36919494E+02    0.10433218E-01    0.15055124E+02    0.42554087E-03
    0.71354167E+01    0.36868976E+02    0.10432667E-01    0.15056156E+02    0.42584094E-03
    0.71527778E+01    0.36819336E+02    0.10432304E-01    0.15057170E+02    0.42614259E-03
    0.71701389E+01    0.36770297E+02    0.10432145E-01    0.15058183E+02    0.42644293E-03
    0.71875000E+01    0.36721369E+02    0.10431576E-01    0.15059209E+02    0.42674011E-03
