    0.28767361E+02    0.26883247E+02    0.10347738E-01    0.16592404E+02    0.40324974E-03
    0.28784722E+02    0.26891450E+02    0.10350335E-01    0.16593833E+02    0.40313423E-03
    0.28802083E+02    0.26900163E+02    0.10353635E-01    0.16595237E+02    0.40301786E-03
    0.28819444E+02    0.26909149E+02    0.10356128E-01    0.16596695E+02    0.40289608E-03
    0.28836806E+02    0.26917975E+02    0.10358272E-01    0.16598146E+02    0.40277442E-03
    0.28854167E+02    0.26926693E+02    0.10357996E-01    0.16599563E+02    0.40265505E-03
    0.28871528E+02    0.26935395E+02    0.10354110E-01    0.16601144E+02    0.40252548E-03
    0.28888889E+02    0.26943874E+02    0.10349384E-01    0.16602770E+02    0.40239455E-03
    0.28906250E+02    0.26952326E+02    0.10346004E-01    0.16604414E+02    0.40226381E-03
    0.28923611E+02    0.26961102E+02    0.10344307E-01    0.16605913E+02    0.40214298E-03
    0.28940972E+02    0.26970373E+02    0.10344343E-01    0.16607202E+02    0.40203530E-03
    0.28958333E+02    0.26980070E+02    0.10345981E-01    0.16608448E+02    0.40192884E-03
    0.28975694E+02    0.26989943E+02    0.10347634E-01    0.16609820E+02    0.40181234E-03
    0.28993056E+02    0.26999695E+02    0.10347660E-01    0.16611387E+02    0.40168207E-03
    0.29010417E+02    0.27008731E+02    0.10345824E-01    0.16613020E+02    0.40154863E-03
    0.29027778E+02    0.27016665E+02    0.10343805E-01    0.16614593E+02    0.40142213E-03
    0.29045139E+02    0.27023871E+02    0.10342503E-01    0.16616071E+02    0.40130400E-03
    0.29062500E+02    0.27031009E+02    0.10341282E-01    0.16617554E+02    0.40118612E-03
