    0.65798611E+01    0.38531293E+02    0.10451117E-01    0.15023869E+02    0.41582797E-03
    0.65972222E+01    0.38478033E+02    0.10451705E-01    0.15024761E+02    0.41616594E-03
    0.66145833E+01    0.38423818E+02    0.10452289E-01    0.15025708E+02    0.41649534E-03
    0.66319444E+01    0.38368919E+02    0.10452023E-01    0.15026749E+02    0.41681399E-03
    0.66493056E+01    0.38314225E+02    0.10450742E-01    0.15027848E+02    0.41712671E-03
    0.66666667E+01    0.38260569E+02    0.10448956E-01    0.15028970E+02    0.41743864E-03
    0.66840278E+01    0.38208275E+02    0.10447562E-01    0.15030041E+02    0.41775769E-03
    0.67013889E+01    0.38156980E+02    0.10446887E-01    0.15031021E+02    0.41808743E-03
    0.67187500E+01    0.38105883E+02    0.10446691E-01    0.15031946E+02    0.41842375E-03
    0.67361111E+01    0.38054136E+02    0.10446816E-01    0.15032851E+02    0.41875890E-03
    0.67534722E+01    0.38001225E+02    0.10446731E-01    0.15033793E+02    0.41908381E-03
    0.67708333E+01    0.37947521E+02    0.10446148E-01    0.15034820E+02    0.41939449E-03
    0.67881944E+01    0.37893689E+02    0.10445351E-01    0.15035891E+02    0.41969737E-03
    0.68055556E+01    0.37840353E+02    0.10444454E-01    0.15036972E+02    0.41999974E-03
    0.68229167E+01    0.37788114E+02    0.10443234E-01    0.15038062E+02    0.42030620E-03
    0.68402778E+01    0.37736937E+02    0.10442055E-01    0.15039079E+02    0.42062548E-03
    0.68576389E+01    0.37686259E+02    0.10441437E-01    0.15040041E+02    0.42095305E-03
    0.68750000E+01    0.37635684E+02    0.10441285E-01    0.15040996E+02    0.42127918E-03
