    0.32986111E+00    0.99207494E+02    0.85061729E-02    0.14677910E+02    0.45782838E-04
    0.34722222E+00    0.97366581E+02    0.85213018E-02    0.14678821E+02    0.54506009E-04
    0.36458333E+00    0.95628498E+02    0.85391182E-02    0.14679732E+02    0.62971957E-04
    0.38194444E+00    0.93987679E+02    0.85585308E-02    0.14680643E+02    0.71147668E-04
    0.39930556E+00    0.92437738E+02    0.85786915E-02    0.14681555E+02    0.79020114E-04
    0.41666667E+00    0.90972010E+02    0.85993230E-02    0.14682467E+02    0.86589061E-04
    0.43402778E+00    0.89583927E+02    0.86204974E-02    0.14683379E+02    0.93861856E-04
    0.45138889E+00    0.88267621E+02    0.86422048E-02    0.14684292E+02    0.10084824E-03
    0.46875000E+00    0.87017982E+02    0.86642949E-02    0.14685205E+02    0.10755842E-03
    0.48611111E+00    0.85830117E+02    0.86866726E-02    0.14686117E+02    0.11400477E-03
    0.50347222E+00    0.84699458E+02    0.87093358E-02    0.14687030E+02    0.12020052E-03
    0.52083333E+00    0.83621909E+02    0.87323444E-02    0.14687943E+02    0.12615828E-03
    0.53819444E+00    0.82593929E+02    0.87556160E-02    0.14688856E+02    0.13188924E-03
    0.55555556E+00    0.81612199E+02    0.87789297E-02    0.14689770E+02    0.13740468E-03
    0.57291667E+00    0.80673739E+02    0.88020243E-02    0.14690685E+02    0.14271533E-03
    0.59027778E+00    0.79775875E+02    0.88247729E-02    0.14691600E+02    0.14783118E-03
    0.60763889E+00    0.78916115E+02    0.88473201E-02    0.14692514E+02    0.15276179E-03
    0.62500000E+00    0.78091976E+02    0.88698638E-02    0.14693429E+02    0.15751714E-03
