    0.17204861E+02    0.24627911E+02    0.10567827E-01    0.15700334E+02    0.46894671E-03
    0.17222222E+02    0.24623682E+02    0.10566635E-01    0.15701533E+02    0.46889301E-03
    0.17239583E+02    0.24619754E+02    0.10567868E-01    0.15702640E+02    0.46884821E-03
    0.17256944E+02    0.24616198E+02    0.10570197E-01    0.15703706E+02    0.46880669E-03
    0.17274306E+02    0.24612837E+02    0.10572055E-01    0.15704775E+02    0.46876370E-03
    0.17291667E+02    0.24609410E+02    0.10572195E-01    0.15705946E+02    0.46871132E-03
    0.17309028E+02    0.24605723E+02    0.10570943E-01    0.15707199E+02    0.46865165E-03
    0.17326389E+02    0.24601668E+02    0.10570619E-01    0.15708484E+02    0.46858815E-03
    0.17343750E+02    0.24597605E+02    0.10571794E-01    0.15709820E+02    0.46851831E-03
    0.17361111E+02    0.24593932E+02    0.10573407E-01    0.15711082E+02    0.46845327E-03
    0.17378472E+02    0.24590704E+02    0.10574440E-01    0.15712375E+02    0.46838574E-03
    0.17395833E+02    0.24587580E+02    0.10574160E-01    0.15713611E+02    0.46832391E-03
    0.17413194E+02    0.24584279E+02    0.10573085E-01    0.15714754E+02    0.46827163E-03
    0.17430556E+02    0.24580845E+02    0.10572009E-01    0.15715863E+02    0.46822353E-03
    0.17447917E+02    0.24577591E+02    0.10571044E-01    0.15717011E+02    0.46817215E-03
    0.17465278E+02    0.24574833E+02    0.10571735E-01    0.15718197E+02    0.46811596E-03
    0.17482639E+02    0.24572536E+02    0.10574836E-01    0.15719327E+02    0.46806088E-03
    0.17500000E+02    0.24570116E+02    0.10577966E-01    0.15720506E+02    0.46799879E-03
