    0.29079861E+02    0.27038479E+02    0.10339545E-01    0.16619121E+02    0.40106235E-03
    0.29097222E+02    0.27046647E+02    0.10338039E-01    0.16620668E+02    0.40093898E-03
    0.29114583E+02    0.27055650E+02    0.10337983E-01    0.16622039E+02    0.40082601E-03
    0.29131944E+02    0.27065152E+02    0.10338929E-01    0.16623389E+02    0.40071373E-03
    0.29149306E+02    0.27074599E+02    0.10338584E-01    0.16624832E+02    0.40059513E-03
    0.29166667E+02    0.27083648E+02    0.10336418E-01    0.16626406E+02    0.40046851E-03
    0.29184028E+02    0.27092177E+02    0.10334175E-01    0.16627962E+02    0.40034374E-03
    0.29201389E+02    0.27100052E+02    0.10331958E-01    0.16629507E+02    0.40022077E-03
    0.29218750E+02    0.27107143E+02    0.10330146E-01    0.16630987E+02    0.40010377E-03
    0.29236111E+02    0.27113667E+02    0.10329490E-01    0.16632348E+02    0.39999620E-03
    0.29253472E+02    0.27119963E+02    0.10330141E-01    0.16633735E+02    0.39988778E-03
    0.29270833E+02    0.27126551E+02    0.10332560E-01    0.16635212E+02    0.39977296E-03
    0.29288194E+02    0.27134036E+02    0.10334807E-01    0.16636815E+02    0.39964789E-03
    0.29305556E+02    0.27142606E+02    0.10332562E-01    0.16638481E+02    0.39951665E-03
    0.29322917E+02    0.27151593E+02    0.10325783E-01    0.16640035E+02    0.39939255E-03
    0.29340278E+02    0.27160103E+02    0.10319834E-01    0.16641473E+02    0.39927799E-03
    0.29357639E+02    0.27167537E+02    0.10318291E-01    0.16642839E+02    0.39917113E-03
    0.29375000E+02    0.27174067E+02    0.10319564E-01    0.16644281E+02    0.39906125E-03
