    0.15625000E+00    0.14337030E+03    0.87288740E-02    0.14668822E+02    0.77786188E-04
    0.17361111E+00    0.13012122E+03    0.86650362E-02    0.14669726E+02    0.96100219E-04
    0.19097222E+00    0.12195805E+03    0.86103722E-02    0.14670633E+02    0.11465726E-03
    0.20833333E+00    0.11666691E+03    0.85636860E-02    0.14671541E+02    0.13316855E-03
    0.22569444E+00    0.11301889E+03    0.85274737E-02    0.14672450E+02    0.15058746E-03
    0.24305556E+00    0.11017356E+03    0.85030325E-02    0.14673359E+02    0.17765505E-05
    0.26041667E+00    0.10768714E+03    0.84895428E-02    0.14674269E+02    0.10151252E-04
    0.27777778E+00    0.10538560E+03    0.84850000E-02    0.14675179E+02    0.18889976E-04
    0.29513889E+00    0.10321346E+03    0.84872318E-02    0.14676089E+02    0.27852066E-04
    0.31250000E+00    0.10115549E+03    0.84945972E-02    0.14677000E+02    0.36864435E-04
