    0.78298611E+01    0.34973844E+02    0.10423896E-01    0.15096876E+02    0.43695922E-03
    0.78472222E+01    0.34929459E+02    0.10424016E-01    0.15097855E+02    0.43721890E-03
    0.78645833E+01    0.34884636E+02    0.10423533E-01    0.15098860E+02    0.43747370E-03
    0.78819444E+01    0.34839469E+02    0.10422608E-01    0.15099913E+02    0.43772333E-03
    0.78993056E+01    0.34794536E+02    0.10421499E-01    0.15100971E+02    0.43797354E-03
    0.79166667E+01    0.34750284E+02    0.10421052E-01    0.15101988E+02    0.43822849E-03
    0.79340278E+01    0.34706708E+02    0.10422118E-01    0.15102982E+02    0.43848395E-03
    0.79513889E+01    0.34663484E+02    0.10423906E-01    0.15103981E+02    0.43873606E-03
    0.79687500E+01    0.34620107E+02    0.10424723E-01    0.15105015E+02    0.43898292E-03
    0.79861111E+01    0.34576194E+02    0.10423899E-01    0.15106073E+02    0.43922650E-03
    0.80034722E+01    0.34531870E+02    0.10422100E-01    0.15107137E+02    0.43946880E-03
    0.80208333E+01    0.34487733E+02    0.10420530E-01    0.15108181E+02    0.43971162E-03
    0.80381944E+01    0.34444362E+02    0.10420053E-01    0.15109202E+02    0.43995563E-03
    0.80555556E+01    0.34401885E+02    0.10420868E-01    0.15110182E+02    0.44020306E-03
    0.80729167E+01    0.34359947E+02    0.10422399E-01    0.15111148E+02    0.44045115E-03
    0.80902778E+01    0.34318011E+02    0.10423758E-01    0.15112171E+02    0.44069306E-03
    0.81076389E+01    0.34275795E+02    0.10424058E-01    0.15113222E+02    0.44093037E-03
    0.81250000E+01    0.34233143E+02    0.10423158E-01    0.15114295E+02    0.44116307E-03
