    0.13454861E+02    0.26349649E+02    0.10511725E-01    0.15446331E+02    0.47458363E-03
    0.13472222E+02    0.26336209E+02    0.10512577E-01    0.15447545E+02    0.47458657E-03
    0.13489583E+02    0.26322666E+02    0.10513399E-01    0.15448690E+02    0.47459430E-03
    0.13506944E+02    0.26309021E+02    0.10513849E-01    0.15449851E+02    0.47460161E-03
    0.13524306E+02    0.26295480E+02    0.10513512E-01    0.15451016E+02    0.47461111E-03
    0.13541667E+02    0.26282259E+02    0.10512417E-01    0.15452145E+02    0.47462648E-03
    0.13559028E+02    0.26269400E+02    0.10511566E-01    0.15453211E+02    0.47464870E-03
    0.13576389E+02    0.26256735E+02    0.10512731E-01    0.15454236E+02    0.47467378E-03
    0.13593750E+02    0.26244108E+02    0.10515517E-01    0.15455332E+02    0.47469001E-03
    0.13611111E+02    0.26231310E+02    0.10517219E-01    0.15456519E+02    0.47469505E-03
    0.13628472E+02    0.26218166E+02    0.10516520E-01    0.15457781E+02    0.47469211E-03
    0.13645833E+02    0.26204652E+02    0.10515145E-01    0.15458999E+02    0.47469373E-03
    0.13663194E+02    0.26191088E+02    0.10514336E-01    0.15460185E+02    0.47469943E-03
    0.13680556E+02    0.26177941E+02    0.10513978E-01    0.15461345E+02    0.47470808E-03
    0.13697917E+02    0.26165412E+02    0.10514712E-01    0.15462397E+02    0.47472520E-03
    0.13715278E+02    0.26153580E+02    0.10516782E-01    0.15463386E+02    0.47474586E-03
    0.13732639E+02    0.26142131E+02    0.10518779E-01    0.15464452E+02    0.47475828E-03
    0.13750000E+02    0.26130336E+02    0.10519116E-01    0.15465628E+02    0.47476042E-03
