    0.25329861E+02    0.25774710E+02    0.10494503E-01    0.16308682E+02    0.42513837E-03
    0.25347222E+02    0.25781195E+02    0.10496230E-01    0.16310025E+02    0.42502843E-03
    0.25364583E+02    0.25788103E+02    0.10497306E-01    0.16311429E+02    0.42491445E-03
    0.25381944E+02    0.25794972E+02    0.10497537E-01    0.16312723E+02    0.42480917E-03
    0.25399306E+02    0.25801380E+02    0.10496032E-01    0.16314138E+02    0.42469666E-03
    0.25416667E+02    0.25806957E+02    0.10493524E-01    0.16315611E+02    0.42458199E-03
    0.25434028E+02    0.25811824E+02    0.10491404E-01    0.16317107E+02    0.42446749E-03
    0.25451389E+02    0.25816303E+02    0.10489925E-01    0.16318531E+02    0.42435848E-03
    0.25468750E+02    0.25820711E+02    0.10488795E-01    0.16319863E+02    0.42425526E-03
    0.25486111E+02    0.25825268E+02    0.10488489E-01    0.16321126E+02    0.42415576E-03
    0.25503472E+02    0.25830172E+02    0.10488915E-01    0.16322474E+02    0.42404962E-03
    0.25520833E+02    0.25835377E+02    0.10489314E-01    0.16323908E+02    0.42393761E-03
    0.25538194E+02    0.25840592E+02    0.10488337E-01    0.16325435E+02    0.42382057E-03
    0.25555556E+02    0.25845577E+02    0.10485652E-01    0.16326891E+02    0.42371067E-03
    0.25572917E+02    0.25850333E+02    0.10483393E-01    0.16328217E+02    0.42361160E-03
    0.25590278E+02    0.25854944E+02    0.10483674E-01    0.16329466E+02    0.42351838E-03
    0.25607639E+02    0.25859365E+02    0.10485339E-01    0.16330781E+02    0.42341978E-03
    0.25625000E+02    0.25863535E+02    0.10485729E-01    0.16332221E+02    0.42331052E-03
