    0.59548611E+01    0.40542625E+02    0.10480257E-01    0.14987801E+02    0.40332988E-03
    0.59722222E+01    0.40483972E+02    0.10479105E-01    0.14988800E+02    0.40369131E-03
    0.59895833E+01    0.40425052E+02    0.10477623E-01    0.14989812E+02    0.40404832E-03
    0.60069444E+01    0.40366587E+02    0.10476207E-01    0.14990830E+02    0.40440417E-03
    0.60243056E+01    0.40309047E+02    0.10475078E-01    0.14991843E+02    0.40476311E-03
    0.60416667E+01    0.40252179E+02    0.10474400E-01    0.14992850E+02    0.40512613E-03
    0.60590278E+01    0.40195601E+02    0.10474259E-01    0.14993826E+02    0.40549347E-03
    0.60763889E+01    0.40138987E+02    0.10474451E-01    0.14994796E+02    0.40585998E-03
    0.60937500E+01    0.40082132E+02    0.10474190E-01    0.14995791E+02    0.40622042E-03
    0.61111111E+01    0.40024935E+02    0.10472855E-01    0.14996789E+02    0.40657558E-03
    0.61284722E+01    0.39967169E+02    0.10470971E-01    0.14997793E+02    0.40692638E-03
    0.61458333E+01    0.39909069E+02    0.10469375E-01    0.14998808E+02    0.40727577E-03
    0.61631944E+01    0.39851268E+02    0.10468247E-01    0.14999811E+02    0.40762816E-03
    0.61805556E+01    0.39794283E+02    0.10467570E-01    0.15000819E+02    0.40798292E-03
    0.61979167E+01    0.39738370E+02    0.10467637E-01    0.15001815E+02    0.40833915E-03
    0.62152778E+01    0.39683139E+02    0.10468060E-01    0.15002804E+02    0.40869365E-03
    0.62326389E+01    0.39627803E+02    0.10467682E-01    0.15003814E+02    0.40904379E-03
    0.62500000E+01    0.39571918E+02    0.10466200E-01    0.15004839E+02    0.40939161E-03
