    0.26892361E+02    0.26204378E+02    0.10433942E-01    0.16435870E+02    0.41544804E-03
    0.26909722E+02    0.26209394E+02    0.10432249E-01    0.16437540E+02    0.41532044E-03
    0.26927083E+02    0.26213811E+02    0.10430070E-01    0.16439096E+02    0.41520181E-03
    0.26944444E+02    0.26218048E+02    0.10431004E-01    0.16440475E+02    0.41509590E-03
    0.26961806E+02    0.26222724E+02    0.10433087E-01    0.16441784E+02    0.41499405E-03
    0.26979167E+02    0.26228206E+02    0.10432579E-01    0.16443128E+02    0.41488906E-03
    0.26996528E+02    0.26234375E+02    0.10430874E-01    0.16444410E+02    0.41478819E-03
    0.27013889E+02    0.26240902E+02    0.10430788E-01    0.16445724E+02    0.41468513E-03
    0.27031250E+02    0.26247507E+02    0.10430439E-01    0.16447135E+02    0.41457526E-03
    0.27048611E+02    0.26253916E+02    0.10428426E-01    0.16448601E+02    0.41446165E-03
    0.27065972E+02    0.26259826E+02    0.10426324E-01    0.16450152E+02    0.41434250E-03
    0.27083333E+02    0.26265089E+02    0.10424623E-01    0.16451782E+02    0.41421801E-03
    0.27100694E+02    0.26269790E+02    0.10423814E-01    0.16453360E+02    0.41409766E-03
    0.27118056E+02    0.26274181E+02    0.10424300E-01    0.16454818E+02    0.41398660E-03
    0.27135417E+02    0.26278646E+02    0.10425670E-01    0.16456111E+02    0.41388755E-03
    0.27152778E+02    0.26283718E+02    0.10427433E-01    0.16457337E+02    0.41379224E-03
    0.27170139E+02    0.26289692E+02    0.10428096E-01    0.16458628E+02    0.41369060E-03
    0.27187500E+02    0.26296260E+02    0.10426241E-01    0.16460035E+02    0.41357982E-03
