    0.11267361E+02    0.28551520E+02    0.10464247E-01    0.15306747E+02    0.46875378E-03
    0.11284722E+02    0.28529461E+02    0.10464773E-01    0.15307911E+02    0.46882938E-03
    0.11302083E+02    0.28507662E+02    0.10464933E-01    0.15309030E+02    0.46890667E-03
    0.11319444E+02    0.28486118E+02    0.10464537E-01    0.15310099E+02    0.46898759E-03
    0.11336806E+02    0.28464647E+02    0.10464323E-01    0.15311094E+02    0.46907553E-03
    0.11354167E+02    0.28442892E+02    0.10464962E-01    0.15312041E+02    0.46916798E-03
    0.11371528E+02    0.28420731E+02    0.10466660E-01    0.15313057E+02    0.46925365E-03
    0.11388889E+02    0.28398611E+02    0.10468209E-01    0.15314216E+02    0.46932566E-03
    0.11406250E+02    0.28376861E+02    0.10468601E-01    0.15315424E+02    0.46939207E-03
    0.11423611E+02    0.28355401E+02    0.10468327E-01    0.15316606E+02    0.46945958E-03
    0.11440972E+02    0.28334148E+02    0.10468152E-01    0.15317772E+02    0.46952843E-03
    0.11458333E+02    0.28312974E+02    0.10467978E-01    0.15318873E+02    0.46960392E-03
    0.11475694E+02    0.28291824E+02    0.10467779E-01    0.15319913E+02    0.46968616E-03
    0.11493056E+02    0.28270787E+02    0.10468149E-01    0.15320904E+02    0.46977285E-03
    0.11510417E+02    0.28249886E+02    0.10470023E-01    0.15321847E+02    0.46986144E-03
    0.11527778E+02    0.28228907E+02    0.10472443E-01    0.15322874E+02    0.46993892E-03
    0.11545139E+02    0.28207821E+02    0.10472908E-01    0.15324051E+02    0.47000141E-03
    0.11562500E+02    0.28186605E+02    0.10471543E-01    0.15325270E+02    0.47006112E-03
