    0.20017361E+02    0.24434608E+02    0.10591694E-01    0.15900486E+02    0.45717753E-03
    0.20034722E+02    0.24436295E+02    0.10591778E-01    0.15901778E+02    0.45708397E-03
    0.20052083E+02    0.24437970E+02    0.10589242E-01    0.15903135E+02    0.45698630E-03
    0.20069444E+02    0.24439808E+02    0.10584978E-01    0.15904551E+02    0.45688486E-03
    0.20086806E+02    0.24441779E+02    0.10581719E-01    0.15905912E+02    0.45678822E-03
    0.20104167E+02    0.24443732E+02    0.10581593E-01    0.15907153E+02    0.45670077E-03
    0.20121528E+02    0.24445711E+02    0.10583164E-01    0.15908421E+02    0.45661032E-03
    0.20138889E+02    0.24447698E+02    0.10585046E-01    0.15909690E+02    0.45651894E-03
    0.20156250E+02    0.24449527E+02    0.10587607E-01    0.15910856E+02    0.45643543E-03
    0.20173611E+02    0.24451109E+02    0.10590048E-01    0.15912027E+02    0.45635223E-03
    0.20190972E+02    0.24452303E+02    0.10590329E-01    0.15913267E+02    0.45626538E-03
    0.20208333E+02    0.24453010E+02    0.10587978E-01    0.15914603E+02    0.45617339E-03
    0.20225694E+02    0.24453528E+02    0.10585157E-01    0.15915928E+02    0.45608351E-03
    0.20243056E+02    0.24454388E+02    0.10583060E-01    0.15917247E+02    0.45599314E-03
    0.20260417E+02    0.24455964E+02    0.10581630E-01    0.15918583E+02    0.45589923E-03
    0.20277778E+02    0.24458083E+02    0.10581691E-01    0.15919895E+02    0.45580584E-03
    0.20295139E+02    0.24460202E+02    0.10583744E-01    0.15921124E+02    0.45571883E-03
    0.20312500E+02    0.24461870E+02    0.10586265E-01    0.15922341E+02    0.45563383E-03
