    0.72048611E+01    0.36672154E+02    0.10430606E-01    0.15060233E+02    0.42703603E-03
    0.72222222E+01    0.36622370E+02    0.10430171E-01    0.15061213E+02    0.42733298E-03
    0.72395833E+01    0.36572141E+02    0.10430373E-01    0.15062190E+02    0.42762663E-03
    0.72569444E+01    0.36522015E+02    0.10430263E-01    0.15063189E+02    0.42791562E-03
    0.72743056E+01    0.36472511E+02    0.10429279E-01    0.15064235E+02    0.42820098E-03
    0.72916667E+01    0.36423650E+02    0.10428222E-01    0.15065279E+02    0.42848816E-03
    0.73090278E+01    0.36375281E+02    0.10427884E-01    0.15066287E+02    0.42877937E-03
    0.73263889E+01    0.36327193E+02    0.10428130E-01    0.15067294E+02    0.42907065E-03
    0.73437500E+01    0.36279256E+02    0.10428372E-01    0.15068308E+02    0.42936009E-03
    0.73611111E+01    0.36231246E+02    0.10428268E-01    0.15069339E+02    0.42964591E-03
    0.73784722E+01    0.36182887E+02    0.10427791E-01    0.15070365E+02    0.42992882E-03
    0.73958333E+01    0.36134260E+02    0.10427019E-01    0.15071370E+02    0.43020983E-03
    0.74131944E+01    0.36085701E+02    0.10425949E-01    0.15072365E+02    0.43049055E-03
    0.74305556E+01    0.36037489E+02    0.10425072E-01    0.15073382E+02    0.43077096E-03
    0.74479167E+01    0.35989769E+02    0.10425211E-01    0.15074374E+02    0.43105489E-03
    0.74652778E+01    0.35942422E+02    0.10426326E-01    0.15075352E+02    0.43134015E-03
    0.74826389E+01    0.35895209E+02    0.10427195E-01    0.15076383E+02    0.43161958E-03
    0.75000000E+01    0.35848090E+02    0.10426746E-01    0.15077474E+02    0.43189141E-03
