   0.147048611E+02  -0.336649033E+00   0.531901345E+01   0.157562194E+02  -0.129262663E+00   0.972965810E+01  -0.808771073E+00  -0.348546764E+01   0.298061245E-02  -0.876834791E+00  -0.111263851E+01   0.255689630E+02
   0.147222222E+02  -0.294664191E+00   0.448140218E+01   0.158168694E+02   0.233635100E+00   0.972960043E+01  -0.809079092E+00  -0.348598975E+01   0.137407031E-02  -0.876661643E+00   0.621002636E-03   0.255610749E+02
   0.147395833E+02  -0.211650358E+00   0.475121792E+01   0.157714264E+02   0.687608977E+00   0.972968637E+01  -0.809404202E+00  -0.348702410E+01  -0.538389213E-02  -0.876113837E+00   0.241893390E-02   0.255535958E+02
   0.147569444E+02  -0.136220453E+00   0.611459410E+01   0.156721405E+02   0.709688524E+00   0.972991674E+01  -0.809773619E+00  -0.348872868E+01  -0.589735870E-02  -0.875073172E+00   0.180903319E-02   0.255464247E+02
   0.147743056E+02  -0.105376474E+00   0.723298143E+01   0.155656853E+02   0.382955569E+00   0.973020810E+01  -0.810175285E+00  -0.349120270E+01   0.167261738E-02  -0.873328102E+00  -0.161389707E-02   0.255393808E+02
   0.147916667E+02  -0.128125089E+00   0.681768379E+01   0.154984272E+02   0.303978052E+00   0.973042867E+01  -0.810528900E+00  -0.349389303E+01   0.592927022E-02  -0.871323856E+00  -0.357586668E-02   0.255322659E+02
   0.148090278E+02  -0.203662909E+00   0.608752598E+01   0.154894405E+02   0.376795688E+00   0.973052321E+01  -0.810801261E+00  -0.349605020E+01   0.174779802E-02  -0.869735866E+00  -0.349127613E-03   0.255249212E+02
   0.148263889E+02  -0.302636697E+00   0.558142745E+01   0.155660953E+02   0.174064420E+00   0.973051161E+01  -0.811092128E+00  -0.349706514E+01  -0.141269712E-02  -0.869087163E+00   0.160283865E-02   0.255173370E+02
   0.148437500E+02  -0.378460322E+00   0.572919006E+01   0.156949745E+02  -0.824051128E-01   0.973047572E+01  -0.811434497E+00  -0.349774027E+01  -0.172835802E-02  -0.868704611E+00   0.124965747E-02   0.255097775E+02
   0.148611111E+02  -0.377030926E+00   0.566249052E+01   0.157970130E+02  -0.121742266E+00   0.973043381E+01  -0.811808777E+00  -0.349840864E+01   0.356237276E-03  -0.868289868E+00  -0.882067651E-04   0.255022844E+02
   0.148784722E+02  -0.292289057E+00   0.553966288E+01   0.158156727E+02   0.326608696E+00   0.973043050E+01  -0.812159586E+00  -0.349952548E+01   0.678838358E-03  -0.867528695E+00  -0.100998085E-02   0.254949096E+02
   0.148958333E+02  -0.171527567E+00   0.586724885E+01   0.157543035E+02   0.586779512E+00   0.973052366E+01  -0.812446961E+00  -0.350153030E+01  -0.979676369E-03  -0.866094545E+00  -0.412631810E-04   0.254877306E+02
   0.149131944E+02  -0.888109980E-01   0.610983225E+01   0.156607348E+02   0.511753469E+00   0.973069617E+01  -0.812707531E+00  -0.350395691E+01  -0.198971649E-03  -0.864365338E+00  -0.449828475E-03   0.254807039E+02
   0.149305556E+02  -0.934300981E-01   0.582059856E+01   0.155709228E+02   0.327055630E+00   0.973087480E+01  -0.812969923E+00  -0.350617104E+01   0.247429489E-02  -0.862862653E+00  -0.901875352E-03   0.254737095E+02
   0.149479167E+02  -0.176136516E+00   0.569993325E+01   0.154958048E+02   0.429829306E+00   0.973104638E+01  -0.813253049E+00  -0.350779962E+01   0.584258609E-03  -0.861848974E+00   0.263709770E-03   0.254667855E+02
   0.149652778E+02  -0.282650670E+00   0.597232814E+01   0.154645883E+02   0.478901995E+00   0.973119815E+01  -0.813564051E+00  -0.350913240E+01  -0.296206291E-02  -0.861054148E+00   0.202671533E-02   0.254598987E+02
   0.149826389E+02  -0.348986147E+00   0.626287892E+01   0.155210995E+02   0.232114014E+00   0.973131755E+01  -0.813938572E+00  -0.351020457E+01  -0.265990216E-02  -0.860395071E+00   0.205030886E-02   0.254529973E+02
   0.150000000E+02  -0.350427715E+00   0.636470067E+01   0.156604373E+02   0.441568936E-01   0.973141342E+01  -0.814390502E+00  -0.351093358E+01  -0.117269851E-02  -0.859970877E+00   0.112347008E+01   0.254460180E+02
