   0.118923611E+02  -0.190651476E+00   0.577010895E+01   0.161703744E+02   0.502720730E+00   0.979367199E+01  -0.758718782E+00  -0.322703481E+01   0.256827220E-02  -0.105648129E+01  -0.102181402E+01   0.277956154E+02
   0.119097222E+02  -0.212937090E+00   0.547595033E+01   0.161775937E+02   0.764841235E+00   0.979280308E+01  -0.758990002E+00  -0.322815847E+01  -0.555691350E-04  -0.105578608E+01  -0.534502159E-03   0.277754751E+02
   0.119270833E+02  -0.238295437E+00   0.579707496E+01   0.161879176E+02   0.972358185E+00   0.979198537E+01  -0.759251393E+00  -0.322928120E+01  -0.344979396E-02  -0.105516124E+01   0.188787269E-02   0.277557099E+02
   0.119444444E+02  -0.244628150E+00   0.669504249E+01   0.161925283E+02   0.111957839E+01   0.979124111E+01  -0.759538267E+00  -0.323054353E+01  -0.581760270E-02  -0.105444559E+01   0.343248491E-02   0.277362855E+02
   0.119618056E+02  -0.227827592E+00   0.770575053E+01   0.161980836E+02   0.100377703E+01   0.979055963E+01  -0.759880811E+00  -0.323220672E+01  -0.404281306E-02  -0.105332900E+01   0.306465885E-02   0.277170783E+02
   0.119791667E+02  -0.194355429E+00   0.829990153E+01   0.161960980E+02   0.532244034E+00   0.978987322E+01  -0.760234964E+00  -0.323434944E+01   0.163572400E-02  -0.105177754E+01  -0.431558033E-03   0.276978104E+02
   0.119965278E+02  -0.167789152E+00   0.791980529E+01   0.161917468E+02   0.409939458E+00   0.978914433E+01  -0.760552647E+00  -0.323660861E+01   0.478762804E-02  -0.105008991E+01  -0.280415777E-02   0.276784014E+02
   0.120138889E+02  -0.182208390E+00   0.681293064E+01   0.161934101E+02   0.627652436E+00   0.978837263E+01  -0.760833836E+00  -0.323839072E+01   0.401400408E-02  -0.104881520E+01  -0.188581622E-02   0.276589496E+02
   0.120312500E+02  -0.223025955E+00   0.563817562E+01   0.161927937E+02   0.670854073E+00   0.978756859E+01  -0.761138043E+00  -0.323950716E+01   0.240130344E-02  -0.104809288E+01  -0.127538584E-02   0.276396611E+02
   0.120486111E+02  -0.253858840E+00   0.532312926E+01   0.161554392E+02   0.786841540E+00   0.978677970E+01  -0.761455315E+00  -0.324063577E+01  -0.709762722E-03  -0.104736988E+01  -0.962420059E-03   0.276207051E+02
   0.120659722E+02  -0.259356095E+00   0.601221407E+01   0.160968384E+02   0.102304444E+01   0.978604806E+01  -0.761765874E+00  -0.324210811E+01  -0.381259782E-02  -0.104636206E+01   0.175627975E-02   0.276020547E+02
   0.120833333E+02  -0.229445687E+00   0.696540840E+01   0.160876879E+02   0.905633890E+00   0.978536081E+01  -0.762076884E+00  -0.324372582E+01  -0.306659774E-02  -0.104525833E+01   0.166128794E-02   0.275835174E+02
   0.121006944E+02  -0.183419671E+00   0.767309217E+01   0.161118314E+02   0.785381666E+00   0.978471174E+01  -0.762372597E+00  -0.324577037E+01  -0.440354169E-03  -0.104381826E+01   0.784648208E-04   0.275650689E+02
   0.121180556E+02  -0.157223768E+00   0.756832177E+01   0.161369819E+02   0.536508618E+00   0.978405398E+01  -0.762662823E+00  -0.324779181E+01   0.151864449E-02  -0.104241446E+01   0.223649034E-03   0.275466952E+02
   0.121354167E+02  -0.168999123E+00   0.683112399E+01   0.161738893E+02   0.329437029E+00   0.978333478E+01  -0.762972250E+00  -0.324924576E+01   0.332461416E-02  -0.104145316E+01  -0.373368146E-03   0.275283722E+02
   0.121527778E+02  -0.204189185E+00   0.625493476E+01   0.162030014E+02   0.529644107E+00   0.978257110E+01  -0.763270216E+00  -0.325034938E+01   0.526888307E-03  -0.104073980E+01  -0.658370553E-03   0.275100976E+02
   0.121701389E+02  -0.237845557E+00   0.609735596E+01   0.161899868E+02   0.864016214E+00   0.978181973E+01  -0.763551088E+00  -0.325172291E+01  -0.440936199E-03  -0.103977670E+01  -0.592293966E-03   0.274918879E+02
   0.121875000E+02  -0.249398146E+00   0.603608831E+01   0.161260134E+02   0.100175936E+01   0.978113021E+01  -0.763840978E+00  -0.325351545E+01  -0.783251057E-03  -0.103845733E+01   0.104747622E+01   0.274738830E+02
