   0.595486111E+01  -0.181402989E+00   0.148607257E+02   0.209019619E+02   0.904995488E+00   0.101104662E+02  -0.626970809E+00  -0.234277584E+01   0.782573907E-04  -0.145812896E+01  -0.799928263E+00   0.405426254E+02
   0.597222222E+01  -0.193168880E+00   0.141745255E+02   0.208266172E+02   0.100254589E+01   0.101101575E+02  -0.627487081E+00  -0.234707754E+01   0.380415439E-02  -0.145698456E+01  -0.128563379E-03   0.404839721E+02
   0.598958333E+01  -0.207226002E+00   0.127700069E+02   0.207474128E+02   0.113296556E+01   0.101097162E+02  -0.627923501E+00  -0.235127361E+01   0.416642977E-02  -0.145586222E+01  -0.802085598E-03   0.404250520E+02
   0.600694444E+01  -0.214907171E+00   0.120345101E+02   0.206942413E+02   0.126291459E+01   0.101093159E+02  -0.628333900E+00  -0.235555439E+01   0.110963968E-02  -0.145466034E+01  -0.908237504E-03   0.403665869E+02
   0.602430556E+01  -0.211186699E+00   0.121357027E+02   0.206779855E+02   0.142050986E+01   0.101091069E+02  -0.628821828E+00  -0.236006410E+01   0.699862103E-03  -0.145331025E+01  -0.785617052E-03   0.403090472E+02
   0.604166667E+01  -0.195090587E+00   0.125782413E+02   0.206969352E+02   0.148591875E+01   0.101090717E+02  -0.629417561E+00  -0.236479425E+01  -0.239686176E-02  -0.145184846E+01   0.126849750E-02   0.402521793E+02
   0.605902778E+01  -0.171553085E+00   0.133331508E+02   0.207323067E+02   0.135918463E+01   0.101091139E+02  -0.630106927E+00  -0.236945484E+01  -0.397229193E-02  -0.145048471E+01   0.100885417E-02   0.401956008E+02
   0.607638889E+01  -0.152544720E+00   0.139953250E+02   0.207605802E+02   0.119484153E+01   0.101091131E+02  -0.630826484E+00  -0.237405471E+01  -0.195923518E-02  -0.144913546E+01  -0.193789317E-03   0.401389868E+02
   0.609375000E+01  -0.150347539E+00   0.140665091E+02   0.207583572E+02   0.991660463E+00   0.101089764E+02  -0.631490380E+00  -0.237847425E+01   0.947835246E-03  -0.144790028E+01  -0.404852229E-03   0.400821321E+02
   0.611111111E+01  -0.173488224E+00   0.135325639E+02   0.207117672E+02   0.101226348E+01   0.101086723E+02  -0.632060396E+00  -0.238273142E+01   0.239705094E-02  -0.144672499E+01   0.684856957E-03   0.400249354E+02
   0.612847222E+01  -0.213000770E+00   0.125927316E+02   0.206553845E+02   0.107187698E+01   0.101081821E+02  -0.632534963E+00  -0.238689980E+01   0.252052508E-02  -0.144557656E+01   0.565379076E-03   0.399671692E+02
   0.614583333E+01  -0.246155789E+00   0.120974357E+02   0.206068106E+02   0.114210212E+01   0.101076123E+02  -0.632927959E+00  -0.239102405E+01   0.768347666E-03  -0.144439478E+01  -0.324009875E-03   0.399090693E+02
   0.616319444E+01  -0.248682698E+00   0.122529194E+02   0.205737006E+02   0.115329008E+01   0.101071221E+02  -0.633334486E+00  -0.239523463E+01  -0.252692683E-03  -0.144312294E+01  -0.117090452E-02   0.398512679E+02
   0.618055556E+01  -0.212969121E+00   0.127012081E+02   0.205609628E+02   0.132791039E+01   0.101068082E+02  -0.633818973E+00  -0.239973754E+01  -0.112589549E-02  -0.144167355E+01  -0.642198248E-03   0.397942835E+02
   0.619791667E+01  -0.158686225E+00   0.130498360E+02   0.205683259E+02   0.143798216E+01   0.101066690E+02  -0.634396514E+00  -0.240452994E+01  -0.172752444E-02  -0.144004986E+01   0.356806241E-03   0.397383700E+02
   0.621527778E+01  -0.118119817E+00   0.129744738E+02   0.205872815E+02   0.124911422E+01   0.101065853E+02  -0.635064335E+00  -0.240911090E+01   0.851332624E-03  -0.143863072E+01  -0.397207732E-03   0.396831389E+02
   0.623263889E+01  -0.118337512E+00   0.128939106E+02   0.205935998E+02   0.107845304E+01   0.101064229E+02  -0.635734506E+00  -0.241331346E+01   0.596436185E-03  -0.143750446E+01  -0.502111273E-03   0.396278032E+02
   0.625000000E+01  -0.160920231E+00   0.129911354E+02   0.205648457E+02   0.117947885E+01   0.101061383E+02  -0.636327122E+00  -0.241734939E+01  -0.384518242E-03  -0.143650222E+01   0.831845898E+00   0.395719184E+02
