   0.564236111E+01  -0.245940835E+00   0.152974963E+02   0.211527209E+02   0.121468053E+01   0.101098105E+02  -0.615865216E+00  -0.226033297E+01  -0.708416776E-02  -0.147968999E+01  -0.803510564E+00   0.415968797E+02
   0.565972222E+01  -0.241977467E+00   0.161154349E+02   0.210760770E+02   0.106237081E+01   0.101097773E+02  -0.616382930E+00  -0.226492603E+01  -0.247445036E-02  -0.147860780E+01   0.174346397E-02   0.415362847E+02
   0.567708333E+01  -0.228649141E+00   0.158608726E+02   0.209851857E+02   0.984860629E+00   0.101096936E+02  -0.616870324E+00  -0.226925583E+01   0.232714212E-02  -0.147773569E+01  -0.308752127E-03   0.414758373E+02
   0.569444444E+01  -0.213184185E+00   0.149296978E+02   0.209145856E+02   0.101036090E+01   0.101096728E+02  -0.617383125E+00  -0.227361781E+01   0.450023539E-02  -0.147678520E+01  -0.114282559E-02   0.414158685E+02
   0.571180556E+01  -0.198782970E+00   0.135274896E+02   0.208892894E+02   0.116979033E+01   0.101097951E+02  -0.617983333E+00  -0.227818754E+01   0.619182606E-02  -0.147568200E+01  -0.156855470E-02   0.413566395E+02
   0.572916667E+01  -0.192492505E+00   0.122223627E+02   0.209145963E+02   0.134183136E+01   0.101100471E+02  -0.618687327E+00  -0.228290581E+01   0.369924066E-02  -0.147446252E+01  -0.872270459E-03   0.412980660E+02
   0.574652778E+01  -0.202078797E+00   0.118886412E+02   0.209742388E+02   0.135724535E+01   0.101103368E+02  -0.619442866E+00  -0.228775468E+01  -0.442714274E-03  -0.147312143E+01  -0.314156743E-03   0.412396974E+02
   0.576388889E+01  -0.220152030E+00   0.125642341E+02   0.210309730E+02   0.121200243E+01   0.101105773E+02  -0.620182861E+00  -0.229263075E+01  -0.342356611E-02  -0.147172889E+01   0.440138347E-03   0.411812996E+02
   0.578125000E+01  -0.230859858E+00   0.140278095E+02   0.210553367E+02   0.112101002E+01   0.101107266E+02  -0.620876810E+00  -0.229735272E+01  -0.764403587E-02  -0.147042747E+01   0.252788204E-02   0.411228778E+02
   0.579861111E+01  -0.226243111E+00   0.155647684E+02   0.210371504E+02   0.952195397E+00   0.101107431E+02  -0.621508736E+00  -0.230192729E+01  -0.522023332E-02  -0.146926994E+01   0.161797000E-02   0.410643218E+02
   0.581597222E+01  -0.210483505E+00   0.159526842E+02   0.209715545E+02   0.871805310E+00   0.101106363E+02  -0.622067072E+00  -0.230634452E+01   0.159950784E-02  -0.146814894E+01  -0.282620527E-03   0.410056026E+02
   0.583333333E+01  -0.195721242E+00   0.146662193E+02   0.208871017E+02   0.863341483E+00   0.101104251E+02  -0.622571755E+00  -0.231068298E+01   0.689651934E-02  -0.146706172E+01  -0.197411197E-02   0.409465710E+02
   0.585069444E+01  -0.194025319E+00   0.129316224E+02   0.208217893E+02   0.111731321E+01   0.101102024E+02  -0.623047569E+00  -0.231497773E+01   0.624033456E-02  -0.146599337E+01  -0.238169900E-02   0.408874559E+02
   0.586805556E+01  -0.201848585E+00   0.120719130E+02   0.207911912E+02   0.142988361E+01   0.101101128E+02  -0.623558004E+00  -0.231944611E+01   0.146608262E-02  -0.146478806E+01  -0.104987218E-02   0.408289265E+02
   0.588541667E+01  -0.207671062E+00   0.121588312E+02   0.208041681E+02   0.163526250E+01   0.101102068E+02  -0.624173715E+00  -0.232421955E+01  -0.158218752E-02  -0.146338190E+01   0.991771871E-03   0.407714128E+02
   0.590277778E+01  -0.202485721E+00   0.126660051E+02   0.208592537E+02   0.142120889E+01   0.101103795E+02  -0.624888274E+00  -0.232897225E+01  -0.343161525E-02  -0.146199062E+01   0.189141844E-02   0.407145441E+02
   0.592013889E+01  -0.190986712E+00   0.135232557E+02   0.209136702E+02   0.114634337E+01   0.101105377E+02  -0.625635821E+00  -0.233364524E+01  -0.360655217E-02  -0.146066832E+01   0.131528644E-02   0.406577852E+02
   0.593750000E+01  -0.180949567E+00   0.144092488E+02   0.209345455E+02   0.926467351E+00   0.101105876E+02  -0.626349129E+00  -0.233827340E+01  -0.276000268E-02  -0.145936851E+01   0.800408544E+00   0.406005812E+02
