   0.193923611E+02  -0.286725322E+00   0.258054519E+01   0.166737766E+02  -0.550446477E+00   0.981164794E+01  -0.897007631E+00  -0.385260462E+01   0.215627636E-02  -0.645538777E+00  -0.118744169E+01   0.243979218E+02
   0.194097222E+02  -0.278179306E+00   0.210952598E+01   0.166591023E+02  -0.190993752E+00   0.981221822E+01  -0.897361936E+00  -0.385423898E+01  -0.597544616E-03  -0.644402759E+00  -0.371797282E-03   0.243974761E+02
   0.194270833E+02  -0.294108055E+00   0.277950967E+01   0.165540112E+02   0.218386877E+00   0.981286433E+01  -0.897679945E+00  -0.385622652E+01  -0.254966767E-02  -0.642965511E+00   0.102564364E-02   0.243976803E+02
   0.194444444E+02  -0.356685141E+00   0.388339123E+01   0.164516412E+02   0.136803439E+00   0.981357933E+01  -0.897969961E+00  -0.385802246E+01  -0.269199003E-02  -0.641764219E+00   0.238660215E-02   0.243985605E+02
   0.194618056E+02  -0.477029450E+00   0.504648396E+01   0.164355729E+02  -0.660148743E-01   0.981432608E+01  -0.898272150E+00  -0.385895526E+01  -0.118343874E-02  -0.641360071E+00   0.145654644E-02   0.243997073E+02
   0.194791667E+02  -0.602729837E+00   0.636597448E+01   0.164848485E+02  -0.240598363E+00   0.981506639E+01  -0.898555202E+00  -0.385945512E+01  -0.278992749E-02  -0.641395029E+00   0.684560704E-03   0.244004402E+02
   0.194965278E+02  -0.640577231E+00   0.769904002E+01   0.165385346E+02  -0.311170197E+00   0.981581032E+01  -0.898852249E+00  -0.386014838E+01  -0.475130717E-02  -0.641289341E+00   0.930223889E-04   0.244004986E+02
   0.195138889E+02  -0.541120564E+00   0.820556272E+01   0.165854114E+02  -0.312315186E+00   0.981660256E+01  -0.899214461E+00  -0.386148334E+01  -0.313988405E-02  -0.640623607E+00   0.196456615E-03   0.244002415E+02
   0.195312500E+02  -0.332032797E+00   0.659991790E+01   0.166459683E+02  -0.342344786E+00   0.981742037E+01  -0.899689840E+00  -0.386331211E+01   0.445231211E-02  -0.639474813E+00  -0.155466665E-02   0.244001365E+02
   0.195486111E+02  -0.112539840E+00   0.359648609E+01   0.166833064E+02   0.638240718E-01   0.981821185E+01  -0.900178849E+00  -0.386549196E+01   0.105842693E-01  -0.637948305E+00  -0.316740588E-02   0.244003918E+02
   0.195659722E+02  -0.225677337E-01   0.112716171E+01   0.166852632E+02   0.386443518E+00   0.981895888E+01  -0.900590179E+00  -0.386727446E+01   0.715801588E-02  -0.636737292E+00  -0.176352756E-02   0.244010177E+02
   0.195833333E+02  -0.162845847E+00   0.929273923E+00   0.166637910E+02   0.336594285E+00   0.981966823E+01  -0.900923303E+00  -0.386831245E+01   0.757550877E-03  -0.636214630E+00   0.317339402E-03   0.244017625E+02
   0.196006944E+02  -0.454484635E+00   0.242675296E+01   0.166383362E+02  -0.366801783E+00   0.982031918E+01  -0.901213039E+00  -0.386854929E+01  -0.322130099E-02  -0.636440557E+00   0.186079857E-02   0.244022368E+02
   0.196180556E+02  -0.713181762E+00   0.439925719E+01   0.166163846E+02  -0.847891905E+00   0.982091660E+01  -0.901488818E+00  -0.386861065E+01  -0.646199300E-02  -0.636830492E+00   0.217917018E-02   0.244021942E+02
   0.196354167E+02  -0.798243826E+00   0.643947649E+01   0.165816845E+02  -0.699665723E+00   0.982150109E+01  -0.901755808E+00  -0.386951875E+01  -0.766982166E-02  -0.636463776E+00   0.122146371E-02   0.244017200E+02
   0.196527778E+02  -0.683494450E+00   0.781921097E+01   0.165495209E+02  -0.233818353E+00   0.982216735E+01  -0.902040369E+00  -0.387135538E+01  -0.599869546E-02  -0.635272675E+00   0.276849413E-03   0.244014540E+02
   0.196701389E+02  -0.439359968E+00   0.800443661E+01   0.165699446E+02   0.118407641E+00   0.982298702E+01  -0.902402399E+00  -0.387363390E+01  -0.105064525E-03  -0.633727051E+00  -0.630756307E-03   0.244019622E+02
   0.196875000E+02  -0.191301811E+00   0.630835436E+01   0.166330231E+02   0.465749824E+00   0.982390540E+01  -0.902813323E+00  -0.387570206E+01   0.769651354E-02  -0.632440503E+00   0.119383952E+01   0.244031409E+02
