   0.751736111E+01  -0.180696523E+00   0.917067714E+01   0.192664556E+02   0.157456639E+01   0.100563046E+02  -0.671325506E+00  -0.269566273E+01  -0.447181198E-02  -0.133790506E+01  -0.875095507E+00   0.358010130E+02
   0.753472222E+01  -0.220571485E+00   0.104893129E+02   0.192275054E+02   0.158368417E+01   0.100553094E+02  -0.671704573E+00  -0.269897708E+01  -0.879625908E-02  -0.133652210E+01   0.467076241E-02   0.357539208E+02
   0.755208333E+01  -0.228560664E+00   0.119838696E+02   0.192146679E+02   0.130217499E+01   0.100543042E+02  -0.672110511E+00  -0.270197844E+01  -0.622136965E-02  -0.133542142E+01   0.309956273E-02   0.357068163E+02
   0.756944444E+01  -0.195019559E+00   0.123405772E+02   0.192284552E+02   0.880820464E+00   0.100532653E+02  -0.672553327E+00  -0.270472593E+01   0.881827464E-03  -0.133451034E+01  -0.161695170E-02   0.356596817E+02
   0.758680556E+01  -0.147519062E+00   0.118850289E+02   0.192419001E+02   0.783704148E+00   0.100522299E+02  -0.672991004E+00  -0.270763626E+01   0.521404414E-02  -0.133346740E+01  -0.386542407E-02   0.356127521E+02
   0.760416667E+01  -0.120491400E+00   0.106887453E+02   0.192352635E+02   0.694363417E+00   0.100512060E+02  -0.673423903E+00  -0.271075186E+01   0.741074325E-02  -0.133222073E+01  -0.257067618E-02   0.355661225E+02
   0.762152778E+01  -0.129364980E+00   0.890575114E+01   0.192111538E+02   0.801621342E+00   0.100501765E+02  -0.673866266E+00  -0.271387390E+01   0.811563004E-02  -0.133090586E+01  -0.292614458E-02   0.355197022E+02
   0.763888889E+01  -0.160969362E+00   0.785813676E+01   0.191586633E+02   0.116157312E+01   0.100491349E+02  -0.674274872E+00  -0.271716424E+01   0.640878443E-03  -0.132945208E+01  -0.243596121E-03   0.354733690E+02
   0.765625000E+01  -0.190678669E+00   0.858662159E+01   0.190804460E+02   0.141227202E+01   0.100481031E+02  -0.674660350E+00  -0.272049173E+01  -0.708694070E-02  -0.132797420E+01   0.289507850E-02   0.354272135E+02
   0.767361111E+01  -0.198358300E+00   0.106499151E+02   0.190096205E+02   0.149338713E+01   0.100471481E+02  -0.675055600E+00  -0.272371537E+01  -0.956505815E-02  -0.132661958E+01   0.382627441E-02   0.353815279E+02
   0.769097222E+01  -0.183851972E+00   0.125598518E+02   0.189855971E+02   0.137876828E+01   0.100462603E+02  -0.675508611E+00  -0.272689730E+01  -0.681954223E-02  -0.132534423E+01   0.347905948E-02   0.353361859E+02
   0.770833333E+01  -0.159669753E+00   0.128305227E+02   0.190168812E+02   0.102658234E+01   0.100453039E+02  -0.675998824E+00  -0.272997515E+01   0.142687090E-02  -0.132412113E+01   0.189097422E-03   0.352906616E+02
   0.772569444E+01  -0.143768440E+00   0.115145183E+02   0.190686096E+02   0.773022206E+00   0.100442107E+02  -0.676446946E+00  -0.273286978E+01   0.754917481E-02  -0.132297265E+01  -0.365320402E-02   0.352447738E+02
   0.774305556E+01  -0.148248324E+00   0.970217482E+01   0.190963278E+02   0.711165684E+00   0.100430430E+02  -0.676843043E+00  -0.273565325E+01   0.852403312E-02  -0.132187525E+01  -0.413096597E-02   0.351988600E+02
   0.776041667E+01  -0.174524895E+00   0.863164297E+01   0.190720576E+02   0.935547334E+00   0.100418987E+02  -0.677219048E+00  -0.273846719E+01   0.409750325E-02  -0.132074150E+01  -0.209464335E-02   0.351532559E+02
   0.777777778E+01  -0.205105295E+00   0.859806012E+01   0.190058811E+02   0.122167120E+01   0.100408270E+02  -0.677594697E+00  -0.274148293E+01  -0.229299861E-02  -0.131945071E+01   0.150529423E-02   0.351080317E+02
   0.779513889E+01  -0.207589290E+00   0.917028201E+01   0.189319713E+02   0.122093704E+01   0.100397963E+02  -0.678008457E+00  -0.274458538E+01  -0.448725691E-02  -0.131810786E+01   0.216252084E-02   0.350630018E+02
   0.781250000E+01  -0.170124543E+00   0.103969118E+02   0.188607989E+02   0.119640000E+01   0.100388031E+02  -0.678442785E+00  -0.274774882E+01  -0.630237029E-02  -0.131673431E+01   0.886825817E+00   0.350182425E+02
