   0.143923611E+02  -0.285193271E+00   0.589633555E+01   0.157140086E+02   0.117593220E+00   0.972994218E+01  -0.802875153E+00  -0.345803890E+01   0.171976464E-02  -0.895529430E+00  -0.111271542E+01   0.257234003E+02
   0.144097222E+02  -0.156090887E+00   0.542923829E+01   0.157060152E+02   0.461815729E+00   0.972994041E+01  -0.803157834E+00  -0.346029010E+01  -0.867387768E-03  -0.893915556E+00   0.968882612E-03   0.257142190E+02
   0.144270833E+02  -0.680162515E-01   0.555805051E+01   0.156729666E+02   0.618234829E+00   0.973005247E+01  -0.803540212E+00  -0.346178432E+01  -0.250804951E-02  -0.893032035E+00   0.179655518E-02   0.257055895E+02
   0.144444444E+02  -0.667409381E-01   0.560332399E+01   0.156567261E+02   0.499685292E+00   0.973018053E+01  -0.804002131E+00  -0.346256771E+01  -0.214953453E-03  -0.892789711E+00   0.702624414E-03   0.256970803E+02
   0.144618056E+02  -0.141472455E+00   0.520776752E+01   0.156561420E+02   0.298893011E+00   0.973022249E+01  -0.804496933E+00  -0.346290901E+01   0.326688589E-02  -0.892852311E+00  -0.577840018E-03   0.256883313E+02
   0.144791667E+02  -0.244461035E+00   0.514525267E+01   0.156375631E+02   0.388050884E+00   0.973014390E+01  -0.804914732E+00  -0.346356313E+01   0.100690485E-02  -0.892538622E+00  -0.943186557E-03   0.256791824E+02
   0.144965278E+02  -0.327979987E+00   0.638660696E+01   0.155940935E+02   0.531122712E+00   0.973000872E+01  -0.805204576E+00  -0.346561897E+01  -0.356639427E-02  -0.890915178E+00  -0.814424017E-03   0.256698007E+02
   0.145138889E+02  -0.355299389E+00   0.778584137E+01   0.155735413E+02   0.174451786E+00   0.972984093E+01  -0.805410391E+00  -0.346864848E+01  -0.179320578E-02  -0.888393127E+00  -0.116216918E-02   0.256604194E+02
   0.145312500E+02  -0.311839816E+00   0.728729740E+01   0.156001995E+02  -0.332350774E-01   0.972964782E+01  -0.805585698E+00  -0.347138894E+01   0.463728049E-02  -0.886153561E+00  -0.222831511E-02   0.256512587E+02
   0.145486111E+02  -0.235079556E+00   0.545539810E+01   0.156570126E+02   0.195582856E+00   0.972948137E+01  -0.805773400E+00  -0.347317050E+01   0.415810707E-02  -0.884831877E+00   0.160789284E-03   0.256423984E+02
   0.145659722E+02  -0.179533183E+00   0.446066733E+01   0.157160829E+02   0.320733363E+00   0.972940482E+01  -0.806027112E+00  -0.347392634E+01  -0.104911321E-02  -0.884540895E+00   0.238830837E-02   0.256338146E+02
   0.145833333E+02  -0.160839948E+00   0.460738020E+01   0.157497546E+02   0.427798345E+00   0.972944667E+01  -0.806382392E+00  -0.347418038E+01  -0.349156738E-02  -0.884753840E+00   0.278677145E-02   0.256254997E+02
   0.146006944E+02  -0.162716991E+00   0.527279512E+01   0.157309480E+02   0.598760262E+00   0.972957729E+01  -0.806831215E+00  -0.347456008E+01  -0.349618180E-02  -0.884852607E+00   0.216453871E-02   0.256173767E+02
   0.146180556E+02  -0.174383931E+00   0.619913687E+01   0.156514634E+02   0.629972687E+00   0.972974128E+01  -0.807305647E+00  -0.347576020E+01  -0.228400953E-02  -0.884164230E+00  -0.246069265E-03   0.256093480E+02
   0.146354167E+02  -0.192397068E+00   0.694521257E+01   0.155649370E+02   0.374231760E+00   0.972986090E+01  -0.807710093E+00  -0.347826562E+01   0.236572130E-02  -0.882263580E+00  -0.324808642E-02   0.256013283E+02
   0.146527778E+02  -0.219783535E+00   0.709941008E+01   0.155217286E+02   0.257335695E+00   0.972991002E+01  -0.807993360E+00  -0.348142293E+01   0.426830734E-02  -0.879722679E+00  -0.364309798E-02   0.255933247E+02
   0.146701389E+02  -0.263362595E+00   0.677365588E+01   0.155353085E+02   0.240184407E+00   0.972988865E+01  -0.808209930E+00  -0.348403797E+01   0.187072051E-03  -0.877637018E+00   0.672775641E-04   0.255852822E+02
   0.146875000E+02  -0.316277837E+00   0.625975621E+01   0.156255223E+02  -0.236628905E-01   0.972978766E+01  -0.808466990E+00  -0.348521824E+01  -0.231246575E-03  -0.876811193E+00   0.111434965E+01   0.255771275E+02
