   0.231423611E+02   0.145664347E+00   0.874547571E+00   0.194109385E+02   0.593371107E+00   0.100324313E+02  -0.980455464E+00  -0.408999512E+01   0.156345707E-02  -0.551599906E+00  -0.130682122E+01   0.250765824E+02
   0.231597222E+02  -0.200829770E+00   0.163095016E+01   0.193834559E+02   0.414805204E+00   0.100336075E+02  -0.980854523E+00  -0.409019764E+01  -0.214704466E-02  -0.552098315E+00   0.146606295E-03   0.250814581E+02
   0.231770833E+02  -0.695250380E+00   0.339933368E+01   0.193618952E+02  -0.190794831E+00   0.100345765E+02  -0.981164238E+00  -0.409014202E+01  -0.268164507E-02  -0.552719717E+00  -0.237037083E-03   0.250854400E+02
   0.231944444E+02  -0.111278554E+01   0.545936421E+01   0.193185011E+02  -0.684244259E+00   0.100355017E+02  -0.981395567E+00  -0.409074658E+01  -0.101176191E-02  -0.552715355E+00  -0.120926682E-02   0.250892733E+02
   0.232118056E+02  -0.129531220E+01   0.620765068E+01   0.192416678E+02  -0.762298344E+00   0.100365217E+02  -0.981592760E+00  -0.409233111E+01   0.631805600E-04  -0.551883164E+00  -0.735944778E-03   0.250935411E+02
   0.232291667E+02  -0.120392506E+01   0.584287139E+01   0.191790016E+02  -0.774422638E+00   0.100377368E+02  -0.981883981E+00  -0.409426620E+01   0.384058987E-04  -0.550807778E+00  -0.216725528E-04   0.250986460E+02
   0.232465278E+02  -0.871546955E+00   0.479371578E+01   0.191879295E+02  -0.556977780E+00   0.100391483E+02  -0.982322967E+00  -0.409604771E+01   0.919535695E-03  -0.549952504E+00   0.502147005E-03   0.251045133E+02
   0.232638889E+02  -0.404435111E+00   0.262408182E+01   0.192934931E+02  -0.233118957E-01   0.100406413E+02  -0.982854563E+00  -0.409752412E+01   0.257567642E-02  -0.549413411E+00   0.106593010E-02   0.251106490E+02
   0.232812500E+02  -0.156221242E-01   0.147459839E+00   0.194588548E+02   0.323625551E+00   0.100420913E+02  -0.983429586E+00  -0.409852702E+01   0.351928975E-02  -0.549272888E+00   0.150689844E-02   0.251165591E+02
   0.232986111E+02   0.853723406E-01  -0.912874479E+00   0.196008132E+02   0.553246486E+00   0.100434265E+02  -0.984002210E+00  -0.409885645E+01   0.103692596E-02  -0.549662082E+00   0.117251437E-02   0.251220149E+02
   0.233159722E+02  -0.132122138E+00   0.353302117E+00   0.196671627E+02   0.302749876E+00   0.100446356E+02  -0.984481889E+00  -0.409909370E+01  -0.282990352E-02  -0.550056968E+00  -0.236114475E-05   0.251270204E+02
   0.233333333E+02  -0.532514416E+00   0.351221567E+01   0.196630818E+02  -0.373854435E+00   0.100457567E+02  -0.984831167E+00  -0.409964946E+01  -0.483116821E-02  -0.550161188E+00  -0.193495438E-02   0.251316508E+02
   0.233506944E+02  -0.908231100E+00   0.622179160E+01   0.195881751E+02  -0.905101271E+00   0.100468175E+02  -0.985067472E+00  -0.410071631E+01  -0.298442395E-02  -0.549863411E+00  -0.207006678E-02   0.251359319E+02
   0.233680556E+02  -0.111461094E+01   0.704071873E+01   0.194693475E+02  -0.919843733E+00   0.100478603E+02  -0.985242983E+00  -0.410235524E+01   0.427443956E-03  -0.549097889E+00  -0.690035711E-03   0.251400242E+02
   0.233854167E+02  -0.109478496E+01   0.608436247E+01   0.193506755E+02  -0.561265408E+00   0.100489709E+02  -0.985479128E+00  -0.410410355E+01   0.115474827E-02  -0.548227098E+00   0.879861668E-03   0.251444546E+02
   0.234027778E+02  -0.847968813E+00   0.401646417E+01   0.192892267E+02  -0.127272666E+00   0.100502165E+02  -0.985846752E+00  -0.410570166E+01   0.277010121E-02  -0.547489493E+00   0.841296161E-03   0.251496432E+02
   0.234201389E+02  -0.504343600E+00   0.232097299E+01   0.193336952E+02   0.289060912E+00   0.100516182E+02  -0.986334231E+00  -0.410703569E+01   0.294065468E-02  -0.547012508E+00   0.235911212E-03   0.251555890E+02
   0.234375000E+02  -0.255181127E+00   0.498717104E+00   0.194870287E+02   0.280671176E+00   0.100531130E+02  -0.986916046E+00  -0.410791069E+01   0.430628463E-02  -0.546940811E+00   0.130402888E+01   0.251619490E+02
