   0.206423611E+02  -0.338663067E+00   0.207747853E+01   0.173081620E+02   0.171961072E+00   0.987122493E+01  -0.922945591E+00  -0.394052985E+01  -0.331479463E-05  -0.601356479E+00  -0.121400848E+01   0.244909863E+02
   0.206597222E+02  -0.423110967E+00   0.268126255E+01   0.173612294E+02   0.150813232E+00   0.987233199E+01  -0.923410677E+00  -0.394143095E+01  -0.271918828E-02  -0.601152975E+00   0.103637456E-02   0.244937219E+02
   0.206770833E+02  -0.521546909E+00   0.375533828E+01   0.174269188E+02  -0.159916850E+00   0.987339275E+01  -0.923884055E+00  -0.394196204E+01  -0.367886772E-02  -0.601297562E+00   0.159142407E-02   0.244961854E+02
   0.206944444E+02  -0.592891197E+00   0.516103222E+01   0.174094346E+02  -0.355809914E+00   0.987437810E+01  -0.924325714E+00  -0.394265440E+01  -0.387872333E-02  -0.601296702E+00   0.838440408E-03   0.244983504E+02
   0.207118056E+02  -0.584543017E+00   0.698145791E+01   0.173019784E+02  -0.241556897E+00   0.987529549E+01  -0.924665033E+00  -0.394421249E+01  -0.592060305E-02  -0.600503897E+00   0.209735555E-02   0.245003294E+02
   0.207291667E+02  -0.481921159E+00   0.789543197E+01   0.172101894E+02  -0.243429398E-01   0.987614349E+01  -0.924925714E+00  -0.394626076E+01  -0.310066628E-02  -0.599209532E+00   0.900076813E-03   0.245022533E+02
   0.207465278E+02  -0.361015642E+00   0.677424606E+01   0.172084446E+02  -0.507205463E-01   0.987691331E+01  -0.925168687E+00  -0.394826398E+01   0.601813317E-02  -0.597879553E+00  -0.329584197E-02   0.245042517E+02
   0.207638889E+02  -0.318327388E+00   0.368720913E+01   0.172711194E+02  -0.305618754E+00   0.987761302E+01  -0.925421105E+00  -0.394940131E+01   0.124806911E-01  -0.597273012E+00  -0.304373496E-02   0.245062842E+02
   0.207812500E+02  -0.385431311E+00   0.125973650E+01   0.173679046E+02  -0.255221309E+00   0.987834999E+01  -0.925696478E+00  -0.394959393E+01   0.781612393E-02  -0.597484842E+00  -0.112094291E-02   0.245083580E+02
   0.207986111E+02  -0.509907786E+00   0.129894329E+01   0.174599457E+02   0.324326116E-01   0.987923861E+01  -0.925997721E+00  -0.394984102E+01  -0.413307914E-02  -0.597732526E+00   0.155112416E-02   0.245104823E+02
   0.208159722E+02  -0.604351177E+00   0.270639302E+01   0.175494128E+02  -0.314500443E+00   0.988028993E+01  -0.926438873E+00  -0.395047195E+01  -0.849603499E-02  -0.597692850E+00   0.294172037E-02   0.245127720E+02
   0.208333333E+02  -0.597638882E+00   0.405915089E+01   0.176214583E+02  -0.930640695E+00   0.988148530E+01  -0.927068845E+00  -0.395144030E+01  -0.361109376E-02  -0.597353490E+00   0.156465708E-03   0.245156341E+02
   0.208506944E+02  -0.494904700E+00   0.519404225E+01   0.175663276E+02  -0.405201035E+00   0.988279620E+01  -0.927700949E+00  -0.395330261E+01  -0.280353346E-03  -0.596320527E+00  -0.145723004E-02   0.245192033E+02
   0.208680556E+02  -0.360731731E+00   0.577278823E+01   0.174253157E+02   0.204817840E+00   0.988406129E+01  -0.928204620E+00  -0.395556871E+01  -0.160333605E-02  -0.594990143E+00   0.244743500E-03   0.245229457E+02
   0.208854167E+02  -0.281481781E+00   0.586852999E+01   0.173371310E+02   0.322078134E+00   0.988511603E+01  -0.928570670E+00  -0.395742726E+01  -0.118704010E-02  -0.593995507E+00   0.765400694E-03   0.245261983E+02
   0.209027778E+02  -0.321857650E+00   0.539860555E+01   0.173390148E+02   0.125891742E+00   0.988591184E+01  -0.928801016E+00  -0.395864577E+01   0.398495534E-02  -0.593471941E+00  -0.410442663E-03   0.245286165E+02
   0.209201389E+02  -0.467610558E+00   0.407938877E+01   0.173672892E+02  -0.180573525E+00   0.988649346E+01  -0.928942504E+00  -0.395901955E+01   0.525426274E-02  -0.593588733E+00  -0.720799386E-03   0.245301783E+02
   0.209375000E+02  -0.631643479E+00   0.302730404E+01   0.174021620E+02  -0.413511706E+00   0.988701482E+01  -0.929099939E+00  -0.395887119E+01   0.238102493E-02  -0.594072946E+00   0.123850325E+01   0.245313705E+02
