   0.237673611E+02  -0.418906793E+00   0.171919223E+01   0.199052057E+02   0.149504447E+00   0.100772889E+02  -0.994639130E+00  -0.412761744E+01   0.209714904E-03  -0.541509928E+00  -0.131739343E+01   0.252694119E+02
   0.237847222E+02  -0.403159917E+00   0.140655360E+01   0.200085397E+02  -0.174909571E+00   0.100787042E+02  -0.995155175E+00  -0.412870524E+01   0.688437474E-03  -0.541242105E+00  -0.977469232E-03   0.252750292E+02
   0.238020833E+02  -0.483982952E+00   0.181136430E+01   0.200516040E+02  -0.498558562E+00   0.100802101E+02  -0.995739851E+00  -0.412999840E+01   0.126790670E-02  -0.540862016E+00  -0.137249140E-02   0.252811015E+02
   0.238194444E+02  -0.628949527E+00   0.284371547E+01   0.200419818E+02  -0.914711643E+00   0.100816380E+02  -0.996263731E+00  -0.413155429E+01  -0.745296185E-03  -0.540260559E+00  -0.705341699E-03   0.252870116E+02
   0.238368056E+02  -0.753951213E+00   0.404894428E+01   0.199940326E+02  -0.984946967E+00   0.100828360E+02  -0.996641201E+00  -0.413301404E+01  -0.456814397E-02  -0.539688072E+00   0.111854520E-02   0.252920392E+02
   0.238541667E+02  -0.793438683E+00   0.423278926E+01   0.199201718E+02  -0.694095083E+00   0.100837645E+02  -0.996915750E+00  -0.413408159E+01  -0.275399282E-02  -0.539338590E+00   0.128629641E-02   0.252959599E+02
   0.238715278E+02  -0.755553567E+00   0.338402291E+01   0.198709220E+02  -0.123043545E+00   0.100845393E+02  -0.997163799E+00  -0.413478048E+01   0.141932303E-02  -0.539174266E+00   0.213419783E-03   0.252992473E+02
   0.238888889E+02  -0.663285133E+00   0.259087175E+01   0.198498300E+02   0.372834263E+00   0.100853637E+02  -0.997390172E+00  -0.413560894E+01   0.208827991E-02  -0.538855856E+00   0.271551940E-03   0.253027312E+02
   0.239062500E+02  -0.552227034E+00   0.207663252E+01   0.198630034E+02   0.784709460E+00   0.100863635E+02  -0.997649061E+00  -0.413651171E+01  -0.790865050E-03  -0.538562965E+00   0.223481348E-02   0.253067925E+02
   0.239236111E+02  -0.462000580E+00   0.215915453E+01   0.199765961E+02   0.673269564E+00   0.100875382E+02  -0.998009991E+00  -0.413738280E+01  -0.901845765E-03  -0.538410381E+00   0.172138663E-02   0.253112857E+02
   0.239409722E+02  -0.433633378E+00   0.260372352E+01   0.201638869E+02  -0.547207249E-01   0.100888755E+02  -0.998492475E+00  -0.413804655E+01   0.117208996E-02  -0.538501966E+00  -0.285360883E-03   0.253161659E+02
   0.239583333E+02  -0.470081095E+00   0.319217583E+01   0.202981844E+02  -0.779989523E+00   0.100903565E+02  -0.999041861E+00  -0.413910002E+01   0.285460043E-02  -0.538342272E+00  -0.339990053E-02   0.253213513E+02
   0.239756944E+02  -0.519911412E+00   0.359379477E+01   0.203221762E+02  -0.113419911E+01   0.100918559E+02  -0.999578552E+00  -0.414080731E+01   0.192046817E-02  -0.537686791E+00  -0.417393929E-02   0.253264448E+02
   0.239930556E+02  -0.552422940E+00   0.335959528E+01   0.202544549E+02  -0.124049097E+01   0.100931851E+02  -0.100003624E+01  -0.414266142E+01  -0.116488598E-02  -0.536909808E+00  -0.104161234E-02   0.253309647E+02
   0.240104167E+02  -0.583501618E+00   0.285285967E+01   0.201435994E+02  -0.951859930E+00   0.100942510E+02  -0.100040922E+01  -0.414427354E+01  -0.673305981E-03  -0.536224984E+00   0.511787726E-03   0.253348339E+02
   0.240277778E+02  -0.611125675E+00   0.212568505E+01   0.200280719E+02  -0.243658122E+00   0.100950611E+02  -0.100067911E+01  -0.414549653E+01  -0.182283175E-02  -0.535681946E+00   0.217362287E-02   0.253382100E+02
   0.240451389E+02  -0.654748971E+00   0.121974315E+01   0.199705763E+02   0.342480832E+00   0.100957108E+02  -0.100088893E+01  -0.414621137E+01   0.387117768E-03  -0.535421883E+00   0.208970424E-02   0.253413640E+02
   0.240625000E+02  -0.741453996E+00   0.998134064E+00   0.199905473E+02   0.644997052E+00   0.100963884E+02  -0.100108451E+01  -0.414654263E+01   0.953910761E-03  -0.535451765E+00   0.132659582E+01   0.253446673E+02
