   0.907986111E+01  -0.164532608E+00   0.816939808E+01   0.176811361E+02   0.157988054E+01   0.995598725E+01  -0.706163166E+00  -0.292592845E+01  -0.240993562E-02  -0.123708819E+01  -0.927290248E+00   0.321342752E+02
   0.909722222E+01  -0.152227540E+00   0.870193694E+01   0.176747123E+02   0.147353639E+01   0.995494370E+01  -0.706623866E+00  -0.292829365E+01  -0.247386025E-02  -0.123586554E+01   0.189958083E-02   0.320999113E+02
   0.911458333E+01  -0.141314483E+00   0.943037012E+01   0.176537564E+02   0.109019107E+01   0.995371340E+01  -0.706993363E+00  -0.293062167E+01  -0.146872667E-02  -0.123457804E+01   0.188239284E-03   0.320648516E+02
   0.913194444E+01  -0.132283568E+00   0.100034569E+02   0.176135256E+02   0.758796584E+00   0.995234164E+01  -0.707265699E+00  -0.293287192E+01   0.569955994E-03  -0.123331233E+01  -0.156760973E-02   0.320292632E+02
   0.914930556E+01  -0.122468472E+00   0.987256139E+01   0.175698871E+02   0.550110732E+00   0.995091272E+01  -0.707471261E+00  -0.293495990E+01   0.316803635E-02  -0.123217232E+01  -0.250877299E-02   0.319935653E+02
   0.916666667E+01  -0.117872910E+00   0.895409591E+01   0.175387555E+02   0.664112732E+00   0.994953088E+01  -0.707676412E+00  -0.293686173E+01   0.398648955E-02  -0.123122150E+01  -0.115082217E-02   0.319582416E+02
   0.918402778E+01  -0.130089272E+00   0.782071825E+01   0.175301103E+02   0.105256552E+01   0.994827192E+01  -0.707932992E+00  -0.293878585E+01   0.252021413E-02  -0.123026892E+01  -0.102446880E-03   0.319235810E+02
   0.920138889E+01  -0.160622826E+00   0.754027748E+01   0.175199563E+02   0.148535321E+01   0.994719452E+01  -0.708270212E+00  -0.294089489E+01  -0.305129405E-02  -0.122921584E+01   0.191296780E-02   0.318896762E+02
   0.921875000E+01  -0.187026916E+00   0.821886175E+01   0.175107972E+02   0.148395527E+01   0.994628289E+01  -0.708723075E+00  -0.294315031E+01  -0.322881728E-02  -0.122810000E+01   0.176366377E-02   0.318563747E+02
   0.923611111E+01  -0.188963698E+00   0.907368990E+01   0.175191273E+02   0.124946781E+01   0.994543787E+01  -0.709236801E+00  -0.294564524E+01  -0.135776085E-02  -0.122681068E+01   0.407353796E-03   0.318233036E+02
   0.925347222E+01  -0.167641272E+00   0.953235459E+01   0.175294718E+02   0.980734215E+00   0.994450820E+01  -0.709737843E+00  -0.294830577E+01  -0.137520152E-02  -0.122532202E+01   0.876806784E-04   0.317899516E+02
   0.927083333E+01  -0.138497285E+00   0.983687989E+01   0.175180977E+02   0.834467035E+00   0.994338325E+01  -0.710178345E+00  -0.295070038E+01  -0.188180437E-03  -0.122395493E+01  -0.613491279E-03   0.317559537E+02
   0.928819444E+01  -0.111981846E+00   0.945035312E+01   0.174855293E+02   0.810763373E+00   0.994203647E+01  -0.710515745E+00  -0.295250347E+01   0.139129352E-02  -0.122304064E+01  -0.868731743E-03   0.317213248E+02
   0.930555556E+01  -0.999282123E-01   0.863144131E+01   0.174507280E+02   0.854957954E+00   0.994055131E+01  -0.710743984E+00  -0.295411977E+01   0.383976788E-02  -0.122225214E+01  -0.972613114E-03   0.316864898E+02
   0.932291667E+01  -0.114223701E+00   0.795552758E+01   0.174196072E+02   0.104275091E+01   0.993907474E+01  -0.710905523E+00  -0.295582470E+01   0.231405509E-02  -0.122137056E+01  -0.352062137E-03   0.316519967E+02
   0.934027778E+01  -0.157179499E+00   0.789998348E+01   0.173972532E+02   0.120587758E+01   0.993774709E+01  -0.711077589E+00  -0.295792809E+01  -0.919404963E-03  -0.122021458E+01   0.606410662E-03   0.316181375E+02
   0.935763889E+01  -0.201687989E+00   0.842576376E+01   0.173976585E+02   0.103912920E+01   0.993663598E+01  -0.711356216E+00  -0.296020118E+01  -0.154716325E-02  -0.121898629E+01   0.142969187E-03   0.315849235E+02
   0.937500000E+01  -0.210642312E+00   0.900401246E+01   0.174187428E+02   0.976791389E+00   0.993573498E+01  -0.711767132E+00  -0.296263626E+01  -0.153593479E-02  -0.121770593E+01   0.932479932E+00   0.315523653E+02
