   0.290798611E+02  -0.424955280E+00  -0.362631696E+00   0.262256315E+02  -0.522315506E+00   0.104520406E+02  -0.112241995E+01  -0.440619735E+01  -0.567794066E-03  -0.492909968E+00  -0.151491414E+01   0.270384786E+02
   0.290972222E+02  -0.434975396E+00   0.583807141E+00   0.262848952E+02  -0.591016012E+00   0.104534947E+02  -0.112283508E+01  -0.440692476E+01  -0.696090520E-03  -0.493009626E+00  -0.133675202E-03   0.270466467E+02
   0.291145833E+02  -0.280688301E+00   0.915248760E+00   0.263206085E+02  -0.700916353E+00   0.104551918E+02  -0.112333598E+01  -0.440816051E+01   0.298903142E-02  -0.492769458E+00  -0.120797326E-02   0.270556500E+02
   0.291319444E+02  -0.655612572E-01  -0.441617226E+00   0.263163798E+02  -0.607958472E+00   0.104570285E+02  -0.112388859E+01  -0.440998126E+01   0.673956384E-02  -0.492113279E+00  -0.190590631E-02   0.270651515E+02
   0.291493056E+02   0.188000376E+00  -0.330156566E+01   0.262215737E+02  -0.182657502E+00   0.104588339E+02  -0.112444126E+01  -0.441203318E+01   0.624513126E-02  -0.491259778E+00  -0.157536833E-02   0.270745992E+02
   0.291666667E+02   0.238147319E+00  -0.502159702E+01   0.260738493E+02   0.409719319E+00   0.104605201E+02  -0.112497835E+01  -0.441367681E+01  -0.815540671E-03  -0.490703729E+00   0.615717541E-03   0.270836482E+02
   0.291840278E+02   0.195755161E+00  -0.528193775E+01   0.260741926E+02   0.404634948E+00   0.104620521E+02  -0.112551478E+01  -0.441464198E+01  -0.330556915E-02  -0.490675322E+00   0.900375240E-03   0.270921771E+02
   0.292013889E+02   0.243147959E-01  -0.398704097E+01   0.262849205E+02  -0.250536435E+00   0.104634002E+02  -0.112601866E+01  -0.441512014E+01  -0.466466888E-02  -0.490990270E+00   0.213456303E-02   0.271000517E+02
   0.292187500E+02  -0.110283871E+00  -0.218938921E+01   0.264874512E+02  -0.680925327E+00   0.104645664E+02  -0.112645309E+01  -0.441537354E+01  -0.628079599E-02  -0.491355604E+00   0.290210612E-02   0.271071429E+02
   0.292361111E+02  -0.270512365E+00  -0.150934561E-01   0.265296005E+02  -0.880942394E+00   0.104656278E+02  -0.112684400E+01  -0.441549952E+01  -0.478674146E-02  -0.491747578E+00   0.134158140E-02   0.271136675E+02
   0.292534722E+02  -0.389457966E+00   0.100380615E+01   0.264639194E+02  -0.987750639E+00   0.104666647E+02  -0.112719916E+01  -0.441567932E+01  -0.393330506E-03  -0.492084824E+00  -0.178027852E-03   0.271199630E+02
   0.292708333E+02  -0.371653417E+00  -0.504754135E+00   0.263987498E+02  -0.503774924E+00   0.104677691E+02  -0.112755599E+01  -0.441632497E+01   0.563079570E-02  -0.492056970E+00  -0.148645040E-02   0.271265507E+02
   0.292881944E+02  -0.134571171E+00  -0.328556202E+01   0.264283309E+02   0.239297574E+00   0.104690653E+02  -0.112794527E+01  -0.441778328E+01   0.939146822E-02  -0.491367240E+00  -0.332906852E-02   0.271340365E+02
   0.293055556E+02   0.104389993E+00  -0.486558845E+01   0.264626208E+02   0.634492527E+00   0.104706215E+02  -0.112837633E+01  -0.441958897E+01   0.647302154E-02  -0.490521016E+00  -0.316847819E-02   0.271426059E+02
   0.293229167E+02   0.249735732E+00  -0.454369535E+01   0.263975139E+02   0.399265431E+00   0.104723398E+02  -0.112882517E+01  -0.442134831E+01  -0.351810528E-03  -0.489891627E+00  -0.106641510E-02   0.271515926E+02
   0.293402778E+02   0.749380820E-01  -0.301350018E+01   0.263267158E+02  -0.279621876E+00   0.104740403E+02  -0.112930804E+01  -0.442267697E+01  -0.512168494E-02  -0.489737135E+00   0.168734146E-02   0.271601032E+02
   0.293576389E+02  -0.464715035E-01  -0.227891477E+01   0.263368882E+02  -0.871239639E+00   0.104755595E+02  -0.112984951E+01  -0.442338965E+01  -0.540908057E-02  -0.490059441E+00   0.219757692E-02   0.271675372E+02
   0.293750000E+02  -0.157127974E+00  -0.125147963E+01   0.264748168E+02  -0.123544837E+01   0.104768752E+02  -0.113040336E+01  -0.442377685E+01  -0.407128627E-02  -0.490514950E+00   0.151438349E+01   0.271740671E+02
