   0.203298611E+02  -0.453381513E+00   0.380738181E+01   0.170180063E+02   0.350882089E+00   0.985605984E+01  -0.916675917E+00  -0.391928919E+01  -0.925455585E-03  -0.611469969E+00  -0.123565103E+01   0.244630321E+02
   0.203472222E+02  -0.423616485E+00   0.424649804E+01   0.170627431E+02   0.554375006E+00   0.985682602E+01  -0.916994696E+00  -0.392017267E+01  -0.326798944E-02  -0.611204649E+00   0.211072012E-02   0.244639812E+02
   0.203645833E+02  -0.417703166E+00   0.547341352E+01   0.170701105E+02   0.369024936E+00   0.985759244E+01  -0.917300676E+00  -0.392105614E+01  -0.397307917E-02  -0.610953349E+00   0.171378520E-02   0.244650475E+02
   0.203819444E+02  -0.432200111E+00   0.656246813E+01   0.170634800E+02   0.618217975E-01   0.985836451E+01  -0.917579678E+00  -0.392221037E+01  -0.820372848E-03  -0.610439355E+00   0.444792904E-03   0.244663533E+02
   0.203993056E+02  -0.436058385E+00   0.627436200E+01   0.170917885E+02  -0.349778284E+00   0.985913007E+01  -0.917855922E+00  -0.392334459E+01   0.403000787E-02  -0.609896536E+00  -0.125743973E-02   0.244677867E+02
   0.204166667E+02  -0.436017366E+00   0.460934599E+01   0.171817062E+02  -0.688467728E+00   0.985990596E+01  -0.918168638E+00  -0.392432629E+01   0.744062256E-02  -0.609433057E+00  -0.333114298E-02   0.244691706E+02
   0.204340278E+02  -0.448277966E+00   0.301698761E+01   0.172722039E+02  -0.795785553E+00   0.986073379E+01  -0.918523840E+00  -0.392552102E+01   0.401623003E-02  -0.608789130E+00  -0.276121789E-02   0.244704410E+02
   0.204513889E+02  -0.462869718E+00   0.247881740E+01   0.172772822E+02  -0.554456296E+00   0.986164116E+01  -0.918939854E+00  -0.392699303E+01  -0.804806663E-03  -0.607954344E+00  -0.879826625E-03   0.244718123E+02
   0.204687500E+02  -0.451457896E+00   0.288074866E+01   0.172257381E+02  -0.206969571E+00   0.986260949E+01  -0.919410892E+00  -0.392831290E+01  -0.432565125E-02  -0.607304360E+00   0.143487939E-02   0.244734051E+02
   0.204861111E+02  -0.418920996E+00   0.371966446E+01   0.171843584E+02   0.108517381E+00   0.986360269E+01  -0.919907103E+00  -0.392960763E+01  -0.408185014E-02  -0.606695348E+00   0.188335862E-02   0.244752248E+02
   0.205034722E+02  -0.391042026E+00   0.422545779E+01   0.171815046E+02   0.228859393E+00   0.986456296E+01  -0.920363239E+00  -0.393093776E+01   0.771079331E-03  -0.606059846E+00   0.532950066E-03   0.244771394E+02
   0.205208333E+02  -0.405756945E+00   0.429082254E+01   0.171793437E+02   0.233242768E+00   0.986544388E+01  -0.920712309E+00  -0.393221186E+01   0.101083912E-02  -0.605486918E+00   0.671999863E-03   0.244789734E+02
   0.205381944E+02  -0.486448371E+00   0.525725709E+01   0.171495469E+02   0.185835920E+00   0.986623583E+01  -0.920979053E+00  -0.393308865E+01  -0.354994956E-02  -0.605276202E+00   0.226701967E-02   0.244805346E+02
   0.205555556E+02  -0.585071762E+00   0.683288774E+01   0.171552087E+02  -0.117795251E-02   0.986694843E+01  -0.921201716E+00  -0.393375692E+01  -0.484116087E-02  -0.605202879E+00   0.164239731E-02   0.244817623E+02
   0.205729167E+02  -0.603617194E+00   0.740089552E+01   0.172092746E+02  -0.487676926E+00   0.986761675E+01  -0.921421338E+00  -0.393475988E+01   0.568184575E-03  -0.604748088E+00  -0.137949256E-02   0.244828303E+02
   0.205902778E+02  -0.506951041E+00   0.577724954E+01   0.172708962E+02  -0.765145585E+00   0.986831088E+01  -0.921689389E+00  -0.393610381E+01   0.607766812E-02  -0.603926662E+00  -0.337111508E-02   0.244840224E+02
   0.206076389E+02  -0.377089226E+00   0.360465301E+01   0.173067188E+02  -0.536980026E+00   0.986914413E+01  -0.922047915E+00  -0.393774062E+01   0.560761224E-02  -0.602859172E+00  -0.266495647E-02   0.244857747E+02
   0.206250000E+02  -0.312317532E+00   0.230131417E+01   0.173060669E+02  -0.121450611E+00   0.987013715E+01  -0.922486809E+00  -0.393929624E+01   0.344026835E-02  -0.601919223E+00   0.121434623E+01   0.244882014E+02
