   0.228298611E+02  -0.215488801E+00   0.510270802E+01   0.188171164E+02   0.399925781E+00   0.100112199E+02  -0.973345143E+00  -0.407304091E+01   0.423531838E-02  -0.555602856E+00  -0.128513932E+01   0.249900242E+02
   0.228472222E+02  -0.442167428E+00   0.283905974E+01   0.187779144E+02   0.281892820E+00   0.100120592E+02  -0.973593825E+00  -0.407355852E+01   0.755158136E-02  -0.555719973E+00  -0.566483791E-03   0.249935937E+02
   0.228645833E+02  -0.764071071E+00   0.126555918E+01   0.188230361E+02   0.142769301E+00   0.100127209E+02  -0.973768504E+00  -0.407318647E+01   0.454168104E-02  -0.556498993E+00   0.413859157E-03   0.249964289E+02
   0.228819444E+02  -0.103953473E+01   0.960643386E+00   0.189202378E+02   0.805993788E-02   0.100134458E+02  -0.973982560E+00  -0.407263045E+01  -0.428520842E-03  -0.557410310E+00   0.152931543E-02   0.249993511E+02
   0.228993056E+02  -0.112902160E+01   0.160507691E+01   0.190371794E+02  -0.430702065E+00   0.100143287E+02  -0.974287334E+00  -0.407256351E+01  -0.340641338E-02  -0.557914559E+00   0.261279368E-02   0.250027827E+02
   0.229166667E+02  -0.960899300E+00   0.257714021E+01   0.191700503E+02  -0.944146540E+00   0.100154277E+02  -0.974700508E+00  -0.407327761E+01  -0.569066147E-02  -0.557785895E+00   0.261573417E-02   0.250069231E+02
   0.229340278E+02  -0.589460151E+00   0.394859218E+01   0.192839740E+02  -0.765339544E+00   0.100168326E+02  -0.975230088E+00  -0.407506875E+01  -0.477714185E-02  -0.556813384E+00  -0.107596691E-03   0.250120766E+02
   0.229513889E+02  -0.174557074E+00   0.461445581E+01   0.193229853E+02  -0.211491071E+00   0.100184915E+02  -0.975843303E+00  -0.407755541E+01  -0.149742582E-02  -0.555367392E+00  -0.229837803E-02   0.250182810E+02
   0.229687500E+02   0.872345729E-01   0.431248170E+01   0.192631457E+02   0.220347280E+00   0.100202022E+02  -0.976442797E+00  -0.408000232E+01   0.350635783E-02  -0.554071861E+00  -0.278954756E-02   0.250249539E+02
   0.229861111E+02   0.529736965E-01   0.326630773E+01   0.191390397E+02   0.341722442E+00   0.100216981E+02  -0.976940096E+00  -0.408165218E+01   0.463870627E-02  -0.553473982E+00  -0.166576596E-02   0.250310638E+02
   0.230034722E+02  -0.294030552E+00   0.278776448E+01   0.190368696E+02   0.511620368E+00   0.100228483E+02  -0.977282410E+00  -0.408219532E+01   0.218761546E-02  -0.553713038E+00   0.283787997E-03   0.250359267E+02
   0.230208333E+02  -0.793557524E+00   0.291896731E+01   0.190311417E+02   0.126030706E-01   0.100236618E+02  -0.977508916E+00  -0.408187971E+01  -0.815090468E-03  -0.554526042E+00   0.152009000E-02   0.250394002E+02
   0.230381944E+02  -0.120233344E+01   0.394245973E+01   0.190742464E+02  -0.620285983E+00   0.100243742E+02  -0.977709226E+00  -0.408149637E+01  -0.796985619E-03  -0.555289895E+00  -0.268186201E-04   0.250422291E+02
   0.230555556E+02  -0.133575154E+01   0.476522457E+01   0.191069213E+02  -0.727906835E+00   0.100252695E+02  -0.977937144E+00  -0.408234459E+01  -0.952390194E-03  -0.554995921E+00   0.695918311E-03   0.250456581E+02
   0.230729167E+02  -0.114054611E+01   0.455950661E+01   0.191572557E+02  -0.698441037E+00   0.100264441E+02  -0.978292765E+00  -0.408404099E+01  -0.204423492E-02  -0.554037009E+00   0.124837896E-02   0.250504752E+02
   0.230902778E+02  -0.688854269E+00   0.379746219E+01   0.192333558E+02  -0.495093329E+00   0.100278658E+02  -0.978786463E+00  -0.408586575E+01  -0.222197271E-02  -0.553061285E+00   0.106989136E-02   0.250566962E+02
   0.231076389E+02  -0.176951656E+00   0.277559452E+01   0.193266006E+02  -0.136841730E+00   0.100294386E+02  -0.979373681E+00  -0.408760591E+01   0.189741519E-02  -0.552226274E+00  -0.404728430E-03   0.250636755E+02
   0.231250000E+02   0.158031020E+00   0.150923499E+01   0.194034898E+02   0.254202906E+00   0.100310091E+02  -0.979956213E+00  -0.408909241E+01   0.398019042E-02  -0.551650256E+00   0.130547461E+01   0.250705367E+02
