   0.256423611E+02  -0.142815832E+00   0.573970519E+00   0.218733939E+02  -0.208120497E+00   0.102121193E+02  -0.103907100E+01  -0.423695378E+01   0.505679865E-02  -0.515415267E+00  -0.133590316E+01   0.258677078E+02
   0.256597222E+02  -0.467636765E+00  -0.617896650E+00   0.218044871E+02  -0.275180836E-01   0.102129883E+02  -0.103933018E+01  -0.423700583E+01   0.286154422E-02  -0.515817438E+00   0.202726254E-02   0.258720597E+02
   0.256770833E+02  -0.778760637E+00  -0.907255891E+00   0.217420272E+02  -0.166348135E+00   0.102139453E+02  -0.103964385E+01  -0.423745421E+01   0.102542943E-02  -0.515859475E+00   0.108634727E-02   0.258764669E+02
   0.256944444E+02  -0.899928436E+00  -0.738964458E+00   0.217395409E+02  -0.414153938E+00   0.102150022E+02  -0.104000449E+01  -0.423852895E+01  -0.309291104E-03  -0.515387853E+00  -0.633701357E-03   0.258808584E+02
   0.257118056E+02  -0.813585870E+00   0.249748758E+00   0.217561191E+02  -0.298134816E+00   0.102161752E+02  -0.104041693E+01  -0.423997404E+01  -0.363809487E-02  -0.514688974E+00  -0.120535722E-02   0.258853025E+02
   0.257291667E+02  -0.596748248E+00   0.189088715E+01   0.217789640E+02  -0.506715699E-01   0.102174760E+02  -0.104088793E+01  -0.424161595E+01  -0.563119685E-02  -0.513923137E+00  -0.755278112E-03   0.258900737E+02
   0.257465278E+02  -0.339942137E+00   0.350995439E+01   0.218198234E+02  -0.847792337E-01   0.102188621E+02  -0.104138285E+01  -0.424318859E+01  -0.395887678E-02  -0.513331608E+00  -0.120550071E-03   0.258952617E+02
   0.257638889E+02  -0.136737210E+00   0.395650684E+01   0.219030432E+02  -0.282691499E+00   0.102202245E+02  -0.104188859E+01  -0.424429358E+01  -0.785778835E-04  -0.513197895E+00  -0.139877025E-03   0.259005929E+02
   0.257812500E+02  -0.715184968E-01   0.353343891E+01   0.219917900E+02  -0.344679544E+00   0.102214453E+02  -0.104235335E+01  -0.424482739E+01   0.168449766E-02  -0.513508372E+00  -0.840032940E-03   0.259056433E+02
   0.257986111E+02  -0.166014220E+00   0.260304219E+01   0.220282688E+02  -0.233921388E+00   0.102224437E+02  -0.104269883E+01  -0.424508297E+01   0.305422190E-02  -0.513958545E+00   0.272443544E-04   0.259100915E+02
   0.258159722E+02  -0.362387848E+00   0.825379535E+00   0.220278120E+02  -0.264499349E+00   0.102232271E+02  -0.104294102E+01  -0.424531509E+01   0.546771945E-02  -0.514244659E+00   0.119982071E-02   0.259139464E+02
   0.258333333E+02  -0.572268524E+00  -0.948535930E+00   0.219794647E+02  -0.183869567E+00   0.102239803E+02  -0.104316527E+01  -0.424592980E+01   0.360715370E-02  -0.514051111E+00   0.904097329E-03   0.259177255E+02
   0.258506944E+02  -0.713667396E+00  -0.146999848E+01   0.218758086E+02  -0.251267155E-01   0.102248936E+02  -0.104345444E+01  -0.424705788E+01  -0.169966939E-03  -0.513448005E+00   0.729986905E-03   0.259218985E+02
   0.258680556E+02  -0.731574373E+00  -0.110046586E+01   0.218224560E+02  -0.377415790E+00   0.102259709E+02  -0.104383318E+01  -0.424829659E+01  -0.389572023E-03  -0.512852491E+00  -0.627460849E-03   0.259264257E+02
   0.258854167E+02  -0.632632617E+00  -0.185478483E+00   0.218518725E+02  -0.504114457E+00   0.102271707E+02  -0.104426285E+01  -0.424940807E+01  -0.202276379E-02  -0.512513942E+00  -0.971000169E-03   0.259311046E+02
   0.259027778E+02  -0.481464190E+00   0.111479685E+01   0.219390498E+02  -0.270985977E+00   0.102284505E+02  -0.104471542E+01  -0.425046788E+01  -0.440418272E-02  -0.512324261E+00  -0.351589245E-03   0.259357926E+02
   0.259201389E+02  -0.340913364E+00   0.276867049E+01   0.220404691E+02  -0.107691485E+00   0.102297682E+02  -0.104517282E+01  -0.425153581E+01  -0.451529712E-02  -0.512191297E+00   0.200135593E-03   0.259405355E+02
   0.259375000E+02  -0.227871563E+00   0.380575738E+01   0.220916263E+02  -0.304802740E-01   0.102310571E+02  -0.104561366E+01  -0.425265180E+01  -0.217963323E-02  -0.512033140E+00   0.137075977E+01   0.259453031E+02
