   0.376736111E+01  -0.393229933E+00   0.224625334E+02   0.206832957E+02   0.106054172E+01   0.998303079E+01  -0.530667281E+00  -0.160100104E+01  -0.273477746E-02  -0.162546496E+01  -0.566272852E+00   0.486484506E+02
   0.378472222E+01  -0.413880604E+00   0.230485834E+02   0.206469314E+02   0.822475080E+00   0.998542523E+01  -0.531682256E+00  -0.160779999E+01  -0.651602204E-03  -0.162444122E+01   0.111438372E-03   0.485823287E+02
   0.380208333E+01  -0.390337373E+00   0.229527789E+02   0.206514135E+02   0.466487320E+00   0.998779003E+01  -0.532718028E+00  -0.161475635E+01   0.307453443E-02  -0.162322453E+01  -0.175796990E-02   0.485163205E+02
   0.381944444E+01  -0.333882287E+00   0.219549900E+02   0.206960134E+02   0.307542687E+00   0.999010221E+01  -0.533749790E+00  -0.162196968E+01   0.617063113E-02  -0.162170961E+01  -0.288465309E-02   0.484500705E+02
   0.383680556E+01  -0.282420226E+00   0.203767400E+02   0.207495688E+02   0.492109641E+00   0.999235445E+01  -0.534735202E+00  -0.162935921E+01   0.627448098E-02  -0.162006168E+01  -0.195192612E-02   0.483833660E+02
   0.385416667E+01  -0.268297766E+00   0.192073757E+02   0.207913979E+02   0.981056886E+00   0.999456408E+01  -0.535676477E+00  -0.163676028E+01   0.119645901E-02  -0.161838432E+01   0.550152649E-03   0.483163467E+02
   0.387152778E+01  -0.294479052E+00   0.193806153E+02   0.208081562E+02   0.138353130E+01   0.999675716E+01  -0.536597244E+00  -0.164409012E+01  -0.568646486E-02  -0.161679600E+01   0.302048961E-02   0.482495828E+02
   0.388888889E+01  -0.338358593E+00   0.210071931E+02   0.207995790E+02   0.145060226E+01   0.999898604E+01  -0.537543278E+00  -0.165132293E+01  -0.929334724E-02  -0.161528037E+01   0.325234137E-02   0.481835443E+02
   0.390625000E+01  -0.367085535E+00   0.228651661E+02   0.207852490E+02   0.109475118E+01   0.100012562E+02  -0.538559060E+00  -0.165842020E+01  -0.571074692E-02  -0.161391014E+01   0.111809092E-02   0.481179338E+02
   0.392361111E+01  -0.362706623E+00   0.234206992E+02   0.207949891E+02   0.581139737E+00   0.100034783E+02  -0.539623609E+00  -0.166529851E+01   0.278512735E-02  -0.161269587E+01  -0.164951387E-02   0.480519800E+02
   0.394097222E+01  -0.329615275E+00   0.221701904E+02   0.208311559E+02   0.262667805E+00   0.100055610E+02  -0.540641776E+00  -0.167219036E+01   0.902327265E-02  -0.161143696E+01  -0.332880784E-02   0.479849576E+02
   0.395833333E+01  -0.287867871E+00   0.200750867E+02   0.208610734E+02   0.347686775E+00   0.100074979E+02  -0.541555421E+00  -0.167932693E+01   0.943633180E-02  -0.160989523E+01  -0.386399266E-02   0.479171765E+02
   0.397569444E+01  -0.263443488E+00   0.185594136E+02   0.208608029E+02   0.793429317E+00   0.100093762E+02  -0.542362082E+00  -0.168667449E+01   0.262078424E-02  -0.160812792E+01   0.518548052E-04   0.478494425E+02
   0.399305556E+01  -0.268700494E+00   0.181894753E+02   0.208477310E+02   0.114950045E+01   0.100112886E+02  -0.543160598E+00  -0.169405589E+01  -0.297321058E-02  -0.160635871E+01   0.269054741E-02   0.477821140E+02
   0.401041667E+01  -0.296794784E+00   0.192690055E+02   0.208492048E+02   0.139150730E+01   0.100133102E+02  -0.544025982E+00  -0.170140936E+01  -0.890326222E-02  -0.160463792E+01   0.348039499E-02   0.477152445E+02
   0.402777778E+01  -0.326614813E+00   0.213030803E+02   0.208632310E+02   0.129169043E+01   0.100154704E+02  -0.545002508E+00  -0.170863613E+01  -0.878119396E-02  -0.160306880E+01   0.251927428E-02   0.476488652E+02
   0.404513889E+01  -0.334211869E+00   0.226763140E+02   0.208897489E+02   0.951616878E+00   0.100176674E+02  -0.546089055E+00  -0.171577419E+01  -0.182410671E-02  -0.160161142E+01  -0.576996294E-03   0.475824661E+02
   0.406250000E+01  -0.309490365E+00   0.223203988E+02   0.209194429E+02   0.781018581E+00   0.100197427E+02  -0.547162304E+00  -0.172295874E+01   0.593256914E-02  -0.160006503E+01   0.590090461E+00   0.475154881E+02
