   0.253298611E+02  -0.841046102E+00   0.377718964E+01   0.212829633E+02  -0.680857589E+00   0.101902530E+02  -0.103157052E+01  -0.421837545E+01   0.883130499E-04  -0.519702847E+00  -0.135012905E+01   0.257747100E+02
   0.253472222E+02  -0.672509915E+00   0.301041857E+01   0.213061940E+02  -0.381450710E+00   0.101916295E+02  -0.103198700E+01  -0.421982439E+01   0.374204188E-02  -0.519022969E+00  -0.535191625E-03   0.257811950E+02
   0.253645833E+02  -0.541235153E+00   0.205545119E+01   0.213804501E+02   0.101872540E-01   0.101931708E+02  -0.103248042E+01  -0.422142277E+01   0.107932612E-02  -0.518320665E+00   0.662225068E-03   0.257881027E+02
   0.253819444E+02  -0.480652129E+00   0.178815674E+01   0.215293830E+02  -0.179080821E-01   0.101947559E+02  -0.103304425E+01  -0.422279279E+01   0.242978196E-03  -0.517882039E+00  -0.847619658E-03   0.257949725E+02
   0.253993056E+02  -0.425730673E+00   0.181670982E+01   0.216981816E+02  -0.685762959E-01   0.101962523E+02  -0.103357055E+01  -0.422400523E+01   0.163138630E-02  -0.517636495E+00  -0.247485117E-02   0.258013800E+02
   0.254166667E+02  -0.350718762E+00   0.120376159E+01   0.217780343E+02  -0.104569647E+00   0.101975730E+02  -0.103401647E+01  -0.422498013E+01  -0.675941515E-04  -0.517589254E+00  -0.137821946E-02   0.258069573E+02
   0.254340278E+02  -0.319970738E+00   0.122378255E+01   0.217272582E+02  -0.123792677E+00   0.101987443E+02  -0.103442288E+01  -0.422586752E+01  -0.252863795E-02  -0.517580003E+00   0.744361607E-03   0.258118242E+02
   0.254513889E+02  -0.359686358E+00   0.194378632E+01   0.216448348E+02  -0.287527892E+00   0.101997966E+02  -0.103481217E+01  -0.422654152E+01  -0.359561058E-02  -0.517676163E+00   0.251473982E-02   0.258163034E+02
   0.254687500E+02  -0.428332006E+00   0.265563739E+01   0.215994442E+02  -0.419723818E+00   0.102007777E+02  -0.103516334E+01  -0.422725257E+01  -0.546581143E-03  -0.517609783E+00   0.158186533E-02   0.258207109E+02
   0.254861111E+02  -0.493609980E+00   0.219202593E+01   0.215552257E+02  -0.502482111E+00   0.102017447E+02  -0.103547606E+01  -0.422805865E+01   0.345972481E-02  -0.517372849E+00   0.565878686E-03   0.258252681E+02
   0.255034722E+02  -0.582151966E+00   0.963611714E+00   0.215165091E+02  -0.268095807E+00   0.102027873E+02  -0.103579091E+01  -0.422891146E+01   0.554436204E-02  -0.517088556E+00  -0.576464973E-03   0.258301716E+02
   0.255208333E+02  -0.680546228E+00  -0.225180721E+00   0.215436855E+02  -0.654114095E-01   0.102039511E+02  -0.103614565E+01  -0.422985542E+01   0.308294819E-02  -0.516791568E+00  -0.120554399E-02   0.258353773E+02
   0.255381944E+02  -0.728271038E+00  -0.333464668E+00   0.216519932E+02   0.368474717E-01   0.102052128E+02  -0.103654762E+01  -0.423103770E+01  -0.633647695E-03  -0.516386038E+00  -0.117873028E-02   0.258405921E+02
   0.255555556E+02  -0.692238133E+00   0.727948826E+00   0.217643343E+02  -0.199467563E-01   0.102065182E+02  -0.103701052E+01  -0.423219874E+01  -0.596918953E-02  -0.516048931E+00   0.273482471E-03   0.258455769E+02
   0.255729167E+02  -0.572838699E+00   0.279356489E+01   0.217796510E+02  -0.139569086E+00   0.102078418E+02  -0.103752802E+01  -0.423336934E+01  -0.626801541E-02  -0.515766973E+00  -0.194214728E-03   0.258503334E+02
   0.255902778E+02  -0.369544637E+00   0.420348421E+01   0.217299162E+02  -0.306343371E+00   0.102091370E+02  -0.103802833E+01  -0.423476000E+01  -0.294879645E-02  -0.515367147E+00   0.131794685E-04   0.258549441E+02
   0.256076389E+02  -0.136578346E+00   0.409457773E+01   0.217504251E+02  -0.391453167E+00   0.102103087E+02  -0.103846859E+01  -0.423603602E+01   0.189959438E-02  -0.515053214E+00  -0.514289556E-03   0.258593647E+02
   0.256250000E+02  -0.148585741E-01   0.241273238E+01   0.218399154E+02  -0.438605069E+00   0.102112738E+02  -0.103880523E+01  -0.423681904E+01   0.469104253E-02  -0.515030002E+00   0.133570585E+01   0.258635350E+02
