   0.234548611E+02  -0.198998557E+00  -0.415794472E+00   0.196864004E+02  -0.148306774E+00   0.100546022E+02  -0.987516066E+00  -0.410832805E+01   0.381162533E-02  -0.547294598E+00  -0.130411771E+01   0.251682734E+02
   0.234722222E+02  -0.307892011E+00   0.736179497E-01   0.198204148E+02  -0.520172357E+00   0.100559799E+02  -0.988020519E+00  -0.410875946E+01  -0.216444162E-02  -0.547634616E+00   0.119105794E-03   0.251740846E+02
   0.234895833E+02  -0.525298342E+00   0.202291005E+01   0.198197065E+02  -0.491484398E+00   0.100572080E+02  -0.988406223E+00  -0.410955745E+01  -0.604170242E-02  -0.547618847E+00  -0.870626920E-03   0.251792524E+02
   0.235069444E+02  -0.767693792E+00   0.475115922E+01   0.197174348E+02  -0.445905613E+00   0.100583265E+02  -0.988695127E+00  -0.411097849E+01  -0.793605858E-02  -0.546995907E+00   0.476134224E-03   0.251840755E+02
   0.235243056E+02  -0.901231950E+00   0.647176451E+01   0.196131179E+02  -0.512101087E+00   0.100594479E+02  -0.988991796E+00  -0.411266349E+01  -0.478026033E-02  -0.546063148E+00   0.164357543E-02   0.251891113E+02
   0.235416667E+02  -0.846554302E+00   0.610688973E+01   0.195578921E+02  -0.246155638E+00   0.100606440E+02  -0.989359820E+00  -0.411422092E+01   0.308021875E-02  -0.545245165E+00  -0.157082794E-03   0.251946237E+02
   0.235590278E+02  -0.680084287E+00   0.440281276E+01   0.195529076E+02   0.227577271E+00   0.100619142E+02  -0.989763101E+00  -0.411532658E+01   0.650331349E-02  -0.544880785E+00  -0.118574505E-02   0.252004885E+02
   0.235763889E+02  -0.526671668E+00   0.270804572E+01   0.196106000E+02   0.921541215E-01   0.100632304E+02  -0.990173007E+00  -0.411601884E+01   0.574757345E-02  -0.544919238E+00  -0.176662221E-03   0.252065108E+02
   0.235937500E+02  -0.441204043E+00   0.163322519E+01   0.197024491E+02  -0.265926164E+00   0.100646130E+02  -0.990586586E+00  -0.411672280E+01   0.405432527E-02  -0.544976145E+00  -0.124774127E-02   0.252126710E+02
   0.236111111E+02  -0.430224786E+00   0.965340548E+00   0.197720614E+02  -0.348395292E+00   0.100660858E+02  -0.991027618E+00  -0.411767453E+01   0.335966109E-03  -0.544862763E+00  -0.139343081E-02   0.252190481E+02
   0.236284722E+02  -0.479243406E+00   0.714241436E+00   0.198265298E+02  -0.340884913E+00   0.100675868E+02  -0.991541191E+00  -0.411875169E+01  -0.235378966E-02  -0.544665079E+00   0.917664917E-03   0.252254766E+02
   0.236458333E+02  -0.570918672E+00   0.135647638E+01   0.198791524E+02  -0.581574525E+00   0.100690119E+02  -0.992088648E+00  -0.412006870E+01  -0.423871608E-02  -0.544200429E+00   0.152094136E-02   0.252316970E+02
   0.236631944E+02  -0.671867195E+00   0.303467197E+01   0.198456824E+02  -0.581627808E+00   0.100703232E+02  -0.992588969E+00  -0.412158072E+01  -0.437272836E-02  -0.543486833E+00  -0.215412138E-03   0.252377248E+02
   0.236805556E+02  -0.739324619E+00   0.449677143E+01   0.197791039E+02  -0.285945784E+00   0.100714971E+02  -0.992968669E+00  -0.412307439E+01  -0.295373666E-02  -0.542733929E+00   0.207867710E-03   0.252434710E+02
   0.236979167E+02  -0.751894747E+00   0.459725619E+01   0.197812359E+02  -0.136661431E+00   0.100725809E+02  -0.993298866E+00  -0.412402154E+01  -0.101411479E-03  -0.542394958E+00   0.148110419E-02   0.252489327E+02
   0.237152778E+02  -0.707149414E+00   0.447183646E+01   0.197944848E+02  -0.189502724E+00   0.100736796E+02  -0.993642481E+00  -0.412447681E+01   0.151800250E-02  -0.542486151E+00   0.786280391E-03   0.252542221E+02
   0.237326389E+02  -0.611792642E+00   0.401267131E+01   0.197666327E+02   0.167992828E-01   0.100748243E+02  -0.993954649E+00  -0.412529613E+01   0.337122272E-02  -0.542332390E+00  -0.425214294E-03   0.252593143E+02
   0.237500000E+02  -0.502162572E+00   0.282760795E+01   0.197927223E+02   0.346808207E+00   0.100760125E+02  -0.994256411E+00  -0.412646696E+01   0.272378407E-02  -0.541893691E+00   0.131571622E+01   0.252642642E+02
