   0.532986111E+01  -0.170537735E+00   0.161398521E+02   0.213377179E+02   0.648248287E+00   0.101047492E+02  -0.604121467E+00  -0.217309751E+01   0.971775308E-03  -0.149971616E+01  -0.762930537E+00   0.426969859E+02
   0.534722222E+01  -0.204017640E+00   0.159123948E+02   0.213159258E+02   0.611281848E+00   0.101050557E+02  -0.604797272E+00  -0.217797752E+01   0.172430860E-02  -0.149867131E+01  -0.135054227E-03   0.426344168E+02
   0.536458333E+01  -0.248670148E+00   0.150950023E+02   0.212471435E+02   0.753272710E+00   0.101052094E+02  -0.605367704E+00  -0.218273351E+01   0.310960823E-02  -0.149763463E+01  -0.595026305E-03   0.425715846E+02
   0.538194444E+01  -0.269621414E+00   0.142100543E+02   0.211488723E+02   0.110305499E+01   0.101053408E+02  -0.605852725E+00  -0.218762664E+01   0.158822729E-02  -0.149649292E+01  -0.979178157E-03   0.425088608E+02
   0.539930556E+01  -0.252298538E+00   0.140300716E+02   0.210547307E+02   0.153416423E+01   0.101056385E+02  -0.606355198E+00  -0.219268422E+01  -0.287315222E-02  -0.149533668E+01   0.146029441E-02   0.424469584E+02
   0.541666667E+01  -0.205470741E+00   0.141547511E+02   0.210230109E+02   0.150518575E+01   0.101061317E+02  -0.607012833E+00  -0.219765096E+01  -0.157370586E-02  -0.149434358E+01   0.208285205E-02   0.423860110E+02
   0.543402778E+01  -0.163880322E+00   0.139834200E+02   0.210755293E+02   0.126398133E+01   0.101067009E+02  -0.607819537E+00  -0.220253393E+01   0.253303845E-02  -0.149336359E+01  -0.424172840E-04   0.423254803E+02
   0.545138889E+01  -0.160534406E+00   0.137365547E+02   0.211775874E+02   0.883555747E+00   0.101072014E+02  -0.608659300E+00  -0.220738248E+01   0.189605924E-02  -0.149230970E+01  -0.921610999E-03   0.422646795E+02
   0.546875000E+01  -0.198162510E+00   0.142499927E+02   0.212610359E+02   0.682925402E+00   0.101075802E+02  -0.609452437E+00  -0.221212760E+01  -0.149563403E-02  -0.149125435E+01  -0.119261942E-02   0.422035133E+02
   0.548611111E+01  -0.246270952E+00   0.152867646E+02   0.212770529E+02   0.801561744E+00   0.101078214E+02  -0.610138312E+00  -0.221691967E+01  -0.349631380E-02  -0.149013611E+01  -0.422103490E-03   0.421420505E+02
   0.550347222E+01  -0.271358787E+00   0.158543669E+02   0.212177324E+02   0.103697851E+01   0.101079113E+02  -0.610689844E+00  -0.222191155E+01  -0.188369283E-02  -0.148884785E+01   0.552533074E-03   0.420802333E+02
   0.552083333E+01  -0.260010883E+00   0.155695183E+02   0.211179359E+02   0.113676712E+01   0.101079025E+02  -0.611144436E+00  -0.222684815E+01   0.284850693E-04  -0.148760982E+01   0.173818155E-03   0.420182271E+02
   0.553819444E+01  -0.226630261E+00   0.150087926E+02   0.210088929E+02   0.132390888E+01   0.101079687E+02  -0.611590658E+00  -0.223162302E+01   0.130561231E-02  -0.148654335E+01   0.256026343E-03   0.419567560E+02
   0.555555556E+01  -0.193502343E+00   0.142159058E+02   0.209417300E+02   0.132546024E+01   0.101082277E+02  -0.612152747E+00  -0.223622415E+01   0.291259820E-02  -0.148564045E+01   0.114481388E-02   0.418962713E+02
   0.557291667E+01  -0.180940900E+00   0.133175499E+02   0.209598563E+02   0.118891436E+01   0.101086427E+02  -0.612894979E+00  -0.224079530E+01   0.346984067E-02  -0.148473474E+01   0.133816547E-03   0.418365561E+02
   0.559027778E+01  -0.192905257E+00   0.126696104E+02   0.210468855E+02   0.103897855E+01   0.101090818E+02  -0.613734190E+00  -0.224544643E+01   0.246070012E-02  -0.148371677E+01  -0.101519695E-02   0.417770443E+02
   0.560763889E+01  -0.215327073E+00   0.126437822E+02   0.211430767E+02   0.864882921E+00   0.101094432E+02  -0.614551605E+00  -0.225020675E+01   0.828187772E-04  -0.148255223E+01  -0.177378592E-02   0.417173078E+02
   0.562500000E+01  -0.236199698E+00   0.137720026E+02   0.211851135E+02   0.110510749E+01   0.101097023E+02  -0.615272051E+00  -0.225527562E+01  -0.504632203E-02  -0.148112532E+01   0.806697797E+00   0.416572688E+02
