   0.329861111E+00  -0.386597845E+00   0.102447404E+03   0.942760475E+00  -0.118289826E+02   0.486261336E+01  -0.149005161E+00   0.373867630E+01   0.361316017E-01  -0.342444608E+00   0.147388543E+02   0.992074945E+02
   0.347222222E+00  -0.392260510E+00   0.100607696E+03   0.104865170E+01  -0.118567568E+02   0.513872251E+01  -0.152535359E+00   0.348409243E+01   0.309174968E-01  -0.363869346E+00   0.226801124E-02   0.973665812E+02
   0.364583333E+00  -0.395284810E+00   0.988044303E+02   0.115531489E+01  -0.118543574E+02   0.539916673E+01  -0.156074635E+00   0.323600261E+01   0.270542104E-01  -0.387707316E+00   0.218541131E-02   0.956284977E+02
   0.381944444E+00  -0.395785332E+00   0.970276710E+02   0.126328837E+01  -0.118330440E+02   0.564334057E+01  -0.159622724E+00   0.299795814E+01   0.238434123E-01  -0.413159022E+00   0.208640472E-02   0.939876791E+02
   0.399305556E+00  -0.395353610E+00   0.953140746E+02   0.137388842E+01  -0.117972111E+02   0.587157140E+01  -0.163176674E+00   0.277177650E+01   0.210700873E-01  -0.439627915E+00   0.196524846E-02   0.924377381E+02
   0.416666667E+00  -0.395743770E+00   0.936991810E+02   0.148770365E+01  -0.117543205E+02   0.608466896E+01  -0.166732409E+00   0.255817672E+01   0.186716228E-01  -0.466700926E+00   0.184441898E-02   0.909720105E+02
   0.434027778E+00  -0.396978335E+00   0.921709749E+02   0.160425236E+01  -0.116978744E+02   0.628362144E+01  -0.170285450E+00   0.235719218E+01   0.167996207E-01  -0.494085197E+00   0.173893132E-02   0.895839274E+02
   0.451388889E+00  -0.397573532E+00   0.906797772E+02   0.172128568E+01  -0.116094026E+02   0.646943909E+01  -0.173830817E+00   0.216853436E+01   0.152757906E-01  -0.521594479E+00   0.166314392E-02   0.882676209E+02
   0.468750000E+00  -0.397213494E+00   0.892263679E+02   0.183760539E+01  -0.114802667E+02   0.664304381E+01  -0.177364579E+00   0.199178770E+01   0.137991720E-01  -0.549094944E+00   0.164671571E-02   0.870179823E+02
   0.486111111E+00  -0.396745699E+00   0.878445771E+02   0.195452470E+01  -0.113372743E+02   0.680528688E+01  -0.180883895E+00   0.182639555E+01   0.124297085E-01  -0.576481384E+00   0.158067423E-02   0.858301172E+02
   0.503472222E+00  -0.397260025E+00   0.865418016E+02   0.207468893E+01  -0.112165063E+02   0.695700837E+01  -0.184386938E+00   0.167170158E+01   0.114979761E-01  -0.603685352E+00   0.141405888E-02   0.846994585E+02
   0.520833333E+00  -0.398746274E+00   0.852918728E+02   0.219898802E+01  -0.111215317E+02   0.709899862E+01  -0.187869553E+00   0.152702166E+01   0.107012695E-01  -0.630643665E+00   0.132163508E-02   0.836219089E+02
   0.538194444E+00  -0.399790794E+00   0.840404273E+02   0.232537206E+01  -0.110264525E+02   0.723196245E+01  -0.191328583E+00   0.139170269E+01   0.103123643E-01  -0.657298081E+00   0.116583177E-02   0.825939286E+02
   0.555555556E+00  -0.399184764E+00   0.827708141E+02   0.245081414E+01  -0.108959993E+02   0.735654550E+01  -0.194758130E+00   0.126510927E+01   0.959004726E-02  -0.683592630E+00   0.111823182E-02   0.816121995E+02
   0.572916667E+00  -0.397172722E+00   0.815240051E+02   0.257337281E+01  -0.107119608E+02   0.747334553E+01  -0.198157256E+00   0.114665950E+01   0.881990634E-02  -0.709517838E+00   0.114804711E-02   0.806737393E+02
   0.590277778E+00  -0.395422365E+00   0.803574656E+02   0.269480428E+01  -0.105102715E+02   0.758292775E+01  -0.201527508E+00   0.103586226E+01   0.792701277E-02  -0.735132603E+00   0.111779430E-02   0.797758753E+02
   0.607638889E+00  -0.395810466E+00   0.792927670E+02   0.282064108E+01  -0.103434136E+02   0.768579661E+01  -0.204871405E+00   0.932199963E+00   0.741188681E-02  -0.760408904E+00   0.109253673E-02   0.789161155E+02
   0.625000000E+00  -0.397678188E+00   0.782645232E+02   0.295117087E+01  -0.102237753E+02   0.778246076E+01  -0.208187298E+00   0.835121076E+00   0.737420880E-02  -0.785330684E+00  -0.840149765E+01   0.780919760E+02
