   0.137673611E+02  -0.207533443E+00   0.393887796E+01   0.158417916E+02  -0.226219728E-01   0.973764196E+01  -0.792059694E+00  -0.339898544E+01   0.647151627E-03  -0.937043640E+00  -0.108135016E+01   0.261176952E+02
   0.137847222E+02  -0.324105684E+00   0.490688639E+01   0.158213891E+02   0.277868509E+00   0.973715457E+01  -0.792314751E+00  -0.339980972E+01  -0.452643653E-02  -0.936551198E+00  -0.169259473E-02   0.261045856E+02
   0.138020833E+02  -0.364423313E+00   0.665925636E+01   0.157493103E+02   0.624704763E+00   0.973674064E+01  -0.792523348E+00  -0.340199887E+01  -0.728870098E-02  -0.934897969E+00   0.175817728E-03   0.260917378E+02
   0.138194444E+02  -0.301871727E+00   0.793225939E+01   0.156572581E+02   0.729269109E+00   0.973642138E+01  -0.792767986E+00  -0.340490820E+01  -0.324980697E-02  -0.932609568E+00   0.917456218E-03   0.260796286E+02
   0.138368056E+02  -0.193036630E+00   0.794940502E+01   0.155698536E+02   0.766816198E+00   0.973615121E+01  -0.793038331E+00  -0.340757632E+01   0.253755771E-02  -0.930501773E+00   0.394611653E-03   0.260682102E+02
   0.138541667E+02  -0.127805971E+00   0.736440609E+01   0.155393334E+02   0.786146257E+00   0.973592358E+01  -0.793305335E+00  -0.340940673E+01   0.369614206E-02  -0.929167441E+00   0.597046488E-03   0.260571020E+02
   0.138715278E+02  -0.146549907E+00   0.660450281E+01   0.155961046E+02   0.603075995E+00   0.973572312E+01  -0.793587238E+00  -0.341037279E+01   0.275261941E-02  -0.928685766E+00   0.122695407E-02   0.260458322E+02
   0.138888889E+02  -0.215466277E+00   0.541881104E+01   0.157151021E+02   0.119803161E+00   0.973550095E+01  -0.793928355E+00  -0.341068979E+01   0.323667304E-02  -0.928777689E+00   0.483856873E-04   0.260341175E+02
   0.139062500E+02  -0.268729947E+00   0.461150922E+01   0.158281380E+02  -0.123785002E+00   0.973525272E+01  -0.794321150E+00  -0.341119787E+01  -0.684568624E-03  -0.928656017E+00   0.332396060E-03   0.260221294E+02
   0.139236111E+02  -0.253374213E+00   0.468659011E+01   0.158718260E+02   0.125166226E+00   0.973499531E+01  -0.794698089E+00  -0.341296382E+01  -0.134709843E-02  -0.927336540E+00  -0.156766438E-02   0.260102990E+02
   0.139409722E+02  -0.196494950E+00   0.533329606E+01   0.158179325E+02   0.707761276E+00   0.973478118E+01  -0.794990662E+00  -0.341592535E+01  -0.197575558E-02  -0.924986356E+00  -0.177855122E-02   0.259989734E+02
   0.139583333E+02  -0.165175481E+00   0.581166038E+01   0.157167083E+02   0.757061009E+00   0.973461552E+01  -0.795283643E+00  -0.341868101E+01  -0.124608407E-02  -0.922856602E+00  -0.803668550E-03   0.259880910E+02
   0.139756944E+02  -0.188408090E+00   0.649484210E+01   0.156342079E+02   0.469842724E+00   0.973443608E+01  -0.795609576E+00  -0.342038641E+01   0.127136732E-02  -0.921714647E+00  -0.621168475E-04   0.259772098E+02
   0.139930556E+02  -0.238816264E+00   0.712773242E+01   0.155690656E+02   0.390468014E+00   0.973418339E+01  -0.795908846E+00  -0.342122074E+01  -0.139564348E-02  -0.921324402E+00   0.144598624E-02   0.259660092E+02
   0.140104167E+02  -0.277600364E+00   0.787614792E+01   0.155270190E+02   0.445864799E+00   0.973389842E+01  -0.796174798E+00  -0.342212105E+01  -0.340608942E-02  -0.920849228E+00   0.191438408E-02   0.259545634E+02
   0.140277778E+02  -0.273454553E+00   0.778923047E+01   0.155529191E+02   0.361368318E+00   0.973361632E+01  -0.796445194E+00  -0.342358949E+01   0.122526152E-02  -0.919813871E+00   0.526069257E-03   0.259431569E+02
   0.140451389E+02  -0.232534732E+00   0.616374643E+01   0.156361660E+02   0.307129822E+00   0.973334902E+01  -0.796722369E+00  -0.342544688E+01   0.560715602E-02  -0.918391582E+00  -0.794189748E-03   0.259320127E+02
   0.140625000E+02  -0.191813905E+00   0.448817024E+01   0.157365044E+02   0.433092251E+00   0.973313577E+01  -0.796998494E+00  -0.342745710E+01   0.387829143E-02  -0.916872505E+00   0.108952131E+01   0.259211041E+02
