   0.262673611E+02  -0.402379079E+00   0.366457751E+01   0.224437446E+02  -0.248964938E+00   0.102508885E+02  -0.105278674E+01  -0.426841842E+01  -0.395079590E-02  -0.508963564E+00  -0.137521330E+01   0.260304980E+02
   0.262847222E+02  -0.116226502E+00   0.448555970E+01   0.224151516E+02  -0.173798465E-01   0.102523426E+02  -0.105323759E+01  -0.427027564E+01   0.124164270E-02  -0.508133928E+00  -0.403391230E-03   0.260366530E+02
   0.263020833E+02   0.782876959E-01   0.315530209E+01   0.223347919E+02   0.590638123E-01   0.102537390E+02  -0.105363407E+01  -0.427194371E+01   0.611890798E-02  -0.507491180E+00  -0.192015623E-02   0.260428153E+02
   0.263194444E+02   0.444612689E-01   0.102437216E+01   0.222568090E+02   0.378747865E-01   0.102549476E+02  -0.105396723E+01  -0.427297807E+01   0.572927575E-02  -0.507320738E+00  -0.107973009E-02   0.260483864E+02
   0.263368056E+02  -0.252872138E+00  -0.353648825E+00   0.222372023E+02  -0.270175958E+00   0.102559764E+02  -0.105425429E+01  -0.427331121E+01   0.402754096E-02  -0.507677317E+00   0.448946386E-03   0.260531955E+02
   0.263541667E+02  -0.650569724E+00  -0.700081107E+00   0.222773291E+02  -0.600042263E+00   0.102568958E+02  -0.105455169E+01  -0.427313078E+01  -0.668017463E-03  -0.508400239E+00   0.827195787E-03   0.260574292E+02
   0.263715278E+02  -0.913591459E+00  -0.738447134E+00   0.223569827E+02  -0.570774887E+00   0.102577641E+02  -0.105492893E+01  -0.427318946E+01  -0.298004473E-02  -0.508794607E+00  -0.358148363E-04   0.260613570E+02
   0.263888889E+02  -0.949450747E+00  -0.295577585E+00   0.224653439E+02  -0.394562404E+00   0.102586422E+02  -0.105537501E+01  -0.427386179E+01  -0.302598452E-02  -0.508560565E+00  -0.350320938E-03   0.260654121E+02
   0.264062500E+02  -0.804703216E+00   0.660102608E+00   0.225839662E+02  -0.305014463E+00   0.102596334E+02  -0.105582459E+01  -0.427515236E+01  -0.210926228E-02  -0.507824962E+00  -0.356398362E-03   0.260701489E+02
   0.264236111E+02  -0.544774805E+00   0.200536670E+01   0.226557711E+02  -0.294049267E+00   0.102608179E+02  -0.105622515E+01  -0.427676334E+01  -0.601697249E-03  -0.506964444E+00  -0.140397068E-03   0.260757463E+02
   0.264409722E+02  -0.247216544E+00   0.250450140E+01   0.226577690E+02  -0.189752851E+00   0.102621281E+02  -0.105658566E+01  -0.427806277E+01  -0.458564506E-05  -0.506550251E+00  -0.189429951E-04   0.260816334E+02
   0.264583333E+02  -0.528464500E-01   0.192725748E+01   0.226116523E+02   0.133725583E-01   0.102634379E+02  -0.105693011E+01  -0.427881545E+01   0.138044138E-02  -0.506715579E+00   0.748553422E-03   0.260871486E+02
   0.264756944E+02  -0.463683525E-01   0.130256836E+01   0.225357451E+02   0.120032143E+00   0.102646805E+02  -0.105727601E+01  -0.427930426E+01   0.122730753E-02  -0.507107249E+00   0.142072070E-02   0.260921872E+02
   0.264930556E+02  -0.158243892E+00   0.399841374E+00   0.224698718E+02  -0.128161749E+00   0.102658379E+02  -0.105765104E+01  -0.427987677E+01   0.253867654E-03  -0.507327600E+00   0.151784372E-02   0.260969786E+02
   0.265104167E+02  -0.296689510E+00  -0.378616719E+00   0.224704269E+02  -0.579173959E+00   0.102669378E+02  -0.105811466E+01  -0.428053977E+01   0.103267018E-02  -0.507339938E+00  -0.752685126E-03   0.261017604E+02
   0.265277778E+02  -0.466172944E+00  -0.784497529E+00   0.225096910E+02  -0.489066496E+00   0.102679774E+02  -0.105860065E+01  -0.428128157E+01   0.118754663E-02  -0.507213607E+00  -0.177309135E-02   0.261064272E+02
   0.265451389E+02  -0.676391752E+00  -0.386216657E+00   0.225382654E+02  -0.405736786E+00   0.102689313E+02  -0.105901564E+01  -0.428233205E+01   0.234635143E-02  -0.506778202E+00  -0.227959538E-02   0.261108289E+02
   0.265625000E+02  -0.854130323E+00   0.873332814E+00   0.225814380E+02  -0.382358168E+00   0.102698101E+02  -0.105929166E+01  -0.428345738E+01  -0.171041475E-02  -0.506300149E+00   0.137064439E+01   0.261148842E+02
