   0.282986111E+01  -0.555922564E+00   0.286405926E+02   0.181771780E+02   0.159295353E+00   0.982644886E+01  -0.469673988E+00  -0.118340291E+01  -0.391843104E-03  -0.170631486E+01  -0.203098691E+00   0.522508203E+02
   0.284722222E+01  -0.574078698E+00   0.287909998E+02   0.182447049E+02   0.380550573E-01   0.982976201E+01  -0.470980414E+00  -0.119057810E+01  -0.245083153E-03  -0.170549376E+01   0.780926570E-03   0.521846592E+02
   0.286458333E+01  -0.575387526E+00   0.284960424E+02   0.183446555E+02  -0.407570551E-01   0.983304300E+01  -0.472329598E+00  -0.119793283E+01   0.158069108E-02  -0.170440357E+01   0.455957295E-03   0.521191405E+02
   0.288194444E+01  -0.554200929E+00   0.278534667E+02   0.184619680E+02   0.615442144E-02   0.983625779E+01  -0.473678907E+00  -0.120551684E+01   0.307828195E-02  -0.170306555E+01  -0.203291255E-02   0.520540044E+02
   0.289930556E+01  -0.518653839E+00   0.273762833E+02   0.185670581E+02   0.620253270E-01   0.983943915E+01  -0.474981231E+00  -0.121329522E+01   0.259847362E-02  -0.170156545E+01  -0.282198674E-02   0.519889527E+02
   0.291666667E+01  -0.489555693E+00   0.270150625E+02   0.186447805E+02   0.192249792E+00   0.984260353E+01  -0.476238159E+00  -0.122114597E+01   0.368079210E-02  -0.170008005E+01  -0.297532770E-02   0.519237337E+02
   0.293402778E+01  -0.487439725E+00   0.267982527E+02   0.186804336E+02   0.499131409E+00   0.984574841E+01  -0.477427071E+00  -0.122891295E+01  -0.152354109E-02  -0.169870550E+01   0.166489613E-02   0.518585904E+02
   0.295138889E+01  -0.513185837E+00   0.269106788E+02   0.186899006E+02   0.507340717E+00   0.984888252E+01  -0.478598168E+00  -0.123629319E+01  -0.322566010E-02  -0.169765156E+01   0.326649355E-02   0.517936893E+02
   0.296875000E+01  -0.546487944E+00   0.274150401E+02   0.187082260E+02   0.367456828E+00   0.985206182E+01  -0.479810344E+00  -0.124339890E+01  -0.342952473E-02  -0.169677117E+01   0.197466345E-02   0.517292146E+02
   0.298611111E+01  -0.561675475E+00   0.279037806E+02   0.187694484E+02   0.281872180E+00   0.985530437E+01  -0.481110015E+00  -0.125066643E+01  -0.102836127E-02  -0.169566796E+01   0.334058173E-03   0.516653123E+02
   0.300347222E+01  -0.546361326E+00   0.276541799E+02   0.188904986E+02   0.131712308E+00   0.985855388E+01  -0.482472314E+00  -0.125819083E+01   0.257080171E-02  -0.169429954E+01  -0.128749602E-02   0.516018103E+02
   0.302083333E+01  -0.512836708E+00   0.267876344E+02   0.190432629E+02  -0.192535537E-01   0.986173751E+01  -0.483833354E+00  -0.126581158E+01   0.598268550E-02  -0.169289289E+01  -0.373142333E-02   0.515382513E+02
   0.303819444E+01  -0.481780453E+00   0.257248943E+02   0.191609189E+02  -0.587933747E-02   0.986482009E+01  -0.485104525E+00  -0.127347172E+01   0.652807715E-02  -0.169138046E+01  -0.368922233E-02   0.514742796E+02
   0.305555556E+01  -0.470697114E+00   0.249668661E+02   0.192059232E+02   0.407314664E+00   0.986781786E+01  -0.486242141E+00  -0.128132173E+01   0.182847157E-02  -0.168975406E+01  -0.786682995E-03   0.514097278E+02
   0.307291667E+01  -0.481517788E+00   0.252378649E+02   0.191846959E+02   0.945028363E+00   0.987081714E+01  -0.487288109E+00  -0.128912110E+01  -0.660848604E-02  -0.168818837E+01   0.369918864E-02   0.513450751E+02
   0.309027778E+01  -0.497903083E+00   0.263263753E+02   0.191545680E+02   0.976600044E+00   0.987388852E+01  -0.488376284E+00  -0.129654949E+01  -0.831075938E-02  -0.168699281E+01   0.468441576E-02   0.512808602E+02
   0.310763889E+01  -0.501909456E+00   0.270021843E+02   0.191776996E+02   0.552644831E+00   0.987705095E+01  -0.489593703E+00  -0.130371306E+01  -0.111214638E-02  -0.168604562E+01   0.867039152E-03   0.512171263E+02
   0.312500000E+01  -0.493007804E+00   0.267782360E+02   0.192774317E+02   0.155490677E+00   0.988028609E+01  -0.490911149E+00  -0.131099612E+01   0.490411309E-02  -0.168498220E+01   0.373685797E+00   0.511533334E+02
