   0.128298611E+02  -0.135306608E+00   0.654446867E+01   0.158486080E+02   0.778028297E+00   0.975951812E+01  -0.775406443E+00  -0.331292007E+01   0.209785507E-02  -0.997233149E+00  -0.104876291E+01   0.268592598E+02
   0.128472222E+02  -0.143051398E+00   0.576483466E+01   0.158886228E+02   0.656231101E+00   0.975902367E+01  -0.775711197E+00  -0.331415965E+01   0.356000453E-02  -0.996422166E+00   0.248285269E-03   0.268440128E+02
   0.128645833E+02  -0.167394034E+00   0.504199142E+01   0.159558633E+02   0.506812224E+00   0.975862344E+01  -0.776097833E+00  -0.331564918E+01   0.217038084E-02  -0.995389867E+00  -0.965153635E-03   0.268291101E+02
   0.128819444E+02  -0.209771845E+00   0.548855743E+01   0.159926108E+02   0.334746918E+00   0.975829541E+01  -0.776504838E+00  -0.331738586E+01  -0.172077321E-02  -0.994141526E+00  -0.128200132E-02   0.268145125E+02
   0.128993056E+02  -0.255011107E+00   0.661555904E+01   0.159823700E+02   0.388438696E+00   0.975802325E+01  -0.776918294E+00  -0.331941655E+01  -0.279814052E-02  -0.992670347E+00  -0.284391459E-03   0.268000471E+02
   0.129166667E+02  -0.265558451E+00   0.715474055E+01   0.159635756E+02   0.449334882E+00   0.975769798E+01  -0.777324330E+00  -0.332144639E+01  -0.188294333E-02  -0.991216161E+00   0.140233565E-03   0.267853478E+02
   0.129340278E+02  -0.236210355E+00   0.683199368E+01   0.159315751E+02   0.602967979E+00   0.975722903E+01  -0.777688744E+00  -0.332311329E+01   0.167936298E-03  -0.990082927E+00  -0.407183887E-03   0.267702509E+02
   0.129513889E+02  -0.189482144E+00   0.640033343E+01   0.158724766E+02   0.840066929E+00   0.975659517E+01  -0.777962764E+00  -0.332456741E+01   0.384377924E-03  -0.989107158E+00   0.392660799E-03   0.267548586E+02
   0.129687500E+02  -0.155300318E+00   0.668114797E+01   0.158027976E+02   0.105446653E+01   0.975587514E+01  -0.778140306E+00  -0.332584676E+01  -0.224423050E-02  -0.988232548E+00   0.200475584E-02   0.267394225E+02
   0.129861111E+02  -0.153452845E+00   0.724882304E+01   0.157735734E+02   0.103327570E+01   0.975520809E+01  -0.778305560E+00  -0.332693476E+01  -0.169411840E-02  -0.987510280E+00   0.190953483E-02   0.267242000E+02
   0.130034722E+02  -0.177831185E+00   0.696653867E+01   0.158334560E+02   0.592229963E+00   0.975465850E+01  -0.778564663E+00  -0.332792393E+01   0.332253518E-02  -0.986901554E+00  -0.427273138E-03   0.267092227E+02
   0.130208333E+02  -0.208026393E+00   0.598537834E+01   0.159262870E+02  -0.737572815E-02   0.975420142E+01  -0.778916869E+00  -0.332910135E+01   0.615707386E-02  -0.986123745E+00  -0.253446241E-02   0.266944457E+02
   0.130381944E+02  -0.227439276E+00   0.542682499E+01   0.159683951E+02  -0.296311990E-01   0.975382655E+01  -0.779284694E+00  -0.333092725E+01   0.225528352E-02  -0.984777412E+00  -0.268385005E-02   0.266798849E+02
   0.130555556E+02  -0.233338136E+00   0.575217147E+01   0.159604376E+02   0.416387978E+00   0.975353489E+01  -0.779642961E+00  -0.333347083E+01  -0.244091184E-02  -0.982836091E+00  -0.747181103E-03   0.266655891E+02
   0.130729167E+02  -0.214693291E+00   0.598171402E+01   0.159445112E+02   0.522308129E+00   0.975324594E+01  -0.780034877E+00  -0.333575659E+01  -0.287944404E-02  -0.981167994E+00   0.907377432E-03   0.266514735E+02
   0.130902778E+02  -0.182672020E+00   0.585730349E+01   0.158986619E+02   0.838153357E+00   0.975289075E+01  -0.780425523E+00  -0.333743820E+01  -0.921345154E-04  -0.980057371E+00   0.105536339E-02   0.266374387E+02
   0.131076389E+02  -0.165111508E+00   0.585192460E+01   0.158149137E+02   0.121015325E+01   0.975241925E+01  -0.780733596E+00  -0.333869980E+01  -0.174073477E-02  -0.979297573E+00   0.262634360E-02   0.266232555E+02
   0.131250000E+02  -0.183525659E+00   0.693720608E+01   0.157560117E+02   0.101188311E+01   0.975183803E+01  -0.780975966E+00  -0.333953676E+01  -0.518590683E-02  -0.978838327E+00   0.107329052E+01   0.266087750E+02
