   0.159548611E+02  -0.253998233E+00   0.361262283E+01   0.157139064E+02   0.299360746E+00   0.973441676E+01  -0.831951146E+00  -0.359267630E+01  -0.168956762E-02  -0.804792298E+00  -0.112197549E+01   0.250401017E+02
   0.159722222E+02  -0.252274471E+00   0.491602558E+01   0.157496614E+02   0.939984587E-01   0.973444592E+01  -0.832336938E+00  -0.359310911E+01  -0.218587791E-02  -0.804789896E+00  -0.280067265E-03   0.250327723E+02
   0.159895833E+02  -0.223388454E+00   0.678976815E+01   0.157020769E+02   0.196542982E+00   0.973446315E+01  -0.832630667E+00  -0.359427775E+01  -0.382483674E-02  -0.804060706E+00  -0.101347986E-02   0.250255196E+02
   0.160069444E+02  -0.184365275E+00   0.821088600E+01   0.156066416E+02   0.274254626E+00   0.973447292E+01  -0.832795863E+00  -0.359694736E+01  -0.488426181E-03  -0.801956469E+00  -0.119809602E-02   0.250183704E+02
   0.160243056E+02  -0.167151595E+00   0.793213351E+01   0.155327673E+02   0.957868440E-01   0.973444294E+01  -0.832914156E+00  -0.359978981E+01   0.289768254E-02  -0.799663379E+00  -0.918554218E-03   0.250112951E+02
   0.160416667E+02  -0.203063888E+00   0.628771812E+01   0.155193831E+02   0.213388770E+00   0.973441676E+01  -0.833065453E+00  -0.360182615E+01   0.362179574E-02  -0.798122646E+00   0.928931165E-03   0.250043903E+02
   0.160590278E+02  -0.269747095E+00   0.418639102E+01   0.155681148E+02   0.136170755E+00   0.973442365E+01  -0.833320716E+00  -0.360292317E+01   0.437341937E-02  -0.797439039E+00   0.248067815E-02   0.249976214E+02
   0.160763889E+02  -0.326473465E+00   0.301420124E+01   0.156369001E+02   0.199682394E+00   0.973452122E+01  -0.833718110E+00  -0.360314616E+01  -0.189594508E-02  -0.797523979E+00   0.271248893E-02   0.249910714E+02
   0.160937500E+02  -0.344075474E+00   0.384684255E+01   0.156991366E+02   0.260005720E+00   0.973474995E+01  -0.834210243E+00  -0.360368511E+01  -0.562174028E-02  -0.797348612E+00   0.136702111E-02   0.249848767E+02
   0.161111111E+02  -0.289408288E+00   0.490776604E+01   0.157283599E+02   0.305203666E+00   0.973504285E+01  -0.834730193E+00  -0.360477168E+01  -0.214431252E-02  -0.796706748E+00  -0.983764213E-03   0.249789388E+02
   0.161284722E+02  -0.196053896E+00   0.558529923E+01   0.156944909E+02   0.452912151E+00   0.973530494E+01  -0.835179127E+00  -0.360658576E+01   0.166997638E-02  -0.795470564E+00  -0.270366050E-02   0.249729777E+02
   0.161458333E+02  -0.140535894E+00   0.631594813E+01   0.156420537E+02   0.203373365E+00   0.973544232E+01  -0.835492168E+00  -0.360856811E+01   0.185662768E-02  -0.794032673E+00  -0.343117836E-02   0.249667071E+02
   0.161631944E+02  -0.169403204E+00   0.726329786E+01   0.156062568E+02  -0.869626938E-01   0.973545302E+01  -0.835661069E+00  -0.361018560E+01   0.866775295E-03  -0.792917475E+00  -0.218394328E-02   0.249600791E+02
   0.161805556E+02  -0.249752368E+00   0.737194963E+01   0.155806103E+02  -0.149298579E+00   0.973538824E+01  -0.835766261E+00  -0.361149255E+01   0.217101092E-04  -0.792063053E+00   0.546661989E-03   0.249532385E+02
   0.161979167E+02  -0.316120714E+00   0.622220316E+01   0.155768621E+02  -0.325160350E-01   0.973530572E+01  -0.835923352E+00  -0.361266360E+01   0.209705554E-03  -0.791287523E+00   0.250384478E-02   0.249465117E+02
   0.162152778E+02  -0.327017220E+00   0.456484654E+01   0.156012212E+02   0.169040581E+00   0.973528950E+01  -0.836175817E+00  -0.361396939E+01   0.152190181E-02  -0.790338514E+00   0.209365546E-02   0.249402016E+02
   0.162326389E+02  -0.286744019E+00   0.360878689E+01   0.156351864E+02   0.365522645E+00   0.973542128E+01  -0.836516671E+00  -0.361555261E+01   0.166191421E-02  -0.789166552E+00   0.820430777E-03   0.249343712E+02
   0.162500000E+02  -0.234390632E+00   0.400518687E+01   0.156441303E+02   0.731544953E+00   0.973571445E+01  -0.836897613E+00  -0.361747101E+01  -0.253884289E-02  -0.787778477E+00   0.112821823E+01   0.249287755E+02
