   0.172048611E+02  -0.439129941E+00   0.296004064E+01   0.158703304E+02  -0.277461137E+00   0.974500288E+01  -0.854108767E+00  -0.368968964E+01  -0.254475976E-02  -0.740431621E+00  -0.114262393E+01   0.246279107E+02
   0.172222222E+02  -0.454966354E+00   0.437416439E+01   0.158792832E+02  -0.546562837E-01   0.974526531E+01  -0.854423060E+00  -0.369110709E+01  -0.669979263E-02  -0.739423544E+00   0.169887180E-02   0.246236823E+02
   0.172395833E+02  -0.377630130E+00   0.669742285E+01   0.158112962E+02   0.200086662E+00   0.974566892E+01  -0.854740782E+00  -0.369375974E+01  -0.681896058E-02  -0.737368281E+00  -0.115281596E-03   0.246197537E+02
   0.172569444E+02  -0.247601994E+00   0.813306135E+01   0.157018033E+02   0.361903333E+00   0.974617850E+01  -0.855071049E+00  -0.369657691E+01  -0.182564107E-02  -0.735284635E+00  -0.872597036E-03   0.246161983E+02
   0.172743056E+02  -0.142287676E+00   0.772820557E+01   0.156187915E+02   0.220332092E+00   0.974669976E+01  -0.855438423E+00  -0.369859547E+01   0.467081076E-02  -0.733951271E+00  -0.708099618E-03   0.246128370E+02
   0.172916667E+02  -0.129012566E+00   0.609200644E+01   0.155955826E+02   0.107815577E+00   0.974715977E+01  -0.855843603E+00  -0.369929568E+01   0.608646734E-02  -0.733757998E+00  -0.365871479E-03   0.246094098E+02
   0.173090278E+02  -0.224054952E+00   0.467466204E+01   0.156478977E+02   0.249958967E+00   0.974752146E+01  -0.856232714E+00  -0.369948017E+01   0.179437583E-02  -0.733984463E+00   0.544129835E-03   0.246057234E+02
   0.173263889E+02  -0.357331785E+00   0.390454626E+01   0.157482974E+02  -0.418853851E-01   0.974772774E+01  -0.856577340E+00  -0.369991279E+01   0.476423542E-03  -0.733895559E+00   0.394213927E-03   0.246016676E+02
   0.173437500E+02  -0.441424591E+00   0.382141354E+01   0.158293944E+02  -0.398528885E+00   0.974785785E+01  -0.856876066E+00  -0.370076347E+01  -0.275567058E-03  -0.733332285E+00  -0.632909662E-03   0.245976049E+02
   0.173611111E+02  -0.433251499E+00   0.402555597E+01   0.158636344E+02  -0.296412667E+00   0.974806366E+01  -0.857148460E+00  -0.370250029E+01   0.389057865E-03  -0.731982107E+00  -0.171069273E-02   0.245939324E+02
   0.173784722E+02  -0.348006306E+00   0.439119334E+01   0.158366384E+02   0.879906609E-01   0.974840321E+01  -0.857382368E+00  -0.370511575E+01   0.811804905E-03  -0.729949866E+00  -0.904898383E-03   0.245907044E+02
   0.173958333E+02  -0.253895371E+00   0.474356332E+01   0.157651334E+02   0.352564598E+00   0.974881170E+01  -0.857622071E+00  -0.370717424E+01  -0.308876242E-02  -0.728535396E+00   0.193034127E-02   0.245875803E+02
   0.174131944E+02  -0.227567414E+00   0.566209790E+01   0.157243343E+02   0.436190566E+00   0.974923675E+01  -0.857920227E+00  -0.370810361E+01  -0.440436246E-02  -0.728161861E+00   0.230088713E-02   0.245842791E+02
   0.174305556E+02  -0.263570297E+00   0.670331475E+01   0.157470626E+02   0.825150113E-01   0.974966904E+01  -0.858296675E+00  -0.370811096E+01  -0.196055874E-02  -0.728588574E+00   0.385177348E-03   0.245808450E+02
   0.174479167E+02  -0.304531446E+00   0.711186580E+01   0.157629006E+02  -0.134813760E+00   0.975014481E+01  -0.858730118E+00  -0.370821218E+01   0.889416273E-03  -0.728882460E+00  -0.946122124E-03   0.245775913E+02
   0.174652778E+02  -0.310091159E+00   0.662561626E+01   0.157341960E+02   0.925899626E-01   0.975070103E+01  -0.859170279E+00  -0.370976592E+01   0.134104465E-02  -0.727815223E+00   0.590498925E-04   0.245748325E+02
   0.174826389E+02  -0.283212039E+00   0.561554726E+01   0.157278196E+02   0.127459888E+00   0.975127739E+01  -0.859620492E+00  -0.371254190E+01   0.163569445E-02  -0.725616228E+00   0.322958900E-03   0.245725356E+02
   0.175000000E+02  -0.255287843E+00   0.443211645E+01   0.157732983E+02  -0.460786238E-01   0.975171705E+01  -0.860020972E+00  -0.371525294E+01   0.456023976E-02  -0.723415059E+00   0.113769704E+01   0.245701159E+02
