   0.190798611E+02  -0.181647277E+00   0.274843462E+01   0.163704149E+02   0.686734741E-02   0.979876948E+01  -0.890659354E+00  -0.383077683E+01  -0.389471161E-03  -0.657278321E+00  -0.119080249E+01   0.243944790E+02
   0.190972222E+02  -0.269731338E+00   0.279260373E+01   0.163629960E+02   0.110382067E+00   0.979922810E+01  -0.890986897E+00  -0.383098177E+01   0.341586218E-03  -0.657422286E+00   0.148100625E-02   0.243938145E+02
   0.191145833E+02  -0.409770844E+00   0.378358261E+01   0.163430399E+02   0.454236669E+00   0.979971610E+01  -0.891246963E+00  -0.383155199E+01  -0.254109515E-02  -0.657211096E+00   0.114355884E-02   0.243932374E+02
   0.191319444E+02  -0.551319306E+00   0.617855655E+01   0.163446792E+02   0.444101396E+00   0.980035489E+01  -0.891501353E+00  -0.383287393E+01  -0.762129883E-02  -0.656377843E+00   0.145709670E-02   0.243930000E+02
   0.191493056E+02  -0.617600691E+00   0.844425086E+01   0.163764665E+02  -0.210184937E+00   0.980112108E+01  -0.891814765E+00  -0.383469326E+01  -0.455167107E-02  -0.655190652E+00   0.253093453E-03   0.243930878E+02
   0.191666667E+02  -0.549216798E+00   0.842222475E+01   0.164167765E+02  -0.792561548E+00   0.980195431E+01  -0.892185547E+00  -0.383667890E+01   0.421000631E-02  -0.653894873E+00  -0.217016313E-02   0.243934661E+02
   0.191840278E+02  -0.397143960E+00   0.644916446E+01   0.164361140E+02  -0.603455225E+00   0.980283411E+01  -0.892597054E+00  -0.383870756E+01   0.795247728E-02  -0.652587195E+00  -0.290946973E-02   0.243941865E+02
   0.192013889E+02  -0.249983533E+00   0.388072292E+01   0.164522306E+02  -0.848019646E-01   0.980366709E+01  -0.893014679E+00  -0.384040158E+01   0.506597217E-02  -0.651568393E+00  -0.189317124E-02   0.243948874E+02
   0.192187500E+02  -0.180969460E+00   0.205163397E+01   0.164978358E+02   0.269007065E-01   0.980437204E+01  -0.893409874E+00  -0.384140224E+01   0.343519254E-02  -0.651114144E+00  -0.923351046E-03   0.243951477E+02
   0.192361111E+02  -0.220327085E+00   0.141646754E+01   0.165349127E+02  -0.104909162E+00   0.980497959E+01  -0.893799011E+00  -0.384162781E+01   0.311495263E-03  -0.651318118E+00   0.434067865E-03   0.243950110E+02
   0.192534722E+02  -0.334834132E+00   0.216749000E+01   0.165134114E+02  -0.451619980E-01   0.980554489E+01  -0.894143624E+00  -0.384201115E+01  -0.256769434E-02  -0.651379798E+00   0.169052213E-02   0.243946969E+02
   0.192708333E+02  -0.455040731E+00   0.387188214E+01   0.164581131E+02  -0.110668488E-01   0.980609826E+01  -0.894413519E+00  -0.384310573E+01  -0.612218746E-02  -0.650761478E+00   0.261367148E-02   0.243943895E+02
   0.192881944E+02  -0.533094998E+00   0.619507418E+01   0.164026031E+02   0.708953952E-01   0.980676032E+01  -0.894665891E+00  -0.384490653E+01  -0.831974114E-02  -0.649506526E+00   0.270584770E-02   0.243944815E+02
   0.193055556E+02  -0.537794717E+00   0.795021667E+01   0.163873963E+02  -0.171769222E+00   0.980759287E+01  -0.894995269E+00  -0.384708144E+01  -0.308629229E-02  -0.647974335E+00   0.747531444E-03   0.243952579E+02
   0.193229167E+02  -0.478046242E+00   0.823772588E+01   0.164196826E+02  -0.245077815E+00   0.980853380E+01  -0.895399567E+00  -0.384893506E+01   0.319310536E-02  -0.646808439E+00  -0.178488324E-02   0.243965865E+02
   0.193402778E+02  -0.399439252E+00   0.701275228E+01   0.164563313E+02  -0.331590878E-02   0.980947642E+01  -0.895786301E+00  -0.385035795E+01   0.554762229E-02  -0.646113163E+00  -0.201130792E-02   0.243978915E+02
   0.193576389E+02  -0.342239816E+00   0.526615813E+01   0.164988671E+02   0.716797421E-01   0.981034346E+01  -0.896174870E+00  -0.385129650E+01   0.344197707E-02  -0.645843578E+00  -0.946895941E-03   0.243986087E+02
   0.193750000E+02  -0.306064770E+00   0.365292211E+01   0.165910533E+02  -0.442464239E+00   0.981105709E+01  -0.896606317E+00  -0.385175789E+01   0.369732545E-02  -0.645908670E+00   0.118505716E+01   0.243985017E+02
