   0.954861111E+00  -0.441186855E+00   0.622630162E+02   0.552061797E+01  -0.715423970E+01   0.886380661E+01  -0.265454545E+00  -0.206846635E+00   0.294747997E-02  -0.118136419E+01   0.477879908E+01   0.672587250E+02
   0.972222222E+00  -0.443844098E+00   0.616621701E+02   0.565799728E+01  -0.702970238E+01   0.889602630E+01  -0.268199220E+00  -0.235575240E+00   0.353393324E-02  -0.119830132E+01   0.102813448E-03   0.668679556E+02
   0.989583333E+00  -0.443383634E+00   0.609997925E+02   0.579878068E+01  -0.689343585E+01   0.892675773E+01  -0.270923498E+00  -0.262850410E+00   0.422114319E-02  -0.121477973E+01  -0.587169567E-03   0.664899023E+02
   0.100694444E+01  -0.442185870E+00   0.602603445E+02   0.594070009E+01  -0.672799254E+01   0.895604415E+01  -0.273620559E+00  -0.288683646E+00   0.437120562E-02  -0.123084670E+01  -0.307096474E-03   0.661241350E+02
   0.102430556E+01  -0.442316549E+00   0.595146483E+02   0.607660158E+01  -0.655366147E+01   0.898396911E+01  -0.276283766E+00  -0.313131760E+00   0.373862645E-02  -0.124658909E+01  -0.964186543E-05   0.657698906E+02
   0.104166667E+01  -0.445745043E+00   0.589368378E+02   0.620700190E+01  -0.637769464E+01   0.901063869E+01  -0.278917590E+00  -0.336331497E+00   0.273873730E-02  -0.126197979E+01   0.215401197E-03   0.654266698E+02
   0.105902778E+01  -0.452109466E+00   0.584508080E+02   0.634242558E+01  -0.628987836E+01   0.903615746E+01  -0.281536486E+00  -0.358377561E+00   0.279422582E-02  -0.127703536E+01   0.359973532E-03   0.650938552E+02
   0.107638889E+01  -0.459640094E+00   0.578946239E+02   0.649096181E+01  -0.621491740E+01   0.906058926E+01  -0.284143462E+00  -0.379287612E+00   0.377283055E-02  -0.129173616E+01  -0.408075025E-03   0.647712425E+02
   0.109375000E+01  -0.467030300E+00   0.573334689E+02   0.664097414E+01  -0.605613672E+01   0.908396742E+01  -0.286721982E+00  -0.399188141E+00   0.361857551E-02  -0.130607980E+01  -0.524221476E-03   0.644584047E+02
   0.111111111E+01  -0.473638400E+00   0.568168326E+02   0.678181636E+01  -0.587183952E+01   0.910634100E+01  -0.289274204E+00  -0.418148637E+00   0.309761524E-02  -0.132006844E+01  -0.432856261E-03   0.641548441E+02
   0.112847222E+01  -0.477827716E+00   0.563625372E+02   0.691888069E+01  -0.572046521E+01   0.912776420E+01  -0.291803323E+00  -0.436257966E+00   0.231280714E-02  -0.133365432E+01   0.494323249E-05   0.638603378E+02
   0.114583333E+01  -0.478084800E+00   0.558510086E+02   0.705746619E+01  -0.563867793E+01   0.914829342E+01  -0.294316447E+00  -0.453549968E+00   0.321115755E-02  -0.134689718E+01  -0.158510554E-03   0.635745009E+02
   0.116319444E+01  -0.476014069E+00   0.552233139E+02   0.719474476E+01  -0.550089353E+01   0.916798146E+01  -0.296805034E+00  -0.470117724E+00   0.364657023E-02  -0.135972208E+01  -0.361974153E-03   0.632968515E+02
   0.118055556E+01  -0.475207816E+00   0.545493469E+02   0.732798325E+01  -0.534845616E+01   0.918688377E+01  -0.299266933E+00  -0.485940596E+00   0.320250120E-02  -0.137222505E+01   0.612240979E-04   0.630271067E+02
   0.119791667E+01  -0.479027813E+00   0.539716686E+02   0.746619133E+01  -0.522491043E+01   0.920503736E+01  -0.301709325E+00  -0.500995037E+00   0.295573915E-02  -0.138449631E+01  -0.224862067E-03   0.627650358E+02
   0.121527778E+01  -0.487663656E+00   0.535783676E+02   0.760963445E+01  -0.514252446E+01   0.922246410E+01  -0.304135000E+00  -0.515336379E+00   0.215114304E-02  -0.139648818E+01  -0.277300154E-03   0.625102169E+02
   0.123263889E+01  -0.497517510E+00   0.532104927E+02   0.775890467E+01  -0.505129094E+01   0.923918297E+01  -0.306547331E+00  -0.529115905E+00   0.299755731E-02  -0.140810122E+01  -0.619610039E-03   0.622623936E+02
   0.125000000E+01  -0.502828478E+00   0.527473867E+02   0.791024507E+01  -0.491846508E+01   0.925524796E+01  -0.308931977E+00  -0.542502303E+00   0.348094486E-02  -0.141925622E+01  -0.300725005E+01   0.620211767E+02
