   0.168923611E+02  -0.284751210E+00   0.390268246E+01   0.156604295E+02   0.420698953E-01   0.974054303E+01  -0.848241591E+00  -0.366864489E+01  -0.323332536E-02  -0.753410577E+00  -0.111737247E+01   0.247100903E+02
   0.169097222E+02  -0.290470744E+00   0.479276690E+01   0.157612218E+02  -0.132651493E+00   0.974065708E+01  -0.848573820E+00  -0.366923715E+01  -0.421860240E-02  -0.753116949E+00   0.102804330E-02   0.247046577E+02
   0.169270833E+02  -0.309176548E+00   0.623635412E+01   0.157964796E+02  -0.126086461E+00   0.974095568E+01  -0.848987383E+00  -0.366984398E+01  -0.215579116E-02  -0.752895499E+00  -0.277235835E-03   0.246999624E+02
   0.169444444E+02  -0.306690047E+00   0.710445434E+01   0.157569530E+02   0.123369825E+00   0.974141074E+01  -0.849415701E+00  -0.367106994E+01  -0.677824799E-03  -0.752247605E+00  -0.199981946E-03   0.246957915E+02
   0.169618056E+02  -0.282582862E+00   0.713383970E+01   0.156656556E+02   0.350366562E+00   0.974188221E+01  -0.849818502E+00  -0.367312891E+01   0.388066633E-03  -0.750880455E+00  -0.359845089E-03   0.246916266E+02
   0.169791667E+02  -0.251597224E+00   0.641251465E+01   0.155863781E+02   0.283038236E+00   0.974219388E+01  -0.850148136E+00  -0.367533589E+01   0.222591262E-02  -0.749320232E+00  -0.671727320E-03   0.246869454E+02
   0.169965278E+02  -0.233370098E+00   0.520338957E+01   0.155886051E+02   0.127661424E+00   0.974230325E+01  -0.850399038E+00  -0.367708029E+01   0.467984924E-02  -0.748048586E+00  -0.170980944E-02   0.246816822E+02
   0.170138889E+02  -0.247979612E+00   0.412818375E+01   0.156356944E+02   0.562039895E-02   0.974232994E+01  -0.850602987E+00  -0.367834084E+01   0.410339784E-02  -0.747135406E+00  -0.943429718E-03   0.246762429E+02
   0.170312500E+02  -0.290068346E+00   0.328530461E+01   0.157019825E+02  -0.553302834E-01   0.974238716E+01  -0.850838719E+00  -0.367911598E+01   0.183924000E-02  -0.746654755E+00   0.127878696E-02   0.246710332E+02
   0.170486111E+02  -0.336647846E+00   0.292664320E+01   0.157975269E+02  -0.246039647E+00   0.974250091E+01  -0.851145763E+00  -0.367946157E+01  -0.103428247E-02  -0.746572818E+00   0.125181214E-02   0.246662403E+02
   0.170659722E+02  -0.376382504E+00   0.404448124E+01   0.158500138E+02  -0.991486745E-01   0.974272864E+01  -0.851506810E+00  -0.367981638E+01  -0.652910542E-02  -0.746514247E+00   0.855909068E-03   0.246619074E+02
   0.170833333E+02  -0.386079052E+00   0.644569997E+01   0.158246933E+02   0.276315406E+00   0.974310894E+01  -0.851872652E+00  -0.368107081E+01  -0.629619110E-02  -0.745766436E+00   0.183788136E-03   0.246578659E+02
   0.171006944E+02  -0.337302730E+00   0.800388252E+01   0.157396824E+02   0.292493680E+00   0.974357549E+01  -0.852235383E+00  -0.368329165E+01  -0.255236582E-02  -0.744192418E+00   0.190606207E-03   0.246538506E+02
   0.171180556E+02  -0.242300195E+00   0.788973701E+01   0.156194648E+02   0.155625290E+00   0.974405351E+01  -0.852616685E+00  -0.368587962E+01   0.208897160E-02  -0.742296803E+00  -0.216945746E-03   0.246498211E+02
   0.171354167E+02  -0.157600397E+00   0.642618224E+01   0.155388891E+02   0.137920969E+00   0.974445067E+01  -0.852979968E+00  -0.368821736E+01   0.558409968E-02  -0.740615323E+00  -0.106701039E-02   0.246457413E+02
   0.171527778E+02  -0.147176961E+00   0.476200926E+01   0.155700553E+02   0.273343214E+00   0.974469873E+01  -0.853286996E+00  -0.368950227E+01   0.489725673E-02  -0.739815823E+00  -0.120548121E-02   0.246414740E+02
   0.171701389E+02  -0.225420599E+00   0.333645287E+01   0.156891049E+02   0.899215634E-01   0.974479877E+01  -0.853553389E+00  -0.368966956E+01   0.303436761E-02  -0.739943158E+00  -0.524017795E-03   0.246369546E+02
   0.171875000E+02  -0.345750791E+00   0.279482936E+01   0.158036107E+02  -0.221028808E+00   0.974486580E+01  -0.853820352E+00  -0.368948389E+01   0.215967467E-02  -0.740362106E+00   0.114425326E+01   0.246323699E+02
