   0.689236111E+01  -0.160215590E+00   0.107855926E+02   0.200233679E+02   0.117228361E+01   0.100876852E+02  -0.655485472E+00  -0.256795895E+01   0.403189126E-02  -0.138696152E+01  -0.842585713E+00   0.375847706E+02
   0.690972222E+01  -0.154019729E+00   0.971441213E+01   0.200362365E+02   0.135981135E+01   0.100868707E+02  -0.656019524E+00  -0.257190094E+01   0.200196733E-02  -0.138536979E+01  -0.608242766E-03   0.375330615E+02
   0.692708333E+01  -0.165926087E+00   0.998800372E+01   0.200070262E+02   0.142840625E+01   0.100858175E+02  -0.656341018E+00  -0.257573440E+01  -0.327382307E-02  -0.138378255E+01   0.321983072E-03   0.374806919E+02
   0.694444444E+01  -0.187030233E+00   0.111935626E+02   0.199582603E+02   0.121589095E+01   0.100847085E+02  -0.656563685E+00  -0.257945287E+01  -0.292622609E-02  -0.138229760E+01  -0.235336741E-03   0.374281714E+02
   0.696180556E+01  -0.199256605E+00   0.122333419E+02   0.199096415E+02   0.998652464E+00   0.100837160E+02  -0.656802709E+00  -0.258310839E+01  -0.853346302E-03  -0.138095176E+01  -0.123091087E-02   0.373760183E+02
   0.697916667E+01  -0.193996349E+00   0.126604059E+02   0.198676474E+02   0.874532952E+00   0.100829519E+02  -0.657141322E+00  -0.258681364E+01   0.895013102E-04  -0.137968690E+01  -0.368372640E-03   0.373246348E+02
   0.699652778E+01  -0.173933387E+00   0.124306647E+02   0.198430423E+02   0.101476424E+01   0.100824119E+02  -0.657650450E+00  -0.259056131E+01   0.101914235E-02  -0.137845878E+01  -0.916731872E-04   0.372741044E+02
   0.701388889E+01  -0.151205683E+00   0.117713084E+02   0.198384375E+02   0.117045565E+01   0.100819650E+02  -0.658280536E+00  -0.259449495E+01   0.937102765E-03  -0.137706512E+01   0.717042341E-03   0.372240972E+02
   0.703125000E+01  -0.141814688E+00   0.107905210E+02   0.198430372E+02   0.112593041E+01   0.100814611E+02  -0.658955581E+00  -0.259841824E+01   0.367649922E-02  -0.137558526E+01   0.922251856E-04   0.371742814E+02
   0.704861111E+01  -0.155679628E+00   0.976222412E+01   0.198425394E+02   0.119211448E+01   0.100807887E+02  -0.659564052E+00  -0.260231877E+01   0.298726155E-02  -0.137399789E+01   0.703149745E-04   0.371242749E+02
   0.706597222E+01  -0.188256812E+00   0.979615740E+01   0.198342534E+02   0.133573480E+01   0.100798991E+02  -0.660031282E+00  -0.260608316E+01  -0.370033596E-02  -0.137243872E+01   0.154569545E-02   0.370736765E+02
   0.708333333E+01  -0.216145994E+00   0.108947891E+02   0.198291737E+02   0.124499878E+01   0.100788287E+02  -0.660371295E+00  -0.260954363E+01  -0.510735871E-02  -0.137111588E+01   0.610670048E-03   0.370223941E+02
   0.710069444E+01  -0.217317864E+00   0.120216943E+02   0.198193441E+02   0.111097888E+01   0.100777117E+02  -0.660634791E+00  -0.261289476E+01  -0.186015147E-02  -0.136995429E+01  -0.117919771E-02   0.369708043E+02
   0.711805556E+01  -0.191263936E+00   0.125297539E+02   0.197868951E+02   0.101523297E+01   0.100766909E+02  -0.660905209E+00  -0.261646524E+01   0.355379301E-03  -0.136865376E+01  -0.134698006E-02   0.369194936E+02
   0.713541667E+01  -0.158433012E+00   0.124033348E+02   0.197329799E+02   0.101805358E+01   0.100758497E+02  -0.661258114E+00  -0.262032850E+01   0.201497742E-02  -0.136715652E+01   0.699758241E-04   0.368689762E+02
   0.715277778E+01  -0.138498962E+00   0.116352017E+02   0.196915157E+02   0.941413399E+00   0.100751535E+02  -0.661745859E+00  -0.262415790E+01   0.340632530E-02  -0.136565894E+01  -0.704586881E-03   0.368193356E+02
   0.717013889E+01  -0.143749195E+00   0.107230662E+02   0.196706169E+02   0.934284800E+00   0.100745224E+02  -0.662335326E+00  -0.262772192E+01   0.331894993E-02  -0.136435781E+01  -0.822861082E-03   0.367702973E+02
   0.718750000E+01  -0.167047449E+00   0.999762453E+01   0.196628094E+02   0.969461566E+00   0.100738617E+02  -0.662947305E+00  -0.263106593E+01   0.176243780E-02  -0.136322809E+01   0.874152079E+00   0.367213693E+02
