   0.501736111E+01  -0.232659475E+00   0.157657728E+02   0.212257018E+02   0.892090671E+00   0.100941282E+02  -0.591268743E+00  -0.207887022E+01  -0.200282143E-02  -0.151995358E+01  -0.730045753E+00   0.438378367E+02
   0.503472222E+01  -0.224177006E+00   0.168077434E+02   0.212914554E+02   0.794109749E+00   0.100949195E+02  -0.592051902E+00  -0.208448623E+01  -0.333724309E-02  -0.151865414E+01  -0.688219148E-03   0.437731401E+02
   0.505208333E+01  -0.208898646E+00   0.175597818E+02   0.213280057E+02   0.756910690E+00   0.100957104E+02  -0.592826785E+00  -0.209014694E+01  -0.232333397E-02  -0.151731987E+01   0.149112622E-03   0.437088391E+02
   0.506944444E+01  -0.196981183E+00   0.170914207E+02   0.213211081E+02   0.718537502E+00   0.100964410E+02  -0.593597095E+00  -0.209561657E+01   0.350675789E-02  -0.151613600E+01  -0.719325930E-03   0.436446865E+02
   0.508680556E+01  -0.199379316E+00   0.156312147E+02   0.212570077E+02   0.817913208E+00   0.100970309E+02  -0.594300568E+00  -0.210088576E+01   0.624962360E-02  -0.151505012E+01  -0.127437082E-02   0.435802623E+02
   0.510416667E+01  -0.220624430E+00   0.144384732E+02   0.211603414E+02   0.114831299E+01   0.100975297E+02  -0.594903278E+00  -0.210611879E+01   0.232367702E-02  -0.151400348E+01   0.207137140E-03   0.435154925E+02
   0.512152778E+01  -0.244586340E+00   0.141944265E+02   0.211148299E+02   0.132764988E+01   0.100980679E+02  -0.595497963E+00  -0.211135582E+01  -0.165123307E-02  -0.151297481E+01   0.138799723E-02   0.434507802E+02
   0.513888889E+01  -0.250816639E+00   0.148038600E+02   0.211548827E+02   0.130603191E+01   0.100987161E+02  -0.596189610E+00  -0.211657130E+01  -0.393226334E-02  -0.151192884E+01   0.143502235E-02   0.433867788E+02
   0.515625000E+01  -0.235567111E+00   0.158858808E+02   0.212438917E+02   0.113684966E+01   0.100994495E+02  -0.596980454E+00  -0.212185186E+01  -0.314533308E-02  -0.151080173E+01   0.566772952E-04   0.433236941E+02
   0.517361111E+01  -0.211222823E+00   0.168607052E+02   0.213279931E+02   0.858385824E+00   0.101001817E+02  -0.597802310E+00  -0.212717120E+01  -0.175200638E-02  -0.150961630E+01  -0.105976522E-02   0.432610756E+02
   0.519097222E+01  -0.193595766E+00   0.170929924E+02   0.213676518E+02   0.644066164E+00   0.101008203E+02  -0.598587066E+00  -0.213249891E+01   0.156377911E-02  -0.150839545E+01  -0.125366710E-02   0.431983277E+02
   0.520833333E+01  -0.194596822E+00   0.162249934E+02   0.213411258E+02   0.584315205E+00   0.101013020E+02  -0.599286420E+00  -0.213768037E+01   0.405783326E-02  -0.150723519E+01  -0.282638443E-03   0.431349383E+02
   0.522569444E+01  -0.215767272E+00   0.146474248E+02   0.212554910E+02   0.758783721E+00   0.101016375E+02  -0.599885865E+00  -0.214275764E+01   0.552086443E-02  -0.150614889E+01  -0.621835554E-03   0.430708941E+02
   0.524305556E+01  -0.242197402E+00   0.135366717E+02   0.211496373E+02   0.113813576E+01   0.101019468E+02  -0.600428673E+00  -0.214769832E+01   0.117650789E-02  -0.150514945E+01   0.384127282E-03   0.430070306E+02
   0.526041667E+01  -0.253817185E+00   0.136821332E+02   0.210891448E+02   0.143298303E+01   0.101023820E+02  -0.601010883E+00  -0.215266073E+01  -0.386193013E-02  -0.150413129E+01   0.125696415E-02   0.429441320E+02
   0.527777778E+01  -0.240561879E+00   0.145018660E+02   0.211057069E+02   0.148646822E+01   0.101029721E+02  -0.601711460E+00  -0.215775713E+01  -0.344040464E-02  -0.150307296E+01   0.122890073E-02   0.428821706E+02
   0.529513889E+01  -0.207668815E+00   0.153298405E+02   0.211870085E+02   0.132303558E+01   0.101036381E+02  -0.602509691E+00  -0.216293069E+01  -0.194391619E-02  -0.150195291E+01   0.210804474E-03   0.428206987E+02
   0.531250000E+01  -0.174559511E+00   0.158807350E+02   0.212873667E+02   0.890362509E+00   0.101042612E+02  -0.603339117E+00  -0.216807885E+01  -0.323867451E-03  -0.150082983E+01   0.762201354E+00   0.427590911E+02
