   0.278298611E+02  -0.385327530E+00   0.325523514E+00   0.240425078E+02  -0.204861787E+00   0.103528970E+02  -0.108849042E+01  -0.434412448E+01   0.244843491E-02  -0.498765405E+00  -0.142993361E+01   0.264969125E+02
   0.278472222E+02  -0.368687164E+00  -0.104694393E+01   0.240190843E+02   0.606729353E-01   0.103540808E+02  -0.108886083E+01  -0.434512714E+01  -0.161401285E-02  -0.498495168E+00   0.118097911E-02   0.265027583E+02
   0.278645833E+02  -0.401775420E+00  -0.150605453E+01   0.241367004E+02  -0.393237163E+00   0.103553385E+02  -0.108936179E+01  -0.434589298E+01   0.305351238E-03  -0.498386495E+00   0.396793070E-03   0.265092731E+02
   0.278819444E+02  -0.495433794E+00  -0.154157707E+01   0.242989640E+02  -0.791660028E+00   0.103566573E+02  -0.108992170E+01  -0.434645541E+01   0.206705529E-02  -0.498458120E+00  -0.430955404E-03   0.265163688E+02
   0.278993056E+02  -0.548456350E+00  -0.168749882E+01   0.243972621E+02  -0.494806243E+00   0.103580246E+02  -0.109045611E+01  -0.434713350E+01   0.362035064E-03  -0.498495565E+00   0.211188146E-03   0.265237396E+02
   0.279166667E+02  -0.484244245E+00  -0.149016280E+01   0.244404376E+02  -0.976643376E-01   0.103594097E+02  -0.109096880E+01  -0.434791695E+01  -0.372963263E-02  -0.498505296E+00   0.144653260E-02   0.265311399E+02
   0.279340278E+02  -0.330222242E+00  -0.620679997E+00   0.244905823E+02  -0.150716973E+00   0.103607644E+02  -0.109146654E+01  -0.434867879E+01  -0.361145500E-02  -0.498517755E+00   0.488670025E-03   0.265384244E+02
   0.279513889E+02  -0.217673049E+00   0.345887262E+00   0.245084104E+02  -0.398330767E+00   0.103620612E+02  -0.109190374E+01  -0.434964863E+01   0.112477109E-02  -0.498318825E+00  -0.185510623E-02   0.265454775E+02
   0.279687500E+02  -0.191251575E+00   0.454445452E+00   0.244682637E+02  -0.253046588E+00   0.103633367E+02  -0.109225341E+01  -0.435079678E+01   0.369702457E-02  -0.497937250E+00  -0.157037591E-02   0.265524911E+02
   0.279861111E+02  -0.209292643E+00  -0.252030589E+00   0.244038961E+02   0.109565491E+00   0.103646213E+02  -0.109257003E+01  -0.435193518E+01   0.208643720E-02  -0.497568830E+00  -0.963041192E-03   0.265594452E+02
   0.280034722E+02  -0.257806573E+00  -0.859732321E+00   0.243707034E+02   0.498018412E-01   0.103658963E+02  -0.109292181E+01  -0.435295001E+01  -0.692986391E-03  -0.497346054E+00  -0.257210314E-03   0.265661202E+02
   0.280208333E+02  -0.372360543E+00  -0.864825161E+00   0.244084876E+02  -0.549766483E+00   0.103671798E+02  -0.109336939E+01  -0.435349395E+01  -0.567329286E-03  -0.497523124E+00   0.998007049E-03   0.265727301E+02
   0.280381944E+02  -0.489316975E+00  -0.911601029E+00   0.245002428E+02  -0.948643142E+00   0.103685215E+02  -0.109389787E+01  -0.435401333E+01  -0.462800851E-03  -0.497706646E+00   0.211395519E-02   0.265796414E+02
   0.280555556E+02  -0.514918966E+00  -0.174328402E+01   0.245958152E+02  -0.968905418E+00   0.103699397E+02  -0.109451956E+01  -0.435462438E+01   0.192681913E-03  -0.497791841E+00   0.153730213E-02   0.265869863E+02
   0.280729167E+02  -0.433529400E+00  -0.233790608E+01   0.246400768E+02  -0.439297299E+00   0.103714239E+02  -0.109518625E+01  -0.435544620E+01   0.960076580E-03  -0.497722610E+00   0.305114509E-03   0.265947398E+02
   0.280902778E+02  -0.335804248E+00  -0.222607082E+01   0.246345835E+02   0.134805074E+00   0.103728816E+02  -0.109576423E+01  -0.435654610E+01   0.225811457E-03  -0.497451289E+00  -0.107800808E-02   0.266025700E+02
   0.281076389E+02  -0.312405424E+00  -0.107425409E+01   0.246262657E+02   0.369544487E+00   0.103742312E+02  -0.109618373E+01  -0.435762611E+01  -0.255311995E-02  -0.497218869E+00  -0.130333134E-02   0.266100460E+02
   0.281250000E+02  -0.367508608E+00   0.427697520E+00   0.246381794E+02   0.934233790E-01   0.103754380E+02  -0.109647908E+01  -0.435850030E+01  -0.224274437E-02  -0.497156514E+00   0.145247812E+01   0.266166741E+02
