   0.20396E+03   0.98805E+00   0.34252E+01   0.34264E+01
   0.19906E+03   0.96417E+00   0.34264E+01   0.34277E+01
   0.19418E+03   0.94036E+00   0.34281E+01   0.34294E+01
   0.18933E+03   0.91667E+00   0.34302E+01   0.34316E+01
   0.18452E+03   0.89314E+00   0.34330E+01   0.34344E+01
   0.17977E+03   0.86983E+00   0.34362E+01   0.34377E+01
   0.17507E+03   0.84677E+00   0.34400E+01   0.34416E+01
   0.17044E+03   0.82400E+00   0.34445E+01   0.34462E+01
   0.16588E+03   0.80156E+00   0.34495E+01   0.34513E+01
   0.16140E+03   0.77949E+00   0.34548E+01   0.34567E+01
   0.15701E+03   0.75782E+00   0.34607E+01   0.34628E+01
   0.15271E+03   0.73658E+00   0.34673E+01   0.34695E+01
   0.14851E+03   0.71579E+00   0.34746E+01   0.34771E+01
   0.14442E+03   0.69548E+00   0.34826E+01   0.34854E+01
   0.14042E+03   0.67566E+00   0.34911E+01   0.34941E+01
   0.13653E+03   0.65636E+00   0.35000E+01   0.35032E+01
   0.13275E+03   0.63758E+00   0.35093E+01   0.35129E+01
   0.12907E+03   0.61934E+00   0.35191E+01   0.35231E+01
   0.12551E+03   0.60163E+00   0.35294E+01   0.35337E+01
   0.12205E+03   0.58448E+00   0.35398E+01   0.35447E+01
   0.11871E+03   0.56786E+00   0.35503E+01   0.35557E+01
   0.11546E+03   0.55179E+00   0.35608E+01   0.35667E+01
   0.11233E+03   0.53626E+00   0.35713E+01   0.35777E+01
   0.10930E+03   0.52126E+00   0.35821E+01   0.35889E+01
   0.10637E+03   0.50679E+00   0.35931E+01   0.36005E+01
   0.10355E+03   0.49284E+00   0.36045E+01   0.36125E+01
   0.10084E+03   0.47939E+00   0.36164E+01   0.36250E+01
   0.98226E+02   0.46643E+00   0.36287E+01   0.36380E+01
   0.95710E+02   0.45396E+00   0.36413E+01   0.36513E+01
   0.93288E+02   0.44195E+00   0.36541E+01   0.36650E+01
   0.90956E+02   0.43040E+00   0.36672E+01   0.36790E+01
   0.88712E+02   0.41928E+00   0.36804E+01   0.36931E+01
   0.86551E+02   0.40858E+00   0.36937E+01   0.37075E+01
   0.84471E+02   0.39828E+00   0.37071E+01   0.37220E+01
   0.82468E+02   0.38838E+00   0.37206E+01   0.37366E+01
   0.80540E+02   0.37885E+00   0.37341E+01   0.37513E+01
   0.78682E+02   0.36967E+00   0.37477E+01   0.37662E+01
   0.76893E+02   0.36084E+00   0.37614E+01   0.37813E+01
   0.75170E+02   0.35233E+00   0.37753E+01   0.37966E+01
   0.73509E+02   0.34413E+00   0.37894E+01   0.38122E+01
   0.71907E+02   0.33623E+00   0.38036E+01   0.38280E+01
   0.70362E+02   0.32860E+00   0.38179E+01   0.38440E+01
   0.68870E+02   0.32125E+00   0.38323E+01   0.38601E+01
   0.67428E+02   0.31414E+00   0.38467E+01   0.38765E+01
   0.66034E+02   0.30728E+00   0.38613E+01   0.38931E+01
   0.64686E+02   0.30064E+00   0.38760E+01   0.39099E+01
   0.63382E+02   0.29422E+00   0.38909E+01   0.39271E+01
   0.62119E+02   0.28799E+00   0.39060E+01   0.39446E+01
   0.60894E+02   0.28197E+00   0.39213E+01   0.39626E+01
   0.59706E+02   0.27612E+00   0.39369E+01   0.39810E+01
   0.58553E+02   0.27044E+00   0.39527E+01   0.39998E+01
   0.57433E+02   0.26492E+00   0.39688E+01   0.40190E+01
   0.56343E+02   0.25955E+00   0.39852E+01   0.40387E+01
   0.55282E+02   0.25433E+00   0.40019E+01   0.40589E+01
   0.54248E+02   0.24924E+00   0.40189E+01   0.40796E+01
   0.53240E+02   0.24428E+00   0.40362E+01   0.41008E+01
   0.52256E+02   0.23943E+00   0.40538E+01   0.41225E+01
   0.51294E+02   0.23470E+00   0.40719E+01   0.41450E+01
   0.50354E+02   0.23007E+00   0.40904E+01   0.41681E+01
   0.49434E+02   0.22554E+00   0.41094E+01   0.41920E+01
   0.48533E+02   0.22110E+00   0.41289E+01   0.42167E+01
   0.47650E+02   0.21675E+00   0.41489E+01   0.42423E+01
   0.46783E+02   0.21248E+00   0.41695E+01   0.42688E+01
   0.45932E+02   0.20829E+00   0.41906E+01   0.42962E+01
   0.45095E+02   0.20416E+00   0.42122E+01   0.43247E+01
   0.44272E+02   0.20011E+00   0.42345E+01   0.43543E+01
   0.43461E+02   0.19611E+00   0.42573E+01   0.43849E+01
   0.42663E+02   0.19218E+00   0.42808E+01   0.44168E+01
   0.41875E+02   0.18830E+00   0.43050E+01   0.44500E+01
   0.41097E+02   0.18448E+00   0.43300E+01   0.44845E+01
   0.40330E+02   0.18070E+00   0.43558E+01   0.45205E+01
   0.39571E+02   0.17696E+00   0.43824E+01   0.45581E+01
   0.38821E+02   0.17327E+00   0.44100E+01   0.45976E+01
   0.38079E+02   0.16962E+00   0.44387E+01   0.46389E+01
   0.37345E+02   0.16601E+00   0.44684E+01   0.46824E+01
   0.36617E+02   0.16243E+00   0.44993E+01   0.47283E+01
   0.35896E+02   0.15888E+00   0.45314E+01   0.47766E+01
   0.35182E+02   0.15536E+00   0.45648E+01   0.48277E+01
   0.34473E+02   0.15187E+00   0.45996E+01   0.48817E+01
   0.33769E+02   0.14841E+00   0.46359E+01   0.49389E+01
   0.33070E+02   0.14498E+00   0.46738E+01   0.49996E+01
   0.32376E+02   0.14156E+00   0.47134E+01   0.50641E+01
   0.31686E+02   0.13817E+00   0.47549E+01   0.51328E+01
   0.31000E+02   0.13480E+00   0.47983E+01   0.52061E+01
   0.30317E+02   0.13145E+00   0.48439E+01   0.52847E+01
   0.29639E+02   0.12811E+00   0.48918E+01   0.53691E+01
   0.28963E+02   0.12480E+00   0.49423E+01   0.54600E+01
   0.28291E+02   0.12150E+00   0.49954E+01   0.55582E+01
   0.27622E+02   0.11821E+00   0.50514E+01   0.56648E+01
   0.26956E+02   0.11493E+00   0.51106E+01   0.57806E+01
   0.26292E+02   0.11167E+00   0.51731E+01   0.59072E+01
   0.25631E+02   0.10842E+00   0.52392E+01   0.60460E+01
   0.24972E+02   0.10519E+00   0.53093E+01   0.61989E+01
   0.24316E+02   0.10196E+00   0.53835E+01   0.63683E+01
   0.23662E+02   0.98741E-01   0.54621E+01   0.65571E+01
   0.23010E+02   0.95532E-01   0.55454E+01   0.67686E+01
   0.22361E+02   0.92332E-01   0.56336E+01   0.70076E+01
   0.21715E+02   0.89139E-01   0.57266E+01   0.72795E+01
   0.21071E+02   0.85954E-01   0.58245E+01   0.75912E+01
   0.20430E+02   0.82776E-01   0.59269E+01   0.79512E+01
   0.19791E+02   0.79605E-01   0.60335E+01   0.83703E+01
   0.19155E+02   0.76439E-01   0.61435E+01   0.88617E+01
   0.18523E+02   0.73279E-01   0.62552E+01   0.94411E+01
   0.17895E+02   0.70125E-01   0.63659E+01   0.10124E+02
   0.17270E+02   0.66975E-01   0.64710E+01   0.10917E+02
   0.16649E+02   0.63830E-01   0.65635E+01   0.11804E+02
   0.16032E+02   0.60689E-01   0.66326E+01   0.12712E+02
   0.15417E+02   0.57552E-01   0.66639E+01   0.13472E+02
   0.14804E+02   0.54419E-01   0.66390E+01   0.13824E+02
   0.14190E+02   0.51290E-01   0.65369E+01   0.13536E+02
   0.13572E+02   0.48164E-01   0.63395E+01   0.12565E+02
   0.12947E+02   0.45041E-01   0.60333E+01   0.11082E+02
   0.12308E+02   0.41921E-01   0.56162E+01   0.93343E+01
   0.11648E+02   0.38803E-01   0.51035E+01   0.75558E+01
   0.10955E+02   0.35688E-01   0.45279E+01   0.59425E+01
   0.10217E+02   0.32575E-01   0.39346E+01   0.46215E+01
   0.94198E+01   0.29465E-01   0.33695E+01   0.36263E+01
   0.85546E+01   0.26356E-01   0.28702E+01   0.29163E+01
   0.76194E+01   0.23250E-01   0.24565E+01   0.24227E+01
   0.66248E+01   0.20145E-01   0.21310E+01   0.20807E+01
   0.55910E+01   0.17042E-01   0.18837E+01   0.18405E+01
   0.45418E+01   0.13940E-01   0.16990E+01   0.16673E+01
   0.34962E+01   0.10840E-01   0.15603E+01   0.15384E+01
   0.24668E+01   0.77416E-02   0.14547E+01   0.14394E+01
   0.14605E+01   0.46441E-02   0.13722E+01   0.13611E+01
   0.48011E+00   0.15479E-02   0.13060E+01   0.12976E+01
