   0.22517E+02   0.90734E+00  -0.25462E+01
   0.22535E+02   0.26321E+00  -0.25484E+01
   0.22552E+02   0.27232E+00  -0.25508E+01
   0.22569E+02   0.27879E+00  -0.25524E+01
   0.22587E+02   0.27891E+00  -0.25566E+01
   0.22604E+02   0.27862E+00  -0.25611E+01
   0.22622E+02   0.27516E+00  -0.25627E+01
   0.22639E+02   0.27393E+00  -0.25630E+01
   0.22656E+02   0.27315E+00  -0.25658E+01
   0.22674E+02   0.27516E+00  -0.25665E+01
   0.22691E+02   0.27446E+00  -0.25673E+01
   0.22708E+02   0.27445E+00  -0.25679E+01
   0.22726E+02   0.27765E+00  -0.25704E+01
   0.22743E+02   0.28248E+00  -0.25759E+01
   0.22760E+02   0.28415E+00  -0.25798E+01
   0.22778E+02   0.28799E+00  -0.25817E+01
   0.22795E+02   0.29061E+00  -0.25829E+01
   0.22812E+02   0.28912E+00  -0.25848E+01
