   0.15330E+02   0.47097E+00  -0.16882E+01
   0.15347E+02   0.88228E-01  -0.16883E+01
   0.15365E+02   0.92909E-01  -0.16884E+01
   0.15382E+02   0.93160E-01  -0.16905E+01
   0.15399E+02   0.92658E-01  -0.16918E+01
   0.15417E+02   0.91562E-01  -0.16935E+01
   0.15434E+02   0.88468E-01  -0.16950E+01
   0.15451E+02   0.84310E-01  -0.16945E+01
   0.15469E+02   0.82337E-01  -0.16972E+01
   0.15486E+02   0.85650E-01  -0.17009E+01
   0.15503E+02   0.87461E-01  -0.17002E+01
   0.15521E+02   0.88405E-01  -0.17001E+01
   0.15538E+02   0.87860E-01  -0.17032E+01
   0.15556E+02   0.84231E-01  -0.17028E+01
   0.15573E+02   0.83704E-01  -0.17026E+01
   0.15590E+02   0.83830E-01  -0.17049E+01
   0.15608E+02   0.82719E-01  -0.17058E+01
   0.15625E+02   0.82493E-01  -0.17077E+01
