   0.18455E+02   0.56632E+00  -0.20278E+01
   0.18472E+02   0.95113E-01  -0.20312E+01
   0.18490E+02   0.99558E-01  -0.20346E+01
   0.18507E+02   0.10088E+00  -0.20345E+01
   0.18524E+02   0.97984E-01  -0.20351E+01
   0.18542E+02   0.92760E-01  -0.20384E+01
   0.18559E+02   0.89823E-01  -0.20413E+01
   0.18576E+02   0.89911E-01  -0.20421E+01
   0.18594E+02   0.91429E-01  -0.20424E+01
   0.18611E+02   0.93106E-01  -0.20454E+01
   0.18628E+02   0.93515E-01  -0.20486E+01
   0.18646E+02   0.95472E-01  -0.20504E+01
   0.18663E+02   0.10080E+00  -0.20551E+01
   0.18681E+02   0.10303E+00  -0.20569E+01
   0.18698E+02   0.10232E+00  -0.20562E+01
   0.18715E+02   0.10015E+00  -0.20573E+01
   0.18733E+02   0.96135E-01  -0.20600E+01
   0.18750E+02   0.94539E-01  -0.20625E+01
