   0.25017E+02   0.11629E+01  -0.28948E+01
   0.25035E+02   0.45115E+00  -0.28999E+01
   0.25052E+02   0.46226E+00  -0.29035E+01
   0.25069E+02   0.47154E+00  -0.29080E+01
   0.25087E+02   0.47635E+00  -0.29119E+01
   0.25104E+02   0.47246E+00  -0.29132E+01
   0.25122E+02   0.46502E+00  -0.29150E+01
   0.25139E+02   0.45535E+00  -0.29158E+01
   0.25156E+02   0.44863E+00  -0.29153E+01
   0.25174E+02   0.44619E+00  -0.29136E+01
   0.25191E+02   0.44985E+00  -0.29176E+01
   0.25208E+02   0.45858E+00  -0.29225E+01
   0.25226E+02   0.46842E+00  -0.29265E+01
   0.25243E+02   0.47631E+00  -0.29310E+01
   0.25260E+02   0.48073E+00  -0.29341E+01
   0.25278E+02   0.47992E+00  -0.29366E+01
   0.25295E+02   0.47871E+00  -0.29393E+01
   0.25312E+02   0.47727E+00  -0.29383E+01
