   0.25174E+01   0.52592E+01  -0.38132E+01
   0.25347E+01   0.36571E+01  -0.38047E+01
   0.25521E+01   0.36405E+01  -0.37968E+01
   0.25694E+01   0.36233E+01  -0.37883E+01
   0.25868E+01   0.36088E+01  -0.37793E+01
   0.26042E+01   0.35980E+01  -0.37703E+01
   0.26215E+01   0.35897E+01  -0.37605E+01
   0.26389E+01   0.35823E+01  -0.37504E+01
   0.26562E+01   0.35742E+01  -0.37408E+01
   0.26736E+01   0.35637E+01  -0.37323E+01
   0.26910E+01   0.35474E+01  -0.37244E+01
   0.27083E+01   0.35277E+01  -0.37164E+01
   0.27257E+01   0.35093E+01  -0.37076E+01
   0.27431E+01   0.34953E+01  -0.36972E+01
   0.27604E+01   0.34862E+01  -0.36872E+01
   0.27778E+01   0.34784E+01  -0.36791E+01
   0.27951E+01   0.34692E+01  -0.36704E+01
   0.28125E+01   0.34568E+01  -0.36605E+01
