   0.37674E+01   0.38639E+01  -0.31559E+01
   0.37847E+01   0.27863E+01  -0.31469E+01
   0.38021E+01   0.27795E+01  -0.31377E+01
   0.38194E+01   0.27719E+01  -0.31278E+01
   0.38368E+01   0.27625E+01  -0.31182E+01
   0.38542E+01   0.27493E+01  -0.31092E+01
   0.38715E+01   0.27333E+01  -0.31011E+01
   0.38889E+01   0.27189E+01  -0.30933E+01
   0.39062E+01   0.27090E+01  -0.30850E+01
   0.39236E+01   0.27023E+01  -0.30756E+01
   0.39410E+01   0.26962E+01  -0.30659E+01
   0.39583E+01   0.26871E+01  -0.30572E+01
   0.39757E+01   0.26754E+01  -0.30494E+01
   0.39931E+01   0.26631E+01  -0.30416E+01
   0.40104E+01   0.26516E+01  -0.30332E+01
   0.40278E+01   0.26423E+01  -0.30246E+01
   0.40451E+01   0.26335E+01  -0.30153E+01
   0.40625E+01   0.26226E+01  -0.30057E+01
