   0.20017E+02   0.67720E+00  -0.22286E+01
   0.20035E+02   0.13476E+00  -0.22291E+01
   0.20052E+02   0.13456E+00  -0.22298E+01
   0.20069E+02   0.13944E+00  -0.22305E+01
   0.20087E+02   0.14871E+00  -0.22338E+01
   0.20104E+02   0.15658E+00  -0.22347E+01
   0.20122E+02   0.15749E+00  -0.22363E+01
   0.20139E+02   0.15334E+00  -0.22399E+01
   0.20156E+02   0.14850E+00  -0.22448E+01
   0.20174E+02   0.14304E+00  -0.22480E+01
   0.20191E+02   0.13897E+00  -0.22521E+01
   0.20208E+02   0.14048E+00  -0.22533E+01
   0.20226E+02   0.14584E+00  -0.22523E+01
   0.20243E+02   0.14863E+00  -0.22526E+01
   0.20260E+02   0.15235E+00  -0.22526E+01
   0.20278E+02   0.15984E+00  -0.22520E+01
   0.20295E+02   0.16677E+00  -0.22556E+01
   0.20312E+02   0.16699E+00  -0.22604E+01
