   0.10330E+02   0.93050E+00  -0.14398E+01
   0.10347E+02   0.52202E+00  -0.14385E+01
   0.10365E+02   0.51599E+00  -0.14378E+01
   0.10382E+02   0.51114E+00  -0.14370E+01
   0.10399E+02   0.50861E+00  -0.14350E+01
   0.10417E+02   0.50922E+00  -0.14340E+01
   0.10434E+02   0.51061E+00  -0.14352E+01
   0.10451E+02   0.50884E+00  -0.14377E+01
   0.10469E+02   0.50251E+00  -0.14387E+01
   0.10486E+02   0.49607E+00  -0.14368E+01
   0.10503E+02   0.49184E+00  -0.14345E+01
   0.10521E+02   0.49047E+00  -0.14334E+01
   0.10538E+02   0.48996E+00  -0.14321E+01
   0.10556E+02   0.48949E+00  -0.14297E+01
   0.10573E+02   0.48791E+00  -0.14296E+01
   0.10590E+02   0.48328E+00  -0.14327E+01
   0.10608E+02   0.47770E+00  -0.14347E+01
   0.10625E+02   0.47408E+00  -0.14350E+01
