   0.12830E+02   0.57923E+00  -0.14883E+01
   0.12847E+02   0.21246E+00  -0.14895E+01
   0.12865E+02   0.20932E+00  -0.14908E+01
   0.12882E+02   0.20904E+00  -0.14903E+01
   0.12899E+02   0.21168E+00  -0.14906E+01
   0.12917E+02   0.21239E+00  -0.14926E+01
   0.12934E+02   0.21111E+00  -0.14952E+01
   0.12951E+02   0.20735E+00  -0.14975E+01
   0.12969E+02   0.20397E+00  -0.14971E+01
   0.12986E+02   0.20148E+00  -0.14980E+01
   0.13003E+02   0.20011E+00  -0.14988E+01
   0.13021E+02   0.19829E+00  -0.14991E+01
   0.13038E+02   0.19811E+00  -0.14983E+01
   0.13056E+02   0.19871E+00  -0.14984E+01
   0.13073E+02   0.19973E+00  -0.15010E+01
   0.13090E+02   0.19788E+00  -0.15044E+01
   0.13108E+02   0.19255E+00  -0.15063E+01
   0.13125E+02   0.18922E+00  -0.15072E+01
