   0.29705E+02   0.17322E+01  -0.36180E+01
   0.29722E+02   0.89378E+00  -0.36275E+01
   0.29740E+02   0.89406E+00  -0.36350E+01
   0.29757E+02   0.89885E+00  -0.36394E+01
   0.29774E+02   0.90471E+00  -0.36463E+01
   0.29792E+02   0.90607E+00  -0.36529E+01
   0.29809E+02   0.91144E+00  -0.36557E+01
   0.29826E+02   0.91370E+00  -0.36623E+01
   0.29844E+02   0.91158E+00  -0.36694E+01
   0.29861E+02   0.91114E+00  -0.36762E+01
   0.29878E+02   0.90666E+00  -0.36841E+01
   0.29896E+02   0.89774E+00  -0.37000E+01
   0.29913E+02   0.90337E+00  -0.37197E+01
   0.29931E+02   0.90038E+00  -0.37210E+01
   0.29948E+02   0.93026E+00  -0.37273E+01
   0.29965E+02   0.93363E+00  -0.38999E+01
   0.29983E+02   0.90175E+00  -0.40426E+01
   0.30000E+02   0.92796E+00  -0.33146E+01
