   0.13142E+02   0.55430E+00  -0.15085E+01
   0.13160E+02   0.19151E+00  -0.15091E+01
   0.13177E+02   0.19122E+00  -0.15077E+01
   0.13194E+02   0.18990E+00  -0.15069E+01
   0.13212E+02   0.18652E+00  -0.15092E+01
   0.13229E+02   0.18160E+00  -0.15137E+01
   0.13247E+02   0.17853E+00  -0.15161E+01
   0.13264E+02   0.17851E+00  -0.15172E+01
   0.13281E+02   0.18147E+00  -0.15185E+01
   0.13299E+02   0.18501E+00  -0.15189E+01
   0.13316E+02   0.18634E+00  -0.15191E+01
   0.13333E+02   0.18284E+00  -0.15185E+01
   0.13351E+02   0.17614E+00  -0.15204E+01
   0.13368E+02   0.17090E+00  -0.15241E+01
   0.13385E+02   0.16894E+00  -0.15274E+01
   0.13403E+02   0.16954E+00  -0.15278E+01
   0.13420E+02   0.17076E+00  -0.15275E+01
   0.13438E+02   0.17341E+00  -0.15294E+01
