   0.12674E+01   0.71182E+01  -0.44885E+01
   0.12847E+01   0.46482E+01  -0.44808E+01
   0.13021E+01   0.46307E+01  -0.44726E+01
   0.13194E+01   0.46152E+01  -0.44637E+01
   0.13368E+01   0.46020E+01  -0.44537E+01
   0.13542E+01   0.45904E+01  -0.44424E+01
   0.13715E+01   0.45782E+01  -0.44306E+01
   0.13889E+01   0.45625E+01  -0.44197E+01
   0.14062E+01   0.45432E+01  -0.44105E+01
   0.14236E+01   0.45252E+01  -0.44023E+01
   0.14410E+01   0.45112E+01  -0.43947E+01
   0.14583E+01   0.45008E+01  -0.43877E+01
   0.14757E+01   0.44911E+01  -0.43796E+01
   0.14931E+01   0.44796E+01  -0.43695E+01
   0.15104E+01   0.44630E+01  -0.43576E+01
   0.15278E+01   0.44416E+01  -0.43454E+01
   0.15451E+01   0.44211E+01  -0.43344E+01
   0.15625E+01   0.44049E+01  -0.43245E+01
