   0.19705E+02   0.65707E+00  -0.21874E+01
   0.19722E+02   0.12945E+00  -0.21885E+01
   0.19740E+02   0.13099E+00  -0.21905E+01
   0.19757E+02   0.13539E+00  -0.21936E+01
   0.19774E+02   0.13937E+00  -0.21967E+01
   0.19792E+02   0.14273E+00  -0.22006E+01
   0.19809E+02   0.14131E+00  -0.22031E+01
   0.19826E+02   0.13513E+00  -0.22057E+01
   0.19844E+02   0.13099E+00  -0.22084E+01
   0.19861E+02   0.12954E+00  -0.22091E+01
   0.19878E+02   0.13251E+00  -0.22088E+01
   0.19896E+02   0.13776E+00  -0.22095E+01
   0.19913E+02   0.14431E+00  -0.22116E+01
   0.19931E+02   0.14734E+00  -0.22137E+01
   0.19948E+02   0.14814E+00  -0.22153E+01
   0.19965E+02   0.14634E+00  -0.22199E+01
   0.19983E+02   0.14271E+00  -0.22243E+01
   0.20000E+02   0.13934E+00  -0.22273E+01
