   0.19392E+02   0.63999E+00  -0.21434E+01
   0.19410E+02   0.12424E+00  -0.21493E+01
   0.19427E+02   0.12219E+00  -0.21529E+01
   0.19444E+02   0.11902E+00  -0.21566E+01
   0.19462E+02   0.11586E+00  -0.21591E+01
   0.19479E+02   0.11765E+00  -0.21613E+01
   0.19497E+02   0.12210E+00  -0.21636E+01
   0.19514E+02   0.12710E+00  -0.21647E+01
   0.19531E+02   0.13324E+00  -0.21656E+01
   0.19549E+02   0.13403E+00  -0.21676E+01
   0.19566E+02   0.13088E+00  -0.21680E+01
   0.19583E+02   0.12636E+00  -0.21699E+01
   0.19601E+02   0.12471E+00  -0.21752E+01
   0.19618E+02   0.12536E+00  -0.21803E+01
   0.19635E+02   0.12679E+00  -0.21841E+01
   0.19653E+02   0.13016E+00  -0.21851E+01
   0.19670E+02   0.13595E+00  -0.21855E+01
   0.19688E+02   0.13782E+00  -0.21860E+01
