   0.13455E+02   0.53985E+00  -0.15309E+01
   0.13472E+02   0.17597E+00  -0.15334E+01
   0.13490E+02   0.17322E+00  -0.15360E+01
   0.13507E+02   0.16674E+00  -0.15375E+01
   0.13524E+02   0.16175E+00  -0.15391E+01
   0.13542E+02   0.16018E+00  -0.15409E+01
   0.13559E+02   0.16054E+00  -0.15407E+01
   0.13576E+02   0.16220E+00  -0.15421E+01
   0.13594E+02   0.16458E+00  -0.15429E+01
   0.13611E+02   0.16576E+00  -0.15460E+01
   0.13628E+02   0.16428E+00  -0.15481E+01
   0.13646E+02   0.16105E+00  -0.15498E+01
   0.13663E+02   0.15789E+00  -0.15511E+01
   0.13681E+02   0.15612E+00  -0.15520E+01
   0.13698E+02   0.15442E+00  -0.15535E+01
   0.13715E+02   0.15320E+00  -0.15546E+01
   0.13733E+02   0.15353E+00  -0.15539E+01
   0.13750E+02   0.15383E+00  -0.15550E+01
