   0.16892E+02   0.50556E+00  -0.18326E+01
   0.16910E+02   0.84547E-01  -0.18359E+01
   0.16927E+02   0.83427E-01  -0.18395E+01
   0.16944E+02   0.78824E-01  -0.18419E+01
   0.16962E+02   0.74572E-01  -0.18418E+01
   0.16979E+02   0.73633E-01  -0.18419E+01
   0.16997E+02   0.74001E-01  -0.18418E+01
   0.17014E+02   0.75013E-01  -0.18430E+01
   0.17031E+02   0.79050E-01  -0.18494E+01
   0.17049E+02   0.81276E-01  -0.18557E+01
   0.17066E+02   0.81921E-01  -0.18578E+01
   0.17083E+02   0.81735E-01  -0.18613E+01
   0.17101E+02   0.79705E-01  -0.18640E+01
   0.17118E+02   0.78937E-01  -0.18629E+01
   0.17135E+02   0.78783E-01  -0.18608E+01
   0.17153E+02   0.79443E-01  -0.18604E+01
   0.17170E+02   0.80531E-01  -0.18639E+01
   0.17188E+02   0.78771E-01  -0.18687E+01
