   0.23455E+02   0.10079E+01  -0.26838E+01
   0.23472E+02   0.32656E+00  -0.26851E+01
   0.23490E+02   0.32495E+00  -0.26870E+01
   0.23507E+02   0.33106E+00  -0.26876E+01
   0.23524E+02   0.34124E+00  -0.26897E+01
   0.23542E+02   0.34464E+00  -0.26946E+01
   0.23559E+02   0.34011E+00  -0.26963E+01
   0.23576E+02   0.33957E+00  -0.27003E+01
   0.23594E+02   0.34009E+00  -0.27023E+01
   0.23611E+02   0.34125E+00  -0.27018E+01
   0.23628E+02   0.34112E+00  -0.27056E+01
   0.23646E+02   0.34679E+00  -0.27087E+01
   0.23663E+02   0.35282E+00  -0.27112E+01
   0.23681E+02   0.34935E+00  -0.27143E+01
   0.23698E+02   0.34618E+00  -0.27169E+01
   0.23715E+02   0.34915E+00  -0.27169E+01
   0.23733E+02   0.35149E+00  -0.27200E+01
   0.23750E+02   0.35169E+00  -0.27234E+01
