   0.24080E+02   0.10781E+01  -0.27773E+01
   0.24097E+02   0.36886E+00  -0.27786E+01
   0.24115E+02   0.36960E+00  -0.27762E+01
   0.24132E+02   0.38209E+00  -0.27765E+01
   0.24149E+02   0.39687E+00  -0.27811E+01
   0.24167E+02   0.39993E+00  -0.27880E+01
   0.24184E+02   0.39533E+00  -0.27898E+01
   0.24201E+02   0.38849E+00  -0.27914E+01
   0.24219E+02   0.38219E+00  -0.27935E+01
   0.24236E+02   0.37876E+00  -0.27957E+01
   0.24253E+02   0.37901E+00  -0.27990E+01
   0.24271E+02   0.38534E+00  -0.27987E+01
   0.24288E+02   0.39502E+00  -0.27982E+01
   0.24306E+02   0.40488E+00  -0.28021E+01
   0.24323E+02   0.40756E+00  -0.28054E+01
   0.24340E+02   0.41049E+00  -0.28111E+01
   0.24358E+02   0.41067E+00  -0.28143E+01
   0.24375E+02   0.40569E+00  -0.28144E+01
