   0.17205E+02   0.51172E+00  -0.18741E+01
   0.17222E+02   0.74967E-01  -0.18783E+01
   0.17240E+02   0.76588E-01  -0.18798E+01
   0.17257E+02   0.80813E-01  -0.18800E+01
   0.17274E+02   0.83448E-01  -0.18804E+01
   0.17292E+02   0.83201E-01  -0.18795E+01
   0.17309E+02   0.83741E-01  -0.18799E+01
   0.17326E+02   0.82999E-01  -0.18833E+01
   0.17344E+02   0.76765E-01  -0.18868E+01
   0.17361E+02   0.74403E-01  -0.18921E+01
   0.17378E+02   0.75757E-01  -0.18951E+01
   0.17396E+02   0.79690E-01  -0.18954E+01
   0.17413E+02   0.83135E-01  -0.18957E+01
   0.17431E+02   0.82762E-01  -0.18976E+01
   0.17448E+02   0.81118E-01  -0.18982E+01
   0.17465E+02   0.80374E-01  -0.18987E+01
   0.17483E+02   0.81690E-01  -0.19026E+01
   0.17500E+02   0.83168E-01  -0.19055E+01
