   0.59549E+01   0.23830E+01  -0.22014E+01
   0.59722E+01   0.17001E+01  -0.21944E+01
   0.59896E+01   0.16916E+01  -0.21878E+01
   0.60069E+01   0.16852E+01  -0.21821E+01
   0.60243E+01   0.16812E+01  -0.21774E+01
   0.60417E+01   0.16772E+01  -0.21726E+01
   0.60590E+01   0.16717E+01  -0.21671E+01
   0.60764E+01   0.16634E+01  -0.21612E+01
   0.60938E+01   0.16537E+01  -0.21552E+01
   0.61111E+01   0.16452E+01  -0.21491E+01
   0.61285E+01   0.16381E+01  -0.21429E+01
   0.61458E+01   0.16330E+01  -0.21365E+01
   0.61632E+01   0.16285E+01  -0.21313E+01
   0.61806E+01   0.16220E+01  -0.21267E+01
   0.61979E+01   0.16143E+01  -0.21217E+01
   0.62153E+01   0.16059E+01  -0.21157E+01
   0.62326E+01   0.15977E+01  -0.21093E+01
   0.62500E+01   0.15910E+01  -0.21035E+01
