   0.28299E+01   0.48604E+01  -0.36511E+01
   0.28472E+01   0.34290E+01  -0.36429E+01
   0.28646E+01   0.34174E+01  -0.36348E+01
   0.28819E+01   0.34045E+01  -0.36254E+01
   0.28993E+01   0.33906E+01  -0.36157E+01
   0.29167E+01   0.33752E+01  -0.36067E+01
   0.29340E+01   0.33608E+01  -0.35972E+01
   0.29514E+01   0.33483E+01  -0.35874E+01
   0.29688E+01   0.33353E+01  -0.35775E+01
   0.29861E+01   0.33230E+01  -0.35683E+01
   0.30035E+01   0.33126E+01  -0.35604E+01
   0.30208E+01   0.33042E+01  -0.35525E+01
   0.30382E+01   0.32959E+01  -0.35437E+01
   0.30556E+01   0.32837E+01  -0.35338E+01
   0.30729E+01   0.32664E+01  -0.35232E+01
   0.30903E+01   0.32465E+01  -0.35131E+01
   0.31076E+01   0.32265E+01  -0.35032E+01
   0.31250E+01   0.32130E+01  -0.34939E+01
