   0.15017E+02   0.48422E+00  -0.16653E+01
   0.15035E+02   0.95889E-01  -0.16659E+01
   0.15052E+02   0.92336E-01  -0.16671E+01
   0.15069E+02   0.92672E-01  -0.16685E+01
   0.15087E+02   0.94837E-01  -0.16697E+01
   0.15104E+02   0.97350E-01  -0.16722E+01
   0.15122E+02   0.10077E+00  -0.16754E+01
   0.15139E+02   0.10186E+00  -0.16783E+01
   0.15156E+02   0.97274E-01  -0.16774E+01
   0.15174E+02   0.89755E-01  -0.16767E+01
   0.15191E+02   0.88363E-01  -0.16767E+01
   0.15208E+02   0.90100E-01  -0.16776E+01
   0.15226E+02   0.92634E-01  -0.16800E+01
   0.15243E+02   0.95552E-01  -0.16809E+01
   0.15260E+02   0.98538E-01  -0.16823E+01
   0.15278E+02   0.98729E-01  -0.16851E+01
   0.15295E+02   0.93834E-01  -0.16865E+01
   0.15312E+02   0.86186E-01  -0.16870E+01
