   0.16267E+02   0.48781E+00  -0.17711E+01
   0.16285E+02   0.75345E-01  -0.17719E+01
   0.16302E+02   0.74243E-01  -0.17720E+01
   0.16319E+02   0.74538E-01  -0.17713E+01
   0.16337E+02   0.74529E-01  -0.17714E+01
   0.16354E+02   0.75093E-01  -0.17766E+01
   0.16372E+02   0.72866E-01  -0.17827E+01
   0.16389E+02   0.71242E-01  -0.17832E+01
   0.16406E+02   0.72332E-01  -0.17833E+01
   0.16424E+02   0.74418E-01  -0.17825E+01
   0.16441E+02   0.77258E-01  -0.17840E+01
   0.16458E+02   0.80500E-01  -0.17881E+01
   0.16476E+02   0.80637E-01  -0.17886E+01
   0.16493E+02   0.74975E-01  -0.17912E+01
   0.16510E+02   0.68668E-01  -0.17947E+01
   0.16528E+02   0.66755E-01  -0.17963E+01
   0.16545E+02   0.70217E-01  -0.17978E+01
   0.16562E+02   0.74822E-01  -0.17959E+01
