   0.17361E-01   0.56460E+01  -0.47396E+01
   0.34722E-01   0.52638E+01  -0.50709E+01
   0.52083E-01   0.52646E+01  -0.50719E+01
   0.69444E-01   0.52663E+01  -0.50730E+01
   0.86806E-01   0.52616E+01  -0.50736E+01
   0.10417E+00   0.52665E+01  -0.50726E+01
   0.12153E+00   0.52843E+01  -0.50562E+01
   0.13889E+00   0.52907E+01  -0.50411E+01
   0.15625E+00   0.52967E+01  -0.50286E+01
   0.17361E+00   0.53045E+01  -0.50178E+01
   0.19097E+00   0.53149E+01  -0.50082E+01
   0.20833E+00   0.53287E+01  -0.49996E+01
   0.22569E+00   0.53450E+01  -0.49921E+01
   0.24306E+00   0.53584E+01  -0.49847E+01
   0.26042E+00   0.53643E+01  -0.49772E+01
   0.27778E+00   0.53632E+01  -0.49703E+01
   0.29514E+00   0.53593E+01  -0.49637E+01
   0.31250E+00   0.53546E+01  -0.49568E+01
