   0.24392E+02   0.11390E+01  -0.28136E+01
   0.24410E+02   0.39853E+00  -0.28163E+01
   0.24427E+02   0.40232E+00  -0.28196E+01
   0.24444E+02   0.40045E+00  -0.28213E+01
   0.24462E+02   0.39581E+00  -0.28227E+01
   0.24479E+02   0.40493E+00  -0.28241E+01
   0.24497E+02   0.42047E+00  -0.28255E+01
   0.24514E+02   0.42926E+00  -0.28288E+01
   0.24531E+02   0.42742E+00  -0.28314E+01
   0.24549E+02   0.42421E+00  -0.28317E+01
   0.24566E+02   0.42503E+00  -0.28322E+01
   0.24583E+02   0.42373E+00  -0.28382E+01
   0.24601E+02   0.41777E+00  -0.28410E+01
   0.24618E+02   0.41056E+00  -0.28424E+01
   0.24635E+02   0.40581E+00  -0.28458E+01
   0.24653E+02   0.40684E+00  -0.28458E+01
   0.24670E+02   0.41707E+00  -0.28456E+01
   0.24688E+02   0.43469E+00  -0.28486E+01
