   0.75174E+01   0.16894E+01  -0.17684E+01
   0.75347E+01   0.11537E+01  -0.17649E+01
   0.75521E+01   0.11501E+01  -0.17619E+01
   0.75694E+01   0.11468E+01  -0.17594E+01
   0.75868E+01   0.11427E+01  -0.17562E+01
   0.76042E+01   0.11380E+01  -0.17531E+01
   0.76215E+01   0.11319E+01  -0.17488E+01
   0.76389E+01   0.11253E+01  -0.17442E+01
   0.76562E+01   0.11188E+01  -0.17402E+01
   0.76736E+01   0.11130E+01  -0.17369E+01
   0.76910E+01   0.11088E+01  -0.17340E+01
   0.77083E+01   0.11051E+01  -0.17310E+01
   0.77257E+01   0.11009E+01  -0.17281E+01
   0.77431E+01   0.10965E+01  -0.17256E+01
   0.77604E+01   0.10916E+01  -0.17229E+01
   0.77778E+01   0.10869E+01  -0.17193E+01
   0.77951E+01   0.10815E+01  -0.17148E+01
   0.78125E+01   0.10749E+01  -0.17105E+01
