   0.28767E+02   0.16283E+01  -0.34606E+01
   0.28785E+02   0.81606E+00  -0.34651E+01
   0.28802E+02   0.82030E+00  -0.34659E+01
   0.28819E+02   0.81585E+00  -0.34673E+01
   0.28837E+02   0.80975E+00  -0.34724E+01
   0.28854E+02   0.81292E+00  -0.34782E+01
   0.28872E+02   0.81894E+00  -0.34805E+01
   0.28889E+02   0.82216E+00  -0.34856E+01
   0.28906E+02   0.82037E+00  -0.34920E+01
   0.28924E+02   0.82612E+00  -0.34949E+01
   0.28941E+02   0.83243E+00  -0.34950E+01
   0.28958E+02   0.83171E+00  -0.34965E+01
   0.28976E+02   0.82757E+00  -0.34976E+01
   0.28993E+02   0.82797E+00  -0.34981E+01
   0.29010E+02   0.83667E+00  -0.35031E+01
   0.29028E+02   0.84564E+00  -0.35109E+01
   0.29045E+02   0.84677E+00  -0.35163E+01
   0.29062E+02   0.84357E+00  -0.35189E+01
