   0.25330E+02   0.12312E+01  -0.29366E+01
   0.25347E+02   0.45896E+00  -0.29370E+01
   0.25365E+02   0.45971E+00  -0.29392E+01
   0.25382E+02   0.47090E+00  -0.29454E+01
   0.25399E+02   0.47891E+00  -0.29511E+01
   0.25417E+02   0.48394E+00  -0.29549E+01
   0.25434E+02   0.48401E+00  -0.29559E+01
   0.25451E+02   0.48700E+00  -0.29583E+01
   0.25469E+02   0.49378E+00  -0.29585E+01
   0.25486E+02   0.49510E+00  -0.29565E+01
   0.25503E+02   0.48687E+00  -0.29569E+01
   0.25521E+02   0.47839E+00  -0.29597E+01
   0.25538E+02   0.47403E+00  -0.29617E+01
   0.25556E+02   0.47939E+00  -0.29675E+01
   0.25573E+02   0.48982E+00  -0.29725E+01
   0.25590E+02   0.50164E+00  -0.29729E+01
   0.25608E+02   0.50823E+00  -0.29722E+01
   0.25625E+02   0.50687E+00  -0.29732E+01
