   0.19080E+02   0.61556E+00  -0.21000E+01
   0.19097E+02   0.11237E+00  -0.21040E+01
   0.19115E+02   0.10692E+00  -0.21072E+01
   0.19132E+02   0.10471E+00  -0.21098E+01
   0.19149E+02   0.10671E+00  -0.21112E+01
   0.19167E+02   0.11072E+00  -0.21104E+01
   0.19184E+02   0.11420E+00  -0.21103E+01
   0.19201E+02   0.11908E+00  -0.21122E+01
   0.19219E+02   0.12072E+00  -0.21148E+01
   0.19236E+02   0.11989E+00  -0.21207E+01
   0.19253E+02   0.11735E+00  -0.21272E+01
   0.19271E+02   0.11165E+00  -0.21297E+01
   0.19288E+02   0.11061E+00  -0.21305E+01
   0.19306E+02   0.11481E+00  -0.21351E+01
   0.19323E+02   0.11771E+00  -0.21376E+01
   0.19340E+02   0.11947E+00  -0.21379E+01
   0.19358E+02   0.12193E+00  -0.21390E+01
   0.19375E+02   0.12405E+00  -0.21407E+01
