   0.84549E+01   0.13725E+01  -0.16050E+01
   0.84722E+01   0.90180E+00  -0.16025E+01
   0.84896E+01   0.89769E+00  -0.16006E+01
   0.85069E+01   0.89281E+00  -0.15996E+01
   0.85243E+01   0.88756E+00  -0.15987E+01
   0.85417E+01   0.88321E+00  -0.15964E+01
   0.85590E+01   0.87870E+00  -0.15933E+01
   0.85764E+01   0.87403E+00  -0.15898E+01
   0.85938E+01   0.87032E+00  -0.15862E+01
   0.86111E+01   0.86797E+00  -0.15840E+01
   0.86285E+01   0.86451E+00  -0.15825E+01
   0.86458E+01   0.86006E+00  -0.15809E+01
   0.86632E+01   0.85500E+00  -0.15797E+01
   0.86806E+01   0.85073E+00  -0.15776E+01
   0.86979E+01   0.84678E+00  -0.15746E+01
   0.87153E+01   0.84142E+00  -0.15710E+01
   0.87326E+01   0.83606E+00  -0.15678E+01
   0.87500E+01   0.83190E+00  -0.15666E+01
