   0.28142E+02   0.15482E+01  -0.33543E+01
   0.28160E+02   0.72949E+00  -0.33590E+01
   0.28177E+02   0.73231E+00  -0.33599E+01
   0.28194E+02   0.74211E+00  -0.33584E+01
   0.28212E+02   0.74787E+00  -0.33583E+01
   0.28229E+02   0.75669E+00  -0.33604E+01
   0.28247E+02   0.75929E+00  -0.33642E+01
   0.28264E+02   0.75096E+00  -0.33666E+01
   0.28281E+02   0.74591E+00  -0.33713E+01
   0.28299E+02   0.74892E+00  -0.33785E+01
   0.28316E+02   0.75058E+00  -0.33818E+01
   0.28333E+02   0.75143E+00  -0.33843E+01
   0.28351E+02   0.75420E+00  -0.33868E+01
   0.28368E+02   0.76115E+00  -0.33878E+01
   0.28385E+02   0.76688E+00  -0.33887E+01
   0.28403E+02   0.76971E+00  -0.33907E+01
   0.28420E+02   0.77139E+00  -0.33909E+01
   0.28438E+02   0.77530E+00  -0.33972E+01
