   0.27517E+02   0.14686E+01  -0.32431E+01
   0.27535E+02   0.67441E+00  -0.32478E+01
   0.27552E+02   0.67992E+00  -0.32474E+01
   0.27569E+02   0.68616E+00  -0.32493E+01
   0.27587E+02   0.68476E+00  -0.32500E+01
   0.27604E+02   0.67475E+00  -0.32499E+01
   0.27622E+02   0.67043E+00  -0.32533E+01
   0.27639E+02   0.67031E+00  -0.32573E+01
   0.27656E+02   0.66812E+00  -0.32625E+01
   0.27674E+02   0.67318E+00  -0.32700E+01
   0.27691E+02   0.68118E+00  -0.32744E+01
   0.27708E+02   0.69300E+00  -0.32749E+01
   0.27726E+02   0.70834E+00  -0.32751E+01
   0.27743E+02   0.71214E+00  -0.32775E+01
   0.27760E+02   0.70468E+00  -0.32809E+01
   0.27778E+02   0.69352E+00  -0.32848E+01
   0.27795E+02   0.68854E+00  -0.32892E+01
   0.27812E+02   0.68842E+00  -0.32929E+01
