   0.11267E+02   0.76562E+00  -0.14339E+01
   0.11285E+02   0.37992E+00  -0.14346E+01
   0.11302E+02   0.37748E+00  -0.14333E+01
   0.11319E+02   0.37598E+00  -0.14338E+01
   0.11337E+02   0.37491E+00  -0.14349E+01
   0.11354E+02   0.37422E+00  -0.14349E+01
   0.11372E+02   0.37185E+00  -0.14359E+01
   0.11389E+02   0.36684E+00  -0.14353E+01
   0.11406E+02   0.36321E+00  -0.14354E+01
   0.11424E+02   0.36137E+00  -0.14364E+01
   0.11441E+02   0.35941E+00  -0.14351E+01
   0.11458E+02   0.35876E+00  -0.14344E+01
   0.11476E+02   0.35819E+00  -0.14352E+01
   0.11493E+02   0.35693E+00  -0.14352E+01
   0.11510E+02   0.35514E+00  -0.14360E+01
   0.11528E+02   0.35013E+00  -0.14371E+01
   0.11545E+02   0.34503E+00  -0.14368E+01
   0.11562E+02   0.34321E+00  -0.14367E+01
