   0.12517E+02   0.60743E+00  -0.14728E+01
   0.12535E+02   0.24282E+00  -0.14731E+01
   0.12552E+02   0.24036E+00  -0.14734E+01
   0.12569E+02   0.23814E+00  -0.14746E+01
   0.12587E+02   0.23610E+00  -0.14757E+01
   0.12604E+02   0.23444E+00  -0.14751E+01
   0.12622E+02   0.23313E+00  -0.14751E+01
   0.12639E+02   0.23209E+00  -0.14770E+01
   0.12656E+02   0.23253E+00  -0.14796E+01
   0.12674E+02   0.23001E+00  -0.14803E+01
   0.12691E+02   0.22642E+00  -0.14805E+01
   0.12708E+02   0.22337E+00  -0.14820E+01
   0.12726E+02   0.22205E+00  -0.14824E+01
   0.12743E+02   0.22365E+00  -0.14830E+01
   0.12760E+02   0.22431E+00  -0.14832E+01
   0.12778E+02   0.22273E+00  -0.14845E+01
   0.12795E+02   0.22062E+00  -0.14875E+01
   0.12812E+02   0.21806E+00  -0.14877E+01
