   0.95486E+00   0.75316E+01  -0.46638E+01
   0.97222E+00   0.49100E+01  -0.46552E+01
   0.98958E+00   0.48896E+01  -0.46457E+01
   0.10069E+01   0.48652E+01  -0.46355E+01
   0.10243E+01   0.48423E+01  -0.46246E+01
   0.10417E+01   0.48266E+01  -0.46138E+01
   0.10590E+01   0.48196E+01  -0.46039E+01
   0.10764E+01   0.48163E+01  -0.45947E+01
   0.10938E+01   0.48100E+01  -0.45856E+01
   0.11111E+01   0.47972E+01  -0.45768E+01
   0.11285E+01   0.47783E+01  -0.45680E+01
   0.11458E+01   0.47568E+01  -0.45589E+01
   0.11632E+01   0.47370E+01  -0.45493E+01
   0.11806E+01   0.47219E+01  -0.45390E+01
   0.11979E+01   0.47114E+01  -0.45282E+01
   0.12153E+01   0.47032E+01  -0.45173E+01
   0.12326E+01   0.46938E+01  -0.45064E+01
   0.12500E+01   0.46817E+01  -0.44966E+01
