   0.23142E+02   0.97632E+00  -0.26325E+01
   0.23160E+02   0.30372E+00  -0.26369E+01
   0.23177E+02   0.30212E+00  -0.26418E+01
   0.23194E+02   0.30564E+00  -0.26471E+01
   0.23212E+02   0.31130E+00  -0.26518E+01
   0.23229E+02   0.32025E+00  -0.26542E+01
   0.23247E+02   0.32597E+00  -0.26549E+01
   0.23264E+02   0.32449E+00  -0.26574E+01
   0.23281E+02   0.31882E+00  -0.26570E+01
   0.23299E+02   0.31355E+00  -0.26562E+01
   0.23316E+02   0.31421E+00  -0.26596E+01
   0.23333E+02   0.31930E+00  -0.26638E+01
   0.23351E+02   0.32152E+00  -0.26676E+01
   0.23368E+02   0.32179E+00  -0.26716E+01
   0.23385E+02   0.32553E+00  -0.26752E+01
   0.23403E+02   0.33132E+00  -0.26786E+01
   0.23420E+02   0.33313E+00  -0.26801E+01
   0.23438E+02   0.33705E+00  -0.26813E+01
