   0.16580E+02   0.49731E+00  -0.17965E+01
   0.16597E+02   0.78351E-01  -0.18016E+01
   0.16615E+02   0.80491E-01  -0.18049E+01
   0.16632E+02   0.79768E-01  -0.18081E+01
   0.16649E+02   0.73047E-01  -0.18117E+01
   0.16667E+02   0.66960E-01  -0.18110E+01
   0.16684E+02   0.66782E-01  -0.18096E+01
   0.16701E+02   0.71321E-01  -0.18097E+01
   0.16719E+02   0.76211E-01  -0.18098E+01
   0.16736E+02   0.80856E-01  -0.18130E+01
   0.16753E+02   0.83360E-01  -0.18175E+01
   0.16771E+02   0.80122E-01  -0.18208E+01
   0.16788E+02   0.75347E-01  -0.18245E+01
   0.16806E+02   0.72119E-01  -0.18267E+01
   0.16823E+02   0.70767E-01  -0.18248E+01
   0.16840E+02   0.69602E-01  -0.18228E+01
   0.16858E+02   0.72666E-01  -0.18235E+01
   0.16875E+02   0.78273E-01  -0.18271E+01
