   0.31424E+01   0.44736E+01  -0.34859E+01
   0.31597E+01   0.32062E+01  -0.34785E+01
   0.31771E+01   0.32013E+01  -0.34701E+01
   0.31944E+01   0.31888E+01  -0.34604E+01
   0.32118E+01   0.31706E+01  -0.34499E+01
   0.32292E+01   0.31490E+01  -0.34395E+01
   0.32465E+01   0.31288E+01  -0.34288E+01
   0.32639E+01   0.31150E+01  -0.34190E+01
   0.32812E+01   0.31071E+01  -0.34111E+01
   0.32986E+01   0.31028E+01  -0.34038E+01
   0.33160E+01   0.30974E+01  -0.33949E+01
   0.33333E+01   0.30892E+01  -0.33849E+01
   0.33507E+01   0.30769E+01  -0.33750E+01
   0.33681E+01   0.30596E+01  -0.33651E+01
   0.33854E+01   0.30407E+01  -0.33548E+01
   0.34028E+01   0.30247E+01  -0.33444E+01
   0.34201E+01   0.30134E+01  -0.33349E+01
   0.34375E+01   0.30059E+01  -0.33266E+01
