   0.20396E+03   0.98805E+00   0.97762E+00   0.26745E-02   0.78082E-03   0.97775E+00   0.26742E-02   0.78047E-03
   0.19906E+03   0.96417E+00   0.97750E+00   0.26740E-02   0.78041E-03   0.97764E+00   0.26737E-02   0.78004E-03
   0.19418E+03   0.94036E+00   0.97734E+00   0.26733E-02   0.77984E-03   0.97749E+00   0.26730E-02   0.77945E-03
   0.18933E+03   0.91667E+00   0.97714E+00   0.26725E-02   0.77909E-03   0.97729E+00   0.26721E-02   0.77869E-03
   0.18452E+03   0.89314E+00   0.97689E+00   0.26714E-02   0.77816E-03   0.97705E+00   0.26710E-02   0.77774E-03
   0.17977E+03   0.86983E+00   0.97660E+00   0.26701E-02   0.77704E-03   0.97676E+00   0.26697E-02   0.77660E-03
   0.17507E+03   0.84677E+00   0.97625E+00   0.26685E-02   0.77573E-03   0.97641E+00   0.26682E-02   0.77527E-03
   0.17044E+03   0.82400E+00   0.97584E+00   0.26668E-02   0.77421E-03   0.97602E+00   0.26664E-02   0.77372E-03
   0.16588E+03   0.80156E+00   0.97539E+00   0.26648E-02   0.77252E-03   0.97558E+00   0.26644E-02   0.77200E-03
   0.16140E+03   0.77949E+00   0.97491E+00   0.26627E-02   0.77071E-03   0.97510E+00   0.26622E-02   0.77015E-03
   0.15701E+03   0.75782E+00   0.97438E+00   0.26603E-02   0.76873E-03   0.97458E+00   0.26599E-02   0.76814E-03
   0.15271E+03   0.73658E+00   0.97378E+00   0.26577E-02   0.76653E-03   0.97400E+00   0.26573E-02   0.76589E-03
   0.14851E+03   0.71579E+00   0.97312E+00   0.26549E-02   0.76406E-03   0.97335E+00   0.26543E-02   0.76337E-03
   0.14442E+03   0.69548E+00   0.97241E+00   0.26517E-02   0.76142E-03   0.97265E+00   0.26512E-02   0.76067E-03
   0.14042E+03   0.67566E+00   0.97166E+00   0.26485E-02   0.75863E-03   0.97192E+00   0.26479E-02   0.75782E-03
   0.13653E+03   0.65636E+00   0.97087E+00   0.26451E-02   0.75574E-03   0.97115E+00   0.26444E-02   0.75486E-03
   0.13275E+03   0.63758E+00   0.97005E+00   0.26415E-02   0.75272E-03   0.97035E+00   0.26408E-02   0.75176E-03
   0.12907E+03   0.61934E+00   0.96919E+00   0.26378E-02   0.74955E-03   0.96950E+00   0.26371E-02   0.74852E-03
   0.12551E+03   0.60163E+00   0.96829E+00   0.26339E-02   0.74628E-03   0.96862E+00   0.26331E-02   0.74515E-03
   0.12205E+03   0.58448E+00   0.96737E+00   0.26299E-02   0.74296E-03   0.96773E+00   0.26292E-02   0.74172E-03
   0.11871E+03   0.56786E+00   0.96645E+00   0.26260E-02   0.73966E-03   0.96683E+00   0.26252E-02   0.73831E-03
   0.11546E+03   0.55179E+00   0.96554E+00   0.26221E-02   0.73639E-03   0.96595E+00   0.26212E-02   0.73492E-03
   0.11233E+03   0.53626E+00   0.96463E+00   0.26183E-02   0.73313E-03   0.96506E+00   0.26173E-02   0.73156E-03
   0.10930E+03   0.52126E+00   0.96372E+00   0.26144E-02   0.72985E-03   0.96417E+00   0.26134E-02   0.72818E-03
   0.10637E+03   0.50679E+00   0.96279E+00   0.26104E-02   0.72651E-03   0.96326E+00   0.26094E-02   0.72473E-03
   0.10355E+03   0.49284E+00   0.96183E+00   0.26063E-02   0.72307E-03   0.96232E+00   0.26052E-02   0.72117E-03
   0.10084E+03   0.47939E+00   0.96083E+00   0.26021E-02   0.71952E-03   0.96134E+00   0.26009E-02   0.71750E-03
   0.98226E+02   0.46643E+00   0.95980E+00   0.25977E-02   0.71589E-03   0.96034E+00   0.25965E-02   0.71372E-03
   0.95710E+02   0.45396E+00   0.95875E+00   0.25933E-02   0.71220E-03   0.95932E+00   0.25920E-02   0.70989E-03
   0.93288E+02   0.44195E+00   0.95769E+00   0.25888E-02   0.70846E-03   0.95828E+00   0.25875E-02   0.70600E-03
   0.90956E+02   0.43040E+00   0.95661E+00   0.25843E-02   0.70471E-03   0.95723E+00   0.25829E-02   0.70207E-03
   0.88712E+02   0.41928E+00   0.95552E+00   0.25798E-02   0.70094E-03   0.95617E+00   0.25783E-02   0.69813E-03
   0.86551E+02   0.40858E+00   0.95443E+00   0.25752E-02   0.69718E-03   0.95510E+00   0.25737E-02   0.69418E-03
   0.84471E+02   0.39828E+00   0.95333E+00   0.25707E-02   0.69344E-03   0.95404E+00   0.25691E-02   0.69024E-03
   0.82468E+02   0.38838E+00   0.95224E+00   0.25661E-02   0.68972E-03   0.95297E+00   0.25645E-02   0.68631E-03
   0.80540E+02   0.37885E+00   0.95114E+00   0.25616E-02   0.68601E-03   0.95191E+00   0.25599E-02   0.68238E-03
   0.78682E+02   0.36967E+00   0.95005E+00   0.25571E-02   0.68232E-03   0.95084E+00   0.25553E-02   0.67847E-03
   0.76893E+02   0.36084E+00   0.94895E+00   0.25526E-02   0.67863E-03   0.94977E+00   0.25507E-02   0.67455E-03
   0.75170E+02   0.35233E+00   0.94784E+00   0.25481E-02   0.67492E-03   0.94869E+00   0.25460E-02   0.67061E-03
   0.73509E+02   0.34413E+00   0.94671E+00   0.25435E-02   0.67121E-03   0.94760E+00   0.25414E-02   0.66665E-03
   0.71907E+02   0.33623E+00   0.94559E+00   0.25389E-02   0.66750E-03   0.94651E+00   0.25367E-02   0.66268E-03
   0.70362E+02   0.32860E+00   0.94446E+00   0.25343E-02   0.66380E-03   0.94541E+00   0.25320E-02   0.65870E-03
   0.68870E+02   0.32125E+00   0.94332E+00   0.25298E-02   0.66012E-03   0.94431E+00   0.25273E-02   0.65473E-03
   0.67428E+02   0.31414E+00   0.94218E+00   0.25252E-02   0.65645E-03   0.94321E+00   0.25227E-02   0.65076E-03
   0.66034E+02   0.30728E+00   0.94104E+00   0.25206E-02   0.65278E-03   0.94210E+00   0.25180E-02   0.64678E-03
   0.64686E+02   0.30064E+00   0.93989E+00   0.25160E-02   0.64912E-03   0.94098E+00   0.25133E-02   0.64279E-03
   0.63382E+02   0.29422E+00   0.93872E+00   0.25113E-02   0.64544E-03   0.93985E+00   0.25085E-02   0.63877E-03
   0.62119E+02   0.28799E+00   0.93754E+00   0.25067E-02   0.64174E-03   0.93871E+00   0.25037E-02   0.63471E-03
   0.60894E+02   0.28197E+00   0.93634E+00   0.25019E-02   0.63803E-03   0.93755E+00   0.24988E-02   0.63060E-03
   0.59706E+02   0.27612E+00   0.93513E+00   0.24972E-02   0.63430E-03   0.93638E+00   0.24939E-02   0.62646E-03
   0.58553E+02   0.27044E+00   0.93390E+00   0.24923E-02   0.63054E-03   0.93518E+00   0.24889E-02   0.62227E-03
   0.57433E+02   0.26492E+00   0.93265E+00   0.24875E-02   0.62675E-03   0.93398E+00   0.24839E-02   0.61804E-03
   0.56343E+02   0.25955E+00   0.93138E+00   0.24825E-02   0.62294E-03   0.93275E+00   0.24788E-02   0.61376E-03
   0.55282E+02   0.25433E+00   0.93010E+00   0.24775E-02   0.61909E-03   0.93151E+00   0.24737E-02   0.60944E-03
   0.54248E+02   0.24924E+00   0.92880E+00   0.24725E-02   0.61522E-03   0.93025E+00   0.24685E-02   0.60507E-03
   0.53240E+02   0.24428E+00   0.92748E+00   0.24674E-02   0.61132E-03   0.92897E+00   0.24632E-02   0.60066E-03
   0.52256E+02   0.23943E+00   0.92613E+00   0.24622E-02   0.60738E-03   0.92767E+00   0.24578E-02   0.59619E-03
   0.51294E+02   0.23470E+00   0.92477E+00   0.24570E-02   0.60339E-03   0.92634E+00   0.24524E-02   0.59165E-03
   0.50354E+02   0.23007E+00   0.92337E+00   0.24516E-02   0.59935E-03   0.92499E+00   0.24468E-02   0.58704E-03
   0.49434E+02   0.22554E+00   0.92194E+00   0.24462E-02   0.59526E-03   0.92361E+00   0.24412E-02   0.58234E-03
   0.48533E+02   0.22110E+00   0.92048E+00   0.24406E-02   0.59110E-03   0.92219E+00   0.24354E-02   0.57757E-03
   0.47650E+02   0.21675E+00   0.91899E+00   0.24350E-02   0.58689E-03   0.92075E+00   0.24296E-02   0.57270E-03
   0.46783E+02   0.21248E+00   0.91747E+00   0.24292E-02   0.58262E-03   0.91927E+00   0.24236E-02   0.56774E-03
   0.45932E+02   0.20829E+00   0.91591E+00   0.24233E-02   0.57828E-03   0.91775E+00   0.24174E-02   0.56269E-03
   0.45095E+02   0.20416E+00   0.91431E+00   0.24173E-02   0.57388E-03   0.91619E+00   0.24112E-02   0.55753E-03
   0.44272E+02   0.20011E+00   0.91267E+00   0.24112E-02   0.56942E-03   0.91460E+00   0.24048E-02   0.55228E-03
   0.43461E+02   0.19611E+00   0.91099E+00   0.24049E-02   0.56489E-03   0.91297E+00   0.23982E-02   0.54692E-03
   0.42663E+02   0.19218E+00   0.90927E+00   0.23986E-02   0.56030E-03   0.91129E+00   0.23915E-02   0.54147E-03
   0.41875E+02   0.18830E+00   0.90751E+00   0.23920E-02   0.55564E-03   0.90957E+00   0.23847E-02   0.53590E-03
   0.41097E+02   0.18448E+00   0.90571E+00   0.23854E-02   0.55090E-03   0.90781E+00   0.23777E-02   0.53021E-03
   0.40330E+02   0.18070E+00   0.90385E+00   0.23785E-02   0.54607E-03   0.90599E+00   0.23705E-02   0.52440E-03
   0.39571E+02   0.17696E+00   0.90194E+00   0.23715E-02   0.54115E-03   0.90412E+00   0.23632E-02   0.51845E-03
   0.38821E+02   0.17327E+00   0.89997E+00   0.23644E-02   0.53613E-03   0.90219E+00   0.23556E-02   0.51236E-03
   0.38079E+02   0.16962E+00   0.89794E+00   0.23570E-02   0.53101E-03   0.90019E+00   0.23478E-02   0.50610E-03
   0.37345E+02   0.16601E+00   0.89583E+00   0.23494E-02   0.52577E-03   0.89813E+00   0.23397E-02   0.49968E-03
   0.36617E+02   0.16243E+00   0.89366E+00   0.23415E-02   0.52042E-03   0.89599E+00   0.23314E-02   0.49308E-03
   0.35896E+02   0.15888E+00   0.89141E+00   0.23334E-02   0.51495E-03   0.89377E+00   0.23229E-02   0.48630E-03
   0.35182E+02   0.15536E+00   0.88908E+00   0.23251E-02   0.50935E-03   0.89146E+00   0.23140E-02   0.47932E-03
   0.34473E+02   0.15187E+00   0.88666E+00   0.23165E-02   0.50363E-03   0.88906E+00   0.23048E-02   0.47213E-03
   0.33769E+02   0.14841E+00   0.88416E+00   0.23076E-02   0.49777E-03   0.88658E+00   0.22953E-02   0.46474E-03
   0.33070E+02   0.14498E+00   0.88156E+00   0.22984E-02   0.49177E-03   0.88399E+00   0.22855E-02   0.45713E-03
   0.32376E+02   0.14156E+00   0.87886E+00   0.22889E-02   0.48562E-03   0.88129E+00   0.22753E-02   0.44930E-03
   0.31686E+02   0.13817E+00   0.87605E+00   0.22791E-02   0.47931E-03   0.87848E+00   0.22647E-02   0.44123E-03
   0.31000E+02   0.13480E+00   0.87312E+00   0.22689E-02   0.47285E-03   0.87554E+00   0.22537E-02   0.43289E-03
   0.30317E+02   0.13145E+00   0.87006E+00   0.22583E-02   0.46621E-03   0.87246E+00   0.22423E-02   0.42429E-03
   0.29639E+02   0.12811E+00   0.86686E+00   0.22473E-02   0.45939E-03   0.86923E+00   0.22303E-02   0.41540E-03
   0.28963E+02   0.12480E+00   0.86351E+00   0.22358E-02   0.45238E-03   0.86583E+00   0.22178E-02   0.40620E-03
   0.28291E+02   0.12150E+00   0.85999E+00   0.22238E-02   0.44516E-03   0.86225E+00   0.22048E-02   0.39667E-03
   0.27622E+02   0.11821E+00   0.85629E+00   0.22113E-02   0.43775E-03   0.85848E+00   0.21911E-02   0.38679E-03
   0.26956E+02   0.11493E+00   0.85240E+00   0.21982E-02   0.43012E-03   0.85449E+00   0.21767E-02   0.37654E-03
   0.26292E+02   0.11167E+00   0.84828E+00   0.21844E-02   0.42226E-03   0.85025E+00   0.21615E-02   0.36591E-03
   0.25631E+02   0.10842E+00   0.84392E+00   0.21700E-02   0.41418E-03   0.84575E+00   0.21455E-02   0.35487E-03
   0.24972E+02   0.10519E+00   0.83929E+00   0.21548E-02   0.40585E-03   0.84095E+00   0.21286E-02   0.34338E-03
   0.24316E+02   0.10196E+00   0.83437E+00   0.21387E-02   0.39728E-03   0.83581E+00   0.21107E-02   0.33143E-03
   0.23662E+02   0.98741E-01   0.82911E+00   0.21217E-02   0.38845E-03   0.83029E+00   0.20916E-02   0.31898E-03
   0.23010E+02   0.95532E-01   0.82348E+00   0.21037E-02   0.37936E-03   0.82434E+00   0.20712E-02   0.30600E-03
   0.22361E+02   0.92332E-01   0.81742E+00   0.20845E-02   0.37002E-03   0.81790E+00   0.20494E-02   0.29245E-03
   0.21715E+02   0.89139E-01   0.81087E+00   0.20641E-02   0.36043E-03   0.81089E+00   0.20259E-02   0.27830E-03
   0.21071E+02   0.85954E-01   0.80378E+00   0.20422E-02   0.35062E-03   0.80324E+00   0.20005E-02   0.26354E-03
   0.20430E+02   0.82776E-01   0.79607E+00   0.20186E-02   0.34059E-03   0.79485E+00   0.19732E-02   0.24816E-03
   0.19791E+02   0.79605E-01   0.78765E+00   0.19933E-02   0.33037E-03   0.78561E+00   0.19435E-02   0.23218E-03
   0.19155E+02   0.76439E-01   0.77843E+00   0.19659E-02   0.32000E-03   0.77540E+00   0.19111E-02   0.21566E-03
   0.18523E+02   0.73279E-01   0.76826E+00   0.19362E-02   0.30954E-03   0.76404E+00   0.18759E-02   0.19869E-03
   0.17895E+02   0.70125E-01   0.75701E+00   0.19039E-02   0.29907E-03   0.75137E+00   0.18373E-02   0.18149E-03
   0.17270E+02   0.66975E-01   0.74450E+00   0.18685E-02   0.28875E-03   0.73719E+00   0.17951E-02   0.16443E-03
   0.16649E+02   0.63830E-01   0.73055E+00   0.18298E-02   0.27878E-03   0.72128E+00   0.17489E-02   0.14816E-03
   0.16032E+02   0.60689E-01   0.71494E+00   0.17873E-02   0.26948E-03   0.70345E+00   0.16985E-02   0.13362E-03
   0.15417E+02   0.57552E-01   0.69747E+00   0.17409E-02   0.26124E-03   0.68350E+00   0.16440E-02   0.12203E-03
   0.14804E+02   0.54419E-01   0.67793E+00   0.16901E-02   0.25457E-03   0.66134E+00   0.15855E-02   0.11469E-03
   0.14190E+02   0.51290E-01   0.65616E+00   0.16349E-02   0.25010E-03   0.63692E+00   0.15236E-02   0.11256E-03
   0.13572E+02   0.48164E-01   0.63202E+00   0.15753E-02   0.24849E-03   0.61031E+00   0.14590E-02   0.11612E-03
   0.12947E+02   0.45041E-01   0.60542E+00   0.15115E-02   0.25052E-03   0.58164E+00   0.13928E-02   0.12568E-03
   0.12308E+02   0.41921E-01   0.57637E+00   0.14438E-02   0.25708E-03   0.55117E+00   0.13262E-02   0.14208E-03
   0.11648E+02   0.38803E-01   0.54506E+00   0.13734E-02   0.26911E-03   0.51931E+00   0.12606E-02   0.16684E-03
   0.10955E+02   0.35688E-01   0.51191E+00   0.13016E-02   0.28745E-03   0.48664E+00   0.11977E-02   0.20156E-03
   0.10217E+02   0.32575E-01   0.47762E+00   0.12305E-02   0.31273E-03   0.45400E+00   0.11394E-02   0.24655E-03
   0.94198E+01   0.29465E-01   0.44326E+00   0.11629E-02   0.34512E-03   0.42239E+00   0.10875E-02   0.29990E-03
   0.85546E+01   0.26356E-01   0.41017E+00   0.11018E-02   0.38388E-03   0.39288E+00   0.10434E-02   0.35776E-03
   0.76194E+01   0.23250E-01   0.37967E+00   0.10499E-02   0.42739E-03   0.36627E+00   0.10075E-02   0.41586E-03
   0.66248E+01   0.20145E-01   0.35278E+00   0.10085E-02   0.47327E-03   0.34301E+00   0.97966E-03   0.47083E-03
   0.55910E+01   0.17042E-01   0.32994E+00   0.97766E-03   0.51900E-03   0.32310E+00   0.95876E-03   0.52093E-03
   0.45418E+01   0.13940E-01   0.31090E+00   0.95565E-03   0.56249E-03   0.30618E+00   0.94342E-03   0.56585E-03
   0.34962E+01   0.10840E-01   0.29505E+00   0.94044E-03   0.60272E-03   0.29175E+00   0.93235E-03   0.60607E-03
   0.24668E+01   0.77416E-02   0.28177E+00   0.93020E-03   0.63945E-03   0.27934E+00   0.92451E-03   0.64230E-03
   0.14605E+01   0.46441E-02   0.27044E+00   0.92340E-03   0.67292E-03   0.26854E+00   0.91911E-03   0.67526E-03
   0.48011E+00   0.15479E-02   0.26059E+00   0.91899E-03   0.70364E-03   0.25903E+00   0.91557E-03   0.70556E-03
