   0.19112E+03   0.98805E+00   0.99911E+00   0.27736E-02   0.86592E-03   0.99912E+00   0.27736E-02   0.86592E-03
   0.18650E+03   0.96417E+00   0.99910E+00   0.27735E-02   0.86589E-03   0.99911E+00   0.27735E-02   0.86589E-03
   0.18190E+03   0.94036E+00   0.99908E+00   0.27734E-02   0.86580E-03   0.99909E+00   0.27734E-02   0.86580E-03
   0.17732E+03   0.91667E+00   0.99904E+00   0.27732E-02   0.86561E-03   0.99904E+00   0.27732E-02   0.86560E-03
   0.17279E+03   0.89314E+00   0.99896E+00   0.27729E-02   0.86532E-03   0.99897E+00   0.27729E-02   0.86531E-03
   0.16830E+03   0.86983E+00   0.99888E+00   0.27725E-02   0.86497E-03   0.99888E+00   0.27725E-02   0.86496E-03
   0.16385E+03   0.84677E+00   0.99877E+00   0.27720E-02   0.86456E-03   0.99878E+00   0.27720E-02   0.86455E-03
   0.15947E+03   0.82400E+00   0.99866E+00   0.27714E-02   0.86409E-03   0.99867E+00   0.27714E-02   0.86408E-03
   0.15515E+03   0.80156E+00   0.99853E+00   0.27709E-02   0.86359E-03   0.99854E+00   0.27708E-02   0.86358E-03
   0.15090E+03   0.77949E+00   0.99840E+00   0.27702E-02   0.86304E-03   0.99841E+00   0.27702E-02   0.86303E-03
   0.14674E+03   0.75782E+00   0.99825E+00   0.27695E-02   0.86242E-03   0.99826E+00   0.27695E-02   0.86241E-03
   0.14265E+03   0.73658E+00   0.99808E+00   0.27687E-02   0.86174E-03   0.99809E+00   0.27687E-02   0.86172E-03
   0.13866E+03   0.71579E+00   0.99789E+00   0.27678E-02   0.86100E-03   0.99790E+00   0.27678E-02   0.86098E-03
   0.13475E+03   0.69548E+00   0.99769E+00   0.27669E-02   0.86018E-03   0.99770E+00   0.27669E-02   0.86016E-03
   0.13095E+03   0.67566E+00   0.99746E+00   0.27658E-02   0.85927E-03   0.99748E+00   0.27658E-02   0.85924E-03
   0.12725E+03   0.65636E+00   0.99721E+00   0.27647E-02   0.85825E-03   0.99723E+00   0.27646E-02   0.85822E-03
   0.12365E+03   0.63758E+00   0.99694E+00   0.27634E-02   0.85715E-03   0.99696E+00   0.27633E-02   0.85712E-03
   0.12015E+03   0.61934E+00   0.99664E+00   0.27620E-02   0.85597E-03   0.99667E+00   0.27619E-02   0.85593E-03
   0.11676E+03   0.60163E+00   0.99633E+00   0.27606E-02   0.85474E-03   0.99636E+00   0.27605E-02   0.85469E-03
   0.11347E+03   0.58448E+00   0.99601E+00   0.27591E-02   0.85347E-03   0.99605E+00   0.27590E-02   0.85342E-03
   0.11029E+03   0.56786E+00   0.99569E+00   0.27576E-02   0.85217E-03   0.99572E+00   0.27575E-02   0.85210E-03
   0.10721E+03   0.55179E+00   0.99535E+00   0.27560E-02   0.85082E-03   0.99539E+00   0.27559E-02   0.85074E-03
   0.10424E+03   0.53626E+00   0.99499E+00   0.27544E-02   0.84941E-03   0.99504E+00   0.27543E-02   0.84933E-03
   0.10136E+03   0.52126E+00   0.99462E+00   0.27527E-02   0.84795E-03   0.99467E+00   0.27525E-02   0.84786E-03
   0.98594E+02   0.50679E+00   0.99424E+00   0.27509E-02   0.84644E-03   0.99430E+00   0.27508E-02   0.84633E-03
   0.95923E+02   0.49284E+00   0.99385E+00   0.27491E-02   0.84490E-03   0.99391E+00   0.27490E-02   0.84477E-03
   0.93350E+02   0.47939E+00   0.99345E+00   0.27473E-02   0.84332E-03   0.99352E+00   0.27471E-02   0.84318E-03
   0.90870E+02   0.46643E+00   0.99305E+00   0.27454E-02   0.84172E-03   0.99312E+00   0.27452E-02   0.84157E-03
   0.88482E+02   0.45396E+00   0.99263E+00   0.27435E-02   0.84010E-03   0.99271E+00   0.27433E-02   0.83993E-03
   0.86184E+02   0.44195E+00   0.99221E+00   0.27416E-02   0.83844E-03   0.99230E+00   0.27414E-02   0.83825E-03
   0.83972E+02   0.43040E+00   0.99178E+00   0.27396E-02   0.83677E-03   0.99188E+00   0.27394E-02   0.83656E-03
   0.81844E+02   0.41928E+00   0.99135E+00   0.27377E-02   0.83509E-03   0.99145E+00   0.27374E-02   0.83485E-03
   0.79795E+02   0.40858E+00   0.99091E+00   0.27357E-02   0.83339E-03   0.99102E+00   0.27354E-02   0.83313E-03
   0.77824E+02   0.39828E+00   0.99047E+00   0.27337E-02   0.83170E-03   0.99060E+00   0.27334E-02   0.83141E-03
   0.75927E+02   0.38838E+00   0.99003E+00   0.27317E-02   0.83000E-03   0.99017E+00   0.27314E-02   0.82968E-03
   0.74101E+02   0.37885E+00   0.98959E+00   0.27297E-02   0.82829E-03   0.98973E+00   0.27294E-02   0.82795E-03
   0.72343E+02   0.36967E+00   0.98915E+00   0.27277E-02   0.82658E-03   0.98930E+00   0.27274E-02   0.82621E-03
   0.70651E+02   0.36084E+00   0.98870E+00   0.27257E-02   0.82486E-03   0.98886E+00   0.27253E-02   0.82446E-03
   0.69020E+02   0.35233E+00   0.98824E+00   0.27237E-02   0.82313E-03   0.98842E+00   0.27233E-02   0.82269E-03
   0.67449E+02   0.34413E+00   0.98778E+00   0.27216E-02   0.82137E-03   0.98797E+00   0.27212E-02   0.82089E-03
   0.65935E+02   0.33623E+00   0.98731E+00   0.27195E-02   0.81958E-03   0.98751E+00   0.27191E-02   0.81906E-03
   0.64475E+02   0.32860E+00   0.98684E+00   0.27174E-02   0.81778E-03   0.98705E+00   0.27169E-02   0.81722E-03
   0.63066E+02   0.32125E+00   0.98636E+00   0.27153E-02   0.81597E-03   0.98658E+00   0.27148E-02   0.81536E-03
   0.61705E+02   0.31414E+00   0.98588E+00   0.27131E-02   0.81414E-03   0.98611E+00   0.27126E-02   0.81348E-03
   0.60389E+02   0.30728E+00   0.98539E+00   0.27110E-02   0.81231E-03   0.98564E+00   0.27104E-02   0.81159E-03
   0.59118E+02   0.30064E+00   0.98489E+00   0.27088E-02   0.81046E-03   0.98516E+00   0.27082E-02   0.80969E-03
   0.57887E+02   0.29422E+00   0.98439E+00   0.27066E-02   0.80861E-03   0.98468E+00   0.27059E-02   0.80778E-03
   0.56694E+02   0.28799E+00   0.98389E+00   0.27044E-02   0.80676E-03   0.98419E+00   0.27037E-02   0.80586E-03
   0.55538E+02   0.28197E+00   0.98339E+00   0.27022E-02   0.80491E-03   0.98371E+00   0.27015E-02   0.80394E-03
   0.54416E+02   0.27612E+00   0.98289E+00   0.27000E-02   0.80305E-03   0.98322E+00   0.26993E-02   0.80201E-03
   0.53327E+02   0.27044E+00   0.98238E+00   0.26978E-02   0.80119E-03   0.98273E+00   0.26970E-02   0.80008E-03
   0.52269E+02   0.26492E+00   0.98187E+00   0.26956E-02   0.79932E-03   0.98224E+00   0.26947E-02   0.79814E-03
   0.51239E+02   0.25955E+00   0.98136E+00   0.26934E-02   0.79745E-03   0.98175E+00   0.26925E-02   0.79618E-03
   0.50236E+02   0.25433E+00   0.98084E+00   0.26911E-02   0.79555E-03   0.98124E+00   0.26902E-02   0.79420E-03
   0.49260E+02   0.24924E+00   0.98031E+00   0.26888E-02   0.79364E-03   0.98074E+00   0.26879E-02   0.79220E-03
   0.48307E+02   0.24428E+00   0.97978E+00   0.26865E-02   0.79172E-03   0.98022E+00   0.26855E-02   0.79018E-03
   0.47377E+02   0.23943E+00   0.97924E+00   0.26842E-02   0.78978E-03   0.97970E+00   0.26831E-02   0.78814E-03
   0.46468E+02   0.23470E+00   0.97869E+00   0.26819E-02   0.78782E-03   0.97918E+00   0.26807E-02   0.78607E-03
   0.45578E+02   0.23007E+00   0.97814E+00   0.26795E-02   0.78585E-03   0.97865E+00   0.26783E-02   0.78399E-03
   0.44708E+02   0.22554E+00   0.97758E+00   0.26771E-02   0.78386E-03   0.97811E+00   0.26759E-02   0.78188E-03
   0.43855E+02   0.22110E+00   0.97701E+00   0.26747E-02   0.78185E-03   0.97756E+00   0.26734E-02   0.77976E-03
   0.43019E+02   0.21675E+00   0.97644E+00   0.26723E-02   0.77983E-03   0.97701E+00   0.26709E-02   0.77760E-03
   0.42197E+02   0.21248E+00   0.97586E+00   0.26698E-02   0.77780E-03   0.97646E+00   0.26684E-02   0.77543E-03
   0.41391E+02   0.20829E+00   0.97526E+00   0.26673E-02   0.77573E-03   0.97589E+00   0.26658E-02   0.77322E-03
   0.40598E+02   0.20416E+00   0.97466E+00   0.26648E-02   0.77364E-03   0.97531E+00   0.26632E-02   0.77098E-03
   0.39817E+02   0.20011E+00   0.97405E+00   0.26622E-02   0.77152E-03   0.97473E+00   0.26605E-02   0.76870E-03
   0.39049E+02   0.19611E+00   0.97342E+00   0.26595E-02   0.76935E-03   0.97413E+00   0.26578E-02   0.76637E-03
   0.38292E+02   0.19218E+00   0.97278E+00   0.26568E-02   0.76715E-03   0.97351E+00   0.26551E-02   0.76398E-03
   0.37545E+02   0.18830E+00   0.97212E+00   0.26541E-02   0.76490E-03   0.97288E+00   0.26522E-02   0.76155E-03
   0.36808E+02   0.18448E+00   0.97145E+00   0.26513E-02   0.76260E-03   0.97224E+00   0.26493E-02   0.75906E-03
   0.36081E+02   0.18070E+00   0.97076E+00   0.26484E-02   0.76024E-03   0.97158E+00   0.26464E-02   0.75650E-03
   0.35362E+02   0.17696E+00   0.97004E+00   0.26454E-02   0.75783E-03   0.97089E+00   0.26433E-02   0.75387E-03
   0.34651E+02   0.17327E+00   0.96931E+00   0.26424E-02   0.75535E-03   0.97019E+00   0.26401E-02   0.75116E-03
   0.33948E+02   0.16962E+00   0.96855E+00   0.26392E-02   0.75280E-03   0.96946E+00   0.26369E-02   0.74838E-03
   0.33252E+02   0.16601E+00   0.96776E+00   0.26360E-02   0.75018E-03   0.96871E+00   0.26335E-02   0.74550E-03
   0.32562E+02   0.16243E+00   0.96695E+00   0.26326E-02   0.74749E-03   0.96794E+00   0.26301E-02   0.74252E-03
   0.31879E+02   0.15888E+00   0.96610E+00   0.26292E-02   0.74471E-03   0.96713E+00   0.26265E-02   0.73945E-03
   0.31202E+02   0.15536E+00   0.96523E+00   0.26256E-02   0.74184E-03   0.96630E+00   0.26228E-02   0.73626E-03
   0.30530E+02   0.15187E+00   0.96432E+00   0.26219E-02   0.73888E-03   0.96543E+00   0.26189E-02   0.73296E-03
   0.29864E+02   0.14841E+00   0.96337E+00   0.26180E-02   0.73581E-03   0.96453E+00   0.26149E-02   0.72953E-03
   0.29202E+02   0.14498E+00   0.96238E+00   0.26140E-02   0.73264E-03   0.96358E+00   0.26108E-02   0.72595E-03
   0.28545E+02   0.14156E+00   0.96135E+00   0.26099E-02   0.72934E-03   0.96260E+00   0.26064E-02   0.72222E-03
   0.27892E+02   0.13817E+00   0.96026E+00   0.26055E-02   0.72591E-03   0.96156E+00   0.26019E-02   0.71832E-03
   0.27243E+02   0.13480E+00   0.95912E+00   0.26009E-02   0.72234E-03   0.96047E+00   0.25971E-02   0.71423E-03
   0.26598E+02   0.13145E+00   0.95792E+00   0.25961E-02   0.71860E-03   0.95933E+00   0.25921E-02   0.70993E-03
   0.25957E+02   0.12811E+00   0.95666E+00   0.25911E-02   0.71469E-03   0.95812E+00   0.25868E-02   0.70541E-03
   0.25319E+02   0.12480E+00   0.95532E+00   0.25858E-02   0.71059E-03   0.95684E+00   0.25812E-02   0.70065E-03
   0.24684E+02   0.12150E+00   0.95391E+00   0.25802E-02   0.70629E-03   0.95549E+00   0.25754E-02   0.69562E-03
   0.24052E+02   0.11821E+00   0.95240E+00   0.25743E-02   0.70177E-03   0.95405E+00   0.25691E-02   0.69029E-03
   0.23424E+02   0.11493E+00   0.95081E+00   0.25680E-02   0.69701E-03   0.95252E+00   0.25625E-02   0.68465E-03
   0.22798E+02   0.11167E+00   0.94910E+00   0.25613E-02   0.69199E-03   0.95089E+00   0.25555E-02   0.67865E-03
   0.22174E+02   0.10842E+00   0.94728E+00   0.25543E-02   0.68668E-03   0.94914E+00   0.25480E-02   0.67226E-03
   0.21554E+02   0.10519E+00   0.94533E+00   0.25467E-02   0.68107E-03   0.94727E+00   0.25400E-02   0.66544E-03
   0.20935E+02   0.10196E+00   0.94324E+00   0.25387E-02   0.67513E-03   0.94526E+00   0.25314E-02   0.65814E-03
   0.20319E+02   0.98741E-01   0.94098E+00   0.25300E-02   0.66881E-03   0.94308E+00   0.25221E-02   0.65031E-03
   0.19706E+02   0.95532E-01   0.93853E+00   0.25208E-02   0.66209E-03   0.94072E+00   0.25122E-02   0.64187E-03
   0.19094E+02   0.92332E-01   0.93587E+00   0.25108E-02   0.65493E-03   0.93815E+00   0.25014E-02   0.63274E-03
   0.18485E+02   0.89139E-01   0.93298E+00   0.24999E-02   0.64728E-03   0.93535E+00   0.24896E-02   0.62284E-03
   0.17879E+02   0.85954E-01   0.92981E+00   0.24882E-02   0.63910E-03   0.93226E+00   0.24768E-02   0.61207E-03
   0.17274E+02   0.82776E-01   0.92632E+00   0.24754E-02   0.63033E-03   0.92886E+00   0.24627E-02   0.60029E-03
   0.16672E+02   0.79605E-01   0.92248E+00   0.24614E-02   0.62091E-03   0.92510E+00   0.24473E-02   0.58739E-03
   0.16072E+02   0.76439E-01   0.91822E+00   0.24460E-02   0.61078E-03   0.92090E+00   0.24302E-02   0.57320E-03
   0.15475E+02   0.73279E-01   0.91348E+00   0.24291E-02   0.59986E-03   0.91619E+00   0.24112E-02   0.55753E-03
   0.14880E+02   0.70125E-01   0.90817E+00   0.24104E-02   0.58807E-03   0.91089E+00   0.23899E-02   0.54014E-03
   0.14288E+02   0.66975E-01   0.90219E+00   0.23896E-02   0.57531E-03   0.90486E+00   0.23661E-02   0.52080E-03
   0.13700E+02   0.63830E-01   0.89542E+00   0.23664E-02   0.56147E-03   0.89797E+00   0.23391E-02   0.49920E-03
   0.13114E+02   0.60689E-01   0.88769E+00   0.23402E-02   0.54644E-03   0.89002E+00   0.23085E-02   0.47500E-03
   0.12532E+02   0.57552E-01   0.87883E+00   0.23107E-02   0.53011E-03   0.88079E+00   0.22734E-02   0.44785E-03
   0.11954E+02   0.54419E-01   0.86861E+00   0.22772E-02   0.51241E-03   0.86997E+00   0.22331E-02   0.41744E-03
   0.11380E+02   0.51290E-01   0.85676E+00   0.22390E-02   0.49324E-03   0.85721E+00   0.21865E-02   0.38352E-03
   0.10811E+02   0.48164E-01   0.84295E+00   0.21954E-02   0.47255E-03   0.84208E+00   0.21326E-02   0.34606E-03
   0.10246E+02   0.45041E-01   0.82679E+00   0.21453E-02   0.45037E-03   0.82400E+00   0.20700E-02   0.30525E-03
   0.96861E+01   0.41921E-01   0.80779E+00   0.20878E-02   0.42685E-03   0.80230E+00   0.19975E-02   0.26178E-03
   0.91305E+01   0.38803E-01   0.78540E+00   0.20215E-02   0.40228E-03   0.77624E+00   0.19138E-02   0.21698E-03
   0.85789E+01   0.35688E-01   0.75895E+00   0.19451E-02   0.37727E-03   0.74501E+00   0.18182E-02   0.17354E-03
   0.80291E+01   0.32575E-01   0.72777E+00   0.18577E-02   0.35296E-03   0.70805E+00   0.17114E-02   0.13699E-03
   0.74774E+01   0.29465E-01   0.69127E+00   0.17585E-02   0.33098E-03   0.66543E+00   0.15961E-02   0.11563E-03
   0.69165E+01   0.26356E-01   0.64915E+00   0.16479E-02   0.31373E-03   0.61806E+00   0.14775E-02   0.11451E-03
   0.63346E+01   0.23250E-01   0.60162E+00   0.15280E-02   0.30431E-03   0.56750E+00   0.13614E-02   0.13247E-03
   0.57137E+01   0.20145E-01   0.54982E+00   0.14032E-02   0.30626E-03   0.51578E+00   0.12536E-02   0.17011E-03
   0.50303E+01   0.17042E-01   0.49607E+00   0.12807E-02   0.32260E-03   0.46553E+00   0.11595E-02   0.22946E-03
   0.42602E+01   0.13940E-01   0.44408E+00   0.11704E-02   0.35478E-03   0.41979E+00   0.10834E-02   0.30471E-03
   0.33941E+01   0.10840E-01   0.39807E+00   0.10816E-02   0.40042E-03   0.38108E+00   0.10270E-02   0.38287E-03
   0.24502E+01   0.77416E-02   0.36114E+00   0.10191E-02   0.45361E-03   0.35033E+00   0.98805E-03   0.45312E-03
   0.14684E+01   0.46441E-02   0.33376E+00   0.98067E-03   0.50666E-03   0.32679E+00   0.96241E-03   0.51144E-03
   0.48571E+00   0.15479E-02   0.31343E+00   0.95759E-03   0.55440E-03   0.30848E+00   0.94536E-03   0.55961E-03
