   0.17785E+03   0.98805E+00   0.49388E-52
   0.17355E+03   0.96417E+00   0.12994E-50
   0.16926E+03   0.94036E+00   0.51332E-51
   0.16500E+03   0.91667E+00  -0.30578E-49
   0.16077E+03   0.89314E+00  -0.62388E-49
   0.15657E+03   0.86983E+00   0.71473E-48
   0.15242E+03   0.84677E+00   0.30186E-47
   0.14832E+03   0.82400E+00  -0.21556E-46
   0.14428E+03   0.80156E+00  -0.14461E-45
   0.14031E+03   0.77949E+00   0.55817E-45
   0.13641E+03   0.75782E+00   0.49386E-44
   0.13258E+03   0.73658E+00  -0.44594E-44
   0.12884E+03   0.71579E+00  -0.10037E-42
   0.12519E+03   0.69548E+00  -0.12322E-42
   0.12162E+03   0.67566E+00   0.11833E-41
   0.11815E+03   0.65636E+00   0.40789E-41
   0.11476E+03   0.63758E+00  -0.77745E-41
   0.11148E+03   0.61934E+00  -0.84982E-40
   0.10829E+03   0.60163E+00  -0.59118E-40
   0.10521E+03   0.58448E+00   0.12264E-38
   0.10221E+03   0.56786E+00   0.36426E-38
   0.99322E+02   0.55179E+00  -0.89592E-38
   0.96527E+02   0.53626E+00  -0.69588E-37
   0.93827E+02   0.52126E+00  -0.17228E-37
   0.91223E+02   0.50679E+00   0.78905E-36
   0.88711E+02   0.49284E+00   0.34904E-35
   0.86290E+02   0.47939E+00   0.18411E-35
   0.83958E+02   0.46643E+00  -0.53215E-34
   0.81713E+02   0.45396E+00  -0.16126E-33
   0.79552E+02   0.44195E+00   0.26520E-33
   0.77471E+02   0.43040E+00   0.21487E-32
   0.75470E+02   0.41928E+00   0.23045E-32
   0.73544E+02   0.40858E+00  -0.11143E-31
   0.71691E+02   0.39828E+00  -0.41133E-31
   0.69908E+02   0.38838E+00  -0.30926E-31
   0.68193E+02   0.37885E+00   0.14941E-30
   0.66541E+02   0.36967E+00   0.53225E-30
   0.64951E+02   0.36084E+00   0.67799E-30
   0.63419E+02   0.35233E+00  -0.51992E-30
   0.61943E+02   0.34413E+00  -0.41076E-29
   0.60521E+02   0.33623E+00  -0.89815E-29
   0.59148E+02   0.32860E+00  -0.93876E-29
   0.57824E+02   0.32125E+00   0.51280E-29
   0.56546E+02   0.31414E+00   0.43961E-28
   0.55310E+02   0.30728E+00   0.10340E-27
   0.54115E+02   0.30064E+00   0.15304E-27
   0.52959E+02   0.29422E+00   0.12818E-27
   0.51839E+02   0.28799E+00  -0.66355E-28
   0.50754E+02   0.28197E+00  -0.53652E-27
   0.49701E+02   0.27612E+00  -0.13423E-26
   0.48679E+02   0.27044E+00  -0.23568E-26
   0.47686E+02   0.26492E+00  -0.30288E-26
   0.46720E+02   0.25955E+00  -0.22347E-26
   0.45780E+02   0.25433E+00   0.12956E-26
   0.44863E+02   0.24924E+00   0.74755E-26
   0.43970E+02   0.24428E+00   0.12558E-25
   0.43098E+02   0.23943E+00   0.79359E-26
   0.42246E+02   0.23470E+00  -0.16461E-25
   0.41413E+02   0.23007E+00  -0.60946E-25
   0.40597E+02   0.22554E+00  -0.97333E-25
   0.39798E+02   0.22110E+00  -0.49411E-25
   0.39015E+02   0.21675E+00   0.21367E-24
   0.38246E+02   0.21248E+00   0.85319E-24
   0.37491E+02   0.20829E+00   0.19935E-23
   0.36749E+02   0.20416E+00   0.36281E-23
   0.36019E+02   0.20011E+00   0.55761E-23
   0.35301E+02   0.19611E+00   0.76290E-23
   0.34593E+02   0.19218E+00   0.10097E-22
   0.33894E+02   0.18830E+00   0.15197E-22
   0.33206E+02   0.18448E+00   0.30510E-22
   0.32525E+02   0.18070E+00   0.77223E-22
   0.31853E+02   0.17696E+00   0.20733E-21
   0.31189E+02   0.17327E+00   0.53735E-21
   0.30532E+02   0.16962E+00   0.13115E-20
   0.29881E+02   0.16601E+00   0.30341E-20
   0.29237E+02   0.16243E+00   0.67201E-20
   0.28598E+02   0.15888E+00   0.14334E-19
   0.27965E+02   0.15536E+00   0.29506E-19
   0.27337E+02   0.15187E+00   0.59056E-19
   0.26714E+02   0.14841E+00   0.11579E-18
   0.26096E+02   0.14498E+00   0.22287E-18
   0.25481E+02   0.14156E+00   0.42171E-18
   0.24871E+02   0.13817E+00   0.78590E-18
   0.24264E+02   0.13480E+00   0.14458E-17
   0.23661E+02   0.13145E+00   0.26326E-17
   0.23061E+02   0.12811E+00   0.47592E-17
   0.22464E+02   0.12480E+00   0.85665E-17
   0.21869E+02   0.12150E+00   0.15396E-16
   0.21277E+02   0.11821E+00   0.27694E-16
   0.20688E+02   0.11493E+00   0.49965E-16
   0.20101E+02   0.11167E+00   0.90572E-16
   0.19516E+02   0.10842E+00   0.16517E-15
   0.18934E+02   0.10519E+00   0.30335E-15
   0.18353E+02   0.10196E+00   0.56161E-15
   0.17773E+02   0.98741E-01   0.10490E-14
   0.17196E+02   0.95532E-01   0.19785E-14
   0.16620E+02   0.92332E-01   0.37715E-14
   0.16045E+02   0.89139E-01   0.72754E-14
   0.15472E+02   0.85954E-01   0.14219E-13
   0.14900E+02   0.82776E-01   0.28196E-13
   0.14329E+02   0.79605E-01   0.56808E-13
   0.13759E+02   0.76439E-01   0.11644E-12
   0.13190E+02   0.73279E-01   0.24306E-12
   0.12622E+02   0.70125E-01   0.51694E-12
   0.12055E+02   0.66975E-01   0.11207E-11
   0.11489E+02   0.63830E-01   0.24771E-11
   0.10924E+02   0.60689E-01   0.55793E-11
   0.10359E+02   0.57552E-01   0.12791E-10
   0.97955E+01   0.54419E-01   0.29788E-10
   0.92322E+01   0.51290E-01   0.70264E-10
   0.86695E+01   0.48164E-01   0.16727E-09
   0.81073E+01   0.45041E-01   0.40024E-09
   0.75457E+01   0.41921E-01   0.95802E-09
   0.69846E+01   0.38803E-01   0.22823E-08
   0.64239E+01   0.35688E-01   0.53807E-08
   0.58636E+01   0.32575E-01   0.12475E-07
   0.53037E+01   0.29465E-01   0.28241E-07
   0.47442E+01   0.26356E-01   0.61902E-07
   0.41850E+01   0.23250E-01   0.13007E-06
   0.36261E+01   0.20145E-01   0.25878E-06
   0.30676E+01   0.17042E-01   0.47973E-06
   0.25093E+01   0.13940E-01   0.81066E-06
   0.19513E+01   0.10840E-01   0.12087E-05
   0.13935E+01   0.77416E-02   0.15047E-05
   0.83595E+00   0.46441E-02   0.13897E-05
   0.27861E+00   0.15479E-02   0.60168E-06
