   0.15330E+02   0.61039E+03
   0.15347E+02   0.61043E+03
   0.15365E+02   0.61042E+03
   0.15382E+02   0.61039E+03
   0.15399E+02   0.61036E+03
   0.15417E+02   0.61031E+03
   0.15434E+02   0.61027E+03
   0.15451E+02   0.61030E+03
   0.15469E+02   0.61038E+03
   0.15486E+02   0.61041E+03
   0.15503E+02   0.61037E+03
   0.15521E+02   0.61029E+03
   0.15538E+02   0.61024E+03
   0.15556E+02   0.61026E+03
   0.15573E+02   0.61030E+03
   0.15590E+02   0.61034E+03
   0.15608E+02   0.61034E+03
   0.15625E+02   0.61031E+03
