   0.96417E+00   0.70021E+03   0.11006E+01
   0.94036E+00   0.70022E+03   0.11006E+01
   0.91667E+00   0.70024E+03   0.11006E+01
   0.89314E+00   0.70028E+03   0.11007E+01
   0.86983E+00   0.70032E+03   0.11007E+01
   0.84677E+00   0.70037E+03   0.11008E+01
   0.82400E+00   0.70042E+03   0.11009E+01
   0.80156E+00   0.70048E+03   0.11010E+01
   0.77949E+00   0.70055E+03   0.11011E+01
   0.75782E+00   0.70063E+03   0.11012E+01
   0.73658E+00   0.70071E+03   0.11013E+01
   0.71579E+00   0.70080E+03   0.11015E+01
   0.69548E+00   0.70089E+03   0.11016E+01
   0.67566E+00   0.70100E+03   0.11018E+01
   0.65636E+00   0.70113E+03   0.11020E+01
   0.63758E+00   0.70126E+03   0.11022E+01
   0.61934E+00   0.70140E+03   0.11024E+01
   0.60163E+00   0.70155E+03   0.11027E+01
   0.58448E+00   0.70170E+03   0.11029E+01
   0.56786E+00   0.70185E+03   0.11031E+01
   0.55179E+00   0.70201E+03   0.11034E+01
   0.53626E+00   0.70218E+03   0.11037E+01
   0.52126E+00   0.70235E+03   0.11039E+01
   0.50679E+00   0.70253E+03   0.11042E+01
   0.49284E+00   0.70272E+03   0.11045E+01
   0.47939E+00   0.70290E+03   0.11048E+01
   0.46643E+00   0.70309E+03   0.11051E+01
   0.45396E+00   0.70329E+03   0.11054E+01
   0.44195E+00   0.70348E+03   0.11057E+01
   0.43040E+00   0.70368E+03   0.11060E+01
   0.41928E+00   0.70388E+03   0.11063E+01
   0.40858E+00   0.70407E+03   0.11066E+01
   0.39828E+00   0.70427E+03   0.11069E+01
   0.38838E+00   0.70447E+03   0.11073E+01
   0.37885E+00   0.70467E+03   0.11076E+01
   0.36967E+00   0.70487E+03   0.11079E+01
   0.36084E+00   0.70507E+03   0.11082E+01
   0.35233E+00   0.70528E+03   0.11085E+01
   0.34413E+00   0.70548E+03   0.11088E+01
   0.33623E+00   0.70569E+03   0.11092E+01
   0.32860E+00   0.70590E+03   0.11095E+01
   0.32125E+00   0.70611E+03   0.11098E+01
   0.31414E+00   0.70632E+03   0.11102E+01
   0.30728E+00   0.70653E+03   0.11105E+01
   0.30064E+00   0.70675E+03   0.11108E+01
   0.29422E+00   0.70696E+03   0.11112E+01
   0.28799E+00   0.70718E+03   0.11115E+01
   0.28197E+00   0.70739E+03   0.11118E+01
   0.27612E+00   0.70760E+03   0.11122E+01
   0.27044E+00   0.70782E+03   0.11125E+01
   0.26492E+00   0.70803E+03   0.11128E+01
   0.25955E+00   0.70825E+03   0.11132E+01
   0.25433E+00   0.70846E+03   0.11135E+01
   0.24924E+00   0.70868E+03   0.11139E+01
   0.24428E+00   0.70890E+03   0.11142E+01
   0.23943E+00   0.70912E+03   0.11146E+01
   0.23470E+00   0.70935E+03   0.11149E+01
   0.23007E+00   0.70957E+03   0.11153E+01
   0.22554E+00   0.70980E+03   0.11156E+01
   0.22110E+00   0.71003E+03   0.11160E+01
   0.21675E+00   0.71026E+03   0.11164E+01
   0.21248E+00   0.71049E+03   0.11167E+01
   0.20829E+00   0.71073E+03   0.11171E+01
   0.20416E+00   0.71096E+03   0.11175E+01
   0.20011E+00   0.71121E+03   0.11178E+01
   0.19611E+00   0.71145E+03   0.11182E+01
   0.19218E+00   0.71170E+03   0.11186E+01
   0.18830E+00   0.71196E+03   0.11190E+01
   0.18448E+00   0.71222E+03   0.11194E+01
   0.18070E+00   0.71249E+03   0.11199E+01
   0.17696E+00   0.71276E+03   0.11203E+01
   0.17327E+00   0.71305E+03   0.11207E+01
   0.16962E+00   0.71334E+03   0.11212E+01
   0.16601E+00   0.71363E+03   0.11217E+01
   0.16243E+00   0.71394E+03   0.11221E+01
   0.15888E+00   0.71426E+03   0.11226E+01
   0.15536E+00   0.71458E+03   0.11231E+01
   0.15187E+00   0.71492E+03   0.11237E+01
   0.14841E+00   0.71527E+03   0.11242E+01
   0.14498E+00   0.71563E+03   0.11248E+01
   0.14156E+00   0.71600E+03   0.11254E+01
   0.13817E+00   0.71639E+03   0.11260E+01
   0.13480E+00   0.71680E+03   0.11266E+01
   0.13145E+00   0.71723E+03   0.11273E+01
   0.12811E+00   0.71767E+03   0.11280E+01
   0.12480E+00   0.71814E+03   0.11287E+01
   0.12150E+00   0.71863E+03   0.11295E+01
   0.11821E+00   0.71915E+03   0.11303E+01
   0.11493E+00   0.71969E+03   0.11312E+01
   0.11167E+00   0.72027E+03   0.11321E+01
   0.10842E+00   0.72088E+03   0.11330E+01
   0.10519E+00   0.72152E+03   0.11341E+01
   0.10196E+00   0.72221E+03   0.11351E+01
   0.98741E-01   0.72294E+03   0.11363E+01
   0.95532E-01   0.72371E+03   0.11375E+01
   0.92332E-01   0.72454E+03   0.11388E+01
   0.89139E-01   0.72543E+03   0.11402E+01
   0.85954E-01   0.72638E+03   0.11417E+01
   0.82776E-01   0.72740E+03   0.11433E+01
   0.79605E-01   0.72850E+03   0.11450E+01
   0.76439E-01   0.72969E+03   0.11469E+01
   0.73279E-01   0.73097E+03   0.11489E+01
   0.70125E-01   0.73236E+03   0.11511E+01
   0.66975E-01   0.73387E+03   0.11535E+01
   0.63830E-01   0.73552E+03   0.11561E+01
   0.60689E-01   0.73732E+03   0.11589E+01
   0.57552E-01   0.73929E+03   0.11620E+01
   0.54419E-01   0.74144E+03   0.11654E+01
   0.51290E-01   0.74379E+03   0.11690E+01
   0.48164E-01   0.74634E+03   0.11731E+01
   0.45041E-01   0.74911E+03   0.11774E+01
   0.41921E-01   0.75208E+03   0.11821E+01
   0.38803E-01   0.75522E+03   0.11870E+01
   0.35688E-01   0.75842E+03   0.11921E+01
   0.32575E-01   0.76151E+03   0.11969E+01
   0.29465E-01   0.76413E+03   0.12010E+01
   0.26356E-01   0.76572E+03   0.12035E+01
   0.23250E-01   0.76535E+03   0.12029E+01
   0.20145E-01   0.76165E+03   0.11971E+01
   0.17042E-01   0.75291E+03   0.11834E+01
   0.13940E-01   0.73753E+03   0.11592E+01
   0.10840E-01   0.71542E+03   0.11245E+01
   0.77416E-02   0.68881E+03   0.10826E+01
   0.46441E-02   0.66154E+03   0.10398E+01
   0.15479E-02   0.63623E+03   0.10000E+01
