   0.29705E+02   0.62477E+03
   0.29722E+02   0.62469E+03
   0.29740E+02   0.62463E+03
   0.29757E+02   0.62464E+03
   0.29774E+02   0.62465E+03
   0.29792E+02   0.62468E+03
   0.29809E+02   0.62466E+03
   0.29826E+02   0.62469E+03
   0.29844E+02   0.62464E+03
   0.29861E+02   0.62451E+03
   0.29878E+02   0.62443E+03
   0.29896E+02   0.62420E+03
   0.29913E+02   0.62437E+03
   0.29931E+02   0.62404E+03
   0.29948E+02   0.62419E+03
   0.29965E+02   0.62384E+03
   0.29983E+02   0.62310E+03
   0.30000E+02   0.62358E+03
