   0.90799E+01   0.61854E+03
   0.90972E+01   0.61848E+03
   0.91146E+01   0.61843E+03
   0.91319E+01   0.61840E+03
   0.91493E+01   0.61838E+03
   0.91667E+01   0.61835E+03
   0.91840E+01   0.61827E+03
   0.92014E+01   0.61818E+03
   0.92188E+01   0.61811E+03
   0.92361E+01   0.61808E+03
   0.92535E+01   0.61805E+03
   0.92708E+01   0.61803E+03
   0.92882E+01   0.61800E+03
   0.93056E+01   0.61796E+03
   0.93229E+01   0.61788E+03
   0.93403E+01   0.61779E+03
   0.93576E+01   0.61774E+03
   0.93750E+01   0.61771E+03
