   0.29392E+02   0.62467E+03
   0.29410E+02   0.62473E+03
   0.29427E+02   0.62482E+03
   0.29444E+02   0.62491E+03
   0.29462E+02   0.62491E+03
   0.29479E+02   0.62479E+03
   0.29497E+02   0.62467E+03
   0.29514E+02   0.62465E+03
   0.29531E+02   0.62473E+03
   0.29549E+02   0.62478E+03
   0.29566E+02   0.62479E+03
   0.29583E+02   0.62479E+03
   0.29601E+02   0.62480E+03
   0.29618E+02   0.62479E+03
   0.29635E+02   0.62478E+03
   0.29653E+02   0.62479E+03
   0.29670E+02   0.62480E+03
   0.29688E+02   0.62481E+03
