   0.26892E+02   0.62193E+03
   0.26910E+02   0.62194E+03
   0.26927E+02   0.62193E+03
   0.26944E+02   0.62201E+03
   0.26962E+02   0.62211E+03
   0.26979E+02   0.62214E+03
   0.26997E+02   0.62211E+03
   0.27014E+02   0.62213E+03
   0.27031E+02   0.62215E+03
   0.27049E+02   0.62212E+03
   0.27066E+02   0.62210E+03
   0.27083E+02   0.62210E+03
   0.27101E+02   0.62214E+03
   0.27118E+02   0.62220E+03
   0.27135E+02   0.62228E+03
   0.27153E+02   0.62237E+03
   0.27170E+02   0.62242E+03
   0.27188E+02   0.62240E+03
