   0.18767E+02   0.61156E+03
   0.18785E+02   0.61156E+03
   0.18802E+02   0.61150E+03
   0.18819E+02   0.61143E+03
   0.18837E+02   0.61141E+03
   0.18854E+02   0.61142E+03
   0.18872E+02   0.61145E+03
   0.18889E+02   0.61152E+03
   0.18906E+02   0.61161E+03
   0.18924E+02   0.61170E+03
   0.18941E+02   0.61172E+03
   0.18958E+02   0.61167E+03
   0.18976E+02   0.61159E+03
   0.18993E+02   0.61154E+03
   0.19010E+02   0.61154E+03
   0.19028E+02   0.61158E+03
   0.19045E+02   0.61165E+03
   0.19062E+02   0.61176E+03
