   0.20017E+02   0.61299E+03
   0.20035E+02   0.61302E+03
   0.20052E+02   0.61297E+03
   0.20069E+02   0.61288E+03
   0.20087E+02   0.61281E+03
   0.20104E+02   0.61282E+03
   0.20122E+02   0.61289E+03
   0.20139E+02   0.61297E+03
   0.20156E+02   0.61306E+03
   0.20174E+02   0.61315E+03
   0.20191E+02   0.61318E+03
   0.20208E+02   0.61314E+03
   0.20226E+02   0.61308E+03
   0.20243E+02   0.61304E+03
   0.20260E+02   0.61303E+03
   0.20278E+02   0.61305E+03
   0.20295E+02   0.61313E+03
   0.20312E+02   0.61322E+03
