   0.25330E+02   0.62044E+03
   0.25347E+02   0.62053E+03
   0.25365E+02   0.62059E+03
   0.25382E+02   0.62063E+03
   0.25399E+02   0.62062E+03
   0.25417E+02   0.62058E+03
   0.25434E+02   0.62056E+03
   0.25451E+02   0.62055E+03
   0.25469E+02   0.62056E+03
   0.25486E+02   0.62059E+03
   0.25503E+02   0.62064E+03
   0.25521E+02   0.62069E+03
   0.25538E+02   0.62070E+03
   0.25556E+02   0.62065E+03
   0.25573E+02   0.62061E+03
   0.25590E+02   0.62064E+03
   0.25608E+02   0.62071E+03
   0.25625E+02   0.62076E+03
