   0.10955E+02   0.61429E+03
   0.10972E+02   0.61425E+03
   0.10990E+02   0.61421E+03
   0.11007E+02   0.61416E+03
   0.11024E+02   0.61411E+03
   0.11042E+02   0.61410E+03
   0.11059E+02   0.61410E+03
   0.11076E+02   0.61408E+03
   0.11094E+02   0.61405E+03
   0.11111E+02   0.61403E+03
   0.11128E+02   0.61401E+03
   0.11146E+02   0.61397E+03
   0.11163E+02   0.61393E+03
   0.11181E+02   0.61389E+03
   0.11198E+02   0.61386E+03
   0.11215E+02   0.61384E+03
   0.11233E+02   0.61384E+03
   0.11250E+02   0.61382E+03
