   0.10017E+02   0.61607E+03
   0.10035E+02   0.61603E+03
   0.10052E+02   0.61604E+03
   0.10069E+02   0.61604E+03
   0.10087E+02   0.61603E+03
   0.10104E+02   0.61597E+03
   0.10122E+02   0.61586E+03
   0.10139E+02   0.61578E+03
   0.10156E+02   0.61575E+03
   0.10174E+02   0.61574E+03
   0.10191E+02   0.61574E+03
   0.10208E+02   0.61574E+03
   0.10226E+02   0.61571E+03
   0.10243E+02   0.61564E+03
   0.10260E+02   0.61555E+03
   0.10278E+02   0.61549E+03
   0.10295E+02   0.61545E+03
   0.10312E+02   0.61544E+03
