   0.22517E+02   0.61651E+03
   0.22535E+02   0.61662E+03
   0.22552E+02   0.61670E+03
   0.22569E+02   0.61670E+03
   0.22587E+02   0.61663E+03
   0.22604E+02   0.61651E+03
   0.22622E+02   0.61646E+03
   0.22639E+02   0.61655E+03
   0.22656E+02   0.61669E+03
   0.22674E+02   0.61681E+03
   0.22691E+02   0.61689E+03
   0.22708E+02   0.61693E+03
   0.22726E+02   0.61690E+03
   0.22743E+02   0.61681E+03
   0.22760E+02   0.61671E+03
   0.22778E+02   0.61673E+03
   0.22795E+02   0.61683E+03
   0.22812E+02   0.61693E+03
