   0.59549E+01   0.62935E+03
   0.59722E+01   0.62927E+03
   0.59896E+01   0.62919E+03
   0.60069E+01   0.62911E+03
   0.60243E+01   0.62903E+03
   0.60417E+01   0.62897E+03
   0.60590E+01   0.62892E+03
   0.60764E+01   0.62888E+03
   0.60938E+01   0.62882E+03
   0.61111E+01   0.62874E+03
   0.61285E+01   0.62865E+03
   0.61458E+01   0.62856E+03
   0.61632E+01   0.62848E+03
   0.61806E+01   0.62842E+03
   0.61979E+01   0.62837E+03
   0.62153E+01   0.62834E+03
   0.62326E+01   0.62828E+03
   0.62500E+01   0.62820E+03
