   0.96417E+00   0.80664E+03   0.12891E+01
   0.94036E+00   0.80671E+03   0.12893E+01
   0.91667E+00   0.80681E+03   0.12894E+01
   0.89314E+00   0.80694E+03   0.12896E+01
   0.86983E+00   0.80709E+03   0.12899E+01
   0.84677E+00   0.80726E+03   0.12901E+01
   0.82400E+00   0.80747E+03   0.12905E+01
   0.80156E+00   0.80769E+03   0.12908E+01
   0.77949E+00   0.80794E+03   0.12912E+01
   0.75782E+00   0.80820E+03   0.12916E+01
   0.73658E+00   0.80850E+03   0.12921E+01
   0.71579E+00   0.80883E+03   0.12926E+01
   0.69548E+00   0.80918E+03   0.12932E+01
   0.67566E+00   0.80955E+03   0.12938E+01
   0.65636E+00   0.80994E+03   0.12944E+01
   0.63758E+00   0.81035E+03   0.12951E+01
   0.61934E+00   0.81077E+03   0.12958E+01
   0.60163E+00   0.81121E+03   0.12965E+01
   0.58448E+00   0.81166E+03   0.12972E+01
   0.56786E+00   0.81210E+03   0.12979E+01
   0.55179E+00   0.81254E+03   0.12986E+01
   0.53626E+00   0.81297E+03   0.12993E+01
   0.52126E+00   0.81341E+03   0.13000E+01
   0.50679E+00   0.81387E+03   0.13007E+01
   0.49284E+00   0.81433E+03   0.13014E+01
   0.47939E+00   0.81481E+03   0.13022E+01
   0.46643E+00   0.81530E+03   0.13030E+01
   0.45396E+00   0.81580E+03   0.13038E+01
   0.44195E+00   0.81630E+03   0.13046E+01
   0.43040E+00   0.81681E+03   0.13054E+01
   0.41928E+00   0.81731E+03   0.13062E+01
   0.40858E+00   0.81782E+03   0.13070E+01
   0.39828E+00   0.81833E+03   0.13078E+01
   0.38838E+00   0.81883E+03   0.13086E+01
   0.37885E+00   0.81933E+03   0.13094E+01
   0.36967E+00   0.81983E+03   0.13102E+01
   0.36084E+00   0.82033E+03   0.13110E+01
   0.35233E+00   0.82083E+03   0.13118E+01
   0.34413E+00   0.82133E+03   0.13126E+01
   0.33623E+00   0.82183E+03   0.13134E+01
   0.32860E+00   0.82233E+03   0.13142E+01
   0.32125E+00   0.82283E+03   0.13150E+01
   0.31414E+00   0.82333E+03   0.13158E+01
   0.30728E+00   0.82382E+03   0.13166E+01
   0.30064E+00   0.82432E+03   0.13174E+01
   0.29422E+00   0.82482E+03   0.13182E+01
   0.28799E+00   0.82532E+03   0.13190E+01
   0.28197E+00   0.82582E+03   0.13198E+01
   0.27612E+00   0.82633E+03   0.13206E+01
   0.27044E+00   0.82684E+03   0.13214E+01
   0.26492E+00   0.82735E+03   0.13222E+01
   0.25955E+00   0.82787E+03   0.13231E+01
   0.25433E+00   0.82840E+03   0.13239E+01
   0.24924E+00   0.82892E+03   0.13248E+01
   0.24428E+00   0.82946E+03   0.13256E+01
   0.23943E+00   0.83000E+03   0.13265E+01
   0.23470E+00   0.83054E+03   0.13273E+01
   0.23007E+00   0.83110E+03   0.13282E+01
   0.22554E+00   0.83166E+03   0.13291E+01
   0.22110E+00   0.83223E+03   0.13300E+01
   0.21675E+00   0.83281E+03   0.13310E+01
   0.21248E+00   0.83341E+03   0.13319E+01
   0.20829E+00   0.83401E+03   0.13329E+01
   0.20416E+00   0.83462E+03   0.13339E+01
   0.20011E+00   0.83524E+03   0.13349E+01
   0.19611E+00   0.83587E+03   0.13359E+01
   0.19218E+00   0.83651E+03   0.13369E+01
   0.18830E+00   0.83717E+03   0.13379E+01
   0.18448E+00   0.83784E+03   0.13390E+01
   0.18070E+00   0.83852E+03   0.13401E+01
   0.17696E+00   0.83921E+03   0.13412E+01
   0.17327E+00   0.83993E+03   0.13423E+01
   0.16962E+00   0.84066E+03   0.13435E+01
   0.16601E+00   0.84141E+03   0.13447E+01
   0.16243E+00   0.84218E+03   0.13459E+01
   0.15888E+00   0.84297E+03   0.13472E+01
   0.15536E+00   0.84378E+03   0.13485E+01
   0.15187E+00   0.84461E+03   0.13498E+01
   0.14841E+00   0.84547E+03   0.13512E+01
   0.14498E+00   0.84635E+03   0.13526E+01
   0.14156E+00   0.84726E+03   0.13541E+01
   0.13817E+00   0.84820E+03   0.13556E+01
   0.13480E+00   0.84916E+03   0.13571E+01
   0.13145E+00   0.85016E+03   0.13587E+01
   0.12811E+00   0.85119E+03   0.13603E+01
   0.12480E+00   0.85225E+03   0.13620E+01
   0.12150E+00   0.85336E+03   0.13638E+01
   0.11821E+00   0.85450E+03   0.13656E+01
   0.11493E+00   0.85568E+03   0.13675E+01
   0.11167E+00   0.85690E+03   0.13695E+01
   0.10842E+00   0.85817E+03   0.13715E+01
   0.10519E+00   0.85949E+03   0.13736E+01
   0.10196E+00   0.86086E+03   0.13758E+01
   0.98741E-01   0.86228E+03   0.13781E+01
   0.95532E-01   0.86376E+03   0.13804E+01
   0.92332E-01   0.86529E+03   0.13829E+01
   0.89139E-01   0.86687E+03   0.13854E+01
   0.85954E-01   0.86851E+03   0.13880E+01
   0.82776E-01   0.87020E+03   0.13907E+01
   0.79605E-01   0.87194E+03   0.13935E+01
   0.76439E-01   0.87373E+03   0.13964E+01
   0.73279E-01   0.87555E+03   0.13993E+01
   0.70125E-01   0.87739E+03   0.14022E+01
   0.66975E-01   0.87922E+03   0.14051E+01
   0.63830E-01   0.88100E+03   0.14080E+01
   0.60689E-01   0.88265E+03   0.14106E+01
   0.57552E-01   0.88407E+03   0.14129E+01
   0.54419E-01   0.88513E+03   0.14146E+01
   0.51290E-01   0.88562E+03   0.14154E+01
   0.48164E-01   0.88531E+03   0.14149E+01
   0.45041E-01   0.88387E+03   0.14126E+01
   0.41921E-01   0.88087E+03   0.14078E+01
   0.38803E-01   0.87575E+03   0.13996E+01
   0.35688E-01   0.86788E+03   0.13870E+01
   0.32575E-01   0.85653E+03   0.13689E+01
   0.29465E-01   0.84112E+03   0.13442E+01
   0.26356E-01   0.82145E+03   0.13128E+01
   0.23250E-01   0.79798E+03   0.12753E+01
   0.20145E-01   0.77187E+03   0.12336E+01
   0.17042E-01   0.74469E+03   0.11901E+01
   0.13940E-01   0.71787E+03   0.11473E+01
   0.10840E-01   0.69231E+03   0.11064E+01
   0.77416E-02   0.66842E+03   0.10682E+01
   0.46441E-02   0.64627E+03   0.10328E+01
   0.15479E-02   0.62572E+03   0.10000E+01
