   0.23455E+02   0.61790E+03
   0.23472E+02   0.61791E+03
   0.23490E+02   0.61789E+03
   0.23507E+02   0.61789E+03
   0.23524E+02   0.61792E+03
   0.23542E+02   0.61797E+03
   0.23559E+02   0.61805E+03
   0.23576E+02   0.61808E+03
   0.23594E+02   0.61807E+03
   0.23611E+02   0.61807E+03
   0.23628E+02   0.61810E+03
   0.23646E+02   0.61814E+03
   0.23663E+02   0.61818E+03
   0.23681E+02   0.61823E+03
   0.23698E+02   0.61828E+03
   0.23715E+02   0.61832E+03
   0.23733E+02   0.61835E+03
   0.23750E+02   0.61837E+03
