   0.15799E+01   0.61430E+03
   0.15972E+01   0.61474E+03
   0.16146E+01   0.61518E+03
   0.16319E+01   0.61560E+03
   0.16493E+01   0.61600E+03
   0.16667E+01   0.61638E+03
   0.16840E+01   0.61675E+03
   0.17014E+01   0.61712E+03
   0.17188E+01   0.61751E+03
   0.17361E+01   0.61790E+03
   0.17535E+01   0.61829E+03
   0.17708E+01   0.61866E+03
   0.17882E+01   0.61902E+03
   0.18056E+01   0.61937E+03
   0.18229E+01   0.61971E+03
   0.18403E+01   0.62007E+03
   0.18576E+01   0.62043E+03
   0.18750E+01   0.62080E+03
