   0.56424E+01   0.63045E+03
   0.56597E+01   0.63039E+03
   0.56771E+01   0.63033E+03
   0.56944E+01   0.63027E+03
   0.57118E+01   0.63020E+03
   0.57292E+01   0.63014E+03
   0.57465E+01   0.63009E+03
   0.57639E+01   0.63003E+03
   0.57812E+01   0.62996E+03
   0.57986E+01   0.62991E+03
   0.58160E+01   0.62985E+03
   0.58333E+01   0.62979E+03
   0.58507E+01   0.62972E+03
   0.58681E+01   0.62964E+03
   0.58854E+01   0.62956E+03
   0.59028E+01   0.62951E+03
   0.59201E+01   0.62946E+03
   0.59375E+01   0.62941E+03
