   0.78299E+01   0.62233E+03
   0.78472E+01   0.62228E+03
   0.78646E+01   0.62221E+03
   0.78819E+01   0.62213E+03
   0.78993E+01   0.62204E+03
   0.79167E+01   0.62197E+03
   0.79340E+01   0.62195E+03
   0.79514E+01   0.62194E+03
   0.79688E+01   0.62191E+03
   0.79861E+01   0.62184E+03
   0.80035E+01   0.62173E+03
   0.80208E+01   0.62163E+03
   0.80382E+01   0.62156E+03
   0.80556E+01   0.62153E+03
   0.80729E+01   0.62152E+03
   0.80903E+01   0.62150E+03
   0.81076E+01   0.62146E+03
   0.81250E+01   0.62138E+03
