   0.20955E+02   0.61393E+03
   0.20972E+02   0.61395E+03
   0.20990E+02   0.61399E+03
   0.21007E+02   0.61405E+03
   0.21024E+02   0.61411E+03
   0.21042E+02   0.61413E+03
   0.21059E+02   0.61413E+03
   0.21076E+02   0.61415E+03
   0.21094E+02   0.61419E+03
   0.21111E+02   0.61426E+03
   0.21128E+02   0.61430E+03
   0.21146E+02   0.61431E+03
   0.21163E+02   0.61431E+03
   0.21181E+02   0.61431E+03
   0.21198E+02   0.61432E+03
   0.21215E+02   0.61438E+03
   0.21233E+02   0.61444E+03
   0.21250E+02   0.61444E+03
