   0.25955E+02   0.62089E+03
   0.25972E+02   0.62097E+03
   0.25990E+02   0.62105E+03
   0.26007E+02   0.62106E+03
   0.26024E+02   0.62106E+03
   0.26042E+02   0.62106E+03
   0.26059E+02   0.62103E+03
   0.26076E+02   0.62100E+03
   0.26094E+02   0.62099E+03
   0.26111E+02   0.62104E+03
   0.26128E+02   0.62113E+03
   0.26146E+02   0.62121E+03
   0.26163E+02   0.62122E+03
   0.26181E+02   0.62118E+03
   0.26198E+02   0.62115E+03
   0.26215E+02   0.62116E+03
   0.26233E+02   0.62120E+03
   0.26250E+02   0.62126E+03
