   0.16580E+02   0.61019E+03
   0.16597E+02   0.61015E+03
   0.16615E+02   0.61017E+03
   0.16632E+02   0.61023E+03
   0.16649E+02   0.61027E+03
   0.16667E+02   0.61028E+03
   0.16684E+02   0.61028E+03
   0.16701E+02   0.61025E+03
   0.16719E+02   0.61020E+03
   0.16736E+02   0.61018E+03
   0.16753E+02   0.61022E+03
   0.16771E+02   0.61027E+03
   0.16788E+02   0.61026E+03
   0.16806E+02   0.61024E+03
   0.16823E+02   0.61027E+03
   0.16840E+02   0.61032E+03
   0.16858E+02   0.61032E+03
   0.16875E+02   0.61027E+03
