   0.21267E+02   0.61440E+03
   0.21285E+02   0.61442E+03
   0.21302E+02   0.61451E+03
   0.21319E+02   0.61461E+03
   0.21337E+02   0.61465E+03
   0.21354E+02   0.61466E+03
   0.21372E+02   0.61465E+03
   0.21389E+02   0.61464E+03
   0.21406E+02   0.61459E+03
   0.21424E+02   0.61456E+03
   0.21441E+02   0.61459E+03
   0.21458E+02   0.61470E+03
   0.21476E+02   0.61485E+03
   0.21493E+02   0.61496E+03
   0.21510E+02   0.61498E+03
   0.21528E+02   0.61494E+03
   0.21545E+02   0.61491E+03
   0.21562E+02   0.61488E+03
