   0.34549E+01   0.63543E+03
   0.34722E+01   0.63545E+03
   0.34896E+01   0.63550E+03
   0.35069E+01   0.63557E+03
   0.35243E+01   0.63562E+03
   0.35417E+01   0.63564E+03
   0.35590E+01   0.63561E+03
   0.35764E+01   0.63557E+03
   0.35938E+01   0.63555E+03
   0.36111E+01   0.63558E+03
   0.36285E+01   0.63563E+03
   0.36458E+01   0.63568E+03
   0.36632E+01   0.63568E+03
   0.36806E+01   0.63566E+03
   0.36979E+01   0.63563E+03
   0.37153E+01   0.63561E+03
   0.37326E+01   0.63561E+03
   0.37500E+01   0.63561E+03
