   0.26580E+02   0.62161E+03
   0.26597E+02   0.62167E+03
   0.26615E+02   0.62172E+03
   0.26632E+02   0.62171E+03
   0.26649E+02   0.62168E+03
   0.26667E+02   0.62166E+03
   0.26684E+02   0.62168E+03
   0.26701E+02   0.62169E+03
   0.26719E+02   0.62166E+03
   0.26736E+02   0.62168E+03
   0.26753E+02   0.62175E+03
   0.26771E+02   0.62182E+03
   0.26788E+02   0.62185E+03
   0.26806E+02   0.62187E+03
   0.26823E+02   0.62190E+03
   0.26840E+02   0.62189E+03
   0.26858E+02   0.62185E+03
   0.26875E+02   0.62187E+03
