   0.23767E+02   0.61835E+03
   0.23785E+02   0.61833E+03
   0.23802E+02   0.61833E+03
   0.23819E+02   0.61834E+03
   0.23837E+02   0.61837E+03
   0.23854E+02   0.61847E+03
   0.23872E+02   0.61860E+03
   0.23889E+02   0.61866E+03
   0.23906E+02   0.61863E+03
   0.23924E+02   0.61856E+03
   0.23941E+02   0.61850E+03
   0.23958E+02   0.61845E+03
   0.23976E+02   0.61848E+03
   0.23993E+02   0.61857E+03
   0.24010E+02   0.61869E+03
   0.24028E+02   0.61877E+03
   0.24045E+02   0.61881E+03
   0.24062E+02   0.61882E+03
