   0.28299E+01   0.63294E+03
   0.28472E+01   0.63308E+03
   0.28646E+01   0.63321E+03
   0.28819E+01   0.63333E+03
   0.28993E+01   0.63345E+03
   0.29167E+01   0.63355E+03
   0.29340E+01   0.63365E+03
   0.29514E+01   0.63376E+03
   0.29688E+01   0.63387E+03
   0.29861E+01   0.63399E+03
   0.30035E+01   0.63410E+03
   0.30208E+01   0.63422E+03
   0.30382E+01   0.63430E+03
   0.30556E+01   0.63436E+03
   0.30729E+01   0.63442E+03
   0.30903E+01   0.63450E+03
   0.31076E+01   0.63460E+03
   0.31250E+01   0.63470E+03
