   0.15955E+02   0.61017E+03
   0.15972E+02   0.61016E+03
   0.15990E+02   0.61014E+03
   0.16007E+02   0.61014E+03
   0.16024E+02   0.61014E+03
   0.16042E+02   0.61014E+03
   0.16059E+02   0.61015E+03
   0.16076E+02   0.61013E+03
   0.16094E+02   0.61012E+03
   0.16111E+02   0.61014E+03
   0.16128E+02   0.61018E+03
   0.16146E+02   0.61020E+03
   0.16163E+02   0.61017E+03
   0.16181E+02   0.61014E+03
   0.16198E+02   0.61014E+03
   0.16215E+02   0.61018E+03
   0.16233E+02   0.61019E+03
   0.16250E+02   0.61017E+03
