   0.14392E+02   0.61037E+03
   0.14410E+02   0.61043E+03
   0.14427E+02   0.61043E+03
   0.14444E+02   0.61041E+03
   0.14462E+02   0.61039E+03
   0.14479E+02   0.61033E+03
   0.14497E+02   0.61028E+03
   0.14514E+02   0.61030E+03
   0.14531E+02   0.61037E+03
   0.14549E+02   0.61041E+03
   0.14566E+02   0.61040E+03
   0.14583E+02   0.61036E+03
   0.14601E+02   0.61033E+03
   0.14618E+02   0.61033E+03
   0.14635E+02   0.61035E+03
   0.14653E+02   0.61036E+03
   0.14670E+02   0.61035E+03
   0.14688E+02   0.61035E+03
