   0.11580E+02   0.61326E+03
   0.11597E+02   0.61322E+03
   0.11615E+02   0.61321E+03
   0.11632E+02   0.61320E+03
   0.11649E+02   0.61321E+03
   0.11667E+02   0.61320E+03
   0.11684E+02   0.61314E+03
   0.11701E+02   0.61305E+03
   0.11719E+02   0.61298E+03
   0.11736E+02   0.61298E+03
   0.11753E+02   0.61301E+03
   0.11771E+02   0.61304E+03
   0.11788E+02   0.61303E+03
   0.11806E+02   0.61296E+03
   0.11823E+02   0.61286E+03
   0.11840E+02   0.61278E+03
   0.11858E+02   0.61275E+03
   0.11875E+02   0.61278E+03
