   0.40799E+01   0.63538E+03
   0.40972E+01   0.63534E+03
   0.41146E+01   0.63525E+03
   0.41319E+01   0.63515E+03
   0.41493E+01   0.63507E+03
   0.41667E+01   0.63505E+03
   0.41840E+01   0.63507E+03
   0.42014E+01   0.63509E+03
   0.42188E+01   0.63508E+03
   0.42361E+01   0.63502E+03
   0.42535E+01   0.63493E+03
   0.42708E+01   0.63483E+03
   0.42882E+01   0.63476E+03
   0.43056E+01   0.63473E+03
   0.43229E+01   0.63473E+03
   0.43403E+01   0.63472E+03
   0.43576E+01   0.63468E+03
   0.43750E+01   0.63462E+03
