   0.62674E+01   0.62811E+03
   0.62847E+01   0.62803E+03
   0.63021E+01   0.62796E+03
   0.63194E+01   0.62789E+03
   0.63368E+01   0.62784E+03
   0.63542E+01   0.62780E+03
   0.63715E+01   0.62775E+03
   0.63889E+01   0.62767E+03
   0.64062E+01   0.62758E+03
   0.64236E+01   0.62749E+03
   0.64410E+01   0.62741E+03
   0.64583E+01   0.62735E+03
   0.64757E+01   0.62732E+03
   0.64931E+01   0.62729E+03
   0.65104E+01   0.62723E+03
   0.65278E+01   0.62714E+03
   0.65451E+01   0.62703E+03
   0.65625E+01   0.62693E+03
