   0.20330E+02   0.61329E+03
   0.20347E+02   0.61331E+03
   0.20365E+02   0.61328E+03
   0.20382E+02   0.61327E+03
   0.20399E+02   0.61326E+03
   0.20417E+02   0.61327E+03
   0.20434E+02   0.61329E+03
   0.20451E+02   0.61330E+03
   0.20469E+02   0.61331E+03
   0.20486E+02   0.61334E+03
   0.20503E+02   0.61341E+03
   0.20521E+02   0.61347E+03
   0.20538E+02   0.61348E+03
   0.20556E+02   0.61346E+03
   0.20573E+02   0.61344E+03
   0.20590E+02   0.61347E+03
   0.20608E+02   0.61351E+03
   0.20625E+02   0.61354E+03
