   0.17830E+02   0.61078E+03
   0.17847E+02   0.61081E+03
   0.17865E+02   0.61086E+03
   0.17882E+02   0.61091E+03
   0.17899E+02   0.61093E+03
   0.17917E+02   0.61093E+03
   0.17934E+02   0.61090E+03
   0.17951E+02   0.61085E+03
   0.17969E+02   0.61085E+03
   0.17986E+02   0.61089E+03
   0.18003E+02   0.61094E+03
   0.18021E+02   0.61095E+03
   0.18038E+02   0.61095E+03
   0.18056E+02   0.61096E+03
   0.18073E+02   0.61099E+03
   0.18090E+02   0.61102E+03
   0.18108E+02   0.61101E+03
   0.18125E+02   0.61101E+03
