   0.96417E+00   0.77397E+03   0.12477E+01
   0.94036E+00   0.77402E+03   0.12478E+01
   0.91667E+00   0.77408E+03   0.12479E+01
   0.89314E+00   0.77417E+03   0.12480E+01
   0.86983E+00   0.77428E+03   0.12482E+01
   0.84677E+00   0.77441E+03   0.12484E+01
   0.82400E+00   0.77456E+03   0.12486E+01
   0.80156E+00   0.77473E+03   0.12489E+01
   0.77949E+00   0.77493E+03   0.12492E+01
   0.75782E+00   0.77514E+03   0.12496E+01
   0.73658E+00   0.77537E+03   0.12500E+01
   0.71579E+00   0.77561E+03   0.12503E+01
   0.69548E+00   0.77587E+03   0.12508E+01
   0.67566E+00   0.77614E+03   0.12512E+01
   0.65636E+00   0.77643E+03   0.12517E+01
   0.63758E+00   0.77672E+03   0.12521E+01
   0.61934E+00   0.77702E+03   0.12526E+01
   0.60163E+00   0.77733E+03   0.12531E+01
   0.58448E+00   0.77764E+03   0.12536E+01
   0.56786E+00   0.77797E+03   0.12541E+01
   0.55179E+00   0.77831E+03   0.12547E+01
   0.53626E+00   0.77866E+03   0.12553E+01
   0.52126E+00   0.77901E+03   0.12558E+01
   0.50679E+00   0.77936E+03   0.12564E+01
   0.49284E+00   0.77971E+03   0.12569E+01
   0.47939E+00   0.78006E+03   0.12575E+01
   0.46643E+00   0.78040E+03   0.12581E+01
   0.45396E+00   0.78074E+03   0.12586E+01
   0.44195E+00   0.78108E+03   0.12592E+01
   0.43040E+00   0.78143E+03   0.12597E+01
   0.41928E+00   0.78177E+03   0.12603E+01
   0.40858E+00   0.78211E+03   0.12608E+01
   0.39828E+00   0.78246E+03   0.12614E+01
   0.38838E+00   0.78280E+03   0.12619E+01
   0.37885E+00   0.78313E+03   0.12625E+01
   0.36967E+00   0.78347E+03   0.12630E+01
   0.36084E+00   0.78380E+03   0.12635E+01
   0.35233E+00   0.78414E+03   0.12641E+01
   0.34413E+00   0.78447E+03   0.12646E+01
   0.33623E+00   0.78481E+03   0.12652E+01
   0.32860E+00   0.78514E+03   0.12657E+01
   0.32125E+00   0.78548E+03   0.12663E+01
   0.31414E+00   0.78582E+03   0.12668E+01
   0.30728E+00   0.78615E+03   0.12673E+01
   0.30064E+00   0.78649E+03   0.12679E+01
   0.29422E+00   0.78683E+03   0.12684E+01
   0.28799E+00   0.78717E+03   0.12690E+01
   0.28197E+00   0.78752E+03   0.12695E+01
   0.27612E+00   0.78786E+03   0.12701E+01
   0.27044E+00   0.78821E+03   0.12706E+01
   0.26492E+00   0.78855E+03   0.12712E+01
   0.25955E+00   0.78890E+03   0.12718E+01
   0.25433E+00   0.78926E+03   0.12723E+01
   0.24924E+00   0.78961E+03   0.12729E+01
   0.24428E+00   0.78996E+03   0.12735E+01
   0.23943E+00   0.79032E+03   0.12741E+01
   0.23470E+00   0.79068E+03   0.12746E+01
   0.23007E+00   0.79105E+03   0.12752E+01
   0.22554E+00   0.79142E+03   0.12758E+01
   0.22110E+00   0.79179E+03   0.12764E+01
   0.21675E+00   0.79217E+03   0.12770E+01
   0.21248E+00   0.79255E+03   0.12777E+01
   0.20829E+00   0.79294E+03   0.12783E+01
   0.20416E+00   0.79334E+03   0.12789E+01
   0.20011E+00   0.79374E+03   0.12796E+01
   0.19611E+00   0.79415E+03   0.12802E+01
   0.19218E+00   0.79457E+03   0.12809E+01
   0.18830E+00   0.79500E+03   0.12816E+01
   0.18448E+00   0.79544E+03   0.12823E+01
   0.18070E+00   0.79589E+03   0.12830E+01
   0.17696E+00   0.79635E+03   0.12838E+01
   0.17327E+00   0.79682E+03   0.12845E+01
   0.16962E+00   0.79731E+03   0.12853E+01
   0.16601E+00   0.79781E+03   0.12861E+01
   0.16243E+00   0.79833E+03   0.12870E+01
   0.15888E+00   0.79887E+03   0.12878E+01
   0.15536E+00   0.79942E+03   0.12887E+01
   0.15187E+00   0.80000E+03   0.12897E+01
   0.14841E+00   0.80060E+03   0.12906E+01
   0.14498E+00   0.80122E+03   0.12916E+01
   0.14156E+00   0.80186E+03   0.12927E+01
   0.13817E+00   0.80253E+03   0.12937E+01
   0.13480E+00   0.80323E+03   0.12949E+01
   0.13145E+00   0.80395E+03   0.12960E+01
   0.12811E+00   0.80471E+03   0.12973E+01
   0.12480E+00   0.80550E+03   0.12985E+01
   0.12150E+00   0.80632E+03   0.12999E+01
   0.11821E+00   0.80719E+03   0.13012E+01
   0.11493E+00   0.80809E+03   0.13027E+01
   0.11167E+00   0.80904E+03   0.13042E+01
   0.10842E+00   0.81004E+03   0.13058E+01
   0.10519E+00   0.81109E+03   0.13075E+01
   0.10196E+00   0.81220E+03   0.13093E+01
   0.98741E-01   0.81337E+03   0.13112E+01
   0.95532E-01   0.81461E+03   0.13132E+01
   0.92332E-01   0.81593E+03   0.13153E+01
   0.89139E-01   0.81732E+03   0.13176E+01
   0.85954E-01   0.81879E+03   0.13200E+01
   0.82776E-01   0.82035E+03   0.13225E+01
   0.79605E-01   0.82201E+03   0.13251E+01
   0.76439E-01   0.82376E+03   0.13280E+01
   0.73279E-01   0.82561E+03   0.13309E+01
   0.70125E-01   0.82756E+03   0.13341E+01
   0.66975E-01   0.82961E+03   0.13374E+01
   0.63830E-01   0.83173E+03   0.13408E+01
   0.60689E-01   0.83389E+03   0.13443E+01
   0.57552E-01   0.83606E+03   0.13478E+01
   0.54419E-01   0.83818E+03   0.13512E+01
   0.51290E-01   0.84015E+03   0.13544E+01
   0.48164E-01   0.84183E+03   0.13571E+01
   0.45041E-01   0.84304E+03   0.13590E+01
   0.41921E-01   0.84349E+03   0.13598E+01
   0.38803E-01   0.84281E+03   0.13587E+01
   0.35688E-01   0.84043E+03   0.13548E+01
   0.32575E-01   0.83559E+03   0.13470E+01
   0.29465E-01   0.82723E+03   0.13336E+01
   0.26356E-01   0.81417E+03   0.13125E+01
   0.23250E-01   0.79556E+03   0.12825E+01
   0.20145E-01   0.77154E+03   0.12438E+01
   0.17042E-01   0.74390E+03   0.11992E+01
   0.13940E-01   0.71558E+03   0.11536E+01
   0.10840E-01   0.68879E+03   0.11104E+01
   0.77416E-02   0.66410E+03   0.10706E+01
   0.46441E-02   0.64135E+03   0.10339E+01
   0.15479E-02   0.62032E+03   0.10000E+01
