   0.81424E+01   0.62128E+03
   0.81597E+01   0.62120E+03
   0.81771E+01   0.62113E+03
   0.81944E+01   0.62109E+03
   0.82118E+01   0.62108E+03
   0.82292E+01   0.62106E+03
   0.82465E+01   0.62102E+03
   0.82639E+01   0.62096E+03
   0.82812E+01   0.62087E+03
   0.82986E+01   0.62077E+03
   0.83160E+01   0.62069E+03
   0.83333E+01   0.62067E+03
   0.83507E+01   0.62068E+03
   0.83681E+01   0.62067E+03
   0.83854E+01   0.62061E+03
   0.84028E+01   0.62052E+03
   0.84201E+01   0.62043E+03
   0.84375E+01   0.62036E+03
