   0.20642E+02   0.61353E+03
   0.20660E+02   0.61353E+03
   0.20677E+02   0.61356E+03
   0.20694E+02   0.61361E+03
   0.20712E+02   0.61364E+03
   0.20729E+02   0.61368E+03
   0.20747E+02   0.61377E+03
   0.20764E+02   0.61386E+03
   0.20781E+02   0.61381E+03
   0.20799E+02   0.61366E+03
   0.20816E+02   0.61360E+03
   0.20833E+02   0.61370E+03
   0.20851E+02   0.61381E+03
   0.20868E+02   0.61389E+03
   0.20885E+02   0.61395E+03
   0.20903E+02   0.61401E+03
   0.20920E+02   0.61401E+03
   0.20938E+02   0.61397E+03
