   0.84549E+01   0.62031E+03
   0.84722E+01   0.62028E+03
   0.84896E+01   0.62028E+03
   0.85069E+01   0.62024E+03
   0.85243E+01   0.62016E+03
   0.85417E+01   0.62007E+03
   0.85590E+01   0.62001E+03
   0.85764E+01   0.61998E+03
   0.85938E+01   0.61994E+03
   0.86111E+01   0.61990E+03
   0.86285E+01   0.61984E+03
   0.86458E+01   0.61978E+03
   0.86632E+01   0.61972E+03
   0.86806E+01   0.61968E+03
   0.86979E+01   0.61964E+03
   0.87153E+01   0.61961E+03
   0.87326E+01   0.61955E+03
   0.87500E+01   0.61948E+03
