   0.28767E+02   0.62380E+03
   0.28785E+02   0.62392E+03
   0.28802E+02   0.62406E+03
   0.28819E+02   0.62419E+03
   0.28837E+02   0.62431E+03
   0.28854E+02   0.62436E+03
   0.28872E+02   0.62431E+03
   0.28889E+02   0.62422E+03
   0.28906E+02   0.62417E+03
   0.28924E+02   0.62416E+03
   0.28941E+02   0.62419E+03
   0.28958E+02   0.62426E+03
   0.28976E+02   0.62435E+03
   0.28993E+02   0.62440E+03
   0.29010E+02   0.62441E+03
   0.29028E+02   0.62441E+03
   0.29045E+02   0.62443E+03
   0.29062E+02   0.62445E+03
