   0.26267E+02   0.62132E+03
   0.26285E+02   0.62135E+03
   0.26302E+02   0.62135E+03
   0.26319E+02   0.62136E+03
   0.26337E+02   0.62133E+03
   0.26354E+02   0.62126E+03
   0.26372E+02   0.62123E+03
   0.26389E+02   0.62133E+03
   0.26406E+02   0.62148E+03
   0.26424E+02   0.62157E+03
   0.26441E+02   0.62159E+03
   0.26458E+02   0.62155E+03
   0.26476E+02   0.62150E+03
   0.26493E+02   0.62145E+03
   0.26510E+02   0.62145E+03
   0.26528E+02   0.62149E+03
   0.26545E+02   0.62155E+03
   0.26562E+02   0.62159E+03
