   0.17205E+02   0.61042E+03
   0.17222E+02   0.61038E+03
   0.17240E+02   0.61041E+03
   0.17257E+02   0.61047E+03
   0.17274E+02   0.61052E+03
   0.17292E+02   0.61052E+03
   0.17309E+02   0.61049E+03
   0.17326E+02   0.61049E+03
   0.17344E+02   0.61053E+03
   0.17361E+02   0.61059E+03
   0.17378E+02   0.61063E+03
   0.17396E+02   0.61063E+03
   0.17413E+02   0.61060E+03
   0.17431E+02   0.61056E+03
   0.17448E+02   0.61053E+03
   0.17465E+02   0.61055E+03
   0.17483E+02   0.61064E+03
   0.17500E+02   0.61073E+03
