   0.18650E+03   0.17917E-01   0.23566E-04  -0.31787E-06   0.14944E-02   0.24029E-03  -0.43529E-04  -0.88258E-03
   0.18190E+03   0.29822E-01   0.38352E-04  -0.90629E-06   0.15951E-02   0.15810E-03  -0.47198E-04  -0.14127E-02
   0.17732E+03   0.41667E-01   0.41344E-04  -0.12778E-05   0.17662E-02   0.10568E-03  -0.52244E-04  -0.21440E-02
   0.17279E+03   0.53429E-01   0.32748E-04  -0.97472E-06   0.19108E-02   0.88410E-04  -0.56782E-04  -0.26432E-02
   0.16830E+03   0.65086E-01   0.32759E-04  -0.75878E-06   0.19644E-02   0.10835E-03  -0.60496E-04  -0.31047E-02
   0.16385E+03   0.76617E-01   0.33129E-04  -0.47976E-06   0.20231E-02   0.12584E-03  -0.62964E-04  -0.33702E-02
   0.15947E+03   0.88001E-01   0.27531E-04  -0.32336E-06   0.21447E-02   0.93419E-04  -0.63704E-04  -0.32119E-02
   0.15515E+03   0.99219E-01   0.30029E-04  -0.33958E-06   0.22445E-02   0.44568E-04  -0.62747E-04  -0.26234E-02
   0.15090E+03   0.11025E+00   0.41499E-04  -0.11663E-05   0.23289E-02  -0.94969E-05  -0.61423E-04  -0.15803E-02
   0.14674E+03   0.12109E+00   0.38648E-04  -0.14465E-05   0.24367E-02  -0.49161E-04  -0.60800E-04  -0.91170E-03
   0.14265E+03   0.13171E+00   0.38789E-04  -0.12001E-05   0.25049E-02  -0.53060E-04  -0.62510E-04  -0.91444E-03
   0.13866E+03   0.14210E+00   0.47357E-04  -0.15270E-05   0.25634E-02  -0.39504E-04  -0.70428E-04  -0.14981E-02
   0.13475E+03   0.15226E+00   0.60323E-04  -0.22869E-05   0.26853E-02  -0.20402E-04  -0.86599E-04  -0.26701E-02
   0.13095E+03   0.16217E+00   0.63483E-04  -0.25494E-05   0.28847E-02   0.80506E-05  -0.10751E-03  -0.39833E-02
   0.12725E+03   0.17182E+00   0.65435E-04  -0.31580E-05   0.31243E-02   0.48544E-04  -0.12835E-03  -0.48578E-02
   0.12365E+03   0.18121E+00   0.65098E-04  -0.43526E-05   0.33565E-02   0.90133E-04  -0.14636E-03  -0.50315E-02
   0.12015E+03   0.19033E+00   0.61177E-04  -0.35508E-05   0.35476E-02   0.88342E-04  -0.15958E-03  -0.43862E-02
   0.11676E+03   0.19918E+00   0.57425E-04  -0.24965E-05   0.36983E-02   0.52924E-04  -0.16768E-03  -0.35532E-02
   0.11347E+03   0.20776E+00   0.61285E-04  -0.25932E-05   0.38243E-02   0.24866E-04  -0.17183E-03  -0.32323E-02
   0.11029E+03   0.21607E+00   0.68773E-04  -0.40802E-05   0.39429E-02   0.19145E-04  -0.17565E-03  -0.31967E-02
   0.10721E+03   0.22410E+00   0.79732E-04  -0.59796E-05   0.40571E-02   0.32477E-04  -0.18151E-03  -0.30646E-02
   0.10424E+03   0.23187E+00   0.86390E-04  -0.65929E-05   0.41882E-02   0.54530E-04  -0.19198E-03  -0.27761E-02
   0.10136E+03   0.23937E+00   0.90587E-04  -0.43678E-05   0.43405E-02   0.53314E-04  -0.20800E-03  -0.24292E-02
   0.98594E+02   0.24660E+00   0.89422E-04  -0.30654E-05   0.44866E-02   0.46822E-04  -0.22843E-03  -0.23564E-02
   0.95923E+02   0.25358E+00   0.90143E-04  -0.52417E-05   0.46255E-02   0.47093E-04  -0.25016E-03  -0.24739E-02
   0.93350E+02   0.26031E+00   0.91336E-04  -0.82905E-05   0.47630E-02   0.66507E-04  -0.27042E-03  -0.27099E-02
   0.90870E+02   0.26678E+00   0.10368E-03  -0.11426E-04   0.49006E-02   0.89172E-04  -0.28614E-03  -0.28821E-02
   0.88482E+02   0.27302E+00   0.11544E-03  -0.13788E-04   0.50570E-02   0.10436E-03  -0.29890E-03  -0.30605E-02
   0.86184E+02   0.27902E+00   0.11105E-03  -0.14348E-04   0.52202E-02   0.11626E-03  -0.30742E-03  -0.32204E-02
   0.83972E+02   0.28480E+00   0.11036E-03  -0.13000E-04   0.53523E-02   0.12267E-03  -0.30606E-03  -0.31950E-02
   0.81844E+02   0.29036E+00   0.11656E-03  -0.10963E-04   0.54467E-02   0.93989E-04  -0.29405E-03  -0.28169E-02
   0.79795E+02   0.29571E+00   0.11875E-03  -0.97784E-05   0.55179E-02   0.16583E-04  -0.27365E-03  -0.22105E-02
   0.77824E+02   0.30086E+00   0.12325E-03  -0.89088E-05   0.55860E-02  -0.85773E-04  -0.24729E-03  -0.16979E-02
   0.75927E+02   0.30581E+00   0.13162E-03  -0.12098E-04   0.56496E-02  -0.17233E-03  -0.22005E-03  -0.15629E-02
   0.74101E+02   0.31058E+00   0.14272E-03  -0.16053E-04   0.56965E-02  -0.22971E-03  -0.19652E-03  -0.16884E-02
   0.72343E+02   0.31516E+00   0.15614E-03  -0.18605E-04   0.57286E-02  -0.27821E-03  -0.17808E-03  -0.18942E-02
   0.70651E+02   0.31958E+00   0.18438E-03  -0.21851E-04   0.57840E-02  -0.34096E-03  -0.16370E-03  -0.20817E-02
   0.69020E+02   0.32384E+00   0.21241E-03  -0.26644E-04   0.59195E-02  -0.42098E-03  -0.15399E-03  -0.22789E-02
   0.67449E+02   0.32794E+00   0.22276E-03  -0.33542E-04   0.61368E-02  -0.49012E-03  -0.14926E-03  -0.25883E-02
   0.65935E+02   0.33189E+00   0.21970E-03  -0.35745E-04   0.63879E-02  -0.51955E-03  -0.14913E-03  -0.30850E-02
   0.64475E+02   0.33570E+00   0.22767E-03  -0.38172E-04   0.66386E-02  -0.51012E-03  -0.15109E-03  -0.36447E-02
   0.63066E+02   0.33938E+00   0.23826E-03  -0.39501E-04   0.68728E-02  -0.47767E-03  -0.15376E-03  -0.41934E-02
   0.61705E+02   0.34293E+00   0.24863E-03  -0.42859E-04   0.70803E-02  -0.44419E-03  -0.15549E-03  -0.46552E-02
   0.60389E+02   0.34636E+00   0.25827E-03  -0.46670E-04   0.72599E-02  -0.41902E-03  -0.15566E-03  -0.50277E-02
   0.59118E+02   0.34968E+00   0.25638E-03  -0.44515E-04   0.73894E-02  -0.39206E-03  -0.15240E-03  -0.53792E-02
   0.57887E+02   0.35289E+00   0.25568E-03  -0.43391E-04   0.74648E-02  -0.36735E-03  -0.14449E-03  -0.56913E-02
   0.56694E+02   0.35600E+00   0.25349E-03  -0.42779E-04   0.75059E-02  -0.34989E-03  -0.13007E-03  -0.59644E-02
   0.55538E+02   0.35902E+00   0.27158E-03  -0.47680E-04   0.75289E-02  -0.33956E-03  -0.10892E-03  -0.62143E-02
   0.54416E+02   0.36194E+00   0.28907E-03  -0.49915E-04   0.75546E-02  -0.32956E-03  -0.82839E-04  -0.64529E-02
   0.53327E+02   0.36478E+00   0.31096E-03  -0.55774E-04   0.75780E-02  -0.32422E-03  -0.56884E-04  -0.67435E-02
   0.52269E+02   0.36754E+00   0.34147E-03  -0.65872E-04   0.76114E-02  -0.31833E-03  -0.30569E-04  -0.71344E-02
   0.51239E+02   0.37022E+00   0.36897E-03  -0.74090E-04   0.76613E-02  -0.30696E-03  -0.67048E-05  -0.75788E-02
   0.50236E+02   0.37283E+00   0.39591E-03  -0.82934E-04   0.77286E-02  -0.29105E-03   0.14240E-04  -0.79968E-02
   0.49260E+02   0.37538E+00   0.40500E-03  -0.85292E-04   0.78110E-02  -0.27762E-03   0.31869E-04  -0.83287E-02
   0.48307E+02   0.37786E+00   0.41006E-03  -0.84671E-04   0.79028E-02  -0.27424E-03   0.47984E-04  -0.85297E-02
   0.47377E+02   0.38028E+00   0.41897E-03  -0.89529E-04   0.79920E-02  -0.28912E-03   0.61531E-04  -0.86066E-02
   0.46468E+02   0.38265E+00   0.42956E-03  -0.92295E-04   0.80772E-02  -0.31958E-03   0.73319E-04  -0.85575E-02
   0.45578E+02   0.38496E+00   0.44127E-03  -0.99172E-04   0.81572E-02  -0.36566E-03   0.83076E-04  -0.83990E-02
   0.44708E+02   0.38723E+00   0.45409E-03  -0.10735E-03   0.82324E-02  -0.42103E-03   0.92727E-04  -0.81820E-02
   0.43855E+02   0.38945E+00   0.46338E-03  -0.11167E-03   0.82856E-02  -0.47340E-03   0.10152E-03  -0.79525E-02
   0.43019E+02   0.39162E+00   0.48299E-03  -0.11253E-03   0.83198E-02  -0.51343E-03   0.10923E-03  -0.77418E-02
   0.42197E+02   0.39376E+00   0.53547E-03  -0.12224E-03   0.83450E-02  -0.54722E-03   0.11551E-03  -0.75934E-02
   0.41391E+02   0.39586E+00   0.57704E-03  -0.13033E-03   0.83698E-02  -0.58013E-03   0.12111E-03  -0.75433E-02
   0.40598E+02   0.39792E+00   0.62618E-03  -0.13979E-03   0.84005E-02  -0.61351E-03   0.12544E-03  -0.76258E-02
   0.39817E+02   0.39995E+00   0.66782E-03  -0.14157E-03   0.84529E-02  -0.64850E-03   0.12926E-03  -0.78193E-02
   0.39049E+02   0.40194E+00   0.70607E-03  -0.14445E-03   0.85327E-02  -0.68766E-03   0.13439E-03  -0.81205E-02
   0.38292E+02   0.40391E+00   0.75365E-03  -0.15255E-03   0.86263E-02  -0.72570E-03   0.13877E-03  -0.85313E-02
   0.37545E+02   0.40585E+00   0.79053E-03  -0.15988E-03   0.87152E-02  -0.75092E-03   0.14325E-03  -0.90283E-02
   0.36808E+02   0.40776E+00   0.85512E-03  -0.18660E-03   0.87851E-02  -0.75221E-03   0.14652E-03  -0.95726E-02
   0.36081E+02   0.40965E+00   0.93138E-03  -0.21697E-03   0.88349E-02  -0.72031E-03   0.15027E-03  -0.10126E-01
   0.35362E+02   0.41152E+00   0.98569E-03  -0.23785E-03   0.88706E-02  -0.65568E-03   0.15599E-03  -0.10653E-01
   0.34651E+02   0.41336E+00   0.10445E-02  -0.25462E-03   0.88809E-02  -0.57014E-03   0.16193E-03  -0.11126E-01
   0.33948E+02   0.41519E+00   0.11221E-02  -0.27612E-03   0.88892E-02  -0.47451E-03   0.17177E-03  -0.11528E-01
   0.33252E+02   0.41700E+00   0.11843E-02  -0.29075E-03   0.88988E-02  -0.37332E-03   0.18371E-03  -0.11825E-01
   0.32562E+02   0.41879E+00   0.12524E-02  -0.30691E-03   0.89101E-02  -0.27869E-03   0.19921E-03  -0.11995E-01
   0.31879E+02   0.42056E+00   0.13345E-02  -0.33060E-03   0.89197E-02  -0.20161E-03   0.21930E-03  -0.12034E-01
   0.31202E+02   0.42232E+00   0.14276E-02  -0.35698E-03   0.89219E-02  -0.14369E-03   0.24375E-03  -0.11941E-01
   0.30530E+02   0.42406E+00   0.15533E-02  -0.40227E-03   0.89234E-02  -0.10376E-03   0.27329E-03  -0.11739E-01
   0.29864E+02   0.42579E+00   0.16819E-02  -0.44536E-03   0.89122E-02  -0.79862E-04   0.30676E-03  -0.11459E-01
   0.29202E+02   0.42751E+00   0.18248E-02  -0.48475E-03   0.88582E-02  -0.73961E-04   0.34090E-03  -0.11141E-01
   0.28545E+02   0.42922E+00   0.20069E-02  -0.53467E-03   0.87882E-02  -0.83917E-04   0.38200E-03  -0.10859E-01
   0.27892E+02   0.43091E+00   0.21668E-02  -0.57630E-03   0.87064E-02  -0.10255E-03   0.42769E-03  -0.10646E-01
   0.27243E+02   0.43260E+00   0.23529E-02  -0.62535E-03   0.85944E-02  -0.12266E-03   0.47464E-03  -0.10493E-01
   0.26598E+02   0.43428E+00   0.25623E-02  -0.67628E-03   0.84730E-02  -0.13923E-03   0.53203E-03  -0.10389E-01
   0.25957E+02   0.43594E+00   0.27772E-02  -0.73033E-03   0.83572E-02  -0.15229E-03   0.59714E-03  -0.10326E-01
   0.25319E+02   0.43760E+00   0.29943E-02  -0.79400E-03   0.82589E-02  -0.16952E-03   0.66529E-03  -0.10285E-01
   0.24684E+02   0.43925E+00   0.32810E-02  -0.89369E-03   0.81794E-02  -0.19828E-03   0.74489E-03  -0.10307E-01
   0.24052E+02   0.44090E+00   0.35812E-02  -0.10048E-02   0.81161E-02  -0.24046E-03   0.83150E-03  -0.10412E-01
   0.23424E+02   0.44253E+00   0.39078E-02  -0.11304E-02   0.80540E-02  -0.30151E-03   0.91708E-03  -0.10623E-01
   0.22798E+02   0.44416E+00   0.42789E-02  -0.12651E-02   0.80420E-02  -0.39155E-03   0.10095E-02  -0.10954E-01
   0.22174E+02   0.44579E+00   0.46597E-02  -0.13890E-02   0.80389E-02  -0.51162E-03   0.11014E-02  -0.11421E-01
   0.21554E+02   0.44741E+00   0.51620E-02  -0.15644E-02   0.79668E-02  -0.65439E-03   0.11821E-02  -0.12047E-01
   0.20935E+02   0.44902E+00   0.57706E-02  -0.18065E-02   0.78727E-02  -0.79609E-03   0.12661E-02  -0.12824E-01
   0.20319E+02   0.45063E+00   0.64677E-02  -0.20951E-02   0.77629E-02  -0.92454E-03   0.13473E-02  -0.13733E-01
   0.19706E+02   0.45223E+00   0.72393E-02  -0.24121E-02   0.76042E-02  -0.10297E-02   0.14095E-02  -0.14704E-01
   0.19094E+02   0.45383E+00   0.80939E-02  -0.27424E-02   0.74039E-02  -0.10977E-02   0.14564E-02  -0.15669E-01
   0.18485E+02   0.45543E+00   0.91199E-02  -0.31610E-02   0.71393E-02  -0.11222E-02   0.14945E-02  -0.16549E-01
   0.17879E+02   0.45702E+00   0.10269E-01  -0.36374E-02   0.67769E-02  -0.10937E-02   0.15110E-02  -0.17254E-01
   0.17274E+02   0.45861E+00   0.11589E-01  -0.41821E-02   0.62480E-02  -0.10155E-02   0.15126E-02  -0.17703E-01
   0.16672E+02   0.46020E+00   0.13148E-01  -0.48204E-02   0.55262E-02  -0.89114E-03   0.15037E-02  -0.17931E-01
   0.16072E+02   0.46178E+00   0.15021E-01  -0.55651E-02   0.45852E-02  -0.74181E-03   0.15082E-02  -0.17966E-01
   0.15475E+02   0.46336E+00   0.17230E-01  -0.64376E-02   0.34532E-02  -0.62425E-03   0.15469E-02  -0.17897E-01
   0.14880E+02   0.46494E+00   0.19794E-01  -0.73974E-02   0.20742E-02  -0.59226E-03   0.16069E-02  -0.17811E-01
   0.14288E+02   0.46651E+00   0.22873E-01  -0.85697E-02   0.55680E-03  -0.64502E-03   0.17223E-02  -0.17847E-01
   0.13700E+02   0.46809E+00   0.26575E-01  -0.99917E-02  -0.12924E-02  -0.76083E-03   0.18428E-02  -0.18149E-01
   0.13114E+02   0.46966E+00   0.30877E-01  -0.11541E-01  -0.34703E-02  -0.87913E-03   0.19890E-02  -0.18675E-01
   0.12532E+02   0.47122E+00   0.35608E-01  -0.12967E-01  -0.61486E-02  -0.95488E-03   0.21407E-02  -0.19243E-01
   0.11954E+02   0.47279E+00   0.40744E-01  -0.14143E-01  -0.94568E-02  -0.10717E-02   0.23370E-02  -0.19846E-01
   0.11380E+02   0.47435E+00   0.46444E-01  -0.15168E-01  -0.13375E-01  -0.13500E-02   0.25541E-02  -0.20567E-01
   0.10811E+02   0.47592E+00   0.52901E-01  -0.15942E-01  -0.18082E-01  -0.17893E-02   0.27413E-02  -0.21456E-01
   0.10246E+02   0.47748E+00   0.59777E-01  -0.15987E-01  -0.23822E-01  -0.21834E-02   0.29524E-02  -0.22365E-01
   0.96861E+01   0.47904E+00   0.66747E-01  -0.14759E-01  -0.31005E-01  -0.23617E-02   0.30336E-02  -0.22698E-01
   0.91305E+01   0.48060E+00   0.74273E-01  -0.12709E-01  -0.39697E-01  -0.23738E-02   0.29845E-02  -0.22448E-01
   0.85789E+01   0.48216E+00   0.81563E-01  -0.90611E-02  -0.49709E-01  -0.22842E-02   0.26646E-02  -0.22200E-01
   0.80291E+01   0.48371E+00   0.88033E-01  -0.33036E-02  -0.60790E-01  -0.20221E-02   0.18908E-02  -0.22411E-01
   0.74774E+01   0.48527E+00   0.95078E-01   0.18491E-02  -0.72300E-01  -0.19399E-02   0.77732E-03  -0.23042E-01
   0.69165E+01   0.48682E+00   0.10596E+00   0.27716E-02  -0.83332E-01  -0.18676E-02  -0.10631E-02  -0.22783E-01
   0.63346E+01   0.48838E+00   0.12190E+00  -0.39485E-02  -0.92223E-01  -0.15325E-02  -0.33059E-02  -0.21277E-01
   0.57137E+01   0.48993E+00   0.14063E+00  -0.19523E-01  -0.95697E-01  -0.11576E-02  -0.59444E-02  -0.18635E-01
   0.50303E+01   0.49148E+00   0.14669E+00  -0.33064E-01  -0.90154E-01  -0.12719E-02  -0.74167E-02  -0.14844E-01
   0.42602E+01   0.49303E+00   0.11522E+00  -0.21327E-01  -0.73570E-01  -0.82451E-03  -0.82382E-02  -0.98101E-02
   0.33941E+01   0.49458E+00   0.42421E-01   0.21969E-01  -0.49706E-01  -0.55365E-03  -0.72404E-02  -0.56198E-02
   0.24502E+01   0.49613E+00  -0.39622E-01   0.73917E-01  -0.25709E-01  -0.24907E-03  -0.49770E-02  -0.25783E-02
   0.14684E+01   0.49768E+00  -0.63008E-01   0.76074E-01  -0.94398E-02  -0.62161E-04  -0.28057E-02  -0.97547E-03
   0.48571E+00   0.49923E+00   0.32809E-01   0.31662E-01  -0.19221E-02  -0.15155E-04  -0.89967E-03  -0.15777E-03
