    0.98804736E+00    0.45433107E+00    0.45651788E+00    0.45549716E+00    0.45768958E+00    0.55601315E+00    0.55868937E+00    0.28062571E-02    0.28333365E-02    0.11415353E-02    0.11470298E-02    0.74195045E-02    0.74911001E-02    0.34099509E-04    0.12477096E-01    0.29315106E-04    0.35276094E-01
    0.96416614E+00    0.46418612E+00    0.46643056E+00    0.48735882E+00    0.48971531E+00    0.55710917E+00    0.55980291E+00    0.83027339E-02    0.83832191E-02    0.11475226E-02    0.11530712E-02    0.74542412E-02    0.75265012E-02    0.34274721E-04    0.12542123E-01    0.29468207E-04    0.35467671E-01
    0.94035691E+00    0.47434009E+00    0.47665390E+00    0.48548971E+00    0.48785790E+00    0.55702085E+00    0.55973797E+00    0.14124204E-01    0.14262335E-01    0.11654396E-02    0.11711246E-02    0.75715121E-02    0.76455592E-02    0.34809055E-04    0.12739444E-01    0.29928325E-04    0.36035816E-01
    0.91666693E+00    0.47745196E+00    0.47981241E+00    0.48617498E+00    0.48857856E+00    0.55716728E+00    0.55992183E+00    0.20149447E-01    0.20349171E-01    0.11955883E-02    0.12014991E-02    0.77750470E-02    0.78521145E-02    0.35712683E-04    0.13072983E-01    0.30702960E-04    0.36991164E-01
    0.89314236E+00    0.47872622E+00    0.48113588E+00    0.48695628E+00    0.48940738E+00    0.55870985E+00    0.56152211E+00    0.26425597E-01    0.26692293E-01    0.12343994E-02    0.12406127E-02    0.80394797E-02    0.81206168E-02    0.36877420E-04    0.13503322E-01    0.31699569E-04    0.38223704E-01
    0.86982789E+00    0.47893172E+00    0.48139376E+00    0.48742552E+00    0.48993122E+00    0.56144199E+00    0.56432819E+00    0.32782023E-01    0.33119934E-01    0.12831598E-02    0.12897562E-02    0.83777381E-02    0.84640942E-02    0.38344993E-04    0.14045629E-01    0.32951602E-04    0.39772884E-01
    0.84676631E+00    0.47833836E+00    0.48085762E+00    0.48758567E+00    0.49015364E+00    0.56442222E+00    0.56739486E+00    0.38987497E-01    0.39399250E-01    0.13375555E-02    0.13446000E-02    0.87577129E-02    0.88502043E-02    0.39983710E-04    0.14651929E-01    0.34345899E-04    0.41504226E-01
    0.82399821E+00    0.47719694E+00    0.47978345E+00    0.48758218E+00    0.49022498E+00    0.56676533E+00    0.56983731E+00    0.44738419E-01    0.45224716E-01    0.14003465E-02    0.14079367E-02    0.91954417E-02    0.92953942E-02    0.41873932E-04    0.15352308E-01    0.35954450E-04    0.43509880E-01
    0.80156166E+00    0.47579485E+00    0.47845862E+00    0.48743838E+00    0.49016733E+00    0.56823737E+00    0.57141868E+00    0.49775568E-01    0.50334471E-01    0.14696059E-02    0.14778335E-02    0.96802397E-02    0.97889338E-02    0.43959373E-04    0.16126302E-01    0.37728084E-04    0.45731753E-01
    0.77949196E+00    0.47435405E+00    0.47710349E+00    0.48712397E+00    0.48994744E+00    0.56902377E+00    0.57232194E+00    0.54014990E-01    0.54642967E-01    0.15406631E-02    0.15495931E-02    0.10178357E-01    0.10296690E-01    0.46098474E-04    0.16921957E-01    0.39544702E-04    0.48021718E-01
    0.75782141E+00    0.47296750E+00    0.47580887E+00    0.48668289E+00    0.48960665E+00    0.56926688E+00    0.57268677E+00    0.57453132E-01    0.58145509E-01    0.16122235E-02    0.16219090E-02    0.10677818E-01    0.10806498E-01    0.48250014E-04    0.17723994E-01    0.41371910E-04    0.50339300E-01
    0.73657918E+00    0.47166983E+00    0.47461094E+00    0.48618679E+00    0.48921842E+00    0.56908532E+00    0.57263386E+00    0.60065704E-01    0.60817121E-01    0.16869498E-02    0.16974688E-02    0.11196480E-01    0.11336547E-01    0.50493386E-04    0.18561883E-01    0.43280040E-04    0.52772634E-01
    0.71579117E+00    0.47050225E+00    0.47355240E+00    0.48570580E+00    0.48885451E+00    0.56854174E+00    0.57222746E+00    0.62035998E-01    0.62842934E-01    0.17656066E-02    0.17770526E-02    0.11744696E-01    0.11897465E-01    0.52855162E-04    0.19445769E-01    0.45287151E-04    0.55346860E-01
    0.69547996E+00    0.46946000E+00    0.47262747E+00    0.48522175E+00    0.48849556E+00    0.56768729E+00    0.57151749E+00    0.63664110E-01    0.64526096E-01    0.18451267E-02    0.18575759E-02    0.12298327E-01    0.12464841E-01    0.55240766E-04    0.20340960E-01    0.47314258E-04    0.57966403E-01
    0.67566478E+00    0.46849226E+00    0.47178349E+00    0.48466135E+00    0.48806617E+00    0.56666390E+00    0.57064479E+00    0.65041297E-01    0.65958357E-01    0.19297834E-02    0.19433404E-02    0.12892201E-01    0.13073977E-01    0.57782857E-04    0.21296259E-01    0.49469078E-04    0.60762886E-01
    0.65636157E+00    0.46757943E+00    0.47099869E+00    0.48383425E+00    0.48737238E+00    0.56555308E+00    0.56968879E+00    0.66001561E-01    0.66970389E-01    0.20155486E-02    0.20302877E-02    0.13499778E-01    0.13697939E-01    0.60361177E-04    0.22267276E-01    0.51642656E-04    0.63601926E-01
    0.63758298E+00    0.46672938E+00    0.47028142E+00    0.48252902E+00    0.48620129E+00    0.56429151E+00    0.56858603E+00    0.66421255E-01    0.67436097E-01    0.20990749E-02    0.21150499E-02    0.14087663E-01    0.14302907E-01    0.62867177E-04    0.23214142E-01    0.53761838E-04    0.66395066E-01
    0.61933854E+00    0.46595161E+00    0.46964162E+00    0.48082195E+00    0.48462971E+00    0.56298470E+00    0.56744314E+00    0.66267600E-01    0.67321339E-01    0.21828238E-02    0.22001102E-02    0.14676153E-01    0.14909522E-01    0.65377395E-04    0.24165207E-01    0.55888206E-04    0.69219220E-01
    0.60163475E+00    0.46521910E+00    0.46905187E+00    0.47900573E+00    0.48295208E+00    0.56189500E+00    0.56652424E+00    0.65593855E-01    0.66679113E-01    0.22685352E-02    0.22872248E-02    0.15285026E-01    0.15537918E-01    0.67950022E-04    0.25142041E-01    0.58058068E-04    0.72119865E-01
    0.58447523E+00    0.46447145E+00    0.46845168E+00    0.47733799E+00    0.48142849E+00    0.56110386E+00    0.56591218E+00    0.64542144E-01    0.65653057E-01    0.23577230E-02    0.23779273E-02    0.15925941E-01    0.16200062E-01    0.70631233E-04    0.26161973E-01    0.60305451E-04    0.75141217E-01
    0.56786093E+00    0.46365727E+00    0.46778949E+00    0.47596373E+00    0.48020563E+00    0.56052649E+00    0.56552204E+00    0.63245412E-01    0.64377753E-01    0.24519295E-02    0.24737817E-02    0.16610510E-01    0.16907903E-01    0.73467882E-04    0.27242645E-01    0.62668633E-04    0.78333248E-01
    0.55179031E+00    0.46273731E+00    0.46702686E+00    0.47493453E+00    0.47933715E+00    0.56007878E+00    0.56527069E+00    0.61746361E-01    0.62896439E-01    0.25509126E-02    0.25745594E-02    0.17335161E-01    0.17658043E-01    0.76450982E-04    0.28381283E-01    0.65143249E-04    0.81695104E-01
    0.53625952E+00    0.46168221E+00    0.46613261E+00    0.47419551E+00    0.47876652E+00    0.55980069E+00    0.56519690E+00    0.60043656E-01    0.61206818E-01    0.26542578E-02    0.26798436E-02    0.18097134E-01    0.18447711E-01    0.79568054E-04    0.29573287E-01    0.67717724E-04    0.85212500E-01
    0.52126264E+00    0.46050677E+00    0.46511868E+00    0.47362582E+00    0.47836911E+00    0.55986089E+00    0.56546781E+00    0.58164041E-01    0.59334884E-01    0.27594973E-02    0.27871332E-02    0.18878809E-01    0.19258839E-01    0.82744672E-04    0.30790669E-01    0.70328851E-04    0.88803124E-01
    0.50679188E+00    0.45926960E+00    0.46404264E+00    0.47311232E+00    0.47802923E+00    0.56031397E+00    0.56613714E+00    0.56169950E-01    0.57343529E-01    0.28648719E-02    0.28946456E-02    0.19664067E-01    0.20074916E-01    0.85925202E-04    0.32012514E-01    0.72937956E-04    0.92416455E-01
    0.49283781E+00    0.45802803E+00    0.46296179E+00    0.47257654E+00    0.47766702E+00    0.56105251E+00    0.56709603E+00    0.54080188E-01    0.55251540E-01    0.29713213E-02    0.30033277E-02    0.20468354E-01    0.20911690E-01    0.89144443E-04    0.33251667E-01    0.75553702E-04    0.96062107E-01
    0.47938952E+00    0.45678898E+00    0.46188331E+00    0.47196754E+00    0.47723115E+00    0.56202044E+00    0.56828837E+00    0.51827552E-01    0.52990010E-01    0.30786220E-02    0.31129563E-02    0.21289831E-01    0.21767348E-01    0.92395206E-04    0.34505545E-01    0.78167386E-04    0.99729516E-01
    0.46643490E+00    0.45551153E+00    0.46076504E+00    0.47127329E+00    0.47670858E+00    0.56328764E+00    0.56978416E+00    0.49334145E-01    0.50478670E-01    0.31837376E-02    0.32204563E-02    0.22099781E-01    0.22612484E-01    0.95580366E-04    0.35737751E-01    0.80712419E-04    0.10333275E+00
    0.45396077E+00    0.45415099E+00    0.45956101E+00    0.47053281E+00    0.47613797E+00    0.56491900E+00    0.57164853E+00    0.46579624E-01    0.47695983E-01    0.32843057E-02    0.33234296E-02    0.22876166E-01    0.23424431E-01    0.98625319E-04    0.36920132E-01    0.83139229E-04    0.10680644E+00
    0.44195308E+00    0.45269162E+00    0.45825512E+00    0.46980306E+00    0.47557685E+00    0.56696375E+00    0.57393163E+00    0.43636727E-01    0.44715893E-01    0.33797162E-02    0.34212523E-02    0.23609473E-01    0.24193351E-01    0.10150860E-03    0.38044451E-01    0.85443597E-04    0.11014389E+00
    0.43039709E+00    0.45113774E+00    0.45685305E+00    0.46914500E+00    0.47508844E+00    0.56939363E+00    0.57660709E+00    0.40639362E-01    0.41675577E-01    0.34726646E-02    0.35166587E-02    0.24322534E-01    0.24942705E-01    0.10431433E-03    0.39142388E-01    0.87688972E-04    0.11342829E+00
    0.41927754E+00    0.44950614E+00    0.45537287E+00    0.46860962E+00    0.47472569E+00    0.57213614E+00    0.57960339E+00    0.37676776E-01    0.38666672E-01    0.35659893E-02    0.36125309E-02    0.25044016E-01    0.25702007E-01    0.10713339E-03    0.40248257E-01    0.89929140E-04    0.11673069E+00
    0.40857878E+00    0.44782192E+00    0.45383959E+00    0.46820787E+00    0.47449948E+00    0.57519969E+00    0.58292901E+00    0.34773925E-01    0.35714763E-01    0.36597307E-02    0.37089088E-02    0.25776219E-01    0.26473617E-01    0.10996755E-03    0.41362677E-01    0.92157909E-04    0.12004232E+00
    0.39828490E+00    0.44611182E+00    0.45227924E+00    0.46792291E+00    0.47439186E+00    0.57860430E+00    0.58660341E+00    0.31928942E-01    0.32817869E-01    0.37527520E-02    0.38046331E-02    0.26502725E-01    0.27240581E-01    0.11277693E-03    0.42470409E-01    0.94364065E-04    0.12334689E+00
    0.38837987E+00    0.44440106E+00    0.45071635E+00    0.46773338E+00    0.47438025E+00    0.58224719E+00    0.59052139E+00    0.29166195E-01    0.30001035E-01    0.38440739E-02    0.38987012E-02    0.27211499E-01    0.27990388E-01    0.11552996E-03    0.43559235E-01    0.96537602E-04    0.12662896E+00
    0.37884764E+00    0.44271786E+00    0.44917956E+00    0.46760329E+00    0.47442821E+00    0.58600616E+00    0.59455923E+00    0.26521223E-01    0.27301056E-01    0.39341982E-02    0.39916199E-02    0.27911394E-01    0.28732103E-01    0.11824566E-03    0.44636229E-01    0.98679987E-04    0.12988951E+00
    0.36967222E+00    0.44108835E+00    0.44769588E+00    0.46750027E+00    0.47450345E+00    0.58985420E+00    0.59869025E+00    0.24012919E-01    0.24737737E-01    0.40239103E-02    0.40841887E-02    0.28612774E-01    0.29476437E-01    0.12094991E-03    0.45711224E-01    0.10079925E-03    0.13313938E+00
    0.36083778E+00    0.43952869E+00    0.44628199E+00    0.46741280E+00    0.47459454E+00    0.59383574E+00    0.60295995E+00    0.21644493E-01    0.22314733E-01    0.41128289E-02    0.41760220E-02    0.29310619E-01    0.30218246E-01    0.12362990E-03    0.46779437E-01    0.10289086E-03    0.13637323E+00
    0.35232874E+00    0.43804862E+00    0.44494853E+00    0.46733490E+00    0.47469611E+00    0.59798584E+00    0.60740500E+00    0.19401607E-01    0.20017628E-01    0.42011525E-02    0.42673269E-02    0.30004934E-01    0.30957622E-01    0.12629068E-03    0.47842982E-01    0.10496305E-03    0.13960378E+00
    0.34412978E+00    0.43663874E+00    0.44368698E+00    0.46726393E+00    0.47480652E+00    0.60230850E+00    0.61203099E+00    0.17255495E-01    0.17817068E-01    0.42904448E-02    0.43597014E-02    0.30711915E-01    0.31711423E-01    0.12898222E-03    0.48921076E-01    0.10704400E-03    0.14287053E+00
    0.33622596E+00    0.43527549E+00    0.44247399E+00    0.46720630E+00    0.47493286E+00    0.60682540E+00    0.61686095E+00    0.15170323E-01    0.15676239E-01    0.43816484E-02    0.44541112E-02    0.31443278E-01    0.32491883E-01    0.13173578E-03    0.50025811E-01    0.10914539E-03    0.14619037E+00
    0.32860269E+00    0.43393159E+00    0.44128174E+00    0.46718187E+00    0.47509522E+00    0.61156656E+00    0.62192557E+00    0.13135215E-01    0.13583965E-01    0.44745586E-02    0.45503508E-02    0.32200348E-01    0.33300437E-01    0.13454561E-03    0.51155076E-01    0.11125200E-03    0.14954285E+00
    0.32124583E+00    0.43258329E+00    0.44008479E+00    0.46721974E+00    0.47532188E+00    0.61656788E+00    0.62725989E+00    0.11151031E-01    0.11541128E-01    0.45668512E-02    0.46460457E-02    0.32960875E-01    0.34113947E-01    0.13733540E-03    0.52279546E-01    0.11331187E-03    0.15285557E+00
    0.31414167E+00    0.43122349E+00    0.43887511E+00    0.46734486E+00    0.47563741E+00    0.62181839E+00    0.63285191E+00    0.92142221E-02    0.95441167E-02    0.46564405E-02    0.47390642E-02    0.33695996E-01    0.34902406E-01    0.14003665E-03    0.53372903E-01    0.11531102E-03    0.15610866E+00
    0.30727698E+00    0.42985239E+00    0.43765332E+00    0.46756859E+00    0.47605399E+00    0.62727009E+00    0.63865374E+00    0.73328843E-02    0.76014527E-02    0.47440746E-02    0.48301698E-02    0.34410520E-01    0.35670813E-01    0.14267538E-03    0.54445115E-01    0.11727575E-03    0.15933851E+00
    0.30063901E+00    0.42847451E+00    0.43642473E+00    0.46788922E+00    0.47657077E+00    0.63290205E+00    0.64464537E+00    0.55186708E-02    0.57253655E-02    0.48309068E-02    0.49205429E-02    0.35117793E-01    0.36433085E-01    0.14528874E-03    0.55510531E-01    0.11922168E-03    0.16256770E+00
    0.29421551E+00    0.42709273E+00    0.43519269E+00    0.46829799E+00    0.47717942E+00    0.63875048E+00    0.65086460E+00    0.37644125E-02    0.39085532E-02    0.49173179E-02    0.50105765E-02    0.35820961E-01    0.37192558E-01    0.14788830E-03    0.56573730E-01    0.12115768E-03    0.16580980E+00
    0.28799472E+00    0.42570496E+00    0.43395542E+00    0.46878302E+00    0.47786837E+00    0.64484319E+00    0.65734070E+00    0.20612446E-02    0.21419155E-02    0.50040825E-02    0.51010651E-02    0.36529190E-01    0.37958833E-01    0.15049758E-03    0.57643853E-01    0.12309228E-03    0.16907743E+00
    0.28196538E+00    0.42431486E+00    0.43271664E+00    0.46933061E+00    0.47862374E+00    0.65115849E+00    0.66405195E+00    0.40392829E-03    0.42008287E-03    0.50915528E-02    0.51923697E-02    0.37248272E-01    0.38737968E-01    0.15312682E-03    0.58724851E-01    0.12502284E-03    0.17236670E+00
    0.27611674E+00    0.42293281E+00    0.43148719E+00    0.46992519E+00    0.47943006E+00    0.65765782E+00    0.67095983E+00   -0.12143767E-02   -0.12639983E-02    0.51802825E-02    0.52850606E-02    0.37984519E-01    0.39536634E-01    0.15579362E-03    0.59823638E-01    0.12695648E-03    0.17568819E+00
    0.27043853E+00    0.42157141E+00    0.43027989E+00    0.47054971E+00    0.48026994E+00    0.66432318E+00    0.67804623E+00   -0.28072846E-02   -0.29244636E-02    0.52700958E-02    0.53789611E-02    0.38735130E-01    0.40351975E-01    0.15849325E-03    0.60938474E-01    0.12889428E-03    0.17904391E+00
    0.26492096E+00    0.42023861E+00    0.42910271E+00    0.47118814E+00    0.48112692E+00    0.67112651E+00    0.68528259E+00   -0.43823205E-02   -0.45691431E-02    0.53605945E-02    0.54736656E-02    0.39494336E-01    0.41178018E-01    0.16121379E-03    0.62064831E-01    0.13083537E-03    0.18243310E+00
    0.25955473E+00    0.41893797E+00    0.42795916E+00    0.47182830E+00    0.48198841E+00    0.67803687E+00    0.69263737E+00   -0.59350739E-02   -0.61934316E-02    0.54514397E-02    0.55688282E-02    0.40257648E-01    0.42010090E-01    0.16394424E-03    0.63198483E-01    0.13277669E-03    0.18585182E+00
    0.25433098E+00    0.41766715E+00    0.42684695E+00    0.47246388E+00    0.48284805E+00    0.68503463E+00    0.70009084E+00   -0.74554016E-02   -0.77867239E-02    0.55425748E-02    0.56643937E-02    0.41024058E-01    0.42847190E-01    0.16668178E-03    0.64338440E-01    0.13471780E-03    0.18930030E+00
    0.24924133E+00    0.41641936E+00    0.42575944E+00    0.47309205E+00    0.48370327E+00    0.69211602E+00    0.70763983E+00   -0.89358600E-02   -0.93412093E-02    0.56343233E-02    0.57606984E-02    0.41797579E-01    0.43693604E-01    0.16943575E-03    0.65488469E-01    0.13666077E-03    0.19278264E+00
    0.24427780E+00    0.41518762E+00    0.42468976E+00    0.47371179E+00    0.48455334E+00    0.69929140E+00    0.71529565E+00   -0.10375109E-01   -0.10855441E-01    0.57270366E-02    0.58581077E-02    0.42583565E-01    0.44555036E-01    0.17221837E-03    0.66653469E-01    0.13860677E-03    0.19630137E+00
    0.23943286E+00    0.41396169E+00    0.42362753E+00    0.47432490E+00    0.48540020E+00    0.70658520E+00    0.72308368E+00   -0.11775547E-01   -0.12331876E-01    0.58204968E-02    0.59564031E-02    0.43380715E-01    0.45430211E-01    0.17502314E-03    0.67831079E-01    0.14054890E-03    0.19984778E+00
    0.23469936E+00    0.41272790E+00    0.42255890E+00    0.47493464E+00    0.48624737E+00    0.71402495E+00    0.73103271E+00   -0.13136552E-01   -0.13769819E-01    0.59143904E-02    0.60552686E-02    0.44185140E-01    0.46315150E-01    0.17783995E-03    0.69017558E-01    0.14248350E-03    0.20341830E+00
    0.23007055E+00    0.41147656E+00    0.42147407E+00    0.47554310E+00    0.48709722E+00    0.72163892E+00    0.73917235E+00   -0.14460682E-01   -0.15171911E-01    0.60085110E-02    0.61544978E-02    0.44993817E-01    0.47206778E-01    0.18066172E-03    0.70210351E-01    0.14440940E-03    0.20701309E+00
    0.22554007E+00    0.41020360E+00    0.42036925E+00    0.47615127E+00    0.48795122E+00    0.72944228E+00    0.74751927E+00   -0.15754469E-01   -0.16544997E-01    0.61031454E-02    0.62543931E-02    0.45810029E-01    0.48108686E-01    0.18349646E-03    0.71412838E-01    0.14632871E-03    0.21063721E+00
    0.22110188E+00    0.40890945E+00    0.41924504E+00    0.47675939E+00    0.48880995E+00    0.73742851E+00    0.75606774E+00   -0.17023826E-01   -0.17895290E-01    0.61984142E-02    0.63550852E-02    0.46635529E-01    0.49022842E-01    0.18634713E-03    0.72626396E-01    0.14824039E-03    0.21429073E+00
    0.21675032E+00    0.40759399E+00    0.41810192E+00    0.47736640E+00    0.48967309E+00    0.74557587E+00    0.76479711E+00   -0.18269848E-01   -0.19223999E-01    0.62948407E-02    0.64571242E-02    0.47475609E-01    0.49955042E-01    0.18922907E-03    0.73857425E-01    0.15015135E-03    0.21798672E+00
    0.21248002E+00    0.40625622E+00    0.41693928E+00    0.47797049E+00    0.49053937E+00    0.75386295E+00    0.77368679E+00   -0.19494787E-01   -0.20533552E-01    0.63927212E-02    0.65608265E-02    0.48333043E-01    0.50908431E-01    0.19215104E-03    0.75109742E-01    0.15206626E-03    0.22173480E+00
    0.20828595E+00    0.40489534E+00    0.41575649E+00    0.47856776E+00    0.49140513E+00    0.76229546E+00    0.78274370E+00   -0.20702244E-01   -0.21827798E-01    0.64921271E-02    0.66662756E-02    0.49209059E-01    0.51884492E-01    0.19511491E-03    0.76384397E-01    0.15398344E-03    0.22553473E+00
    0.20416335E+00    0.40351204E+00    0.41455439E+00    0.47915357E+00    0.49226590E+00    0.77089923E+00    0.79199536E+00   -0.21897324E-01   -0.23112190E-01    0.65929328E-02    0.67733524E-02    0.50101841E-01    0.52881496E-01    0.19811638E-03    0.77680037E-01    0.15590218E-03    0.22938809E+00
    0.20010776E+00    0.40210490E+00    0.41333189E+00    0.47972399E+00    0.49311815E+00    0.77968682E+00    0.80145610E+00   -0.23077683E-01   -0.24384357E-01    0.66953159E-02    0.68822528E-02    0.51012491E-01    0.53900851E-01    0.20116106E-03    0.78999289E-01    0.15782743E-03    0.23330541E+00
    0.19611496E+00    0.40067126E+00    0.41208648E+00    0.48027596E+00    0.49395913E+00    0.78864702E+00    0.81111576E+00   -0.24233852E-01   -0.25634379E-01    0.67993860E-02    0.69931021E-02    0.51941848E-01    0.54943679E-01    0.20425213E-03    0.80343806E-01    0.15976140E-03    0.23729297E+00
    0.19218101E+00    0.39920518E+00    0.41081223E+00    0.48080652E+00    0.49478617E+00    0.79776462E+00    0.82095996E+00   -0.25351475E-01   -0.26847116E-01    0.69052776E-02    0.71060514E-02    0.52892076E-01    0.56012508E-01    0.20739363E-03    0.81715575E-01    0.16170287E-03    0.24135149E+00
    0.18830220E+00    0.39770044E+00    0.40950299E+00    0.48131195E+00    0.49559583E+00    0.80704060E+00    0.83099113E+00   -0.26420926E-01   -0.28012382E-01    0.70129723E-02    0.72210962E-02    0.53863371E-01    0.57107813E-01    0.21058468E-03    0.83114702E-01    0.16364920E-03    0.24548041E+00
    0.18447502E+00    0.39615315E+00    0.40815506E+00    0.48178685E+00    0.49638313E+00    0.81648557E+00    0.84122194E+00   -0.27436793E-01   -0.29124435E-01    0.71224672E-02    0.73382506E-02    0.54855740E-01    0.58229926E-01    0.21382479E-03    0.84541562E-01    0.16559920E-03    0.24968231E+00
    0.18069621E+00    0.39456263E+00    0.40676827E+00    0.48222396E+00    0.49714137E+00    0.82610438E+00    0.85165961E+00   -0.28392459E-01   -0.30176249E-01    0.72339139E-02    0.74576922E-02    0.55870605E-01    0.59380742E-01    0.21711762E-03    0.85998299E-01    0.16755344E-03    0.25396328E+00
    0.17696268E+00    0.39292907E+00    0.40534360E+00    0.48261302E+00    0.49786109E+00    0.83590111E+00    0.86231125E+00   -0.29275766E-01   -0.31154915E-01    0.73477403E-02    0.75798909E-02    0.56912335E-01    0.60565417E-01    0.22047482E-03    0.87490426E-01    0.16951564E-03    0.25833568E+00
    0.17327155E+00    0.39125338E+00    0.40388266E+00    0.48294304E+00    0.49853197E+00    0.84588365E+00    0.87318797E+00   -0.30073485E-01   -0.32046306E-01    0.74642026E-02    0.77051399E-02    0.57983338E-01    0.61787046E-01    0.22390268E-03    0.89021378E-01    0.17148777E-03    0.26280967E+00
    0.16962011E+00    0.38953656E+00    0.40238723E+00    0.48320458E+00    0.49914532E+00    0.85605751E+00    0.88429853E+00   -0.30776417E-01   -0.32840517E-01    0.75834427E-02    0.78336176E-02    0.59084042E-01    0.63046665E-01    0.22740400E-03    0.90593305E-01    0.17347304E-03    0.26739841E+00
    0.16600582E+00    0.38777875E+00    0.40085826E+00    0.48339049E+00    0.49969491E+00    0.86643131E+00    0.89565544E+00   -0.31379260E-01   -0.33531761E-01    0.77058075E-02    0.79657190E-02    0.60217203E-01    0.64347879E-01    0.23098813E-03    0.92211094E-01    0.17547659E-03    0.27211883E+00
    0.16242629E+00    0.38598045E+00    0.39929721E+00    0.48349596E+00    0.50017712E+00    0.87702090E+00    0.90727911E+00   -0.31879160E-01   -0.34116841E-01    0.78318867E-02    0.81020957E-02    0.61388884E-01    0.65697928E-01    0.23467085E-03    0.93882339E-01    0.17750282E-03    0.27698709E+00
    0.15887929E+00    0.38414465E+00    0.39770798E+00    0.48351862E+00    0.50059064E+00    0.88784686E+00    0.91919484E+00   -0.32275692E-01   -0.34595100E-01    0.79622532E-02    0.82433835E-02    0.62605558E-01    0.67104543E-01    0.23846725E-03    0.95614379E-01    0.17955344E-03    0.28201462E+00
    0.15536273E+00    0.38227459E+00    0.39609472E+00    0.48345782E+00    0.50093597E+00    0.89893231E+00    0.93143084E+00   -0.32571243E-01   -0.34968869E-01    0.80974160E-02    0.83901568E-02    0.63873645E-01    0.68575494E-01    0.24238958E-03    0.97413548E-01    0.18162637E-03    0.28720740E+00
    0.15187465E+00    0.38037050E+00    0.39445855E+00    0.48331399E+00    0.50121482E+00    0.91029314E+00    0.94400830E+00   -0.32768688E-01   -0.35240994E-01    0.82378112E-02    0.85429208E-02    0.65198385E-01    0.70117419E-01    0.24644827E-03    0.99285640E-01    0.18371987E-03    0.29257299E+00
    0.14841320E+00    0.37842988E+00    0.39279754E+00    0.48308942E+00    0.50143064E+00    0.92193370E+00    0.95693629E+00   -0.32866535E-01   -0.35409565E-01    0.83836169E-02    0.87019135E-02    0.66582889E-01    0.71734703E-01    0.25064459E-03    0.10123277E+00    0.18582512E-03    0.29810745E+00
    0.14497667E+00    0.37645032E+00    0.39110978E+00    0.48278820E+00    0.50158860E+00    0.93387626E+00    0.97024262E+00   -0.32869341E-01   -0.35479135E-01    0.85347427E-02    0.88670967E-02    0.68026161E-01    0.73427372E-01    0.25497279E-03    0.10325432E+00    0.18793645E-03    0.30381299E+00
    0.14156345E+00    0.37442995E+00    0.38939424E+00    0.48241270E+00    0.50169257E+00    0.94613791E+00    0.98395080E+00   -0.32783340E-01   -0.35456109E-01    0.86912254E-02    0.90385747E-02    0.69528012E-01    0.75196511E-01    0.25943287E-03    0.10535230E+00    0.19005151E-03    0.30969936E+00
    0.13817202E+00    0.37236263E+00    0.38764569E+00    0.48196362E+00    0.50174509E+00    0.95871038E+00    0.99805919E+00   -0.32606987E-01   -0.35338524E-01    0.88534265E-02    0.92168019E-02    0.71091803E-01    0.77047271E-01    0.26403264E-03    0.10753225E+00    0.19216894E-03    0.31577967E+00
    0.13480098E+00    0.37023306E+00    0.38584970E+00    0.48143834E+00    0.50174569E+00    0.97158189E+00    0.10125638E+01   -0.32331519E-01   -0.35116567E-01    0.90219808E-02    0.94025331E-02    0.72723710E-01    0.78988155E-01    0.26878742E-03    0.10980320E+00    0.19429014E-03    0.32207405E+00
    0.13144899E+00    0.36802238E+00    0.38398787E+00    0.48083185E+00    0.50169122E+00    0.98475742E+00    0.10274780E+01   -0.31952062E-01   -0.34784474E-01    0.91973270E-02    0.95963240E-02    0.74427882E-01    0.81025592E-01    0.27370578E-03    0.11217155E+00    0.19641414E-03    0.32859916E+00
    0.12811483E+00    0.36571042E+00    0.38204071E+00    0.48013384E+00    0.50157354E+00    0.99824639E+00    0.10428217E+01   -0.31468378E-01   -0.34341477E-01    0.93802103E-02    0.97990705E-02    0.76212495E-01    0.83170784E-01    0.27880495E-03    0.11464781E+00    0.19853879E-03    0.33537208E+00
    0.12479733E+00    0.36327771E+00    0.37998956E+00    0.47932996E+00    0.50138055E+00    0.10120416E+01    0.10585985E+01   -0.30876960E-01   -0.33783167E-01    0.95714584E-02    0.10011774E-01    0.78087318E-01    0.85437065E-01    0.28410244E-03    0.11724311E+00    0.20065515E-03    0.34239991E+00
    0.12149540E+00    0.36070526E+00    0.37781651E+00    0.47840334E+00    0.50109798E+00    0.10261286E+01    0.10748064E+01   -0.30168653E-01   -0.33098844E-01    0.97720188E-02    0.10235587E-01    0.80063506E-01    0.87839834E-01    0.28961630E-03    0.11996952E+00    0.20275123E-03    0.34968789E+00
    0.11820805E+00    0.35796745E+00    0.37549696E+00    0.47733699E+00    0.50071199E+00    0.10405027E+01    0.10914557E+01   -0.29330070E-01   -0.32272967E-01    0.99829636E-02    0.10471825E-01    0.82152578E-01    0.90395537E-01    0.29536631E-03    0.12284071E+00    0.20481758E-03    0.35724951E+00
    0.11493430E+00    0.35503213E+00    0.37299933E+00    0.47611558E+00    0.50021048E+00    0.10551543E+01    0.11085527E+01   -0.28345296E-01   -0.31286846E-01    0.10205103E-01    0.10721555E-01    0.84362388E-01    0.93117145E-01    0.30136451E-03    0.12586783E+00    0.20684389E-03    0.36509959E+00
    0.11167329E+00    0.35186345E+00    0.37028828E+00    0.47472596E+00    0.49958431E+00    0.10700651E+01    0.11260975E+01   -0.27200988E-01   -0.30124254E-01    0.10439476E-01    0.10986125E-01    0.86702887E-01    0.96020768E-01    0.30762662E-03    0.12906460E+00    0.20881832E-03    0.37325417E+00
    0.10842417E+00    0.34842233E+00    0.36732565E+00    0.47315575E+00    0.49882636E+00    0.10852122E+01    0.11440893E+01   -0.25884149E-01   -0.28768978E-01    0.10687532E-01    0.11267374E-01    0.89187169E-01    0.99127218E-01    0.31417880E-03    0.13245075E+00    0.21073518E-03    0.38174803E+00
    0.10518618E+00    0.34467068E+00    0.36407460E+00    0.47139166E+00    0.49792959E+00    0.11006080E+01    0.11625689E+01   -0.24388300E-01   -0.27211570E-01    0.10951081E-01    0.11567594E-01    0.91832132E-01    0.10246292E+00    0.32105541E-03    0.13605123E+00    0.21258692E-03    0.39061854E+00
    0.10195857E+00    0.34057126E+00    0.36049960E+00    0.46941644E+00    0.49688407E+00    0.11162952E+01    0.11816146E+01   -0.22717495E-01   -0.25453881E-01    0.11232402E-01    0.11889659E-01    0.94659320E-01    0.10606130E+00    0.32829984E-03    0.13989700E+00    0.21436332E-03    0.39990465E+00
    0.98740688E-01    0.33607842E+00    0.35655611E+00    0.46721157E+00    0.49567938E+00    0.11322963E+01    0.12012886E+01   -0.20870707E-01   -0.23491550E-01    0.11533664E-01    0.12236425E-01    0.97688570E-01    0.10995584E+00    0.33594990E-03    0.14401905E+00    0.21604732E-03    0.40963924E+00
    0.95531882E-01    0.33113776E+00    0.35218995E+00    0.46476003E+00    0.49430729E+00    0.11485909E+01    0.12216129E+01   -0.18831338E-01   -0.21301867E-01    0.11857027E-01    0.12610842E-01    0.10093992E+00    0.11418247E+00    0.34403473E-03    0.14844709E+00    0.21760432E-03    0.41982397E+00
    0.92331562E-01    0.32569437E+00    0.34734709E+00    0.46204195E+00    0.49275929E+00    0.11651256E+01    0.12425852E+01   -0.16579842E-01   -0.18857635E-01    0.12205674E-01    0.13017128E-01    0.10444316E+00    0.11879190E+00    0.35259968E-03    0.15322212E+00    0.21899299E-03    0.43045432E+00
    0.89139174E-01    0.31969447E+00    0.34197425E+00    0.45904018E+00    0.49103109E+00    0.11818371E+01    0.12642004E+01   -0.14094747E-01   -0.16127754E-01    0.12583007E-01    0.13459928E-01    0.10822978E+00    0.12384069E+00    0.36168048E-03    0.15838497E+00    0.22015528E-03    0.44149141E+00
    0.85954197E-01    0.31308361E+00    0.33601653E+00    0.45573958E+00    0.48912183E+00    0.11986897E+01    0.12864920E+01   -0.11367159E-01   -0.13093403E-01    0.12991546E-01    0.13943157E-01    0.11231810E+00    0.12937500E+00    0.37128083E-03    0.16396739E+00    0.22103460E-03    0.45290714E+00
    0.82776147E-01    0.30581395E+00    0.32942678E+00    0.45211274E+00    0.48702174E+00    0.12156172E+01    0.13094787E+01   -0.84100679E-02   -0.97589415E-02    0.13434773E-01    0.14472112E-01    0.11673335E+00    0.13545598E+00    0.38142190E-03    0.17001624E+00    0.22156651E-03    0.46466014E+00
    0.79604570E-01    0.29785088E+00    0.32217151E+00    0.44811792E+00    0.48470840E+00    0.12324766E+01    0.13331129E+01   -0.52455246E-02   -0.61371312E-02    0.13916323E-01    0.15052642E-01    0.12149894E+00    0.14215069E+00    0.39210911E-03    0.17657928E+00    0.22167443E-03    0.47667859E+00
    0.76439043E-01    0.28917542E+00    0.31423437E+00    0.44369618E+00    0.48214536E+00    0.12490420E+01    0.13572797E+01   -0.19068485E-02   -0.22516495E-02    0.14440229E-01    0.15691570E-01    0.12663624E+00    0.14953491E+00    0.40333878E-03    0.18371112E+00    0.22128511E-03    0.48889490E+00
    0.73279168E-01    0.27978170E+00    0.30561376E+00    0.43877292E+00    0.47928454E+00    0.12650085E+01    0.13818059E+01    0.15569046E-02    0.18576728E-02    0.15011239E-01    0.16397217E-01    0.13216792E+00    0.15770058E+00    0.41511159E-03    0.19148220E+00    0.22032007E-03    0.50121074E+00
    0.70124575E-01    0.26966537E+00    0.29630900E+00    0.43326714E+00    0.47607505E+00    0.12800267E+01    0.14064967E+01    0.50863525E-02    0.61410947E-02    0.15634116E-01    0.17178807E-01    0.13811166E+00    0.16675148E+00    0.42739467E-03    0.19996318E+00    0.21866142E-03    0.51338821E+00
    0.66974918E-01    0.25881936E+00    0.28631590E+00    0.42708375E+00    0.47245643E+00    0.12936344E+01    0.14310680E+01    0.86100354E-02    0.10536646E-01    0.16313375E-01    0.18046481E-01    0.14447260E+00    0.17680027E+00    0.44011144E-03    0.20922479E+00    0.21617839E-03    0.52509372E+00
    0.63829873E-01    0.24724145E+00    0.27563364E+00    0.42012439E+00    0.46836973E+00    0.13051269E+01    0.14550023E+01    0.12051114E-01    0.14977836E-01    0.17053645E-01    0.19012015E-01    0.15124670E+00    0.18797832E+00    0.45313767E-03    0.21933768E+00    0.21271033E-03    0.53577212E+00
    0.60689138E-01    0.23492378E+00    0.26424887E+00    0.41229581E+00    0.46376192E+00    0.13135742E+01    0.14775452E+01    0.15359210E-01    0.19433060E-01    0.17855986E-01    0.20084915E-01    0.15838150E+00    0.20039033E+00    0.46620115E-03    0.23032240E+00    0.20808266E-03    0.54464113E+00
    0.57552429E-01    0.22184323E+00    0.25212408E+00    0.40350611E+00    0.45858332E+00    0.13178686E+01    0.14977533E+01    0.18509137E-01    0.23906856E-01    0.18716662E-01    0.21271424E-01    0.16576027E+00    0.21410003E+00    0.47886783E-03    0.24214276E+00    0.20217366E-03    0.55084197E+00
    0.54419483E-01    0.20797910E+00    0.23921462E+00    0.39366781E+00    0.45279114E+00    0.13167077E+01    0.15144586E+01    0.21457212E-01    0.28386335E-01    0.19626552E-01    0.22574183E-01    0.17319726E+00    0.22912742E+00    0.49054695E-03    0.25470294E+00    0.19492739E-03    0.55340321E+00
    0.51290053E-01    0.19334567E+00    0.22550405E+00    0.38268765E+00    0.44633850E+00    0.13085793E+01    0.15262299E+01    0.24133352E-01    0.32828985E-01    0.20571837E-01    0.23993466E-01    0.18044887E+00    0.24546748E+00    0.50051411E-03    0.26784994E+00    0.18633098E-03    0.55108810E+00
    0.48163908E-01    0.17800863E+00    0.21101807E+00    0.37045781E+00    0.43915452E+00    0.12920104E+01    0.15315974E+01    0.26403650E-01    0.37104036E-01    0.21528849E-01    0.25521102E-01    0.18716725E+00    0.26301896E+00    0.50777441E-03    0.28127571E+00    0.17649831E-03    0.54268251E+00
    0.45040832E-01    0.16210656E+00    0.19585103E+00    0.35685139E+00    0.43113439E+00    0.12655731E+01    0.15290177E+01    0.28098298E-01    0.41013854E-01    0.22460392E-01    0.27135799E-01    0.19286813E+00    0.28152116E+00    0.51105344E-03    0.29447177E+00    0.16589944E-03    0.52789355E+00
    0.41920623E-01    0.14581911E+00    0.18012752E+00    0.34174493E+00    0.42215089E+00    0.12279129E+01    0.15168170E+01    0.29046748E-01    0.44322962E-01    0.23311784E-01    0.28796596E-01    0.19692230E+00    0.30048732E+00    0.50878307E-03    0.30663873E+00    0.15541807E-03    0.50777070E+00
    0.38803094E-01    0.12938224E+00    0.16402192E+00    0.32500794E+00    0.41202276E+00    0.11775968E+01    0.14928763E+01    0.29112308E-01    0.46787636E-01    0.24005416E-01    0.30432419E-01    0.19853970E+00    0.31908165E+00    0.49911718E-03    0.31656835E+00    0.14644663E-03    0.48534391E+00
    0.35688068E-01    0.11309386E+00    0.14776894E+00    0.30650869E+00    0.40048560E+00    0.11137194E+01    0.14551906E+01    0.28230377E-01    0.48195324E-01    0.24431007E-01    0.31921661E-01    0.19674666E+00    0.33588885E+00    0.47988368E-03    0.32240865E+00    0.14076823E-03    0.46536409E+00
    0.32575381E-01    0.97273715E-01    0.13162285E+00    0.28617164E+00    0.38722410E+00    0.10361370E+01    0.14020160E+01    0.26391281E-01    0.48320569E-01    0.24437668E-01    0.33067057E-01    0.19039640E+00    0.34860235E+00    0.44881950E-03    0.32152679E+00    0.14005679E-03    0.45211887E+00
    0.29464880E-01    0.82264219E-01    0.11585047E+00    0.26402579E+00    0.37182037E+00    0.94619391E+00    0.13324992E+01    0.23688926E-01    0.46980649E-01    0.23844839E-01    0.33580040E-01    0.17843326E+00    0.35387466E+00    0.40423010E-03    0.31053496E+00    0.14417164E-03    0.44319863E+00
    0.26356420E-01    0.68401633E-01    0.10070401E+00    0.24021206E+00    0.35365117E+00    0.84782407E+00    0.12482053E+01    0.20307800E-01    0.44017305E-01    0.22459288E-01    0.33065589E-01    0.16016129E+00    0.34715079E+00    0.34563875E-03    0.28561490E+00    0.15053781E-03    0.42950742E+00
    0.23249868E-01    0.55890558E-01    0.86260750E-01    0.21511064E+00    0.33199892E+00    0.74644921E+00    0.11520599E+01    0.16485038E-01    0.39268068E-01    0.20157435E-01    0.31110720E-01    0.13586959E+00    0.32364719E+00    0.27514074E-03    0.24414983E+00    0.15500675E-03    0.40192902E+00
    0.20145098E-01    0.44759592E-01    0.72402453E-01    0.18935028E+00    0.30629021E+00    0.64622673E+00    0.10453268E+01    0.12525577E-01    0.32774199E-01    0.17044370E-01    0.27570721E-01    0.10760078E+00    0.28154626E+00    0.19917859E-03    0.18828545E+00    0.15326352E-03    0.35694485E+00
    0.17041993E-01    0.34926420E-01    0.58975328E-01    0.16354701E+00    0.27615882E+00    0.54870772E+00    0.92652548E+00    0.88453379E-02    0.25220113E-01    0.13674237E-01    0.23089760E-01    0.80016092E-01    0.22814446E+00    0.12989211E-03    0.12900601E+00    0.14291768E-03    0.29892728E+00
    0.13940444E-01    0.26209569E-01    0.45896134E-01    0.13773223E+00    0.24118585E+00    0.45216246E+00    0.79179133E+00    0.57331011E-02    0.17580129E-01    0.10857482E-01    0.19012768E-01    0.58409102E-01    0.17910718E+00    0.79194021E-04    0.81370489E-01    0.12670325E-03    0.24052322E+00
    0.10840348E-01    0.18403570E-01    0.33210347E-01    0.11127756E+00    0.20080703E+00    0.35410451E+00    0.63900283E+00    0.32896503E-02    0.10712538E-01    0.89738473E-02    0.16193846E-01    0.44444206E-01    0.14472975E+00    0.48863503E-04    0.51321307E-01    0.11041551E-03    0.19313735E+00
    0.77416096E-02    0.11526126E-01    0.21336770E-01    0.83281296E-01    0.15416749E+00    0.25371467E+00    0.46966793E+00    0.15488075E-02    0.53074766E-02    0.77859823E-02    0.14413144E-01    0.35775445E-01    0.12259582E+00    0.31490218E-04    0.33556826E-01    0.97272326E-04    0.15895847E+00
    0.46441401E-02    0.58681235E-02    0.11108217E-01    0.52907664E-01    0.10015294E+00    0.15214177E+00    0.28800073E+00    0.50269509E-03    0.18013367E-02    0.70055368E-02    0.13261313E-01    0.30129382E-01    0.10796437E+00    0.21237350E-04    0.22854340E-01    0.87327281E-04    0.13474611E+00
    0.15478559E-02    0.17096039E-02    0.33016383E-02    0.19296415E-01    0.37265814E-01    0.50900311E-01    0.98300207E-01    0.50161300E-04    0.18708405E-03    0.64512604E-02    0.12458868E-01    0.26150448E-01    0.97531997E-01    0.14636062E-04    0.15855786E-01    0.79802047E-04    0.11719694E+00
