    0.98804736E+00    0.33306671E+00    0.33685833E+00    0.33363846E+00    0.33743659E+00    0.48494293E+00    0.49046350E+00   -0.98013935E-03   -0.10025821E-02    0.20615079E-02    0.20849760E-02    0.13936823E-01    0.14255941E-01    0.61603994E-04    0.23033728E-01    0.52602641E-04    0.67368232E-01
    0.96416614E+00    0.34088448E+00    0.34478512E+00    0.35861935E+00    0.36272291E+00    0.48619691E+00    0.49176031E+00   -0.27752542E-02   -0.28391302E-02    0.20966485E-02    0.21206398E-02    0.14178844E-01    0.14505189E-01    0.62653975E-04    0.23430564E-01    0.53505393E-04    0.68560641E-01
    0.94035691E+00    0.34989122E+00    0.35392359E+00    0.35775288E+00    0.36187585E+00    0.48696819E+00    0.49258032E+00   -0.54321982E-02   -0.55581279E-02    0.21405442E-02    0.21652131E-02    0.14503522E-01    0.14839744E-01    0.63981895E-04    0.23933239E-01    0.54611538E-04    0.70029588E-01
    0.91666693E+00    0.35363597E+00    0.35774815E+00    0.35781813E+00    0.36197894E+00    0.48920787E+00    0.49489652E+00   -0.90877476E-02   -0.93003265E-02    0.21790022E-02    0.22043403E-02    0.14790504E-01    0.15136481E-01    0.65145233E-04    0.24376361E-01    0.55573725E-04    0.71331284E-01
    0.89314236E+00    0.35599870E+00    0.36018411E+00    0.35800841E+00    0.36221744E+00    0.49348229E+00    0.49928407E+00   -0.13194797E-01   -0.13506879E-01    0.22112847E-02    0.22372823E-02    0.15018707E-01    0.15373927E-01    0.66109616E-04    0.24747371E-01    0.56390219E-04    0.72466474E-01
    0.86982789E+00    0.35784925E+00    0.36211116E+00    0.35854899E+00    0.36281923E+00    0.49913148E+00    0.50507603E+00   -0.17045386E-01   -0.17453817E-01    0.22486381E-02    0.22754189E-02    0.15282683E-01    0.15648877E-01    0.67225292E-04    0.25177304E-01    0.57337037E-04    0.73788941E-01
    0.84676631E+00    0.35955393E+00    0.36390142E+00    0.35960142E+00    0.36394948E+00    0.50526180E+00    0.51137110E+00   -0.20336433E-01   -0.20831196E-01    0.22992402E-02    0.23270411E-02    0.15644140E-01    0.16024744E-01    0.68740844E-04    0.25759757E-01    0.58616753E-04    0.75563565E-01
    0.82399821E+00    0.36123003E+00    0.36567361E+00    0.36113494E+00    0.36557736E+00    0.51162214E+00    0.51791574E+00   -0.23116018E-01   -0.23688228E-01    0.23586026E-02    0.23876164E-02    0.16064045E-01    0.16461692E-01    0.70515170E-04    0.26442251E-01    0.60121991E-04    0.77655627E-01
    0.80156166E+00    0.36292636E+00    0.36747597E+00    0.36337261E+00    0.36792781E+00    0.51860462E+00    0.52510580E+00   -0.25732968E-01   -0.26382184E-01    0.24210161E-02    0.24513657E-02    0.16502637E-01    0.16918981E-01    0.72376873E-04    0.27160565E-01    0.61704626E-04    0.79874499E-01
    0.77949196E+00    0.36469709E+00    0.36936054E+00    0.36660253E+00    0.37129035E+00    0.52586724E+00    0.53259161E+00   -0.28560581E-01   -0.29295670E-01    0.24843580E-02    0.25161259E-02    0.16949032E-01    0.17385265E-01    0.74265681E-04    0.27891584E-01    0.63305531E-04    0.82139424E-01
    0.75782141E+00    0.36664567E+00    0.37143492E+00    0.37082073E+00    0.37566453E+00    0.53367719E+00    0.54064827E+00   -0.31707420E-01   -0.32541177E-01    0.25539313E-02    0.25872917E-02    0.17449490E-01    0.17908331E-01    0.76347148E-04    0.28698279E-01    0.65052396E-04    0.84622763E-01
    0.73657918E+00    0.36894457E+00    0.37387776E+00    0.37580278E+00    0.38082767E+00    0.54274963E+00    0.55000679E+00   -0.35097163E-01   -0.36042013E-01    0.26288246E-02    0.26639749E-02    0.17996602E-01    0.18481088E-01    0.78592312E-04    0.29571055E-01    0.66918399E-04    0.87300943E-01
    0.71579117E+00    0.37165256E+00    0.37675004E+00    0.38103717E+00    0.38626337E+00    0.55322980E+00    0.56081775E+00   -0.38636447E-01   -0.39703569E-01    0.27076784E-02    0.27448162E-02    0.18570988E-01    0.19083911E-01    0.80952348E-04    0.30492221E-01    0.68877870E-04    0.90146779E-01
    0.69547996E+00    0.37468905E+00    0.37996754E+00    0.38603213E+00    0.39147041E+00    0.56539868E+00    0.57336382E+00   -0.42331348E-01   -0.43532448E-01    0.27914851E-02    0.28308106E-02    0.19184127E-01    0.19728453E-01    0.83460758E-04    0.31473951E-01    0.70956654E-04    0.93190291E-01
    0.67566478E+00    0.37795379E+00    0.38342677E+00    0.39069163E+00    0.39634907E+00    0.57950630E+00    0.58789788E+00   -0.46340590E-01   -0.47692384E-01    0.28790553E-02    0.29207457E-02    0.19830454E-01    0.20408925E-01    0.86084252E-04    0.32503452E-01    0.73120963E-04    0.96385063E-01
    0.65636157E+00    0.38138983E+00    0.38706911E+00    0.39537799E+00    0.40126558E+00    0.59519894E+00    0.60406206E+00   -0.50721169E-01   -0.52242996E-01    0.29674733E-02    0.30116620E-02    0.20485092E-01    0.21099723E-01    0.88731981E-04    0.33546399E-01    0.75299338E-04    0.99637023E-01
    0.63758298E+00    0.38502985E+00    0.39092868E+00    0.40059348E+00    0.40673076E+00    0.61178435E+00    0.62115717E+00   -0.55408749E-01   -0.57119529E-01    0.30565195E-02    0.31033468E-02    0.21147923E-01    0.21800879E-01    0.91398098E-04    0.34600941E-01    0.77482642E-04    0.10293741E+00
    0.61933854E+00    0.38887979E+00    0.39501349E+00    0.40626171E+00    0.41266956E+00    0.62870506E+00    0.63862145E+00   -0.60373496E-01   -0.62293025E-01    0.31497849E-02    0.31994656E-02    0.21847661E-01    0.22542291E-01    0.94192237E-04    0.35709218E-01    0.79755165E-04    0.10640372E+00
    0.60163475E+00    0.39280511E+00    0.39918608E+00    0.41212245E+00    0.41881722E+00    0.64602455E+00    0.65651896E+00   -0.65619223E-01   -0.67768455E-01    0.32506141E-02    0.33034190E-02    0.22610370E-01    0.23350930E-01    0.97216621E-04    0.36910006E-01    0.82200718E-04    0.11014767E+00
    0.58447523E+00    0.39669123E+00    0.40332658E+00    0.41833861E+00    0.42533605E+00    0.66405512E+00    0.67516259E+00   -0.71018307E-01   -0.73413985E-01    0.33569225E-02    0.34130728E-02    0.23422735E-01    0.24212860E-01    0.10041019E-03    0.38179543E-01    0.84764095E-04    0.11408978E+00
    0.56786093E+00    0.40052277E+00    0.40741540E+00    0.42520993E+00    0.43252740E+00    0.68297854E+00    0.69473197E+00   -0.76310847E-01   -0.78959925E-01    0.34616645E-02    0.35212365E-02    0.24227725E-01    0.25068774E-01    0.10355663E-03    0.39434715E-01    0.87277280E-04    0.11799663E+00
    0.55179031E+00    0.40435781E+00    0.41151046E+00    0.43280959E+00    0.44046552E+00    0.70276309E+00    0.71519422E+00   -0.81336399E-01   -0.84239356E-01    0.35605097E-02    0.36234913E-02    0.24988980E-01    0.25880855E-01    0.10652261E-03    0.40624357E-01    0.89642645E-04    0.12173326E+00
    0.53625952E+00    0.40831988E+00    0.41573754E+00    0.44075528E+00    0.44876218E+00    0.72323608E+00    0.73637462E+00   -0.86261370E-01   -0.89423939E-01    0.36511270E-02    0.37174545E-02    0.25684260E-01    0.26625912E-01    0.10923452E-03    0.41720111E-01    0.91809271E-04    0.12522887E+00
    0.52126264E+00    0.41250178E+00    0.42019414E+00    0.44844786E+00    0.45681055E+00    0.74384459E+00    0.75771585E+00   -0.91226735E-01   -0.94660865E-01    0.37368197E-02    0.38065042E-02    0.26338616E-01    0.27330104E-01    0.11179199E-03    0.42760503E-01    0.93857998E-04    0.12859847E+00
    0.50679188E+00    0.41689620E+00    0.42487615E+00    0.45549283E+00    0.46421156E+00    0.76373718E+00    0.77835611E+00   -0.96188193E-01   -0.99905773E-01    0.38210173E-02    0.38941566E-02    0.26981392E-01    0.28024197E-01    0.11430110E-03    0.43786853E-01    0.95868282E-04    0.13195782E+00
    0.49283781E+00    0.42141379E+00    0.42969495E+00    0.46180901E+00    0.47088397E+00    0.78275162E+00    0.79813339E+00   -0.10118796E+00   -0.10520390E+00    0.39060082E-02    0.39827648E-02    0.27637249E-01    0.28734115E-01    0.11683566E-03    0.44828104E-01    0.97878805E-04    0.13536596E+00
    0.47938952E+00    0.42593542E+00    0.43453102E+00    0.46759105E+00    0.47702727E+00    0.80110254E+00    0.81726920E+00   -0.10635065E+00   -0.11068638E+00    0.39941325E-02    0.40747361E-02    0.28327908E-01    0.29482788E-01    0.11946835E-03    0.45912845E-01    0.99936339E-04    0.13889332E+00
    0.46643490E+00    0.43034794E+00    0.43926746E+00    0.47310738E+00    0.48291314E+00    0.81909093E+00    0.83606765E+00   -0.11168777E+00   -0.11636549E+00    0.40849338E-02    0.41695993E-02    0.29047357E-01    0.30263923E-01    0.12218319E-03    0.47034710E-01    0.10203382E-03    0.14252793E+00
    0.45396077E+00    0.43457816E+00    0.44382789E+00    0.47845162E+00    0.48863517E+00    0.83712522E+00    0.85494291E+00   -0.11711797E+00   -0.12215660E+00    0.41774983E-02    0.42664138E-02    0.29784283E-01    0.31065657E-01    0.12495017E-03    0.48181877E-01    0.10416005E-03    0.14625183E+00
    0.44195308E+00    0.43860517E+00    0.44818973E+00    0.48356547E+00    0.49413253E+00    0.85562569E+00    0.87432314E+00   -0.12252706E+00   -0.12794058E+00    0.42711655E-02    0.43645006E-02    0.30531348E-01    0.31880293E-01    0.12774850E-03    0.49346175E-01    0.10630425E-03    0.15004874E+00
    0.43039709E+00    0.44241714E+00    0.45233979E+00    0.48840776E+00    0.49936190E+00    0.87457937E+00    0.89419468E+00   -0.12777977E+00   -0.13357581E+00    0.43660727E-02    0.44639961E-02    0.31290802E-01    0.32710139E-01    0.13058313E-03    0.50529345E-01    0.10846683E-03    0.15391753E+00
    0.41927754E+00    0.44600408E+00    0.45626654E+00    0.49302271E+00    0.50436706E+00    0.89383659E+00    0.91440358E+00   -0.13283428E+00   -0.13901759E+00    0.44621316E-02    0.45648043E-02    0.32065572E-01    0.33558193E-01    0.13345357E-03    0.51730959E-01    0.11063645E-03    0.15783952E+00
    0.40857878E+00    0.44936984E+00    0.45997270E+00    0.49755234E+00    0.50929207E+00    0.91306047E+00    0.93460409E+00   -0.13767253E+00   -0.14424593E+00    0.45587862E-02    0.46663505E-02    0.32852515E-01    0.34421111E-01    0.13634307E-03    0.52944315E-01    0.11279491E-03    0.16178638E+00
    0.39828490E+00    0.45252861E+00    0.46347183E+00    0.50214861E+00    0.51429176E+00    0.93186747E+00    0.95440225E+00   -0.14228134E+00   -0.14924595E+00    0.46557301E-02    0.47683168E-02    0.33645940E-01    0.35292893E-01    0.13924123E-03    0.54165221E-01    0.11494396E-03    0.16575912E+00
    0.38837987E+00    0.45549450E+00    0.46677770E+00    0.50683937E+00    0.51939446E+00    0.95006287E+00    0.97359719E+00   -0.14671224E+00   -0.15407078E+00    0.47529875E-02    0.48707253E-02    0.34448042E-01    0.36175827E-01    0.14214994E-03    0.55394304E-01    0.11707914E-03    0.16974975E+00
    0.37884764E+00    0.45828596E+00    0.46990885E+00    0.51154723E+00    0.52452091E+00    0.96766705E+00    0.99220868E+00   -0.15102653E+00   -0.15878423E+00    0.48495482E-02    0.49725408E-02    0.35249194E-01    0.37059823E-01    0.14503673E-03    0.56618943E-01    0.11917902E-03    0.17372770E+00
    0.36967222E+00    0.46092399E+00    0.47288639E+00    0.51620451E+00    0.52960161E+00    0.98478571E+00    0.10103439E+01   -0.15525122E+00   -0.16341429E+00    0.49441941E-02    0.50725112E-02    0.36035769E-01    0.37930521E-01    0.14786202E-03    0.57823650E-01    0.12122442E-03    0.17766539E+00
    0.36083778E+00    0.46343426E+00    0.47573740E+00    0.52076661E+00    0.53459179E+00    0.10013917E+01    0.10279764E+01   -0.15938005E+00   -0.16795475E+00    0.50374580E-02    0.51711912E-02    0.36811011E-01    0.38791454E-01    0.15064144E-03    0.59014797E-01    0.12323059E-03    0.18158795E+00
    0.35232874E+00    0.46584324E+00    0.47849047E+00    0.52518723E+00    0.53944559E+00    0.10173899E+01    0.10450111E+01   -0.16339143E+00   -0.17238373E+00    0.51316619E-02    0.52709820E-02    0.37597148E-01    0.39666318E-01    0.15344718E-03    0.60221157E-01    0.12524137E-03    0.18556377E+00
    0.34412978E+00    0.46817248E+00    0.48116757E+00    0.52942802E+00    0.54412338E+00    0.10328005E+01    0.10614680E+01   -0.16728149E+00   -0.17669686E+00    0.52273091E-02    0.53724038E-02    0.38400512E-01    0.40561868E-01    0.15629594E-03    0.61449352E-01    0.12726280E-03    0.18960156E+00
    0.33622596E+00    0.47044724E+00    0.48379349E+00    0.53345826E+00    0.54859208E+00    0.10477563E+01    0.10774804E+01   -0.17107458E+00   -0.18091879E+00    0.53232750E-02    0.54742925E-02    0.39210399E-01    0.41466698E-01    0.15915316E-03    0.62685530E-01    0.12927346E-03    0.19366711E+00
    0.32860269E+00    0.47268248E+00    0.48638325E+00    0.53725539E+00    0.55282781E+00    0.10624020E+01    0.10931959E+01   -0.17476923E+00   -0.18504749E+00    0.54197306E-02    0.55768222E-02    0.40027506E-01    0.42381540E-01    0.16202364E-03    0.63931494E-01    0.13127845E-03    0.19776694E+00
    0.32124583E+00    0.47488168E+00    0.48894003E+00    0.54081742E+00    0.55682772E+00    0.10768321E+01    0.11087106E+01   -0.17835423E+00   -0.18907050E+00    0.55168264E-02    0.56801459E-02    0.40853090E-01    0.43307715E-01    0.16491170E-03    0.65188851E-01    0.13328039E-03    0.20190354E+00
    0.31414167E+00    0.47703503E+00    0.49145383E+00    0.54415355E+00    0.56060107E+00    0.10910507E+01    0.11240286E+01   -0.18180829E+00   -0.19296502E+00    0.56145080E-02    0.57842114E-02    0.41687044E-01    0.44245184E-01    0.16781565E-03    0.66457050E-01    0.13527667E-03    0.20607381E+00
    0.30727698E+00    0.47912571E+00    0.49390772E+00    0.54727541E+00    0.56415996E+00    0.11050021E+01    0.11390937E+01   -0.18508858E+00   -0.19668548E+00    0.57125550E-02    0.58887990E-02    0.42527140E-01    0.45191716E-01    0.17072848E-03    0.67733572E-01    0.13726326E-03    0.21027412E+00
    0.30063901E+00    0.48113902E+00    0.49628703E+00    0.55020473E+00    0.56752718E+00    0.11186302E+01    0.11538488E+01   -0.18814442E+00   -0.20017785E+00    0.58111201E-02    0.59940754E-02    0.43375565E-01    0.46149802E-01    0.17365481E-03    0.69020564E-01    0.13924007E-03    0.21450682E+00
    0.29421551E+00    0.48305817E+00    0.49857585E+00    0.55297966E+00    0.57074349E+00    0.11318753E+01    0.11682355E+01   -0.19092072E+00   -0.20338395E+00    0.59113384E-02    0.61012332E-02    0.44244950E-01    0.47133243E-01    0.17662941E-03    0.70332506E-01    0.14122037E-03    0.21879729E+00
    0.28799472E+00    0.48487050E+00    0.50076167E+00    0.55564169E+00    0.57385232E+00    0.11447449E+01    0.11822628E+01   -0.19338776E+00   -0.20627168E+00    0.60137101E-02    0.62108037E-02    0.45142037E-01    0.48149500E-01    0.17966712E-03    0.71675747E-01    0.14320438E-03    0.22314849E+00
    0.28196538E+00    0.48657321E+00    0.50284158E+00    0.55821606E+00    0.57687977E+00    0.11572997E+01    0.11959936E+01   -0.19556152E+00   -0.20885716E+00    0.61179794E-02    0.63225314E-02    0.46065082E-01    0.49196909E-01    0.18275813E-03    0.73046671E-01    0.14518191E-03    0.22754622E+00
    0.27611674E+00    0.48817241E+00    0.50482166E+00    0.56069949E+00    0.57982230E+00    0.11696090E+01    0.12094988E+01   -0.19748161E+00   -0.21118164E+00    0.62233280E-02    0.64355763E-02    0.47003236E-01    0.50264024E-01    0.18587560E-03    0.74434785E-01    0.14714719E-03    0.23198375E+00
    0.27043853E+00    0.48968130E+00    0.50671554E+00    0.56306456E+00    0.58265153E+00    0.11816985E+01    0.12228055E+01   -0.19917645E+00   -0.21327473E+00    0.63293076E-02    0.65494812E-02    0.47949098E-01    0.51343071E-01    0.18900671E-03    0.75835197E-01    0.14910458E-03    0.23647072E+00
    0.26492096E+00    0.49111690E+00    0.50854109E+00    0.56527903E+00    0.58533439E+00    0.11935512E+01    0.12358968E+01   -0.20069182E+00   -0.21518501E+00    0.64358857E-02    0.66642225E-02    0.48900289E-01    0.52431680E-01    0.19215107E-03    0.77248093E-01    0.15106128E-03    0.24102201E+00
    0.25955473E+00    0.49249040E+00    0.51030999E+00    0.56732264E+00    0.58784986E+00    0.12051202E+01    0.12487246E+01   -0.20207617E+00   -0.21696402E+00    0.65432936E-02    0.67800471E-02    0.49859546E-01    0.53532920E-01    0.19531502E-03    0.78676215E-01    0.15301855E-03    0.24564110E+00
    0.25433098E+00    0.49380115E+00    0.51202120E+00    0.56918699E+00    0.59018859E+00    0.12163619E+01    0.12612426E+01   -0.20335432E+00   -0.21863772E+00    0.66511416E-02    0.68965524E-02    0.50823353E-01    0.54643060E-01    0.19848643E-03    0.80114723E-01    0.15496859E-03    0.25031613E+00
    0.24924133E+00    0.49504132E+00    0.51366650E+00    0.57086429E+00    0.59234220E+00    0.12272388E+01    0.12734118E+01   -0.20452649E+00   -0.22020600E+00    0.67591146E-02    0.70134161E-02    0.51789421E-01    0.55759727E-01    0.20165576E-03    0.81559908E-01    0.15690286E-03    0.25503483E+00
    0.24427780E+00    0.49620327E+00    0.51523834E+00    0.57235151E+00    0.59430773E+00    0.12377137E+01    0.12851942E+01   -0.20557224E+00   -0.22164685E+00    0.68671928E-02    0.71306281E-02    0.52758461E-01    0.56883880E-01    0.20482112E-03    0.83011354E-01    0.15881576E-03    0.25979128E+00
    0.23943286E+00    0.49727461E+00    0.51672485E+00    0.57365675E+00    0.59609458E+00    0.12477464E+01    0.12965504E+01   -0.20645172E+00   -0.22291774E+00    0.69758695E-02    0.72487215E-02    0.53736042E-01    0.58021882E-01    0.20799661E-03    0.84475413E-01    0.16071119E-03    0.26459727E+00
    0.23469936E+00    0.49824248E+00    0.51811360E+00    0.57480049E+00    0.59772492E+00    0.12573238E+01    0.13074689E+01   -0.20712978E+00   -0.22398092E+00    0.70855837E-02    0.73681740E-02    0.54726728E-01    0.59179046E-01    0.21119570E-03    0.85958220E-01    0.16259483E-03    0.26946769E+00
    0.23007055E+00    0.49910019E+00    0.51939789E+00    0.57580838E+00    0.59922570E+00    0.12664718E+01    0.13179774E+01   -0.20760327E+00   -0.22483250E+00    0.71962417E-02    0.74889027E-02    0.55729012E-01    0.60354025E-01    0.21441504E-03    0.87458889E-01    0.16446615E-03    0.27440611E+00
    0.22554007E+00    0.49984702E+00    0.52057727E+00    0.57670421E+00    0.60062198E+00    0.12752258E+01    0.13281135E+01   -0.20789377E+00   -0.22549539E+00    0.73077873E-02    0.76108645E-02    0.56742263E-01    0.61546426E-01    0.21765333E-03    0.88977379E-01    0.16632446E-03    0.27941578E+00
    0.22110188E+00    0.50049133E+00    0.52166084E+00    0.57750573E+00    0.60193275E+00    0.12836245E+01    0.13379185E+01   -0.20803282E+00   -0.22600352E+00    0.74204345E-02    0.77342999E-02    0.57769571E-01    0.62759936E-01    0.22091667E-03    0.90516713E-01    0.16816798E-03    0.28449789E+00
    0.21675032E+00    0.50104324E+00    0.52265945E+00    0.57822475E+00    0.60317075E+00    0.12916852E+01    0.13474116E+01   -0.20803686E+00   -0.22637449E+00    0.75343234E-02    0.78593722E-02    0.58812377E-01    0.63996457E-01    0.22420798E-03    0.92078608E-01    0.16999641E-03    0.28965597E+00
    0.21248002E+00    0.50151053E+00    0.52358153E+00    0.57886376E+00    0.60433900E+00    0.12994116E+01    0.13565974E+01   -0.20790186E+00   -0.22660365E+00    0.76496788E-02    0.79863338E-02    0.59872808E-01    0.65258659E-01    0.22753285E-03    0.93665883E-01    0.17181177E-03    0.29489723E+00
    0.20828595E+00    0.50189906E+00    0.52443361E+00    0.57942012E+00    0.60543526E+00    0.13068059E+01    0.13654796E+01   -0.20761610E+00   -0.22667796E+00    0.77667149E-02    0.81154294E-02    0.60952997E-01    0.66549276E-01    0.23089678E-03    0.95281425E-01    0.17361512E-03    0.30022787E+00
    0.20416335E+00    0.50220936E+00    0.52521666E+00    0.57988719E+00    0.60645307E+00    0.13138508E+01    0.13740412E+01   -0.20716012E+00   -0.22657581E+00    0.78857522E-02    0.82470156E-02    0.62056954E-01    0.67873123E-01    0.23430826E-03    0.96929347E-01    0.17540601E-03    0.30565075E+00
    0.20010776E+00    0.50243663E+00    0.52592574E+00    0.58025519E+00    0.60738235E+00    0.13205193E+01    0.13822541E+01   -0.20650939E+00   -0.22626953E+00    0.80067381E-02    0.83810564E-02    0.63185161E-01    0.69231122E-01    0.23776431E-03    0.98608958E-01    0.17717727E-03    0.31115648E+00
    0.19611496E+00    0.50257418E+00    0.52655374E+00    0.58051341E+00    0.60821173E+00    0.13267921E+01    0.13900980E+01   -0.20565051E+00   -0.22574330E+00    0.81292103E-02    0.85170832E-02    0.64333172E-01    0.70618751E-01    0.24125014E-03    0.10031462E+00    0.17891973E-03    0.31673282E+00
    0.19218101E+00    0.50261556E+00    0.52709436E+00    0.58064804E+00    0.60892725E+00    0.13326662E+01    0.13975708E+01   -0.20458852E+00   -0.22500187E+00    0.82529535E-02    0.86548957E-02    0.65498616E-01    0.72033913E-01    0.24475792E-03    0.10204387E+00    0.18062884E-03    0.32237836E+00
    0.18830220E+00    0.50255773E+00    0.52754495E+00    0.58065021E+00    0.60952019E+00    0.13381608E+01    0.14046943E+01   -0.20334857E+00   -0.22407228E+00    0.83779279E-02    0.87944793E-02    0.66681027E-01    0.73476642E-01    0.24828467E-03    0.10379631E+00    0.18230179E-03    0.32809491E+00
    0.18447502E+00    0.50240247E+00    0.52790789E+00    0.58051954E+00    0.60999073E+00    0.13433185E+01    0.14115146E+01   -0.20197096E+00   -0.22299838E+00    0.85040681E-02    0.89357934E-02    0.67879160E-01    0.74946134E-01    0.25182731E-03    0.10557151E+00    0.18393790E-03    0.33388847E+00
    0.18069621E+00    0.50215327E+00    0.52818759E+00    0.58026237E+00    0.61034629E+00    0.13481941E+01    0.14180917E+01   -0.20049770E+00   -0.22182639E+00    0.86313302E-02    0.90788247E-02    0.69091757E-01    0.76441647E-01    0.25538415E-03    0.10736977E+00    0.18553789E-03    0.33976918E+00
    0.17696268E+00    0.50181076E+00    0.52838605E+00    0.57988984E+00    0.61060009E+00    0.13528298E+01    0.14244740E+01   -0.19895728E+00   -0.22058834E+00    0.87601378E-02    0.92240640E-02    0.70322699E-01    0.77968336E-01    0.25896721E-03    0.10919750E+00    0.18710665E-03    0.34575675E+00
    0.17327155E+00    0.50137119E+00    0.52850068E+00    0.57941832E+00    0.61077099E+00    0.13572388E+01    0.14306798E+01   -0.19735851E+00   -0.21929474E+00    0.88909793E-02    0.93720755E-02    0.71577369E-01    0.79533132E-01    0.26258997E-03    0.11106184E+00    0.18864552E-03    0.35186452E+00
    0.16962011E+00    0.50082977E+00    0.52852741E+00    0.57886282E+00    0.61087596E+00    0.13614221E+01    0.14367135E+01   -0.19570240E+00   -0.21794701E+00    0.90240959E-02    0.95231601E-02    0.72859001E-01    0.81140555E-01    0.26625805E-03    0.11296652E+00    0.19015068E-03    0.35809496E+00
    0.16600582E+00    0.50017956E+00    0.52845977E+00    0.57823657E+00    0.61093013E+00    0.13653821E+01    0.14425810E+01   -0.19398352E+00   -0.21653934E+00    0.91595793E-02    0.96774629E-02    0.74169642E-01    0.82793865E-01    0.26997057E-03    0.11491257E+00    0.19161235E-03    0.36443932E+00
    0.16242629E+00    0.49941515E+00    0.52829302E+00    0.57754792E+00    0.61094368E+00    0.13691247E+01    0.14482921E+01   -0.19218877E+00   -0.21505737E+00    0.92974312E-02    0.98350400E-02    0.75509355E-01    0.84494234E-01    0.27372331E-03    0.11689982E+00    0.19302401E-03    0.37089721E+00
    0.15887929E+00    0.49853014E+00    0.52802179E+00    0.57680060E+00    0.61092252E+00    0.13726571E+01    0.14538597E+01   -0.19029892E+00   -0.21348000E+00    0.94379724E-02    0.99962966E-02    0.76881819E-01    0.86247103E-01    0.27752245E-03    0.11893281E+00    0.19438198E-03    0.37747470E+00
    0.15536273E+00    0.49751135E+00    0.52763338E+00    0.57599625E+00    0.61087017E+00    0.13759868E+01    0.14592965E+01   -0.18827783E+00   -0.21176672E+00    0.95814250E-02    0.10161536E-01    0.78289912E-01    0.88057091E-01    0.28137156E-03    0.12101500E+00    0.19567991E-03    0.38417197E+00
    0.15187465E+00    0.49633837E+00    0.52710646E+00    0.57513804E+00    0.61079092E+00    0.13791356E+01    0.14646284E+01   -0.18608665E+00   -0.20987281E+00    0.97275608E-02    0.10330574E-01    0.79732187E-01    0.89923798E-01    0.28525980E-03    0.12314332E+00    0.19690352E-03    0.39097039E+00
    0.14841320E+00    0.49498438E+00    0.52641287E+00    0.57422699E+00    0.61068691E+00    0.13821314E+01    0.14698884E+01   -0.18369263E+00   -0.20775990E+00    0.98760073E-02    0.10503074E-01    0.81204621E-01    0.91843993E-01    0.28917200E-03    0.12531298E+00    0.19804259E-03    0.39786136E+00
    0.14497667E+00    0.49342140E+00    0.52552395E+00    0.57325926E+00    0.61055614E+00    0.13849850E+01    0.14750937E+01   -0.18106737E+00   -0.20539470E+00    0.10026788E-01    0.10679142E-01    0.82706959E-01    0.93819067E-01    0.29310512E-03    0.12752495E+00    0.19909219E-03    0.40485084E+00
    0.14156345E+00    0.49162011E+00    0.52440951E+00    0.57222864E+00    0.61039435E+00    0.13876943E+01    0.14802488E+01   -0.17818501E+00   -0.20274633E+00    0.10180118E-01    0.10859097E-01    0.84240903E-01    0.95852810E-01    0.29706076E-03    0.12978240E+00    0.20004837E-03    0.41194662E+00
    0.13817202E+00    0.48954984E+00    0.52303825E+00    0.57112820E+00    0.61019711E+00    0.13902576E+01    0.14853603E+01   -0.17502250E+00   -0.19978688E+00    0.10336551E-01    0.11043639E-01    0.85811876E-01    0.97953618E-01    0.30104947E-03    0.13209288E+00    0.20090698E-03    0.41915683E+00
    0.13480098E+00    0.48718043E+00    0.52137909E+00    0.56995187E+00    0.60996084E+00    0.13926826E+01    0.14904449E+01   -0.17156435E+00   -0.19649640E+00    0.10496547E-01    0.11233374E-01    0.87424060E-01    0.10012869E+00    0.30507681E-03    0.13446196E+00    0.20166144E-03    0.42648485E+00
    0.13144899E+00    0.48448748E+00    0.51940719E+00    0.56869431E+00    0.60968327E+00    0.13949777E+01    0.14955216E+01   -0.16780666E+00   -0.19286791E+00    0.10660550E-01    0.11428915E-01    0.89080502E-01    0.10238432E+00    0.30914991E-03    0.13689647E+00    0.20231131E-03    0.43395126E+00
    0.12811483E+00    0.48144971E+00    0.51710143E+00    0.56734812E+00    0.60936068E+00    0.13971720E+01    0.15006336E+01   -0.16374638E+00   -0.18889537E+00    0.10829281E-01    0.11631197E-01    0.90787336E-01    0.10473091E+00    0.31328078E-03    0.13940605E+00    0.20285509E-03    0.44157716E+00
    0.12479733E+00    0.47804596E+00    0.51444086E+00    0.56590567E+00    0.60898957E+00    0.13993197E+01    0.15058536E+01   -0.15938737E+00   -0.18458037E+00    0.11003490E-01    0.11841215E-01    0.92550994E-01    0.10717974E+00    0.31748254E-03    0.14200150E+00    0.20329065E-03    0.44938462E+00
    0.12149540E+00    0.47425774E+00    0.51140725E+00    0.56435897E+00    0.60856628E+00    0.14014819E+01    0.15112626E+01   -0.15474311E+00   -0.17993524E+00    0.11184051E-01    0.12060119E-01    0.94379640E-01    0.10974461E+00    0.32176928E-03    0.14469458E+00    0.20360970E-03    0.45738042E+00
    0.11820805E+00    0.47006839E+00    0.50798361E+00    0.56269712E+00    0.60808366E+00    0.14037245E+01    0.15169474E+01   -0.14982514E+00   -0.17496935E+00    0.11371386E-01    0.12288590E-01    0.96276267E-01    0.11243371E+00    0.32614249E-03    0.14749173E+00    0.20380285E-03    0.46557024E+00
    0.11493430E+00    0.46546269E+00    0.50415527E+00    0.56090800E+00    0.60753466E+00    0.14060765E+01    0.15229596E+01   -0.14464127E+00   -0.16968798E+00    0.11566216E-01    0.12527682E-01    0.98246986E-01    0.11525986E+00    0.33060986E-03    0.15040344E+00    0.20385826E-03    0.47395857E+00
    0.11167329E+00    0.46042634E+00    0.49990885E+00    0.55898087E+00    0.60691463E+00    0.14085121E+01    0.15292949E+01   -0.13918689E+00   -0.16408152E+00    0.11769416E-01    0.12778668E-01    0.10029936E+00    0.11823865E+00    0.33518147E-03    0.15344248E+00    0.20376103E-03    0.48254428E+00
    0.10842417E+00    0.45494097E+00    0.49522705E+00    0.55690455E+00    0.60621974E+00    0.14109493E+01    0.15358921E+01   -0.13343074E+00   -0.15810825E+00    0.11982277E-01    0.13043335E-01    0.10244507E+00    0.12139189E+00    0.33987154E-03    0.15662495E+00    0.20349028E-03    0.49131140E+00
    0.10518618E+00    0.44898277E+00    0.49008625E+00    0.55465855E+00    0.60543643E+00    0.14133007E+01    0.15426856E+01   -0.12734233E+00   -0.15172546E+00    0.12205777E-01    0.13323192E-01    0.10469103E+00    0.12473696E+00    0.34468366E-03    0.15996330E+00    0.20302903E-03    0.50025525E+00
    0.10195857E+00    0.44252918E+00    0.48446502E+00    0.55221337E+00    0.60454332E+00    0.14154925E+01    0.15496302E+01   -0.12089985E+00   -0.14489946E+00    0.12441363E-01    0.13620356E-01    0.10704852E+00    0.12829853E+00    0.34963208E-03    0.16347716E+00    0.20235727E-03    0.50936247E+00
    0.98740688E-01    0.43555197E+00    0.47833611E+00    0.54953932E+00    0.60352040E+00    0.14174899E+01    0.15567294E+01   -0.11407455E+00   -0.13758628E+00    0.12690919E-01    0.13937544E-01    0.10953278E+00    0.13210841E+00    0.35473571E-03    0.16719068E+00    0.20144969E-03    0.51860228E+00
    0.95531882E-01    0.42801197E+00    0.47166071E+00    0.54659818E+00    0.60234037E+00    0.14192708E+01    0.15640083E+01   -0.10683856E+00   -0.12974052E+00    0.12956578E-01    0.14277892E-01    0.11215957E+00    0.13620214E+00    0.36001431E-03    0.17113157E+00    0.20028079E-03    0.52794008E+00
    0.92331562E-01    0.41986614E+00    0.46439662E+00    0.54334405E+00    0.60097045E+00    0.14207478E+01    0.15714306E+01   -0.99177512E-01   -0.12133040E+00    0.13241151E-01    0.14645491E-01    0.11495046E+00    0.14062648E+00    0.36549312E-03    0.17533432E+00    0.19881615E-03    0.53730810E+00
    0.89139174E-01    0.41107180E+00    0.45650115E+00    0.53972673E+00    0.59937430E+00    0.14217588E+01    0.15788836E+01   -0.91070365E-01   -0.11231182E+00    0.13547453E-01    0.15044641E-01    0.11792522E+00    0.14543037E+00    0.37118571E-03    0.17983149E+00    0.19701931E-03    0.54661551E+00
    0.85954197E-01    0.40158698E+00    0.44793149E+00    0.53569602E+00    0.59751717E+00    0.14221313E+01    0.15862501E+01   -0.82499462E-01   -0.10263963E+00    0.13878163E-01    0.15479751E-01    0.12110139E+00    0.15066524E+00    0.37709018E-03    0.18465253E+00    0.19483809E-03    0.55569824E+00
    0.82776147E-01    0.39137552E+00    0.43865077E+00    0.53119496E+00    0.59535936E+00    0.14217012E+01    0.15934322E+01   -0.73495198E-01   -0.92322902E-01    0.14235098E-01    0.15954592E-01    0.12448450E+00    0.15637444E+00    0.38317334E-03    0.18981752E+00    0.19221502E-03    0.56435776E+00
    0.79604570E-01    0.38041432E+00    0.42863717E+00    0.52615430E+00    0.59285173E+00    0.14202599E+01    0.16002978E+01   -0.64135798E-01   -0.81426627E-01    0.14620045E-01    0.16473341E-01    0.12807502E+00    0.16260368E+00    0.38939069E-03    0.19534837E+00    0.18909738E-03    0.57237464E+00
    0.76439043E-01    0.36867801E+00    0.41786761E+00    0.52049697E+00    0.58994250E+00    0.14175560E+01    0.16066886E+01   -0.54495024E-01   -0.70006732E-01    0.15035094E-01    0.17041100E-01    0.13187073E+00    0.16940701E+00    0.39569449E-03    0.20127517E+00    0.18544110E-03    0.57950200E+00
    0.73279168E-01    0.35613626E+00    0.40631425E+00    0.51414317E+00    0.58658362E+00    0.14132668E+01    0.16123897E+01   -0.44637240E-01   -0.58101728E-01    0.15483320E-01    0.17664849E-01    0.13587306E+00    0.17685815E+00    0.40203759E-03    0.20763977E+00    0.18120098E-03    0.58539489E+00
    0.70124575E-01    0.34276228E+00    0.39395145E+00    0.50701345E+00    0.58273238E+00    0.14069972E+01    0.16171224E+01   -0.34625051E-01   -0.45739327E-01    0.15966979E-01    0.18351537E-01    0.14006890E+00    0.18502954E+00    0.40832644E-03    0.21447233E+00    0.17633888E-03    0.58962063E+00
    0.66974918E-01    0.32853322E+00    0.38075594E+00    0.49901635E+00    0.57833860E+00    0.13982238E+01    0.16204816E+01   -0.24543615E-01   -0.32966537E-01    0.16487740E-01    0.19108585E-01    0.14443076E+00    0.19399677E+00    0.41442080E-03    0.22179230E+00    0.17083233E-03    0.59162764E+00
    0.63829873E-01    0.31343770E+00    0.36671380E+00    0.49004555E+00    0.57334029E+00    0.13862795E+01    0.16219103E+01   -0.14495946E-01   -0.19842601E-01    0.17046376E-01    0.19943808E-01    0.14891206E+00    0.20383648E+00    0.42013232E-03    0.22960684E+00    0.16469896E-03    0.59077894E+00
    0.60689138E-01    0.29747776E+00    0.35181981E+00    0.47999733E+00    0.56768132E+00    0.13704214E+01    0.16207644E+01   -0.46328039E-02   -0.64800071E-02    0.17641669E-01    0.20864379E-01    0.15343819E+00    0.21461745E+00    0.42519934E-03    0.23789410E+00    0.15799080E-03    0.58628569E+00
    0.57552429E-01    0.28067670E+00    0.33608136E+00    0.46878049E+00    0.56131622E+00    0.13498659E+01    0.16163250E+01    0.48394164E-02    0.69385564E-02    0.18267780E-01    0.21873780E-01    0.15788206E+00    0.22636482E+00    0.42921667E-03    0.24655382E+00    0.15083035E-03    0.57736982E+00
    0.54419483E-01    0.26308179E+00    0.31951934E+00    0.45631625E+00    0.55420739E+00    0.13238227E+01    0.16078154E+01    0.13719413E-01    0.20237100E-01    0.18912141E-01    0.22969264E-01    0.16204525E+00    0.23902815E+00    0.43163729E-03    0.25539287E+00    0.14350058E-03    0.56369777E+00
    0.51290053E-01    0.24476477E+00    0.30216412E+00    0.44252504E+00    0.54630080E+00    0.12916839E+01    0.15945944E+01    0.21779711E-01    0.33192510E-01    0.19554759E-01    0.24140511E-01    0.16566247E+00    0.25247135E+00    0.43175084E-03    0.26408276E+00    0.13643504E-03    0.54551268E+00
    0.48163908E-01    0.22583249E+00    0.28406644E+00    0.42735109E+00    0.53754932E+00    0.12529801E+01    0.15760779E+01    0.28728137E-01    0.45454247E-01    0.20160959E-01    0.25359733E-01    0.16833870E+00    0.26634893E+00    0.42858601E-03    0.27206410E+00    0.13041877E-03    0.52484093E+00
    0.45040832E-01    0.20644283E+00    0.26532108E+00    0.41074761E+00    0.52789434E+00    0.12070652E+01    0.15513246E+01    0.34299599E-01    0.56654310E-01    0.20683318E-01    0.26582276E-01    0.16959059E+00    0.28012100E+00    0.42106609E-03    0.27858241E+00    0.12638647E-03    0.50449815E+00
    0.41920623E-01    0.18678221E+00    0.24602887E+00    0.39266741E+00    0.51722015E+00    0.11533925E+01    0.15192447E+01    0.38317626E-01    0.66481337E-01    0.21060068E-01    0.27740248E-01    0.16886561E+00    0.29298297E+00    0.40803900E-03    0.28260844E+00    0.12517189E-03    0.48689587E+00
    0.38803094E-01    0.16706045E+00    0.22628216E+00    0.37311204E+00    0.50537753E+00    0.10921780E+01    0.14793472E+01    0.40663664E-01    0.74603613E-01    0.21212828E-01    0.28732621E-01    0.16556519E+00    0.30375426E+00    0.38837312E-03    0.28278503E+00    0.12712383E-03    0.47238734E+00
    0.35688068E-01    0.14753424E+00    0.20620275E+00    0.35213614E+00    0.49216673E+00    0.10246064E+01    0.14320518E+01    0.41219836E-01    0.80521073E-01    0.21045732E-01    0.29414786E-01    0.15908414E+00    0.31076363E+00    0.36109949E-03    0.27743447E+00    0.13171396E-03    0.45821205E+00
    0.32575381E-01    0.12852648E+00    0.18597377E+00    0.32986085E+00    0.47729826E+00    0.95266976E+00    0.13784831E+01    0.39945291E-01    0.83634169E-01    0.20457827E-01    0.29601831E-01    0.14896646E+00    0.31189374E+00    0.32578499E-03    0.26476756E+00    0.13745184E-03    0.43952347E+00
    0.29464880E-01    0.11037398E+00    0.16578277E+00    0.30641587E+00    0.46023958E+00    0.87952192E+00    0.13210504E+01    0.36978258E-01    0.83424163E-01    0.19372164E-01    0.29097175E-01    0.13515612E+00    0.30491664E+00    0.28314723E-03    0.24349279E+00    0.14213087E-03    0.41183421E+00
    0.26356420E-01    0.93359793E-01    0.14577373E+00    0.28195942E+00    0.44025673E+00    0.80822522E+00    0.12619780E+01    0.32611539E-01    0.79507865E-01    0.17763591E-01    0.27736404E-01    0.11813102E+00    0.28800681E+00    0.23508982E-03    0.21336697E+00    0.14358036E-03    0.37402894E+00
    0.23249868E-01    0.77609391E-01    0.12595415E+00    0.25660086E+00    0.41644370E+00    0.73929078E+00    0.11998128E+01    0.27260353E-01    0.71800567E-01    0.15707888E-01    0.25492710E-01    0.99069851E-01    0.26093835E+00    0.18509178E-03    0.17629868E+00    0.14013762E-03    0.32789248E+00
    0.20145098E-01    0.63075805E-01    0.10619624E+00    0.23032294E+00    0.38777834E+00    0.66924253E+00    0.11267560E+01    0.21384484E-01    0.60616586E-01    0.13410612E-01    0.22578493E-01    0.79798939E-01    0.22619855E+00    0.13757083E-03    0.13640701E+00    0.13155774E-03    0.27797359E+00
    0.17041993E-01    0.49678787E-01    0.86487571E-01    0.20290978E+00    0.35325286E+00    0.59229010E+00    0.10311389E+01    0.15532463E-01    0.47076674E-01    0.11165260E-01    0.19437998E-01    0.62326735E-01    0.18890342E+00    0.96866167E-04    0.99079763E-01    0.11905139E-03    0.22938502E+00
    0.13940444E-01    0.37331763E-01    0.66952950E-01    0.17388018E+00    0.31184680E+00    0.50443868E+00    0.90468959E+00    0.10216537E-01    0.32861404E-01    0.91994034E-02    0.16498744E-01    0.47840412E-01    0.15387828E+00    0.64418041E-04    0.67407544E-01    0.10512148E-03    0.18688570E+00
    0.10840348E-01    0.26059074E-01    0.47974377E-01    0.14258479E+00    0.26249653E+00    0.40409336E+00    0.74393002E+00    0.58316155E-02    0.19764672E-01    0.76483338E-02    0.14080471E-01    0.36809470E-01    0.12475567E+00    0.40525139E-04    0.43091852E-01    0.91862462E-04    0.15241342E+00
    0.77416096E-02    0.16133469E-01    0.30393468E-01    0.10817615E+00    0.20379053E+00    0.29366839E+00    0.55323506E+00    0.26894763E-02    0.95449290E-02    0.65766755E-02    0.12389646E-01    0.29335329E-01    0.10411084E+00    0.25215261E-04    0.27107481E-01    0.80797670E-04    0.12635563E+00
    0.46441401E-02    0.80276024E-02    0.15436456E-01    0.69652191E-01    0.13393576E+00    0.17772925E+00    0.34175956E+00    0.84000778E-03    0.31060383E-02    0.58867868E-02    0.11319834E-01    0.24557153E-01    0.90803278E-01    0.16337115E-04    0.17692288E-01    0.72486812E-04    0.10771940E+00
    0.15478559E-02    0.22724098E-02    0.44515061E-02    0.25806909E-01    0.50554091E-01    0.60013102E-01    0.11756184E+00    0.79944274E-04    0.30678067E-03    0.54222073E-02    0.10621759E-01    0.21335625E-01    0.81873997E-01    0.10967236E-04    0.11934047E-01    0.66399416E-04    0.94365545E-01
