   0.96417E+00   0.19906E+03   0.43959E-05   0.21206E-02   0.11620E+00   0.34479E+00
   0.94036E+00   0.19418E+03   0.45819E-05   0.21652E-02   0.12242E+00   0.35392E+00
   0.91667E+00   0.18933E+03   0.47481E-05   0.22043E-02   0.12506E+00   0.35775E+00
   0.89314E+00   0.18452E+03   0.48898E-05   0.22373E-02   0.12674E+00   0.36018E+00
   0.86983E+00   0.17977E+03   0.50564E-05   0.22754E-02   0.12806E+00   0.36211E+00
   0.84677E+00   0.17507E+03   0.52865E-05   0.23270E-02   0.12928E+00   0.36390E+00
   0.82400E+00   0.17044E+03   0.55630E-05   0.23876E-02   0.13049E+00   0.36567E+00
   0.80156E+00   0.16588E+03   0.58613E-05   0.24514E-02   0.13172E+00   0.36748E+00
   0.77949E+00   0.16140E+03   0.61720E-05   0.25161E-02   0.13300E+00   0.36936E+00
   0.75782E+00   0.15701E+03   0.65226E-05   0.25873E-02   0.13443E+00   0.37143E+00
   0.73658E+00   0.15271E+03   0.69107E-05   0.26640E-02   0.13612E+00   0.37388E+00
   0.71579E+00   0.14851E+03   0.73315E-05   0.27448E-02   0.13813E+00   0.37675E+00
   0.69548E+00   0.14442E+03   0.77924E-05   0.28308E-02   0.14039E+00   0.37997E+00
   0.67566E+00   0.14042E+03   0.82890E-05   0.29207E-02   0.14285E+00   0.38343E+00
   0.65636E+00   0.13653E+03   0.88059E-05   0.30117E-02   0.14546E+00   0.38707E+00
   0.63758E+00   0.13275E+03   0.93423E-05   0.31033E-02   0.14825E+00   0.39093E+00
   0.61934E+00   0.12907E+03   0.99211E-05   0.31995E-02   0.15123E+00   0.39501E+00
   0.60163E+00   0.12551E+03   0.10566E-04   0.33034E-02   0.15430E+00   0.39919E+00
   0.58448E+00   0.12205E+03   0.11269E-04   0.34131E-02   0.15736E+00   0.40333E+00
   0.56786E+00   0.11871E+03   0.11983E-04   0.35212E-02   0.16042E+00   0.40742E+00
   0.55179E+00   0.11546E+03   0.12677E-04   0.36235E-02   0.16351E+00   0.41151E+00
   0.53626E+00   0.11233E+03   0.13331E-04   0.37175E-02   0.16673E+00   0.41574E+00
   0.52126E+00   0.10930E+03   0.13964E-04   0.38065E-02   0.17016E+00   0.42019E+00
   0.50679E+00   0.10637E+03   0.14600E-04   0.38942E-02   0.17380E+00   0.42488E+00
   0.49284E+00   0.10355E+03   0.15257E-04   0.39828E-02   0.17759E+00   0.42969E+00
   0.47939E+00   0.10084E+03   0.15953E-04   0.40747E-02   0.18142E+00   0.43453E+00
   0.46643E+00   0.98226E+02   0.16687E-04   0.41696E-02   0.18520E+00   0.43927E+00
   0.45396E+00   0.95710E+02   0.17451E-04   0.42664E-02   0.18886E+00   0.44383E+00
   0.44195E+00   0.93288E+02   0.18243E-04   0.43645E-02   0.19237E+00   0.44819E+00
   0.43040E+00   0.90956E+02   0.19063E-04   0.44640E-02   0.19573E+00   0.45234E+00
   0.41928E+00   0.88712E+02   0.19911E-04   0.45648E-02   0.19892E+00   0.45627E+00
   0.40858E+00   0.86551E+02   0.20783E-04   0.46664E-02   0.20193E+00   0.45997E+00
   0.39828E+00   0.84471E+02   0.21676E-04   0.47683E-02   0.20478E+00   0.46347E+00
   0.38838E+00   0.82468E+02   0.22591E-04   0.48707E-02   0.20748E+00   0.46678E+00
   0.37885E+00   0.80540E+02   0.23518E-04   0.49725E-02   0.21003E+00   0.46991E+00
   0.36967E+00   0.78682E+02   0.24445E-04   0.50725E-02   0.21245E+00   0.47289E+00
   0.36084E+00   0.76893E+02   0.25376E-04   0.51712E-02   0.21477E+00   0.47574E+00
   0.35233E+00   0.75170E+02   0.26334E-04   0.52710E-02   0.21701E+00   0.47849E+00
   0.34413E+00   0.73509E+02   0.27325E-04   0.53724E-02   0.21919E+00   0.48117E+00
   0.33623E+00   0.71907E+02   0.28337E-04   0.54743E-02   0.22132E+00   0.48379E+00
   0.32860E+00   0.70362E+02   0.29373E-04   0.55768E-02   0.22343E+00   0.48638E+00
   0.32125E+00   0.68870E+02   0.30435E-04   0.56801E-02   0.22551E+00   0.48894E+00
   0.31414E+00   0.67428E+02   0.31523E-04   0.57842E-02   0.22756E+00   0.49145E+00
   0.30728E+00   0.66034E+02   0.32633E-04   0.58888E-02   0.22956E+00   0.49391E+00
   0.30064E+00   0.64686E+02   0.33769E-04   0.59941E-02   0.23149E+00   0.49629E+00
   0.29422E+00   0.63382E+02   0.34944E-04   0.61012E-02   0.23335E+00   0.49858E+00
   0.28799E+00   0.62119E+02   0.36165E-04   0.62108E-02   0.23510E+00   0.50076E+00
   0.28197E+00   0.60894E+02   0.37430E-04   0.63225E-02   0.23675E+00   0.50284E+00
   0.27612E+00   0.59706E+02   0.38730E-04   0.64356E-02   0.23831E+00   0.50482E+00
   0.27044E+00   0.58553E+02   0.40060E-04   0.65495E-02   0.23979E+00   0.50672E+00
   0.26492E+00   0.57433E+02   0.41421E-04   0.66642E-02   0.24120E+00   0.50854E+00
   0.25955E+00   0.56343E+02   0.42815E-04   0.67800E-02   0.24255E+00   0.51031E+00
   0.25433E+00   0.55282E+02   0.44238E-04   0.68966E-02   0.24384E+00   0.51202E+00
   0.24924E+00   0.54248E+02   0.45686E-04   0.70134E-02   0.24507E+00   0.51367E+00
   0.24428E+00   0.53240E+02   0.47158E-04   0.71306E-02   0.24622E+00   0.51524E+00
   0.23943E+00   0.52256E+02   0.48663E-04   0.72487E-02   0.24728E+00   0.51672E+00
   0.23470E+00   0.51294E+02   0.50205E-04   0.73682E-02   0.24825E+00   0.51811E+00
   0.23007E+00   0.50354E+02   0.51786E-04   0.74889E-02   0.24910E+00   0.51940E+00
   0.22554E+00   0.49434E+02   0.53404E-04   0.76109E-02   0.24985E+00   0.52058E+00
   0.22110E+00   0.48533E+02   0.55063E-04   0.77343E-02   0.25049E+00   0.52166E+00
   0.21675E+00   0.47650E+02   0.56766E-04   0.78594E-02   0.25104E+00   0.52266E+00
   0.21248E+00   0.46783E+02   0.58518E-04   0.79863E-02   0.25151E+00   0.52358E+00
   0.20829E+00   0.45932E+02   0.60322E-04   0.81154E-02   0.25190E+00   0.52443E+00
   0.20416E+00   0.45095E+02   0.62185E-04   0.82470E-02   0.25221E+00   0.52522E+00
   0.20011E+00   0.44272E+02   0.64108E-04   0.83811E-02   0.25244E+00   0.52593E+00
   0.19611E+00   0.43461E+02   0.66084E-04   0.85171E-02   0.25258E+00   0.52655E+00
   0.19218E+00   0.42663E+02   0.68111E-04   0.86549E-02   0.25262E+00   0.52709E+00
   0.18830E+00   0.41875E+02   0.70190E-04   0.87945E-02   0.25256E+00   0.52754E+00
   0.18448E+00   0.41097E+02   0.72319E-04   0.89358E-02   0.25241E+00   0.52791E+00
   0.18070E+00   0.40330E+02   0.74500E-04   0.90788E-02   0.25216E+00   0.52819E+00
   0.17696E+00   0.39571E+02   0.76740E-04   0.92241E-02   0.25181E+00   0.52839E+00
   0.17327E+00   0.38821E+02   0.79050E-04   0.93721E-02   0.25137E+00   0.52850E+00
   0.16962E+00   0.38079E+02   0.81434E-04   0.95232E-02   0.25083E+00   0.52853E+00
   0.16601E+00   0.37345E+02   0.83898E-04   0.96775E-02   0.25018E+00   0.52846E+00
   0.16243E+00   0.36617E+02   0.86442E-04   0.98350E-02   0.24942E+00   0.52829E+00
   0.15888E+00   0.35896E+02   0.89075E-04   0.99963E-02   0.24853E+00   0.52802E+00
   0.15536E+00   0.35182E+02   0.91804E-04   0.10162E-01   0.24752E+00   0.52763E+00
   0.15187E+00   0.34473E+02   0.94625E-04   0.10331E-01   0.24635E+00   0.52711E+00
   0.14841E+00   0.33769E+02   0.97536E-04   0.10503E-01   0.24501E+00   0.52641E+00
   0.14498E+00   0.33070E+02   0.10054E-03   0.10679E-01   0.24346E+00   0.52552E+00
   0.14156E+00   0.32376E+02   0.10363E-03   0.10859E-01   0.24169E+00   0.52441E+00
   0.13817E+00   0.31686E+02   0.10684E-03   0.11044E-01   0.23966E+00   0.52304E+00
   0.13480E+00   0.31000E+02   0.11018E-03   0.11233E-01   0.23734E+00   0.52138E+00
   0.13145E+00   0.30317E+02   0.11365E-03   0.11429E-01   0.23473E+00   0.51941E+00
   0.12811E+00   0.29639E+02   0.11727E-03   0.11631E-01   0.23179E+00   0.51710E+00
   0.12480E+00   0.28963E+02   0.12108E-03   0.11841E-01   0.22853E+00   0.51444E+00
   0.12150E+00   0.28291E+02   0.12508E-03   0.12060E-01   0.22492E+00   0.51141E+00
   0.11821E+00   0.27622E+02   0.12931E-03   0.12289E-01   0.22096E+00   0.50798E+00
   0.11493E+00   0.26956E+02   0.13378E-03   0.12528E-01   0.21666E+00   0.50416E+00
   0.11167E+00   0.26292E+02   0.13852E-03   0.12779E-01   0.21199E+00   0.49991E+00
   0.10842E+00   0.25631E+02   0.14357E-03   0.13043E-01   0.20697E+00   0.49523E+00
   0.10519E+00   0.24972E+02   0.14898E-03   0.13323E-01   0.20159E+00   0.49009E+00
   0.10196E+00   0.24316E+02   0.15479E-03   0.13620E-01   0.19583E+00   0.48447E+00
   0.98741E-01   0.23662E+02   0.16106E-03   0.13938E-01   0.18971E+00   0.47834E+00
   0.95532E-01   0.23010E+02   0.16787E-03   0.14278E-01   0.18319E+00   0.47166E+00
   0.92332E-01   0.22361E+02   0.17533E-03   0.14645E-01   0.17629E+00   0.46440E+00
   0.89139E-01   0.21715E+02   0.18353E-03   0.15045E-01   0.16898E+00   0.45650E+00
   0.85954E-01   0.21071E+02   0.19260E-03   0.15480E-01   0.16127E+00   0.44793E+00
   0.82776E-01   0.20430E+02   0.20264E-03   0.15955E-01   0.15317E+00   0.43865E+00
   0.79605E-01   0.19791E+02   0.21375E-03   0.16473E-01   0.14472E+00   0.42864E+00
   0.76439E-01   0.19155E+02   0.22605E-03   0.17041E-01   0.13592E+00   0.41787E+00
   0.73279E-01   0.18523E+02   0.23973E-03   0.17665E-01   0.12683E+00   0.40631E+00
   0.70125E-01   0.17895E+02   0.25494E-03   0.18352E-01   0.11749E+00   0.39395E+00
   0.66975E-01   0.17270E+02   0.27185E-03   0.19109E-01   0.10793E+00   0.38076E+00
   0.63830E-01   0.16649E+02   0.29058E-03   0.19944E-01   0.98243E-01   0.36671E+00
   0.60689E-01   0.16032E+02   0.31123E-03   0.20864E-01   0.88493E-01   0.35182E+00
   0.57552E-01   0.15417E+02   0.33371E-03   0.21874E-01   0.78779E-01   0.33608E+00
   0.54419E-01   0.14804E+02   0.35767E-03   0.22969E-01   0.69212E-01   0.31952E+00
   0.51290E-01   0.14190E+02   0.38239E-03   0.24141E-01   0.59910E-01   0.30216E+00
   0.48164E-01   0.13572E+02   0.40646E-03   0.25360E-01   0.51000E-01   0.28407E+00
   0.45041E-01   0.12947E+02   0.42780E-03   0.26582E-01   0.42619E-01   0.26532E+00
   0.41921E-01   0.12308E+02   0.44353E-03   0.27740E-01   0.34888E-01   0.24603E+00
   0.38803E-01   0.11648E+02   0.44998E-03   0.28733E-01   0.27909E-01   0.22628E+00
   0.35688E-01   0.10955E+02   0.44292E-03   0.29415E-01   0.21766E-01   0.20620E+00
   0.32575E-01   0.10217E+02   0.41852E-03   0.29602E-01   0.16519E-01   0.18597E+00
   0.29465E-01   0.94198E+01   0.37528E-03   0.29097E-01   0.12182E-01   0.16578E+00
   0.26356E-01   0.85546E+01   0.31555E-03   0.27736E-01   0.87161E-02   0.14577E+00
   0.23250E-01   0.76194E+01   0.24674E-03   0.25493E-01   0.60232E-02   0.12595E+00
   0.20145E-01   0.66248E+01   0.17984E-03   0.22578E-01   0.39786E-02   0.10620E+00
   0.17042E-01   0.55910E+01   0.12466E-03   0.19438E-01   0.24680E-02   0.86488E-01
   0.13940E-01   0.45418E+01   0.84629E-04   0.16499E-01   0.13937E-02   0.66953E-01
   0.10840E-01   0.34962E+01   0.58497E-04   0.14080E-01   0.67908E-03   0.47974E-01
   0.77416E-02   0.24668E+01   0.43253E-04   0.12390E-01   0.26029E-03   0.30393E-01
   0.46441E-02   0.14605E+01   0.34654E-04   0.11320E-01   0.64442E-04   0.15436E-01
   0.15479E-02   0.48011E+00   0.29400E-04   0.10622E-01   0.51638E-05   0.44515E-02
