   0.96417E+00   0.18650E+03   0.12839E-06   0.35847E-03   0.44255E+00   0.66554E+00
   0.94036E+00   0.18190E+03   0.13013E-06   0.36091E-03   0.45770E+00   0.67684E+00
   0.91667E+00   0.17732E+03   0.13947E-06   0.37363E-03   0.46177E+00   0.67986E+00
   0.89314E+00   0.17279E+03   0.15829E-06   0.39806E-03   0.46464E+00   0.68200E+00
   0.86983E+00   0.16830E+03   0.18234E-06   0.42725E-03   0.46750E+00   0.68413E+00
   0.84677E+00   0.16385E+03   0.20937E-06   0.45785E-03   0.47064E+00   0.68645E+00
   0.82400E+00   0.15947E+03   0.23687E-06   0.48702E-03   0.47408E+00   0.68900E+00
   0.80156E+00   0.15515E+03   0.26374E-06   0.51393E-03   0.47783E+00   0.69176E+00
   0.77949E+00   0.15090E+03   0.29047E-06   0.53939E-03   0.48187E+00   0.69472E+00
   0.75782E+00   0.14674E+03   0.32436E-06   0.57002E-03   0.48596E+00   0.69772E+00
   0.73658E+00   0.14265E+03   0.36683E-06   0.60625E-03   0.48998E+00   0.70066E+00
   0.71579E+00   0.13866E+03   0.41477E-06   0.64471E-03   0.49394E+00   0.70355E+00
   0.69548E+00   0.13475E+03   0.47001E-06   0.68637E-03   0.49773E+00   0.70631E+00
   0.67566E+00   0.13095E+03   0.53710E-06   0.73381E-03   0.50123E+00   0.70887E+00
   0.65636E+00   0.12725E+03   0.61639E-06   0.78620E-03   0.50446E+00   0.71125E+00
   0.63758E+00   0.12365E+03   0.71031E-06   0.84409E-03   0.50740E+00   0.71341E+00
   0.61934E+00   0.12015E+03   0.82383E-06   0.90918E-03   0.50992E+00   0.71529E+00
   0.60163E+00   0.11676E+03   0.94931E-06   0.97612E-03   0.51198E+00   0.71684E+00
   0.58448E+00   0.11347E+03   0.10795E-05   0.10411E-02   0.51367E+00   0.71814E+00
   0.56786E+00   0.11029E+03   0.12141E-05   0.11042E-02   0.51516E+00   0.71930E+00
   0.55179E+00   0.10721E+03   0.13592E-05   0.11686E-02   0.51666E+00   0.72047E+00
   0.53626E+00   0.10424E+03   0.15216E-05   0.12366E-02   0.51829E+00   0.72173E+00
   0.52126E+00   0.10136E+03   0.17006E-05   0.13076E-02   0.52001E+00   0.72306E+00
   0.50679E+00   0.98594E+02   0.18851E-05   0.13770E-02   0.52169E+00   0.72437E+00
   0.49284E+00   0.95923E+02   0.20694E-05   0.14430E-02   0.52313E+00   0.72551E+00
   0.47939E+00   0.93350E+02   0.22605E-05   0.15085E-02   0.52418E+00   0.72638E+00
   0.46643E+00   0.90870E+02   0.24659E-05   0.15758E-02   0.52473E+00   0.72692E+00
   0.45396E+00   0.88482E+02   0.26915E-05   0.16467E-02   0.52479E+00   0.72711E+00
   0.44195E+00   0.86184E+02   0.29404E-05   0.17215E-02   0.52439E+00   0.72698E+00
   0.43040E+00   0.83972E+02   0.32102E-05   0.17991E-02   0.52355E+00   0.72656E+00
   0.41928E+00   0.81844E+02   0.34942E-05   0.18774E-02   0.52233E+00   0.72587E+00
   0.40858E+00   0.79795E+02   0.37855E-05   0.19545E-02   0.52075E+00   0.72493E+00
   0.39828E+00   0.77824E+02   0.40799E-05   0.20296E-02   0.51881E+00   0.72374E+00
   0.38838E+00   0.75927E+02   0.43748E-05   0.21021E-02   0.51655E+00   0.72232E+00
   0.37885E+00   0.74101E+02   0.46745E-05   0.21734E-02   0.51396E+00   0.72067E+00
   0.36967E+00   0.72343E+02   0.49836E-05   0.22446E-02   0.51106E+00   0.71879E+00
   0.36084E+00   0.70651E+02   0.53035E-05   0.23161E-02   0.50786E+00   0.71671E+00
   0.35233E+00   0.69020E+02   0.56367E-05   0.23882E-02   0.50441E+00   0.71443E+00
   0.34413E+00   0.67449E+02   0.59869E-05   0.24619E-02   0.50073E+00   0.71199E+00
   0.33623E+00   0.65935E+02   0.63589E-05   0.25378E-02   0.49684E+00   0.70938E+00
   0.32860E+00   0.64475E+02   0.67511E-05   0.26156E-02   0.49274E+00   0.70662E+00
   0.32125E+00   0.63066E+02   0.71628E-05   0.26948E-02   0.48844E+00   0.70370E+00
   0.31414E+00   0.61705E+02   0.75922E-05   0.27751E-02   0.48396E+00   0.70064E+00
   0.30728E+00   0.60389E+02   0.80393E-05   0.28563E-02   0.47930E+00   0.69743E+00
   0.30064E+00   0.59118E+02   0.85046E-05   0.29385E-02   0.47447E+00   0.69408E+00
   0.29422E+00   0.57887E+02   0.89838E-05   0.30210E-02   0.46947E+00   0.69059E+00
   0.28799E+00   0.56694E+02   0.94742E-05   0.31031E-02   0.46433E+00   0.68697E+00
   0.28197E+00   0.55538E+02   0.99738E-05   0.31847E-02   0.45905E+00   0.68323E+00
   0.27612E+00   0.54416E+02   0.10484E-04   0.32660E-02   0.45366E+00   0.67938E+00
   0.27044E+00   0.53327E+02   0.11004E-04   0.33469E-02   0.44816E+00   0.67542E+00
   0.26492E+00   0.52269E+02   0.11536E-04   0.34277E-02   0.44255E+00   0.67136E+00
   0.25955E+00   0.51239E+02   0.12084E-04   0.35090E-02   0.43686E+00   0.66720E+00
   0.25433E+00   0.50236E+02   0.12649E-04   0.35911E-02   0.43109E+00   0.66295E+00
   0.24924E+00   0.49260E+02   0.13235E-04   0.36743E-02   0.42524E+00   0.65862E+00
   0.24428E+00   0.48307E+02   0.13839E-04   0.37583E-02   0.41931E+00   0.65419E+00
   0.23943E+00   0.47377E+02   0.14461E-04   0.38429E-02   0.41332E+00   0.64968E+00
   0.23470E+00   0.46468E+02   0.15101E-04   0.39281E-02   0.40726E+00   0.64508E+00
   0.23007E+00   0.45578E+02   0.15758E-04   0.40137E-02   0.40115E+00   0.64040E+00
   0.22554E+00   0.44708E+02   0.16433E-04   0.40999E-02   0.39498E+00   0.63564E+00
   0.22110E+00   0.43855E+02   0.17127E-04   0.41869E-02   0.38876E+00   0.63080E+00
   0.21675E+00   0.43019E+02   0.17841E-04   0.42746E-02   0.38249E+00   0.62588E+00
   0.21248E+00   0.42197E+02   0.18574E-04   0.43628E-02   0.37617E+00   0.62087E+00
   0.20829E+00   0.41391E+02   0.19328E-04   0.44518E-02   0.36979E+00   0.61577E+00
   0.20416E+00   0.40598E+02   0.20104E-04   0.45417E-02   0.36335E+00   0.61057E+00
   0.20011E+00   0.39817E+02   0.20905E-04   0.46327E-02   0.35685E+00   0.60527E+00
   0.19611E+00   0.39049E+02   0.21729E-04   0.47247E-02   0.35029E+00   0.59987E+00
   0.19218E+00   0.38292E+02   0.22577E-04   0.48175E-02   0.34365E+00   0.59437E+00
   0.18830E+00   0.37545E+02   0.23449E-04   0.49114E-02   0.33695E+00   0.58874E+00
   0.18448E+00   0.36808E+02   0.24348E-04   0.50063E-02   0.33018E+00   0.58300E+00
   0.18070E+00   0.36081E+02   0.25278E-04   0.51029E-02   0.32334E+00   0.57713E+00
   0.17696E+00   0.35362E+02   0.26246E-04   0.52016E-02   0.31643E+00   0.57114E+00
   0.17327E+00   0.34651E+02   0.27256E-04   0.53027E-02   0.30945E+00   0.56502E+00
   0.16962E+00   0.33948E+02   0.28310E-04   0.54065E-02   0.30241E+00   0.55877E+00
   0.16601E+00   0.33252E+02   0.29413E-04   0.55130E-02   0.29530E+00   0.55239E+00
   0.16243E+00   0.32562E+02   0.30567E-04   0.56224E-02   0.28814E+00   0.54589E+00
   0.15888E+00   0.31879E+02   0.31772E-04   0.57347E-02   0.28093E+00   0.53924E+00
   0.15536E+00   0.31202E+02   0.33034E-04   0.58502E-02   0.27366E+00   0.53247E+00
   0.15187E+00   0.30530E+02   0.34357E-04   0.59690E-02   0.26635E+00   0.52556E+00
   0.14841E+00   0.29864E+02   0.35749E-04   0.60917E-02   0.25900E+00   0.51851E+00
   0.14498E+00   0.29202E+02   0.37218E-04   0.62187E-02   0.25161E+00   0.51132E+00
   0.14156E+00   0.28545E+02   0.38770E-04   0.63505E-02   0.24419E+00   0.50399E+00
   0.13817E+00   0.27892E+02   0.40414E-04   0.64874E-02   0.23673E+00   0.49651E+00
   0.13480E+00   0.27243E+02   0.42157E-04   0.66298E-02   0.22924E+00   0.48889E+00
   0.13145E+00   0.26598E+02   0.44009E-04   0.67780E-02   0.22173E+00   0.48111E+00
   0.12811E+00   0.25957E+02   0.45977E-04   0.69325E-02   0.21419E+00   0.47318E+00
   0.12480E+00   0.25319E+02   0.48070E-04   0.70935E-02   0.20664E+00   0.46509E+00
   0.12150E+00   0.24684E+02   0.50300E-04   0.72616E-02   0.19908E+00   0.45684E+00
   0.11821E+00   0.24052E+02   0.52684E-04   0.74376E-02   0.19151E+00   0.44842E+00
   0.11493E+00   0.23424E+02   0.55243E-04   0.76224E-02   0.18394E+00   0.43984E+00
   0.11167E+00   0.22798E+02   0.57997E-04   0.78171E-02   0.17638E+00   0.43108E+00
   0.10842E+00   0.22174E+02   0.60972E-04   0.80228E-02   0.16882E+00   0.42215E+00
   0.10519E+00   0.21554E+02   0.64188E-04   0.82402E-02   0.16128E+00   0.41304E+00
   0.10196E+00   0.20935E+02   0.67678E-04   0.84706E-02   0.15375E+00   0.40374E+00
   0.98741E-01   0.20319E+02   0.71487E-04   0.87161E-02   0.14625E+00   0.39424E+00
   0.95532E-01   0.19706E+02   0.75667E-04   0.89790E-02   0.13877E+00   0.38453E+00
   0.92332E-01   0.19094E+02   0.80280E-04   0.92618E-02   0.13133E+00   0.37460E+00
   0.89139E-01   0.18485E+02   0.85388E-04   0.95667E-02   0.12392E+00   0.36445E+00
   0.85954E-01   0.17879E+02   0.91077E-04   0.98971E-02   0.11656E+00   0.35406E+00
   0.82776E-01   0.17274E+02   0.97440E-04   0.10256E-01   0.10924E+00   0.34341E+00
   0.79605E-01   0.16672E+02   0.10459E-03   0.10648E-01   0.10199E+00   0.33250E+00
   0.76439E-01   0.16072E+02   0.11266E-03   0.11077E-01   0.94797E-01   0.32131E+00
   0.73279E-01   0.15475E+02   0.12181E-03   0.11548E-01   0.87690E-01   0.30983E+00
   0.70125E-01   0.14880E+02   0.13225E-03   0.12067E-01   0.80679E-01   0.29806E+00
   0.66975E-01   0.14288E+02   0.14419E-03   0.12642E-01   0.73782E-01   0.28597E+00
   0.63830E-01   0.13700E+02   0.15793E-03   0.13281E-01   0.67017E-01   0.27358E+00
   0.60689E-01   0.13114E+02   0.17384E-03   0.13994E-01   0.60405E-01   0.26086E+00
   0.57552E-01   0.12532E+02   0.19234E-03   0.14794E-01   0.53969E-01   0.24781E+00
   0.54419E-01   0.11954E+02   0.21390E-03   0.15693E-01   0.47733E-01   0.23442E+00
   0.51290E-01   0.11380E+02   0.23900E-03   0.16702E-01   0.41731E-01   0.22070E+00
   0.48164E-01   0.10811E+02   0.26813E-03   0.17835E-01   0.35997E-01   0.20665E+00
   0.45041E-01   0.10246E+02   0.30183E-03   0.19107E-01   0.30569E-01   0.19228E+00
   0.41921E-01   0.96861E+01   0.34048E-03   0.20530E-01   0.25489E-01   0.17763E+00
   0.38803E-01   0.91305E+01   0.38416E-03   0.22116E-01   0.20802E-01   0.16275E+00
   0.35688E-01   0.85789E+01   0.43239E-03   0.23869E-01   0.16554E-01   0.14769E+00
   0.32575E-01   0.80291E+01   0.48361E-03   0.25778E-01   0.12786E-01   0.13255E+00
   0.29465E-01   0.74774E+01   0.53396E-03   0.27793E-01   0.95323E-02   0.11743E+00
   0.26356E-01   0.69165E+01   0.57641E-03   0.29798E-01   0.68120E-02   0.10244E+00
   0.23250E-01   0.63346E+01   0.59994E-03   0.31579E-01   0.46257E-02   0.87686E-01
   0.20145E-01   0.57137E+01   0.59028E-03   0.32766E-01   0.29541E-02   0.73300E-01
   0.17042E-01   0.50303E+01   0.53363E-03   0.32798E-01   0.17483E-02   0.59365E-01
   0.13940E-01   0.42602E+01   0.42887E-03   0.31077E-01   0.93743E-03   0.45945E-01
   0.10840E-01   0.33941E+01   0.29754E-03   0.27340E-01   0.43845E-03   0.33188E-01
   0.77416E-02   0.24502E+01   0.18160E-03   0.22425E-01   0.16623E-03   0.21454E-01
   0.46441E-02   0.14684E+01   0.11227E-03   0.18341E-01   0.43659E-04   0.11437E-01
   0.15479E-02   0.48571E+00   0.79476E-04   0.15924E-01   0.38457E-05   0.35028E-02
