   0.96417E+00   0.19235E+03   0.13168E-05   0.11531E-02   0.21547E+00   0.46643E+00
   0.94036E+00   0.18762E+03   0.13582E-05   0.11711E-02   0.22500E+00   0.47665E+00
   0.91667E+00   0.18292E+03   0.14294E-05   0.12015E-02   0.22796E+00   0.47981E+00
   0.89314E+00   0.17826E+03   0.15237E-05   0.12406E-02   0.22918E+00   0.48114E+00
   0.86983E+00   0.17365E+03   0.16465E-05   0.12898E-02   0.22938E+00   0.48139E+00
   0.84677E+00   0.16910E+03   0.17891E-05   0.13446E-02   0.22881E+00   0.48086E+00
   0.82400E+00   0.16461E+03   0.19610E-05   0.14079E-02   0.22772E+00   0.47978E+00
   0.80156E+00   0.16019E+03   0.21597E-05   0.14778E-02   0.22638E+00   0.47846E+00
   0.77949E+00   0.15585E+03   0.23736E-05   0.15496E-02   0.22501E+00   0.47710E+00
   0.75782E+00   0.15159E+03   0.25993E-05   0.16219E-02   0.22370E+00   0.47581E+00
   0.73658E+00   0.14742E+03   0.28458E-05   0.16975E-02   0.22247E+00   0.47461E+00
   0.71579E+00   0.14334E+03   0.31174E-05   0.17771E-02   0.22137E+00   0.47355E+00
   0.69548E+00   0.13935E+03   0.34045E-05   0.18576E-02   0.22039E+00   0.47263E+00
   0.67566E+00   0.13547E+03   0.37241E-05   0.19433E-02   0.21948E+00   0.47178E+00
   0.65636E+00   0.13168E+03   0.40624E-05   0.20303E-02   0.21863E+00   0.47100E+00
   0.63758E+00   0.12800E+03   0.44061E-05   0.21150E-02   0.21784E+00   0.47028E+00
   0.61934E+00   0.12443E+03   0.47647E-05   0.22001E-02   0.21711E+00   0.46964E+00
   0.60163E+00   0.12095E+03   0.51463E-05   0.22872E-02   0.21643E+00   0.46905E+00
   0.58448E+00   0.11759E+03   0.55589E-05   0.23779E-02   0.21573E+00   0.46845E+00
   0.56786E+00   0.11434E+03   0.60120E-05   0.24738E-02   0.21498E+00   0.46779E+00
   0.55179E+00   0.11119E+03   0.65072E-05   0.25746E-02   0.21413E+00   0.46703E+00
   0.53626E+00   0.10815E+03   0.70451E-05   0.26798E-02   0.21315E+00   0.46613E+00
   0.52126E+00   0.10521E+03   0.76148E-05   0.27871E-02   0.21207E+00   0.46512E+00
   0.50679E+00   0.10237E+03   0.82075E-05   0.28946E-02   0.21093E+00   0.46404E+00
   0.49284E+00   0.99635E+02   0.88288E-05   0.30033E-02   0.20979E+00   0.46296E+00
   0.47939E+00   0.96996E+02   0.94779E-05   0.31130E-02   0.20866E+00   0.46188E+00
   0.46643E+00   0.94452E+02   0.10136E-04   0.32205E-02   0.20749E+00   0.46077E+00
   0.45396E+00   0.92001E+02   0.10787E-04   0.33234E-02   0.20625E+00   0.45956E+00
   0.44195E+00   0.89640E+02   0.11422E-04   0.34213E-02   0.20493E+00   0.45826E+00
   0.43040E+00   0.87367E+02   0.12059E-04   0.35167E-02   0.20353E+00   0.45685E+00
   0.41928E+00   0.85180E+02   0.12716E-04   0.36125E-02   0.20206E+00   0.45537E+00
   0.40858E+00   0.83074E+02   0.13394E-04   0.37089E-02   0.20054E+00   0.45384E+00
   0.39828E+00   0.81048E+02   0.14083E-04   0.38046E-02   0.19902E+00   0.45228E+00
   0.38838E+00   0.79096E+02   0.14777E-04   0.38987E-02   0.19749E+00   0.45072E+00
   0.37885E+00   0.77218E+02   0.15478E-04   0.39916E-02   0.19600E+00   0.44918E+00
   0.36967E+00   0.75408E+02   0.16192E-04   0.40842E-02   0.19456E+00   0.44770E+00
   0.36084E+00   0.73666E+02   0.16915E-04   0.41760E-02   0.19319E+00   0.44628E+00
   0.35233E+00   0.71986E+02   0.17650E-04   0.42673E-02   0.19189E+00   0.44495E+00
   0.34413E+00   0.70368E+02   0.18408E-04   0.43597E-02   0.19065E+00   0.44369E+00
   0.33623E+00   0.68808E+02   0.19199E-04   0.44541E-02   0.18946E+00   0.44247E+00
   0.32860E+00   0.67304E+02   0.20022E-04   0.45504E-02   0.18830E+00   0.44128E+00
   0.32125E+00   0.65851E+02   0.20856E-04   0.46460E-02   0.18713E+00   0.44008E+00
   0.31414E+00   0.64448E+02   0.21682E-04   0.47391E-02   0.18595E+00   0.43888E+00
   0.30728E+00   0.63092E+02   0.22506E-04   0.48302E-02   0.18477E+00   0.43765E+00
   0.30064E+00   0.61780E+02   0.23338E-04   0.49205E-02   0.18359E+00   0.43642E+00
   0.29422E+00   0.60510E+02   0.24180E-04   0.50106E-02   0.18241E+00   0.43519E+00
   0.28799E+00   0.59281E+02   0.25041E-04   0.51011E-02   0.18122E+00   0.43396E+00
   0.28197E+00   0.58089E+02   0.25924E-04   0.51924E-02   0.18004E+00   0.43272E+00
   0.27612E+00   0.56933E+02   0.26835E-04   0.52851E-02   0.17887E+00   0.43149E+00
   0.27044E+00   0.55810E+02   0.27774E-04   0.53790E-02   0.17772E+00   0.43028E+00
   0.26492E+00   0.54719E+02   0.28736E-04   0.54737E-02   0.17660E+00   0.42910E+00
   0.25955E+00   0.53657E+02   0.29718E-04   0.55688E-02   0.17551E+00   0.42796E+00
   0.25433E+00   0.52624E+02   0.30720E-04   0.56644E-02   0.17445E+00   0.42685E+00
   0.24924E+00   0.51617E+02   0.31746E-04   0.57607E-02   0.17341E+00   0.42576E+00
   0.24428E+00   0.50634E+02   0.32799E-04   0.58581E-02   0.17238E+00   0.42469E+00
   0.23943E+00   0.49675E+02   0.33878E-04   0.59564E-02   0.17136E+00   0.42363E+00
   0.23470E+00   0.48737E+02   0.34980E-04   0.60553E-02   0.17034E+00   0.42256E+00
   0.23007E+00   0.47820E+02   0.36102E-04   0.61545E-02   0.16931E+00   0.42147E+00
   0.22554E+00   0.46923E+02   0.37248E-04   0.62544E-02   0.16827E+00   0.42037E+00
   0.22110E+00   0.46043E+02   0.38420E-04   0.63551E-02   0.16721E+00   0.41925E+00
   0.21675E+00   0.45181E+02   0.39625E-04   0.64571E-02   0.16613E+00   0.41810E+00
   0.21248E+00   0.44334E+02   0.40867E-04   0.65608E-02   0.16504E+00   0.41694E+00
   0.20829E+00   0.43503E+02   0.42148E-04   0.66663E-02   0.16394E+00   0.41576E+00
   0.20416E+00   0.42686E+02   0.43467E-04   0.67734E-02   0.16282E+00   0.41455E+00
   0.20011E+00   0.41882E+02   0.44827E-04   0.68823E-02   0.16169E+00   0.41333E+00
   0.19611E+00   0.41090E+02   0.46232E-04   0.69931E-02   0.16054E+00   0.41209E+00
   0.19218E+00   0.40310E+02   0.47683E-04   0.71061E-02   0.15936E+00   0.41081E+00
   0.18830E+00   0.39541E+02   0.49182E-04   0.72211E-02   0.15817E+00   0.40950E+00
   0.18448E+00   0.38782E+02   0.50730E-04   0.73383E-02   0.15694E+00   0.40816E+00
   0.18070E+00   0.38033E+02   0.52330E-04   0.74577E-02   0.15568E+00   0.40677E+00
   0.17696E+00   0.37292E+02   0.53989E-04   0.75799E-02   0.15439E+00   0.40534E+00
   0.17327E+00   0.36560E+02   0.55714E-04   0.77051E-02   0.15308E+00   0.40388E+00
   0.16962E+00   0.35836E+02   0.57509E-04   0.78336E-02   0.15174E+00   0.40239E+00
   0.16601E+00   0.35120E+02   0.59379E-04   0.79657E-02   0.15037E+00   0.40086E+00
   0.16243E+00   0.34411E+02   0.61338E-04   0.81021E-02   0.14898E+00   0.39930E+00
   0.15888E+00   0.33708E+02   0.63397E-04   0.82434E-02   0.14757E+00   0.39771E+00
   0.15536E+00   0.33012E+02   0.65568E-04   0.83902E-02   0.14613E+00   0.39609E+00
   0.15187E+00   0.32322E+02   0.67862E-04   0.85429E-02   0.14468E+00   0.39446E+00
   0.14841E+00   0.31637E+02   0.70285E-04   0.87019E-02   0.14321E+00   0.39280E+00
   0.14498E+00   0.30957E+02   0.72842E-04   0.88671E-02   0.14171E+00   0.39111E+00
   0.14156E+00   0.30283E+02   0.75537E-04   0.90386E-02   0.14020E+00   0.38939E+00
   0.13817E+00   0.29613E+02   0.78383E-04   0.92168E-02   0.13865E+00   0.38765E+00
   0.13480E+00   0.28947E+02   0.81396E-04   0.94025E-02   0.13707E+00   0.38585E+00
   0.13145E+00   0.28285E+02   0.84591E-04   0.95963E-02   0.13544E+00   0.38399E+00
   0.12811E+00   0.27627E+02   0.87988E-04   0.97991E-02   0.13374E+00   0.38204E+00
   0.12480E+00   0.26973E+02   0.91613E-04   0.10012E-01   0.13197E+00   0.37999E+00
   0.12150E+00   0.26322E+02   0.95492E-04   0.10236E-01   0.13011E+00   0.37782E+00
   0.11821E+00   0.25675E+02   0.99660E-04   0.10472E-01   0.12814E+00   0.37550E+00
   0.11493E+00   0.25031E+02   0.10414E-03   0.10722E-01   0.12605E+00   0.37300E+00
   0.11167E+00   0.24390E+02   0.10898E-03   0.10986E-01   0.12381E+00   0.37029E+00
   0.10842E+00   0.23752E+02   0.11422E-03   0.11267E-01   0.12140E+00   0.36733E+00
   0.10519E+00   0.23117E+02   0.11993E-03   0.11568E-01   0.11880E+00   0.36407E+00
   0.10196E+00   0.22486E+02   0.12617E-03   0.11890E-01   0.11599E+00   0.36050E+00
   0.98741E-01   0.21857E+02   0.13303E-03   0.12236E-01   0.11295E+00   0.35656E+00
   0.95532E-01   0.21232E+02   0.14059E-03   0.12611E-01   0.10965E+00   0.35219E+00
   0.92332E-01   0.20610E+02   0.14898E-03   0.13017E-01   0.10608E+00   0.34735E+00
   0.89139E-01   0.19991E+02   0.15833E-03   0.13460E-01   0.10220E+00   0.34197E+00
   0.85954E-01   0.19376E+02   0.16878E-03   0.13943E-01   0.98021E-01   0.33602E+00
   0.82776E-01   0.18764E+02   0.18049E-03   0.14472E-01   0.93522E-01   0.32943E+00
   0.79605E-01   0.18156E+02   0.19366E-03   0.15053E-01   0.88715E-01   0.32217E+00
   0.76439E-01   0.17552E+02   0.20852E-03   0.15692E-01   0.83622E-01   0.31423E+00
   0.73279E-01   0.16952E+02   0.22534E-03   0.16397E-01   0.78278E-01   0.30561E+00
   0.70125E-01   0.16357E+02   0.24443E-03   0.17179E-01   0.72719E-01   0.29631E+00
   0.66975E-01   0.15767E+02   0.26613E-03   0.18046E-01   0.66987E-01   0.28632E+00
   0.63830E-01   0.15182E+02   0.29083E-03   0.19012E-01   0.61128E-01   0.27563E+00
   0.60689E-01   0.14603E+02   0.31884E-03   0.20085E-01   0.55189E-01   0.26425E+00
   0.57552E-01   0.14028E+02   0.35031E-03   0.21271E-01   0.49214E-01   0.25212E+00
   0.54419E-01   0.13458E+02   0.38520E-03   0.22574E-01   0.43255E-01   0.23921E+00
   0.51290E-01   0.12892E+02   0.42320E-03   0.23993E-01   0.37383E-01   0.22550E+00
   0.48164E-01   0.12330E+02   0.46349E-03   0.25521E-01   0.31687E-01   0.21102E+00
   0.45041E-01   0.11768E+02   0.50447E-03   0.27136E-01   0.26279E-01   0.19585E+00
   0.41921E-01   0.11205E+02   0.54344E-03   0.28797E-01   0.21263E-01   0.18013E+00
   0.38803E-01   0.10635E+02   0.57626E-03   0.30432E-01   0.16740E-01   0.16402E+00
   0.35688E-01   0.10053E+02   0.59687E-03   0.31922E-01   0.12790E-01   0.14777E+00
   0.32575E-01   0.94480E+01   0.59720E-03   0.33067E-01   0.94622E-02   0.13162E+00
   0.29465E-01   0.88053E+01   0.56858E-03   0.33580E-01   0.67674E-02   0.11585E+00
   0.26356E-01   0.81042E+01   0.50442E-03   0.33066E-01   0.46788E-02   0.10070E+00
   0.23250E-01   0.73230E+01   0.40632E-03   0.31111E-01   0.31238E-02   0.86261E-01
   0.20145E-01   0.64494E+01   0.29051E-03   0.27571E-01   0.20034E-02   0.72402E-01
   0.17042E-01   0.54913E+01   0.18698E-03   0.23090E-01   0.12199E-02   0.58975E-01
   0.13940E-01   0.44810E+01   0.11788E-03   0.19013E-01   0.68694E-03   0.45896E-01
   0.10840E-01   0.34564E+01   0.80530E-04   0.16194E-01   0.33869E-03   0.33210E-01
   0.77416E-02   0.24414E+01   0.60622E-04   0.14413E-01   0.13285E-03   0.21337E-01
   0.46441E-02   0.14463E+01   0.49078E-04   0.13261E-01   0.34435E-04   0.11108E-01
   0.15479E-02   0.47567E+00   0.41619E-04   0.12459E-01   0.29227E-05   0.33016E-02
