   0.96417E+00  -0.39199E-01   0.11945E-01   0.29265E+01   0.26811E+01   0.19192E+01   0.86259E+01   0.75265E-02   0.12542E-01   0.35468E-01
   0.94036E+00  -0.16013E-01   0.22947E-01   0.28856E+01   0.27352E+01   0.18854E+01   0.82322E+01   0.76456E-02   0.12739E-01   0.36036E-01
   0.91667E+00   0.50414E-02   0.31823E-01   0.28607E+01   0.27832E+01   0.19128E+01   0.84241E+01   0.78521E-02   0.13073E-01   0.36991E-01
   0.89314E+00   0.20257E-01   0.39661E-01   0.28445E+01   0.28158E+01   0.19661E+01   0.89148E+01   0.81206E-02   0.13503E-01   0.38224E-01
   0.86983E+00   0.31877E-01   0.45576E-01   0.28364E+01   0.28498E+01   0.20854E+01   0.99695E+01   0.84641E-02   0.14046E-01   0.39773E-01
   0.84677E+00   0.40706E-01   0.45523E-01   0.28361E+01   0.28823E+01   0.22117E+01   0.11209E+02   0.88502E-02   0.14652E-01   0.41504E-01
   0.82400E+00   0.48210E-01   0.43666E-01   0.28411E+01   0.28957E+01   0.23100E+01   0.12053E+02   0.92954E-02   0.15352E-01   0.43510E-01
   0.80156E+00   0.56125E-01   0.45998E-01   0.28476E+01   0.28902E+01   0.23983E+01   0.12645E+02   0.97889E-02   0.16126E-01   0.45732E-01
   0.77949E+00   0.65092E-01   0.50994E-01   0.28520E+01   0.28732E+01   0.24573E+01   0.13048E+02   0.10297E-01   0.16922E-01   0.48022E-01
   0.75782E+00   0.74348E-01   0.54428E-01   0.28536E+01   0.28545E+01   0.24722E+01   0.13091E+02   0.10806E-01   0.17724E-01   0.50339E-01
   0.73658E+00   0.82684E-01   0.55403E-01   0.28552E+01   0.28414E+01   0.24503E+01   0.12728E+02   0.11337E-01   0.18562E-01   0.52773E-01
   0.71579E+00   0.89091E-01   0.54816E-01   0.28600E+01   0.28330E+01   0.24270E+01   0.12331E+02   0.11897E-01   0.19446E-01   0.55347E-01
   0.69548E+00   0.92975E-01   0.54373E-01   0.28698E+01   0.28239E+01   0.23859E+01   0.11832E+02   0.12465E-01   0.20341E-01   0.57966E-01
   0.67566E+00   0.94719E-01   0.54396E-01   0.28836E+01   0.28117E+01   0.23563E+01   0.11452E+02   0.13074E-01   0.21296E-01   0.60763E-01
   0.65636E+00   0.95066E-01   0.56083E-01   0.28988E+01   0.27988E+01   0.23408E+01   0.11364E+02   0.13698E-01   0.22267E-01   0.63602E-01
   0.63758E+00   0.94403E-01   0.60917E-01   0.29122E+01   0.27915E+01   0.22967E+01   0.10945E+02   0.14303E-01   0.23214E-01   0.66395E-01
   0.61934E+00   0.92635E-01   0.68926E-01   0.29209E+01   0.27961E+01   0.22417E+01   0.10382E+02   0.14910E-01   0.24165E-01   0.69219E-01
   0.60163E+00   0.89361E-01   0.78327E-01   0.29239E+01   0.28124E+01   0.22036E+01   0.10000E+02   0.15538E-01   0.25142E-01   0.72120E-01
   0.58448E+00   0.84352E-01   0.87262E-01   0.29234E+01   0.28331E+01   0.21813E+01   0.98279E+01   0.16200E-01   0.26162E-01   0.75141E-01
   0.56786E+00   0.77845E-01   0.94490E-01   0.29236E+01   0.28538E+01   0.21726E+01   0.98039E+01   0.16908E-01   0.27243E-01   0.78333E-01
   0.55179E+00   0.70330E-01   0.10132E+00   0.29276E+01   0.28746E+01   0.21676E+01   0.98034E+01   0.17658E-01   0.28381E-01   0.81695E-01
   0.53626E+00   0.62439E-01   0.11021E+00   0.29354E+01   0.29000E+01   0.21651E+01   0.98098E+01   0.18448E-01   0.29573E-01   0.85212E-01
   0.52126E+00   0.54921E-01   0.12450E+00   0.29445E+01   0.29460E+01   0.21646E+01   0.98230E+01   0.19259E-01   0.30791E-01   0.88803E-01
   0.50679E+00   0.47802E-01   0.14576E+00   0.29537E+01   0.30333E+01   0.21588E+01   0.97617E+01   0.20075E-01   0.32013E-01   0.92416E-01
   0.49284E+00   0.40403E-01   0.16872E+00   0.29653E+01   0.31382E+01   0.21652E+01   0.98242E+01   0.20912E-01   0.33252E-01   0.96062E-01
   0.47939E+00   0.32668E-01   0.18990E+00   0.29794E+01   0.32362E+01   0.21805E+01   0.99833E+01   0.21767E-01   0.34506E-01   0.99730E-01
   0.46643E+00   0.25183E-01   0.21013E+00   0.29956E+01   0.33278E+01   0.21927E+01   0.10125E+02   0.22612E-01   0.35738E-01   0.10333E+00
   0.45396E+00   0.18492E-01   0.22984E+00   0.30147E+01   0.34054E+01   0.21959E+01   0.10181E+02   0.23424E-01   0.36920E-01   0.10681E+00
   0.44195E+00   0.12816E-01   0.24978E+00   0.30374E+01   0.34657E+01   0.21851E+01   0.10095E+02   0.24193E-01   0.38044E-01   0.11014E+00
   0.43040E+00   0.82767E-02   0.27089E+00   0.30618E+01   0.35145E+01   0.21664E+01   0.99201E+01   0.24943E-01   0.39142E-01   0.11343E+00
   0.41928E+00   0.48833E-02   0.29308E+00   0.30847E+01   0.35594E+01   0.21508E+01   0.97795E+01   0.25702E-01   0.40248E-01   0.11673E+00
   0.40858E+00   0.22752E-02   0.31704E+00   0.31047E+01   0.36133E+01   0.21409E+01   0.97157E+01   0.26474E-01   0.41363E-01   0.12004E+00
   0.39828E+00  -0.11293E-03   0.34455E+00   0.31228E+01   0.36923E+01   0.21272E+01   0.96297E+01   0.27241E-01   0.42470E-01   0.12335E+00
   0.38838E+00  -0.28189E-02   0.37566E+00   0.31401E+01   0.38002E+01   0.21049E+01   0.94528E+01   0.27990E-01   0.43559E-01   0.12663E+00
   0.37885E+00  -0.62074E-02   0.40758E+00   0.31568E+01   0.39231E+01   0.20803E+01   0.92474E+01   0.28732E-01   0.44636E-01   0.12989E+00
   0.36967E+00  -0.10403E-01   0.43756E+00   0.31727E+01   0.40441E+01   0.20589E+01   0.90764E+01   0.29476E-01   0.45711E-01   0.13314E+00
   0.36084E+00  -0.15347E-01   0.46523E+00   0.31875E+01   0.41594E+01   0.20382E+01   0.89135E+01   0.30218E-01   0.46779E-01   0.13637E+00
   0.35233E+00  -0.20918E-01   0.49140E+00   0.32015E+01   0.42719E+01   0.20164E+01   0.87426E+01   0.30958E-01   0.47843E-01   0.13960E+00
   0.34413E+00  -0.26801E-01   0.51678E+00   0.32152E+01   0.43826E+01   0.19973E+01   0.85955E+01   0.31711E-01   0.48921E-01   0.14287E+00
   0.33623E+00  -0.32689E-01   0.54217E+00   0.32294E+01   0.44934E+01   0.19844E+01   0.84981E+01   0.32492E-01   0.50026E-01   0.14619E+00
   0.32860E+00  -0.38489E-01   0.56764E+00   0.32456E+01   0.45994E+01   0.19797E+01   0.84784E+01   0.33300E-01   0.51155E-01   0.14954E+00
   0.32125E+00  -0.44091E-01   0.59270E+00   0.32643E+01   0.46940E+01   0.19807E+01   0.85422E+01   0.34114E-01   0.52280E-01   0.15286E+00
   0.31414E+00  -0.49494E-01   0.61629E+00   0.32855E+01   0.47743E+01   0.19765E+01   0.85718E+01   0.34902E-01   0.53373E-01   0.15611E+00
   0.30728E+00  -0.54815E-01   0.63682E+00   0.33084E+01   0.48350E+01   0.19648E+01   0.85165E+01   0.35671E-01   0.54445E-01   0.15934E+00
   0.30064E+00  -0.60330E-01   0.65359E+00   0.33322E+01   0.48729E+01   0.19494E+01   0.84166E+01   0.36433E-01   0.55511E-01   0.16257E+00
   0.29422E+00  -0.66363E-01   0.66821E+00   0.33561E+01   0.49022E+01   0.19309E+01   0.82805E+01   0.37193E-01   0.56574E-01   0.16581E+00
   0.28799E+00  -0.73027E-01   0.68263E+00   0.33793E+01   0.49369E+01   0.19127E+01   0.81500E+01   0.37959E-01   0.57644E-01   0.16908E+00
   0.28197E+00  -0.80335E-01   0.69741E+00   0.34018E+01   0.49808E+01   0.18978E+01   0.80615E+01   0.38738E-01   0.58725E-01   0.17237E+00
   0.27612E+00  -0.88367E-01   0.71230E+00   0.34250E+01   0.50323E+01   0.18868E+01   0.80158E+01   0.39537E-01   0.59824E-01   0.17569E+00
   0.27044E+00  -0.97219E-01   0.72733E+00   0.34510E+01   0.50907E+01   0.18778E+01   0.79844E+01   0.40352E-01   0.60938E-01   0.17904E+00
   0.26492E+00  -0.10693E+00   0.74244E+00   0.34813E+01   0.51544E+01   0.18682E+01   0.79378E+01   0.41178E-01   0.62065E-01   0.18243E+00
   0.25955E+00  -0.11750E+00   0.75730E+00   0.35167E+01   0.52207E+01   0.18568E+01   0.78664E+01   0.42010E-01   0.63198E-01   0.18585E+00
   0.25433E+00  -0.12879E+00   0.77141E+00   0.35571E+01   0.52861E+01   0.18438E+01   0.77753E+01   0.42847E-01   0.64338E-01   0.18930E+00
   0.24924E+00  -0.14054E+00   0.78426E+00   0.36016E+01   0.53466E+01   0.18305E+01   0.76804E+01   0.43694E-01   0.65488E-01   0.19278E+00
   0.24428E+00  -0.15248E+00   0.79543E+00   0.36490E+01   0.53990E+01   0.18181E+01   0.75897E+01   0.44555E-01   0.66653E-01   0.19630E+00
   0.23943E+00  -0.16426E+00   0.80466E+00   0.36978E+01   0.54401E+01   0.18066E+01   0.75041E+01   0.45430E-01   0.67831E-01   0.19985E+00
   0.23470E+00  -0.17558E+00   0.81225E+00   0.37463E+01   0.54710E+01   0.17952E+01   0.74178E+01   0.46315E-01   0.69018E-01   0.20342E+00
   0.23007E+00  -0.18624E+00   0.81873E+00   0.37932E+01   0.54946E+01   0.17832E+01   0.73269E+01   0.47207E-01   0.70210E-01   0.20701E+00
   0.22554E+00  -0.19623E+00   0.82464E+00   0.38384E+01   0.55142E+01   0.17714E+01   0.72392E+01   0.48109E-01   0.71413E-01   0.21064E+00
   0.22110E+00  -0.20567E+00   0.83032E+00   0.38822E+01   0.55322E+01   0.17601E+01   0.71608E+01   0.49023E-01   0.72626E-01   0.21429E+00
   0.21675E+00  -0.21462E+00   0.83588E+00   0.39253E+01   0.55504E+01   0.17500E+01   0.70946E+01   0.49955E-01   0.73857E-01   0.21799E+00
   0.21248E+00  -0.22311E+00   0.84114E+00   0.39682E+01   0.55692E+01   0.17409E+01   0.70388E+01   0.50908E-01   0.75110E-01   0.22173E+00
   0.20829E+00  -0.23114E+00   0.84596E+00   0.40113E+01   0.55885E+01   0.17330E+01   0.69941E+01   0.51884E-01   0.76384E-01   0.22553E+00
   0.20416E+00  -0.23869E+00   0.85025E+00   0.40550E+01   0.56080E+01   0.17257E+01   0.69559E+01   0.52881E-01   0.77680E-01   0.22939E+00
   0.20011E+00  -0.24582E+00   0.85405E+00   0.40994E+01   0.56283E+01   0.17184E+01   0.69179E+01   0.53901E-01   0.78999E-01   0.23331E+00
   0.19611E+00  -0.25261E+00   0.85716E+00   0.41452E+01   0.56485E+01   0.17111E+01   0.68775E+01   0.54944E-01   0.80344E-01   0.23729E+00
   0.19218E+00  -0.25907E+00   0.85916E+00   0.41924E+01   0.56660E+01   0.17038E+01   0.68361E+01   0.56013E-01   0.81716E-01   0.24135E+00
   0.18830E+00  -0.26509E+00   0.85985E+00   0.42412E+01   0.56792E+01   0.16967E+01   0.67936E+01   0.57108E-01   0.83115E-01   0.24548E+00
   0.18448E+00  -0.27052E+00   0.85938E+00   0.42916E+01   0.56881E+01   0.16895E+01   0.67486E+01   0.58230E-01   0.84542E-01   0.24968E+00
   0.18070E+00  -0.27519E+00   0.85789E+00   0.43433E+01   0.56923E+01   0.16822E+01   0.67013E+01   0.59381E-01   0.85998E-01   0.25396E+00
   0.17696E+00  -0.27889E+00   0.85544E+00   0.43957E+01   0.56915E+01   0.16750E+01   0.66543E+01   0.60565E-01   0.87490E-01   0.25834E+00
   0.17327E+00  -0.28156E+00   0.85205E+00   0.44483E+01   0.56852E+01   0.16680E+01   0.66093E+01   0.61787E-01   0.89021E-01   0.26281E+00
   0.16962E+00  -0.28318E+00   0.84763E+00   0.45003E+01   0.56726E+01   0.16608E+01   0.65647E+01   0.63047E-01   0.90593E-01   0.26740E+00
   0.16601E+00  -0.28378E+00   0.84224E+00   0.45510E+01   0.56536E+01   0.16530E+01   0.65174E+01   0.64348E-01   0.92211E-01   0.27212E+00
   0.16243E+00  -0.28342E+00   0.83600E+00   0.45997E+01   0.56287E+01   0.16450E+01   0.64695E+01   0.65698E-01   0.93882E-01   0.27699E+00
   0.15888E+00  -0.28215E+00   0.82896E+00   0.46461E+01   0.55981E+01   0.16371E+01   0.64232E+01   0.67105E-01   0.95614E-01   0.28201E+00
   0.15536E+00  -0.27999E+00   0.82123E+00   0.46903E+01   0.55628E+01   0.16301E+01   0.63845E+01   0.68575E-01   0.97414E-01   0.28721E+00
   0.15187E+00  -0.27696E+00   0.81307E+00   0.47333E+01   0.55254E+01   0.16242E+01   0.63554E+01   0.70117E-01   0.99286E-01   0.29257E+00
   0.14841E+00  -0.27304E+00   0.80459E+00   0.47764E+01   0.54883E+01   0.16200E+01   0.63401E+01   0.71735E-01   0.10123E+00   0.29811E+00
   0.14498E+00  -0.26811E+00   0.79599E+00   0.48206E+01   0.54529E+01   0.16173E+01   0.63383E+01   0.73427E-01   0.10325E+00   0.30381E+00
   0.14156E+00  -0.26193E+00   0.78753E+00   0.48654E+01   0.54203E+01   0.16151E+01   0.63417E+01   0.75197E-01   0.10535E+00   0.30970E+00
   0.13817E+00  -0.25424E+00   0.77914E+00   0.49093E+01   0.53886E+01   0.16130E+01   0.63448E+01   0.77047E-01   0.10753E+00   0.31578E+00
   0.13480E+00  -0.24480E+00   0.77065E+00   0.49505E+01   0.53547E+01   0.16106E+01   0.63429E+01   0.78988E-01   0.10980E+00   0.32207E+00
   0.13145E+00  -0.23341E+00   0.76204E+00   0.49870E+01   0.53179E+01   0.16077E+01   0.63339E+01   0.81026E-01   0.11217E+00   0.32860E+00
   0.12811E+00  -0.21991E+00   0.75346E+00   0.50175E+01   0.52789E+01   0.16043E+01   0.63181E+01   0.83171E-01   0.11465E+00   0.33537E+00
   0.12480E+00  -0.20417E+00   0.74492E+00   0.50418E+01   0.52375E+01   0.16007E+01   0.62971E+01   0.85437E-01   0.11724E+00   0.34240E+00
   0.12150E+00  -0.18629E+00   0.73638E+00   0.50608E+01   0.51930E+01   0.15973E+01   0.62734E+01   0.87840E-01   0.11997E+00   0.34969E+00
   0.11821E+00  -0.16669E+00   0.72780E+00   0.50767E+01   0.51452E+01   0.15944E+01   0.62484E+01   0.90396E-01   0.12284E+00   0.35725E+00
   0.11493E+00  -0.14577E+00   0.71901E+00   0.50918E+01   0.50937E+01   0.15916E+01   0.62210E+01   0.93117E-01   0.12587E+00   0.36510E+00
   0.11167E+00  -0.12387E+00   0.70966E+00   0.51081E+01   0.50369E+01   0.15889E+01   0.61903E+01   0.96021E-01   0.12906E+00   0.37325E+00
   0.10842E+00  -0.10113E+00   0.69923E+00   0.51282E+01   0.49725E+01   0.15857E+01   0.61534E+01   0.99127E-01   0.13245E+00   0.38175E+00
   0.10519E+00  -0.77529E-01   0.68752E+00   0.51533E+01   0.49009E+01   0.15816E+01   0.61069E+01   0.10246E+00   0.13605E+00   0.39062E+00
   0.10196E+00  -0.53034E-01   0.67483E+00   0.51832E+01   0.48257E+01   0.15761E+01   0.60485E+01   0.10606E+00   0.13990E+00   0.39990E+00
   0.98741E-01  -0.27513E-01   0.66143E+00   0.52166E+01   0.47496E+01   0.15685E+01   0.59742E+01   0.10996E+00   0.14402E+00   0.40964E+00
   0.95532E-01  -0.82876E-03   0.64715E+00   0.52521E+01   0.46704E+01   0.15582E+01   0.58806E+01   0.11418E+00   0.14845E+00   0.41982E+00
   0.92332E-01   0.26909E-01   0.63159E+00   0.52905E+01   0.45845E+01   0.15449E+01   0.57662E+01   0.11879E+00   0.15322E+00   0.43045E+00
   0.89139E-01   0.55518E-01   0.61432E+00   0.53347E+01   0.44896E+01   0.15289E+01   0.56335E+01   0.12384E+00   0.15838E+00   0.44149E+00
   0.85954E-01   0.84868E-01   0.59512E+00   0.53888E+01   0.43869E+01   0.15099E+01   0.54837E+01   0.12937E+00   0.16397E+00   0.45291E+00
   0.82776E-01   0.11519E+00   0.57398E+00   0.54567E+01   0.42797E+01   0.14867E+01   0.53140E+01   0.13546E+00   0.17002E+00   0.46466E+00
   0.79605E-01   0.14738E+00   0.55094E+00   0.55412E+01   0.41701E+01   0.14584E+01   0.51220E+01   0.14215E+00   0.17658E+00   0.47668E+00
   0.76439E-01   0.18270E+00   0.52599E+00   0.56463E+01   0.40580E+01   0.14242E+01   0.49079E+01   0.14953E+00   0.18371E+00   0.48889E+00
   0.73279E-01   0.22221E+00   0.49902E+00   0.57771E+01   0.39432E+01   0.13825E+01   0.46696E+01   0.15770E+00   0.19148E+00   0.50121E+00
   0.70125E-01   0.26615E+00   0.46981E+00   0.59366E+01   0.38266E+01   0.13320E+01   0.44063E+01   0.16675E+00   0.19996E+00   0.51339E+00
   0.66975E-01   0.31337E+00   0.43820E+00   0.61271E+01   0.37102E+01   0.12712E+01   0.41182E+01   0.17680E+00   0.20922E+00   0.52509E+00
   0.63830E-01   0.36200E+00   0.40418E+00   0.63508E+01   0.35972E+01   0.11992E+01   0.38087E+01   0.18798E+00   0.21934E+00   0.53577E+00
   0.60689E-01   0.41093E+00   0.36747E+00   0.66106E+01   0.34896E+01   0.11156E+01   0.34856E+01   0.20039E+00   0.23032E+00   0.54464E+00
   0.57552E-01   0.46043E+00   0.32752E+00   0.69088E+01   0.33879E+01   0.10205E+01   0.31588E+01   0.21410E+00   0.24214E+00   0.55084E+00
   0.54419E-01   0.51188E+00   0.28408E+00   0.72494E+01   0.32944E+01   0.91373E+00   0.28388E+01   0.22913E+00   0.25470E+00   0.55340E+00
   0.51290E-01   0.56714E+00   0.23731E+00   0.76534E+01   0.32133E+01   0.79469E+00   0.25348E+01   0.24547E+00   0.26785E+00   0.55109E+00
   0.48164E-01   0.62753E+00   0.18794E+00   0.81588E+01   0.31494E+01   0.66321E+00   0.22568E+01   0.26302E+00   0.28128E+00   0.54268E+00
   0.45041E-01   0.69329E+00   0.13754E+00   0.88113E+01   0.31073E+01   0.51894E+00   0.20165E+01   0.28152E+00   0.29447E+00   0.52789E+00
   0.41921E-01   0.76284E+00   0.88889E-01   0.96575E+01   0.30934E+01   0.36147E+00   0.18269E+01   0.30049E+00   0.30664E+00   0.50777E+00
   0.38803E-01   0.83405E+00   0.45799E-01   0.10751E+02   0.31149E+01   0.18985E+00   0.17034E+01   0.31908E+00   0.31657E+00   0.48534E+00
   0.35688E-01   0.90525E+00   0.13310E-01   0.12146E+02   0.31793E+01   0.30299E-02   0.16653E+01   0.33589E+00   0.32241E+00   0.46536E+00
   0.32575E-01   0.97462E+00  -0.27055E-02   0.13873E+02   0.32911E+01  -0.20053E+00   0.17413E+01   0.34860E+00   0.32153E+00   0.45212E+00
   0.29465E-01   0.10384E+01   0.37658E-02   0.15877E+02   0.34518E+01  -0.42173E+00   0.19705E+01   0.35387E+00   0.31053E+00   0.44320E+00
   0.26356E-01   0.10916E+01   0.40190E-01   0.17940E+02   0.36681E+01  -0.65530E+00   0.24016E+01   0.34715E+00   0.28561E+00   0.42951E+00
   0.23250E-01   0.11315E+01   0.11357E+00   0.19683E+02   0.39617E+01  -0.87871E+00   0.30600E+01   0.32365E+00   0.24415E+00   0.40193E+00
   0.20145E-01   0.11565E+01   0.22509E+00   0.20624E+02   0.43634E+01  -0.10345E+01   0.38410E+01   0.28155E+00   0.18829E+00   0.35694E+00
   0.17042E-01   0.11771E+01   0.37060E+00   0.20532E+02   0.49191E+01  -0.10364E+01   0.43544E+01   0.22814E+00   0.12901E+00   0.29893E+00
   0.13940E-01   0.12320E+01   0.54778E+00   0.20024E+02   0.57560E+01  -0.86716E+00   0.41901E+01   0.17911E+00   0.81370E-01   0.24052E+00
   0.10840E-01   0.13488E+01   0.75033E+00   0.19791E+02   0.70499E+01  -0.65803E+00   0.36458E+01   0.14473E+00   0.51321E-01   0.19314E+00
   0.77416E-02   0.15471E+01   0.95852E+00   0.20384E+02   0.87859E+01  -0.49938E+00   0.31464E+01   0.12260E+00   0.33557E-01   0.15896E+00
   0.46441E-02   0.18423E+01   0.11274E+01   0.22806E+02   0.10394E+02  -0.40211E+00   0.28608E+01   0.10796E+00   0.22854E-01   0.13475E+00
   0.15479E-02   0.21057E+01   0.12188E+01   0.26318E+02   0.11071E+02  -0.34599E+00   0.27359E+01   0.97532E-01   0.15856E-01   0.11720E+00
