   0.96417E+00  -0.63259E-03   0.65946E-05  -0.63259E-03
   0.94036E+00  -0.97935E-03   0.69071E-05  -0.97935E-03
   0.91667E+00  -0.13931E-02   0.49016E-05  -0.13931E-02
   0.89314E+00  -0.17652E-02   0.92816E-06  -0.17652E-02
   0.86983E+00  -0.20717E-02  -0.28257E-05  -0.20717E-02
   0.84677E+00  -0.23503E-02  -0.62416E-05  -0.23503E-02
   0.82400E+00  -0.26293E-02  -0.98413E-05  -0.26293E-02
   0.80156E+00  -0.29483E-02  -0.14356E-04  -0.29483E-02
   0.77949E+00  -0.33018E-02  -0.17481E-04  -0.33018E-02
   0.75782E+00  -0.36232E-02  -0.18342E-04  -0.36232E-02
   0.73658E+00  -0.38607E-02  -0.19966E-04  -0.38607E-02
   0.71579E+00  -0.39890E-02  -0.22621E-04  -0.39890E-02
   0.69548E+00  -0.40193E-02  -0.25044E-04  -0.40193E-02
   0.67566E+00  -0.39789E-02  -0.28781E-04  -0.39789E-02
   0.65636E+00  -0.38875E-02  -0.35224E-04  -0.38875E-02
   0.63758E+00  -0.37570E-02  -0.42007E-04  -0.37570E-02
   0.61934E+00  -0.35912E-02  -0.48641E-04  -0.35912E-02
   0.60163E+00  -0.34107E-02  -0.56025E-04  -0.34107E-02
   0.58448E+00  -0.32317E-02  -0.63153E-04  -0.32317E-02
   0.56786E+00  -0.30538E-02  -0.69707E-04  -0.30538E-02
   0.55179E+00  -0.28667E-02  -0.78280E-04  -0.28667E-02
   0.53626E+00  -0.26555E-02  -0.91267E-04  -0.26555E-02
   0.52126E+00  -0.24356E-02  -0.10568E-03  -0.24356E-02
   0.50679E+00  -0.22213E-02  -0.11579E-03  -0.22213E-02
   0.49284E+00  -0.19848E-02  -0.12414E-03  -0.19848E-02
   0.47939E+00  -0.16954E-02  -0.13525E-03  -0.16954E-02
   0.46643E+00  -0.13578E-02  -0.15014E-03  -0.13578E-02
   0.45396E+00  -0.10160E-02  -0.16587E-03  -0.10160E-02
   0.44195E+00  -0.72380E-03  -0.17671E-03  -0.72380E-03
   0.43040E+00  -0.50535E-03  -0.18067E-03  -0.50535E-03
   0.41928E+00  -0.35077E-03  -0.18177E-03  -0.35077E-03
   0.40858E+00  -0.23429E-03  -0.18397E-03  -0.23429E-03
   0.39828E+00  -0.12782E-03  -0.18715E-03  -0.12782E-03
   0.38838E+00  -0.15327E-04  -0.19099E-03  -0.15327E-04
   0.37885E+00   0.10173E-03  -0.19563E-03   0.10173E-03
   0.36967E+00   0.21414E-03  -0.19991E-03   0.21414E-03
   0.36084E+00   0.31178E-03  -0.20333E-03   0.31178E-03
   0.35233E+00   0.39461E-03  -0.20505E-03   0.39461E-03
   0.34413E+00   0.47277E-03  -0.20680E-03   0.47277E-03
   0.33623E+00   0.54806E-03  -0.21090E-03   0.54806E-03
   0.32860E+00   0.61076E-03  -0.21850E-03   0.61076E-03
   0.32125E+00   0.63939E-03  -0.22610E-03   0.63939E-03
   0.31414E+00   0.61669E-03  -0.22829E-03   0.61669E-03
   0.30728E+00   0.54452E-03  -0.22540E-03   0.54452E-03
   0.30064E+00   0.43628E-03  -0.22090E-03   0.43628E-03
   0.29422E+00   0.30601E-03  -0.21857E-03   0.30601E-03
   0.28799E+00   0.15586E-03  -0.21925E-03   0.15586E-03
   0.28197E+00  -0.22939E-04  -0.22082E-03  -0.22939E-04
   0.27612E+00  -0.23716E-03  -0.22079E-03  -0.23716E-03
   0.27044E+00  -0.48737E-03  -0.21728E-03  -0.48737E-03
   0.26492E+00  -0.77039E-03  -0.20944E-03  -0.77039E-03
   0.25955E+00  -0.10818E-02  -0.19845E-03  -0.10818E-02
   0.25433E+00  -0.14189E-02  -0.18662E-03  -0.14189E-02
   0.24924E+00  -0.17786E-02  -0.17625E-03  -0.17786E-02
   0.24428E+00  -0.21551E-02  -0.16891E-03  -0.21551E-02
   0.23943E+00  -0.25459E-02  -0.16311E-03  -0.25459E-02
   0.23470E+00  -0.29529E-02  -0.15602E-03  -0.29529E-02
   0.23007E+00  -0.33800E-02  -0.14668E-03  -0.33800E-02
   0.22554E+00  -0.38365E-02  -0.13526E-03  -0.38365E-02
   0.22110E+00  -0.43335E-02  -0.12222E-03  -0.43335E-02
   0.21675E+00  -0.48773E-02  -0.10708E-03  -0.48773E-02
   0.21248E+00  -0.54643E-02  -0.90070E-04  -0.54643E-02
   0.20829E+00  -0.60855E-02  -0.72821E-04  -0.60855E-02
   0.20416E+00  -0.67399E-02  -0.56562E-04  -0.67399E-02
   0.20011E+00  -0.74339E-02  -0.41455E-04  -0.74339E-02
   0.19611E+00  -0.81760E-02  -0.25750E-04  -0.81760E-02
   0.19218E+00  -0.89704E-02  -0.74554E-05  -0.89704E-02
   0.18830E+00  -0.98168E-02   0.12361E-04  -0.98168E-02
   0.18448E+00  -0.10718E-01   0.31578E-04  -0.10718E-01
   0.18070E+00  -0.11681E-01   0.50079E-04  -0.11681E-01
   0.17696E+00  -0.12713E-01   0.69258E-04  -0.12713E-01
   0.17327E+00  -0.13818E-01   0.90708E-04  -0.13818E-01
   0.16962E+00  -0.14999E-01   0.11434E-03  -0.14999E-01
   0.16601E+00  -0.16258E-01   0.13884E-03  -0.16258E-01
   0.16243E+00  -0.17598E-01   0.16352E-03  -0.17598E-01
   0.15888E+00  -0.19031E-01   0.18950E-03  -0.19031E-01
   0.15536E+00  -0.20569E-01   0.21854E-03  -0.20569E-01
   0.15187E+00  -0.22223E-01   0.25188E-03  -0.22223E-01
   0.14841E+00  -0.23991E-01   0.28927E-03  -0.23991E-01
   0.14498E+00  -0.25874E-01   0.32826E-03  -0.25874E-01
   0.14156E+00  -0.27879E-01   0.36832E-03  -0.27879E-01
   0.13817E+00  -0.30018E-01   0.41173E-03  -0.30018E-01
   0.13480E+00  -0.32285E-01   0.45768E-03  -0.32285E-01
   0.13145E+00  -0.34672E-01   0.50124E-03  -0.34672E-01
   0.12811E+00  -0.37183E-01   0.53820E-03  -0.37183E-01
   0.12480E+00  -0.39830E-01   0.56897E-03  -0.39830E-01
   0.12150E+00  -0.42625E-01   0.59466E-03  -0.42625E-01
   0.11821E+00  -0.45576E-01   0.61334E-03  -0.45576E-01
   0.11493E+00  -0.48691E-01   0.62415E-03  -0.48691E-01
   0.11167E+00  -0.51984E-01   0.62927E-03  -0.51984E-01
   0.10842E+00  -0.55473E-01   0.62876E-03  -0.55473E-01
   0.10519E+00  -0.59172E-01   0.62001E-03  -0.59172E-01
   0.10196E+00  -0.63096E-01   0.60156E-03  -0.63096E-01
   0.98741E-01  -0.67260E-01   0.57327E-03  -0.67260E-01
   0.95532E-01  -0.71681E-01   0.53473E-03  -0.71681E-01
   0.92332E-01  -0.76387E-01   0.48553E-03  -0.76387E-01
   0.89139E-01  -0.81422E-01   0.42977E-03  -0.81422E-01
   0.85954E-01  -0.86841E-01   0.36925E-03  -0.86841E-01
   0.82776E-01  -0.92730E-01   0.31039E-03  -0.92730E-01
   0.79605E-01  -0.99203E-01   0.27133E-03  -0.99203E-01
   0.76439E-01  -0.10638E+00   0.26867E-03  -0.10638E+00
   0.73279E-01  -0.11440E+00   0.32014E-03  -0.11440E+00
   0.70125E-01  -0.12348E+00   0.46969E-03  -0.12348E+00
   0.66975E-01  -0.13391E+00   0.77703E-03  -0.13391E+00
   0.63830E-01  -0.14604E+00   0.13249E-02  -0.14604E+00
   0.60689E-01  -0.16026E+00   0.22152E-02  -0.16026E+00
   0.57552E-01  -0.17702E+00   0.35627E-02  -0.17702E+00
   0.54419E-01  -0.19687E+00   0.55100E-02  -0.19687E+00
   0.51290E-01  -0.22035E+00   0.82060E-02  -0.22035E+00
   0.48164E-01  -0.24792E+00   0.11694E-01  -0.24792E+00
   0.45041E-01  -0.27998E+00   0.15908E-01  -0.27998E+00
   0.41921E-01  -0.31694E+00   0.20638E-01  -0.31694E+00
   0.38803E-01  -0.35892E+00   0.25460E-01  -0.35892E+00
   0.35688E-01  -0.40560E+00   0.29614E-01  -0.40560E+00
   0.32575E-01  -0.45632E+00   0.32053E-01  -0.45632E+00
   0.29465E-01  -0.51013E+00   0.31807E-01  -0.51013E+00
   0.26356E-01  -0.56626E+00   0.28213E-01  -0.56626E+00
   0.23250E-01  -0.62492E+00   0.21567E-01  -0.62492E+00
   0.20145E-01  -0.68746E+00   0.13666E-01  -0.68746E+00
   0.17042E-01  -0.75581E+00   0.70785E-02  -0.75581E+00
   0.13940E-01  -0.83057E+00   0.31805E-02  -0.83057E+00
   0.10840E-01  -0.90995E+00   0.14264E-02  -0.90995E+00
   0.77416E-02  -0.99165E+00   0.72016E-03  -0.99165E+00
   0.46441E-02  -0.10745E+01   0.42083E-03  -0.10745E+01
   0.15479E-02  -0.11583E+01   0.24882E-03  -0.11583E+01
