   0.96417E+00   0.13684E+00
   0.94036E+00   0.22879E+00
   0.91667E+00   0.31969E+00
   0.89314E+00   0.41394E+00
   0.86983E+00   0.51423E+00
   0.84677E+00   0.61108E+00
   0.82400E+00   0.69417E+00
   0.80156E+00   0.77198E+00
   0.77949E+00   0.85105E+00
   0.75782E+00   0.92182E+00
   0.73658E+00   0.98436E+00
   0.71579E+00   0.10422E+01
   0.69548E+00   0.10928E+01
   0.67566E+00   0.11357E+01
   0.65636E+00   0.11674E+01
   0.63758E+00   0.11837E+01
   0.61934E+00   0.11874E+01
   0.60163E+00   0.11840E+01
   0.58448E+00   0.11773E+01
   0.56786E+00   0.11675E+01
   0.55179E+00   0.11561E+01
   0.53626E+00   0.11456E+01
   0.52126E+00   0.11365E+01
   0.50679E+00   0.11274E+01
   0.49284E+00   0.11191E+01
   0.47939E+00   0.11143E+01
   0.46643E+00   0.11126E+01
   0.45396E+00   0.11101E+01
   0.44195E+00   0.11040E+01
   0.43040E+00   0.10937E+01
   0.41928E+00   0.10804E+01
   0.40858E+00   0.10659E+01
   0.39828E+00   0.10527E+01
   0.38838E+00   0.10423E+01
   0.37885E+00   0.10346E+01
   0.36967E+00   0.10288E+01
   0.36084E+00   0.10243E+01
   0.35233E+00   0.10206E+01
   0.34413E+00   0.10170E+01
   0.33623E+00   0.10130E+01
   0.32860E+00   0.10085E+01
   0.32125E+00   0.10036E+01
   0.31414E+00   0.99852E+00
   0.30728E+00   0.99342E+00
   0.30064E+00   0.98861E+00
   0.29422E+00   0.98457E+00
   0.28799E+00   0.98186E+00
   0.28197E+00   0.98089E+00
   0.27612E+00   0.98179E+00
   0.27044E+00   0.98450E+00
   0.26492E+00   0.98894E+00
   0.25955E+00   0.99501E+00
   0.25433E+00   0.10027E+01
   0.24924E+00   0.10120E+01
   0.24428E+00   0.10226E+01
   0.23943E+00   0.10341E+01
   0.23470E+00   0.10462E+01
   0.23007E+00   0.10587E+01
   0.22554E+00   0.10716E+01
   0.22110E+00   0.10850E+01
   0.21675E+00   0.10990E+01
   0.21248E+00   0.11138E+01
   0.20829E+00   0.11295E+01
   0.20416E+00   0.11462E+01
   0.20011E+00   0.11638E+01
   0.19611E+00   0.11821E+01
   0.19218E+00   0.12011E+01
   0.18830E+00   0.12206E+01
   0.18448E+00   0.12407E+01
   0.18070E+00   0.12615E+01
   0.17696E+00   0.12833E+01
   0.17327E+00   0.13065E+01
   0.16962E+00   0.13313E+01
   0.16601E+00   0.13578E+01
   0.16243E+00   0.13859E+01
   0.15888E+00   0.14156E+01
   0.15536E+00   0.14469E+01
   0.15187E+00   0.14798E+01
   0.14841E+00   0.15141E+01
   0.14498E+00   0.15499E+01
   0.14156E+00   0.15872E+01
   0.13817E+00   0.16260E+01
   0.13480E+00   0.16664E+01
   0.13145E+00   0.17085E+01
   0.12811E+00   0.17523E+01
   0.12480E+00   0.17980E+01
   0.12150E+00   0.18454E+01
   0.11821E+00   0.18942E+01
   0.11493E+00   0.19444E+01
   0.11167E+00   0.19963E+01
   0.10842E+00   0.20503E+01
   0.10519E+00   0.21068E+01
   0.10196E+00   0.21658E+01
   0.98741E-01   0.22277E+01
   0.95532E-01   0.22929E+01
   0.92332E-01   0.23616E+01
   0.89139E-01   0.24343E+01
   0.85954E-01   0.25112E+01
   0.82776E-01   0.25920E+01
   0.79605E-01   0.26773E+01
   0.76439E-01   0.27687E+01
   0.73279E-01   0.28690E+01
   0.70125E-01   0.29813E+01
   0.66975E-01   0.31089E+01
   0.63830E-01   0.32552E+01
   0.60689E-01   0.34238E+01
   0.57552E-01   0.36193E+01
   0.54419E-01   0.38491E+01
   0.51290E-01   0.41231E+01
   0.48164E-01   0.44515E+01
   0.45041E-01   0.48376E+01
   0.41921E-01   0.52694E+01
   0.38803E-01   0.57119E+01
   0.35688E-01   0.60818E+01
   0.32575E-01   0.62530E+01
   0.29465E-01   0.61110E+01
   0.26356E-01   0.56108E+01
   0.23250E-01   0.48543E+01
   0.20145E-01   0.40166E+01
   0.17042E-01   0.31829E+01
   0.13940E-01   0.23218E+01
   0.10840E-01   0.14294E+01
   0.77416E-02   0.66575E+00
   0.46441E-02   0.20695E+00
   0.15479E-02   0.20794E-01
