   0.976094711E+00   0.100013984E+01   0.930550579E+00
   0.952237563E+00   0.100014215E+01   0.930552730E+00
   0.928476254E+00   0.100014756E+01   0.930557761E+00
   0.904857602E+00   0.100015681E+01   0.930566373E+00
   0.881427127E+00   0.100016908E+01   0.930577783E+00
   0.858228657E+00   0.100018358E+01   0.930591274E+00
   0.835303967E+00   0.100020031E+01   0.930606842E+00
   0.812692458E+00   0.100021884E+01   0.930624082E+00
   0.790430869E+00   0.100023888E+01   0.930642730E+00
   0.768553050E+00   0.100026124E+01   0.930663530E+00
   0.747089771E+00   0.100028620E+01   0.930686756E+00
   0.726068587E+00   0.100031332E+01   0.930711990E+00
   0.705513749E+00   0.100034286E+01   0.930739478E+00
   0.685446164E+00   0.100037570E+01   0.930770030E+00
   0.665883401E+00   0.100041224E+01   0.930804028E+00
   0.646839734E+00   0.100045221E+01   0.930841218E+00
   0.628326228E+00   0.100049513E+01   0.930881149E+00
   0.610350854E+00   0.100054033E+01   0.930923205E+00
   0.592918637E+00   0.100058717E+01   0.930966784E+00
   0.576031819E+00   0.100063536E+01   0.931011620E+00
   0.559690046E+00   0.100068498E+01   0.931057793E+00
   0.543890573E+00   0.100073628E+01   0.931105522E+00
   0.528628465E+00   0.100078941E+01   0.931154953E+00
   0.513896814E+00   0.100084435E+01   0.931206071E+00
   0.499686951E+00   0.100090089E+01   0.931258678E+00
   0.485988661E+00   0.100095862E+01   0.931312388E+00
   0.472790385E+00   0.100101712E+01   0.931366823E+00
   0.460079421E+00   0.100107629E+01   0.931421873E+00
   0.447842115E+00   0.100113626E+01   0.931477669E+00
   0.436064035E+00   0.100119684E+01   0.931534033E+00
   0.424730142E+00   0.100125767E+01   0.931590632E+00
   0.413824940E+00   0.100131867E+01   0.931647388E+00
   0.403332620E+00   0.100137981E+01   0.931704275E+00
   0.393237184E+00   0.100144101E+01   0.931761221E+00
   0.383522563E+00   0.100150224E+01   0.931818188E+00
   0.374172715E+00   0.100156348E+01   0.931875164E+00
   0.365171718E+00   0.100162477E+01   0.931932192E+00
   0.356503844E+00   0.100168635E+01   0.931989482E+00
   0.348153632E+00   0.100174852E+01   0.932047328E+00
   0.340105938E+00   0.100181134E+01   0.932105777E+00
   0.332345984E+00   0.100187457E+01   0.932164613E+00
   0.324859403E+00   0.100193804E+01   0.932223661E+00
   0.317632260E+00   0.100200169E+01   0.932282883E+00
   0.310651084E+00   0.100206550E+01   0.932342259E+00
   0.303902880E+00   0.100212944E+01   0.932401747E+00
   0.297375146E+00   0.100219342E+01   0.932461276E+00
   0.291055875E+00   0.100225735E+01   0.932520756E+00
   0.284933562E+00   0.100232114E+01   0.932580106E+00
   0.278997201E+00   0.100238478E+01   0.932639319E+00
   0.273236279E+00   0.100244835E+01   0.932698469E+00
   0.267640774E+00   0.100251195E+01   0.932757640E+00
   0.262201143E+00   0.100257567E+01   0.932816929E+00
   0.256908310E+00   0.100263963E+01   0.932876437E+00
   0.251753655E+00   0.100270391E+01   0.932936249E+00
   0.246729001E+00   0.100276856E+01   0.932996397E+00
   0.241826599E+00   0.100283356E+01   0.933056870E+00
   0.237039113E+00   0.100289888E+01   0.933117653E+00
   0.232359601E+00   0.100296454E+01   0.933178743E+00
   0.227781505E+00   0.100303053E+01   0.933240143E+00
   0.223298632E+00   0.100309686E+01   0.933301850E+00
   0.218905135E+00   0.100316351E+01   0.933363866E+00
   0.214595504E+00   0.100323054E+01   0.933426232E+00
   0.210364542E+00   0.100329809E+01   0.933489083E+00
   0.206207358E+00   0.100336634E+01   0.933552584E+00
   0.202119345E+00   0.100343545E+01   0.933616881E+00
   0.198096169E+00   0.100350557E+01   0.933682125E+00
   0.194133755E+00   0.100357685E+01   0.933748447E+00
   0.190228273E+00   0.100364942E+01   0.933815968E+00
   0.186376122E+00   0.100372340E+01   0.933884795E+00
   0.182573921E+00   0.100379888E+01   0.933955026E+00
   0.178818495E+00   0.100387601E+01   0.934026790E+00
   0.175106866E+00   0.100395491E+01   0.934100201E+00
   0.171436236E+00   0.100403569E+01   0.934175364E+00
   0.167803984E+00   0.100411851E+01   0.934252418E+00
   0.164207650E+00   0.100420352E+01   0.934331511E+00
   0.160644927E+00   0.100429086E+01   0.934412773E+00
   0.157113655E+00   0.100438069E+01   0.934496353E+00
   0.153611807E+00   0.100447319E+01   0.934582420E+00
   0.150137487E+00   0.100456858E+01   0.934671176E+00
   0.146688917E+00   0.100466711E+01   0.934762850E+00
   0.143264431E+00   0.100476906E+01   0.934857704E+00
   0.139862470E+00   0.100487478E+01   0.934956066E+00
   0.136481575E+00   0.100498464E+01   0.935058282E+00
   0.133120380E+00   0.100509901E+01   0.935164698E+00
   0.129777604E+00   0.100521833E+01   0.935275715E+00
   0.126452052E+00   0.100534306E+01   0.935391764E+00
   0.123142602E+00   0.100547364E+01   0.935513256E+00
   0.119848207E+00   0.100561055E+01   0.935640638E+00
   0.116567886E+00   0.100575431E+01   0.935774398E+00
   0.113300723E+00   0.100590547E+01   0.935915038E+00
   0.110045857E+00   0.100606462E+01   0.936063117E+00
   0.106802488E+00   0.100623245E+01   0.936219271E+00
   0.103569865E+00   0.100640978E+01   0.936384258E+00
   0.100347285E+00   0.100659757E+01   0.936558984E+00
   0.971340918E-01   0.100679691E+01   0.936744457E+00
   0.939296722E-01   0.100700901E+01   0.936941801E+00
   0.907334521E-01   0.100723525E+01   0.937152293E+00
   0.875448949E-01   0.100747721E+01   0.937377418E+00
   0.843634989E-01   0.100773669E+01   0.937618851E+00
   0.811887953E-01   0.100801575E+01   0.937878486E+00
   0.780203456E-01   0.100831676E+01   0.938158554E+00
   0.748577401E-01   0.100864265E+01   0.938461770E+00
   0.717005957E-01   0.100899696E+01   0.938791431E+00
   0.685485545E-01   0.100938398E+01   0.939151514E+00
   0.654012817E-01   0.100980884E+01   0.939546816E+00
   0.622584647E-01   0.101027774E+01   0.939983092E+00
   0.591198110E-01   0.101079824E+01   0.940467377E+00
   0.559850477E-01   0.101137970E+01   0.941008380E+00
   0.528539192E-01   0.101203375E+01   0.941616916E+00
   0.497261872E-01   0.101277470E+01   0.942306310E+00
   0.466016285E-01   0.101362038E+01   0.943093149E+00
   0.434800348E-01   0.101459336E+01   0.943998435E+00
   0.403612115E-01   0.101572256E+01   0.945049061E+00
   0.372449766E-01   0.101704475E+01   0.946279252E+00
   0.341311600E-01   0.101860660E+01   0.947732429E+00
   0.310196029E-01   0.102046787E+01   0.949464193E+00
   0.279101570E-01   0.102270328E+01   0.951544070E+00
   0.248026833E-01   0.102540503E+01   0.954057833E+00
   0.216970524E-01   0.102868502E+01   0.957109602E+00
   0.185931432E-01   0.103266973E+01   0.960817054E+00
   0.154908425E-01   0.103748441E+01   0.965296732E+00
   0.123900446E-01   0.104322378E+01   0.970636757E+00
   0.929065068E-02   0.104991110E+01   0.976858781E+00
   0.619256849E-02   0.105747440E+01   0.983895825E+00
   0.309571179E-02   0.106575931E+01   0.991604284E+00
   0.000000000E+00   0.107478289E+01   0.100000000E+01
