   0.976094711E+00   0.100000650E+01   0.942650326E+00
   0.952237563E+00   0.100000681E+01   0.942650623E+00
   0.928476254E+00   0.100000762E+01   0.942651386E+00
   0.904857602E+00   0.100000897E+01   0.942652657E+00
   0.881427127E+00   0.100001094E+01   0.942654517E+00
   0.858228657E+00   0.100001359E+01   0.942657016E+00
   0.835303967E+00   0.100001689E+01   0.942660127E+00
   0.812692458E+00   0.100002085E+01   0.942663853E+00
   0.790430869E+00   0.100002557E+01   0.942668304E+00
   0.768553050E+00   0.100003125E+01   0.942673659E+00
   0.747089771E+00   0.100003816E+01   0.942680175E+00
   0.726068587E+00   0.100004646E+01   0.942687994E+00
   0.705513749E+00   0.100005596E+01   0.942696947E+00
   0.685446164E+00   0.100006660E+01   0.942706983E+00
   0.665883401E+00   0.100007855E+01   0.942718246E+00
   0.646839734E+00   0.100009190E+01   0.942730826E+00
   0.628326228E+00   0.100010680E+01   0.942744875E+00
   0.610350854E+00   0.100012356E+01   0.942760676E+00
   0.592918637E+00   0.100014246E+01   0.942778488E+00
   0.576031819E+00   0.100016341E+01   0.942798235E+00
   0.559690046E+00   0.100018603E+01   0.942819564E+00
   0.543890573E+00   0.100021005E+01   0.942842199E+00
   0.528628465E+00   0.100023556E+01   0.942866248E+00
   0.513896814E+00   0.100026282E+01   0.942891948E+00
   0.499686951E+00   0.100029174E+01   0.942919208E+00
   0.485988661E+00   0.100032219E+01   0.942947915E+00
   0.472790385E+00   0.100035419E+01   0.942978072E+00
   0.460079421E+00   0.100038752E+01   0.943009491E+00
   0.447842115E+00   0.100042200E+01   0.943041996E+00
   0.436064035E+00   0.100045768E+01   0.943075630E+00
   0.424730142E+00   0.100049459E+01   0.943110425E+00
   0.413824940E+00   0.100053278E+01   0.943146426E+00
   0.403332620E+00   0.100057232E+01   0.943183698E+00
   0.393237184E+00   0.100061313E+01   0.943222169E+00
   0.383522563E+00   0.100065507E+01   0.943261696E+00
   0.374172715E+00   0.100069795E+01   0.943302122E+00
   0.365171718E+00   0.100074160E+01   0.943343262E+00
   0.356503844E+00   0.100078585E+01   0.943384977E+00
   0.348153632E+00   0.100083067E+01   0.943427228E+00
   0.340105938E+00   0.100087610E+01   0.943470056E+00
   0.332345984E+00   0.100092207E+01   0.943513381E+00
   0.324859403E+00   0.100096822E+01   0.943556893E+00
   0.317632260E+00   0.100101420E+01   0.943600234E+00
   0.310651084E+00   0.100105981E+01   0.943643226E+00
   0.303902880E+00   0.100110508E+01   0.943685900E+00
   0.297375146E+00   0.100115016E+01   0.943728396E+00
   0.291055875E+00   0.100119530E+01   0.943770941E+00
   0.284933562E+00   0.100124073E+01   0.943813765E+00
   0.278997201E+00   0.100128659E+01   0.943857003E+00
   0.273236279E+00   0.100133296E+01   0.943900711E+00
   0.267640774E+00   0.100137985E+01   0.943944909E+00
   0.262201143E+00   0.100142727E+01   0.943989609E+00
   0.256908310E+00   0.100147524E+01   0.944034826E+00
   0.251753655E+00   0.100152378E+01   0.944080583E+00
   0.246729001E+00   0.100157297E+01   0.944126954E+00
   0.241826599E+00   0.100162290E+01   0.944174020E+00
   0.237039113E+00   0.100167360E+01   0.944221814E+00
   0.232359601E+00   0.100172506E+01   0.944270316E+00
   0.227781505E+00   0.100177718E+01   0.944319452E+00
   0.223298632E+00   0.100182990E+01   0.944369142E+00
   0.218905135E+00   0.100188318E+01   0.944419367E+00
   0.214595504E+00   0.100193711E+01   0.944470204E+00
   0.210364542E+00   0.100199179E+01   0.944521756E+00
   0.206207358E+00   0.100204734E+01   0.944574114E+00
   0.202119345E+00   0.100210384E+01   0.944627373E+00
   0.198096169E+00   0.100216138E+01   0.944681619E+00
   0.194133755E+00   0.100222007E+01   0.944736934E+00
   0.190228273E+00   0.100227998E+01   0.944793414E+00
   0.186376122E+00   0.100234127E+01   0.944851190E+00
   0.182573921E+00   0.100240410E+01   0.944910413E+00
   0.178818495E+00   0.100246859E+01   0.944971208E+00
   0.175106866E+00   0.100253488E+01   0.945033692E+00
   0.171436236E+00   0.100260312E+01   0.945098016E+00
   0.167803984E+00   0.100267349E+01   0.945164353E+00
   0.164207650E+00   0.100274621E+01   0.945232899E+00
   0.160644927E+00   0.100282147E+01   0.945303841E+00
   0.157113655E+00   0.100289942E+01   0.945377322E+00
   0.153611807E+00   0.100298016E+01   0.945453433E+00
   0.150137487E+00   0.100306380E+01   0.945532273E+00
   0.146688917E+00   0.100315048E+01   0.945613979E+00
   0.143264431E+00   0.100324035E+01   0.945698702E+00
   0.139862470E+00   0.100333360E+01   0.945786602E+00
   0.136481575E+00   0.100343045E+01   0.945877892E+00
   0.133120380E+00   0.100353121E+01   0.945972877E+00
   0.129777604E+00   0.100363625E+01   0.946071896E+00
   0.126452052E+00   0.100374596E+01   0.946175311E+00
   0.123142602E+00   0.100386076E+01   0.946283527E+00
   0.119848207E+00   0.100398112E+01   0.946396985E+00
   0.116567886E+00   0.100410756E+01   0.946516172E+00
   0.113300723E+00   0.100424064E+01   0.946641613E+00
   0.110045857E+00   0.100438093E+01   0.946773861E+00
   0.106802488E+00   0.100452907E+01   0.946913506E+00
   0.103569865E+00   0.100468576E+01   0.947061211E+00
   0.100347285E+00   0.100485180E+01   0.947217726E+00
   0.971340918E-01   0.100502808E+01   0.947383888E+00
   0.939296722E-01   0.100521555E+01   0.947560608E+00
   0.907334521E-01   0.100541532E+01   0.947748922E+00
   0.875448949E-01   0.100562872E+01   0.947950078E+00
   0.843634989E-01   0.100585731E+01   0.948165562E+00
   0.811887953E-01   0.100610292E+01   0.948397087E+00
   0.780203456E-01   0.100636761E+01   0.948646596E+00
   0.748577401E-01   0.100665380E+01   0.948916370E+00
   0.717005957E-01   0.100696434E+01   0.949209101E+00
   0.685485545E-01   0.100730259E+01   0.949527942E+00
   0.654012817E-01   0.100767247E+01   0.949876607E+00
   0.622584647E-01   0.100807873E+01   0.950259570E+00
   0.591198110E-01   0.100852709E+01   0.950682213E+00
   0.559850477E-01   0.100902435E+01   0.951150948E+00
   0.528539192E-01   0.100957870E+01   0.951673510E+00
   0.497261872E-01   0.101020021E+01   0.952259374E+00
   0.466016285E-01   0.101090138E+01   0.952920323E+00
   0.434800348E-01   0.101169784E+01   0.953671102E+00
   0.403612115E-01   0.101260906E+01   0.954530062E+00
   0.372449766E-01   0.101365917E+01   0.955519934E+00
   0.341311600E-01   0.101487890E+01   0.956669711E+00
   0.310196029E-01   0.101630891E+01   0.958017702E+00
   0.279101570E-01   0.101800196E+01   0.959613642E+00
   0.248026833E-01   0.102002577E+01   0.961521376E+00
   0.216970524E-01   0.102246806E+01   0.963823588E+00
   0.185931432E-01   0.102543834E+01   0.966623507E+00
   0.154908425E-01   0.102907004E+01   0.970046907E+00
   0.123900446E-01   0.103350989E+01   0.974232109E+00
   0.929065068E-02   0.103888444E+01   0.979298392E+00
   0.619256849E-02   0.104524983E+01   0.985298689E+00
   0.309571179E-02   0.105253816E+01   0.992168997E+00
   0.000000000E+00   0.106084565E+01   0.100000000E+01
