   0.976094711E+00   0.100000000E+01   0.999999866E+00
   0.952237563E+00   0.100000000E+01   0.999999866E+00
   0.928476254E+00   0.100000000E+01   0.999999866E+00
   0.904857602E+00   0.100000000E+01   0.999999866E+00
   0.881427127E+00   0.100000000E+01   0.999999866E+00
   0.858228657E+00   0.100000000E+01   0.999999866E+00
   0.835303967E+00   0.100000000E+01   0.999999866E+00
   0.812692458E+00   0.100000000E+01   0.999999866E+00
   0.790430869E+00   0.100000000E+01   0.999999866E+00
   0.768553050E+00   0.100000000E+01   0.999999866E+00
   0.747089771E+00   0.100000000E+01   0.999999866E+00
   0.726068587E+00   0.100000000E+01   0.999999866E+00
   0.705513749E+00   0.100000000E+01   0.999999866E+00
   0.685446164E+00   0.100000000E+01   0.999999866E+00
   0.665883401E+00   0.100000000E+01   0.999999866E+00
   0.646839734E+00   0.100000000E+01   0.999999866E+00
   0.628326228E+00   0.100000000E+01   0.999999866E+00
   0.610350854E+00   0.100000000E+01   0.999999866E+00
   0.592918637E+00   0.100000000E+01   0.999999866E+00
   0.576031819E+00   0.100000000E+01   0.999999866E+00
   0.559690046E+00   0.100000000E+01   0.999999866E+00
   0.543890573E+00   0.100000000E+01   0.999999866E+00
   0.528628465E+00   0.100000000E+01   0.999999866E+00
   0.513896814E+00   0.100000000E+01   0.999999866E+00
   0.499686951E+00   0.100000000E+01   0.999999866E+00
   0.485988661E+00   0.100000000E+01   0.999999866E+00
   0.472790385E+00   0.100000000E+01   0.999999866E+00
   0.460079421E+00   0.100000000E+01   0.999999866E+00
   0.447842115E+00   0.100000000E+01   0.999999866E+00
   0.436064035E+00   0.100000000E+01   0.999999866E+00
   0.424730142E+00   0.100000000E+01   0.999999866E+00
   0.413824940E+00   0.100000000E+01   0.999999866E+00
   0.403332620E+00   0.100000000E+01   0.999999866E+00
   0.393237184E+00   0.100000000E+01   0.999999866E+00
   0.383522563E+00   0.100000000E+01   0.999999866E+00
   0.374172715E+00   0.100000000E+01   0.999999866E+00
   0.365171718E+00   0.100000000E+01   0.999999866E+00
   0.356503844E+00   0.100000000E+01   0.999999866E+00
   0.348153632E+00   0.100000000E+01   0.999999866E+00
   0.340105938E+00   0.100000000E+01   0.999999866E+00
   0.332345984E+00   0.100000000E+01   0.999999866E+00
   0.324859403E+00   0.100000000E+01   0.999999866E+00
   0.317632260E+00   0.100000000E+01   0.999999866E+00
   0.310651084E+00   0.100000000E+01   0.999999866E+00
   0.303902880E+00   0.100000000E+01   0.999999866E+00
   0.297375146E+00   0.100000000E+01   0.999999866E+00
   0.291055875E+00   0.100000000E+01   0.999999866E+00
   0.284933562E+00   0.100000000E+01   0.999999866E+00
   0.278997201E+00   0.100000000E+01   0.999999866E+00
   0.273236279E+00   0.100000000E+01   0.999999866E+00
   0.267640774E+00   0.100000000E+01   0.999999866E+00
   0.262201143E+00   0.100000000E+01   0.999999866E+00
   0.256908310E+00   0.100000000E+01   0.999999866E+00
   0.251753655E+00   0.100000000E+01   0.999999866E+00
   0.246729001E+00   0.100000000E+01   0.999999866E+00
   0.241826599E+00   0.100000000E+01   0.999999866E+00
   0.237039113E+00   0.100000000E+01   0.999999866E+00
   0.232359601E+00   0.100000000E+01   0.999999866E+00
   0.227781505E+00   0.100000000E+01   0.999999866E+00
   0.223298632E+00   0.100000000E+01   0.999999866E+00
   0.218905135E+00   0.100000000E+01   0.999999866E+00
   0.214595504E+00   0.100000000E+01   0.999999866E+00
   0.210364542E+00   0.100000000E+01   0.999999866E+00
   0.206207358E+00   0.100000000E+01   0.999999866E+00
   0.202119345E+00   0.100000000E+01   0.999999866E+00
   0.198096169E+00   0.100000000E+01   0.999999866E+00
   0.194133755E+00   0.100000000E+01   0.999999866E+00
   0.190228273E+00   0.100000000E+01   0.999999866E+00
   0.186376122E+00   0.100000000E+01   0.999999866E+00
   0.182573921E+00   0.100000000E+01   0.999999866E+00
   0.178818495E+00   0.100000000E+01   0.999999866E+00
   0.175106866E+00   0.100000000E+01   0.999999866E+00
   0.171436236E+00   0.100000000E+01   0.999999866E+00
   0.167803984E+00   0.100000000E+01   0.999999866E+00
   0.164207650E+00   0.100000000E+01   0.999999866E+00
   0.160644927E+00   0.100000000E+01   0.999999866E+00
   0.157113655E+00   0.100000000E+01   0.999999866E+00
   0.153611807E+00   0.100000000E+01   0.999999866E+00
   0.150137487E+00   0.100000000E+01   0.999999866E+00
   0.146688917E+00   0.100000000E+01   0.999999866E+00
   0.143264431E+00   0.100000000E+01   0.999999866E+00
   0.139862470E+00   0.100000000E+01   0.999999866E+00
   0.136481575E+00   0.100000000E+01   0.999999866E+00
   0.133120380E+00   0.100000000E+01   0.999999866E+00
   0.129777604E+00   0.100000000E+01   0.999999866E+00
   0.126452052E+00   0.100000000E+01   0.999999866E+00
   0.123142602E+00   0.100000000E+01   0.999999866E+00
   0.119848207E+00   0.100000000E+01   0.999999866E+00
   0.116567886E+00   0.100000000E+01   0.999999866E+00
   0.113300723E+00   0.100000000E+01   0.999999866E+00
   0.110045857E+00   0.100000000E+01   0.999999866E+00
   0.106802488E+00   0.100000000E+01   0.999999866E+00
   0.103569865E+00   0.100000000E+01   0.999999866E+00
   0.100347285E+00   0.100000000E+01   0.999999866E+00
   0.971340918E-01   0.100000000E+01   0.999999866E+00
   0.939296722E-01   0.100000000E+01   0.999999866E+00
   0.907334521E-01   0.100000000E+01   0.999999866E+00
   0.875448949E-01   0.100000000E+01   0.999999866E+00
   0.843634989E-01   0.100000000E+01   0.999999866E+00
   0.811887953E-01   0.100000000E+01   0.999999866E+00
   0.780203456E-01   0.100000000E+01   0.999999866E+00
   0.748577401E-01   0.100000000E+01   0.999999866E+00
   0.717005957E-01   0.100000000E+01   0.999999866E+00
   0.685485545E-01   0.100000000E+01   0.999999866E+00
   0.654012817E-01   0.100000000E+01   0.999999866E+00
   0.622584647E-01   0.100000000E+01   0.999999866E+00
   0.591198110E-01   0.100000000E+01   0.999999866E+00
   0.559850477E-01   0.100000000E+01   0.999999866E+00
   0.528539192E-01   0.100000000E+01   0.999999866E+00
   0.497261872E-01   0.100000000E+01   0.999999866E+00
   0.466016285E-01   0.100000000E+01   0.999999866E+00
   0.434800348E-01   0.100000000E+01   0.999999866E+00
   0.403612115E-01   0.100000000E+01   0.999999866E+00
   0.372449766E-01   0.100000000E+01   0.999999866E+00
   0.341311600E-01   0.100000000E+01   0.999999866E+00
   0.310196029E-01   0.100000000E+01   0.999999866E+00
   0.279101570E-01   0.100000000E+01   0.999999867E+00
   0.248026833E-01   0.100000000E+01   0.999999868E+00
   0.216970524E-01   0.100000000E+01   0.999999871E+00
   0.185931432E-01   0.100000001E+01   0.999999876E+00
   0.154908425E-01   0.100000002E+01   0.999999885E+00
   0.123900446E-01   0.100000003E+01   0.999999901E+00
   0.929065068E-02   0.100000006E+01   0.999999925E+00
   0.619256849E-02   0.100000009E+01   0.999999956E+00
   0.309571179E-02   0.100000012E+01   0.999999986E+00
   0.000000000E+00   0.100000013E+01   0.100000000E+01
