   0.98805E+00   0.10445E-01
   0.96417E+00   0.30178E-01
   0.94036E+00   0.52303E-01
   0.91667E+00   0.76975E-01
   0.89314E+00   0.10242E+00
   0.86983E+00   0.12575E+00
   0.84677E+00   0.14775E+00
   0.82400E+00   0.16849E+00
   0.80156E+00   0.18799E+00
   0.77949E+00   0.20622E+00
   0.75782E+00   0.22421E+00
   0.73658E+00   0.24358E+00
   0.71579E+00   0.26493E+00
   0.69548E+00   0.28746E+00
   0.67566E+00   0.31023E+00
   0.65636E+00   0.33194E+00
   0.63758E+00   0.35234E+00
   0.61934E+00   0.37204E+00
   0.60163E+00   0.39094E+00
   0.58448E+00   0.40871E+00
   0.56786E+00   0.42518E+00
   0.55179E+00   0.44019E+00
   0.53626E+00   0.45427E+00
   0.52126E+00   0.46796E+00
   0.50679E+00   0.48176E+00
   0.49284E+00   0.49565E+00
   0.47939E+00   0.50931E+00
   0.46643E+00   0.52275E+00
   0.45396E+00   0.53612E+00
   0.44195E+00   0.54957E+00
   0.43040E+00   0.56335E+00
   0.41928E+00   0.57745E+00
   0.40858E+00   0.59178E+00
   0.39828E+00   0.60604E+00
   0.38838E+00   0.62001E+00
   0.37885E+00   0.63355E+00
   0.36967E+00   0.64650E+00
   0.36084E+00   0.65869E+00
   0.35233E+00   0.67011E+00
   0.34413E+00   0.68098E+00
   0.33623E+00   0.69159E+00
   0.32860E+00   0.70197E+00
   0.32125E+00   0.71212E+00
   0.31414E+00   0.72205E+00
   0.30728E+00   0.73170E+00
   0.30064E+00   0.74101E+00
   0.29422E+00   0.74988E+00
   0.28799E+00   0.75817E+00
   0.28197E+00   0.76582E+00
   0.27612E+00   0.77289E+00
   0.27044E+00   0.77958E+00
   0.26492E+00   0.78610E+00
   0.25955E+00   0.79267E+00
   0.25433E+00   0.79934E+00
   0.24924E+00   0.80607E+00
   0.24428E+00   0.81275E+00
   0.23943E+00   0.81931E+00
   0.23470E+00   0.82568E+00
   0.23007E+00   0.83186E+00
   0.22554E+00   0.83787E+00
   0.22110E+00   0.84364E+00
   0.21675E+00   0.84910E+00
   0.21248E+00   0.85423E+00
   0.20829E+00   0.85911E+00
   0.20416E+00   0.86387E+00
   0.20011E+00   0.86859E+00
   0.19611E+00   0.87336E+00
   0.19218E+00   0.87826E+00
   0.18830E+00   0.88330E+00
   0.18448E+00   0.88848E+00
   0.18070E+00   0.89375E+00
   0.17696E+00   0.89904E+00
   0.17327E+00   0.90433E+00
   0.16962E+00   0.90964E+00
   0.16601E+00   0.91497E+00
   0.16243E+00   0.92037E+00
   0.15888E+00   0.92588E+00
   0.15536E+00   0.93152E+00
   0.15187E+00   0.93730E+00
   0.14841E+00   0.94317E+00
   0.14498E+00   0.94911E+00
   0.14156E+00   0.95508E+00
   0.13817E+00   0.96100E+00
   0.13480E+00   0.96686E+00
   0.13145E+00   0.97264E+00
   0.12811E+00   0.97828E+00
   0.12480E+00   0.98372E+00
   0.12150E+00   0.98887E+00
   0.11821E+00   0.99377E+00
   0.11493E+00   0.99843E+00
   0.11167E+00   0.10028E+01
   0.10842E+00   0.10066E+01
   0.10519E+00   0.10100E+01
   0.10196E+00   0.10129E+01
   0.98741E-01   0.10150E+01
   0.95532E-01   0.10163E+01
   0.92332E-01   0.10168E+01
   0.89139E-01   0.10164E+01
   0.85954E-01   0.10151E+01
   0.82776E-01   0.10131E+01
   0.79605E-01   0.10104E+01
   0.76439E-01   0.10069E+01
   0.73279E-01   0.10027E+01
   0.70125E-01   0.99708E+00
   0.66975E-01   0.98977E+00
   0.63830E-01   0.98016E+00
   0.60689E-01   0.96738E+00
   0.57552E-01   0.95027E+00
   0.54419E-01   0.92765E+00
   0.51290E-01   0.89874E+00
   0.48164E-01   0.86295E+00
   0.45041E-01   0.81969E+00
   0.41921E-01   0.76763E+00
   0.38803E-01   0.70542E+00
   0.35688E-01   0.63259E+00
   0.32575E-01   0.54945E+00
   0.29465E-01   0.45785E+00
   0.26356E-01   0.36237E+00
   0.23250E-01   0.26959E+00
   0.20145E-01   0.18549E+00
   0.17042E-01   0.11521E+00
   0.13940E-01   0.63118E-01
   0.10840E-01   0.29640E-01
   0.77416E-02   0.11190E-01
   0.46441E-02   0.29471E-02
   0.15479E-02   0.37081E-03
