   0.98805E+00   0.36319E-02
   0.96417E+00   0.10438E-01
   0.94036E+00   0.17139E-01
   0.91667E+00   0.23408E-01
   0.89314E+00   0.29289E-01
   0.86983E+00   0.34894E-01
   0.84677E+00   0.40759E-01
   0.82400E+00   0.47191E-01
   0.80156E+00   0.54137E-01
   0.77949E+00   0.61559E-01
   0.75782E+00   0.69178E-01
   0.73658E+00   0.77122E-01
   0.71579E+00   0.85782E-01
   0.69548E+00   0.94947E-01
   0.67566E+00   0.10432E+00
   0.65636E+00   0.11418E+00
   0.63758E+00   0.12455E+00
   0.61934E+00   0.13492E+00
   0.60163E+00   0.14497E+00
   0.58448E+00   0.15495E+00
   0.56786E+00   0.16496E+00
   0.55179E+00   0.17485E+00
   0.53626E+00   0.18454E+00
   0.52126E+00   0.19408E+00
   0.50679E+00   0.20353E+00
   0.49284E+00   0.21297E+00
   0.47939E+00   0.22239E+00
   0.46643E+00   0.23168E+00
   0.45396E+00   0.24077E+00
   0.44195E+00   0.24959E+00
   0.43040E+00   0.25825E+00
   0.41928E+00   0.26679E+00
   0.40858E+00   0.27526E+00
   0.39828E+00   0.28371E+00
   0.38838E+00   0.29226E+00
   0.37885E+00   0.30092E+00
   0.36967E+00   0.30970E+00
   0.36084E+00   0.31854E+00
   0.35233E+00   0.32746E+00
   0.34413E+00   0.33638E+00
   0.33623E+00   0.34515E+00
   0.32860E+00   0.35367E+00
   0.32125E+00   0.36189E+00
   0.31414E+00   0.36978E+00
   0.30728E+00   0.37739E+00
   0.30064E+00   0.38475E+00
   0.29422E+00   0.39187E+00
   0.28799E+00   0.39870E+00
   0.28197E+00   0.40527E+00
   0.27612E+00   0.41160E+00
   0.27044E+00   0.41773E+00
   0.26492E+00   0.42370E+00
   0.25955E+00   0.42955E+00
   0.25433E+00   0.43528E+00
   0.24924E+00   0.44089E+00
   0.24428E+00   0.44638E+00
   0.23943E+00   0.45177E+00
   0.23470E+00   0.45709E+00
   0.23007E+00   0.46236E+00
   0.22554E+00   0.46757E+00
   0.22110E+00   0.47273E+00
   0.21675E+00   0.47781E+00
   0.21248E+00   0.48279E+00
   0.20829E+00   0.48768E+00
   0.20416E+00   0.49246E+00
   0.20011E+00   0.49714E+00
   0.19611E+00   0.50172E+00
   0.19218E+00   0.50626E+00
   0.18830E+00   0.51078E+00
   0.18448E+00   0.51531E+00
   0.18070E+00   0.51988E+00
   0.17696E+00   0.52448E+00
   0.17327E+00   0.52911E+00
   0.16962E+00   0.53377E+00
   0.16601E+00   0.53847E+00
   0.16243E+00   0.54316E+00
   0.15888E+00   0.54788E+00
   0.15536E+00   0.55263E+00
   0.15187E+00   0.55743E+00
   0.14841E+00   0.56231E+00
   0.14498E+00   0.56731E+00
   0.14156E+00   0.57240E+00
   0.13817E+00   0.57759E+00
   0.13480E+00   0.58286E+00
   0.13145E+00   0.58820E+00
   0.12811E+00   0.59358E+00
   0.12480E+00   0.59896E+00
   0.12150E+00   0.60431E+00
   0.11821E+00   0.60961E+00
   0.11493E+00   0.61481E+00
   0.11167E+00   0.61990E+00
   0.10842E+00   0.62488E+00
   0.10519E+00   0.62974E+00
   0.10196E+00   0.63444E+00
   0.98741E-01   0.63895E+00
   0.95532E-01   0.64321E+00
   0.92332E-01   0.64713E+00
   0.89139E-01   0.65067E+00
   0.85954E-01   0.65372E+00
   0.82776E-01   0.65621E+00
   0.79605E-01   0.65807E+00
   0.76439E-01   0.65925E+00
   0.73279E-01   0.65961E+00
   0.70125E-01   0.65894E+00
   0.66975E-01   0.65710E+00
   0.63830E-01   0.65390E+00
   0.60689E-01   0.64900E+00
   0.57552E-01   0.64197E+00
   0.54419E-01   0.63240E+00
   0.51290E-01   0.61995E+00
   0.48164E-01   0.60420E+00
   0.45041E-01   0.58464E+00
   0.41921E-01   0.56060E+00
   0.38803E-01   0.53108E+00
   0.35688E-01   0.49502E+00
   0.32575E-01   0.45150E+00
   0.29465E-01   0.39987E+00
   0.26356E-01   0.34018E+00
   0.23250E-01   0.27387E+00
   0.20145E-01   0.20442E+00
   0.17042E-01   0.13731E+00
   0.13940E-01   0.79213E-01
   0.10840E-01   0.36866E-01
   0.77416E-02   0.12869E-01
   0.46441E-02   0.30341E-02
   0.15479E-02   0.36594E-03
