   0.98805E+00   0.45274E-02
   0.96417E+00   0.12291E-01
   0.94036E+00   0.19793E-01
   0.91667E+00   0.26518E-01
   0.89314E+00   0.33009E-01
   0.86983E+00   0.39387E-01
   0.84677E+00   0.45561E-01
   0.82400E+00   0.52148E-01
   0.80156E+00   0.59150E-01
   0.77949E+00   0.66569E-01
   0.75782E+00   0.74352E-01
   0.73658E+00   0.82656E-01
   0.71579E+00   0.91572E-01
   0.69548E+00   0.10116E+00
   0.67566E+00   0.11127E+00
   0.65636E+00   0.12138E+00
   0.63758E+00   0.13137E+00
   0.61934E+00   0.14149E+00
   0.60163E+00   0.15186E+00
   0.58448E+00   0.16219E+00
   0.56786E+00   0.17213E+00
   0.55179E+00   0.18168E+00
   0.53626E+00   0.19108E+00
   0.52126E+00   0.20044E+00
   0.50679E+00   0.20971E+00
   0.49284E+00   0.21895E+00
   0.47939E+00   0.22815E+00
   0.46643E+00   0.23728E+00
   0.45396E+00   0.24615E+00
   0.44195E+00   0.25477E+00
   0.43040E+00   0.26343E+00
   0.41928E+00   0.27230E+00
   0.40858E+00   0.28133E+00
   0.39828E+00   0.29049E+00
   0.38838E+00   0.29978E+00
   0.37885E+00   0.30918E+00
   0.36967E+00   0.31850E+00
   0.36084E+00   0.32759E+00
   0.35233E+00   0.33632E+00
   0.34413E+00   0.34464E+00
   0.33623E+00   0.35257E+00
   0.32860E+00   0.36012E+00
   0.32125E+00   0.36732E+00
   0.31414E+00   0.37427E+00
   0.30728E+00   0.38114E+00
   0.30064E+00   0.38799E+00
   0.29422E+00   0.39479E+00
   0.28799E+00   0.40146E+00
   0.28197E+00   0.40796E+00
   0.27612E+00   0.41427E+00
   0.27044E+00   0.42040E+00
   0.26492E+00   0.42637E+00
   0.25955E+00   0.43222E+00
   0.25433E+00   0.43797E+00
   0.24924E+00   0.44362E+00
   0.24428E+00   0.44916E+00
   0.23943E+00   0.45458E+00
   0.23470E+00   0.45986E+00
   0.23007E+00   0.46501E+00
   0.22554E+00   0.47007E+00
   0.22110E+00   0.47506E+00
   0.21675E+00   0.48005E+00
   0.21248E+00   0.48505E+00
   0.20829E+00   0.49006E+00
   0.20416E+00   0.49508E+00
   0.20011E+00   0.50008E+00
   0.19611E+00   0.50505E+00
   0.19218E+00   0.50997E+00
   0.18830E+00   0.51486E+00
   0.18448E+00   0.51972E+00
   0.18070E+00   0.52452E+00
   0.17696E+00   0.52929E+00
   0.17327E+00   0.53404E+00
   0.16962E+00   0.53881E+00
   0.16601E+00   0.54362E+00
   0.16243E+00   0.54846E+00
   0.15888E+00   0.55333E+00
   0.15536E+00   0.55825E+00
   0.15187E+00   0.56319E+00
   0.14841E+00   0.56816E+00
   0.14498E+00   0.57314E+00
   0.14156E+00   0.57813E+00
   0.13817E+00   0.58311E+00
   0.13480E+00   0.58805E+00
   0.13145E+00   0.59292E+00
   0.12811E+00   0.59770E+00
   0.12480E+00   0.60242E+00
   0.12150E+00   0.60712E+00
   0.11821E+00   0.61178E+00
   0.11493E+00   0.61638E+00
   0.11167E+00   0.62086E+00
   0.10842E+00   0.62518E+00
   0.10519E+00   0.62930E+00
   0.10196E+00   0.63319E+00
   0.98741E-01   0.63686E+00
   0.95532E-01   0.64027E+00
   0.92332E-01   0.64341E+00
   0.89139E-01   0.64629E+00
   0.85954E-01   0.64888E+00
   0.82776E-01   0.65109E+00
   0.79605E-01   0.65288E+00
   0.76439E-01   0.65419E+00
   0.73279E-01   0.65490E+00
   0.70125E-01   0.65487E+00
   0.66975E-01   0.65393E+00
   0.63830E-01   0.65178E+00
   0.60689E-01   0.64813E+00
   0.57552E-01   0.64273E+00
   0.54419E-01   0.63518E+00
   0.51290E-01   0.62489E+00
   0.48164E-01   0.61104E+00
   0.45041E-01   0.59270E+00
   0.41921E-01   0.56883E+00
   0.38803E-01   0.53845E+00
   0.35688E-01   0.50067E+00
   0.32575E-01   0.45473E+00
   0.29465E-01   0.40036E+00
   0.26356E-01   0.33828E+00
   0.23250E-01   0.27020E+00
   0.20145E-01   0.19922E+00
   0.17042E-01   0.13126E+00
   0.13940E-01   0.74271E-01
   0.10840E-01   0.33884E-01
   0.77416E-02   0.11659E-01
   0.46441E-02   0.27880E-02
   0.15479E-02   0.34027E-03
