   0.98805E+00   0.21899E-02
   0.96417E+00   0.59557E-02
   0.94036E+00   0.97809E-02
   0.91667E+00   0.13381E-01
   0.89314E+00   0.16970E-01
   0.86983E+00   0.20894E-01
   0.84677E+00   0.25532E-01
   0.82400E+00   0.30824E-01
   0.80156E+00   0.36590E-01
   0.77949E+00   0.42835E-01
   0.75782E+00   0.49575E-01
   0.73658E+00   0.56952E-01
   0.71579E+00   0.64724E-01
   0.69548E+00   0.72451E-01
   0.67566E+00   0.79787E-01
   0.65636E+00   0.86840E-01
   0.63758E+00   0.93859E-01
   0.61934E+00   0.10124E+00
   0.60163E+00   0.10918E+00
   0.58448E+00   0.11753E+00
   0.56786E+00   0.12621E+00
   0.55179E+00   0.13537E+00
   0.53626E+00   0.14502E+00
   0.52126E+00   0.15495E+00
   0.50679E+00   0.16505E+00
   0.49284E+00   0.17529E+00
   0.47939E+00   0.18563E+00
   0.46643E+00   0.19594E+00
   0.45396E+00   0.20610E+00
   0.44195E+00   0.21607E+00
   0.43040E+00   0.22578E+00
   0.41928E+00   0.23525E+00
   0.40858E+00   0.24453E+00
   0.39828E+00   0.25376E+00
   0.38838E+00   0.26308E+00
   0.37885E+00   0.27256E+00
   0.36967E+00   0.28217E+00
   0.36084E+00   0.29176E+00
   0.35233E+00   0.30119E+00
   0.34413E+00   0.31034E+00
   0.33623E+00   0.31909E+00
   0.32860E+00   0.32743E+00
   0.32125E+00   0.33543E+00
   0.31414E+00   0.34322E+00
   0.30728E+00   0.35085E+00
   0.30064E+00   0.35834E+00
   0.29422E+00   0.36567E+00
   0.28799E+00   0.37282E+00
   0.28197E+00   0.37980E+00
   0.27612E+00   0.38664E+00
   0.27044E+00   0.39337E+00
   0.26492E+00   0.40002E+00
   0.25955E+00   0.40664E+00
   0.25433E+00   0.41322E+00
   0.24924E+00   0.41977E+00
   0.24428E+00   0.42625E+00
   0.23943E+00   0.43268E+00
   0.23470E+00   0.43905E+00
   0.23007E+00   0.44538E+00
   0.22554E+00   0.45170E+00
   0.22110E+00   0.45803E+00
   0.21675E+00   0.46435E+00
   0.21248E+00   0.47065E+00
   0.20829E+00   0.47693E+00
   0.20416E+00   0.48315E+00
   0.20011E+00   0.48929E+00
   0.19611E+00   0.49538E+00
   0.19218E+00   0.50142E+00
   0.18830E+00   0.50742E+00
   0.18448E+00   0.51337E+00
   0.18070E+00   0.51927E+00
   0.17696E+00   0.52510E+00
   0.17327E+00   0.53085E+00
   0.16962E+00   0.53653E+00
   0.16601E+00   0.54213E+00
   0.16243E+00   0.54765E+00
   0.15888E+00   0.55306E+00
   0.15536E+00   0.55838E+00
   0.15187E+00   0.56359E+00
   0.14841E+00   0.56867E+00
   0.14498E+00   0.57361E+00
   0.14156E+00   0.57840E+00
   0.13817E+00   0.58310E+00
   0.13480E+00   0.58774E+00
   0.13145E+00   0.59236E+00
   0.12811E+00   0.59702E+00
   0.12480E+00   0.60171E+00
   0.12150E+00   0.60648E+00
   0.11821E+00   0.61132E+00
   0.11493E+00   0.61620E+00
   0.11167E+00   0.62107E+00
   0.10842E+00   0.62587E+00
   0.10519E+00   0.63053E+00
   0.10196E+00   0.63502E+00
   0.98741E-01   0.63930E+00
   0.95532E-01   0.64334E+00
   0.92332E-01   0.64714E+00
   0.89139E-01   0.65063E+00
   0.85954E-01   0.65376E+00
   0.82776E-01   0.65647E+00
   0.79605E-01   0.65866E+00
   0.76439E-01   0.66026E+00
   0.73279E-01   0.66116E+00
   0.70125E-01   0.66131E+00
   0.66975E-01   0.66058E+00
   0.63830E-01   0.65878E+00
   0.60689E-01   0.65564E+00
   0.57552E-01   0.65075E+00
   0.54419E-01   0.64375E+00
   0.51290E-01   0.63427E+00
   0.48164E-01   0.62178E+00
   0.45041E-01   0.60572E+00
   0.41921E-01   0.58534E+00
   0.38803E-01   0.55951E+00
   0.35688E-01   0.52712E+00
   0.32575E-01   0.48730E+00
   0.29465E-01   0.43915E+00
   0.26356E-01   0.38212E+00
   0.23250E-01   0.31671E+00
   0.20145E-01   0.24507E+00
   0.17042E-01   0.17188E+00
   0.13940E-01   0.10440E+00
   0.10840E-01   0.51042E-01
   0.77416E-02   0.17977E-01
   0.46441E-02   0.40489E-02
   0.15479E-02   0.46190E-03
