   0.98805E+00   0.76036E-02
   0.96417E+00   0.22143E-01
   0.94036E+00   0.36312E-01
   0.91667E+00   0.49600E-01
   0.89314E+00   0.62830E-01
   0.86983E+00   0.75766E-01
   0.84677E+00   0.87822E-01
   0.82400E+00   0.98988E-01
   0.80156E+00   0.11011E+00
   0.77949E+00   0.12237E+00
   0.75782E+00   0.13617E+00
   0.73658E+00   0.15099E+00
   0.71579E+00   0.16592E+00
   0.69548E+00   0.18043E+00
   0.67566E+00   0.19462E+00
   0.65636E+00   0.20896E+00
   0.63758E+00   0.22344E+00
   0.61934E+00   0.23782E+00
   0.60163E+00   0.25212E+00
   0.58448E+00   0.26653E+00
   0.56786E+00   0.28094E+00
   0.55179E+00   0.29512E+00
   0.53626E+00   0.30896E+00
   0.52126E+00   0.32270E+00
   0.50679E+00   0.33665E+00
   0.49284E+00   0.35060E+00
   0.47939E+00   0.36446E+00
   0.46643E+00   0.37818E+00
   0.45396E+00   0.39165E+00
   0.44195E+00   0.40468E+00
   0.43040E+00   0.41708E+00
   0.41928E+00   0.42897E+00
   0.40858E+00   0.44045E+00
   0.39828E+00   0.45133E+00
   0.38838E+00   0.46164E+00
   0.37885E+00   0.47160E+00
   0.36967E+00   0.48150E+00
   0.36084E+00   0.49144E+00
   0.35233E+00   0.50131E+00
   0.34413E+00   0.51099E+00
   0.33623E+00   0.52036E+00
   0.32860E+00   0.52942E+00
   0.32125E+00   0.53827E+00
   0.31414E+00   0.54701E+00
   0.30728E+00   0.55571E+00
   0.30064E+00   0.56438E+00
   0.29422E+00   0.57304E+00
   0.28799E+00   0.58167E+00
   0.28197E+00   0.59020E+00
   0.27612E+00   0.59859E+00
   0.27044E+00   0.60689E+00
   0.26492E+00   0.61518E+00
   0.25955E+00   0.62351E+00
   0.25433E+00   0.63179E+00
   0.24924E+00   0.63997E+00
   0.24428E+00   0.64803E+00
   0.23943E+00   0.65590E+00
   0.23470E+00   0.66350E+00
   0.23007E+00   0.67084E+00
   0.22554E+00   0.67804E+00
   0.22110E+00   0.68533E+00
   0.21675E+00   0.69289E+00
   0.21248E+00   0.70077E+00
   0.20829E+00   0.70892E+00
   0.20416E+00   0.71730E+00
   0.20011E+00   0.72586E+00
   0.19611E+00   0.73455E+00
   0.19218E+00   0.74334E+00
   0.18830E+00   0.75221E+00
   0.18448E+00   0.76107E+00
   0.18070E+00   0.76982E+00
   0.17696E+00   0.77841E+00
   0.17327E+00   0.78679E+00
   0.16962E+00   0.79495E+00
   0.16601E+00   0.80282E+00
   0.16243E+00   0.81042E+00
   0.15888E+00   0.81782E+00
   0.15536E+00   0.82507E+00
   0.15187E+00   0.83226E+00
   0.14841E+00   0.83938E+00
   0.14498E+00   0.84639E+00
   0.14156E+00   0.85335E+00
   0.13817E+00   0.86031E+00
   0.13480E+00   0.86727E+00
   0.13145E+00   0.87428E+00
   0.12811E+00   0.88129E+00
   0.12480E+00   0.88823E+00
   0.12150E+00   0.89505E+00
   0.11821E+00   0.90177E+00
   0.11493E+00   0.90836E+00
   0.11167E+00   0.91485E+00
   0.10842E+00   0.92121E+00
   0.10519E+00   0.92735E+00
   0.10196E+00   0.93325E+00
   0.98741E-01   0.93875E+00
   0.95532E-01   0.94364E+00
   0.92332E-01   0.94770E+00
   0.89139E-01   0.95069E+00
   0.85954E-01   0.95242E+00
   0.82776E-01   0.95282E+00
   0.79605E-01   0.95181E+00
   0.76439E-01   0.94916E+00
   0.73279E-01   0.94460E+00
   0.70125E-01   0.93796E+00
   0.66975E-01   0.92902E+00
   0.63830E-01   0.91727E+00
   0.60689E-01   0.90216E+00
   0.57552E-01   0.88314E+00
   0.54419E-01   0.85949E+00
   0.51290E-01   0.83020E+00
   0.48164E-01   0.79451E+00
   0.45041E-01   0.75150E+00
   0.41921E-01   0.70003E+00
   0.38803E-01   0.63887E+00
   0.35688E-01   0.56759E+00
   0.32575E-01   0.48728E+00
   0.29465E-01   0.40073E+00
   0.26356E-01   0.31262E+00
   0.23250E-01   0.22899E+00
   0.20145E-01   0.15555E+00
   0.17042E-01   0.96246E-01
   0.13940E-01   0.53055E-01
   0.10840E-01   0.25081E-01
   0.77416E-02   0.95533E-02
   0.46441E-02   0.25639E-02
   0.15479E-02   0.32992E-03
