   0.98805E+00   0.76827E-02
   0.96417E+00   0.21069E-01
   0.94036E+00   0.34481E-01
   0.91667E+00   0.47100E-01
   0.89314E+00   0.58797E-01
   0.86983E+00   0.69933E-01
   0.84677E+00   0.81001E-01
   0.82400E+00   0.92202E-01
   0.80156E+00   0.10348E+00
   0.77949E+00   0.11426E+00
   0.75782E+00   0.12455E+00
   0.73658E+00   0.13516E+00
   0.71579E+00   0.14667E+00
   0.69548E+00   0.15906E+00
   0.67566E+00   0.17174E+00
   0.65636E+00   0.18402E+00
   0.63758E+00   0.19588E+00
   0.61934E+00   0.20736E+00
   0.60163E+00   0.21841E+00
   0.58448E+00   0.22891E+00
   0.56786E+00   0.23874E+00
   0.55179E+00   0.24787E+00
   0.53626E+00   0.25659E+00
   0.52126E+00   0.26541E+00
   0.50679E+00   0.27485E+00
   0.49284E+00   0.28523E+00
   0.47939E+00   0.29643E+00
   0.46643E+00   0.30810E+00
   0.45396E+00   0.31978E+00
   0.44195E+00   0.33149E+00
   0.43040E+00   0.34336E+00
   0.41928E+00   0.35523E+00
   0.40858E+00   0.36662E+00
   0.39828E+00   0.37729E+00
   0.38838E+00   0.38726E+00
   0.37885E+00   0.39656E+00
   0.36967E+00   0.40515E+00
   0.36084E+00   0.41311E+00
   0.35233E+00   0.42057E+00
   0.34413E+00   0.42770E+00
   0.33623E+00   0.43467E+00
   0.32860E+00   0.44162E+00
   0.32125E+00   0.44853E+00
   0.31414E+00   0.45533E+00
   0.30728E+00   0.46203E+00
   0.30064E+00   0.46866E+00
   0.29422E+00   0.47527E+00
   0.28799E+00   0.48188E+00
   0.28197E+00   0.48852E+00
   0.27612E+00   0.49523E+00
   0.27044E+00   0.50203E+00
   0.26492E+00   0.50896E+00
   0.25955E+00   0.51600E+00
   0.25433E+00   0.52309E+00
   0.24924E+00   0.53016E+00
   0.24428E+00   0.53717E+00
   0.23943E+00   0.54410E+00
   0.23470E+00   0.55096E+00
   0.23007E+00   0.55773E+00
   0.22554E+00   0.56436E+00
   0.22110E+00   0.57088E+00
   0.21675E+00   0.57730E+00
   0.21248E+00   0.58366E+00
   0.20829E+00   0.58997E+00
   0.20416E+00   0.59624E+00
   0.20011E+00   0.60245E+00
   0.19611E+00   0.60863E+00
   0.19218E+00   0.61478E+00
   0.18830E+00   0.62093E+00
   0.18448E+00   0.62710E+00
   0.18070E+00   0.63331E+00
   0.17696E+00   0.63960E+00
   0.17327E+00   0.64603E+00
   0.16962E+00   0.65257E+00
   0.16601E+00   0.65920E+00
   0.16243E+00   0.66587E+00
   0.15888E+00   0.67260E+00
   0.15536E+00   0.67942E+00
   0.15187E+00   0.68630E+00
   0.14841E+00   0.69320E+00
   0.14498E+00   0.70014E+00
   0.14156E+00   0.70707E+00
   0.13817E+00   0.71402E+00
   0.13480E+00   0.72095E+00
   0.13145E+00   0.72778E+00
   0.12811E+00   0.73446E+00
   0.12480E+00   0.74090E+00
   0.12150E+00   0.74704E+00
   0.11821E+00   0.75284E+00
   0.11493E+00   0.75822E+00
   0.11167E+00   0.76309E+00
   0.10842E+00   0.76736E+00
   0.10519E+00   0.77101E+00
   0.10196E+00   0.77399E+00
   0.98741E-01   0.77634E+00
   0.95532E-01   0.77807E+00
   0.92332E-01   0.77918E+00
   0.89139E-01   0.77977E+00
   0.85954E-01   0.77988E+00
   0.82776E-01   0.77942E+00
   0.79605E-01   0.77826E+00
   0.76439E-01   0.77617E+00
   0.73279E-01   0.77289E+00
   0.70125E-01   0.76820E+00
   0.66975E-01   0.76192E+00
   0.63830E-01   0.75377E+00
   0.60689E-01   0.74313E+00
   0.57552E-01   0.72908E+00
   0.54419E-01   0.71071E+00
   0.51290E-01   0.68731E+00
   0.48164E-01   0.65812E+00
   0.45041E-01   0.62185E+00
   0.41921E-01   0.57747E+00
   0.38803E-01   0.52420E+00
   0.35688E-01   0.46171E+00
   0.32575E-01   0.39116E+00
   0.29465E-01   0.31537E+00
   0.26356E-01   0.23913E+00
   0.23250E-01   0.16864E+00
   0.20145E-01   0.10975E+00
   0.17042E-01   0.65754E-01
   0.13940E-01   0.35911E-01
   0.10840E-01   0.17077E-01
   0.77416E-02   0.65234E-02
   0.46441E-02   0.17384E-02
   0.15479E-02   0.22174E-03
