   0.98805E+00   0.11559E-01
   0.96417E+00   0.32438E-01
   0.94036E+00   0.53668E-01
   0.91667E+00   0.75492E-01
   0.89314E+00   0.98135E-01
   0.86983E+00   0.12166E+00
   0.84677E+00   0.14478E+00
   0.82400E+00   0.16567E+00
   0.80156E+00   0.18470E+00
   0.77949E+00   0.20302E+00
   0.75782E+00   0.22024E+00
   0.73658E+00   0.23617E+00
   0.71579E+00   0.25137E+00
   0.69548E+00   0.26739E+00
   0.67566E+00   0.28423E+00
   0.65636E+00   0.30154E+00
   0.63758E+00   0.31944E+00
   0.61934E+00   0.33882E+00
   0.60163E+00   0.35892E+00
   0.58448E+00   0.37820E+00
   0.56786E+00   0.39550E+00
   0.55179E+00   0.41024E+00
   0.53626E+00   0.42320E+00
   0.52126E+00   0.43561E+00
   0.50679E+00   0.44837E+00
   0.49284E+00   0.46134E+00
   0.47939E+00   0.47351E+00
   0.46643E+00   0.48464E+00
   0.45396E+00   0.49564E+00
   0.44195E+00   0.50706E+00
   0.43040E+00   0.51892E+00
   0.41928E+00   0.53137E+00
   0.40858E+00   0.54450E+00
   0.39828E+00   0.55808E+00
   0.38838E+00   0.57156E+00
   0.37885E+00   0.58473E+00
   0.36967E+00   0.59751E+00
   0.36084E+00   0.60997E+00
   0.35233E+00   0.62204E+00
   0.34413E+00   0.63372E+00
   0.33623E+00   0.64512E+00
   0.32860E+00   0.65621E+00
   0.32125E+00   0.66710E+00
   0.31414E+00   0.67780E+00
   0.30728E+00   0.68821E+00
   0.30064E+00   0.69818E+00
   0.29422E+00   0.70776E+00
   0.28799E+00   0.71707E+00
   0.28197E+00   0.72617E+00
   0.27612E+00   0.73504E+00
   0.27044E+00   0.74357E+00
   0.26492E+00   0.75166E+00
   0.25955E+00   0.75928E+00
   0.25433E+00   0.76647E+00
   0.24924E+00   0.77330E+00
   0.24428E+00   0.77984E+00
   0.23943E+00   0.78621E+00
   0.23470E+00   0.79246E+00
   0.23007E+00   0.79854E+00
   0.22554E+00   0.80440E+00
   0.22110E+00   0.80997E+00
   0.21675E+00   0.81525E+00
   0.21248E+00   0.82028E+00
   0.20829E+00   0.82508E+00
   0.20416E+00   0.82972E+00
   0.20011E+00   0.83431E+00
   0.19611E+00   0.83895E+00
   0.19218E+00   0.84375E+00
   0.18830E+00   0.84872E+00
   0.18448E+00   0.85383E+00
   0.18070E+00   0.85903E+00
   0.17696E+00   0.86432E+00
   0.17327E+00   0.86965E+00
   0.16962E+00   0.87502E+00
   0.16601E+00   0.88045E+00
   0.16243E+00   0.88597E+00
   0.15888E+00   0.89158E+00
   0.15536E+00   0.89734E+00
   0.15187E+00   0.90327E+00
   0.14841E+00   0.90933E+00
   0.14498E+00   0.91547E+00
   0.14156E+00   0.92170E+00
   0.13817E+00   0.92806E+00
   0.13480E+00   0.93450E+00
   0.13145E+00   0.94096E+00
   0.12811E+00   0.94741E+00
   0.12480E+00   0.95381E+00
   0.12150E+00   0.96008E+00
   0.11821E+00   0.96612E+00
   0.11493E+00   0.97169E+00
   0.11167E+00   0.97663E+00
   0.10842E+00   0.98085E+00
   0.10519E+00   0.98427E+00
   0.10196E+00   0.98690E+00
   0.98741E-01   0.98877E+00
   0.95532E-01   0.98994E+00
   0.92332E-01   0.99057E+00
   0.89139E-01   0.99074E+00
   0.85954E-01   0.99039E+00
   0.82776E-01   0.98947E+00
   0.79605E-01   0.98770E+00
   0.76439E-01   0.98476E+00
   0.73279E-01   0.98030E+00
   0.70125E-01   0.97402E+00
   0.66975E-01   0.96549E+00
   0.63830E-01   0.95421E+00
   0.60689E-01   0.93971E+00
   0.57552E-01   0.92142E+00
   0.54419E-01   0.89864E+00
   0.51290E-01   0.87053E+00
   0.48164E-01   0.83627E+00
   0.45041E-01   0.79469E+00
   0.41921E-01   0.74430E+00
   0.38803E-01   0.68345E+00
   0.35688E-01   0.61155E+00
   0.32575E-01   0.52929E+00
   0.29465E-01   0.43937E+00
   0.26356E-01   0.34575E+00
   0.23250E-01   0.25492E+00
   0.20145E-01   0.17362E+00
   0.17042E-01   0.10761E+00
   0.13940E-01   0.59316E-01
   0.10840E-01   0.28003E-01
   0.77416E-02   0.10588E-01
   0.46441E-02   0.27425E-02
   0.15479E-02   0.32915E-03
