   0.98805E+00   0.57680E-02
   0.96417E+00   0.16070E-01
   0.94036E+00   0.26080E-01
   0.91667E+00   0.34613E-01
   0.89314E+00   0.42319E-01
   0.86983E+00   0.50048E-01
   0.84677E+00   0.58324E-01
   0.82400E+00   0.67189E-01
   0.80156E+00   0.76749E-01
   0.77949E+00   0.86841E-01
   0.75782E+00   0.96994E-01
   0.73658E+00   0.10694E+00
   0.71579E+00   0.11653E+00
   0.69548E+00   0.12539E+00
   0.67566E+00   0.13336E+00
   0.65636E+00   0.14096E+00
   0.63758E+00   0.14890E+00
   0.61934E+00   0.15771E+00
   0.60163E+00   0.16725E+00
   0.58448E+00   0.17709E+00
   0.56786E+00   0.18679E+00
   0.55179E+00   0.19637E+00
   0.53626E+00   0.20597E+00
   0.52126E+00   0.21567E+00
   0.50679E+00   0.22551E+00
   0.49284E+00   0.23546E+00
   0.47939E+00   0.24546E+00
   0.46643E+00   0.25546E+00
   0.45396E+00   0.26543E+00
   0.44195E+00   0.27543E+00
   0.43040E+00   0.28544E+00
   0.41928E+00   0.29525E+00
   0.40858E+00   0.30477E+00
   0.39828E+00   0.31399E+00
   0.38838E+00   0.32294E+00
   0.37885E+00   0.33169E+00
   0.36967E+00   0.34023E+00
   0.36084E+00   0.34847E+00
   0.35233E+00   0.35640E+00
   0.34413E+00   0.36405E+00
   0.33623E+00   0.37150E+00
   0.32860E+00   0.37883E+00
   0.32125E+00   0.38611E+00
   0.31414E+00   0.39336E+00
   0.30728E+00   0.40061E+00
   0.30064E+00   0.40783E+00
   0.29422E+00   0.41501E+00
   0.28799E+00   0.42215E+00
   0.28197E+00   0.42920E+00
   0.27612E+00   0.43610E+00
   0.27044E+00   0.44277E+00
   0.26492E+00   0.44918E+00
   0.25955E+00   0.45532E+00
   0.25433E+00   0.46118E+00
   0.24924E+00   0.46684E+00
   0.24428E+00   0.47233E+00
   0.23943E+00   0.47771E+00
   0.23470E+00   0.48301E+00
   0.23007E+00   0.48826E+00
   0.22554E+00   0.49344E+00
   0.22110E+00   0.49852E+00
   0.21675E+00   0.50349E+00
   0.21248E+00   0.50831E+00
   0.20829E+00   0.51296E+00
   0.20416E+00   0.51739E+00
   0.20011E+00   0.52158E+00
   0.19611E+00   0.52560E+00
   0.19218E+00   0.52952E+00
   0.18830E+00   0.53339E+00
   0.18448E+00   0.53727E+00
   0.18070E+00   0.54120E+00
   0.17696E+00   0.54522E+00
   0.17327E+00   0.54937E+00
   0.16962E+00   0.55364E+00
   0.16601E+00   0.55799E+00
   0.16243E+00   0.56240E+00
   0.15888E+00   0.56684E+00
   0.15536E+00   0.57126E+00
   0.15187E+00   0.57564E+00
   0.14841E+00   0.57991E+00
   0.14498E+00   0.58406E+00
   0.14156E+00   0.58813E+00
   0.13817E+00   0.59219E+00
   0.13480E+00   0.59626E+00
   0.13145E+00   0.60036E+00
   0.12811E+00   0.60451E+00
   0.12480E+00   0.60874E+00
   0.12150E+00   0.61305E+00
   0.11821E+00   0.61742E+00
   0.11493E+00   0.62183E+00
   0.11167E+00   0.62632E+00
   0.10842E+00   0.63085E+00
   0.10519E+00   0.63539E+00
   0.10196E+00   0.63983E+00
   0.98741E-01   0.64408E+00
   0.95532E-01   0.64802E+00
   0.92332E-01   0.65160E+00
   0.89139E-01   0.65480E+00
   0.85954E-01   0.65760E+00
   0.82776E-01   0.65993E+00
   0.79605E-01   0.66168E+00
   0.76439E-01   0.66269E+00
   0.73279E-01   0.66286E+00
   0.70125E-01   0.66203E+00
   0.66975E-01   0.65986E+00
   0.63830E-01   0.65593E+00
   0.60689E-01   0.64983E+00
   0.57552E-01   0.64118E+00
   0.54419E-01   0.62953E+00
   0.51290E-01   0.61445E+00
   0.48164E-01   0.59548E+00
   0.45041E-01   0.57194E+00
   0.41921E-01   0.54291E+00
   0.38803E-01   0.50746E+00
   0.35688E-01   0.46489E+00
   0.32575E-01   0.41476E+00
   0.29465E-01   0.35680E+00
   0.26356E-01   0.29197E+00
   0.23250E-01   0.22356E+00
   0.20145E-01   0.15640E+00
   0.17042E-01   0.96950E-01
   0.13940E-01   0.51126E-01
   0.10840E-01   0.22100E-01
   0.77416E-02   0.76756E-02
   0.46441E-02   0.19651E-02
   0.15479E-02   0.25144E-03
