   0.98805E+00   0.56426E-02
   0.96417E+00   0.15532E-01
   0.94036E+00   0.25400E-01
   0.91667E+00   0.35668E-01
   0.89314E+00   0.46819E-01
   0.86983E+00   0.58728E-01
   0.84677E+00   0.70860E-01
   0.82400E+00   0.83006E-01
   0.80156E+00   0.95161E-01
   0.77949E+00   0.10733E+00
   0.75782E+00   0.11913E+00
   0.73658E+00   0.13041E+00
   0.71579E+00   0.14153E+00
   0.69548E+00   0.15265E+00
   0.67566E+00   0.16358E+00
   0.65636E+00   0.17420E+00
   0.63758E+00   0.18470E+00
   0.61934E+00   0.19512E+00
   0.60163E+00   0.20546E+00
   0.58448E+00   0.21583E+00
   0.56786E+00   0.22624E+00
   0.55179E+00   0.23683E+00
   0.53626E+00   0.24754E+00
   0.52126E+00   0.25827E+00
   0.50679E+00   0.26895E+00
   0.49284E+00   0.27935E+00
   0.47939E+00   0.28930E+00
   0.46643E+00   0.29892E+00
   0.45396E+00   0.30838E+00
   0.44195E+00   0.31784E+00
   0.43040E+00   0.32760E+00
   0.41928E+00   0.33775E+00
   0.40858E+00   0.34814E+00
   0.39828E+00   0.35861E+00
   0.38838E+00   0.36905E+00
   0.37885E+00   0.37937E+00
   0.36967E+00   0.38951E+00
   0.36084E+00   0.39932E+00
   0.35233E+00   0.40869E+00
   0.34413E+00   0.41758E+00
   0.33623E+00   0.42598E+00
   0.32860E+00   0.43388E+00
   0.32125E+00   0.44122E+00
   0.31414E+00   0.44799E+00
   0.30728E+00   0.45430E+00
   0.30064E+00   0.46028E+00
   0.29422E+00   0.46603E+00
   0.28799E+00   0.47157E+00
   0.28197E+00   0.47689E+00
   0.27612E+00   0.48203E+00
   0.27044E+00   0.48704E+00
   0.26492E+00   0.49198E+00
   0.25955E+00   0.49687E+00
   0.25433E+00   0.50175E+00
   0.24924E+00   0.50665E+00
   0.24428E+00   0.51158E+00
   0.23943E+00   0.51651E+00
   0.23470E+00   0.52140E+00
   0.23007E+00   0.52628E+00
   0.22554E+00   0.53115E+00
   0.22110E+00   0.53602E+00
   0.21675E+00   0.54091E+00
   0.21248E+00   0.54582E+00
   0.20829E+00   0.55075E+00
   0.20416E+00   0.55567E+00
   0.20011E+00   0.56057E+00
   0.19611E+00   0.56546E+00
   0.19218E+00   0.57038E+00
   0.18830E+00   0.57532E+00
   0.18448E+00   0.58030E+00
   0.18070E+00   0.58532E+00
   0.17696E+00   0.59039E+00
   0.17327E+00   0.59549E+00
   0.16962E+00   0.60062E+00
   0.16601E+00   0.60576E+00
   0.16243E+00   0.61088E+00
   0.15888E+00   0.61597E+00
   0.15536E+00   0.62104E+00
   0.15187E+00   0.62609E+00
   0.14841E+00   0.63113E+00
   0.14498E+00   0.63616E+00
   0.14156E+00   0.64124E+00
   0.13817E+00   0.64639E+00
   0.13480E+00   0.65162E+00
   0.13145E+00   0.65692E+00
   0.12811E+00   0.66231E+00
   0.12480E+00   0.66775E+00
   0.12150E+00   0.67321E+00
   0.11821E+00   0.67861E+00
   0.11493E+00   0.68396E+00
   0.11167E+00   0.68928E+00
   0.10842E+00   0.69457E+00
   0.10519E+00   0.69981E+00
   0.10196E+00   0.70492E+00
   0.98741E-01   0.70980E+00
   0.95532E-01   0.71435E+00
   0.92332E-01   0.71846E+00
   0.89139E-01   0.72202E+00
   0.85954E-01   0.72485E+00
   0.82776E-01   0.72676E+00
   0.79605E-01   0.72748E+00
   0.76439E-01   0.72678E+00
   0.73279E-01   0.72450E+00
   0.70125E-01   0.72067E+00
   0.66975E-01   0.71536E+00
   0.63830E-01   0.70834E+00
   0.60689E-01   0.69915E+00
   0.57552E-01   0.68727E+00
   0.54419E-01   0.67199E+00
   0.51290E-01   0.65232E+00
   0.48164E-01   0.62713E+00
   0.45041E-01   0.59552E+00
   0.41921E-01   0.55676E+00
   0.38803E-01   0.50978E+00
   0.35688E-01   0.45396E+00
   0.32575E-01   0.38988E+00
   0.29465E-01   0.31944E+00
   0.26356E-01   0.24581E+00
   0.23250E-01   0.17380E+00
   0.20145E-01   0.11028E+00
   0.17042E-01   0.62109E-01
   0.13940E-01   0.31238E-01
   0.10840E-01   0.14075E-01
   0.77416E-02   0.54079E-02
   0.46441E-02   0.15087E-02
   0.15479E-02   0.20569E-03
