   0.98805E+00   0.75181E-02
   0.96417E+00   0.20987E-01
   0.94036E+00   0.33953E-01
   0.91667E+00   0.45806E-01
   0.89314E+00   0.57210E-01
   0.86983E+00   0.68262E-01
   0.84677E+00   0.79579E-01
   0.82400E+00   0.92034E-01
   0.80156E+00   0.10558E+00
   0.77949E+00   0.11866E+00
   0.75782E+00   0.13058E+00
   0.73658E+00   0.14198E+00
   0.71579E+00   0.15370E+00
   0.69548E+00   0.16595E+00
   0.67566E+00   0.17843E+00
   0.65636E+00   0.19088E+00
   0.63758E+00   0.20303E+00
   0.61934E+00   0.21475E+00
   0.60163E+00   0.22593E+00
   0.58448E+00   0.23697E+00
   0.56786E+00   0.24780E+00
   0.55179E+00   0.25820E+00
   0.53626E+00   0.26810E+00
   0.52126E+00   0.27780E+00
   0.50679E+00   0.28773E+00
   0.49284E+00   0.29816E+00
   0.47939E+00   0.30876E+00
   0.46643E+00   0.31927E+00
   0.45396E+00   0.32998E+00
   0.44195E+00   0.34077E+00
   0.43040E+00   0.35108E+00
   0.41928E+00   0.36073E+00
   0.40858E+00   0.37003E+00
   0.39828E+00   0.37927E+00
   0.38838E+00   0.38861E+00
   0.37885E+00   0.39809E+00
   0.36967E+00   0.40763E+00
   0.36084E+00   0.41709E+00
   0.35233E+00   0.42637E+00
   0.34413E+00   0.43541E+00
   0.33623E+00   0.44420E+00
   0.32860E+00   0.45282E+00
   0.32125E+00   0.46136E+00
   0.31414E+00   0.46988E+00
   0.30728E+00   0.47833E+00
   0.30064E+00   0.48664E+00
   0.29422E+00   0.49474E+00
   0.28799E+00   0.50266E+00
   0.28197E+00   0.51045E+00
   0.27612E+00   0.51817E+00
   0.27044E+00   0.52580E+00
   0.26492E+00   0.53329E+00
   0.25955E+00   0.54062E+00
   0.25433E+00   0.54781E+00
   0.24924E+00   0.55491E+00
   0.24428E+00   0.56189E+00
   0.23943E+00   0.56874E+00
   0.23470E+00   0.57545E+00
   0.23007E+00   0.58199E+00
   0.22554E+00   0.58833E+00
   0.22110E+00   0.59449E+00
   0.21675E+00   0.60052E+00
   0.21248E+00   0.60638E+00
   0.20829E+00   0.61209E+00
   0.20416E+00   0.61764E+00
   0.20011E+00   0.62304E+00
   0.19611E+00   0.62829E+00
   0.19218E+00   0.63342E+00
   0.18830E+00   0.63848E+00
   0.18448E+00   0.64353E+00
   0.18070E+00   0.64864E+00
   0.17696E+00   0.65384E+00
   0.17327E+00   0.65919E+00
   0.16962E+00   0.66472E+00
   0.16601E+00   0.67044E+00
   0.16243E+00   0.67633E+00
   0.15888E+00   0.68242E+00
   0.15536E+00   0.68868E+00
   0.15187E+00   0.69511E+00
   0.14841E+00   0.70169E+00
   0.14498E+00   0.70837E+00
   0.14156E+00   0.71516E+00
   0.13817E+00   0.72207E+00
   0.13480E+00   0.72910E+00
   0.13145E+00   0.73623E+00
   0.12811E+00   0.74343E+00
   0.12480E+00   0.75064E+00
   0.12150E+00   0.75781E+00
   0.11821E+00   0.76482E+00
   0.11493E+00   0.77161E+00
   0.11167E+00   0.77813E+00
   0.10842E+00   0.78430E+00
   0.10519E+00   0.79007E+00
   0.10196E+00   0.79536E+00
   0.98741E-01   0.80008E+00
   0.95532E-01   0.80419E+00
   0.92332E-01   0.80775E+00
   0.89139E-01   0.81085E+00
   0.85954E-01   0.81350E+00
   0.82776E-01   0.81543E+00
   0.79605E-01   0.81633E+00
   0.76439E-01   0.81580E+00
   0.73279E-01   0.81339E+00
   0.70125E-01   0.80866E+00
   0.66975E-01   0.80131E+00
   0.63830E-01   0.79127E+00
   0.60689E-01   0.77838E+00
   0.57552E-01   0.76208E+00
   0.54419E-01   0.74178E+00
   0.51290E-01   0.71669E+00
   0.48164E-01   0.68542E+00
   0.45041E-01   0.64659E+00
   0.41921E-01   0.59913E+00
   0.38803E-01   0.54244E+00
   0.35688E-01   0.47646E+00
   0.32575E-01   0.40261E+00
   0.29465E-01   0.32436E+00
   0.26356E-01   0.24674E+00
   0.23250E-01   0.17506E+00
   0.20145E-01   0.11520E+00
   0.17042E-01   0.69673E-01
   0.13940E-01   0.38050E-01
   0.10840E-01   0.18006E-01
   0.77416E-02   0.68660E-02
   0.46441E-02   0.18302E-02
   0.15479E-02   0.23231E-03
