   0.98805E+00   0.66173E-02
   0.96417E+00   0.18572E-01
   0.94036E+00   0.30276E-01
   0.91667E+00   0.42012E-01
   0.89314E+00   0.54994E-01
   0.86983E+00   0.68924E-01
   0.84677E+00   0.82550E-01
   0.82400E+00   0.95094E-01
   0.80156E+00   0.10643E+00
   0.77949E+00   0.11752E+00
   0.75782E+00   0.12905E+00
   0.73658E+00   0.14102E+00
   0.71579E+00   0.15326E+00
   0.69548E+00   0.16550E+00
   0.67566E+00   0.17802E+00
   0.65636E+00   0.19083E+00
   0.63758E+00   0.20350E+00
   0.61934E+00   0.21587E+00
   0.60163E+00   0.22792E+00
   0.58448E+00   0.23994E+00
   0.56786E+00   0.25227E+00
   0.55179E+00   0.26500E+00
   0.53626E+00   0.27775E+00
   0.52126E+00   0.29011E+00
   0.50679E+00   0.30181E+00
   0.49284E+00   0.31324E+00
   0.47939E+00   0.32474E+00
   0.46643E+00   0.33614E+00
   0.45396E+00   0.34726E+00
   0.44195E+00   0.35800E+00
   0.43040E+00   0.36827E+00
   0.41928E+00   0.37817E+00
   0.40858E+00   0.38791E+00
   0.39828E+00   0.39787E+00
   0.38838E+00   0.40816E+00
   0.37885E+00   0.41855E+00
   0.36967E+00   0.42879E+00
   0.36084E+00   0.43871E+00
   0.35233E+00   0.44825E+00
   0.34413E+00   0.45744E+00
   0.33623E+00   0.46632E+00
   0.32860E+00   0.47500E+00
   0.32125E+00   0.48350E+00
   0.31414E+00   0.49178E+00
   0.30728E+00   0.49977E+00
   0.30064E+00   0.50742E+00
   0.29422E+00   0.51471E+00
   0.28799E+00   0.52170E+00
   0.28197E+00   0.52851E+00
   0.27612E+00   0.53514E+00
   0.27044E+00   0.54165E+00
   0.26492E+00   0.54804E+00
   0.25955E+00   0.55432E+00
   0.25433E+00   0.56049E+00
   0.24924E+00   0.56658E+00
   0.24428E+00   0.57260E+00
   0.23943E+00   0.57856E+00
   0.23470E+00   0.58445E+00
   0.23007E+00   0.59032E+00
   0.22554E+00   0.59620E+00
   0.22110E+00   0.60206E+00
   0.21675E+00   0.60791E+00
   0.21248E+00   0.61376E+00
   0.20829E+00   0.61959E+00
   0.20416E+00   0.62543E+00
   0.20011E+00   0.63126E+00
   0.19611E+00   0.63711E+00
   0.19218E+00   0.64299E+00
   0.18830E+00   0.64896E+00
   0.18448E+00   0.65511E+00
   0.18070E+00   0.66141E+00
   0.17696E+00   0.66781E+00
   0.17327E+00   0.67420E+00
   0.16962E+00   0.68044E+00
   0.16601E+00   0.68645E+00
   0.16243E+00   0.69223E+00
   0.15888E+00   0.69786E+00
   0.15536E+00   0.70345E+00
   0.15187E+00   0.70910E+00
   0.14841E+00   0.71483E+00
   0.14498E+00   0.72065E+00
   0.14156E+00   0.72658E+00
   0.13817E+00   0.73263E+00
   0.13480E+00   0.73884E+00
   0.13145E+00   0.74524E+00
   0.12811E+00   0.75186E+00
   0.12480E+00   0.75866E+00
   0.12150E+00   0.76562E+00
   0.11821E+00   0.77271E+00
   0.11493E+00   0.77994E+00
   0.11167E+00   0.78716E+00
   0.10842E+00   0.79424E+00
   0.10519E+00   0.80110E+00
   0.10196E+00   0.80767E+00
   0.98741E-01   0.81391E+00
   0.95532E-01   0.81972E+00
   0.92332E-01   0.82493E+00
   0.89139E-01   0.82938E+00
   0.85954E-01   0.83293E+00
   0.82776E-01   0.83548E+00
   0.79605E-01   0.83691E+00
   0.76439E-01   0.83706E+00
   0.73279E-01   0.83590E+00
   0.70125E-01   0.83338E+00
   0.66975E-01   0.82915E+00
   0.63830E-01   0.82267E+00
   0.60689E-01   0.81300E+00
   0.57552E-01   0.79919E+00
   0.54419E-01   0.78035E+00
   0.51290E-01   0.75534E+00
   0.48164E-01   0.72290E+00
   0.45041E-01   0.68199E+00
   0.41921E-01   0.63175E+00
   0.38803E-01   0.57198E+00
   0.35688E-01   0.50317E+00
   0.32575E-01   0.42667E+00
   0.29465E-01   0.34562E+00
   0.26356E-01   0.26478E+00
   0.23250E-01   0.19006E+00
   0.20145E-01   0.12688E+00
   0.17042E-01   0.77941E-01
   0.13940E-01   0.43416E-01
   0.10840E-01   0.21030E-01
   0.77416E-02   0.82288E-02
   0.46441E-02   0.22712E-02
   0.15479E-02   0.30757E-03
