   0.98805E+00   0.10870E-01
   0.96417E+00   0.33132E-01
   0.94036E+00   0.56601E-01
   0.91667E+00   0.77776E-01
   0.89314E+00   0.95739E-01
   0.86983E+00   0.11203E+00
   0.84677E+00   0.12875E+00
   0.82400E+00   0.14657E+00
   0.80156E+00   0.16437E+00
   0.77949E+00   0.18143E+00
   0.75782E+00   0.19838E+00
   0.73658E+00   0.21579E+00
   0.71579E+00   0.23356E+00
   0.69548E+00   0.25093E+00
   0.67566E+00   0.26774E+00
   0.65636E+00   0.28425E+00
   0.63758E+00   0.30144E+00
   0.61934E+00   0.31917E+00
   0.60163E+00   0.33678E+00
   0.58448E+00   0.35354E+00
   0.56786E+00   0.36884E+00
   0.55179E+00   0.38305E+00
   0.53626E+00   0.39739E+00
   0.52126E+00   0.41166E+00
   0.50679E+00   0.42515E+00
   0.49284E+00   0.43805E+00
   0.47939E+00   0.45112E+00
   0.46643E+00   0.46470E+00
   0.45396E+00   0.47852E+00
   0.44195E+00   0.49229E+00
   0.43040E+00   0.50579E+00
   0.41928E+00   0.51886E+00
   0.40858E+00   0.53140E+00
   0.39828E+00   0.54337E+00
   0.38838E+00   0.55486E+00
   0.37885E+00   0.56618E+00
   0.36967E+00   0.57749E+00
   0.36084E+00   0.58865E+00
   0.35233E+00   0.59957E+00
   0.34413E+00   0.61014E+00
   0.33623E+00   0.62042E+00
   0.32860E+00   0.63042E+00
   0.32125E+00   0.64018E+00
   0.31414E+00   0.64981E+00
   0.30728E+00   0.65930E+00
   0.30064E+00   0.66865E+00
   0.29422E+00   0.67785E+00
   0.28799E+00   0.68688E+00
   0.28197E+00   0.69569E+00
   0.27612E+00   0.70407E+00
   0.27044E+00   0.71190E+00
   0.26492E+00   0.71912E+00
   0.25955E+00   0.72578E+00
   0.25433E+00   0.73195E+00
   0.24924E+00   0.73776E+00
   0.24428E+00   0.74336E+00
   0.23943E+00   0.74887E+00
   0.23470E+00   0.75433E+00
   0.23007E+00   0.75975E+00
   0.22554E+00   0.76514E+00
   0.22110E+00   0.77052E+00
   0.21675E+00   0.77587E+00
   0.21248E+00   0.78126E+00
   0.20829E+00   0.78680E+00
   0.20416E+00   0.79257E+00
   0.20011E+00   0.79865E+00
   0.19611E+00   0.80508E+00
   0.19218E+00   0.81191E+00
   0.18830E+00   0.81906E+00
   0.18448E+00   0.82639E+00
   0.18070E+00   0.83371E+00
   0.17696E+00   0.84089E+00
   0.17327E+00   0.84783E+00
   0.16962E+00   0.85455E+00
   0.16601E+00   0.86105E+00
   0.16243E+00   0.86736E+00
   0.15888E+00   0.87348E+00
   0.15536E+00   0.87944E+00
   0.15187E+00   0.88528E+00
   0.14841E+00   0.89110E+00
   0.14498E+00   0.89696E+00
   0.14156E+00   0.90290E+00
   0.13817E+00   0.90889E+00
   0.13480E+00   0.91490E+00
   0.13145E+00   0.92089E+00
   0.12811E+00   0.92689E+00
   0.12480E+00   0.93295E+00
   0.12150E+00   0.93909E+00
   0.11821E+00   0.94529E+00
   0.11493E+00   0.95144E+00
   0.11167E+00   0.95738E+00
   0.10842E+00   0.96295E+00
   0.10519E+00   0.96809E+00
   0.10196E+00   0.97277E+00
   0.98741E-01   0.97690E+00
   0.95532E-01   0.98040E+00
   0.92332E-01   0.98322E+00
   0.89139E-01   0.98526E+00
   0.85954E-01   0.98633E+00
   0.82776E-01   0.98637E+00
   0.79605E-01   0.98547E+00
   0.76439E-01   0.98347E+00
   0.73279E-01   0.97999E+00
   0.70125E-01   0.97465E+00
   0.66975E-01   0.96716E+00
   0.63830E-01   0.95707E+00
   0.60689E-01   0.94358E+00
   0.57552E-01   0.92568E+00
   0.54419E-01   0.90243E+00
   0.51290E-01   0.87309E+00
   0.48164E-01   0.83695E+00
   0.45041E-01   0.79320E+00
   0.41921E-01   0.74073E+00
   0.38803E-01   0.67846E+00
   0.35688E-01   0.60594E+00
   0.32575E-01   0.52395E+00
   0.29465E-01   0.43432E+00
   0.26356E-01   0.34098E+00
   0.23250E-01   0.25033E+00
   0.20145E-01   0.16929E+00
   0.17042E-01   0.10369E+00
   0.13940E-01   0.56374E-01
   0.10840E-01   0.26401E-01
   0.77416E-02   0.99863E-02
   0.46441E-02   0.26338E-02
   0.15479E-02   0.33310E-03
