   0.98805E+00   0.54429E-02
   0.96417E+00   0.15687E-01
   0.94036E+00   0.26548E-01
   0.91667E+00   0.37298E-01
   0.89314E+00   0.47932E-01
   0.86983E+00   0.58106E-01
   0.84677E+00   0.67905E-01
   0.82400E+00   0.77855E-01
   0.80156E+00   0.88291E-01
   0.77949E+00   0.99397E-01
   0.75782E+00   0.11106E+00
   0.73658E+00   0.12294E+00
   0.71579E+00   0.13493E+00
   0.69548E+00   0.14694E+00
   0.67566E+00   0.15895E+00
   0.65636E+00   0.17111E+00
   0.63758E+00   0.18332E+00
   0.61934E+00   0.19535E+00
   0.60163E+00   0.20733E+00
   0.58448E+00   0.21923E+00
   0.56786E+00   0.23088E+00
   0.55179E+00   0.24206E+00
   0.53626E+00   0.25279E+00
   0.52126E+00   0.26328E+00
   0.50679E+00   0.27373E+00
   0.49284E+00   0.28428E+00
   0.47939E+00   0.29491E+00
   0.46643E+00   0.30551E+00
   0.45396E+00   0.31596E+00
   0.44195E+00   0.32611E+00
   0.43040E+00   0.33574E+00
   0.41928E+00   0.34474E+00
   0.40858E+00   0.35308E+00
   0.39828E+00   0.36084E+00
   0.38838E+00   0.36809E+00
   0.37885E+00   0.37489E+00
   0.36967E+00   0.38142E+00
   0.36084E+00   0.38788E+00
   0.35233E+00   0.39437E+00
   0.34413E+00   0.40099E+00
   0.33623E+00   0.40778E+00
   0.32860E+00   0.41471E+00
   0.32125E+00   0.42176E+00
   0.31414E+00   0.42884E+00
   0.30728E+00   0.43586E+00
   0.30064E+00   0.44275E+00
   0.29422E+00   0.44944E+00
   0.28799E+00   0.45589E+00
   0.28197E+00   0.46212E+00
   0.27612E+00   0.46815E+00
   0.27044E+00   0.47403E+00
   0.26492E+00   0.47983E+00
   0.25955E+00   0.48557E+00
   0.25433E+00   0.49121E+00
   0.24924E+00   0.49672E+00
   0.24428E+00   0.50206E+00
   0.23943E+00   0.50721E+00
   0.23470E+00   0.51220E+00
   0.23007E+00   0.51704E+00
   0.22554E+00   0.52175E+00
   0.22110E+00   0.52633E+00
   0.21675E+00   0.53078E+00
   0.21248E+00   0.53510E+00
   0.20829E+00   0.53932E+00
   0.20416E+00   0.54348E+00
   0.20011E+00   0.54759E+00
   0.19611E+00   0.55168E+00
   0.19218E+00   0.55579E+00
   0.18830E+00   0.55995E+00
   0.18448E+00   0.56423E+00
   0.18070E+00   0.56865E+00
   0.17696E+00   0.57322E+00
   0.17327E+00   0.57794E+00
   0.16962E+00   0.58280E+00
   0.16601E+00   0.58782E+00
   0.16243E+00   0.59299E+00
   0.15888E+00   0.59831E+00
   0.15536E+00   0.60374E+00
   0.15187E+00   0.60923E+00
   0.14841E+00   0.61472E+00
   0.14498E+00   0.62019E+00
   0.14156E+00   0.62562E+00
   0.13817E+00   0.63106E+00
   0.13480E+00   0.63654E+00
   0.13145E+00   0.64209E+00
   0.12811E+00   0.64773E+00
   0.12480E+00   0.65349E+00
   0.12150E+00   0.65934E+00
   0.11821E+00   0.66526E+00
   0.11493E+00   0.67123E+00
   0.11167E+00   0.67723E+00
   0.10842E+00   0.68318E+00
   0.10519E+00   0.68898E+00
   0.10196E+00   0.69443E+00
   0.98741E-01   0.69934E+00
   0.95532E-01   0.70348E+00
   0.92332E-01   0.70679E+00
   0.89139E-01   0.70927E+00
   0.85954E-01   0.71094E+00
   0.82776E-01   0.71182E+00
   0.79605E-01   0.71195E+00
   0.76439E-01   0.71126E+00
   0.73279E-01   0.70959E+00
   0.70125E-01   0.70652E+00
   0.66975E-01   0.70153E+00
   0.63830E-01   0.69417E+00
   0.60689E-01   0.68412E+00
   0.57552E-01   0.67093E+00
   0.54419E-01   0.65413E+00
   0.51290E-01   0.63325E+00
   0.48164E-01   0.60770E+00
   0.45041E-01   0.57646E+00
   0.41921E-01   0.53865E+00
   0.38803E-01   0.49337E+00
   0.35688E-01   0.43992E+00
   0.32575E-01   0.37838E+00
   0.29465E-01   0.31043E+00
   0.26356E-01   0.23981E+00
   0.23250E-01   0.17116E+00
   0.20145E-01   0.10989E+00
   0.17042E-01   0.62041E-01
   0.13940E-01   0.31184E-01
   0.10840E-01   0.14100E-01
   0.77416E-02   0.53941E-02
   0.46441E-02   0.14811E-02
   0.15479E-02   0.19813E-03
