   0.98805E+00   0.68281E-02
   0.96417E+00   0.18874E-01
   0.94036E+00   0.30782E-01
   0.91667E+00   0.41766E-01
   0.89314E+00   0.52064E-01
   0.86983E+00   0.62606E-01
   0.84677E+00   0.73703E-01
   0.82400E+00   0.85123E-01
   0.80156E+00   0.96712E-01
   0.77949E+00   0.10836E+00
   0.75782E+00   0.11997E+00
   0.73658E+00   0.13144E+00
   0.71579E+00   0.14283E+00
   0.69548E+00   0.15402E+00
   0.67566E+00   0.16504E+00
   0.65636E+00   0.17627E+00
   0.63758E+00   0.18775E+00
   0.61934E+00   0.19933E+00
   0.60163E+00   0.21102E+00
   0.58448E+00   0.22261E+00
   0.56786E+00   0.23360E+00
   0.55179E+00   0.24369E+00
   0.53626E+00   0.25315E+00
   0.52126E+00   0.26237E+00
   0.50679E+00   0.27194E+00
   0.49284E+00   0.28213E+00
   0.47939E+00   0.29270E+00
   0.46643E+00   0.30329E+00
   0.45396E+00   0.31366E+00
   0.44195E+00   0.32373E+00
   0.43040E+00   0.33337E+00
   0.41928E+00   0.34245E+00
   0.40858E+00   0.35111E+00
   0.39828E+00   0.35950E+00
   0.38838E+00   0.36780E+00
   0.37885E+00   0.37614E+00
   0.36967E+00   0.38453E+00
   0.36084E+00   0.39289E+00
   0.35233E+00   0.40110E+00
   0.34413E+00   0.40909E+00
   0.33623E+00   0.41684E+00
   0.32860E+00   0.42436E+00
   0.32125E+00   0.43168E+00
   0.31414E+00   0.43883E+00
   0.30728E+00   0.44584E+00
   0.30064E+00   0.45277E+00
   0.29422E+00   0.45966E+00
   0.28799E+00   0.46651E+00
   0.28197E+00   0.47331E+00
   0.27612E+00   0.48003E+00
   0.27044E+00   0.48668E+00
   0.26492E+00   0.49327E+00
   0.25955E+00   0.49978E+00
   0.25433E+00   0.50619E+00
   0.24924E+00   0.51247E+00
   0.24428E+00   0.51863E+00
   0.23943E+00   0.52463E+00
   0.23470E+00   0.53049E+00
   0.23007E+00   0.53621E+00
   0.22554E+00   0.54182E+00
   0.22110E+00   0.54737E+00
   0.21675E+00   0.55289E+00
   0.21248E+00   0.55843E+00
   0.20829E+00   0.56399E+00
   0.20416E+00   0.56962E+00
   0.20011E+00   0.57532E+00
   0.19611E+00   0.58108E+00
   0.19218E+00   0.58693E+00
   0.18830E+00   0.59287E+00
   0.18448E+00   0.59888E+00
   0.18070E+00   0.60493E+00
   0.17696E+00   0.61096E+00
   0.17327E+00   0.61695E+00
   0.16962E+00   0.62286E+00
   0.16601E+00   0.62868E+00
   0.16243E+00   0.63437E+00
   0.15888E+00   0.63992E+00
   0.15536E+00   0.64533E+00
   0.15187E+00   0.65059E+00
   0.14841E+00   0.65570E+00
   0.14498E+00   0.66064E+00
   0.14156E+00   0.66540E+00
   0.13817E+00   0.67003E+00
   0.13480E+00   0.67455E+00
   0.13145E+00   0.67897E+00
   0.12811E+00   0.68330E+00
   0.12480E+00   0.68757E+00
   0.12150E+00   0.69178E+00
   0.11821E+00   0.69589E+00
   0.11493E+00   0.69989E+00
   0.11167E+00   0.70380E+00
   0.10842E+00   0.70769E+00
   0.10519E+00   0.71158E+00
   0.10196E+00   0.71554E+00
   0.98741E-01   0.71959E+00
   0.95532E-01   0.72371E+00
   0.92332E-01   0.72775E+00
   0.89139E-01   0.73147E+00
   0.85954E-01   0.73462E+00
   0.82776E-01   0.73703E+00
   0.79605E-01   0.73854E+00
   0.76439E-01   0.73901E+00
   0.73279E-01   0.73819E+00
   0.70125E-01   0.73564E+00
   0.66975E-01   0.73091E+00
   0.63830E-01   0.72350E+00
   0.60689E-01   0.71267E+00
   0.57552E-01   0.69782E+00
   0.54419E-01   0.67850E+00
   0.51290E-01   0.65417E+00
   0.48164E-01   0.62418E+00
   0.45041E-01   0.58801E+00
   0.41921E-01   0.54510E+00
   0.38803E-01   0.49492E+00
   0.35688E-01   0.43759E+00
   0.32575E-01   0.37362E+00
   0.29465E-01   0.30403E+00
   0.26356E-01   0.23151E+00
   0.23250E-01   0.16212E+00
   0.20145E-01   0.10287E+00
   0.17042E-01   0.59262E-01
   0.13940E-01   0.31093E-01
   0.10840E-01   0.14454E-01
   0.77416E-02   0.56199E-02
   0.46441E-02   0.15475E-02
   0.15479E-02   0.20388E-03
