   0.98805E+00   0.52744E-02
   0.96417E+00   0.15390E-01
   0.94036E+00   0.26344E-01
   0.91667E+00   0.37878E-01
   0.89314E+00   0.50240E-01
   0.86983E+00   0.63930E-01
   0.84677E+00   0.78764E-01
   0.82400E+00   0.93331E-01
   0.80156E+00   0.10680E+00
   0.77949E+00   0.11952E+00
   0.75782E+00   0.13236E+00
   0.73658E+00   0.14484E+00
   0.71579E+00   0.15633E+00
   0.69548E+00   0.16715E+00
   0.67566E+00   0.17783E+00
   0.65636E+00   0.18881E+00
   0.63758E+00   0.20019E+00
   0.61934E+00   0.21203E+00
   0.60163E+00   0.22408E+00
   0.58448E+00   0.23575E+00
   0.56786E+00   0.24717E+00
   0.55179E+00   0.25869E+00
   0.53626E+00   0.27046E+00
   0.52126E+00   0.28232E+00
   0.50679E+00   0.29402E+00
   0.49284E+00   0.30537E+00
   0.47939E+00   0.31608E+00
   0.46643E+00   0.32621E+00
   0.45396E+00   0.33584E+00
   0.44195E+00   0.34501E+00
   0.43040E+00   0.35397E+00
   0.41928E+00   0.36300E+00
   0.40858E+00   0.37218E+00
   0.39828E+00   0.38142E+00
   0.38838E+00   0.39052E+00
   0.37885E+00   0.39952E+00
   0.36967E+00   0.40851E+00
   0.36084E+00   0.41762E+00
   0.35233E+00   0.42685E+00
   0.34413E+00   0.43607E+00
   0.33623E+00   0.44523E+00
   0.32860E+00   0.45427E+00
   0.32125E+00   0.46302E+00
   0.31414E+00   0.47135E+00
   0.30728E+00   0.47929E+00
   0.30064E+00   0.48691E+00
   0.29422E+00   0.49428E+00
   0.28799E+00   0.50150E+00
   0.28197E+00   0.50874E+00
   0.27612E+00   0.51610E+00
   0.27044E+00   0.52361E+00
   0.26492E+00   0.53129E+00
   0.25955E+00   0.53913E+00
   0.25433E+00   0.54706E+00
   0.24924E+00   0.55503E+00
   0.24428E+00   0.56292E+00
   0.23943E+00   0.57066E+00
   0.23470E+00   0.57827E+00
   0.23007E+00   0.58581E+00
   0.22554E+00   0.59331E+00
   0.22110E+00   0.60080E+00
   0.21675E+00   0.60831E+00
   0.21248E+00   0.61585E+00
   0.20829E+00   0.62344E+00
   0.20416E+00   0.63110E+00
   0.20011E+00   0.63875E+00
   0.19611E+00   0.64633E+00
   0.19218E+00   0.65382E+00
   0.18830E+00   0.66121E+00
   0.18448E+00   0.66856E+00
   0.18070E+00   0.67589E+00
   0.17696E+00   0.68319E+00
   0.17327E+00   0.69041E+00
   0.16962E+00   0.69752E+00
   0.16601E+00   0.70451E+00
   0.16243E+00   0.71137E+00
   0.15888E+00   0.71811E+00
   0.15536E+00   0.72480E+00
   0.15187E+00   0.73145E+00
   0.14841E+00   0.73810E+00
   0.14498E+00   0.74473E+00
   0.14156E+00   0.75140E+00
   0.13817E+00   0.75807E+00
   0.13480E+00   0.76471E+00
   0.13145E+00   0.77120E+00
   0.12811E+00   0.77747E+00
   0.12480E+00   0.78349E+00
   0.12150E+00   0.78929E+00
   0.11821E+00   0.79490E+00
   0.11493E+00   0.80035E+00
   0.11167E+00   0.80568E+00
   0.10842E+00   0.81092E+00
   0.10519E+00   0.81610E+00
   0.10196E+00   0.82124E+00
   0.98741E-01   0.82627E+00
   0.95532E-01   0.83102E+00
   0.92332E-01   0.83528E+00
   0.89139E-01   0.83892E+00
   0.85954E-01   0.84188E+00
   0.82776E-01   0.84391E+00
   0.79605E-01   0.84458E+00
   0.76439E-01   0.84356E+00
   0.73279E-01   0.84056E+00
   0.70125E-01   0.83519E+00
   0.66975E-01   0.82728E+00
   0.63830E-01   0.81684E+00
   0.60689E-01   0.80392E+00
   0.57552E-01   0.78821E+00
   0.54419E-01   0.76866E+00
   0.51290E-01   0.74397E+00
   0.48164E-01   0.71249E+00
   0.45041E-01   0.67283E+00
   0.41921E-01   0.62396E+00
   0.38803E-01   0.56576E+00
   0.35688E-01   0.49877E+00
   0.32575E-01   0.42392E+00
   0.29465E-01   0.34357E+00
   0.26356E-01   0.26296E+00
   0.23250E-01   0.18776E+00
   0.20145E-01   0.12415E+00
   0.17042E-01   0.75751E-01
   0.13940E-01   0.41627E-01
   0.10840E-01   0.19887E-01
   0.77416E-02   0.77495E-02
   0.46441E-02   0.21190E-02
   0.15479E-02   0.27959E-03
