   0.98805E+00   0.20726E-28
   0.96417E+00   0.26205E-27
   0.94036E+00  -0.13197E-26
   0.91667E+00  -0.70829E-26
   0.89314E+00   0.28622E-25
   0.86983E+00   0.13189E-24
   0.84677E+00  -0.11358E-24
   0.82400E+00   0.60861E-25
   0.80156E+00   0.20618E-23
   0.77949E+00  -0.14388E-22
   0.75782E+00  -0.72741E-22
   0.73658E+00   0.39831E-22
   0.71579E+00   0.87354E-21
   0.69548E+00   0.19424E-20
   0.67566E+00  -0.40047E-21
   0.65636E+00  -0.24879E-19
   0.63758E+00  -0.10876E-18
   0.61934E+00  -0.79808E-19
   0.60163E+00   0.75382E-18
   0.58448E+00   0.24458E-17
   0.56786E+00   0.22950E-17
   0.55179E+00  -0.16338E-17
   0.53626E+00  -0.76158E-17
   0.52126E+00  -0.37277E-17
   0.50679E+00   0.84887E-15
   0.49284E+00   0.66493E-13
   0.47939E+00   0.44378E-11
   0.46643E+00   0.29776E-09
   0.45396E+00   0.68330E-08
   0.44195E+00   0.32514E-07
   0.43040E+00   0.89763E-07
   0.41928E+00   0.19705E-06
   0.40858E+00   0.43316E-06
   0.39828E+00   0.91788E-06
   0.38838E+00   0.17926E-05
   0.37885E+00   0.31798E-05
   0.36967E+00   0.51117E-05
   0.36084E+00   0.75065E-05
   0.35233E+00   0.10234E-04
   0.34413E+00   0.13250E-04
   0.33623E+00   0.16760E-04
   0.32860E+00   0.21344E-04
   0.32125E+00   0.27829E-04
   0.31414E+00   0.36995E-04
   0.30728E+00   0.49474E-04
   0.30064E+00   0.65890E-04
   0.29422E+00   0.87055E-04
   0.28799E+00   0.11399E-03
   0.28197E+00   0.14783E-03
   0.27612E+00   0.18953E-03
   0.27044E+00   0.23997E-03
   0.26492E+00   0.30050E-03
   0.25955E+00   0.37266E-03
   0.25433E+00   0.45784E-03
   0.24924E+00   0.55697E-03
   0.24428E+00   0.67103E-03
   0.23943E+00   0.80074E-03
   0.23470E+00   0.94740E-03
   0.23007E+00   0.11122E-02
   0.22554E+00   0.12961E-02
   0.22110E+00   0.15013E-02
   0.21675E+00   0.17298E-02
   0.21248E+00   0.19850E-02
   0.20829E+00   0.22703E-02
   0.20416E+00   0.25896E-02
   0.20011E+00   0.29465E-02
   0.19611E+00   0.33454E-02
   0.19218E+00   0.37912E-02
   0.18830E+00   0.42878E-02
   0.18448E+00   0.48409E-02
   0.18070E+00   0.54551E-02
   0.17696E+00   0.61356E-02
   0.17327E+00   0.68883E-02
   0.16962E+00   0.77203E-02
   0.16601E+00   0.86404E-02
   0.16243E+00   0.96576E-02
   0.15888E+00   0.10782E-01
   0.15536E+00   0.12021E-01
   0.15187E+00   0.13386E-01
   0.14841E+00   0.14885E-01
   0.14498E+00   0.16530E-01
   0.14156E+00   0.18330E-01
   0.13817E+00   0.20295E-01
   0.13480E+00   0.22437E-01
   0.13145E+00   0.24771E-01
   0.12811E+00   0.27312E-01
   0.12480E+00   0.30078E-01
   0.12150E+00   0.33087E-01
   0.11821E+00   0.36362E-01
   0.11493E+00   0.39928E-01
   0.11167E+00   0.43806E-01
   0.10842E+00   0.48021E-01
   0.10519E+00   0.52595E-01
   0.10196E+00   0.57552E-01
   0.98741E-01   0.62921E-01
   0.95532E-01   0.68730E-01
   0.92332E-01   0.75003E-01
   0.89139E-01   0.81765E-01
   0.85954E-01   0.89037E-01
   0.82776E-01   0.96835E-01
   0.79605E-01   0.10517E+00
   0.76439E-01   0.11405E+00
   0.73279E-01   0.12347E+00
   0.70125E-01   0.13340E+00
   0.66975E-01   0.14381E+00
   0.63830E-01   0.15462E+00
   0.60689E-01   0.16570E+00
   0.57552E-01   0.17688E+00
   0.54419E-01   0.18790E+00
   0.51290E-01   0.19846E+00
   0.48164E-01   0.20816E+00
   0.45041E-01   0.21655E+00
   0.41921E-01   0.22312E+00
   0.38803E-01   0.22729E+00
   0.35688E-01   0.22851E+00
   0.32575E-01   0.22626E+00
   0.29465E-01   0.22016E+00
   0.26356E-01   0.21004E+00
   0.23250E-01   0.19590E+00
   0.20145E-01   0.17769E+00
   0.17042E-01   0.15464E+00
   0.13940E-01   0.12488E+00
   0.10840E-01   0.87158E-01
   0.77416E-02   0.45891E-01
   0.46441E-02   0.13658E-01
   0.15479E-02   0.13297E-02
