   0.98805E+00   0.84234E-13
   0.96417E+00   0.49059E-11
   0.94036E+00   0.11854E-09
   0.91667E+00   0.58760E-09
   0.89314E+00   0.17397E-08
   0.86983E+00   0.42953E-08
   0.84677E+00   0.11009E-07
   0.82400E+00   0.29216E-07
   0.80156E+00   0.10874E-06
   0.77949E+00   0.49179E-06
   0.75782E+00   0.17400E-05
   0.73658E+00   0.56191E-05
   0.71579E+00   0.16259E-04
   0.69548E+00   0.38259E-04
   0.67566E+00   0.69461E-04
   0.65636E+00   0.10382E-03
   0.63758E+00   0.14002E-03
   0.61934E+00   0.17949E-03
   0.60163E+00   0.23330E-03
   0.58448E+00   0.31760E-03
   0.56786E+00   0.46059E-03
   0.55179E+00   0.66968E-03
   0.53626E+00   0.95148E-03
   0.52126E+00   0.12996E-02
   0.50679E+00   0.17181E-02
   0.49284E+00   0.22433E-02
   0.47939E+00   0.28983E-02
   0.46643E+00   0.36557E-02
   0.45396E+00   0.45066E-02
   0.44195E+00   0.54563E-02
   0.43040E+00   0.65273E-02
   0.41928E+00   0.77552E-02
   0.40858E+00   0.91439E-02
   0.39828E+00   0.10714E-01
   0.38838E+00   0.12458E-01
   0.37885E+00   0.14356E-01
   0.36967E+00   0.16411E-01
   0.36084E+00   0.18652E-01
   0.35233E+00   0.21106E-01
   0.34413E+00   0.23791E-01
   0.33623E+00   0.26719E-01
   0.32860E+00   0.29891E-01
   0.32125E+00   0.33298E-01
   0.31414E+00   0.36919E-01
   0.30728E+00   0.40710E-01
   0.30064E+00   0.44633E-01
   0.29422E+00   0.48654E-01
   0.28799E+00   0.52771E-01
   0.28197E+00   0.56991E-01
   0.27612E+00   0.61336E-01
   0.27044E+00   0.65818E-01
   0.26492E+00   0.70443E-01
   0.25955E+00   0.75207E-01
   0.25433E+00   0.80105E-01
   0.24924E+00   0.85127E-01
   0.24428E+00   0.90266E-01
   0.23943E+00   0.95519E-01
   0.23470E+00   0.10090E+00
   0.23007E+00   0.10639E+00
   0.22554E+00   0.11199E+00
   0.22110E+00   0.11770E+00
   0.21675E+00   0.12351E+00
   0.21248E+00   0.12941E+00
   0.20829E+00   0.13539E+00
   0.20416E+00   0.14147E+00
   0.20011E+00   0.14765E+00
   0.19611E+00   0.15395E+00
   0.19218E+00   0.16037E+00
   0.18830E+00   0.16693E+00
   0.18448E+00   0.17365E+00
   0.18070E+00   0.18053E+00
   0.17696E+00   0.18756E+00
   0.17327E+00   0.19476E+00
   0.16962E+00   0.20210E+00
   0.16601E+00   0.20960E+00
   0.16243E+00   0.21724E+00
   0.15888E+00   0.22505E+00
   0.15536E+00   0.23302E+00
   0.15187E+00   0.24117E+00
   0.14841E+00   0.24951E+00
   0.14498E+00   0.25803E+00
   0.14156E+00   0.26676E+00
   0.13817E+00   0.27569E+00
   0.13480E+00   0.28482E+00
   0.13145E+00   0.29415E+00
   0.12811E+00   0.30370E+00
   0.12480E+00   0.31344E+00
   0.12150E+00   0.32340E+00
   0.11821E+00   0.33358E+00
   0.11493E+00   0.34398E+00
   0.11167E+00   0.35460E+00
   0.10842E+00   0.36542E+00
   0.10519E+00   0.37643E+00
   0.10196E+00   0.38764E+00
   0.98741E-01   0.39903E+00
   0.95532E-01   0.41058E+00
   0.92332E-01   0.42225E+00
   0.89139E-01   0.43401E+00
   0.85954E-01   0.44583E+00
   0.82776E-01   0.45763E+00
   0.79605E-01   0.46935E+00
   0.76439E-01   0.48094E+00
   0.73279E-01   0.49231E+00
   0.70125E-01   0.50336E+00
   0.66975E-01   0.51399E+00
   0.63830E-01   0.52403E+00
   0.60689E-01   0.53327E+00
   0.57552E-01   0.54144E+00
   0.54419E-01   0.54823E+00
   0.51290E-01   0.55326E+00
   0.48164E-01   0.55611E+00
   0.45041E-01   0.55628E+00
   0.41921E-01   0.55317E+00
   0.38803E-01   0.54596E+00
   0.35688E-01   0.53367E+00
   0.32575E-01   0.51513E+00
   0.29465E-01   0.48902E+00
   0.26356E-01   0.45380E+00
   0.23250E-01   0.40804E+00
   0.20145E-01   0.35069E+00
   0.17042E-01   0.28208E+00
   0.13940E-01   0.20491E+00
   0.10840E-01   0.12611E+00
   0.77416E-02   0.57740E-01
   0.46441E-02   0.14734E-01
   0.15479E-02   0.12880E-02
