   0.98805E+00   0.10766E-03
   0.96417E+00   0.28777E-03
   0.94036E+00   0.55324E-03
   0.91667E+00   0.99522E-03
   0.89314E+00   0.17295E-02
   0.86983E+00   0.28167E-02
   0.84677E+00   0.42267E-02
   0.82400E+00   0.58687E-02
   0.80156E+00   0.75412E-02
   0.77949E+00   0.92037E-02
   0.75782E+00   0.11054E-01
   0.73658E+00   0.13366E-01
   0.71579E+00   0.16189E-01
   0.69548E+00   0.19455E-01
   0.67566E+00   0.23173E-01
   0.65636E+00   0.27361E-01
   0.63758E+00   0.31908E-01
   0.61934E+00   0.36972E-01
   0.60163E+00   0.42610E-01
   0.58448E+00   0.48791E-01
   0.56786E+00   0.55535E-01
   0.55179E+00   0.62754E-01
   0.53626E+00   0.70167E-01
   0.52126E+00   0.77556E-01
   0.50679E+00   0.84997E-01
   0.49284E+00   0.92674E-01
   0.47939E+00   0.10071E+00
   0.46643E+00   0.10901E+00
   0.45396E+00   0.11747E+00
   0.44195E+00   0.12604E+00
   0.43040E+00   0.13469E+00
   0.41928E+00   0.14334E+00
   0.40858E+00   0.15196E+00
   0.39828E+00   0.16058E+00
   0.38838E+00   0.16930E+00
   0.37885E+00   0.17829E+00
   0.36967E+00   0.18754E+00
   0.36084E+00   0.19692E+00
   0.35233E+00   0.20619E+00
   0.34413E+00   0.21525E+00
   0.33623E+00   0.22417E+00
   0.32860E+00   0.23304E+00
   0.32125E+00   0.24185E+00
   0.31414E+00   0.25057E+00
   0.30728E+00   0.25918E+00
   0.30064E+00   0.26769E+00
   0.29422E+00   0.27607E+00
   0.28799E+00   0.28424E+00
   0.28197E+00   0.29217E+00
   0.27612E+00   0.29989E+00
   0.27044E+00   0.30740E+00
   0.26492E+00   0.31472E+00
   0.25955E+00   0.32187E+00
   0.25433E+00   0.32889E+00
   0.24924E+00   0.33583E+00
   0.24428E+00   0.34275E+00
   0.23943E+00   0.34965E+00
   0.23470E+00   0.35656E+00
   0.23007E+00   0.36346E+00
   0.22554E+00   0.37033E+00
   0.22110E+00   0.37717E+00
   0.21675E+00   0.38400E+00
   0.21248E+00   0.39086E+00
   0.20829E+00   0.39776E+00
   0.20416E+00   0.40471E+00
   0.20011E+00   0.41170E+00
   0.19611E+00   0.41868E+00
   0.19218E+00   0.42564E+00
   0.18830E+00   0.43255E+00
   0.18448E+00   0.43942E+00
   0.18070E+00   0.44624E+00
   0.17696E+00   0.45302E+00
   0.17327E+00   0.45975E+00
   0.16962E+00   0.46645E+00
   0.16601E+00   0.47311E+00
   0.16243E+00   0.47975E+00
   0.15888E+00   0.48637E+00
   0.15536E+00   0.49298E+00
   0.15187E+00   0.49961E+00
   0.14841E+00   0.50625E+00
   0.14498E+00   0.51292E+00
   0.14156E+00   0.51962E+00
   0.13817E+00   0.52635E+00
   0.13480E+00   0.53310E+00
   0.13145E+00   0.53988E+00
   0.12811E+00   0.54668E+00
   0.12480E+00   0.55349E+00
   0.12150E+00   0.56030E+00
   0.11821E+00   0.56707E+00
   0.11493E+00   0.57380E+00
   0.11167E+00   0.58047E+00
   0.10842E+00   0.58707E+00
   0.10519E+00   0.59361E+00
   0.10196E+00   0.60011E+00
   0.98741E-01   0.60656E+00
   0.95532E-01   0.61295E+00
   0.92332E-01   0.61923E+00
   0.89139E-01   0.62535E+00
   0.85954E-01   0.63124E+00
   0.82776E-01   0.63683E+00
   0.79605E-01   0.64207E+00
   0.76439E-01   0.64686E+00
   0.73279E-01   0.65114E+00
   0.70125E-01   0.65479E+00
   0.66975E-01   0.65766E+00
   0.63830E-01   0.65956E+00
   0.60689E-01   0.66032E+00
   0.57552E-01   0.65966E+00
   0.54419E-01   0.65726E+00
   0.51290E-01   0.65272E+00
   0.48164E-01   0.64557E+00
   0.45041E-01   0.63528E+00
   0.41921E-01   0.62118E+00
   0.38803E-01   0.60242E+00
   0.35688E-01   0.57778E+00
   0.32575E-01   0.54600E+00
   0.29465E-01   0.50577E+00
   0.26356E-01   0.45590E+00
   0.23250E-01   0.39547E+00
   0.20145E-01   0.32454E+00
   0.17042E-01   0.24576E+00
   0.13940E-01   0.16462E+00
   0.10840E-01   0.90144E-01
   0.77416E-02   0.35224E-01
   0.46441E-02   0.79237E-02
   0.15479E-02   0.77869E-03
