   0.98805E+00   0.60459E-02
   0.96417E+00   0.16963E-01
   0.94036E+00   0.28254E-01
   0.91667E+00   0.39769E-01
   0.89314E+00   0.51666E-01
   0.86983E+00   0.63759E-01
   0.84677E+00   0.75479E-01
   0.82400E+00   0.86774E-01
   0.80156E+00   0.97729E-01
   0.77949E+00   0.10890E+00
   0.75782E+00   0.12054E+00
   0.73658E+00   0.13252E+00
   0.71579E+00   0.14498E+00
   0.69548E+00   0.15774E+00
   0.67566E+00   0.17038E+00
   0.65636E+00   0.18248E+00
   0.63758E+00   0.19396E+00
   0.61934E+00   0.20524E+00
   0.60163E+00   0.21668E+00
   0.58448E+00   0.22786E+00
   0.56786E+00   0.23864E+00
   0.55179E+00   0.24910E+00
   0.53626E+00   0.25928E+00
   0.52126E+00   0.26928E+00
   0.50679E+00   0.27903E+00
   0.49284E+00   0.28865E+00
   0.47939E+00   0.29821E+00
   0.46643E+00   0.30774E+00
   0.45396E+00   0.31726E+00
   0.44195E+00   0.32671E+00
   0.43040E+00   0.33594E+00
   0.41928E+00   0.34493E+00
   0.40858E+00   0.35382E+00
   0.39828E+00   0.36267E+00
   0.38838E+00   0.37138E+00
   0.37885E+00   0.37985E+00
   0.36967E+00   0.38807E+00
   0.36084E+00   0.39614E+00
   0.35233E+00   0.40433E+00
   0.34413E+00   0.41276E+00
   0.33623E+00   0.42144E+00
   0.32860E+00   0.43029E+00
   0.32125E+00   0.43911E+00
   0.31414E+00   0.44772E+00
   0.30728E+00   0.45597E+00
   0.30064E+00   0.46379E+00
   0.29422E+00   0.47113E+00
   0.28799E+00   0.47812E+00
   0.28197E+00   0.48484E+00
   0.27612E+00   0.49135E+00
   0.27044E+00   0.49773E+00
   0.26492E+00   0.50403E+00
   0.25955E+00   0.51022E+00
   0.25433E+00   0.51628E+00
   0.24924E+00   0.52218E+00
   0.24428E+00   0.52792E+00
   0.23943E+00   0.53355E+00
   0.23470E+00   0.53910E+00
   0.23007E+00   0.54462E+00
   0.22554E+00   0.55016E+00
   0.22110E+00   0.55573E+00
   0.21675E+00   0.56133E+00
   0.21248E+00   0.56700E+00
   0.20829E+00   0.57272E+00
   0.20416E+00   0.57850E+00
   0.20011E+00   0.58432E+00
   0.19611E+00   0.59015E+00
   0.19218E+00   0.59600E+00
   0.18830E+00   0.60186E+00
   0.18448E+00   0.60771E+00
   0.18070E+00   0.61351E+00
   0.17696E+00   0.61921E+00
   0.17327E+00   0.62481E+00
   0.16962E+00   0.63033E+00
   0.16601E+00   0.63578E+00
   0.16243E+00   0.64118E+00
   0.15888E+00   0.64658E+00
   0.15536E+00   0.65204E+00
   0.15187E+00   0.65761E+00
   0.14841E+00   0.66324E+00
   0.14498E+00   0.66892E+00
   0.14156E+00   0.67466E+00
   0.13817E+00   0.68046E+00
   0.13480E+00   0.68635E+00
   0.13145E+00   0.69231E+00
   0.12811E+00   0.69832E+00
   0.12480E+00   0.70438E+00
   0.12150E+00   0.71046E+00
   0.11821E+00   0.71647E+00
   0.11493E+00   0.72229E+00
   0.11167E+00   0.72782E+00
   0.10842E+00   0.73299E+00
   0.10519E+00   0.73780E+00
   0.10196E+00   0.74222E+00
   0.98741E-01   0.74616E+00
   0.95532E-01   0.74953E+00
   0.92332E-01   0.75231E+00
   0.89139E-01   0.75442E+00
   0.85954E-01   0.75570E+00
   0.82776E-01   0.75607E+00
   0.79605E-01   0.75550E+00
   0.76439E-01   0.75373E+00
   0.73279E-01   0.75051E+00
   0.70125E-01   0.74567E+00
   0.66975E-01   0.73908E+00
   0.63830E-01   0.73044E+00
   0.60689E-01   0.71933E+00
   0.57552E-01   0.70490E+00
   0.54419E-01   0.68637E+00
   0.51290E-01   0.66314E+00
   0.48164E-01   0.63442E+00
   0.45041E-01   0.59936E+00
   0.41921E-01   0.55697E+00
   0.38803E-01   0.50657E+00
   0.35688E-01   0.44787E+00
   0.32575E-01   0.38149E+00
   0.29465E-01   0.30975E+00
   0.26356E-01   0.23644E+00
   0.23250E-01   0.16663E+00
   0.20145E-01   0.10659E+00
   0.17042E-01   0.61549E-01
   0.13940E-01   0.32102E-01
   0.10840E-01   0.14981E-01
   0.77416E-02   0.57957E-02
   0.46441E-02   0.15924E-02
   0.15479E-02   0.21066E-03
