   0.98805E+00   0.23221E-17
   0.96417E+00   0.56813E-18
   0.94036E+00  -0.33164E-17
   0.91667E+00  -0.35117E-17
   0.89314E+00   0.65530E-16
   0.86983E+00   0.10877E-13
   0.84677E+00   0.18308E-11
   0.82400E+00   0.21796E-09
   0.80156E+00   0.14011E-08
   0.77949E+00   0.37716E-08
   0.75782E+00   0.11432E-07
   0.73658E+00   0.68337E-07
   0.71579E+00   0.32358E-06
   0.69548E+00   0.11145E-05
   0.67566E+00   0.27172E-05
   0.65636E+00   0.51400E-05
   0.63758E+00   0.84488E-05
   0.61934E+00   0.14715E-04
   0.60163E+00   0.30023E-04
   0.58448E+00   0.58321E-04
   0.56786E+00   0.99469E-04
   0.55179E+00   0.15265E-03
   0.53626E+00   0.21997E-03
   0.52126E+00   0.30831E-03
   0.50679E+00   0.41879E-03
   0.49284E+00   0.55258E-03
   0.47939E+00   0.72746E-03
   0.46643E+00   0.95210E-03
   0.45396E+00   0.12336E-02
   0.44195E+00   0.15913E-02
   0.43040E+00   0.20402E-02
   0.41928E+00   0.25951E-02
   0.40858E+00   0.32608E-02
   0.39828E+00   0.40344E-02
   0.38838E+00   0.49175E-02
   0.37885E+00   0.59127E-02
   0.36967E+00   0.70163E-02
   0.36084E+00   0.82378E-02
   0.35233E+00   0.95923E-02
   0.34413E+00   0.11088E-01
   0.33623E+00   0.12726E-01
   0.32860E+00   0.14511E-01
   0.32125E+00   0.16449E-01
   0.31414E+00   0.18539E-01
   0.30728E+00   0.20772E-01
   0.30064E+00   0.23162E-01
   0.29422E+00   0.25702E-01
   0.28799E+00   0.28379E-01
   0.28197E+00   0.31171E-01
   0.27612E+00   0.34057E-01
   0.27044E+00   0.37031E-01
   0.26492E+00   0.40094E-01
   0.25955E+00   0.43260E-01
   0.25433E+00   0.46536E-01
   0.24924E+00   0.49929E-01
   0.24428E+00   0.53448E-01
   0.23943E+00   0.57099E-01
   0.23470E+00   0.60887E-01
   0.23007E+00   0.64808E-01
   0.22554E+00   0.68860E-01
   0.22110E+00   0.73030E-01
   0.21675E+00   0.77306E-01
   0.21248E+00   0.81701E-01
   0.20829E+00   0.86222E-01
   0.20416E+00   0.90892E-01
   0.20011E+00   0.95727E-01
   0.19611E+00   0.10074E+00
   0.19218E+00   0.10594E+00
   0.18830E+00   0.11132E+00
   0.18448E+00   0.11687E+00
   0.18070E+00   0.12258E+00
   0.17696E+00   0.12844E+00
   0.17327E+00   0.13446E+00
   0.16962E+00   0.14063E+00
   0.16601E+00   0.14698E+00
   0.16243E+00   0.15351E+00
   0.15888E+00   0.16021E+00
   0.15536E+00   0.16710E+00
   0.15187E+00   0.17418E+00
   0.14841E+00   0.18146E+00
   0.14498E+00   0.18894E+00
   0.14156E+00   0.19666E+00
   0.13817E+00   0.20461E+00
   0.13480E+00   0.21283E+00
   0.13145E+00   0.22133E+00
   0.12811E+00   0.23011E+00
   0.12480E+00   0.23919E+00
   0.12150E+00   0.24858E+00
   0.11821E+00   0.25828E+00
   0.11493E+00   0.26828E+00
   0.11167E+00   0.27857E+00
   0.10842E+00   0.28913E+00
   0.10519E+00   0.29994E+00
   0.10196E+00   0.31099E+00
   0.98741E-01   0.32223E+00
   0.95532E-01   0.33367E+00
   0.92332E-01   0.34530E+00
   0.89139E-01   0.35710E+00
   0.85954E-01   0.36906E+00
   0.82776E-01   0.38117E+00
   0.79605E-01   0.39337E+00
   0.76439E-01   0.40562E+00
   0.73279E-01   0.41784E+00
   0.70125E-01   0.42994E+00
   0.66975E-01   0.44177E+00
   0.63830E-01   0.45316E+00
   0.60689E-01   0.46388E+00
   0.57552E-01   0.47367E+00
   0.54419E-01   0.48222E+00
   0.51290E-01   0.48917E+00
   0.48164E-01   0.49415E+00
   0.45041E-01   0.49669E+00
   0.41921E-01   0.49626E+00
   0.38803E-01   0.49222E+00
   0.35688E-01   0.48375E+00
   0.32575E-01   0.46989E+00
   0.29465E-01   0.44937E+00
   0.26356E-01   0.42059E+00
   0.23250E-01   0.38181E+00
   0.20145E-01   0.33158E+00
   0.17042E-01   0.26945E+00
   0.13940E-01   0.19772E+00
   0.10840E-01   0.12306E+00
   0.77416E-02   0.57105E-01
   0.46441E-02   0.14921E-01
   0.15479E-02   0.13114E-02
