   0.98805E+00   0.18842E-04
   0.96417E+00   0.44186E-04
   0.94036E+00   0.65891E-04
   0.91667E+00   0.96463E-04
   0.89314E+00   0.14847E-03
   0.86983E+00   0.21960E-03
   0.84677E+00   0.30034E-03
   0.82400E+00   0.39762E-03
   0.80156E+00   0.53162E-03
   0.77949E+00   0.70084E-03
   0.75782E+00   0.91457E-03
   0.73658E+00   0.12191E-02
   0.71579E+00   0.16839E-02
   0.69548E+00   0.23572E-02
   0.67566E+00   0.32243E-02
   0.65636E+00   0.42652E-02
   0.63758E+00   0.54861E-02
   0.61934E+00   0.69427E-02
   0.60163E+00   0.87605E-02
   0.58448E+00   0.10961E-01
   0.56786E+00   0.13506E-01
   0.55179E+00   0.16372E-01
   0.53626E+00   0.19621E-01
   0.52126E+00   0.23257E-01
   0.50679E+00   0.27206E-01
   0.49284E+00   0.31442E-01
   0.47939E+00   0.36045E-01
   0.46643E+00   0.41039E-01
   0.45396E+00   0.46301E-01
   0.44195E+00   0.51749E-01
   0.43040E+00   0.57443E-01
   0.41928E+00   0.63453E-01
   0.40858E+00   0.69729E-01
   0.39828E+00   0.76204E-01
   0.38838E+00   0.82889E-01
   0.37885E+00   0.89718E-01
   0.36967E+00   0.96624E-01
   0.36084E+00   0.10361E+00
   0.35233E+00   0.11071E+00
   0.34413E+00   0.11790E+00
   0.33623E+00   0.12517E+00
   0.32860E+00   0.13253E+00
   0.32125E+00   0.14001E+00
   0.31414E+00   0.14758E+00
   0.30728E+00   0.15528E+00
   0.30064E+00   0.16313E+00
   0.29422E+00   0.17113E+00
   0.28799E+00   0.17930E+00
   0.28197E+00   0.18761E+00
   0.27612E+00   0.19600E+00
   0.27044E+00   0.20442E+00
   0.26492E+00   0.21283E+00
   0.25955E+00   0.22122E+00
   0.25433E+00   0.22955E+00
   0.24924E+00   0.23779E+00
   0.24428E+00   0.24597E+00
   0.23943E+00   0.25410E+00
   0.23470E+00   0.26219E+00
   0.23007E+00   0.27028E+00
   0.22554E+00   0.27837E+00
   0.22110E+00   0.28650E+00
   0.21675E+00   0.29464E+00
   0.21248E+00   0.30280E+00
   0.20829E+00   0.31094E+00
   0.20416E+00   0.31904E+00
   0.20011E+00   0.32709E+00
   0.19611E+00   0.33510E+00
   0.19218E+00   0.34309E+00
   0.18830E+00   0.35106E+00
   0.18448E+00   0.35903E+00
   0.18070E+00   0.36702E+00
   0.17696E+00   0.37503E+00
   0.17327E+00   0.38309E+00
   0.16962E+00   0.39121E+00
   0.16601E+00   0.39943E+00
   0.16243E+00   0.40776E+00
   0.15888E+00   0.41619E+00
   0.15536E+00   0.42468E+00
   0.15187E+00   0.43323E+00
   0.14841E+00   0.44182E+00
   0.14498E+00   0.45047E+00
   0.14156E+00   0.45915E+00
   0.13817E+00   0.46788E+00
   0.13480E+00   0.47664E+00
   0.13145E+00   0.48544E+00
   0.12811E+00   0.49428E+00
   0.12480E+00   0.50320E+00
   0.12150E+00   0.51221E+00
   0.11821E+00   0.52130E+00
   0.11493E+00   0.53044E+00
   0.11167E+00   0.53962E+00
   0.10842E+00   0.54879E+00
   0.10519E+00   0.55792E+00
   0.10196E+00   0.56698E+00
   0.98741E-01   0.57592E+00
   0.95532E-01   0.58473E+00
   0.92332E-01   0.59336E+00
   0.89139E-01   0.60179E+00
   0.85954E-01   0.60996E+00
   0.82776E-01   0.61784E+00
   0.79605E-01   0.62538E+00
   0.76439E-01   0.63255E+00
   0.73279E-01   0.63927E+00
   0.70125E-01   0.64542E+00
   0.66975E-01   0.65082E+00
   0.63830E-01   0.65531E+00
   0.60689E-01   0.65861E+00
   0.57552E-01   0.66046E+00
   0.54419E-01   0.66054E+00
   0.51290E-01   0.65840E+00
   0.48164E-01   0.65353E+00
   0.45041E-01   0.64540E+00
   0.41921E-01   0.63334E+00
   0.38803E-01   0.61661E+00
   0.35688E-01   0.59433E+00
   0.32575E-01   0.56549E+00
   0.29465E-01   0.52881E+00
   0.26356E-01   0.48278E+00
   0.23250E-01   0.42606E+00
   0.20145E-01   0.35820E+00
   0.17042E-01   0.28037E+00
   0.13940E-01   0.19602E+00
   0.10840E-01   0.11418E+00
   0.77416E-02   0.48222E-01
   0.46441E-02   0.11125E-01
   0.15479E-02   0.95577E-03
