   0.98805E+00   0.14011E-01
   0.96417E+00   0.35683E-01
   0.94036E+00   0.56223E-01
   0.91667E+00   0.76902E-01
   0.89314E+00   0.98559E-01
   0.86983E+00   0.12141E+00
   0.84677E+00   0.14426E+00
   0.82400E+00   0.16708E+00
   0.80156E+00   0.19041E+00
   0.77949E+00   0.21288E+00
   0.75782E+00   0.23470E+00
   0.73658E+00   0.25665E+00
   0.71579E+00   0.27948E+00
   0.69548E+00   0.30268E+00
   0.67566E+00   0.32470E+00
   0.65636E+00   0.34452E+00
   0.63758E+00   0.36290E+00
   0.61934E+00   0.38026E+00
   0.60163E+00   0.39606E+00
   0.58448E+00   0.41100E+00
   0.56786E+00   0.42601E+00
   0.55179E+00   0.44176E+00
   0.53626E+00   0.45855E+00
   0.52126E+00   0.47595E+00
   0.50679E+00   0.49322E+00
   0.49284E+00   0.50969E+00
   0.47939E+00   0.52522E+00
   0.46643E+00   0.53956E+00
   0.45396E+00   0.55310E+00
   0.44195E+00   0.56699E+00
   0.43040E+00   0.58186E+00
   0.41928E+00   0.59714E+00
   0.40858E+00   0.61205E+00
   0.39828E+00   0.62647E+00
   0.38838E+00   0.64046E+00
   0.37885E+00   0.65404E+00
   0.36967E+00   0.66737E+00
   0.36084E+00   0.68047E+00
   0.35233E+00   0.69319E+00
   0.34413E+00   0.70562E+00
   0.33623E+00   0.71784E+00
   0.32860E+00   0.72978E+00
   0.32125E+00   0.74116E+00
   0.31414E+00   0.75191E+00
   0.30728E+00   0.76196E+00
   0.30064E+00   0.77120E+00
   0.29422E+00   0.77964E+00
   0.28799E+00   0.78742E+00
   0.28197E+00   0.79474E+00
   0.27612E+00   0.80183E+00
   0.27044E+00   0.80883E+00
   0.26492E+00   0.81582E+00
   0.25955E+00   0.82273E+00
   0.25433E+00   0.82954E+00
   0.24924E+00   0.83635E+00
   0.24428E+00   0.84316E+00
   0.23943E+00   0.84995E+00
   0.23470E+00   0.85672E+00
   0.23007E+00   0.86342E+00
   0.22554E+00   0.86994E+00
   0.22110E+00   0.87620E+00
   0.21675E+00   0.88219E+00
   0.21248E+00   0.88792E+00
   0.20829E+00   0.89346E+00
   0.20416E+00   0.89884E+00
   0.20011E+00   0.90409E+00
   0.19611E+00   0.90924E+00
   0.19218E+00   0.91431E+00
   0.18830E+00   0.91930E+00
   0.18448E+00   0.92420E+00
   0.18070E+00   0.92895E+00
   0.17696E+00   0.93346E+00
   0.17327E+00   0.93776E+00
   0.16962E+00   0.94183E+00
   0.16601E+00   0.94573E+00
   0.16243E+00   0.94947E+00
   0.15888E+00   0.95310E+00
   0.15536E+00   0.95669E+00
   0.15187E+00   0.96023E+00
   0.14841E+00   0.96378E+00
   0.14498E+00   0.96737E+00
   0.14156E+00   0.97096E+00
   0.13817E+00   0.97451E+00
   0.13480E+00   0.97792E+00
   0.13145E+00   0.98103E+00
   0.12811E+00   0.98375E+00
   0.12480E+00   0.98611E+00
   0.12150E+00   0.98825E+00
   0.11821E+00   0.99034E+00
   0.11493E+00   0.99248E+00
   0.11167E+00   0.99481E+00
   0.10842E+00   0.99742E+00
   0.10519E+00   0.10002E+01
   0.10196E+00   0.10029E+01
   0.98741E-01   0.10055E+01
   0.95532E-01   0.10078E+01
   0.92332E-01   0.10096E+01
   0.89139E-01   0.10108E+01
   0.85954E-01   0.10113E+01
   0.82776E-01   0.10111E+01
   0.79605E-01   0.10099E+01
   0.76439E-01   0.10076E+01
   0.73279E-01   0.10039E+01
   0.70125E-01   0.99863E+00
   0.66975E-01   0.99147E+00
   0.63830E-01   0.98190E+00
   0.60689E-01   0.96918E+00
   0.57552E-01   0.95272E+00
   0.54419E-01   0.93176E+00
   0.51290E-01   0.90523E+00
   0.48164E-01   0.87181E+00
   0.45041E-01   0.83009E+00
   0.41921E-01   0.77867E+00
   0.38803E-01   0.71645E+00
   0.35688E-01   0.64271E+00
   0.32575E-01   0.55817E+00
   0.29465E-01   0.46554E+00
   0.26356E-01   0.36891E+00
   0.23250E-01   0.27394E+00
   0.20145E-01   0.18785E+00
   0.17042E-01   0.11676E+00
   0.13940E-01   0.64085E-01
   0.10840E-01   0.30180E-01
   0.77416E-02   0.11362E-01
   0.46441E-02   0.29677E-02
   0.15479E-02   0.37012E-03
