   0.98805E+00   0.60001E-02
   0.96417E+00   0.17213E-01
   0.94036E+00   0.28759E-01
   0.91667E+00   0.40325E-01
   0.89314E+00   0.52139E-01
   0.86983E+00   0.64066E-01
   0.84677E+00   0.76530E-01
   0.82400E+00   0.90288E-01
   0.80156E+00   0.10476E+00
   0.77949E+00   0.11869E+00
   0.75782E+00   0.13177E+00
   0.73658E+00   0.14478E+00
   0.71579E+00   0.15836E+00
   0.69548E+00   0.17130E+00
   0.67566E+00   0.18293E+00
   0.65636E+00   0.19376E+00
   0.63758E+00   0.20468E+00
   0.61934E+00   0.21558E+00
   0.60163E+00   0.22651E+00
   0.58448E+00   0.23761E+00
   0.56786E+00   0.24892E+00
   0.55179E+00   0.26059E+00
   0.53626E+00   0.27239E+00
   0.52126E+00   0.28410E+00
   0.50679E+00   0.29572E+00
   0.49284E+00   0.30701E+00
   0.47939E+00   0.31791E+00
   0.46643E+00   0.32838E+00
   0.45396E+00   0.33856E+00
   0.44195E+00   0.34871E+00
   0.43040E+00   0.35878E+00
   0.41928E+00   0.36871E+00
   0.40858E+00   0.37861E+00
   0.39828E+00   0.38849E+00
   0.38838E+00   0.39821E+00
   0.37885E+00   0.40772E+00
   0.36967E+00   0.41700E+00
   0.36084E+00   0.42603E+00
   0.35233E+00   0.43483E+00
   0.34413E+00   0.44343E+00
   0.33623E+00   0.45182E+00
   0.32860E+00   0.46005E+00
   0.32125E+00   0.46810E+00
   0.31414E+00   0.47604E+00
   0.30728E+00   0.48394E+00
   0.30064E+00   0.49180E+00
   0.29422E+00   0.49966E+00
   0.28799E+00   0.50750E+00
   0.28197E+00   0.51532E+00
   0.27612E+00   0.52310E+00
   0.27044E+00   0.53083E+00
   0.26492E+00   0.53857E+00
   0.25955E+00   0.54633E+00
   0.25433E+00   0.55406E+00
   0.24924E+00   0.56174E+00
   0.24428E+00   0.56934E+00
   0.23943E+00   0.57685E+00
   0.23470E+00   0.58430E+00
   0.23007E+00   0.59171E+00
   0.22554E+00   0.59907E+00
   0.22110E+00   0.60641E+00
   0.21675E+00   0.61376E+00
   0.21248E+00   0.62114E+00
   0.20829E+00   0.62852E+00
   0.20416E+00   0.63585E+00
   0.20011E+00   0.64304E+00
   0.19611E+00   0.65002E+00
   0.19218E+00   0.65678E+00
   0.18830E+00   0.66336E+00
   0.18448E+00   0.66983E+00
   0.18070E+00   0.67619E+00
   0.17696E+00   0.68249E+00
   0.17327E+00   0.68872E+00
   0.16962E+00   0.69490E+00
   0.16601E+00   0.70102E+00
   0.16243E+00   0.70703E+00
   0.15888E+00   0.71289E+00
   0.15536E+00   0.71860E+00
   0.15187E+00   0.72426E+00
   0.14841E+00   0.72994E+00
   0.14498E+00   0.73568E+00
   0.14156E+00   0.74144E+00
   0.13817E+00   0.74718E+00
   0.13480E+00   0.75287E+00
   0.13145E+00   0.75847E+00
   0.12811E+00   0.76395E+00
   0.12480E+00   0.76923E+00
   0.12150E+00   0.77434E+00
   0.11821E+00   0.77936E+00
   0.11493E+00   0.78440E+00
   0.11167E+00   0.78956E+00
   0.10842E+00   0.79481E+00
   0.10519E+00   0.80004E+00
   0.10196E+00   0.80527E+00
   0.98741E-01   0.81048E+00
   0.95532E-01   0.81560E+00
   0.92332E-01   0.82040E+00
   0.89139E-01   0.82464E+00
   0.85954E-01   0.82800E+00
   0.82776E-01   0.83013E+00
   0.79605E-01   0.83087E+00
   0.76439E-01   0.83007E+00
   0.73279E-01   0.82737E+00
   0.70125E-01   0.82249E+00
   0.66975E-01   0.81511E+00
   0.63830E-01   0.80498E+00
   0.60689E-01   0.79206E+00
   0.57552E-01   0.77612E+00
   0.54419E-01   0.75638E+00
   0.51290E-01   0.73175E+00
   0.48164E-01   0.70114E+00
   0.45041E-01   0.66308E+00
   0.41921E-01   0.61616E+00
   0.38803E-01   0.55994E+00
   0.35688E-01   0.49410E+00
   0.32575E-01   0.41945E+00
   0.29465E-01   0.33945E+00
   0.26356E-01   0.25966E+00
   0.23250E-01   0.18597E+00
   0.20145E-01   0.12356E+00
   0.17042E-01   0.75344E-01
   0.13940E-01   0.41675E-01
   0.10840E-01   0.20087E-01
   0.77416E-02   0.78491E-02
   0.46441E-02   0.21224E-02
   0.15479E-02   0.27928E-03
