   0.98805E+00   0.14293E-01
   0.96417E+00   0.39995E-01
   0.94036E+00   0.66892E-01
   0.91667E+00   0.92361E-01
   0.89314E+00   0.11510E+00
   0.86983E+00   0.13629E+00
   0.84677E+00   0.15719E+00
   0.82400E+00   0.17679E+00
   0.80156E+00   0.19664E+00
   0.77949E+00   0.21827E+00
   0.75782E+00   0.24170E+00
   0.73658E+00   0.26643E+00
   0.71579E+00   0.29140E+00
   0.69548E+00   0.31677E+00
   0.67566E+00   0.34225E+00
   0.65636E+00   0.36594E+00
   0.63758E+00   0.38693E+00
   0.61934E+00   0.40677E+00
   0.60163E+00   0.42728E+00
   0.58448E+00   0.44804E+00
   0.56786E+00   0.46831E+00
   0.55179E+00   0.48773E+00
   0.53626E+00   0.50575E+00
   0.52126E+00   0.52292E+00
   0.50679E+00   0.53999E+00
   0.49284E+00   0.55716E+00
   0.47939E+00   0.57428E+00
   0.46643E+00   0.59147E+00
   0.45396E+00   0.60831E+00
   0.44195E+00   0.62432E+00
   0.43040E+00   0.63912E+00
   0.41928E+00   0.65279E+00
   0.40858E+00   0.66575E+00
   0.39828E+00   0.67824E+00
   0.38838E+00   0.69010E+00
   0.37885E+00   0.70158E+00
   0.36967E+00   0.71309E+00
   0.36084E+00   0.72452E+00
   0.35233E+00   0.73563E+00
   0.34413E+00   0.74631E+00
   0.33623E+00   0.75639E+00
   0.32860E+00   0.76556E+00
   0.32125E+00   0.77379E+00
   0.31414E+00   0.78113E+00
   0.30728E+00   0.78787E+00
   0.30064E+00   0.79435E+00
   0.29422E+00   0.80068E+00
   0.28799E+00   0.80686E+00
   0.28197E+00   0.81289E+00
   0.27612E+00   0.81886E+00
   0.27044E+00   0.82487E+00
   0.26492E+00   0.83099E+00
   0.25955E+00   0.83726E+00
   0.25433E+00   0.84368E+00
   0.24924E+00   0.85034E+00
   0.24428E+00   0.85727E+00
   0.23943E+00   0.86441E+00
   0.23470E+00   0.87167E+00
   0.23007E+00   0.87894E+00
   0.22554E+00   0.88614E+00
   0.22110E+00   0.89321E+00
   0.21675E+00   0.90012E+00
   0.21248E+00   0.90678E+00
   0.20829E+00   0.91313E+00
   0.20416E+00   0.91907E+00
   0.20011E+00   0.92458E+00
   0.19611E+00   0.92970E+00
   0.19218E+00   0.93449E+00
   0.18830E+00   0.93909E+00
   0.18448E+00   0.94355E+00
   0.18070E+00   0.94788E+00
   0.17696E+00   0.95202E+00
   0.17327E+00   0.95598E+00
   0.16962E+00   0.95976E+00
   0.16601E+00   0.96335E+00
   0.16243E+00   0.96679E+00
   0.15888E+00   0.97013E+00
   0.15536E+00   0.97344E+00
   0.15187E+00   0.97669E+00
   0.14841E+00   0.97987E+00
   0.14498E+00   0.98302E+00
   0.14156E+00   0.98622E+00
   0.13817E+00   0.98947E+00
   0.13480E+00   0.99272E+00
   0.13145E+00   0.99596E+00
   0.12811E+00   0.99916E+00
   0.12480E+00   0.10023E+01
   0.12150E+00   0.10054E+01
   0.11821E+00   0.10084E+01
   0.11493E+00   0.10112E+01
   0.11167E+00   0.10137E+01
   0.10842E+00   0.10159E+01
   0.10519E+00   0.10177E+01
   0.10196E+00   0.10191E+01
   0.98741E-01   0.10200E+01
   0.95532E-01   0.10203E+01
   0.92332E-01   0.10200E+01
   0.89139E-01   0.10190E+01
   0.85954E-01   0.10171E+01
   0.82776E-01   0.10142E+01
   0.79605E-01   0.10103E+01
   0.76439E-01   0.10055E+01
   0.73279E-01   0.99947E+00
   0.70125E-01   0.99192E+00
   0.66975E-01   0.98251E+00
   0.63830E-01   0.97080E+00
   0.60689E-01   0.95618E+00
   0.57552E-01   0.93781E+00
   0.54419E-01   0.91527E+00
   0.51290E-01   0.88807E+00
   0.48164E-01   0.85489E+00
   0.45041E-01   0.81426E+00
   0.41921E-01   0.76479E+00
   0.38803E-01   0.70570E+00
   0.35688E-01   0.63667E+00
   0.32575E-01   0.55716E+00
   0.29465E-01   0.46778E+00
   0.26356E-01   0.37254E+00
   0.23250E-01   0.27756E+00
   0.20145E-01   0.19063E+00
   0.17042E-01   0.11886E+00
   0.13940E-01   0.65696E-01
   0.10840E-01   0.30943E-01
   0.77416E-02   0.11738E-01
   0.46441E-02   0.31028E-02
   0.15479E-02   0.39404E-03
