   0.98805E+00   0.57013E-02
   0.96417E+00   0.15513E-01
   0.94036E+00   0.25443E-01
   0.91667E+00   0.35775E-01
   0.89314E+00   0.46413E-01
   0.86983E+00   0.57073E-01
   0.84677E+00   0.67851E-01
   0.82400E+00   0.79166E-01
   0.80156E+00   0.90994E-01
   0.77949E+00   0.10299E+00
   0.75782E+00   0.11510E+00
   0.73658E+00   0.12704E+00
   0.71579E+00   0.13873E+00
   0.69548E+00   0.15017E+00
   0.67566E+00   0.16146E+00
   0.65636E+00   0.17276E+00
   0.63758E+00   0.18410E+00
   0.61934E+00   0.19539E+00
   0.60163E+00   0.20676E+00
   0.58448E+00   0.21812E+00
   0.56786E+00   0.22912E+00
   0.55179E+00   0.23975E+00
   0.53626E+00   0.25034E+00
   0.52126E+00   0.26102E+00
   0.50679E+00   0.27180E+00
   0.49284E+00   0.28254E+00
   0.47939E+00   0.29314E+00
   0.46643E+00   0.30355E+00
   0.45396E+00   0.31374E+00
   0.44195E+00   0.32347E+00
   0.43040E+00   0.33256E+00
   0.41928E+00   0.34115E+00
   0.40858E+00   0.34952E+00
   0.39828E+00   0.35789E+00
   0.38838E+00   0.36634E+00
   0.37885E+00   0.37485E+00
   0.36967E+00   0.38352E+00
   0.36084E+00   0.39234E+00
   0.35233E+00   0.40122E+00
   0.34413E+00   0.41001E+00
   0.33623E+00   0.41858E+00
   0.32860E+00   0.42681E+00
   0.32125E+00   0.43462E+00
   0.31414E+00   0.44198E+00
   0.30728E+00   0.44883E+00
   0.30064E+00   0.45521E+00
   0.29422E+00   0.46120E+00
   0.28799E+00   0.46691E+00
   0.28197E+00   0.47241E+00
   0.27612E+00   0.47774E+00
   0.27044E+00   0.48294E+00
   0.26492E+00   0.48807E+00
   0.25955E+00   0.49317E+00
   0.25433E+00   0.49826E+00
   0.24924E+00   0.50334E+00
   0.24428E+00   0.50836E+00
   0.23943E+00   0.51332E+00
   0.23470E+00   0.51822E+00
   0.23007E+00   0.52306E+00
   0.22554E+00   0.52784E+00
   0.22110E+00   0.53253E+00
   0.21675E+00   0.53713E+00
   0.21248E+00   0.54167E+00
   0.20829E+00   0.54621E+00
   0.20416E+00   0.55080E+00
   0.20011E+00   0.55546E+00
   0.19611E+00   0.56021E+00
   0.19218E+00   0.56508E+00
   0.18830E+00   0.57009E+00
   0.18448E+00   0.57525E+00
   0.18070E+00   0.58053E+00
   0.17696E+00   0.58590E+00
   0.17327E+00   0.59133E+00
   0.16962E+00   0.59677E+00
   0.16601E+00   0.60218E+00
   0.16243E+00   0.60757E+00
   0.15888E+00   0.61292E+00
   0.15536E+00   0.61824E+00
   0.15187E+00   0.62351E+00
   0.14841E+00   0.62870E+00
   0.14498E+00   0.63385E+00
   0.14156E+00   0.63897E+00
   0.13817E+00   0.64406E+00
   0.13480E+00   0.64912E+00
   0.13145E+00   0.65420E+00
   0.12811E+00   0.65932E+00
   0.12480E+00   0.66447E+00
   0.12150E+00   0.66961E+00
   0.11821E+00   0.67463E+00
   0.11493E+00   0.67942E+00
   0.11167E+00   0.68392E+00
   0.10842E+00   0.68806E+00
   0.10519E+00   0.69181E+00
   0.10196E+00   0.69517E+00
   0.98741E-01   0.69809E+00
   0.95532E-01   0.70054E+00
   0.92332E-01   0.70245E+00
   0.89139E-01   0.70380E+00
   0.85954E-01   0.70461E+00
   0.82776E-01   0.70492E+00
   0.79605E-01   0.70472E+00
   0.76439E-01   0.70383E+00
   0.73279E-01   0.70194E+00
   0.70125E-01   0.69876E+00
   0.66975E-01   0.69397E+00
   0.63830E-01   0.68721E+00
   0.60689E-01   0.67810E+00
   0.57552E-01   0.66617E+00
   0.54419E-01   0.65088E+00
   0.51290E-01   0.63165E+00
   0.48164E-01   0.60769E+00
   0.45041E-01   0.57781E+00
   0.41921E-01   0.54098E+00
   0.38803E-01   0.49652E+00
   0.35688E-01   0.44400E+00
   0.32575E-01   0.38300E+00
   0.29465E-01   0.31459E+00
   0.26356E-01   0.24209E+00
   0.23250E-01   0.17112E+00
   0.20145E-01   0.10896E+00
   0.17042E-01   0.61550E-01
   0.13940E-01   0.30869E-01
   0.10840E-01   0.13751E-01
   0.77416E-02   0.52610E-02
   0.46441E-02   0.14717E-02
   0.15479E-02   0.19648E-03
