   0.98805E+00   0.49362E-03
   0.96417E+00   0.13152E-02
   0.94036E+00   0.21574E-02
   0.91667E+00   0.29906E-02
   0.89314E+00   0.39494E-02
   0.86983E+00   0.50588E-02
   0.84677E+00   0.63391E-02
   0.82400E+00   0.78997E-02
   0.80156E+00   0.98274E-02
   0.77949E+00   0.12040E-01
   0.75782E+00   0.14533E-01
   0.73658E+00   0.17649E-01
   0.71579E+00   0.21430E-01
   0.69548E+00   0.25781E-01
   0.67566E+00   0.30732E-01
   0.65636E+00   0.35964E-01
   0.63758E+00   0.41488E-01
   0.61934E+00   0.47540E-01
   0.60163E+00   0.54034E-01
   0.58448E+00   0.60719E-01
   0.56786E+00   0.67613E-01
   0.55179E+00   0.74826E-01
   0.53626E+00   0.82402E-01
   0.52126E+00   0.90378E-01
   0.50679E+00   0.98580E-01
   0.49284E+00   0.10693E+00
   0.47939E+00   0.11553E+00
   0.46643E+00   0.12453E+00
   0.45396E+00   0.13374E+00
   0.44195E+00   0.14292E+00
   0.43040E+00   0.15201E+00
   0.41928E+00   0.16109E+00
   0.40858E+00   0.17024E+00
   0.39828E+00   0.17958E+00
   0.38838E+00   0.18916E+00
   0.37885E+00   0.19881E+00
   0.36967E+00   0.20833E+00
   0.36084E+00   0.21763E+00
   0.35233E+00   0.22670E+00
   0.34413E+00   0.23557E+00
   0.33623E+00   0.24425E+00
   0.32860E+00   0.25278E+00
   0.32125E+00   0.26117E+00
   0.31414E+00   0.26940E+00
   0.30728E+00   0.27742E+00
   0.30064E+00   0.28519E+00
   0.29422E+00   0.29273E+00
   0.28799E+00   0.30007E+00
   0.28197E+00   0.30722E+00
   0.27612E+00   0.31424E+00
   0.27044E+00   0.32116E+00
   0.26492E+00   0.32806E+00
   0.25955E+00   0.33497E+00
   0.25433E+00   0.34191E+00
   0.24924E+00   0.34892E+00
   0.24428E+00   0.35598E+00
   0.23943E+00   0.36309E+00
   0.23470E+00   0.37025E+00
   0.23007E+00   0.37746E+00
   0.22554E+00   0.38468E+00
   0.22110E+00   0.39193E+00
   0.21675E+00   0.39920E+00
   0.21248E+00   0.40650E+00
   0.20829E+00   0.41384E+00
   0.20416E+00   0.42121E+00
   0.20011E+00   0.42858E+00
   0.19611E+00   0.43592E+00
   0.19218E+00   0.44318E+00
   0.18830E+00   0.45035E+00
   0.18448E+00   0.45740E+00
   0.18070E+00   0.46434E+00
   0.17696E+00   0.47117E+00
   0.17327E+00   0.47792E+00
   0.16962E+00   0.48460E+00
   0.16601E+00   0.49124E+00
   0.16243E+00   0.49783E+00
   0.15888E+00   0.50438E+00
   0.15536E+00   0.51092E+00
   0.15187E+00   0.51743E+00
   0.14841E+00   0.52390E+00
   0.14498E+00   0.53031E+00
   0.14156E+00   0.53669E+00
   0.13817E+00   0.54301E+00
   0.13480E+00   0.54930E+00
   0.13145E+00   0.55555E+00
   0.12811E+00   0.56181E+00
   0.12480E+00   0.56807E+00
   0.12150E+00   0.57433E+00
   0.11821E+00   0.58062E+00
   0.11493E+00   0.58694E+00
   0.11167E+00   0.59326E+00
   0.10842E+00   0.59956E+00
   0.10519E+00   0.60581E+00
   0.10196E+00   0.61199E+00
   0.98741E-01   0.61807E+00
   0.95532E-01   0.62404E+00
   0.92332E-01   0.62986E+00
   0.89139E-01   0.63547E+00
   0.85954E-01   0.64083E+00
   0.82776E-01   0.64586E+00
   0.79605E-01   0.65049E+00
   0.76439E-01   0.65460E+00
   0.73279E-01   0.65809E+00
   0.70125E-01   0.66085E+00
   0.66975E-01   0.66278E+00
   0.63830E-01   0.66373E+00
   0.60689E-01   0.66350E+00
   0.57552E-01   0.66177E+00
   0.54419E-01   0.65823E+00
   0.51290E-01   0.65256E+00
   0.48164E-01   0.64436E+00
   0.45041E-01   0.63308E+00
   0.41921E-01   0.61787E+00
   0.38803E-01   0.59773E+00
   0.35688E-01   0.57163E+00
   0.32575E-01   0.53839E+00
   0.29465E-01   0.49667E+00
   0.26356E-01   0.44531E+00
   0.23250E-01   0.38381E+00
   0.20145E-01   0.31282E+00
   0.17042E-01   0.23471E+00
   0.13940E-01   0.15501E+00
   0.10840E-01   0.83483E-01
   0.77416E-02   0.31922E-01
   0.46441E-02   0.70846E-02
   0.15479E-02   0.70194E-03
