   0.98805E+00   0.14872E-02
   0.96417E+00   0.44649E-02
   0.94036E+00   0.77260E-02
   0.91667E+00   0.10692E-01
   0.89314E+00   0.13614E-01
   0.86983E+00   0.16790E-01
   0.84677E+00   0.20511E-01
   0.82400E+00   0.24751E-01
   0.80156E+00   0.29471E-01
   0.77949E+00   0.34405E-01
   0.75782E+00   0.39104E-01
   0.73658E+00   0.43694E-01
   0.71579E+00   0.48742E-01
   0.69548E+00   0.54715E-01
   0.67566E+00   0.61898E-01
   0.65636E+00   0.70037E-01
   0.63758E+00   0.78749E-01
   0.61934E+00   0.87772E-01
   0.60163E+00   0.96879E-01
   0.58448E+00   0.10581E+00
   0.56786E+00   0.11464E+00
   0.55179E+00   0.12345E+00
   0.53626E+00   0.13228E+00
   0.52126E+00   0.14118E+00
   0.50679E+00   0.15013E+00
   0.49284E+00   0.15926E+00
   0.47939E+00   0.16871E+00
   0.46643E+00   0.17835E+00
   0.45396E+00   0.18796E+00
   0.44195E+00   0.19742E+00
   0.43040E+00   0.20664E+00
   0.41928E+00   0.21590E+00
   0.40858E+00   0.22537E+00
   0.39828E+00   0.23501E+00
   0.38838E+00   0.24472E+00
   0.37885E+00   0.25439E+00
   0.36967E+00   0.26396E+00
   0.36084E+00   0.27339E+00
   0.35233E+00   0.28267E+00
   0.34413E+00   0.29170E+00
   0.33623E+00   0.30043E+00
   0.32860E+00   0.30881E+00
   0.32125E+00   0.31685E+00
   0.31414E+00   0.32462E+00
   0.30728E+00   0.33222E+00
   0.30064E+00   0.33970E+00
   0.29422E+00   0.34715E+00
   0.28799E+00   0.35458E+00
   0.28197E+00   0.36206E+00
   0.27612E+00   0.36962E+00
   0.27044E+00   0.37726E+00
   0.26492E+00   0.38492E+00
   0.25955E+00   0.39254E+00
   0.25433E+00   0.40009E+00
   0.24924E+00   0.40750E+00
   0.24428E+00   0.41475E+00
   0.23943E+00   0.42186E+00
   0.23470E+00   0.42881E+00
   0.23007E+00   0.43557E+00
   0.22554E+00   0.44216E+00
   0.22110E+00   0.44862E+00
   0.21675E+00   0.45496E+00
   0.21248E+00   0.46121E+00
   0.20829E+00   0.46742E+00
   0.20416E+00   0.47360E+00
   0.20011E+00   0.47977E+00
   0.19611E+00   0.48596E+00
   0.19218E+00   0.49217E+00
   0.18830E+00   0.49838E+00
   0.18448E+00   0.50456E+00
   0.18070E+00   0.51069E+00
   0.17696E+00   0.51676E+00
   0.17327E+00   0.52273E+00
   0.16962E+00   0.52862E+00
   0.16601E+00   0.53442E+00
   0.16243E+00   0.54015E+00
   0.15888E+00   0.54583E+00
   0.15536E+00   0.55145E+00
   0.15187E+00   0.55705E+00
   0.14841E+00   0.56259E+00
   0.14498E+00   0.56810E+00
   0.14156E+00   0.57356E+00
   0.13817E+00   0.57893E+00
   0.13480E+00   0.58420E+00
   0.13145E+00   0.58936E+00
   0.12811E+00   0.59441E+00
   0.12480E+00   0.59936E+00
   0.12150E+00   0.60425E+00
   0.11821E+00   0.60910E+00
   0.11493E+00   0.61392E+00
   0.11167E+00   0.61871E+00
   0.10842E+00   0.62346E+00
   0.10519E+00   0.62816E+00
   0.10196E+00   0.63277E+00
   0.98741E-01   0.63728E+00
   0.95532E-01   0.64165E+00
   0.92332E-01   0.64584E+00
   0.89139E-01   0.64978E+00
   0.85954E-01   0.65342E+00
   0.82776E-01   0.65667E+00
   0.79605E-01   0.65946E+00
   0.76439E-01   0.66169E+00
   0.73279E-01   0.66325E+00
   0.70125E-01   0.66406E+00
   0.66975E-01   0.66396E+00
   0.63830E-01   0.66281E+00
   0.60689E-01   0.66041E+00
   0.57552E-01   0.65651E+00
   0.54419E-01   0.65086E+00
   0.51290E-01   0.64297E+00
   0.48164E-01   0.63222E+00
   0.45041E-01   0.61795E+00
   0.41921E-01   0.59928E+00
   0.38803E-01   0.57527E+00
   0.35688E-01   0.54490E+00
   0.32575E-01   0.50721E+00
   0.29465E-01   0.46113E+00
   0.26356E-01   0.40587E+00
   0.23250E-01   0.34142E+00
   0.20145E-01   0.26942E+00
   0.17042E-01   0.19376E+00
   0.13940E-01   0.12139E+00
   0.10840E-01   0.61476E-01
   0.77416E-02   0.22309E-01
   0.46441E-02   0.50099E-02
   0.15479E-02   0.54318E-03
