   0.98805E+00   0.84731E-23
   0.96417E+00   0.14709E-22
   0.94036E+00   0.17218E-22
   0.91667E+00  -0.44124E-22
   0.89314E+00  -0.25252E-21
   0.86983E+00  -0.23736E-21
   0.84677E+00   0.12982E-20
   0.82400E+00   0.27106E-20
   0.80156E+00  -0.80556E-20
   0.77949E+00  -0.29307E-19
   0.75782E+00   0.37174E-20
   0.73658E+00   0.28488E-18
   0.71579E+00   0.14273E-17
   0.69548E+00   0.28060E-17
   0.67566E+00   0.12429E-18
   0.65636E+00   0.42368E-17
   0.63758E+00   0.22165E-14
   0.61934E+00   0.12086E-12
   0.60163E+00   0.13019E-11
   0.58448E+00   0.10557E-10
   0.56786E+00   0.19774E-09
   0.55179E+00   0.99708E-08
   0.53626E+00   0.83449E-07
   0.52126E+00   0.29477E-06
   0.50679E+00   0.75781E-06
   0.49284E+00   0.16078E-05
   0.47939E+00   0.30272E-05
   0.46643E+00   0.58570E-05
   0.45396E+00   0.11303E-04
   0.44195E+00   0.19200E-04
   0.43040E+00   0.28562E-04
   0.41928E+00   0.40546E-04
   0.40858E+00   0.58099E-04
   0.39828E+00   0.83932E-04
   0.38838E+00   0.11939E-03
   0.37885E+00   0.16447E-03
   0.36967E+00   0.21898E-03
   0.36084E+00   0.28428E-03
   0.35233E+00   0.36381E-03
   0.34413E+00   0.46115E-03
   0.33623E+00   0.57805E-03
   0.32860E+00   0.71530E-03
   0.32125E+00   0.87292E-03
   0.31414E+00   0.10536E-02
   0.30728E+00   0.12620E-02
   0.30064E+00   0.15065E-02
   0.29422E+00   0.17959E-02
   0.28799E+00   0.21377E-02
   0.28197E+00   0.25362E-02
   0.27612E+00   0.29952E-02
   0.27044E+00   0.35185E-02
   0.26492E+00   0.41089E-02
   0.25955E+00   0.47669E-02
   0.25433E+00   0.54896E-02
   0.24924E+00   0.62721E-02
   0.24428E+00   0.71086E-02
   0.23943E+00   0.79968E-02
   0.23470E+00   0.89402E-02
   0.23007E+00   0.99460E-02
   0.22554E+00   0.11022E-01
   0.22110E+00   0.12175E-01
   0.21675E+00   0.13414E-01
   0.21248E+00   0.14745E-01
   0.20829E+00   0.16175E-01
   0.20416E+00   0.17712E-01
   0.20011E+00   0.19362E-01
   0.19611E+00   0.21134E-01
   0.19218E+00   0.23030E-01
   0.18830E+00   0.25055E-01
   0.18448E+00   0.27215E-01
   0.18070E+00   0.29516E-01
   0.17696E+00   0.31964E-01
   0.17327E+00   0.34567E-01
   0.16962E+00   0.37332E-01
   0.16601E+00   0.40268E-01
   0.16243E+00   0.43381E-01
   0.15888E+00   0.46679E-01
   0.15536E+00   0.50168E-01
   0.15187E+00   0.53854E-01
   0.14841E+00   0.57741E-01
   0.14498E+00   0.61838E-01
   0.14156E+00   0.66149E-01
   0.13817E+00   0.70682E-01
   0.13480E+00   0.75442E-01
   0.13145E+00   0.80439E-01
   0.12811E+00   0.85683E-01
   0.12480E+00   0.91185E-01
   0.12150E+00   0.96965E-01
   0.11821E+00   0.10304E+00
   0.11493E+00   0.10945E+00
   0.11167E+00   0.11621E+00
   0.10842E+00   0.12334E+00
   0.10519E+00   0.13087E+00
   0.10196E+00   0.13881E+00
   0.98741E-01   0.14718E+00
   0.95532E-01   0.15599E+00
   0.92332E-01   0.16526E+00
   0.89139E-01   0.17499E+00
   0.85954E-01   0.18517E+00
   0.82776E-01   0.19580E+00
   0.79605E-01   0.20684E+00
   0.76439E-01   0.21825E+00
   0.73279E-01   0.22996E+00
   0.70125E-01   0.24191E+00
   0.66975E-01   0.25399E+00
   0.63830E-01   0.26608E+00
   0.60689E-01   0.27799E+00
   0.57552E-01   0.28952E+00
   0.54419E-01   0.30040E+00
   0.51290E-01   0.31028E+00
   0.48164E-01   0.31876E+00
   0.45041E-01   0.32538E+00
   0.41921E-01   0.32968E+00
   0.38803E-01   0.33118E+00
   0.35688E-01   0.32939E+00
   0.32575E-01   0.32389E+00
   0.29465E-01   0.31417E+00
   0.26356E-01   0.29957E+00
   0.23250E-01   0.27897E+00
   0.20145E-01   0.25056E+00
   0.17042E-01   0.21225E+00
   0.13940E-01   0.16319E+00
   0.10840E-01   0.10649E+00
   0.77416E-02   0.52007E-01
   0.46441E-02   0.14516E-01
   0.15479E-02   0.13558E-02
