   0.98805E+00   0.65658E-02
   0.96417E+00   0.18958E-01
   0.94036E+00   0.32603E-01
   0.91667E+00   0.46670E-01
   0.89314E+00   0.60718E-01
   0.86983E+00   0.73930E-01
   0.84677E+00   0.85398E-01
   0.82400E+00   0.95949E-01
   0.80156E+00   0.10685E+00
   0.77949E+00   0.11922E+00
   0.75782E+00   0.13239E+00
   0.73658E+00   0.14573E+00
   0.71579E+00   0.15902E+00
   0.69548E+00   0.17227E+00
   0.67566E+00   0.18578E+00
   0.65636E+00   0.19984E+00
   0.63758E+00   0.21431E+00
   0.61934E+00   0.22899E+00
   0.60163E+00   0.24362E+00
   0.58448E+00   0.25815E+00
   0.56786E+00   0.27212E+00
   0.55179E+00   0.28540E+00
   0.53626E+00   0.29786E+00
   0.52126E+00   0.30932E+00
   0.50679E+00   0.32016E+00
   0.49284E+00   0.33105E+00
   0.47939E+00   0.34245E+00
   0.46643E+00   0.35455E+00
   0.45396E+00   0.36746E+00
   0.44195E+00   0.38088E+00
   0.43040E+00   0.39446E+00
   0.41928E+00   0.40779E+00
   0.40858E+00   0.42080E+00
   0.39828E+00   0.43371E+00
   0.38838E+00   0.44649E+00
   0.37885E+00   0.45908E+00
   0.36967E+00   0.47139E+00
   0.36084E+00   0.48337E+00
   0.35233E+00   0.49482E+00
   0.34413E+00   0.50552E+00
   0.33623E+00   0.51541E+00
   0.32860E+00   0.52456E+00
   0.32125E+00   0.53305E+00
   0.31414E+00   0.54116E+00
   0.30728E+00   0.54913E+00
   0.30064E+00   0.55707E+00
   0.29422E+00   0.56503E+00
   0.28799E+00   0.57295E+00
   0.28197E+00   0.58075E+00
   0.27612E+00   0.58838E+00
   0.27044E+00   0.59587E+00
   0.26492E+00   0.60333E+00
   0.25955E+00   0.61078E+00
   0.25433E+00   0.61815E+00
   0.24924E+00   0.62541E+00
   0.24428E+00   0.63261E+00
   0.23943E+00   0.63979E+00
   0.23470E+00   0.64691E+00
   0.23007E+00   0.65399E+00
   0.22554E+00   0.66102E+00
   0.22110E+00   0.66795E+00
   0.21675E+00   0.67476E+00
   0.21248E+00   0.68145E+00
   0.20829E+00   0.68804E+00
   0.20416E+00   0.69461E+00
   0.20011E+00   0.70126E+00
   0.19611E+00   0.70806E+00
   0.19218E+00   0.71505E+00
   0.18830E+00   0.72220E+00
   0.18448E+00   0.72945E+00
   0.18070E+00   0.73680E+00
   0.17696E+00   0.74425E+00
   0.17327E+00   0.75176E+00
   0.16962E+00   0.75924E+00
   0.16601E+00   0.76659E+00
   0.16243E+00   0.77378E+00
   0.15888E+00   0.78079E+00
   0.15536E+00   0.78761E+00
   0.15187E+00   0.79423E+00
   0.14841E+00   0.80069E+00
   0.14498E+00   0.80700E+00
   0.14156E+00   0.81321E+00
   0.13817E+00   0.81931E+00
   0.13480E+00   0.82528E+00
   0.13145E+00   0.83115E+00
   0.12811E+00   0.83695E+00
   0.12480E+00   0.84278E+00
   0.12150E+00   0.84870E+00
   0.11821E+00   0.85474E+00
   0.11493E+00   0.86087E+00
   0.11167E+00   0.86704E+00
   0.10842E+00   0.87313E+00
   0.10519E+00   0.87903E+00
   0.10196E+00   0.88465E+00
   0.98741E-01   0.88990E+00
   0.95532E-01   0.89478E+00
   0.92332E-01   0.89931E+00
   0.89139E-01   0.90351E+00
   0.85954E-01   0.90737E+00
   0.82776E-01   0.91083E+00
   0.79605E-01   0.91371E+00
   0.76439E-01   0.91548E+00
   0.73279E-01   0.91535E+00
   0.70125E-01   0.91268E+00
   0.66975E-01   0.90700E+00
   0.63830E-01   0.89780E+00
   0.60689E-01   0.88458E+00
   0.57552E-01   0.86686E+00
   0.54419E-01   0.84382E+00
   0.51290E-01   0.81479E+00
   0.48164E-01   0.77874E+00
   0.45041E-01   0.73466E+00
   0.41921E-01   0.68174E+00
   0.38803E-01   0.61918E+00
   0.35688E-01   0.54686E+00
   0.32575E-01   0.46627E+00
   0.29465E-01   0.38093E+00
   0.26356E-01   0.29509E+00
   0.23250E-01   0.21431E+00
   0.20145E-01   0.14485E+00
   0.17042E-01   0.90125E-01
   0.13940E-01   0.50294E-01
   0.10840E-01   0.24313E-01
   0.77416E-02   0.95377E-02
   0.46441E-02   0.26049E-02
   0.15479E-02   0.34209E-03
