   0.98805E+00   0.10885E-02
   0.96417E+00   0.30595E-02
   0.94036E+00   0.53513E-02
   0.91667E+00   0.76873E-02
   0.89314E+00   0.10162E-01
   0.86983E+00   0.13077E-01
   0.84677E+00   0.16423E-01
   0.82400E+00   0.20199E-01
   0.80156E+00   0.24256E-01
   0.77949E+00   0.28547E-01
   0.75782E+00   0.33419E-01
   0.73658E+00   0.38832E-01
   0.71579E+00   0.44256E-01
   0.69548E+00   0.49702E-01
   0.67566E+00   0.55512E-01
   0.65636E+00   0.62011E-01
   0.63758E+00   0.69433E-01
   0.61934E+00   0.77452E-01
   0.60163E+00   0.85999E-01
   0.58448E+00   0.94998E-01
   0.56786E+00   0.10429E+00
   0.55179E+00   0.11374E+00
   0.53626E+00   0.12332E+00
   0.52126E+00   0.13289E+00
   0.50679E+00   0.14209E+00
   0.49284E+00   0.15091E+00
   0.47939E+00   0.15968E+00
   0.46643E+00   0.16871E+00
   0.45396E+00   0.17796E+00
   0.44195E+00   0.18739E+00
   0.43040E+00   0.19696E+00
   0.41928E+00   0.20670E+00
   0.40858E+00   0.21652E+00
   0.39828E+00   0.22623E+00
   0.38838E+00   0.23580E+00
   0.37885E+00   0.24516E+00
   0.36967E+00   0.25437E+00
   0.36084E+00   0.26353E+00
   0.35233E+00   0.27269E+00
   0.34413E+00   0.28187E+00
   0.33623E+00   0.29096E+00
   0.32860E+00   0.29989E+00
   0.32125E+00   0.30862E+00
   0.31414E+00   0.31715E+00
   0.30728E+00   0.32546E+00
   0.30064E+00   0.33356E+00
   0.29422E+00   0.34146E+00
   0.28799E+00   0.34919E+00
   0.28197E+00   0.35676E+00
   0.27612E+00   0.36417E+00
   0.27044E+00   0.37140E+00
   0.26492E+00   0.37849E+00
   0.25955E+00   0.38551E+00
   0.25433E+00   0.39248E+00
   0.24924E+00   0.39943E+00
   0.24428E+00   0.40636E+00
   0.23943E+00   0.41329E+00
   0.23470E+00   0.42021E+00
   0.23007E+00   0.42709E+00
   0.22554E+00   0.43391E+00
   0.22110E+00   0.44065E+00
   0.21675E+00   0.44731E+00
   0.21248E+00   0.45389E+00
   0.20829E+00   0.46040E+00
   0.20416E+00   0.46684E+00
   0.20011E+00   0.47320E+00
   0.19611E+00   0.47948E+00
   0.19218E+00   0.48570E+00
   0.18830E+00   0.49185E+00
   0.18448E+00   0.49796E+00
   0.18070E+00   0.50401E+00
   0.17696E+00   0.51002E+00
   0.17327E+00   0.51600E+00
   0.16962E+00   0.52194E+00
   0.16601E+00   0.52783E+00
   0.16243E+00   0.53367E+00
   0.15888E+00   0.53943E+00
   0.15536E+00   0.54513E+00
   0.15187E+00   0.55074E+00
   0.14841E+00   0.55627E+00
   0.14498E+00   0.56173E+00
   0.14156E+00   0.56714E+00
   0.13817E+00   0.57247E+00
   0.13480E+00   0.57774E+00
   0.13145E+00   0.58296E+00
   0.12811E+00   0.58814E+00
   0.12480E+00   0.59331E+00
   0.12150E+00   0.59845E+00
   0.11821E+00   0.60355E+00
   0.11493E+00   0.60862E+00
   0.11167E+00   0.61364E+00
   0.10842E+00   0.61860E+00
   0.10519E+00   0.62345E+00
   0.10196E+00   0.62817E+00
   0.98741E-01   0.63274E+00
   0.95532E-01   0.63712E+00
   0.92332E-01   0.64131E+00
   0.89139E-01   0.64531E+00
   0.85954E-01   0.64910E+00
   0.82776E-01   0.65265E+00
   0.79605E-01   0.65593E+00
   0.76439E-01   0.65890E+00
   0.73279E-01   0.66144E+00
   0.70125E-01   0.66341E+00
   0.66975E-01   0.66461E+00
   0.63830E-01   0.66484E+00
   0.60689E-01   0.66384E+00
   0.57552E-01   0.66125E+00
   0.54419E-01   0.65673E+00
   0.51290E-01   0.64981E+00
   0.48164E-01   0.63993E+00
   0.45041E-01   0.62645E+00
   0.41921E-01   0.60860E+00
   0.38803E-01   0.58535E+00
   0.35688E-01   0.55555E+00
   0.32575E-01   0.51827E+00
   0.29465E-01   0.47260E+00
   0.26356E-01   0.41781E+00
   0.23250E-01   0.35395E+00
   0.20145E-01   0.28199E+00
   0.17042E-01   0.20502E+00
   0.13940E-01   0.12998E+00
   0.10840E-01   0.66739E-01
   0.77416E-02   0.24561E-01
   0.46441E-02   0.55122E-02
   0.15479E-02   0.59256E-03
