   0.98805E+00   0.11452E-01
   0.96417E+00   0.31469E-01
   0.94036E+00   0.50678E-01
   0.91667E+00   0.69728E-01
   0.89314E+00   0.88933E-01
   0.86983E+00   0.10726E+00
   0.84677E+00   0.12388E+00
   0.82400E+00   0.13900E+00
   0.80156E+00   0.15436E+00
   0.77949E+00   0.17128E+00
   0.75782E+00   0.18911E+00
   0.73658E+00   0.20645E+00
   0.71579E+00   0.22320E+00
   0.69548E+00   0.23995E+00
   0.67566E+00   0.25681E+00
   0.65636E+00   0.27389E+00
   0.63758E+00   0.29107E+00
   0.61934E+00   0.30851E+00
   0.60163E+00   0.32570E+00
   0.58448E+00   0.34269E+00
   0.56786E+00   0.35950E+00
   0.55179E+00   0.37552E+00
   0.53626E+00   0.39037E+00
   0.52126E+00   0.40473E+00
   0.50679E+00   0.41965E+00
   0.49284E+00   0.43510E+00
   0.47939E+00   0.45062E+00
   0.46643E+00   0.46601E+00
   0.45396E+00   0.48087E+00
   0.44195E+00   0.49475E+00
   0.43040E+00   0.50767E+00
   0.41928E+00   0.51955E+00
   0.40858E+00   0.53066E+00
   0.39828E+00   0.54122E+00
   0.38838E+00   0.55155E+00
   0.37885E+00   0.56208E+00
   0.36967E+00   0.57289E+00
   0.36084E+00   0.58374E+00
   0.35233E+00   0.59427E+00
   0.34413E+00   0.60435E+00
   0.33623E+00   0.61405E+00
   0.32860E+00   0.62352E+00
   0.32125E+00   0.63277E+00
   0.31414E+00   0.64190E+00
   0.30728E+00   0.65100E+00
   0.30064E+00   0.66005E+00
   0.29422E+00   0.66892E+00
   0.28799E+00   0.67767E+00
   0.28197E+00   0.68630E+00
   0.27612E+00   0.69483E+00
   0.27044E+00   0.70325E+00
   0.26492E+00   0.71156E+00
   0.25955E+00   0.71973E+00
   0.25433E+00   0.72774E+00
   0.24924E+00   0.73549E+00
   0.24428E+00   0.74303E+00
   0.23943E+00   0.75045E+00
   0.23470E+00   0.75782E+00
   0.23007E+00   0.76518E+00
   0.22554E+00   0.77246E+00
   0.22110E+00   0.77963E+00
   0.21675E+00   0.78658E+00
   0.21248E+00   0.79323E+00
   0.20829E+00   0.79952E+00
   0.20416E+00   0.80551E+00
   0.20011E+00   0.81126E+00
   0.19611E+00   0.81683E+00
   0.19218E+00   0.82233E+00
   0.18830E+00   0.82779E+00
   0.18448E+00   0.83325E+00
   0.18070E+00   0.83873E+00
   0.17696E+00   0.84420E+00
   0.17327E+00   0.84967E+00
   0.16962E+00   0.85521E+00
   0.16601E+00   0.86091E+00
   0.16243E+00   0.86688E+00
   0.15888E+00   0.87320E+00
   0.15536E+00   0.87993E+00
   0.15187E+00   0.88707E+00
   0.14841E+00   0.89456E+00
   0.14498E+00   0.90224E+00
   0.14156E+00   0.91001E+00
   0.13817E+00   0.91777E+00
   0.13480E+00   0.92544E+00
   0.13145E+00   0.93292E+00
   0.12811E+00   0.94004E+00
   0.12480E+00   0.94669E+00
   0.12150E+00   0.95271E+00
   0.11821E+00   0.95811E+00
   0.11493E+00   0.96288E+00
   0.11167E+00   0.96705E+00
   0.10842E+00   0.97065E+00
   0.10519E+00   0.97377E+00
   0.10196E+00   0.97649E+00
   0.98741E-01   0.97887E+00
   0.95532E-01   0.98088E+00
   0.92332E-01   0.98236E+00
   0.89139E-01   0.98313E+00
   0.85954E-01   0.98291E+00
   0.82776E-01   0.98149E+00
   0.79605E-01   0.97887E+00
   0.76439E-01   0.97499E+00
   0.73279E-01   0.96974E+00
   0.70125E-01   0.96295E+00
   0.66975E-01   0.95425E+00
   0.63830E-01   0.94322E+00
   0.60689E-01   0.92919E+00
   0.57552E-01   0.91142E+00
   0.54419E-01   0.88889E+00
   0.51290E-01   0.86047E+00
   0.48164E-01   0.82507E+00
   0.45041E-01   0.78168E+00
   0.41921E-01   0.72951E+00
   0.38803E-01   0.66784E+00
   0.35688E-01   0.59667E+00
   0.32575E-01   0.51656E+00
   0.29465E-01   0.42910E+00
   0.26356E-01   0.33731E+00
   0.23250E-01   0.24746E+00
   0.20145E-01   0.16706E+00
   0.17042E-01   0.10227E+00
   0.13940E-01   0.55808E-01
   0.10840E-01   0.26299E-01
   0.77416E-02   0.10053E-01
   0.46441E-02   0.26540E-02
   0.15479E-02   0.32740E-03
