   0.98805E+00   0.44406E-02
   0.96417E+00   0.13362E-01
   0.94036E+00   0.23558E-01
   0.91667E+00   0.34109E-01
   0.89314E+00   0.45071E-01
   0.86983E+00   0.56675E-01
   0.84677E+00   0.68639E-01
   0.82400E+00   0.80660E-01
   0.80156E+00   0.92715E-01
   0.77949E+00   0.10503E+00
   0.75782E+00   0.11740E+00
   0.73658E+00   0.12933E+00
   0.71579E+00   0.14067E+00
   0.69548E+00   0.15159E+00
   0.67566E+00   0.16266E+00
   0.65636E+00   0.17397E+00
   0.63758E+00   0.18510E+00
   0.61934E+00   0.19594E+00
   0.60163E+00   0.20625E+00
   0.58448E+00   0.21643E+00
   0.56786E+00   0.22694E+00
   0.55179E+00   0.23785E+00
   0.53626E+00   0.24919E+00
   0.52126E+00   0.26069E+00
   0.50679E+00   0.27219E+00
   0.49284E+00   0.28368E+00
   0.47939E+00   0.29502E+00
   0.46643E+00   0.30593E+00
   0.45396E+00   0.31618E+00
   0.44195E+00   0.32577E+00
   0.43040E+00   0.33497E+00
   0.41928E+00   0.34412E+00
   0.40858E+00   0.35337E+00
   0.39828E+00   0.36272E+00
   0.38838E+00   0.37199E+00
   0.37885E+00   0.38089E+00
   0.36967E+00   0.38930E+00
   0.36084E+00   0.39731E+00
   0.35233E+00   0.40503E+00
   0.34413E+00   0.41252E+00
   0.33623E+00   0.41984E+00
   0.32860E+00   0.42702E+00
   0.32125E+00   0.43401E+00
   0.31414E+00   0.44074E+00
   0.30728E+00   0.44726E+00
   0.30064E+00   0.45366E+00
   0.29422E+00   0.46002E+00
   0.28799E+00   0.46643E+00
   0.28197E+00   0.47288E+00
   0.27612E+00   0.47935E+00
   0.27044E+00   0.48580E+00
   0.26492E+00   0.49218E+00
   0.25955E+00   0.49850E+00
   0.25433E+00   0.50475E+00
   0.24924E+00   0.51090E+00
   0.24428E+00   0.51692E+00
   0.23943E+00   0.52274E+00
   0.23470E+00   0.52838E+00
   0.23007E+00   0.53387E+00
   0.22554E+00   0.53922E+00
   0.22110E+00   0.54449E+00
   0.21675E+00   0.54969E+00
   0.21248E+00   0.55481E+00
   0.20829E+00   0.55983E+00
   0.20416E+00   0.56477E+00
   0.20011E+00   0.56965E+00
   0.19611E+00   0.57447E+00
   0.19218E+00   0.57925E+00
   0.18830E+00   0.58397E+00
   0.18448E+00   0.58859E+00
   0.18070E+00   0.59307E+00
   0.17696E+00   0.59740E+00
   0.17327E+00   0.60162E+00
   0.16962E+00   0.60578E+00
   0.16601E+00   0.60996E+00
   0.16243E+00   0.61423E+00
   0.15888E+00   0.61865E+00
   0.15536E+00   0.62324E+00
   0.15187E+00   0.62806E+00
   0.14841E+00   0.63313E+00
   0.14498E+00   0.63846E+00
   0.14156E+00   0.64400E+00
   0.13817E+00   0.64965E+00
   0.13480E+00   0.65533E+00
   0.13145E+00   0.66100E+00
   0.12811E+00   0.66660E+00
   0.12480E+00   0.67210E+00
   0.12150E+00   0.67745E+00
   0.11821E+00   0.68268E+00
   0.11493E+00   0.68783E+00
   0.11167E+00   0.69297E+00
   0.10842E+00   0.69811E+00
   0.10519E+00   0.70320E+00
   0.10196E+00   0.70812E+00
   0.98741E-01   0.71270E+00
   0.95532E-01   0.71672E+00
   0.92332E-01   0.71999E+00
   0.89139E-01   0.72246E+00
   0.85954E-01   0.72414E+00
   0.82776E-01   0.72486E+00
   0.79605E-01   0.72438E+00
   0.76439E-01   0.72247E+00
   0.73279E-01   0.71898E+00
   0.70125E-01   0.71379E+00
   0.66975E-01   0.70689E+00
   0.63830E-01   0.69838E+00
   0.60689E-01   0.68806E+00
   0.57552E-01   0.67523E+00
   0.54419E-01   0.65892E+00
   0.51290E-01   0.63825E+00
   0.48164E-01   0.61230E+00
   0.45041E-01   0.58020E+00
   0.41921E-01   0.54096E+00
   0.38803E-01   0.49376E+00
   0.35688E-01   0.43827E+00
   0.32575E-01   0.37498E+00
   0.29465E-01   0.30590E+00
   0.26356E-01   0.23455E+00
   0.23250E-01   0.16602E+00
   0.20145E-01   0.10635E+00
   0.17042E-01   0.60369E-01
   0.13940E-01   0.30789E-01
   0.10840E-01   0.14233E-01
   0.77416E-02   0.55255E-02
   0.46441E-02   0.15174E-02
   0.15479E-02   0.20169E-03
