   0.98805E+00   0.12946E-02
   0.96417E+00   0.32099E-02
   0.94036E+00   0.46045E-02
   0.91667E+00   0.57758E-02
   0.89314E+00   0.73486E-02
   0.86983E+00   0.94303E-02
   0.84677E+00   0.11917E-01
   0.82400E+00   0.14977E-01
   0.80156E+00   0.18710E-01
   0.77949E+00   0.22832E-01
   0.75782E+00   0.26860E-01
   0.73658E+00   0.31078E-01
   0.71579E+00   0.35851E-01
   0.69548E+00   0.41208E-01
   0.67566E+00   0.47132E-01
   0.65636E+00   0.53380E-01
   0.63758E+00   0.59881E-01
   0.61934E+00   0.67026E-01
   0.60163E+00   0.74960E-01
   0.58448E+00   0.83439E-01
   0.56786E+00   0.92250E-01
   0.55179E+00   0.10109E+00
   0.53626E+00   0.10992E+00
   0.52126E+00   0.11881E+00
   0.50679E+00   0.12806E+00
   0.49284E+00   0.13754E+00
   0.47939E+00   0.14713E+00
   0.46643E+00   0.15679E+00
   0.45396E+00   0.16658E+00
   0.44195E+00   0.17642E+00
   0.43040E+00   0.18626E+00
   0.41928E+00   0.19607E+00
   0.40858E+00   0.20573E+00
   0.39828E+00   0.21509E+00
   0.38838E+00   0.22423E+00
   0.37885E+00   0.23328E+00
   0.36967E+00   0.24232E+00
   0.36084E+00   0.25129E+00
   0.35233E+00   0.26021E+00
   0.34413E+00   0.26904E+00
   0.33623E+00   0.27778E+00
   0.32860E+00   0.28644E+00
   0.32125E+00   0.29510E+00
   0.31414E+00   0.30372E+00
   0.30728E+00   0.31225E+00
   0.30064E+00   0.32060E+00
   0.29422E+00   0.32874E+00
   0.28799E+00   0.33664E+00
   0.28197E+00   0.34432E+00
   0.27612E+00   0.35178E+00
   0.27044E+00   0.35908E+00
   0.26492E+00   0.36624E+00
   0.25955E+00   0.37326E+00
   0.25433E+00   0.38015E+00
   0.24924E+00   0.38694E+00
   0.24428E+00   0.39370E+00
   0.23943E+00   0.40044E+00
   0.23470E+00   0.40720E+00
   0.23007E+00   0.41399E+00
   0.22554E+00   0.42083E+00
   0.22110E+00   0.42773E+00
   0.21675E+00   0.43467E+00
   0.21248E+00   0.44160E+00
   0.20829E+00   0.44849E+00
   0.20416E+00   0.45534E+00
   0.20011E+00   0.46212E+00
   0.19611E+00   0.46881E+00
   0.19218E+00   0.47543E+00
   0.18830E+00   0.48196E+00
   0.18448E+00   0.48841E+00
   0.18070E+00   0.49479E+00
   0.17696E+00   0.50110E+00
   0.17327E+00   0.50734E+00
   0.16962E+00   0.51351E+00
   0.16601E+00   0.51960E+00
   0.16243E+00   0.52563E+00
   0.15888E+00   0.53160E+00
   0.15536E+00   0.53751E+00
   0.15187E+00   0.54340E+00
   0.14841E+00   0.54929E+00
   0.14498E+00   0.55518E+00
   0.14156E+00   0.56108E+00
   0.13817E+00   0.56695E+00
   0.13480E+00   0.57279E+00
   0.13145E+00   0.57859E+00
   0.12811E+00   0.58435E+00
   0.12480E+00   0.59007E+00
   0.12150E+00   0.59574E+00
   0.11821E+00   0.60133E+00
   0.11493E+00   0.60683E+00
   0.11167E+00   0.61222E+00
   0.10842E+00   0.61753E+00
   0.10519E+00   0.62275E+00
   0.10196E+00   0.62784E+00
   0.98741E-01   0.63281E+00
   0.95532E-01   0.63762E+00
   0.92332E-01   0.64225E+00
   0.89139E-01   0.64666E+00
   0.85954E-01   0.65082E+00
   0.82776E-01   0.65468E+00
   0.79605E-01   0.65822E+00
   0.76439E-01   0.66137E+00
   0.73279E-01   0.66405E+00
   0.70125E-01   0.66612E+00
   0.66975E-01   0.66742E+00
   0.63830E-01   0.66771E+00
   0.60689E-01   0.66675E+00
   0.57552E-01   0.66416E+00
   0.54419E-01   0.65961E+00
   0.51290E-01   0.65275E+00
   0.48164E-01   0.64312E+00
   0.45041E-01   0.63013E+00
   0.41921E-01   0.61302E+00
   0.38803E-01   0.59082E+00
   0.35688E-01   0.56239E+00
   0.32575E-01   0.52665E+00
   0.29465E-01   0.48241E+00
   0.26356E-01   0.42890E+00
   0.23250E-01   0.36578E+00
   0.20145E-01   0.29368E+00
   0.17042E-01   0.21557E+00
   0.13940E-01   0.13832E+00
   0.10840E-01   0.71818E-01
   0.77416E-02   0.26621E-01
   0.46441E-02   0.59327E-02
   0.15479E-02   0.62814E-03
