   0.98805E+00   0.63394E-02
   0.96417E+00   0.18965E-01
   0.94036E+00   0.33652E-01
   0.91667E+00   0.48776E-01
   0.89314E+00   0.62755E-01
   0.86983E+00   0.75381E-01
   0.84677E+00   0.87369E-01
   0.82400E+00   0.99467E-01
   0.80156E+00   0.11250E+00
   0.77949E+00   0.12694E+00
   0.75782E+00   0.14206E+00
   0.73658E+00   0.15680E+00
   0.71579E+00   0.17124E+00
   0.69548E+00   0.18625E+00
   0.67566E+00   0.20222E+00
   0.65636E+00   0.21800E+00
   0.63758E+00   0.23282E+00
   0.61934E+00   0.24674E+00
   0.60163E+00   0.26031E+00
   0.58448E+00   0.27368E+00
   0.56786E+00   0.28747E+00
   0.55179E+00   0.30230E+00
   0.53626E+00   0.31821E+00
   0.52126E+00   0.33449E+00
   0.50679E+00   0.35051E+00
   0.49284E+00   0.36604E+00
   0.47939E+00   0.38115E+00
   0.46643E+00   0.39572E+00
   0.45396E+00   0.40979E+00
   0.44195E+00   0.42328E+00
   0.43040E+00   0.43584E+00
   0.41928E+00   0.44765E+00
   0.40858E+00   0.45903E+00
   0.39828E+00   0.47030E+00
   0.38838E+00   0.48164E+00
   0.37885E+00   0.49305E+00
   0.36967E+00   0.50443E+00
   0.36084E+00   0.51566E+00
   0.35233E+00   0.52649E+00
   0.34413E+00   0.53688E+00
   0.33623E+00   0.54688E+00
   0.32860E+00   0.55640E+00
   0.32125E+00   0.56551E+00
   0.31414E+00   0.57431E+00
   0.30728E+00   0.58282E+00
   0.30064E+00   0.59123E+00
   0.29422E+00   0.59962E+00
   0.28799E+00   0.60800E+00
   0.28197E+00   0.61631E+00
   0.27612E+00   0.62453E+00
   0.27044E+00   0.63262E+00
   0.26492E+00   0.64068E+00
   0.25955E+00   0.64887E+00
   0.25433E+00   0.65723E+00
   0.24924E+00   0.66571E+00
   0.24428E+00   0.67421E+00
   0.23943E+00   0.68266E+00
   0.23470E+00   0.69098E+00
   0.23007E+00   0.69922E+00
   0.22554E+00   0.70743E+00
   0.22110E+00   0.71563E+00
   0.21675E+00   0.72380E+00
   0.21248E+00   0.73195E+00
   0.20829E+00   0.74000E+00
   0.20416E+00   0.74791E+00
   0.20011E+00   0.75559E+00
   0.19611E+00   0.76297E+00
   0.19218E+00   0.77004E+00
   0.18830E+00   0.77683E+00
   0.18448E+00   0.78340E+00
   0.18070E+00   0.78988E+00
   0.17696E+00   0.79639E+00
   0.17327E+00   0.80298E+00
   0.16962E+00   0.80966E+00
   0.16601E+00   0.81643E+00
   0.16243E+00   0.82327E+00
   0.15888E+00   0.83004E+00
   0.15536E+00   0.83667E+00
   0.15187E+00   0.84304E+00
   0.14841E+00   0.84911E+00
   0.14498E+00   0.85488E+00
   0.14156E+00   0.86050E+00
   0.13817E+00   0.86611E+00
   0.13480E+00   0.87186E+00
   0.13145E+00   0.87789E+00
   0.12811E+00   0.88421E+00
   0.12480E+00   0.89072E+00
   0.12150E+00   0.89735E+00
   0.11821E+00   0.90401E+00
   0.11493E+00   0.91063E+00
   0.11167E+00   0.91715E+00
   0.10842E+00   0.92351E+00
   0.10519E+00   0.92966E+00
   0.10196E+00   0.93546E+00
   0.98741E-01   0.94070E+00
   0.95532E-01   0.94519E+00
   0.92332E-01   0.94884E+00
   0.89139E-01   0.95160E+00
   0.85954E-01   0.95355E+00
   0.82776E-01   0.95477E+00
   0.79605E-01   0.95515E+00
   0.76439E-01   0.95429E+00
   0.73279E-01   0.95171E+00
   0.70125E-01   0.94693E+00
   0.66975E-01   0.93955E+00
   0.63830E-01   0.92914E+00
   0.60689E-01   0.91504E+00
   0.57552E-01   0.89678E+00
   0.54419E-01   0.87381E+00
   0.51290E-01   0.84502E+00
   0.48164E-01   0.80884E+00
   0.45041E-01   0.76377E+00
   0.41921E-01   0.70898E+00
   0.38803E-01   0.64393E+00
   0.35688E-01   0.56931E+00
   0.32575E-01   0.48729E+00
   0.29465E-01   0.39997E+00
   0.26356E-01   0.31144E+00
   0.23250E-01   0.22751E+00
   0.20145E-01   0.15364E+00
   0.17042E-01   0.94682E-01
   0.13940E-01   0.52347E-01
   0.10840E-01   0.25266E-01
   0.77416E-02   0.98797E-02
   0.46441E-02   0.26455E-02
   0.15479E-02   0.33639E-03
