   0.98805E+00   0.23952E-05
   0.96417E+00   0.45505E-04
   0.94036E+00   0.15057E-03
   0.91667E+00   0.27520E-03
   0.89314E+00   0.37317E-03
   0.86983E+00   0.46087E-03
   0.84677E+00   0.59442E-03
   0.82400E+00   0.83380E-03
   0.80156E+00   0.12062E-02
   0.77949E+00   0.16812E-02
   0.75782E+00   0.22510E-02
   0.73658E+00   0.29655E-02
   0.71579E+00   0.38505E-02
   0.69548E+00   0.48600E-02
   0.67566E+00   0.60282E-02
   0.65636E+00   0.74642E-02
   0.63758E+00   0.92684E-02
   0.61934E+00   0.11486E-01
   0.60163E+00   0.14217E-01
   0.58448E+00   0.17606E-01
   0.56786E+00   0.21574E-01
   0.55179E+00   0.25958E-01
   0.53626E+00   0.30680E-01
   0.52126E+00   0.35709E-01
   0.50679E+00   0.41100E-01
   0.49284E+00   0.46813E-01
   0.47939E+00   0.52849E-01
   0.46643E+00   0.59173E-01
   0.45396E+00   0.65671E-01
   0.44195E+00   0.72262E-01
   0.43040E+00   0.78876E-01
   0.41928E+00   0.85473E-01
   0.40858E+00   0.92140E-01
   0.39828E+00   0.98997E-01
   0.38838E+00   0.10619E+00
   0.37885E+00   0.11375E+00
   0.36967E+00   0.12162E+00
   0.36084E+00   0.12979E+00
   0.35233E+00   0.13820E+00
   0.34413E+00   0.14681E+00
   0.33623E+00   0.15564E+00
   0.32860E+00   0.16463E+00
   0.32125E+00   0.17370E+00
   0.31414E+00   0.18274E+00
   0.30728E+00   0.19172E+00
   0.30064E+00   0.20065E+00
   0.29422E+00   0.20949E+00
   0.28799E+00   0.21821E+00
   0.28197E+00   0.22680E+00
   0.27612E+00   0.23527E+00
   0.27044E+00   0.24364E+00
   0.26492E+00   0.25189E+00
   0.25955E+00   0.26005E+00
   0.25433E+00   0.26808E+00
   0.24924E+00   0.27599E+00
   0.24428E+00   0.28382E+00
   0.23943E+00   0.29160E+00
   0.23470E+00   0.29933E+00
   0.23007E+00   0.30704E+00
   0.22554E+00   0.31470E+00
   0.22110E+00   0.32235E+00
   0.21675E+00   0.32998E+00
   0.21248E+00   0.33760E+00
   0.20829E+00   0.34524E+00
   0.20416E+00   0.35290E+00
   0.20011E+00   0.36059E+00
   0.19611E+00   0.36832E+00
   0.19218E+00   0.37606E+00
   0.18830E+00   0.38381E+00
   0.18448E+00   0.39157E+00
   0.18070E+00   0.39936E+00
   0.17696E+00   0.40715E+00
   0.17327E+00   0.41497E+00
   0.16962E+00   0.42282E+00
   0.16601E+00   0.43068E+00
   0.16243E+00   0.43856E+00
   0.15888E+00   0.44645E+00
   0.15536E+00   0.45433E+00
   0.15187E+00   0.46222E+00
   0.14841E+00   0.47011E+00
   0.14498E+00   0.47801E+00
   0.14156E+00   0.48593E+00
   0.13817E+00   0.49387E+00
   0.13480E+00   0.50184E+00
   0.13145E+00   0.50981E+00
   0.12811E+00   0.51781E+00
   0.12480E+00   0.52582E+00
   0.12150E+00   0.53385E+00
   0.11821E+00   0.54189E+00
   0.11493E+00   0.54995E+00
   0.11167E+00   0.55802E+00
   0.10842E+00   0.56611E+00
   0.10519E+00   0.57420E+00
   0.10196E+00   0.58225E+00
   0.98741E-01   0.59019E+00
   0.95532E-01   0.59799E+00
   0.92332E-01   0.60562E+00
   0.89139E-01   0.61303E+00
   0.85954E-01   0.62017E+00
   0.82776E-01   0.62699E+00
   0.79605E-01   0.63342E+00
   0.76439E-01   0.63938E+00
   0.73279E-01   0.64481E+00
   0.70125E-01   0.64962E+00
   0.66975E-01   0.65371E+00
   0.63830E-01   0.65700E+00
   0.60689E-01   0.65927E+00
   0.57552E-01   0.66027E+00
   0.54419E-01   0.65967E+00
   0.51290E-01   0.65703E+00
   0.48164E-01   0.65181E+00
   0.45041E-01   0.64343E+00
   0.41921E-01   0.63120E+00
   0.38803E-01   0.61425E+00
   0.35688E-01   0.59149E+00
   0.32575E-01   0.56169E+00
   0.29465E-01   0.52360E+00
   0.26356E-01   0.47603E+00
   0.23250E-01   0.41816E+00
   0.20145E-01   0.34974E+00
   0.17042E-01   0.27190E+00
   0.13940E-01   0.18841E+00
   0.10840E-01   0.10809E+00
   0.77416E-02   0.44776E-01
   0.46441E-02   0.10271E-01
   0.15479E-02   0.91080E-03
