   0.19711E+03   0.33782E-03   0.66844E-03   0.33821E-03   0.54287E-03
   0.19235E+03   0.95350E-03   0.12415E-02   0.95411E-03   0.15416E-02
   0.18762E+03   0.15482E-02   0.18562E-02   0.15490E-02   0.24438E-02
   0.18292E+03   0.22770E-02   0.27020E-02   0.22780E-02   0.33618E-02
   0.17826E+03   0.32433E-02   0.37886E-02   0.32445E-02   0.43788E-02
   0.17365E+03   0.43728E-02   0.49588E-02   0.43741E-02   0.54458E-02
   0.16910E+03   0.54962E-02   0.60335E-02   0.54977E-02   0.64380E-02
   0.16461E+03   0.64762E-02   0.69193E-02   0.64779E-02   0.72407E-02
   0.16019E+03   0.72774E-02   0.76371E-02   0.72790E-02   0.78432E-02
   0.15585E+03   0.79451E-02   0.82547E-02   0.79466E-02   0.83144E-02
   0.15159E+03   0.85059E-02   0.87567E-02   0.85073E-02   0.87016E-02
   0.14742E+03   0.89419E-02   0.91264E-02   0.89431E-02   0.90046E-02
   0.14334E+03   0.92669E-02   0.94084E-02   0.92679E-02   0.92385E-02
   0.13935E+03   0.95401E-02   0.96741E-02   0.95407E-02   0.94587E-02
   0.13547E+03   0.98065E-02   0.99394E-02   0.98066E-02   0.97073E-02
   0.13168E+03   0.10077E-01   0.10215E-01   0.10077E-01   0.99884E-02
   0.12800E+03   0.10348E-01   0.10481E-01   0.10346E-01   0.10288E-01
   0.12443E+03   0.10604E-01   0.10727E-01   0.10602E-01   0.10587E-01
   0.12095E+03   0.10831E-01   0.10936E-01   0.10828E-01   0.10867E-01
   0.11759E+03   0.11009E-01   0.11086E-01   0.11006E-01   0.11110E-01
   0.11434E+03   0.11130E-01   0.11179E-01   0.11127E-01   0.11301E-01
   0.11119E+03   0.11209E-01   0.11242E-01   0.11205E-01   0.11444E-01
   0.10815E+03   0.11255E-01   0.11271E-01   0.11251E-01   0.11538E-01
   0.10521E+03   0.11263E-01   0.11258E-01   0.11258E-01   0.11577E-01
   0.10237E+03   0.11233E-01   0.11212E-01   0.11228E-01   0.11562E-01
   0.99635E+02   0.11179E-01   0.11149E-01   0.11173E-01   0.11500E-01
   0.96996E+02   0.11121E-01   0.11094E-01   0.11114E-01   0.11403E-01
   0.94452E+02   0.11073E-01   0.11052E-01   0.11066E-01   0.11286E-01
   0.92001E+02   0.11034E-01   0.11015E-01   0.11026E-01   0.11160E-01
   0.89640E+02   0.10994E-01   0.10973E-01   0.10985E-01   0.11031E-01
   0.87367E+02   0.10957E-01   0.10942E-01   0.10947E-01   0.10915E-01
   0.85180E+02   0.10941E-01   0.10940E-01   0.10930E-01   0.10830E-01
   0.83074E+02   0.10955E-01   0.10969E-01   0.10943E-01   0.10786E-01
   0.81048E+02   0.10994E-01   0.11018E-01   0.10982E-01   0.10777E-01
   0.79096E+02   0.11045E-01   0.11070E-01   0.11032E-01   0.10787E-01
   0.77218E+02   0.11085E-01   0.11100E-01   0.11072E-01   0.10802E-01
   0.75408E+02   0.11097E-01   0.11094E-01   0.11083E-01   0.10806E-01
   0.73666E+02   0.11071E-01   0.11047E-01   0.11055E-01   0.10786E-01
   0.71986E+02   0.11003E-01   0.10960E-01   0.10986E-01   0.10733E-01
   0.70368E+02   0.10899E-01   0.10840E-01   0.10881E-01   0.10645E-01
   0.68808E+02   0.10766E-01   0.10695E-01   0.10746E-01   0.10525E-01
   0.67304E+02   0.10614E-01   0.10536E-01   0.10593E-01   0.10380E-01
   0.65851E+02   0.10448E-01   0.10362E-01   0.10425E-01   0.10218E-01
   0.64448E+02   0.10268E-01   0.10175E-01   0.10242E-01   0.10040E-01
   0.63092E+02   0.10074E-01   0.99751E-02   0.10047E-01   0.98480E-02
   0.61780E+02   0.98691E-02   0.97638E-02   0.98390E-02   0.96417E-02
   0.60510E+02   0.96530E-02   0.95435E-02   0.96205E-02   0.94220E-02
   0.59281E+02   0.94296E-02   0.93173E-02   0.93946E-02   0.91917E-02
   0.58089E+02   0.92020E-02   0.90881E-02   0.91644E-02   0.89531E-02
   0.56933E+02   0.89731E-02   0.88589E-02   0.89329E-02   0.87082E-02
   0.55810E+02   0.87441E-02   0.86296E-02   0.87012E-02   0.84574E-02
   0.54719E+02   0.85146E-02   0.83997E-02   0.84690E-02   0.82002E-02
   0.53657E+02   0.82823E-02   0.81654E-02   0.82340E-02   0.79346E-02
   0.52624E+02   0.80431E-02   0.79222E-02   0.79920E-02   0.76575E-02
   0.51617E+02   0.77927E-02   0.76654E-02   0.77388E-02   0.73654E-02
   0.50634E+02   0.75264E-02   0.73899E-02   0.74695E-02   0.70541E-02
   0.49675E+02   0.72411E-02   0.70951E-02   0.71811E-02   0.67208E-02
   0.48737E+02   0.69365E-02   0.67807E-02   0.68731E-02   0.63660E-02
   0.47820E+02   0.66120E-02   0.64463E-02   0.65451E-02   0.59917E-02
   0.46923E+02   0.62686E-02   0.60939E-02   0.61980E-02   0.56020E-02
   0.46043E+02   0.59079E-02   0.57251E-02   0.58334E-02   0.52011E-02
   0.45181E+02   0.55327E-02   0.53439E-02   0.54541E-02   0.47934E-02
   0.44334E+02   0.51479E-02   0.49556E-02   0.50650E-02   0.43829E-02
   0.43503E+02   0.47574E-02   0.45628E-02   0.46698E-02   0.39724E-02
   0.42686E+02   0.43641E-02   0.41692E-02   0.42717E-02   0.35641E-02
   0.41882E+02   0.39720E-02   0.37790E-02   0.38745E-02   0.31618E-02
   0.41090E+02   0.35849E-02   0.33954E-02   0.34819E-02   0.27696E-02
   0.40310E+02   0.32064E-02   0.30224E-02   0.30978E-02   0.23908E-02
   0.39541E+02   0.28400E-02   0.26633E-02   0.27257E-02   0.20284E-02
   0.38782E+02   0.24891E-02   0.23208E-02   0.23688E-02   0.16848E-02
   0.38033E+02   0.21558E-02   0.19972E-02   0.20292E-02   0.13623E-02
   0.37292E+02   0.18431E-02   0.16960E-02   0.17100E-02   0.10631E-02
   0.36560E+02   0.15527E-02   0.14163E-02   0.14125E-02   0.78890E-03
   0.35836E+02   0.12838E-02   0.11581E-02   0.11361E-02   0.53920E-03
   0.35120E+02   0.10359E-02   0.92070E-03   0.88036E-03   0.31383E-03
   0.34411E+02   0.80828E-03   0.70304E-03   0.64444E-03   0.11241E-03
   0.33708E+02   0.60065E-03   0.50623E-03   0.42801E-03  -0.65746E-04
   0.33012E+02   0.41384E-03   0.33012E-03   0.23183E-03  -0.22057E-03
   0.32322E+02   0.24880E-03   0.17664E-03   0.56779E-04  -0.35149E-03
   0.31637E+02   0.10672E-03   0.46207E-04  -0.95938E-04  -0.45926E-03
   0.30957E+02  -0.12637E-04  -0.61657E-04  -0.22644E-03  -0.54633E-03
   0.30283E+02  -0.11084E-03  -0.14921E-03  -0.33626E-03  -0.61555E-03
   0.29613E+02  -0.18913E-03  -0.21694E-03  -0.42679E-03  -0.66874E-03
   0.28947E+02  -0.24785E-03  -0.26587E-03  -0.49858E-03  -0.70777E-03
   0.28285E+02  -0.28902E-03  -0.29821E-03  -0.55364E-03  -0.73542E-03
   0.27627E+02  -0.31517E-03  -0.31670E-03  -0.59441E-03  -0.75394E-03
   0.26973E+02  -0.32855E-03  -0.32331E-03  -0.62334E-03  -0.76588E-03
   0.26322E+02  -0.33157E-03  -0.32120E-03  -0.64297E-03  -0.77330E-03
   0.25675E+02  -0.32570E-03  -0.31028E-03  -0.65488E-03  -0.77683E-03
   0.25031E+02  -0.31338E-03  -0.29560E-03  -0.66158E-03  -0.77762E-03
   0.24390E+02  -0.30000E-03  -0.28292E-03  -0.66868E-03  -0.77925E-03
   0.23752E+02  -0.29271E-03  -0.27999E-03  -0.68343E-03  -0.78745E-03
   0.23117E+02  -0.29561E-03  -0.28701E-03  -0.70996E-03  -0.80596E-03
   0.22486E+02  -0.30861E-03  -0.30305E-03  -0.74835E-03  -0.83551E-03
   0.21857E+02  -0.32596E-03  -0.31955E-03  -0.79316E-03  -0.87358E-03
   0.21232E+02  -0.34199E-03  -0.33329E-03  -0.83852E-03  -0.91766E-03
   0.20610E+02  -0.35756E-03  -0.34897E-03  -0.88498E-03  -0.96770E-03
   0.19991E+02  -0.37411E-03  -0.36603E-03  -0.93391E-03  -0.10235E-02
   0.19376E+02  -0.39335E-03  -0.38663E-03  -0.98644E-03  -0.10850E-02
   0.18764E+02  -0.41637E-03  -0.41048E-03  -0.10433E-02  -0.11511E-02
   0.18156E+02  -0.44140E-03  -0.43614E-03  -0.11029E-02  -0.12192E-02
   0.17552E+02  -0.46773E-03  -0.46319E-03  -0.11641E-02  -0.12870E-02
   0.16952E+02  -0.49422E-03  -0.48967E-03  -0.12255E-02  -0.13524E-02
   0.16357E+02  -0.51896E-03  -0.51401E-03  -0.12848E-02  -0.14118E-02
   0.15767E+02  -0.53939E-03  -0.53152E-03  -0.13386E-02  -0.14584E-02
   0.15182E+02  -0.55059E-03  -0.54140E-03  -0.13812E-02  -0.14874E-02
   0.14603E+02  -0.55017E-03  -0.53879E-03  -0.14098E-02  -0.15018E-02
   0.14028E+02  -0.53867E-03  -0.53372E-03  -0.14247E-02  -0.15042E-02
   0.13458E+02  -0.52989E-03  -0.54188E-03  -0.14394E-02  -0.15041E-02
   0.12892E+02  -0.52967E-03  -0.56254E-03  -0.14587E-02  -0.15120E-02
   0.12330E+02  -0.54151E-03  -0.60048E-03  -0.14834E-02  -0.15268E-02
   0.11768E+02  -0.56752E-03  -0.65817E-03  -0.15136E-02  -0.15433E-02
   0.11205E+02  -0.61517E-03  -0.74822E-03  -0.15543E-02  -0.15612E-02
   0.10635E+02  -0.67541E-03  -0.83681E-03  -0.15941E-02  -0.15619E-02
   0.10053E+02  -0.72713E-03  -0.91789E-03  -0.16092E-02  -0.15203E-02
   0.94480E+01  -0.76923E-03  -0.96216E-03  -0.15928E-02  -0.14375E-02
   0.88053E+01  -0.76720E-03  -0.90645E-03  -0.15059E-02  -0.13006E-02
   0.81042E+01  -0.70448E-03  -0.76429E-03  -0.13357E-02  -0.11144E-02
   0.73230E+01  -0.63677E-03  -0.61056E-03  -0.11414E-02  -0.92584E-03
   0.64494E+01  -0.59753E-03  -0.47698E-03  -0.96436E-03  -0.74997E-03
   0.54913E+01  -0.52558E-03  -0.33150E-03  -0.76523E-03  -0.56798E-03
   0.44810E+01  -0.39190E-03  -0.21461E-03  -0.53287E-03  -0.38550E-03
   0.34564E+01  -0.25224E-03  -0.12909E-03  -0.32411E-03  -0.23421E-03
   0.24414E+01  -0.14561E-03  -0.65116E-04  -0.17463E-03  -0.13082E-03
   0.14463E+01  -0.66918E-04  -0.19933E-04  -0.75057E-04  -0.60893E-04
   0.47567E+00  -0.16740E-04   0.00000E+00  -0.17940E-04  -0.15946E-04
