   0.30137E+03   0.20057E+03   0.98805E+00   0.16084E+02   0.16086E+02   0.74123E+01   0.74133E+01   0.21572E+02   0.85636E+01   0.15724E+02
   0.29408E+03   0.19575E+03   0.96417E+00   0.16087E+02   0.16089E+02   0.74136E+01   0.74147E+01   0.21572E+02   0.85636E+01   0.15725E+02
   0.28682E+03   0.19095E+03   0.94036E+00   0.16093E+02   0.16095E+02   0.74164E+01   0.74175E+01   0.21574E+02   0.85690E+01   0.15728E+02
   0.27960E+03   0.18618E+03   0.91667E+00   0.16102E+02   0.16104E+02   0.74205E+01   0.74216E+01   0.21579E+02   0.85770E+01   0.15734E+02
   0.27242E+03   0.18145E+03   0.89314E+00   0.16112E+02   0.16115E+02   0.74255E+01   0.74267E+01   0.21585E+02   0.85867E+01   0.15740E+02
   0.26531E+03   0.17677E+03   0.86983E+00   0.16125E+02   0.16128E+02   0.74311E+01   0.74324E+01   0.21591E+02   0.85977E+01   0.15747E+02
   0.25827E+03   0.17215E+03   0.84677E+00   0.16138E+02   0.16141E+02   0.74372E+01   0.74386E+01   0.21596E+02   0.86096E+01   0.15755E+02
   0.25133E+03   0.16760E+03   0.82400E+00   0.16152E+02   0.16156E+02   0.74439E+01   0.74453E+01   0.21601E+02   0.86226E+01   0.15762E+02
   0.24449E+03   0.16312E+03   0.80156E+00   0.16169E+02   0.16172E+02   0.74513E+01   0.74529E+01   0.21606E+02   0.86372E+01   0.15771E+02
   0.23775E+03   0.15872E+03   0.77949E+00   0.16187E+02   0.16191E+02   0.74598E+01   0.74615E+01   0.21614E+02   0.86538E+01   0.15781E+02
   0.23115E+03   0.15440E+03   0.75782E+00   0.16208E+02   0.16212E+02   0.74696E+01   0.74714E+01   0.21623E+02   0.86728E+01   0.15793E+02
   0.22467E+03   0.15017E+03   0.73658E+00   0.16232E+02   0.16236E+02   0.74806E+01   0.74826E+01   0.21634E+02   0.86943E+01   0.15807E+02
   0.21833E+03   0.14604E+03   0.71579E+00   0.16259E+02   0.16263E+02   0.74928E+01   0.74950E+01   0.21646E+02   0.87182E+01   0.15822E+02
   0.21213E+03   0.14201E+03   0.69548E+00   0.16288E+02   0.16293E+02   0.75062E+01   0.75086E+01   0.21659E+02   0.87442E+01   0.15838E+02
   0.20609E+03   0.13808E+03   0.67566E+00   0.16319E+02   0.16325E+02   0.75206E+01   0.75232E+01   0.21674E+02   0.87723E+01   0.15856E+02
   0.20020E+03   0.13426E+03   0.65636E+00   0.16352E+02   0.16358E+02   0.75359E+01   0.75388E+01   0.21690E+02   0.88020E+01   0.15876E+02
   0.19447E+03   0.13054E+03   0.63758E+00   0.16387E+02   0.16394E+02   0.75518E+01   0.75550E+01   0.21707E+02   0.88330E+01   0.15896E+02
   0.18891E+03   0.12692E+03   0.61934E+00   0.16422E+02   0.16430E+02   0.75683E+01   0.75718E+01   0.21723E+02   0.88651E+01   0.15916E+02
   0.18351E+03   0.12342E+03   0.60163E+00   0.16459E+02   0.16467E+02   0.75853E+01   0.75891E+01   0.21740E+02   0.88981E+01   0.15937E+02
   0.17827E+03   0.12002E+03   0.58448E+00   0.16497E+02   0.16506E+02   0.76027E+01   0.76069E+01   0.21757E+02   0.89320E+01   0.15959E+02
   0.17320E+03   0.11673E+03   0.56786E+00   0.16536E+02   0.16545E+02   0.76204E+01   0.76250E+01   0.21776E+02   0.89665E+01   0.15981E+02
   0.16830E+03   0.11354E+03   0.55179E+00   0.16575E+02   0.16585E+02   0.76384E+01   0.76434E+01   0.21795E+02   0.90015E+01   0.16003E+02
   0.16357E+03   0.11046E+03   0.53626E+00   0.16614E+02   0.16626E+02   0.76566E+01   0.76620E+01   0.21814E+02   0.90368E+01   0.16026E+02
   0.15899E+03   0.10748E+03   0.52126E+00   0.16654E+02   0.16666E+02   0.76749E+01   0.76806E+01   0.21834E+02   0.90722E+01   0.16050E+02
   0.15458E+03   0.10460E+03   0.50679E+00   0.16693E+02   0.16707E+02   0.76932E+01   0.76993E+01   0.21853E+02   0.91077E+01   0.16072E+02
   0.15032E+03   0.10183E+03   0.49284E+00   0.16733E+02   0.16747E+02   0.77115E+01   0.77180E+01   0.21870E+02   0.91433E+01   0.16094E+02
   0.14622E+03   0.99161E+02   0.47939E+00   0.16773E+02   0.16788E+02   0.77299E+01   0.77368E+01   0.21887E+02   0.91789E+01   0.16116E+02
   0.14227E+03   0.96591E+02   0.46643E+00   0.16813E+02   0.16829E+02   0.77484E+01   0.77556E+01   0.21903E+02   0.92147E+01   0.16137E+02
   0.13846E+03   0.94117E+02   0.45396E+00   0.16853E+02   0.16870E+02   0.77669E+01   0.77746E+01   0.21918E+02   0.92506E+01   0.16158E+02
   0.13480E+03   0.91735E+02   0.44195E+00   0.16894E+02   0.16912E+02   0.77856E+01   0.77938E+01   0.21932E+02   0.92867E+01   0.16179E+02
   0.13128E+03   0.89442E+02   0.43040E+00   0.16935E+02   0.16953E+02   0.78043E+01   0.78130E+01   0.21947E+02   0.93229E+01   0.16200E+02
   0.12788E+03   0.87235E+02   0.41928E+00   0.16975E+02   0.16995E+02   0.78230E+01   0.78321E+01   0.21960E+02   0.93589E+01   0.16220E+02
   0.12462E+03   0.85110E+02   0.40858E+00   0.17015E+02   0.17036E+02   0.78414E+01   0.78510E+01   0.21974E+02   0.93946E+01   0.16240E+02
   0.12148E+03   0.83065E+02   0.39828E+00   0.17054E+02   0.17076E+02   0.78596E+01   0.78697E+01   0.21986E+02   0.94297E+01   0.16259E+02
   0.11846E+03   0.81095E+02   0.38838E+00   0.17093E+02   0.17116E+02   0.78775E+01   0.78881E+01   0.21997E+02   0.94641E+01   0.16277E+02
   0.11555E+03   0.79199E+02   0.37885E+00   0.17131E+02   0.17155E+02   0.78950E+01   0.79061E+01   0.22007E+02   0.94979E+01   0.16294E+02
   0.11275E+03   0.77372E+02   0.36967E+00   0.17169E+02   0.17194E+02   0.79122E+01   0.79238E+01   0.22016E+02   0.95310E+01   0.16311E+02
   0.11006E+03   0.75613E+02   0.36084E+00   0.17205E+02   0.17231E+02   0.79290E+01   0.79412E+01   0.22024E+02   0.95635E+01   0.16327E+02
   0.10746E+03   0.73918E+02   0.35233E+00   0.17241E+02   0.17268E+02   0.79455E+01   0.79582E+01   0.22030E+02   0.95953E+01   0.16342E+02
   0.10496E+03   0.72285E+02   0.34413E+00   0.17276E+02   0.17305E+02   0.79617E+01   0.79749E+01   0.22036E+02   0.96263E+01   0.16355E+02
   0.10255E+03   0.70710E+02   0.33623E+00   0.17310E+02   0.17340E+02   0.79775E+01   0.79912E+01   0.22040E+02   0.96567E+01   0.16368E+02
   0.10023E+03   0.69190E+02   0.32860E+00   0.17344E+02   0.17375E+02   0.79929E+01   0.80071E+01   0.22042E+02   0.96864E+01   0.16380E+02
   0.97984E+02   0.67723E+02   0.32125E+00   0.17376E+02   0.17408E+02   0.80080E+01   0.80227E+01   0.22044E+02   0.97153E+01   0.16392E+02
   0.95817E+02   0.66305E+02   0.31414E+00   0.17408E+02   0.17441E+02   0.80227E+01   0.80379E+01   0.22045E+02   0.97435E+01   0.16402E+02
   0.93723E+02   0.64935E+02   0.30728E+00   0.17439E+02   0.17474E+02   0.80370E+01   0.80528E+01   0.22044E+02   0.97709E+01   0.16411E+02
   0.91699E+02   0.63610E+02   0.30064E+00   0.17470E+02   0.17505E+02   0.80509E+01   0.80672E+01   0.22042E+02   0.97976E+01   0.16419E+02
   0.89739E+02   0.62327E+02   0.29422E+00   0.17499E+02   0.17535E+02   0.80644E+01   0.80812E+01   0.22038E+02   0.98234E+01   0.16426E+02
   0.87842E+02   0.61084E+02   0.28799E+00   0.17527E+02   0.17565E+02   0.80774E+01   0.80949E+01   0.22032E+02   0.98484E+01   0.16432E+02
   0.86003E+02   0.59880E+02   0.28197E+00   0.17555E+02   0.17594E+02   0.80901E+01   0.81080E+01   0.22025E+02   0.98726E+01   0.16437E+02
   0.84219E+02   0.58712E+02   0.27612E+00   0.17581E+02   0.17621E+02   0.81023E+01   0.81208E+01   0.22016E+02   0.98959E+01   0.16441E+02
   0.82487E+02   0.57578E+02   0.27044E+00   0.17607E+02   0.17648E+02   0.81141E+01   0.81332E+01   0.22006E+02   0.99185E+01   0.16443E+02
   0.80804E+02   0.56477E+02   0.26492E+00   0.17631E+02   0.17674E+02   0.81254E+01   0.81451E+01   0.21993E+02   0.99401E+01   0.16444E+02
   0.79167E+02   0.55405E+02   0.25955E+00   0.17655E+02   0.17699E+02   0.81363E+01   0.81566E+01   0.21979E+02   0.99610E+01   0.16443E+02
   0.77574E+02   0.54362E+02   0.25433E+00   0.17678E+02   0.17723E+02   0.81468E+01   0.81676E+01   0.21963E+02   0.99810E+01   0.16442E+02
   0.76022E+02   0.53345E+02   0.24924E+00   0.17699E+02   0.17746E+02   0.81569E+01   0.81782E+01   0.21946E+02   0.10000E+02   0.16439E+02
   0.74508E+02   0.52354E+02   0.24428E+00   0.17720E+02   0.17768E+02   0.81665E+01   0.81884E+01   0.21926E+02   0.10018E+02   0.16435E+02
   0.73030E+02   0.51386E+02   0.23943E+00   0.17740E+02   0.17789E+02   0.81756E+01   0.81982E+01   0.21905E+02   0.10036E+02   0.16430E+02
   0.71586E+02   0.50440E+02   0.23470E+00   0.17759E+02   0.17809E+02   0.81843E+01   0.82075E+01   0.21881E+02   0.10052E+02   0.16423E+02
   0.70174E+02   0.49516E+02   0.23007E+00   0.17777E+02   0.17829E+02   0.81926E+01   0.82164E+01   0.21856E+02   0.10068E+02   0.16415E+02
   0.68793E+02   0.48611E+02   0.22554E+00   0.17794E+02   0.17847E+02   0.82005E+01   0.82248E+01   0.21828E+02   0.10083E+02   0.16405E+02
   0.67439E+02   0.47725E+02   0.22110E+00   0.17810E+02   0.17864E+02   0.82079E+01   0.82329E+01   0.21798E+02   0.10097E+02   0.16394E+02
   0.66112E+02   0.46857E+02   0.21675E+00   0.17825E+02   0.17881E+02   0.82149E+01   0.82404E+01   0.21766E+02   0.10110E+02   0.16381E+02
   0.64809E+02   0.46004E+02   0.21248E+00   0.17839E+02   0.17896E+02   0.82214E+01   0.82475E+01   0.21732E+02   0.10123E+02   0.16367E+02
   0.63530E+02   0.45167E+02   0.20829E+00   0.17853E+02   0.17910E+02   0.82274E+01   0.82541E+01   0.21695E+02   0.10134E+02   0.16351E+02
   0.62272E+02   0.44344E+02   0.20416E+00   0.17864E+02   0.17924E+02   0.82329E+01   0.82602E+01   0.21656E+02   0.10144E+02   0.16334E+02
   0.61035E+02   0.43535E+02   0.20011E+00   0.17875E+02   0.17936E+02   0.82379E+01   0.82658E+01   0.21614E+02   0.10154E+02   0.16314E+02
   0.59818E+02   0.42738E+02   0.19611E+00   0.17885E+02   0.17947E+02   0.82424E+01   0.82708E+01   0.21570E+02   0.10162E+02   0.16293E+02
   0.58618E+02   0.41952E+02   0.19218E+00   0.17894E+02   0.17957E+02   0.82463E+01   0.82754E+01   0.21523E+02   0.10170E+02   0.16270E+02
   0.57435E+02   0.41178E+02   0.18830E+00   0.17901E+02   0.17965E+02   0.82497E+01   0.82793E+01   0.21473E+02   0.10176E+02   0.16245E+02
   0.56267E+02   0.40413E+02   0.18448E+00   0.17907E+02   0.17973E+02   0.82526E+01   0.82828E+01   0.21421E+02   0.10182E+02   0.16219E+02
   0.55115E+02   0.39658E+02   0.18070E+00   0.17912E+02   0.17979E+02   0.82549E+01   0.82857E+01   0.21366E+02   0.10186E+02   0.16190E+02
   0.53976E+02   0.38912E+02   0.17696E+00   0.17916E+02   0.17984E+02   0.82567E+01   0.82880E+01   0.21307E+02   0.10189E+02   0.16159E+02
   0.52850E+02   0.38175E+02   0.17327E+00   0.17919E+02   0.17988E+02   0.82579E+01   0.82897E+01   0.21246E+02   0.10192E+02   0.16126E+02
   0.51736E+02   0.37445E+02   0.16962E+00   0.17920E+02   0.17990E+02   0.82584E+01   0.82908E+01   0.21181E+02   0.10193E+02   0.16091E+02
   0.50634E+02   0.36723E+02   0.16601E+00   0.17920E+02   0.17991E+02   0.82583E+01   0.82912E+01   0.21112E+02   0.10192E+02   0.16053E+02
   0.49542E+02   0.36007E+02   0.16243E+00   0.17918E+02   0.17991E+02   0.82575E+01   0.82910E+01   0.21040E+02   0.10191E+02   0.16013E+02
   0.48460E+02   0.35299E+02   0.15888E+00   0.17915E+02   0.17989E+02   0.82560E+01   0.82901E+01   0.20963E+02   0.10188E+02   0.15969E+02
   0.47388E+02   0.34596E+02   0.15536E+00   0.17910E+02   0.17985E+02   0.82538E+01   0.82884E+01   0.20883E+02   0.10184E+02   0.15923E+02
   0.46324E+02   0.33899E+02   0.15187E+00   0.17903E+02   0.17980E+02   0.82509E+01   0.82860E+01   0.20798E+02   0.10178E+02   0.15874E+02
   0.45268E+02   0.33207E+02   0.14841E+00   0.17895E+02   0.17973E+02   0.82472E+01   0.82829E+01   0.20709E+02   0.10172E+02   0.15822E+02
   0.44220E+02   0.32519E+02   0.14498E+00   0.17886E+02   0.17964E+02   0.82427E+01   0.82790E+01   0.20615E+02   0.10163E+02   0.15767E+02
   0.43179E+02   0.31837E+02   0.14156E+00   0.17874E+02   0.17954E+02   0.82374E+01   0.82743E+01   0.20517E+02   0.10153E+02   0.15709E+02
   0.42144E+02   0.31158E+02   0.13817E+00   0.17861E+02   0.17942E+02   0.82313E+01   0.82687E+01   0.20414E+02   0.10142E+02   0.15647E+02
   0.41116E+02   0.30484E+02   0.13480E+00   0.17846E+02   0.17928E+02   0.82243E+01   0.82623E+01   0.20305E+02   0.10129E+02   0.15582E+02
   0.40094E+02   0.29813E+02   0.13145E+00   0.17829E+02   0.17912E+02   0.82164E+01   0.82550E+01   0.20191E+02   0.10115E+02   0.15512E+02
   0.39077E+02   0.29145E+02   0.12811E+00   0.17809E+02   0.17894E+02   0.82075E+01   0.82467E+01   0.20070E+02   0.10098E+02   0.15438E+02
   0.38065E+02   0.28481E+02   0.12480E+00   0.17788E+02   0.17874E+02   0.81975E+01   0.82374E+01   0.19943E+02   0.10080E+02   0.15360E+02
   0.37058E+02   0.27820E+02   0.12150E+00   0.17764E+02   0.17852E+02   0.81865E+01   0.82271E+01   0.19810E+02   0.10060E+02   0.15277E+02
   0.36055E+02   0.27162E+02   0.11821E+00   0.17738E+02   0.17827E+02   0.81744E+01   0.82156E+01   0.19669E+02   0.10037E+02   0.15189E+02
   0.35056E+02   0.26507E+02   0.11493E+00   0.17709E+02   0.17800E+02   0.81611E+01   0.82030E+01   0.19521E+02   0.10013E+02   0.15095E+02
   0.34062E+02   0.25854E+02   0.11167E+00   0.17677E+02   0.17770E+02   0.81465E+01   0.81892E+01   0.19364E+02   0.99865E+01   0.14995E+02
   0.33071E+02   0.25204E+02   0.10842E+00   0.17643E+02   0.17737E+02   0.81306E+01   0.81741E+01   0.19199E+02   0.99576E+01   0.14889E+02
   0.32083E+02   0.24556E+02   0.10519E+00   0.17605E+02   0.17701E+02   0.81133E+01   0.81576E+01   0.19023E+02   0.99262E+01   0.14776E+02
   0.31099E+02   0.23911E+02   0.10196E+00   0.17564E+02   0.17662E+02   0.80945E+01   0.81397E+01   0.18838E+02   0.98921E+01   0.14655E+02
   0.30117E+02   0.23268E+02   0.98741E-01   0.17520E+02   0.17620E+02   0.80741E+01   0.81201E+01   0.18641E+02   0.98552E+01   0.14526E+02
   0.29138E+02   0.22627E+02   0.95532E-01   0.17472E+02   0.17574E+02   0.80519E+01   0.80989E+01   0.18432E+02   0.98153E+01   0.14388E+02
   0.28162E+02   0.21989E+02   0.92332E-01   0.17420E+02   0.17524E+02   0.80278E+01   0.80759E+01   0.18210E+02   0.97722E+01   0.14239E+02
   0.27189E+02   0.21353E+02   0.89139E-01   0.17363E+02   0.17470E+02   0.80018E+01   0.80509E+01   0.17972E+02   0.97256E+01   0.14079E+02
   0.26217E+02   0.20720E+02   0.85954E-01   0.17302E+02   0.17411E+02   0.79735E+01   0.80238E+01   0.17718E+02   0.96753E+01   0.13907E+02
   0.25248E+02   0.20089E+02   0.82776E-01   0.17235E+02   0.17347E+02   0.79427E+01   0.79944E+01   0.17447E+02   0.96208E+01   0.13720E+02
   0.24280E+02   0.19462E+02   0.79605E-01   0.17162E+02   0.17277E+02   0.79093E+01   0.79623E+01   0.17156E+02   0.95619E+01   0.13518E+02
   0.23315E+02   0.18837E+02   0.76439E-01   0.17083E+02   0.17201E+02   0.78728E+01   0.79272E+01   0.16842E+02   0.94980E+01   0.13298E+02
   0.22351E+02   0.18215E+02   0.73279E-01   0.16997E+02   0.17118E+02   0.78329E+01   0.78887E+01   0.16503E+02   0.94283E+01   0.13058E+02
   0.21389E+02   0.17597E+02   0.70125E-01   0.16901E+02   0.17025E+02   0.77889E+01   0.78462E+01   0.16136E+02   0.93521E+01   0.12794E+02
   0.20428E+02   0.16982E+02   0.66975E-01   0.16795E+02   0.16923E+02   0.77401E+01   0.77988E+01   0.15737E+02   0.92682E+01   0.12504E+02
   0.19469E+02   0.16372E+02   0.63830E-01   0.16677E+02   0.16807E+02   0.76854E+01   0.77456E+01   0.15302E+02   0.91750E+01   0.12183E+02
   0.18511E+02   0.15765E+02   0.60689E-01   0.16543E+02   0.16676E+02   0.76239E+01   0.76853E+01   0.14828E+02   0.90711E+01   0.11827E+02
   0.17554E+02   0.15160E+02   0.57552E-01   0.16391E+02   0.16526E+02   0.75540E+01   0.76163E+01   0.14310E+02   0.89544E+01   0.11432E+02
   0.16599E+02   0.14557E+02   0.54419E-01   0.16218E+02   0.16354E+02   0.74742E+01   0.75366E+01   0.13746E+02   0.88227E+01   0.10995E+02
   0.15644E+02   0.13954E+02   0.51290E-01   0.16019E+02   0.16153E+02   0.73826E+01   0.74440E+01   0.13134E+02   0.86737E+01   0.10511E+02
   0.14691E+02   0.13347E+02   0.48164E-01   0.15790E+02   0.15918E+02   0.72770E+01   0.73357E+01   0.12474E+02   0.85045E+01   0.99798E+01
   0.13738E+02   0.12732E+02   0.45041E-01   0.15524E+02   0.15641E+02   0.71542E+01   0.72083E+01   0.11767E+02   0.83117E+01   0.93984E+01
   0.12786E+02   0.12103E+02   0.41921E-01   0.15212E+02   0.15314E+02   0.70106E+01   0.70574E+01   0.11014E+02   0.80909E+01   0.87678E+01
   0.11835E+02   0.11454E+02   0.38803E-01   0.14845E+02   0.14925E+02   0.68414E+01   0.68782E+01   0.10224E+02   0.78371E+01   0.80915E+01
   0.10885E+02   0.10772E+02   0.35688E-01   0.14410E+02   0.14462E+02   0.66409E+01   0.66649E+01   0.94056E+01   0.75447E+01   0.73767E+01
   0.99359E+01   0.10046E+02   0.32575E-01   0.13891E+02   0.13911E+02   0.64018E+01   0.64109E+01   0.85716E+01   0.72067E+01   0.66347E+01
   0.89872E+01   0.92630E+01   0.29465E-01   0.13270E+02   0.13257E+02   0.61156E+01   0.61095E+01   0.77384E+01   0.68158E+01   0.58821E+01
   0.80390E+01   0.84122E+01   0.26356E-01   0.12526E+02   0.12485E+02   0.57728E+01   0.57538E+01   0.69212E+01   0.63649E+01   0.51379E+01
   0.70915E+01   0.74926E+01   0.23250E-01   0.11640E+02   0.11582E+02   0.53645E+01   0.53374E+01   0.61286E+01   0.58482E+01   0.44195E+01
   0.61445E+01   0.65145E+01   0.20145E-01   0.10598E+02   0.10535E+02   0.48839E+01   0.48553E+01   0.53598E+01   0.52631E+01   0.37386E+01
   0.51980E+01   0.54979E+01   0.17042E-01   0.93920E+01   0.93386E+01   0.43283E+01   0.43037E+01   0.46047E+01   0.46111E+01   0.30988E+01
   0.42520E+01   0.44662E+01   0.13940E-01   0.80257E+01   0.79873E+01   0.36987E+01   0.36810E+01   0.38462E+01   0.38965E+01   0.24952E+01
   0.33064E+01   0.34380E+01   0.10840E-01   0.65040E+01   0.64809E+01   0.29974E+01   0.29868E+01   0.30674E+01   0.31238E+01   0.19190E+01
   0.23613E+01   0.24258E+01   0.77416E-02   0.48325E+01   0.48209E+01   0.22271E+01   0.22217E+01   0.22542E+01   0.22971E+01   0.13617E+01
   0.14165E+01   0.14362E+01   0.46441E-02   0.30149E+01   0.30101E+01   0.13894E+01   0.13872E+01   0.13961E+01   0.14185E+01   0.81537E+00
   0.47212E+00   0.47212E+00   0.15479E-02   0.10530E+01   0.10517E+01   0.48528E+00   0.48469E+00   0.48528E+00   0.48948E+00   0.27440E+00
