   0.17812E+03   0.17785E+03   0.98805E+00   0.19306E+02   0.19306E+02   0.19276E+02   0.19276E+02   0.19276E+02   0.19266E+02   0.19306E+02
   0.17381E+03   0.17355E+03   0.96417E+00   0.19295E+02   0.19295E+02   0.19266E+02   0.19266E+02   0.19266E+02   0.19266E+02   0.19295E+02
   0.16952E+03   0.16926E+03   0.94036E+00   0.19274E+02   0.19274E+02   0.19245E+02   0.19245E+02   0.19245E+02   0.19245E+02   0.19274E+02
   0.16525E+03   0.16500E+03   0.91667E+00   0.19245E+02   0.19245E+02   0.19216E+02   0.19216E+02   0.19216E+02   0.19216E+02   0.19245E+02
   0.16101E+03   0.16077E+03   0.89314E+00   0.19208E+02   0.19208E+02   0.19179E+02   0.19179E+02   0.19179E+02   0.19179E+02   0.19208E+02
   0.15681E+03   0.15657E+03   0.86983E+00   0.19165E+02   0.19165E+02   0.19136E+02   0.19136E+02   0.19136E+02   0.19136E+02   0.19165E+02
   0.15265E+03   0.15242E+03   0.84677E+00   0.19113E+02   0.19113E+02   0.19084E+02   0.19084E+02   0.19084E+02   0.19084E+02   0.19113E+02
   0.14854E+03   0.14832E+03   0.82400E+00   0.19054E+02   0.19054E+02   0.19025E+02   0.19025E+02   0.19025E+02   0.19025E+02   0.19054E+02
   0.14450E+03   0.14428E+03   0.80156E+00   0.18990E+02   0.18990E+02   0.18961E+02   0.18961E+02   0.18961E+02   0.18961E+02   0.18990E+02
   0.14052E+03   0.14031E+03   0.77949E+00   0.18921E+02   0.18921E+02   0.18893E+02   0.18893E+02   0.18893E+02   0.18893E+02   0.18921E+02
   0.13661E+03   0.13641E+03   0.75782E+00   0.18849E+02   0.18849E+02   0.18820E+02   0.18820E+02   0.18820E+02   0.18820E+02   0.18849E+02
   0.13278E+03   0.13258E+03   0.73658E+00   0.18773E+02   0.18773E+02   0.18744E+02   0.18744E+02   0.18744E+02   0.18744E+02   0.18773E+02
   0.12904E+03   0.12884E+03   0.71579E+00   0.18692E+02   0.18692E+02   0.18664E+02   0.18664E+02   0.18664E+02   0.18664E+02   0.18692E+02
   0.12538E+03   0.12519E+03   0.69548E+00   0.18608E+02   0.18608E+02   0.18579E+02   0.18579E+02   0.18579E+02   0.18579E+02   0.18608E+02
   0.12180E+03   0.12162E+03   0.67566E+00   0.18520E+02   0.18520E+02   0.18492E+02   0.18492E+02   0.18492E+02   0.18492E+02   0.18520E+02
   0.11832E+03   0.11815E+03   0.65636E+00   0.18430E+02   0.18430E+02   0.18402E+02   0.18402E+02   0.18403E+02   0.18403E+02   0.18430E+02
   0.11494E+03   0.11476E+03   0.63758E+00   0.18339E+02   0.18339E+02   0.18311E+02   0.18311E+02   0.18311E+02   0.18311E+02   0.18339E+02
   0.11165E+03   0.11148E+03   0.61934E+00   0.18246E+02   0.18246E+02   0.18219E+02   0.18219E+02   0.18219E+02   0.18219E+02   0.18246E+02
   0.10846E+03   0.10829E+03   0.60163E+00   0.18152E+02   0.18152E+02   0.18125E+02   0.18125E+02   0.18125E+02   0.18125E+02   0.18152E+02
   0.10536E+03   0.10521E+03   0.58448E+00   0.18057E+02   0.18057E+02   0.18030E+02   0.18030E+02   0.18030E+02   0.18030E+02   0.18057E+02
   0.10237E+03   0.10221E+03   0.56786E+00   0.17963E+02   0.17963E+02   0.17936E+02   0.17936E+02   0.17936E+02   0.17936E+02   0.17963E+02
   0.99473E+02   0.99322E+02   0.55179E+00   0.17869E+02   0.17869E+02   0.17842E+02   0.17842E+02   0.17842E+02   0.17842E+02   0.17869E+02
   0.96673E+02   0.96527E+02   0.53626E+00   0.17776E+02   0.17776E+02   0.17749E+02   0.17749E+02   0.17749E+02   0.17749E+02   0.17776E+02
   0.93969E+02   0.93827E+02   0.52126E+00   0.17684E+02   0.17684E+02   0.17657E+02   0.17657E+02   0.17657E+02   0.17657E+02   0.17684E+02
   0.91361E+02   0.91223E+02   0.50679E+00   0.17593E+02   0.17593E+02   0.17566E+02   0.17566E+02   0.17566E+02   0.17566E+02   0.17593E+02
   0.88845E+02   0.88711E+02   0.49284E+00   0.17503E+02   0.17503E+02   0.17477E+02   0.17477E+02   0.17477E+02   0.17477E+02   0.17503E+02
   0.86421E+02   0.86290E+02   0.47939E+00   0.17416E+02   0.17416E+02   0.17390E+02   0.17390E+02   0.17390E+02   0.17390E+02   0.17416E+02
   0.84085E+02   0.83958E+02   0.46643E+00   0.17331E+02   0.17331E+02   0.17305E+02   0.17305E+02   0.17305E+02   0.17305E+02   0.17331E+02
   0.81837E+02   0.81713E+02   0.45396E+00   0.17248E+02   0.17248E+02   0.17222E+02   0.17222E+02   0.17222E+02   0.17222E+02   0.17248E+02
   0.79672E+02   0.79552E+02   0.44195E+00   0.17166E+02   0.17166E+02   0.17140E+02   0.17140E+02   0.17140E+02   0.17140E+02   0.17166E+02
   0.77589E+02   0.77471E+02   0.43040E+00   0.17085E+02   0.17085E+02   0.17060E+02   0.17060E+02   0.17060E+02   0.17060E+02   0.17085E+02
   0.75584E+02   0.75470E+02   0.41928E+00   0.17006E+02   0.17006E+02   0.16980E+02   0.16980E+02   0.16980E+02   0.16980E+02   0.17006E+02
   0.73656E+02   0.73544E+02   0.40858E+00   0.16928E+02   0.16928E+02   0.16902E+02   0.16902E+02   0.16902E+02   0.16902E+02   0.16928E+02
   0.71800E+02   0.71691E+02   0.39828E+00   0.16851E+02   0.16851E+02   0.16826E+02   0.16826E+02   0.16826E+02   0.16826E+02   0.16851E+02
   0.70014E+02   0.69908E+02   0.38838E+00   0.16776E+02   0.16776E+02   0.16751E+02   0.16751E+02   0.16751E+02   0.16751E+02   0.16776E+02
   0.68296E+02   0.68193E+02   0.37885E+00   0.16703E+02   0.16703E+02   0.16678E+02   0.16678E+02   0.16678E+02   0.16678E+02   0.16703E+02
   0.66642E+02   0.66541E+02   0.36967E+00   0.16631E+02   0.16631E+02   0.16606E+02   0.16606E+02   0.16606E+02   0.16606E+02   0.16631E+02
   0.65049E+02   0.64951E+02   0.36084E+00   0.16561E+02   0.16561E+02   0.16536E+02   0.16536E+02   0.16536E+02   0.16536E+02   0.16561E+02
   0.63515E+02   0.63419E+02   0.35233E+00   0.16493E+02   0.16493E+02   0.16468E+02   0.16468E+02   0.16468E+02   0.16468E+02   0.16493E+02
   0.62037E+02   0.61943E+02   0.34413E+00   0.16426E+02   0.16426E+02   0.16402E+02   0.16402E+02   0.16402E+02   0.16402E+02   0.16426E+02
   0.60612E+02   0.60521E+02   0.33623E+00   0.16361E+02   0.16361E+02   0.16336E+02   0.16336E+02   0.16336E+02   0.16336E+02   0.16361E+02
   0.59238E+02   0.59148E+02   0.32860E+00   0.16297E+02   0.16297E+02   0.16273E+02   0.16273E+02   0.16273E+02   0.16273E+02   0.16297E+02
   0.57912E+02   0.57824E+02   0.32125E+00   0.16234E+02   0.16234E+02   0.16210E+02   0.16210E+02   0.16210E+02   0.16210E+02   0.16234E+02
   0.56631E+02   0.56546E+02   0.31414E+00   0.16173E+02   0.16173E+02   0.16148E+02   0.16148E+02   0.16149E+02   0.16149E+02   0.16173E+02
   0.55394E+02   0.55310E+02   0.30728E+00   0.16113E+02   0.16113E+02   0.16088E+02   0.16088E+02   0.16088E+02   0.16088E+02   0.16113E+02
   0.54197E+02   0.54115E+02   0.30064E+00   0.16053E+02   0.16053E+02   0.16029E+02   0.16029E+02   0.16029E+02   0.16029E+02   0.16053E+02
   0.53039E+02   0.52959E+02   0.29422E+00   0.15995E+02   0.15995E+02   0.15970E+02   0.15970E+02   0.15970E+02   0.15970E+02   0.15995E+02
   0.51918E+02   0.51839E+02   0.28799E+00   0.15937E+02   0.15937E+02   0.15913E+02   0.15913E+02   0.15913E+02   0.15913E+02   0.15937E+02
   0.50831E+02   0.50754E+02   0.28197E+00   0.15879E+02   0.15879E+02   0.15855E+02   0.15855E+02   0.15855E+02   0.15855E+02   0.15879E+02
   0.49776E+02   0.49701E+02   0.27612E+00   0.15823E+02   0.15823E+02   0.15799E+02   0.15799E+02   0.15799E+02   0.15799E+02   0.15823E+02
   0.48753E+02   0.48679E+02   0.27044E+00   0.15766E+02   0.15766E+02   0.15742E+02   0.15742E+02   0.15742E+02   0.15742E+02   0.15766E+02
   0.47758E+02   0.47686E+02   0.26492E+00   0.15710E+02   0.15710E+02   0.15686E+02   0.15686E+02   0.15686E+02   0.15686E+02   0.15710E+02
   0.46791E+02   0.46720E+02   0.25955E+00   0.15654E+02   0.15654E+02   0.15630E+02   0.15630E+02   0.15630E+02   0.15630E+02   0.15654E+02
   0.45849E+02   0.45780E+02   0.25433E+00   0.15598E+02   0.15598E+02   0.15574E+02   0.15574E+02   0.15574E+02   0.15574E+02   0.15598E+02
   0.44931E+02   0.44863E+02   0.24924E+00   0.15542E+02   0.15542E+02   0.15518E+02   0.15518E+02   0.15518E+02   0.15518E+02   0.15542E+02
   0.44037E+02   0.43970E+02   0.24428E+00   0.15486E+02   0.15486E+02   0.15463E+02   0.15463E+02   0.15463E+02   0.15463E+02   0.15486E+02
   0.43163E+02   0.43098E+02   0.23943E+00   0.15430E+02   0.15430E+02   0.15407E+02   0.15407E+02   0.15407E+02   0.15407E+02   0.15430E+02
   0.42310E+02   0.42246E+02   0.23470E+00   0.15374E+02   0.15374E+02   0.15351E+02   0.15351E+02   0.15351E+02   0.15351E+02   0.15374E+02
   0.41475E+02   0.41413E+02   0.23007E+00   0.15318E+02   0.15318E+02   0.15295E+02   0.15295E+02   0.15295E+02   0.15295E+02   0.15318E+02
   0.40659E+02   0.40597E+02   0.22554E+00   0.15261E+02   0.15261E+02   0.15238E+02   0.15238E+02   0.15238E+02   0.15238E+02   0.15261E+02
   0.39859E+02   0.39798E+02   0.22110E+00   0.15204E+02   0.15204E+02   0.15181E+02   0.15181E+02   0.15181E+02   0.15181E+02   0.15204E+02
   0.39074E+02   0.39015E+02   0.21675E+00   0.15147E+02   0.15147E+02   0.15124E+02   0.15124E+02   0.15124E+02   0.15124E+02   0.15147E+02
   0.38304E+02   0.38246E+02   0.21248E+00   0.15089E+02   0.15089E+02   0.15066E+02   0.15066E+02   0.15066E+02   0.15066E+02   0.15089E+02
   0.37548E+02   0.37491E+02   0.20829E+00   0.15030E+02   0.15030E+02   0.15007E+02   0.15007E+02   0.15007E+02   0.15007E+02   0.15030E+02
   0.36805E+02   0.36749E+02   0.20416E+00   0.14970E+02   0.14970E+02   0.14948E+02   0.14948E+02   0.14948E+02   0.14948E+02   0.14970E+02
   0.36074E+02   0.36019E+02   0.20011E+00   0.14910E+02   0.14910E+02   0.14887E+02   0.14887E+02   0.14887E+02   0.14887E+02   0.14910E+02
   0.35354E+02   0.35301E+02   0.19611E+00   0.14848E+02   0.14848E+02   0.14826E+02   0.14826E+02   0.14826E+02   0.14826E+02   0.14848E+02
   0.34645E+02   0.34593E+02   0.19218E+00   0.14785E+02   0.14785E+02   0.14763E+02   0.14763E+02   0.14763E+02   0.14763E+02   0.14785E+02
   0.33946E+02   0.33894E+02   0.18830E+00   0.14721E+02   0.14721E+02   0.14699E+02   0.14699E+02   0.14699E+02   0.14699E+02   0.14721E+02
   0.33256E+02   0.33206E+02   0.18448E+00   0.14655E+02   0.14655E+02   0.14633E+02   0.14633E+02   0.14633E+02   0.14633E+02   0.14655E+02
   0.32575E+02   0.32525E+02   0.18070E+00   0.14588E+02   0.14588E+02   0.14566E+02   0.14566E+02   0.14566E+02   0.14566E+02   0.14588E+02
   0.31902E+02   0.31853E+02   0.17696E+00   0.14520E+02   0.14520E+02   0.14498E+02   0.14498E+02   0.14498E+02   0.14498E+02   0.14520E+02
   0.31236E+02   0.31189E+02   0.17327E+00   0.14449E+02   0.14449E+02   0.14427E+02   0.14427E+02   0.14427E+02   0.14427E+02   0.14449E+02
   0.30578E+02   0.30532E+02   0.16962E+00   0.14377E+02   0.14377E+02   0.14355E+02   0.14355E+02   0.14355E+02   0.14355E+02   0.14377E+02
   0.29926E+02   0.29881E+02   0.16601E+00   0.14302E+02   0.14302E+02   0.14280E+02   0.14280E+02   0.14281E+02   0.14280E+02   0.14302E+02
   0.29281E+02   0.29237E+02   0.16243E+00   0.14225E+02   0.14225E+02   0.14204E+02   0.14204E+02   0.14204E+02   0.14204E+02   0.14225E+02
   0.28642E+02   0.28598E+02   0.15888E+00   0.14146E+02   0.14146E+02   0.14125E+02   0.14125E+02   0.14125E+02   0.14125E+02   0.14146E+02
   0.28008E+02   0.27965E+02   0.15536E+00   0.14064E+02   0.14064E+02   0.14043E+02   0.14043E+02   0.14043E+02   0.14043E+02   0.14064E+02
   0.27379E+02   0.27337E+02   0.15187E+00   0.13980E+02   0.13980E+02   0.13958E+02   0.13958E+02   0.13958E+02   0.13958E+02   0.13980E+02
   0.26755E+02   0.26714E+02   0.14841E+00   0.13892E+02   0.13892E+02   0.13871E+02   0.13871E+02   0.13871E+02   0.13871E+02   0.13892E+02
   0.26135E+02   0.26096E+02   0.14498E+00   0.13801E+02   0.13801E+02   0.13780E+02   0.13780E+02   0.13780E+02   0.13780E+02   0.13801E+02
   0.25520E+02   0.25481E+02   0.14156E+00   0.13707E+02   0.13707E+02   0.13686E+02   0.13686E+02   0.13686E+02   0.13686E+02   0.13707E+02
   0.24909E+02   0.24871E+02   0.13817E+00   0.13609E+02   0.13609E+02   0.13588E+02   0.13588E+02   0.13588E+02   0.13588E+02   0.13609E+02
   0.24301E+02   0.24264E+02   0.13480E+00   0.13507E+02   0.13507E+02   0.13487E+02   0.13487E+02   0.13487E+02   0.13487E+02   0.13507E+02
   0.23697E+02   0.23661E+02   0.13145E+00   0.13401E+02   0.13401E+02   0.13381E+02   0.13381E+02   0.13381E+02   0.13381E+02   0.13401E+02
   0.23096E+02   0.23061E+02   0.12811E+00   0.13291E+02   0.13291E+02   0.13271E+02   0.13271E+02   0.13271E+02   0.13271E+02   0.13291E+02
   0.22498E+02   0.22464E+02   0.12480E+00   0.13176E+02   0.13176E+02   0.13156E+02   0.13156E+02   0.13156E+02   0.13156E+02   0.13176E+02
   0.21902E+02   0.21869E+02   0.12150E+00   0.13056E+02   0.13056E+02   0.13037E+02   0.13037E+02   0.13037E+02   0.13037E+02   0.13056E+02
   0.21310E+02   0.21277E+02   0.11821E+00   0.12931E+02   0.12931E+02   0.12911E+02   0.12911E+02   0.12912E+02   0.12912E+02   0.12931E+02
   0.20719E+02   0.20688E+02   0.11493E+00   0.12800E+02   0.12800E+02   0.12781E+02   0.12781E+02   0.12781E+02   0.12781E+02   0.12800E+02
   0.20132E+02   0.20101E+02   0.11167E+00   0.12663E+02   0.12663E+02   0.12644E+02   0.12644E+02   0.12644E+02   0.12644E+02   0.12663E+02
   0.19546E+02   0.19516E+02   0.10842E+00   0.12519E+02   0.12519E+02   0.12500E+02   0.12500E+02   0.12500E+02   0.12500E+02   0.12519E+02
   0.18962E+02   0.18934E+02   0.10519E+00   0.12368E+02   0.12368E+02   0.12350E+02   0.12350E+02   0.12350E+02   0.12350E+02   0.12368E+02
   0.18380E+02   0.18353E+02   0.10196E+00   0.12210E+02   0.12210E+02   0.12191E+02   0.12191E+02   0.12191E+02   0.12191E+02   0.12210E+02
   0.17800E+02   0.17773E+02   0.98741E-01   0.12043E+02   0.12043E+02   0.12025E+02   0.12025E+02   0.12025E+02   0.12025E+02   0.12043E+02
   0.17222E+02   0.17196E+02   0.95532E-01   0.11868E+02   0.11868E+02   0.11850E+02   0.11850E+02   0.11850E+02   0.11850E+02   0.11868E+02
   0.16645E+02   0.16620E+02   0.92332E-01   0.11684E+02   0.11684E+02   0.11667E+02   0.11667E+02   0.11667E+02   0.11667E+02   0.11684E+02
   0.16069E+02   0.16045E+02   0.89139E-01   0.11490E+02   0.11490E+02   0.11473E+02   0.11473E+02   0.11473E+02   0.11473E+02   0.11490E+02
   0.15495E+02   0.15472E+02   0.85954E-01   0.11286E+02   0.11286E+02   0.11269E+02   0.11269E+02   0.11269E+02   0.11269E+02   0.11286E+02
   0.14922E+02   0.14900E+02   0.82776E-01   0.11071E+02   0.11071E+02   0.11054E+02   0.11054E+02   0.11054E+02   0.11054E+02   0.11071E+02
   0.14351E+02   0.14329E+02   0.79605E-01   0.10844E+02   0.10844E+02   0.10827E+02   0.10827E+02   0.10827E+02   0.10827E+02   0.10844E+02
   0.13780E+02   0.13759E+02   0.76439E-01   0.10605E+02   0.10605E+02   0.10588E+02   0.10588E+02   0.10589E+02   0.10589E+02   0.10605E+02
   0.13210E+02   0.13190E+02   0.73279E-01   0.10352E+02   0.10352E+02   0.10336E+02   0.10336E+02   0.10336E+02   0.10336E+02   0.10352E+02
   0.12642E+02   0.12622E+02   0.70125E-01   0.10086E+02   0.10086E+02   0.10071E+02   0.10071E+02   0.10071E+02   0.10071E+02   0.10086E+02
   0.12074E+02   0.12055E+02   0.66975E-01   0.98051E+01   0.98051E+01   0.97902E+01   0.97902E+01   0.97902E+01   0.97902E+01   0.98051E+01
   0.11507E+02   0.11489E+02   0.63830E-01   0.95090E+01   0.95090E+01   0.94946E+01   0.94946E+01   0.94946E+01   0.94946E+01   0.95090E+01
   0.10941E+02   0.10924E+02   0.60689E-01   0.91969E+01   0.91969E+01   0.91830E+01   0.91830E+01   0.91830E+01   0.91830E+01   0.91969E+01
   0.10375E+02   0.10359E+02   0.57552E-01   0.88682E+01   0.88682E+01   0.88548E+01   0.88548E+01   0.88548E+01   0.88548E+01   0.88682E+01
   0.98103E+01   0.97955E+01   0.54419E-01   0.85222E+01   0.85222E+01   0.85094E+01   0.85094E+01   0.85094E+01   0.85094E+01   0.85222E+01
   0.92462E+01   0.92322E+01   0.51290E-01   0.81586E+01   0.81586E+01   0.81463E+01   0.81463E+01   0.81463E+01   0.81463E+01   0.81586E+01
   0.86826E+01   0.86695E+01   0.48164E-01   0.77769E+01   0.77769E+01   0.77652E+01   0.77652E+01   0.77652E+01   0.77652E+01   0.77769E+01
   0.81196E+01   0.81073E+01   0.45041E-01   0.73770E+01   0.73770E+01   0.73658E+01   0.73658E+01   0.73659E+01   0.73659E+01   0.73770E+01
   0.75571E+01   0.75457E+01   0.41921E-01   0.69588E+01   0.69588E+01   0.69483E+01   0.69483E+01   0.69483E+01   0.69483E+01   0.69588E+01
   0.69951E+01   0.69846E+01   0.38803E-01   0.65225E+01   0.65225E+01   0.65126E+01   0.65126E+01   0.65126E+01   0.65126E+01   0.65225E+01
   0.64336E+01   0.64239E+01   0.35688E-01   0.60686E+01   0.60686E+01   0.60594E+01   0.60594E+01   0.60594E+01   0.60594E+01   0.60686E+01
   0.58724E+01   0.58636E+01   0.32575E-01   0.55978E+01   0.55978E+01   0.55893E+01   0.55893E+01   0.55893E+01   0.55893E+01   0.55978E+01
   0.53117E+01   0.53037E+01   0.29465E-01   0.51111E+01   0.51111E+01   0.51034E+01   0.51034E+01   0.51034E+01   0.51034E+01   0.51111E+01
   0.47513E+01   0.47442E+01   0.26356E-01   0.46100E+01   0.46100E+01   0.46030E+01   0.46030E+01   0.46030E+01   0.46030E+01   0.46100E+01
   0.41913E+01   0.41850E+01   0.23250E-01   0.40959E+01   0.40959E+01   0.40897E+01   0.40897E+01   0.40897E+01   0.40897E+01   0.40959E+01
   0.36316E+01   0.36261E+01   0.20145E-01   0.35705E+01   0.35705E+01   0.35652E+01   0.35652E+01   0.35652E+01   0.35652E+01   0.35705E+01
   0.30722E+01   0.30676E+01   0.17042E-01   0.30359E+01   0.30359E+01   0.30313E+01   0.30313E+01   0.30313E+01   0.30313E+01   0.30359E+01
   0.25131E+01   0.25093E+01   0.13940E-01   0.24936E+01   0.24936E+01   0.24899E+01   0.24899E+01   0.24899E+01   0.24899E+01   0.24936E+01
   0.19542E+01   0.19513E+01   0.10840E-01   0.19456E+01   0.19456E+01   0.19427E+01   0.19427E+01   0.19427E+01   0.19427E+01   0.19456E+01
   0.13956E+01   0.13935E+01   0.77416E-02   0.13933E+01   0.13933E+01   0.13912E+01   0.13912E+01   0.13912E+01   0.13912E+01   0.13933E+01
   0.83721E+00   0.83595E+00   0.46441E-02   0.83785E+00   0.83785E+00   0.83658E+00   0.83658E+00   0.83658E+00   0.83658E+00   0.83784E+00
   0.27904E+00   0.27861E+00   0.15479E-02   0.27999E+00   0.27999E+00   0.27956E+00   0.27956E+00   0.27956E+00   0.27956E+00   0.27999E+00
