   0.30422E+03   0.18753E+03   0.98805E+00   0.18202E+02   0.18202E+02   0.95433E+01   0.95430E+01   0.27641E+02   0.13611E+02   0.18186E+02
   0.29687E+03   0.18300E+03   0.96417E+00   0.18196E+02   0.18195E+02   0.95400E+01   0.95397E+01   0.27631E+02   0.13611E+02   0.18179E+02
   0.28954E+03   0.17848E+03   0.94036E+00   0.18182E+02   0.18182E+02   0.95330E+01   0.95326E+01   0.27610E+02   0.13599E+02   0.18166E+02
   0.28225E+03   0.17400E+03   0.91667E+00   0.18161E+02   0.18160E+02   0.95218E+01   0.95214E+01   0.27575E+02   0.13578E+02   0.18143E+02
   0.27500E+03   0.16955E+03   0.89314E+00   0.18132E+02   0.18131E+02   0.95063E+01   0.95059E+01   0.27527E+02   0.13550E+02   0.18113E+02
   0.26782E+03   0.16514E+03   0.86983E+00   0.18093E+02   0.18093E+02   0.94863E+01   0.94859E+01   0.27465E+02   0.13514E+02   0.18073E+02
   0.26072E+03   0.16078E+03   0.84677E+00   0.18047E+02   0.18046E+02   0.94619E+01   0.94614E+01   0.27390E+02   0.13470E+02   0.18025E+02
   0.25371E+03   0.15648E+03   0.82400E+00   0.17993E+02   0.17992E+02   0.94337E+01   0.94332E+01   0.27303E+02   0.13419E+02   0.17969E+02
   0.24680E+03   0.15224E+03   0.80156E+00   0.17933E+02   0.17932E+02   0.94023E+01   0.94018E+01   0.27206E+02   0.13362E+02   0.17907E+02
   0.24001E+03   0.14807E+03   0.77949E+00   0.17868E+02   0.17867E+02   0.93683E+01   0.93677E+01   0.27102E+02   0.13301E+02   0.17840E+02
   0.23334E+03   0.14398E+03   0.75782E+00   0.17799E+02   0.17798E+02   0.93320E+01   0.93313E+01   0.26990E+02   0.13235E+02   0.17768E+02
   0.22680E+03   0.13997E+03   0.73658E+00   0.17727E+02   0.17726E+02   0.92942E+01   0.92934E+01   0.26872E+02   0.13167E+02   0.17693E+02
   0.22040E+03   0.13605E+03   0.71579E+00   0.17653E+02   0.17651E+02   0.92554E+01   0.92546E+01   0.26752E+02   0.13096E+02   0.17616E+02
   0.21414E+03   0.13222E+03   0.69548E+00   0.17578E+02   0.17576E+02   0.92159E+01   0.92150E+01   0.26629E+02   0.13025E+02   0.17537E+02
   0.20804E+03   0.12849E+03   0.67566E+00   0.17501E+02   0.17499E+02   0.91758E+01   0.91748E+01   0.26503E+02   0.12953E+02   0.17457E+02
   0.20210E+03   0.12486E+03   0.65636E+00   0.17424E+02   0.17422E+02   0.91355E+01   0.91344E+01   0.26375E+02   0.12880E+02   0.17376E+02
   0.19631E+03   0.12133E+03   0.63758E+00   0.17348E+02   0.17345E+02   0.90954E+01   0.90942E+01   0.26247E+02   0.12807E+02   0.17295E+02
   0.19070E+03   0.11790E+03   0.61934E+00   0.17273E+02   0.17270E+02   0.90559E+01   0.90546E+01   0.26120E+02   0.12736E+02   0.17214E+02
   0.18525E+03   0.11457E+03   0.60163E+00   0.17199E+02   0.17196E+02   0.90174E+01   0.90160E+01   0.25996E+02   0.12666E+02   0.17136E+02
   0.17996E+03   0.11134E+03   0.58448E+00   0.17128E+02   0.17125E+02   0.89800E+01   0.89784E+01   0.25874E+02   0.12599E+02   0.17059E+02
   0.17485E+03   0.10822E+03   0.56786E+00   0.17059E+02   0.17055E+02   0.89438E+01   0.89421E+01   0.25755E+02   0.12533E+02   0.16985E+02
   0.16990E+03   0.10520E+03   0.55179E+00   0.16992E+02   0.16988E+02   0.89088E+01   0.89069E+01   0.25640E+02   0.12470E+02   0.16913E+02
   0.16512E+03   0.10228E+03   0.53626E+00   0.16927E+02   0.16923E+02   0.88749E+01   0.88729E+01   0.25527E+02   0.12408E+02   0.16842E+02
   0.16050E+03   0.99462E+02   0.52126E+00   0.16865E+02   0.16861E+02   0.88421E+01   0.88400E+01   0.25417E+02   0.12349E+02   0.16774E+02
   0.15604E+03   0.96744E+02   0.50679E+00   0.16804E+02   0.16800E+02   0.88105E+01   0.88083E+01   0.25310E+02   0.12292E+02   0.16708E+02
   0.15175E+03   0.94123E+02   0.49284E+00   0.16746E+02   0.16742E+02   0.87801E+01   0.87778E+01   0.25206E+02   0.12237E+02   0.16643E+02
   0.14761E+03   0.91598E+02   0.47939E+00   0.16690E+02   0.16686E+02   0.87507E+01   0.87483E+01   0.25105E+02   0.12184E+02   0.16581E+02
   0.14362E+03   0.89165E+02   0.46643E+00   0.16636E+02   0.16631E+02   0.87222E+01   0.87197E+01   0.25006E+02   0.12133E+02   0.16520E+02
   0.13978E+03   0.86822E+02   0.45396E+00   0.16583E+02   0.16578E+02   0.86946E+01   0.86920E+01   0.24910E+02   0.12083E+02   0.16461E+02
   0.13608E+03   0.84567E+02   0.44195E+00   0.16533E+02   0.16527E+02   0.86679E+01   0.86652E+01   0.24816E+02   0.12035E+02   0.16404E+02
   0.13252E+03   0.82396E+02   0.43040E+00   0.16484E+02   0.16478E+02   0.86423E+01   0.86394E+01   0.24725E+02   0.11989E+02   0.16348E+02
   0.12910E+03   0.80308E+02   0.41928E+00   0.16437E+02   0.16431E+02   0.86177E+01   0.86147E+01   0.24637E+02   0.11944E+02   0.16294E+02
   0.12580E+03   0.78298E+02   0.40858E+00   0.16392E+02   0.16386E+02   0.85943E+01   0.85911E+01   0.24552E+02   0.11902E+02   0.16243E+02
   0.12263E+03   0.76364E+02   0.39828E+00   0.16349E+02   0.16343E+02   0.85719E+01   0.85685E+01   0.24471E+02   0.11862E+02   0.16193E+02
   0.11958E+03   0.74502E+02   0.38838E+00   0.16308E+02   0.16302E+02   0.85505E+01   0.85470E+01   0.24392E+02   0.11823E+02   0.16146E+02
   0.11665E+03   0.72711E+02   0.37885E+00   0.16269E+02   0.16263E+02   0.85300E+01   0.85264E+01   0.24316E+02   0.11786E+02   0.16100E+02
   0.11382E+03   0.70986E+02   0.36967E+00   0.16232E+02   0.16225E+02   0.85104E+01   0.85066E+01   0.24242E+02   0.11751E+02   0.16056E+02
   0.11110E+03   0.69325E+02   0.36084E+00   0.16196E+02   0.16189E+02   0.84915E+01   0.84876E+01   0.24170E+02   0.11717E+02   0.16013E+02
   0.10848E+03   0.67725E+02   0.35233E+00   0.16161E+02   0.16154E+02   0.84733E+01   0.84693E+01   0.24101E+02   0.11684E+02   0.15971E+02
   0.10596E+03   0.66184E+02   0.34413E+00   0.16128E+02   0.16120E+02   0.84557E+01   0.84515E+01   0.24032E+02   0.11652E+02   0.15931E+02
   0.10353E+03   0.64698E+02   0.33623E+00   0.16095E+02   0.16087E+02   0.84386E+01   0.84343E+01   0.23965E+02   0.11622E+02   0.15891E+02
   0.10118E+03   0.63265E+02   0.32860E+00   0.16064E+02   0.16055E+02   0.84221E+01   0.84176E+01   0.23900E+02   0.11592E+02   0.15852E+02
   0.98913E+02   0.61882E+02   0.32125E+00   0.16033E+02   0.16024E+02   0.84060E+01   0.84014E+01   0.23835E+02   0.11563E+02   0.15814E+02
   0.96726E+02   0.60547E+02   0.31414E+00   0.16003E+02   0.15994E+02   0.83903E+01   0.83855E+01   0.23772E+02   0.11535E+02   0.15777E+02
   0.94612E+02   0.59256E+02   0.30728E+00   0.15974E+02   0.15964E+02   0.83751E+01   0.83701E+01   0.23710E+02   0.11507E+02   0.15740E+02
   0.92568E+02   0.58008E+02   0.30064E+00   0.15946E+02   0.15936E+02   0.83602E+01   0.83551E+01   0.23649E+02   0.11481E+02   0.15705E+02
   0.90590E+02   0.56800E+02   0.29422E+00   0.15918E+02   0.15908E+02   0.83457E+01   0.83404E+01   0.23589E+02   0.11455E+02   0.15669E+02
   0.88675E+02   0.55630E+02   0.28799E+00   0.15891E+02   0.15880E+02   0.83315E+01   0.83261E+01   0.23530E+02   0.11429E+02   0.15635E+02
   0.86818E+02   0.54496E+02   0.28197E+00   0.15864E+02   0.15854E+02   0.83176E+01   0.83120E+01   0.23471E+02   0.11404E+02   0.15601E+02
   0.85018E+02   0.53395E+02   0.27612E+00   0.15838E+02   0.15827E+02   0.83040E+01   0.82982E+01   0.23414E+02   0.11380E+02   0.15567E+02
   0.83269E+02   0.52326E+02   0.27044E+00   0.15813E+02   0.15801E+02   0.82906E+01   0.82847E+01   0.23357E+02   0.11356E+02   0.15534E+02
   0.81570E+02   0.51288E+02   0.26492E+00   0.15788E+02   0.15776E+02   0.82775E+01   0.82713E+01   0.23301E+02   0.11332E+02   0.15502E+02
   0.79918E+02   0.50277E+02   0.25955E+00   0.15763E+02   0.15751E+02   0.82644E+01   0.82581E+01   0.23245E+02   0.11309E+02   0.15469E+02
   0.78310E+02   0.49294E+02   0.25433E+00   0.15738E+02   0.15726E+02   0.82516E+01   0.82451E+01   0.23189E+02   0.11286E+02   0.15437E+02
   0.76743E+02   0.48335E+02   0.24924E+00   0.15714E+02   0.15701E+02   0.82388E+01   0.82321E+01   0.23134E+02   0.11263E+02   0.15405E+02
   0.75214E+02   0.47400E+02   0.24428E+00   0.15690E+02   0.15677E+02   0.82261E+01   0.82192E+01   0.23078E+02   0.11240E+02   0.15372E+02
   0.73722E+02   0.46487E+02   0.23943E+00   0.15665E+02   0.15652E+02   0.82134E+01   0.82063E+01   0.23023E+02   0.11217E+02   0.15340E+02
   0.72265E+02   0.45595E+02   0.23470E+00   0.15641E+02   0.15627E+02   0.82007E+01   0.81934E+01   0.22967E+02   0.11194E+02   0.15308E+02
   0.70840E+02   0.44723E+02   0.23007E+00   0.15617E+02   0.15603E+02   0.81880E+01   0.81806E+01   0.22911E+02   0.11172E+02   0.15276E+02
   0.69445E+02   0.43869E+02   0.22554E+00   0.15593E+02   0.15578E+02   0.81753E+01   0.81676E+01   0.22855E+02   0.11149E+02   0.15243E+02
   0.68078E+02   0.43032E+02   0.22110E+00   0.15569E+02   0.15554E+02   0.81626E+01   0.81547E+01   0.22799E+02   0.11126E+02   0.15211E+02
   0.66738E+02   0.42211E+02   0.21675E+00   0.15544E+02   0.15529E+02   0.81497E+01   0.81416E+01   0.22743E+02   0.11103E+02   0.15178E+02
   0.65424E+02   0.41405E+02   0.21248E+00   0.15519E+02   0.15504E+02   0.81368E+01   0.81285E+01   0.22686E+02   0.11080E+02   0.15145E+02
   0.64132E+02   0.40614E+02   0.20829E+00   0.15495E+02   0.15478E+02   0.81238E+01   0.81152E+01   0.22628E+02   0.11057E+02   0.15111E+02
   0.62863E+02   0.39836E+02   0.20416E+00   0.15469E+02   0.15453E+02   0.81106E+01   0.81018E+01   0.22570E+02   0.11033E+02   0.15077E+02
   0.61614E+02   0.39070E+02   0.20011E+00   0.15444E+02   0.15427E+02   0.80972E+01   0.80882E+01   0.22511E+02   0.11009E+02   0.15043E+02
   0.60385E+02   0.38316E+02   0.19611E+00   0.15418E+02   0.15400E+02   0.80837E+01   0.80744E+01   0.22451E+02   0.10985E+02   0.15008E+02
   0.59173E+02   0.37573E+02   0.19218E+00   0.15392E+02   0.15374E+02   0.80699E+01   0.80604E+01   0.22390E+02   0.10960E+02   0.14973E+02
   0.57979E+02   0.36840E+02   0.18830E+00   0.15365E+02   0.15347E+02   0.80559E+01   0.80462E+01   0.22328E+02   0.10936E+02   0.14937E+02
   0.56801E+02   0.36117E+02   0.18448E+00   0.15338E+02   0.15319E+02   0.80417E+01   0.80317E+01   0.22265E+02   0.10910E+02   0.14900E+02
   0.55637E+02   0.35403E+02   0.18070E+00   0.15310E+02   0.15291E+02   0.80272E+01   0.80169E+01   0.22201E+02   0.10884E+02   0.14863E+02
   0.54488E+02   0.34698E+02   0.17696E+00   0.15282E+02   0.15262E+02   0.80124E+01   0.80018E+01   0.22135E+02   0.10858E+02   0.14824E+02
   0.53351E+02   0.34001E+02   0.17327E+00   0.15253E+02   0.15233E+02   0.79972E+01   0.79864E+01   0.22067E+02   0.10831E+02   0.14785E+02
   0.52227E+02   0.33311E+02   0.16962E+00   0.15224E+02   0.15202E+02   0.79817E+01   0.79706E+01   0.21998E+02   0.10803E+02   0.14745E+02
   0.51114E+02   0.32628E+02   0.16601E+00   0.15193E+02   0.15171E+02   0.79657E+01   0.79543E+01   0.21927E+02   0.10775E+02   0.14703E+02
   0.50012E+02   0.31951E+02   0.16243E+00   0.15162E+02   0.15140E+02   0.79493E+01   0.79376E+01   0.21854E+02   0.10745E+02   0.14661E+02
   0.48920E+02   0.31281E+02   0.15888E+00   0.15130E+02   0.15107E+02   0.79324E+01   0.79204E+01   0.21779E+02   0.10715E+02   0.14617E+02
   0.47837E+02   0.30617E+02   0.15536E+00   0.15096E+02   0.15073E+02   0.79150E+01   0.79027E+01   0.21702E+02   0.10684E+02   0.14571E+02
   0.46763E+02   0.29957E+02   0.15187E+00   0.15062E+02   0.15038E+02   0.78970E+01   0.78844E+01   0.21622E+02   0.10652E+02   0.14525E+02
   0.45697E+02   0.29303E+02   0.14841E+00   0.15027E+02   0.15002E+02   0.78785E+01   0.78655E+01   0.21540E+02   0.10619E+02   0.14476E+02
   0.44639E+02   0.28654E+02   0.14498E+00   0.14990E+02   0.14965E+02   0.78592E+01   0.78459E+01   0.21454E+02   0.10585E+02   0.14426E+02
   0.43588E+02   0.28009E+02   0.14156E+00   0.14952E+02   0.14926E+02   0.78393E+01   0.78256E+01   0.21365E+02   0.10550E+02   0.14374E+02
   0.42544E+02   0.27368E+02   0.13817E+00   0.14912E+02   0.14886E+02   0.78185E+01   0.78046E+01   0.21273E+02   0.10513E+02   0.14320E+02
   0.41506E+02   0.26732E+02   0.13480E+00   0.14871E+02   0.14844E+02   0.77970E+01   0.77827E+01   0.21177E+02   0.10475E+02   0.14263E+02
   0.40474E+02   0.26099E+02   0.13145E+00   0.14829E+02   0.14801E+02   0.77746E+01   0.77599E+01   0.21078E+02   0.10435E+02   0.14205E+02
   0.39447E+02   0.25469E+02   0.12811E+00   0.14784E+02   0.14755E+02   0.77512E+01   0.77361E+01   0.20973E+02   0.10393E+02   0.14143E+02
   0.38426E+02   0.24843E+02   0.12480E+00   0.14737E+02   0.14708E+02   0.77268E+01   0.77114E+01   0.20865E+02   0.10350E+02   0.14079E+02
   0.37409E+02   0.24221E+02   0.12150E+00   0.14689E+02   0.14659E+02   0.77013E+01   0.76855E+01   0.20751E+02   0.10305E+02   0.14012E+02
   0.36397E+02   0.23601E+02   0.11821E+00   0.14638E+02   0.14607E+02   0.76746E+01   0.76584E+01   0.20632E+02   0.10258E+02   0.13941E+02
   0.35389E+02   0.22984E+02   0.11493E+00   0.14585E+02   0.14553E+02   0.76467E+01   0.76301E+01   0.20506E+02   0.10209E+02   0.13867E+02
   0.34385E+02   0.22370E+02   0.11167E+00   0.14529E+02   0.14496E+02   0.76174E+01   0.76004E+01   0.20375E+02   0.10157E+02   0.13789E+02
   0.33384E+02   0.21758E+02   0.10842E+00   0.14470E+02   0.14437E+02   0.75866E+01   0.75692E+01   0.20236E+02   0.10102E+02   0.13707E+02
   0.32387E+02   0.21149E+02   0.10519E+00   0.14408E+02   0.14374E+02   0.75541E+01   0.75364E+01   0.20090E+02   0.10045E+02   0.13620E+02
   0.31394E+02   0.20542E+02   0.10196E+00   0.14343E+02   0.14308E+02   0.75200E+01   0.75018E+01   0.19936E+02   0.99851E+01   0.13529E+02
   0.30403E+02   0.19938E+02   0.98741E-01   0.14274E+02   0.14239E+02   0.74839E+01   0.74654E+01   0.19773E+02   0.99216E+01   0.13432E+02
   0.29415E+02   0.19336E+02   0.95532E-01   0.14201E+02   0.14165E+02   0.74457E+01   0.74269E+01   0.19600E+02   0.98546E+01   0.13328E+02
   0.28429E+02   0.18736E+02   0.92332E-01   0.14124E+02   0.14088E+02   0.74053E+01   0.73862E+01   0.19416E+02   0.97836E+01   0.13218E+02
   0.27446E+02   0.18138E+02   0.89139E-01   0.14042E+02   0.14005E+02   0.73623E+01   0.73430E+01   0.19220E+02   0.97084E+01   0.13101E+02
   0.26466E+02   0.17543E+02   0.85954E-01   0.13955E+02   0.13918E+02   0.73166E+01   0.72971E+01   0.19011E+02   0.96285E+01   0.12976E+02
   0.25487E+02   0.16950E+02   0.82776E-01   0.13862E+02   0.13825E+02   0.72680E+01   0.72483E+01   0.18788E+02   0.95435E+01   0.12841E+02
   0.24511E+02   0.16359E+02   0.79605E-01   0.13763E+02   0.13726E+02   0.72160E+01   0.71963E+01   0.18548E+02   0.94529E+01   0.12696E+02
   0.23536E+02   0.15771E+02   0.76439E-01   0.13657E+02   0.13620E+02   0.71604E+01   0.71408E+01   0.18290E+02   0.93563E+01   0.12540E+02
   0.22563E+02   0.15185E+02   0.73279E-01   0.13544E+02   0.13507E+02   0.71009E+01   0.70814E+01   0.18013E+02   0.92530E+01   0.12372E+02
   0.21592E+02   0.14601E+02   0.70125E-01   0.13422E+02   0.13385E+02   0.70369E+01   0.70179E+01   0.17713E+02   0.91423E+01   0.12189E+02
   0.20622E+02   0.14020E+02   0.66975E-01   0.13290E+02   0.13255E+02   0.69681E+01   0.69496E+01   0.17388E+02   0.90236E+01   0.11990E+02
   0.19654E+02   0.13443E+02   0.63830E-01   0.13149E+02   0.13115E+02   0.68939E+01   0.68762E+01   0.17036E+02   0.88960E+01   0.11774E+02
   0.18686E+02   0.12868E+02   0.60689E-01   0.12996E+02   0.12964E+02   0.68137E+01   0.67970E+01   0.16652E+02   0.87584E+01   0.11536E+02
   0.17721E+02   0.12297E+02   0.57552E-01   0.12830E+02   0.12800E+02   0.67265E+01   0.67112E+01   0.16231E+02   0.86098E+01   0.11275E+02
   0.16756E+02   0.11730E+02   0.54419E-01   0.12649E+02   0.12623E+02   0.66317E+01   0.66181E+01   0.15770E+02   0.84488E+01   0.10987E+02
   0.15792E+02   0.11167E+02   0.51290E-01   0.12451E+02   0.12429E+02   0.65280E+01   0.65165E+01   0.15264E+02   0.82739E+01   0.10667E+02
   0.14830E+02   0.10608E+02   0.48164E-01   0.12234E+02   0.12217E+02   0.64143E+01   0.64052E+01   0.14705E+02   0.80832E+01   0.10313E+02
   0.13868E+02   0.10054E+02   0.45041E-01   0.11995E+02   0.11983E+02   0.62888E+01   0.62825E+01   0.14089E+02   0.78746E+01   0.99171E+01
   0.12908E+02   0.95043E+01   0.41921E-01   0.11729E+02   0.11723E+02   0.61496E+01   0.61464E+01   0.13408E+02   0.76454E+01   0.94748E+01
   0.11948E+02   0.89592E+01   0.38803E-01   0.11433E+02   0.11432E+02   0.59943E+01   0.59940E+01   0.12654E+02   0.73927E+01   0.89795E+01
   0.10989E+02   0.84179E+01   0.35688E-01   0.11100E+02   0.11105E+02   0.58198E+01   0.58221E+01   0.11822E+02   0.71126E+01   0.84245E+01
   0.10030E+02   0.78784E+01   0.32575E-01   0.10723E+02   0.10731E+02   0.56221E+01   0.56262E+01   0.10906E+02   0.68007E+01   0.78039E+01
   0.90724E+01   0.73370E+01   0.29465E-01   0.10292E+02   0.10301E+02   0.53960E+01   0.54006E+01   0.99089E+01   0.64515E+01   0.71145E+01
   0.81153E+01   0.67867E+01   0.26356E-01   0.97937E+01   0.97993E+01   0.51348E+01   0.51378E+01   0.88363E+01   0.60582E+01   0.63576E+01
   0.71587E+01   0.62158E+01   0.23250E-01   0.92111E+01   0.92096E+01   0.48293E+01   0.48285E+01   0.77058E+01   0.56125E+01   0.55416E+01
   0.62028E+01   0.56064E+01   0.20145E-01   0.85220E+01   0.85103E+01   0.44680E+01   0.44619E+01   0.65472E+01   0.51051E+01   0.46856E+01
   0.52473E+01   0.49359E+01   0.17042E-01   0.76995E+01   0.76782E+01   0.40368E+01   0.40256E+01   0.53990E+01   0.45261E+01   0.38195E+01
   0.42923E+01   0.41803E+01   0.13940E-01   0.67157E+01   0.66899E+01   0.35210E+01   0.35075E+01   0.43034E+01   0.38682E+01   0.29823E+01
   0.33378E+01   0.33304E+01   0.10840E-01   0.55489E+01   0.55267E+01   0.29092E+01   0.28976E+01   0.32859E+01   0.31300E+01   0.22089E+01
   0.23837E+01   0.24042E+01   0.77416E-02   0.41915E+01   0.41787E+01   0.21976E+01   0.21909E+01   0.23388E+01   0.23170E+01   0.15137E+01
   0.14300E+01   0.14409E+01   0.46441E-02   0.26519E+01   0.26466E+01   0.13904E+01   0.13876E+01   0.14239E+01   0.14386E+01   0.88508E+00
   0.47659E+00   0.47659E+00   0.15479E-02   0.94011E+00   0.93849E+00   0.49289E+00   0.49205E+00   0.49289E+00   0.49969E+00   0.29466E+00
