   0.29822E+03   0.19359E+03   0.98805E+00   0.16942E+02   0.16941E+02   0.80772E+01   0.80768E+01   0.23914E+02   0.10382E+02   0.16780E+02
   0.29102E+03   0.18892E+03   0.96417E+00   0.16940E+02   0.16939E+02   0.80760E+01   0.80756E+01   0.23909E+02   0.10382E+02   0.16777E+02
   0.28383E+03   0.18428E+03   0.94036E+00   0.16935E+02   0.16934E+02   0.80740E+01   0.80735E+01   0.23900E+02   0.10378E+02   0.16771E+02
   0.27668E+03   0.17966E+03   0.91667E+00   0.16929E+02   0.16928E+02   0.80709E+01   0.80705E+01   0.23886E+02   0.10372E+02   0.16763E+02
   0.26958E+03   0.17509E+03   0.89314E+00   0.16921E+02   0.16920E+02   0.80670E+01   0.80665E+01   0.23867E+02   0.10365E+02   0.16752E+02
   0.26254E+03   0.17056E+03   0.86983E+00   0.16911E+02   0.16910E+02   0.80624E+01   0.80619E+01   0.23845E+02   0.10356E+02   0.16739E+02
   0.25558E+03   0.16608E+03   0.84677E+00   0.16901E+02   0.16900E+02   0.80574E+01   0.80568E+01   0.23820E+02   0.10346E+02   0.16724E+02
   0.24871E+03   0.16168E+03   0.82400E+00   0.16889E+02   0.16888E+02   0.80519E+01   0.80513E+01   0.23792E+02   0.10335E+02   0.16708E+02
   0.24194E+03   0.15734E+03   0.80156E+00   0.16877E+02   0.16876E+02   0.80460E+01   0.80455E+01   0.23761E+02   0.10324E+02   0.16689E+02
   0.23527E+03   0.15307E+03   0.77949E+00   0.16864E+02   0.16863E+02   0.80397E+01   0.80392E+01   0.23727E+02   0.10312E+02   0.16670E+02
   0.22873E+03   0.14889E+03   0.75782E+00   0.16849E+02   0.16848E+02   0.80330E+01   0.80324E+01   0.23691E+02   0.10299E+02   0.16649E+02
   0.22232E+03   0.14479E+03   0.73658E+00   0.16835E+02   0.16833E+02   0.80259E+01   0.80253E+01   0.23652E+02   0.10285E+02   0.16627E+02
   0.21605E+03   0.14078E+03   0.71579E+00   0.16820E+02   0.16818E+02   0.80187E+01   0.80181E+01   0.23612E+02   0.10271E+02   0.16604E+02
   0.20992E+03   0.13687E+03   0.69548E+00   0.16805E+02   0.16803E+02   0.80116E+01   0.80110E+01   0.23571E+02   0.10257E+02   0.16580E+02
   0.20394E+03   0.13305E+03   0.67566E+00   0.16790E+02   0.16789E+02   0.80047E+01   0.80041E+01   0.23529E+02   0.10244E+02   0.16557E+02
   0.19811E+03   0.12934E+03   0.65636E+00   0.16776E+02   0.16775E+02   0.79981E+01   0.79975E+01   0.23488E+02   0.10231E+02   0.16534E+02
   0.19244E+03   0.12572E+03   0.63758E+00   0.16763E+02   0.16762E+02   0.79919E+01   0.79913E+01   0.23447E+02   0.10219E+02   0.16511E+02
   0.18694E+03   0.12221E+03   0.61934E+00   0.16751E+02   0.16750E+02   0.79860E+01   0.79854E+01   0.23406E+02   0.10208E+02   0.16489E+02
   0.18159E+03   0.11880E+03   0.60163E+00   0.16740E+02   0.16738E+02   0.79806E+01   0.79800E+01   0.23366E+02   0.10197E+02   0.16467E+02
   0.17641E+03   0.11550E+03   0.58448E+00   0.16729E+02   0.16728E+02   0.79755E+01   0.79750E+01   0.23326E+02   0.10188E+02   0.16446E+02
   0.17140E+03   0.11230E+03   0.56786E+00   0.16719E+02   0.16718E+02   0.79709E+01   0.79703E+01   0.23287E+02   0.10179E+02   0.16425E+02
   0.16655E+03   0.10921E+03   0.55179E+00   0.16710E+02   0.16709E+02   0.79665E+01   0.79661E+01   0.23248E+02   0.10170E+02   0.16405E+02
   0.16186E+03   0.10622E+03   0.53626E+00   0.16702E+02   0.16701E+02   0.79626E+01   0.79622E+01   0.23209E+02   0.10163E+02   0.16384E+02
   0.15733E+03   0.10333E+03   0.52126E+00   0.16694E+02   0.16694E+02   0.79591E+01   0.79587E+01   0.23171E+02   0.10156E+02   0.16365E+02
   0.15297E+03   0.10055E+03   0.50679E+00   0.16688E+02   0.16687E+02   0.79559E+01   0.79556E+01   0.23134E+02   0.10150E+02   0.16346E+02
   0.14875E+03   0.97860E+02   0.49284E+00   0.16682E+02   0.16681E+02   0.79531E+01   0.79529E+01   0.23098E+02   0.10144E+02   0.16328E+02
   0.14469E+03   0.95268E+02   0.47939E+00   0.16677E+02   0.16677E+02   0.79507E+01   0.79505E+01   0.23064E+02   0.10140E+02   0.16311E+02
   0.14078E+03   0.92769E+02   0.46643E+00   0.16673E+02   0.16673E+02   0.79487E+01   0.79487E+01   0.23030E+02   0.10136E+02   0.16295E+02
   0.13702E+03   0.90362E+02   0.45396E+00   0.16670E+02   0.16670E+02   0.79472E+01   0.79473E+01   0.22999E+02   0.10133E+02   0.16279E+02
   0.13340E+03   0.88043E+02   0.44195E+00   0.16667E+02   0.16668E+02   0.79462E+01   0.79464E+01   0.22969E+02   0.10131E+02   0.16265E+02
   0.12991E+03   0.85810E+02   0.43040E+00   0.16666E+02   0.16667E+02   0.79454E+01   0.79458E+01   0.22939E+02   0.10130E+02   0.16252E+02
   0.12655E+03   0.83662E+02   0.41928E+00   0.16665E+02   0.16666E+02   0.79449E+01   0.79454E+01   0.22910E+02   0.10129E+02   0.16238E+02
   0.12332E+03   0.81594E+02   0.40858E+00   0.16664E+02   0.16665E+02   0.79445E+01   0.79451E+01   0.22882E+02   0.10128E+02   0.16225E+02
   0.12021E+03   0.79603E+02   0.39828E+00   0.16663E+02   0.16665E+02   0.79443E+01   0.79450E+01   0.22853E+02   0.10127E+02   0.16212E+02
   0.11723E+03   0.77687E+02   0.38838E+00   0.16663E+02   0.16665E+02   0.79441E+01   0.79450E+01   0.22826E+02   0.10127E+02   0.16199E+02
   0.11435E+03   0.75842E+02   0.37885E+00   0.16663E+02   0.16665E+02   0.79441E+01   0.79450E+01   0.22798E+02   0.10127E+02   0.16187E+02
   0.11158E+03   0.74065E+02   0.36967E+00   0.16663E+02   0.16665E+02   0.79441E+01   0.79452E+01   0.22772E+02   0.10127E+02   0.16175E+02
   0.10891E+03   0.72353E+02   0.36084E+00   0.16663E+02   0.16666E+02   0.79442E+01   0.79454E+01   0.22745E+02   0.10127E+02   0.16163E+02
   0.10634E+03   0.70704E+02   0.35233E+00   0.16664E+02   0.16667E+02   0.79444E+01   0.79457E+01   0.22718E+02   0.10127E+02   0.16151E+02
   0.10387E+03   0.69114E+02   0.34413E+00   0.16664E+02   0.16667E+02   0.79446E+01   0.79461E+01   0.22692E+02   0.10128E+02   0.16139E+02
   0.10148E+03   0.67582E+02   0.33623E+00   0.16665E+02   0.16668E+02   0.79448E+01   0.79464E+01   0.22665E+02   0.10128E+02   0.16127E+02
   0.99182E+02   0.66104E+02   0.32860E+00   0.16665E+02   0.16669E+02   0.79451E+01   0.79468E+01   0.22638E+02   0.10129E+02   0.16115E+02
   0.96962E+02   0.64678E+02   0.32125E+00   0.16666E+02   0.16670E+02   0.79453E+01   0.79473E+01   0.22611E+02   0.10129E+02   0.16102E+02
   0.94818E+02   0.63300E+02   0.31414E+00   0.16666E+02   0.16671E+02   0.79456E+01   0.79477E+01   0.22584E+02   0.10130E+02   0.16090E+02
   0.92746E+02   0.61967E+02   0.30728E+00   0.16667E+02   0.16671E+02   0.79458E+01   0.79480E+01   0.22557E+02   0.10130E+02   0.16078E+02
   0.90742E+02   0.60679E+02   0.30064E+00   0.16667E+02   0.16672E+02   0.79459E+01   0.79483E+01   0.22530E+02   0.10130E+02   0.16065E+02
   0.88803E+02   0.59432E+02   0.29422E+00   0.16667E+02   0.16672E+02   0.79460E+01   0.79485E+01   0.22502E+02   0.10131E+02   0.16052E+02
   0.86926E+02   0.58225E+02   0.28799E+00   0.16667E+02   0.16673E+02   0.79459E+01   0.79486E+01   0.22474E+02   0.10130E+02   0.16039E+02
   0.85106E+02   0.57054E+02   0.28197E+00   0.16667E+02   0.16673E+02   0.79458E+01   0.79487E+01   0.22446E+02   0.10130E+02   0.16026E+02
   0.83341E+02   0.55918E+02   0.27612E+00   0.16666E+02   0.16673E+02   0.79456E+01   0.79486E+01   0.22416E+02   0.10130E+02   0.16012E+02
   0.81627E+02   0.54816E+02   0.27044E+00   0.16665E+02   0.16672E+02   0.79452E+01   0.79484E+01   0.22387E+02   0.10129E+02   0.15998E+02
   0.79961E+02   0.53744E+02   0.26492E+00   0.16664E+02   0.16672E+02   0.79447E+01   0.79481E+01   0.22356E+02   0.10128E+02   0.15983E+02
   0.78342E+02   0.52701E+02   0.25955E+00   0.16663E+02   0.16671E+02   0.79441E+01   0.79477E+01   0.22325E+02   0.10127E+02   0.15968E+02
   0.76765E+02   0.51686E+02   0.25433E+00   0.16662E+02   0.16669E+02   0.79434E+01   0.79471E+01   0.22294E+02   0.10126E+02   0.15953E+02
   0.75229E+02   0.50697E+02   0.24924E+00   0.16660E+02   0.16668E+02   0.79425E+01   0.79464E+01   0.22262E+02   0.10124E+02   0.15937E+02
   0.73731E+02   0.49732E+02   0.24428E+00   0.16657E+02   0.16666E+02   0.79414E+01   0.79455E+01   0.22229E+02   0.10122E+02   0.15920E+02
   0.72268E+02   0.48790E+02   0.23943E+00   0.16655E+02   0.16664E+02   0.79402E+01   0.79445E+01   0.22195E+02   0.10120E+02   0.15904E+02
   0.70840E+02   0.47869E+02   0.23470E+00   0.16652E+02   0.16661E+02   0.79389E+01   0.79433E+01   0.22161E+02   0.10117E+02   0.15886E+02
   0.69442E+02   0.46968E+02   0.23007E+00   0.16649E+02   0.16659E+02   0.79374E+01   0.79420E+01   0.22126E+02   0.10114E+02   0.15869E+02
   0.68075E+02   0.46087E+02   0.22554E+00   0.16646E+02   0.16656E+02   0.79358E+01   0.79405E+01   0.22090E+02   0.10111E+02   0.15850E+02
   0.66735E+02   0.45223E+02   0.22110E+00   0.16642E+02   0.16652E+02   0.79339E+01   0.79389E+01   0.22054E+02   0.10108E+02   0.15831E+02
   0.65422E+02   0.44376E+02   0.21675E+00   0.16638E+02   0.16648E+02   0.79320E+01   0.79371E+01   0.22016E+02   0.10104E+02   0.15812E+02
   0.64133E+02   0.43544E+02   0.21248E+00   0.16633E+02   0.16644E+02   0.79298E+01   0.79351E+01   0.21977E+02   0.10100E+02   0.15792E+02
   0.62867E+02   0.42728E+02   0.20829E+00   0.16628E+02   0.16640E+02   0.79274E+01   0.79329E+01   0.21937E+02   0.10095E+02   0.15771E+02
   0.61623E+02   0.41925E+02   0.20416E+00   0.16623E+02   0.16635E+02   0.79248E+01   0.79305E+01   0.21896E+02   0.10090E+02   0.15749E+02
   0.60399E+02   0.41136E+02   0.20011E+00   0.16617E+02   0.16629E+02   0.79220E+01   0.79279E+01   0.21853E+02   0.10085E+02   0.15726E+02
   0.59194E+02   0.40358E+02   0.19611E+00   0.16610E+02   0.16623E+02   0.79189E+01   0.79251E+01   0.21809E+02   0.10079E+02   0.15703E+02
   0.58006E+02   0.39592E+02   0.19218E+00   0.16603E+02   0.16617E+02   0.79156E+01   0.79220E+01   0.21764E+02   0.10073E+02   0.15678E+02
   0.56835E+02   0.38836E+02   0.18830E+00   0.16596E+02   0.16610E+02   0.79120E+01   0.79187E+01   0.21717E+02   0.10066E+02   0.15653E+02
   0.55680E+02   0.38091E+02   0.18448E+00   0.16588E+02   0.16602E+02   0.79082E+01   0.79151E+01   0.21668E+02   0.10059E+02   0.15627E+02
   0.54540E+02   0.37355E+02   0.18070E+00   0.16579E+02   0.16594E+02   0.79040E+01   0.79112E+01   0.21618E+02   0.10051E+02   0.15599E+02
   0.53413E+02   0.36628E+02   0.17696E+00   0.16570E+02   0.16585E+02   0.78995E+01   0.79069E+01   0.21566E+02   0.10042E+02   0.15570E+02
   0.52299E+02   0.35909E+02   0.17327E+00   0.16559E+02   0.16576E+02   0.78947E+01   0.79024E+01   0.21511E+02   0.10033E+02   0.15540E+02
   0.51197E+02   0.35198E+02   0.16962E+00   0.16549E+02   0.16565E+02   0.78895E+01   0.78975E+01   0.21454E+02   0.10023E+02   0.15508E+02
   0.50106E+02   0.34494E+02   0.16601E+00   0.16537E+02   0.16554E+02   0.78839E+01   0.78922E+01   0.21395E+02   0.10013E+02   0.15475E+02
   0.49025E+02   0.33797E+02   0.16243E+00   0.16524E+02   0.16542E+02   0.78779E+01   0.78865E+01   0.21333E+02   0.10002E+02   0.15440E+02
   0.47955E+02   0.33108E+02   0.15888E+00   0.16511E+02   0.16529E+02   0.78714E+01   0.78804E+01   0.21268E+02   0.99894E+01   0.15404E+02
   0.46893E+02   0.32424E+02   0.15536E+00   0.16496E+02   0.16516E+02   0.78645E+01   0.78738E+01   0.21200E+02   0.99763E+01   0.15365E+02
   0.45840E+02   0.31746E+02   0.15187E+00   0.16480E+02   0.16501E+02   0.78570E+01   0.78667E+01   0.21128E+02   0.99622E+01   0.15324E+02
   0.44796E+02   0.31073E+02   0.14841E+00   0.16464E+02   0.16485E+02   0.78490E+01   0.78591E+01   0.21053E+02   0.99472E+01   0.15281E+02
   0.43758E+02   0.30406E+02   0.14498E+00   0.16446E+02   0.16468E+02   0.78404E+01   0.78509E+01   0.20974E+02   0.99310E+01   0.15236E+02
   0.42728E+02   0.29743E+02   0.14156E+00   0.16426E+02   0.16449E+02   0.78311E+01   0.78421E+01   0.20891E+02   0.99137E+01   0.15188E+02
   0.41705E+02   0.29085E+02   0.13817E+00   0.16405E+02   0.16429E+02   0.78212E+01   0.78326E+01   0.20804E+02   0.98951E+01   0.15137E+02
   0.40687E+02   0.28431E+02   0.13480E+00   0.16383E+02   0.16408E+02   0.78106E+01   0.78224E+01   0.20713E+02   0.98751E+01   0.15084E+02
   0.39675E+02   0.27781E+02   0.13145E+00   0.16359E+02   0.16385E+02   0.77991E+01   0.78115E+01   0.20616E+02   0.98538E+01   0.15027E+02
   0.38669E+02   0.27135E+02   0.12811E+00   0.16333E+02   0.16360E+02   0.77869E+01   0.77998E+01   0.20515E+02   0.98309E+01   0.14967E+02
   0.37668E+02   0.26492E+02   0.12480E+00   0.16306E+02   0.16334E+02   0.77738E+01   0.77873E+01   0.20407E+02   0.98064E+01   0.14903E+02
   0.36671E+02   0.25853E+02   0.12150E+00   0.16276E+02   0.16306E+02   0.77598E+01   0.77740E+01   0.20294E+02   0.97803E+01   0.14835E+02
   0.35679E+02   0.25217E+02   0.11821E+00   0.16245E+02   0.16276E+02   0.77447E+01   0.77596E+01   0.20174E+02   0.97523E+01   0.14764E+02
   0.34691E+02   0.24585E+02   0.11493E+00   0.16211E+02   0.16244E+02   0.77286E+01   0.77443E+01   0.20047E+02   0.97224E+01   0.14687E+02
   0.33706E+02   0.23955E+02   0.11167E+00   0.16175E+02   0.16210E+02   0.77114E+01   0.77280E+01   0.19912E+02   0.96905E+01   0.14605E+02
   0.32726E+02   0.23329E+02   0.10842E+00   0.16136E+02   0.16173E+02   0.76930E+01   0.77105E+01   0.19769E+02   0.96563E+01   0.14518E+02
   0.31748E+02   0.22705E+02   0.10519E+00   0.16095E+02   0.16134E+02   0.76732E+01   0.76919E+01   0.19616E+02   0.96198E+01   0.14425E+02
   0.30774E+02   0.22085E+02   0.10196E+00   0.16051E+02   0.16092E+02   0.76521E+01   0.76719E+01   0.19454E+02   0.95808E+01   0.14325E+02
   0.29803E+02   0.21468E+02   0.98741E-01   0.16003E+02   0.16047E+02   0.76294E+01   0.76505E+01   0.19280E+02   0.95390E+01   0.14218E+02
   0.28834E+02   0.20854E+02   0.95532E-01   0.15952E+02   0.15999E+02   0.76050E+01   0.76277E+01   0.19094E+02   0.94943E+01   0.14102E+02
   0.27869E+02   0.20243E+02   0.92332E-01   0.15897E+02   0.15948E+02   0.75789E+01   0.76033E+01   0.18894E+02   0.94464E+01   0.13977E+02
   0.26905E+02   0.19635E+02   0.89139E-01   0.15838E+02   0.15893E+02   0.75508E+01   0.75771E+01   0.18680E+02   0.93950E+01   0.13842E+02
   0.25944E+02   0.19031E+02   0.85954E-01   0.15775E+02   0.15835E+02   0.75206E+01   0.75491E+01   0.18448E+02   0.93399E+01   0.13695E+02
   0.24984E+02   0.18430E+02   0.82776E-01   0.15706E+02   0.15771E+02   0.74879E+01   0.75190E+01   0.18199E+02   0.92807E+01   0.13535E+02
   0.24027E+02   0.17833E+02   0.79605E-01   0.15632E+02   0.15703E+02   0.74526E+01   0.74865E+01   0.17928E+02   0.92168E+01   0.13361E+02
   0.23072E+02   0.17239E+02   0.76439E-01   0.15552E+02   0.15630E+02   0.74144E+01   0.74515E+01   0.17635E+02   0.91478E+01   0.13170E+02
   0.22118E+02   0.16650E+02   0.73279E-01   0.15464E+02   0.15550E+02   0.73727E+01   0.74135E+01   0.17315E+02   0.90730E+01   0.12961E+02
   0.21166E+02   0.16066E+02   0.70125E-01   0.15369E+02   0.15463E+02   0.73271E+01   0.73721E+01   0.16966E+02   0.89917E+01   0.12729E+02
   0.20215E+02   0.15486E+02   0.66975E-01   0.15264E+02   0.15368E+02   0.72770E+01   0.73267E+01   0.16583E+02   0.89028E+01   0.12473E+02
   0.19266E+02   0.14912E+02   0.63830E-01   0.15148E+02   0.15263E+02   0.72216E+01   0.72766E+01   0.16163E+02   0.88052E+01   0.12188E+02
   0.18318E+02   0.14342E+02   0.60689E-01   0.15018E+02   0.15146E+02   0.71600E+01   0.72208E+01   0.15700E+02   0.86975E+01   0.11870E+02
   0.17371E+02   0.13778E+02   0.57552E-01   0.14874E+02   0.15015E+02   0.70911E+01   0.71582E+01   0.15192E+02   0.85781E+01   0.11516E+02
   0.16425E+02   0.13218E+02   0.54419E-01   0.14711E+02   0.14865E+02   0.70135E+01   0.70871E+01   0.14633E+02   0.84450E+01   0.11120E+02
   0.15481E+02   0.12663E+02   0.51290E-01   0.14527E+02   0.14695E+02   0.69256E+01   0.70056E+01   0.14020E+02   0.82960E+01   0.10679E+02
   0.14537E+02   0.12110E+02   0.48164E-01   0.14317E+02   0.14497E+02   0.68254E+01   0.69113E+01   0.13348E+02   0.81287E+01   0.10188E+02
   0.13595E+02   0.11558E+02   0.45041E-01   0.14076E+02   0.14266E+02   0.67108E+01   0.68011E+01   0.12617E+02   0.79401E+01   0.96434E+01
   0.12653E+02   0.11005E+02   0.41921E-01   0.13799E+02   0.13993E+02   0.65786E+01   0.66713E+01   0.11825E+02   0.77270E+01   0.90430E+01
   0.11712E+02   0.10446E+02   0.38803E-01   0.13477E+02   0.13670E+02   0.64253E+01   0.65171E+01   0.10975E+02   0.74850E+01   0.83859E+01
   0.10772E+02   0.98738E+01   0.35688E-01   0.13101E+02   0.13284E+02   0.62461E+01   0.63331E+01   0.10072E+02   0.72095E+01   0.76742E+01
   0.98323E+01   0.92797E+01   0.32575E-01   0.12659E+02   0.12822E+02   0.60351E+01   0.61126E+01   0.91264E+01   0.68947E+01   0.69139E+01
   0.88934E+01   0.86484E+01   0.29465E-01   0.12133E+02   0.12267E+02   0.57846E+01   0.58482E+01   0.81574E+01   0.65339E+01   0.61180E+01
   0.79552E+01   0.79597E+01   0.26356E-01   0.11506E+02   0.11603E+02   0.54853E+01   0.55317E+01   0.71912E+01   0.61196E+01   0.53082E+01
   0.70175E+01   0.71925E+01   0.23250E-01   0.10752E+02   0.10813E+02   0.51260E+01   0.51550E+01   0.62581E+01   0.56440E+01   0.45138E+01
   0.60804E+01   0.63345E+01   0.20145E-01   0.98484E+01   0.98808E+01   0.46952E+01   0.47107E+01   0.53807E+01   0.50999E+01   0.37638E+01
   0.51438E+01   0.53934E+01   0.17042E-01   0.87786E+01   0.87957E+01   0.41852E+01   0.41934E+01   0.45651E+01   0.44853E+01   0.30789E+01
   0.42077E+01   0.44012E+01   0.13940E-01   0.75402E+01   0.75521E+01   0.35948E+01   0.36005E+01   0.37902E+01   0.38038E+01   0.24590E+01
   0.32720E+01   0.33948E+01   0.10840E-01   0.61393E+01   0.61495E+01   0.29269E+01   0.29318E+01   0.30190E+01   0.30604E+01   0.18853E+01
   0.23367E+01   0.23979E+01   0.77416E-02   0.45817E+01   0.45900E+01   0.21843E+01   0.21883E+01   0.22206E+01   0.22583E+01   0.13370E+01
   0.14017E+01   0.14206E+01   0.46441E-02   0.28704E+01   0.28757E+01   0.13685E+01   0.13710E+01   0.13776E+01   0.13993E+01   0.80103E+00
   0.46719E+00   0.46719E+00   0.15479E-02   0.10072E+01   0.10089E+01   0.48019E+00   0.48100E+00   0.48019E+00   0.48465E+00   0.27006E+00
