    0.98804736E+00    0.18202156E+02    0.18201507E+02    0.14024367E-03    0.14108020E-03
    0.96416614E+00    0.18195791E+02    0.18195136E+02    0.14141563E-03    0.14224051E-03
    0.94035691E+00    0.18182333E+02    0.18181667E+02    0.14488333E-03    0.14571926E-03
    0.91666693E+00    0.18160988E+02    0.18160294E+02    0.15233352E-03    0.15322983E-03
    0.89314236E+00    0.18131513E+02    0.18130774E+02    0.16363041E-03    0.16465007E-03
    0.86982789E+00    0.18093358E+02    0.18092567E+02    0.17721513E-03    0.17839379E-03
    0.84676631E+00    0.18046764E+02    0.18045914E+02    0.19306410E-03    0.19442107E-03
    0.82399821E+00    0.17992977E+02    0.17992054E+02    0.21116493E-03    0.21270222E-03
    0.80156166E+00    0.17933200E+02    0.17932185E+02    0.23063724E-03    0.23234952E-03
    0.77949196E+00    0.17868222E+02    0.17867100E+02    0.25179320E-03    0.25367851E-03
    0.75782141E+00    0.17799029E+02    0.17797776E+02    0.27598163E-03    0.27808676E-03
    0.73657918E+00    0.17726925E+02    0.17725520E+02    0.30251009E-03    0.30489190E-03
    0.71579117E+00    0.17652949E+02    0.17651385E+02    0.33116591E-03    0.33386178E-03
    0.69547996E+00    0.17577591E+02    0.17575863E+02    0.36269849E-03    0.36575831E-03
    0.67566478E+00    0.17501206E+02    0.17499303E+02    0.39816760E-03    0.40167262E-03
    0.65636157E+00    0.17424337E+02    0.17422243E+02    0.43738966E-03    0.44142211E-03
    0.63758298E+00    0.17347803E+02    0.17345500E+02    0.48003049E-03    0.48468802E-03
    0.61933854E+00    0.17272507E+02    0.17269973E+02    0.52551901E-03    0.53094023E-03
    0.60163475E+00    0.17199052E+02    0.17196273E+02    0.57309589E-03    0.57937051E-03
    0.58447523E+00    0.17127741E+02    0.17124717E+02    0.62212637E-03    0.62928774E-03
    0.56786093E+00    0.17058666E+02    0.17055410E+02    0.67262613E-03    0.68070399E-03
    0.55179031E+00    0.16991799E+02    0.16988314E+02    0.72480260E-03    0.73387107E-03
    0.53625952E+00    0.16927140E+02    0.16923418E+02    0.77902595E-03    0.78920663E-03
    0.52126264E+00    0.16864697E+02    0.16860738E+02    0.83530782E-03    0.84672743E-03
    0.50679188E+00    0.16804460E+02    0.16800273E+02    0.89355095E-03    0.90625465E-03
    0.49283781E+00    0.16746375E+02    0.16741971E+02    0.95330944E-03    0.96729419E-03
    0.47938952E+00    0.16690280E+02    0.16685661E+02    0.10142027E-02    0.10295121E-02
    0.46643490E+00    0.16635968E+02    0.16631132E+02    0.10758899E-02    0.10926316E-02
    0.45396077E+00    0.16583349E+02    0.16578287E+02    0.11385869E-02    0.11569226E-02
    0.44195308E+00    0.16532503E+02    0.16527199E+02    0.12024401E-02    0.12225532E-02
    0.43039709E+00    0.16483594E+02    0.16478033E+02    0.12669264E-02    0.12889828E-02
    0.41927754E+00    0.16436733E+02    0.16430904E+02    0.13317736E-02    0.13558884E-02
    0.40857878E+00    0.16391957E+02    0.16385859E+02    0.13969944E-02    0.14232297E-02
    0.39828490E+00    0.16349227E+02    0.16342864E+02    0.14624422E-02    0.14908303E-02
    0.38837987E+00    0.16308433E+02    0.16301805E+02    0.15280545E-02    0.15586035E-02
    0.37884764E+00    0.16269409E+02    0.16262515E+02    0.15938241E-02    0.16265759E-02
    0.36967222E+00    0.16231984E+02    0.16224820E+02    0.16597972E-02    0.16948312E-02
    0.36083778E+00    0.16195988E+02    0.16188555E+02    0.17260722E-02    0.17634850E-02
    0.35232874E+00    0.16161271E+02    0.16153565E+02    0.17930501E-02    0.18329542E-02
    0.34412978E+00    0.16127693E+02    0.16119713E+02    0.18610399E-02    0.19035681E-02
    0.33622596E+00    0.16095151E+02    0.16086892E+02    0.19299158E-02    0.19752464E-02
    0.32860269E+00    0.16063564E+02    0.16055018E+02    0.19993620E-02    0.20476722E-02
    0.32124583E+00    0.16032866E+02    0.16024026E+02    0.20692975E-02    0.21207611E-02
    0.31414167E+00    0.16003000E+02    0.15993860E+02    0.21397038E-02    0.21944801E-02
    0.30727698E+00    0.15973920E+02    0.15964470E+02    0.22105452E-02    0.22687959E-02
    0.30063901E+00    0.15945573E+02    0.15935808E+02    0.22817754E-02    0.23436693E-02
    0.29421551E+00    0.15917903E+02    0.15907819E+02    0.23532482E-02    0.24189186E-02
    0.28799472E+00    0.15890855E+02    0.15880449E+02    0.24248532E-02    0.24944065E-02
    0.28196538E+00    0.15864371E+02    0.15853643E+02    0.24964809E-02    0.25700021E-02
    0.27611674E+00    0.15838393E+02    0.15827341E+02    0.25682244E-02    0.26458160E-02
    0.27043853E+00    0.15812860E+02    0.15801482E+02    0.26401753E-02    0.27219419E-02
    0.26492096E+00    0.15787713E+02    0.15776004E+02    0.27124452E-02    0.27985075E-02
    0.25955473E+00    0.15762885E+02    0.15750840E+02    0.27851958E-02    0.28757071E-02
    0.25433098E+00    0.15738309E+02    0.15725919E+02    0.28585543E-02    0.29536886E-02
    0.24924133E+00    0.15713921E+02    0.15701174E+02    0.29326297E-02    0.30325823E-02
    0.24427780E+00    0.15689662E+02    0.15676548E+02    0.30074094E-02    0.31123675E-02
    0.23943286E+00    0.15665479E+02    0.15651987E+02    0.30828661E-02    0.31930016E-02
    0.23469936E+00    0.15641327E+02    0.15627446E+02    0.31589862E-02    0.32744799E-02
    0.23007055E+00    0.15617157E+02    0.15602880E+02    0.32357854E-02    0.33568154E-02
    0.22554007E+00    0.15592929E+02    0.15578246E+02    0.33132747E-02    0.34400332E-02
    0.22110188E+00    0.15568597E+02    0.15553503E+02    0.33914697E-02    0.35241685E-02
    0.21675032E+00    0.15544118E+02    0.15528609E+02    0.34703805E-02    0.36092376E-02
    0.21248002E+00    0.15519451E+02    0.15503520E+02    0.35500955E-02    0.36953216E-02
    0.20828595E+00    0.15494554E+02    0.15478193E+02    0.36308630E-02    0.37826879E-02
    0.20416335E+00    0.15469387E+02    0.15452588E+02    0.37128604E-02    0.38715277E-02
    0.20010776E+00    0.15443910E+02    0.15426661E+02    0.37962985E-02    0.39620638E-02
    0.19611496E+00    0.15418084E+02    0.15400372E+02    0.38813657E-02    0.40544698E-02
    0.19218101E+00    0.15391866E+02    0.15373681E+02    0.39682131E-02    0.41488967E-02
    0.18830220E+00    0.15365210E+02    0.15346542E+02    0.40570144E-02    0.42455378E-02
    0.18447502E+00    0.15338068E+02    0.15318911E+02    0.41478915E-02    0.43445297E-02
    0.18069621E+00    0.15310388E+02    0.15290735E+02    0.42410467E-02    0.44461381E-02
    0.17696268E+00    0.15282114E+02    0.15261957E+02    0.43367254E-02    0.45506751E-02
    0.17327155E+00    0.15253188E+02    0.15232515E+02    0.44350889E-02    0.46583446E-02
    0.16962011E+00    0.15223546E+02    0.15202345E+02    0.45363263E-02    0.47693687E-02
    0.16600582E+00    0.15193120E+02    0.15171378E+02    0.46406996E-02    0.48840496E-02
    0.16242629E+00    0.15161841E+02    0.15139542E+02    0.47484145E-02    0.50026190E-02
    0.15887929E+00    0.15129637E+02    0.15106764E+02    0.48596920E-02    0.51253332E-02
    0.15536273E+00    0.15096431E+02    0.15072970E+02    0.49747959E-02    0.52525073E-02
    0.15187465E+00    0.15062143E+02    0.15038077E+02    0.50940246E-02    0.53845004E-02
    0.14841320E+00    0.15026688E+02    0.15002001E+02    0.52177629E-02    0.55218035E-02
    0.14497667E+00    0.14989978E+02    0.14964653E+02    0.53464134E-02    0.56649175E-02
    0.14156345E+00    0.14951917E+02    0.14925939E+02    0.54804425E-02    0.58143995E-02
    0.13817202E+00    0.14912404E+02    0.14885757E+02    0.56204568E-02    0.59709633E-02
    0.13480098E+00    0.14871327E+02    0.14843998E+02    0.57669860E-02    0.61352359E-02
    0.13144899E+00    0.14828566E+02    0.14800543E+02    0.59206471E-02    0.63079529E-02
    0.12811483E+00    0.14783993E+02    0.14755264E+02    0.60821568E-02    0.64899474E-02
    0.12479733E+00    0.14737469E+02    0.14708022E+02    0.62522534E-02    0.66820841E-02
    0.12149540E+00    0.14688846E+02    0.14658672E+02    0.64316713E-02    0.68852507E-02
    0.11820805E+00    0.14637968E+02    0.14607055E+02    0.66213471E-02    0.71006209E-02
    0.11493430E+00    0.14584659E+02    0.14553000E+02    0.68222652E-02    0.73294427E-02
    0.11167329E+00    0.14528728E+02    0.14496318E+02    0.70354917E-02    0.75730946E-02
    0.10842417E+00    0.14469959E+02    0.14436805E+02    0.72622542E-02    0.78331628E-02
    0.10518618E+00    0.14408115E+02    0.14374230E+02    0.75038785E-02    0.81113170E-02
    0.10195857E+00    0.14342930E+02    0.14308341E+02    0.77620964E-02    0.84097526E-02
    0.98740688E-01    0.14274106E+02    0.14238850E+02    0.80389157E-02    0.87311516E-02
    0.95531882E-01    0.14201307E+02    0.14165439E+02    0.83366101E-02    0.90786388E-02
    0.92331562E-01    0.14124161E+02    0.14087750E+02    0.86577473E-02    0.94557560E-02
    0.89139174E-01    0.14042253E+02    0.14005385E+02    0.90052983E-02    0.98665342E-02
    0.85954197E-01    0.13955125E+02    0.13917905E+02    0.93828049E-02    0.10315889E-01
    0.82776147E-01    0.13862275E+02    0.13824831E+02    0.97943076E-02    0.10809503E-01
    0.79604570E-01    0.13763154E+02    0.13725642E+02    0.10244548E-01    0.11354095E-01
    0.76439043E-01    0.13657148E+02    0.13619762E+02    0.10739285E-01    0.11957820E-01
    0.73279168E-01    0.13543566E+02    0.13506548E+02    0.11285600E-01    0.12630739E-01
    0.70124575E-01    0.13421621E+02    0.13385272E+02    0.11892073E-01    0.13385151E-01
    0.66974918E-01    0.13290409E+02    0.13255096E+02    0.12569178E-01    0.14235992E-01
    0.63829873E-01    0.13148878E+02    0.13115040E+02    0.13330003E-01    0.15201955E-01
    0.60689138E-01    0.12995777E+02    0.12963944E+02    0.14190914E-01    0.16306600E-01
    0.57552429E-01    0.12829633E+02    0.12800416E+02    0.15171952E-01    0.17579123E-01
    0.54419483E-01    0.12648727E+02    0.12622793E+02    0.16297696E-01    0.19054689E-01
    0.51290053E-01    0.12451022E+02    0.12429073E+02    0.17598991E-01    0.20775764E-01
    0.48163908E-01    0.12234036E+02    0.12216778E+02    0.19114980E-01    0.22794813E-01
    0.45040832E-01    0.11994712E+02    0.11982771E+02    0.20896386E-01    0.25177860E-01
    0.41920623E-01    0.11729273E+02    0.11723042E+02    0.23008709E-01    0.28005902E-01
    0.38803094E-01    0.11433051E+02    0.11432488E+02    0.25537395E-01    0.31376420E-01
    0.35688068E-01    0.11100155E+02    0.11104613E+02    0.28596925E-01    0.35408489E-01
    0.32575381E-01    0.10723029E+02    0.10730955E+02    0.32333207E-01    0.40236225E-01
    0.29464880E-01    0.10291920E+02    0.10300560E+02    0.36931505E-01    0.45992481E-01
    0.26356420E-01    0.97936869E+01    0.97993063E+01    0.42617217E-01    0.52787026E-01
    0.23249868E-01    0.92110735E+01    0.92095580E+01    0.49648266E-01    0.60674018E-01
    0.20145098E-01    0.85219735E+01    0.85102904E+01    0.58254631E-01    0.69588493E-01
    0.17041993E-01    0.76994858E+01    0.76781666E+01    0.68531007E-01    0.79286891E-01
    0.13940444E-01    0.67156643E+01    0.66899031E+01    0.80156663E-01    0.89297930E-01
    0.10840348E-01    0.55488524E+01    0.55267120E+01    0.92194975E-01    0.98977187E-01
    0.77416096E-02    0.41914925E+01    0.41787016E+01    0.10327294E+00    0.10774400E+00
    0.46441401E-02    0.26518711E+01    0.26466163E+01    0.11236132E+00    0.11531572E+00
    0.15478559E-02    0.94010549E+00    0.93849088E+00    0.11968624E+00    0.12186006E+00
