   0.25642E+02   0.33058E+00   0.13696E+04   0.71113E-03   0.25830E+00   0.23998E+03
   0.25660E+02   0.33058E+00   0.13694E+04   0.71110E-03   0.25831E+00   0.24001E+03
   0.25677E+02   0.33058E+00   0.13694E+04   0.71107E-03   0.25832E+00   0.24004E+03
   0.25694E+02   0.33058E+00   0.13693E+04   0.71104E-03   0.25833E+00   0.24006E+03
   0.25712E+02   0.33058E+00   0.13693E+04   0.71102E-03   0.25833E+00   0.24008E+03
   0.25729E+02   0.33058E+00   0.13693E+04   0.71099E-03   0.25834E+00   0.24010E+03
   0.25747E+02   0.33058E+00   0.13694E+04   0.71097E-03   0.25835E+00   0.24011E+03
   0.25764E+02   0.33059E+00   0.13695E+04   0.71094E-03   0.25836E+00   0.24012E+03
   0.25781E+02   0.33059E+00   0.13696E+04   0.71091E-03   0.25837E+00   0.24013E+03
   0.25799E+02   0.33059E+00   0.13696E+04   0.71088E-03   0.25838E+00   0.24016E+03
   0.25816E+02   0.33059E+00   0.13696E+04   0.71085E-03   0.25839E+00   0.24019E+03
   0.25833E+02   0.33059E+00   0.13696E+04   0.71082E-03   0.25839E+00   0.24023E+03
   0.25851E+02   0.33059E+00   0.13696E+04   0.71079E-03   0.25840E+00   0.24025E+03
   0.25868E+02   0.33059E+00   0.13696E+04   0.71077E-03   0.25841E+00   0.24027E+03
   0.25885E+02   0.33059E+00   0.13696E+04   0.71074E-03   0.25842E+00   0.24029E+03
   0.25903E+02   0.33059E+00   0.13695E+04   0.71072E-03   0.25842E+00   0.24031E+03
   0.25920E+02   0.33059E+00   0.13694E+04   0.71070E-03   0.25843E+00   0.24032E+03
   0.25938E+02   0.33059E+00   0.13694E+04   0.71068E-03   0.25844E+00   0.24034E+03
