   0.23455E+02   0.33042E+00   0.13641E+04   0.71588E-03   0.25684E+00   0.23738E+03
   0.23472E+02   0.33042E+00   0.13640E+04   0.71584E-03   0.25686E+00   0.23741E+03
   0.23490E+02   0.33042E+00   0.13639E+04   0.71581E-03   0.25686E+00   0.23743E+03
   0.23507E+02   0.33042E+00   0.13639E+04   0.71577E-03   0.25687E+00   0.23746E+03
   0.23524E+02   0.33042E+00   0.13639E+04   0.71574E-03   0.25688E+00   0.23748E+03
   0.23542E+02   0.33042E+00   0.13641E+04   0.71570E-03   0.25690E+00   0.23749E+03
   0.23559E+02   0.33042E+00   0.13644E+04   0.71566E-03   0.25691E+00   0.23752E+03
   0.23576E+02   0.33042E+00   0.13645E+04   0.71561E-03   0.25692E+00   0.23754E+03
   0.23594E+02   0.33043E+00   0.13643E+04   0.71557E-03   0.25694E+00   0.23755E+03
   0.23611E+02   0.33043E+00   0.13643E+04   0.71553E-03   0.25695E+00   0.23757E+03
   0.23628E+02   0.33043E+00   0.13643E+04   0.71548E-03   0.25697E+00   0.23759E+03
   0.23646E+02   0.33043E+00   0.13644E+04   0.71544E-03   0.25698E+00   0.23761E+03
   0.23663E+02   0.33043E+00   0.13646E+04   0.71540E-03   0.25699E+00   0.23763E+03
   0.23681E+02   0.33044E+00   0.13647E+04   0.71535E-03   0.25701E+00   0.23766E+03
   0.23698E+02   0.33044E+00   0.13649E+04   0.71531E-03   0.25702E+00   0.23768E+03
   0.23715E+02   0.33044E+00   0.13650E+04   0.71527E-03   0.25703E+00   0.23770E+03
   0.23733E+02   0.33044E+00   0.13651E+04   0.71523E-03   0.25704E+00   0.23772E+03
   0.23750E+02   0.33044E+00   0.13651E+04   0.71520E-03   0.25705E+00   0.23774E+03
