   0.34549E+01   0.35830E+00   0.11512E+04   0.47066E-03   0.34804E+00   0.21776E+03
   0.34722E+01   0.35820E+00   0.11517E+04   0.47116E-03   0.34781E+00   0.21777E+03
   0.34896E+01   0.35810E+00   0.11523E+04   0.47166E-03   0.34759E+00   0.21778E+03
   0.35069E+01   0.35800E+00   0.11530E+04   0.47215E-03   0.34737E+00   0.21780E+03
   0.35243E+01   0.35790E+00   0.11537E+04   0.47265E-03   0.34714E+00   0.21781E+03
   0.35417E+01   0.35780E+00   0.11542E+04   0.47315E-03   0.34692E+00   0.21782E+03
   0.35590E+01   0.35770E+00   0.11545E+04   0.47364E-03   0.34670E+00   0.21784E+03
   0.35764E+01   0.35761E+00   0.11547E+04   0.47414E-03   0.34648E+00   0.21785E+03
   0.35938E+01   0.35751E+00   0.11551E+04   0.47463E-03   0.34627E+00   0.21787E+03
   0.36111E+01   0.35742E+00   0.11557E+04   0.47512E-03   0.34605E+00   0.21788E+03
   0.36285E+01   0.35732E+00   0.11563E+04   0.47561E-03   0.34583E+00   0.21790E+03
   0.36458E+01   0.35723E+00   0.11569E+04   0.47611E-03   0.34562E+00   0.21791E+03
   0.36632E+01   0.35713E+00   0.11574E+04   0.47660E-03   0.34540E+00   0.21792E+03
   0.36806E+01   0.35704E+00   0.11577E+04   0.47709E-03   0.34519E+00   0.21794E+03
   0.36979E+01   0.35695E+00   0.11580E+04   0.47758E-03   0.34497E+00   0.21795E+03
   0.37153E+01   0.35686E+00   0.11584E+04   0.47807E-03   0.34476E+00   0.21797E+03
   0.37326E+01   0.35676E+00   0.11588E+04   0.47856E-03   0.34454E+00   0.21798E+03
   0.37500E+01   0.35667E+00   0.11593E+04   0.47905E-03   0.34433E+00   0.21800E+03
