   0.14080E+02   0.33189E+00   0.12973E+04   0.69111E-03   0.26495E+00   0.22727E+03
   0.14097E+02   0.33188E+00   0.12974E+04   0.69127E-03   0.26489E+00   0.22728E+03
   0.14115E+02   0.33187E+00   0.12975E+04   0.69143E-03   0.26484E+00   0.22730E+03
   0.14132E+02   0.33186E+00   0.12976E+04   0.69159E-03   0.26479E+00   0.22731E+03
   0.14149E+02   0.33185E+00   0.12979E+04   0.69174E-03   0.26474E+00   0.22733E+03
   0.14167E+02   0.33184E+00   0.12983E+04   0.69190E-03   0.26468E+00   0.22734E+03
   0.14184E+02   0.33183E+00   0.12986E+04   0.69206E-03   0.26463E+00   0.22736E+03
   0.14201E+02   0.33182E+00   0.12987E+04   0.69221E-03   0.26458E+00   0.22738E+03
   0.14219E+02   0.33181E+00   0.12985E+04   0.69237E-03   0.26453E+00   0.22741E+03
   0.14236E+02   0.33180E+00   0.12985E+04   0.69252E-03   0.26448E+00   0.22743E+03
   0.14253E+02   0.33179E+00   0.12988E+04   0.69268E-03   0.26443E+00   0.22744E+03
   0.14271E+02   0.33178E+00   0.12991E+04   0.69283E-03   0.26438E+00   0.22745E+03
   0.14288E+02   0.33177E+00   0.12994E+04   0.69298E-03   0.26433E+00   0.22747E+03
   0.14306E+02   0.33176E+00   0.12998E+04   0.69313E-03   0.26428E+00   0.22748E+03
   0.14323E+02   0.33175E+00   0.13000E+04   0.69328E-03   0.26423E+00   0.22750E+03
   0.14340E+02   0.33174E+00   0.12999E+04   0.69342E-03   0.26418E+00   0.22752E+03
   0.14358E+02   0.33173E+00   0.12997E+04   0.69357E-03   0.26413E+00   0.22754E+03
   0.14375E+02   0.33172E+00   0.12999E+04   0.69372E-03   0.26409E+00   0.22756E+03
