   0.95486E+00   0.38333E+00   0.93259E+03   0.36006E-03   0.40059E+00   0.21575E+03
   0.97222E+00   0.38274E+00   0.93621E+03   0.36234E-03   0.39944E+00   0.21576E+03
   0.98958E+00   0.38217E+00   0.93972E+03   0.36454E-03   0.39834E+00   0.21578E+03
   0.10069E+01   0.38163E+00   0.94314E+03   0.36668E-03   0.39727E+00   0.21579E+03
   0.10243E+01   0.38111E+00   0.94646E+03   0.36876E-03   0.39624E+00   0.21581E+03
   0.10417E+01   0.38061E+00   0.94969E+03   0.37077E-03   0.39525E+00   0.21582E+03
   0.10590E+01   0.38013E+00   0.95288E+03   0.37273E-03   0.39429E+00   0.21583E+03
   0.10764E+01   0.37967E+00   0.95603E+03   0.37463E-03   0.39336E+00   0.21585E+03
   0.10938E+01   0.37922E+00   0.95916E+03   0.37647E-03   0.39246E+00   0.21586E+03
   0.11111E+01   0.37879E+00   0.96227E+03   0.37827E-03   0.39159E+00   0.21587E+03
   0.11285E+01   0.37838E+00   0.96534E+03   0.38001E-03   0.39075E+00   0.21589E+03
   0.11458E+01   0.37798E+00   0.96836E+03   0.38170E-03   0.38993E+00   0.21590E+03
   0.11632E+01   0.37759E+00   0.97131E+03   0.38335E-03   0.38914E+00   0.21591E+03
   0.11806E+01   0.37721E+00   0.97417E+03   0.38495E-03   0.38837E+00   0.21593E+03
   0.11979E+01   0.37685E+00   0.97697E+03   0.38651E-03   0.38762E+00   0.21594E+03
   0.12153E+01   0.37650E+00   0.97972E+03   0.38803E-03   0.38689E+00   0.21595E+03
   0.12326E+01   0.37616E+00   0.98246E+03   0.38951E-03   0.38619E+00   0.21597E+03
   0.12500E+01   0.37583E+00   0.98520E+03   0.39094E-03   0.38550E+00   0.21598E+03
