   0.12674E+01   0.37551E+00   0.98792E+03   0.39235E-03   0.38483E+00   0.21600E+03
   0.12847E+01   0.37519E+00   0.99057E+03   0.39372E-03   0.38418E+00   0.21601E+03
   0.13021E+01   0.37489E+00   0.99316E+03   0.39505E-03   0.38355E+00   0.21602E+03
   0.13194E+01   0.37460E+00   0.99568E+03   0.39635E-03   0.38293E+00   0.21604E+03
   0.13368E+01   0.37431E+00   0.99818E+03   0.39761E-03   0.38233E+00   0.21605E+03
   0.13542E+01   0.37403E+00   0.10007E+04   0.39884E-03   0.38175E+00   0.21606E+03
   0.13715E+01   0.37376E+00   0.10032E+04   0.40004E-03   0.38118E+00   0.21608E+03
   0.13889E+01   0.37350E+00   0.10056E+04   0.40121E-03   0.38063E+00   0.21609E+03
   0.14062E+01   0.37325E+00   0.10080E+04   0.40235E-03   0.38010E+00   0.21610E+03
   0.14236E+01   0.37301E+00   0.10104E+04   0.40346E-03   0.37958E+00   0.21612E+03
   0.14410E+01   0.37278E+00   0.10126E+04   0.40454E-03   0.37908E+00   0.21613E+03
   0.14583E+01   0.37255E+00   0.10149E+04   0.40560E-03   0.37859E+00   0.21615E+03
   0.14757E+01   0.37233E+00   0.10172E+04   0.40663E-03   0.37811E+00   0.21616E+03
   0.14931E+01   0.37212E+00   0.10195E+04   0.40763E-03   0.37765E+00   0.21617E+03
   0.15104E+01   0.37191E+00   0.10218E+04   0.40861E-03   0.37720E+00   0.21619E+03
   0.15278E+01   0.37170E+00   0.10239E+04   0.40957E-03   0.37676E+00   0.21620E+03
   0.15451E+01   0.37151E+00   0.10260E+04   0.41051E-03   0.37633E+00   0.21621E+03
   0.15625E+01   0.37132E+00   0.10280E+04   0.41143E-03   0.37591E+00   0.21623E+03
