   0.25017E+02   0.33054E+00   0.13687E+04   0.71249E-03   0.25788E+00   0.23925E+03
   0.25035E+02   0.33054E+00   0.13686E+04   0.71245E-03   0.25790E+00   0.23925E+03
   0.25052E+02   0.33054E+00   0.13687E+04   0.71241E-03   0.25791E+00   0.23926E+03
   0.25069E+02   0.33054E+00   0.13690E+04   0.71238E-03   0.25792E+00   0.23928E+03
   0.25087E+02   0.33054E+00   0.13693E+04   0.71233E-03   0.25793E+00   0.23930E+03
   0.25104E+02   0.33054E+00   0.13693E+04   0.71229E-03   0.25795E+00   0.23934E+03
   0.25122E+02   0.33054E+00   0.13691E+04   0.71224E-03   0.25796E+00   0.23938E+03
   0.25139E+02   0.33055E+00   0.13689E+04   0.71219E-03   0.25798E+00   0.23941E+03
   0.25156E+02   0.33055E+00   0.13688E+04   0.71214E-03   0.25799E+00   0.23943E+03
   0.25174E+02   0.33055E+00   0.13688E+04   0.71210E-03   0.25800E+00   0.23945E+03
   0.25191E+02   0.33055E+00   0.13690E+04   0.71206E-03   0.25802E+00   0.23945E+03
   0.25208E+02   0.33055E+00   0.13694E+04   0.71201E-03   0.25803E+00   0.23946E+03
   0.25226E+02   0.33055E+00   0.13696E+04   0.71196E-03   0.25804E+00   0.23947E+03
   0.25243E+02   0.33055E+00   0.13697E+04   0.71191E-03   0.25806E+00   0.23949E+03
   0.25260E+02   0.33056E+00   0.13695E+04   0.71186E-03   0.25808E+00   0.23952E+03
   0.25278E+02   0.33056E+00   0.13691E+04   0.71182E-03   0.25809E+00   0.23955E+03
   0.25295E+02   0.33056E+00   0.13688E+04   0.71179E-03   0.25810E+00   0.23958E+03
   0.25312E+02   0.33056E+00   0.13688E+04   0.71175E-03   0.25811E+00   0.23961E+03
