   0.27205E+02   0.33069E+00   0.13723E+04   0.70831E-03   0.25917E+00   0.24195E+03
   0.27222E+02   0.33069E+00   0.13720E+04   0.70827E-03   0.25919E+00   0.24197E+03
   0.27240E+02   0.33069E+00   0.13719E+04   0.70823E-03   0.25920E+00   0.24199E+03
   0.27257E+02   0.33070E+00   0.13719E+04   0.70820E-03   0.25921E+00   0.24201E+03
   0.27274E+02   0.33070E+00   0.13721E+04   0.70816E-03   0.25922E+00   0.24204E+03
   0.27292E+02   0.33070E+00   0.13723E+04   0.70812E-03   0.25923E+00   0.24207E+03
   0.27309E+02   0.33070E+00   0.13724E+04   0.70808E-03   0.25925E+00   0.24209E+03
   0.27326E+02   0.33070E+00   0.13725E+04   0.70805E-03   0.25926E+00   0.24211E+03
   0.27344E+02   0.33070E+00   0.13726E+04   0.70801E-03   0.25927E+00   0.24213E+03
   0.27361E+02   0.33071E+00   0.13727E+04   0.70798E-03   0.25928E+00   0.24215E+03
   0.27378E+02   0.33071E+00   0.13724E+04   0.70794E-03   0.25929E+00   0.24217E+03
   0.27396E+02   0.33071E+00   0.13722E+04   0.70790E-03   0.25930E+00   0.24219E+03
   0.27413E+02   0.33071E+00   0.13722E+04   0.70786E-03   0.25932E+00   0.24221E+03
   0.27431E+02   0.33071E+00   0.13722E+04   0.70783E-03   0.25932E+00   0.24223E+03
   0.27448E+02   0.33071E+00   0.13722E+04   0.70780E-03   0.25933E+00   0.24225E+03
   0.27465E+02   0.33071E+00   0.13722E+04   0.70776E-03   0.25935E+00   0.24227E+03
   0.27483E+02   0.33071E+00   0.13721E+04   0.70773E-03   0.25936E+00   0.24230E+03
   0.27500E+02   0.33071E+00   0.13724E+04   0.70769E-03   0.25937E+00   0.24232E+03
