   0.72049E+01   0.34209E+00   0.12117E+04   0.57469E-03   0.30563E+00   0.22091E+03
   0.72222E+01   0.34204E+00   0.12119E+04   0.57513E-03   0.30547E+00   0.22092E+03
   0.72396E+01   0.34198E+00   0.12122E+04   0.57557E-03   0.30530E+00   0.22094E+03
   0.72569E+01   0.34193E+00   0.12125E+04   0.57601E-03   0.30514E+00   0.22096E+03
   0.72743E+01   0.34188E+00   0.12126E+04   0.57645E-03   0.30497E+00   0.22097E+03
   0.72917E+01   0.34183E+00   0.12128E+04   0.57689E-03   0.30481E+00   0.22099E+03
   0.73090E+01   0.34178E+00   0.12130E+04   0.57732E-03   0.30465E+00   0.22100E+03
   0.73264E+01   0.34173E+00   0.12133E+04   0.57776E-03   0.30448E+00   0.22101E+03
   0.73438E+01   0.34168E+00   0.12136E+04   0.57820E-03   0.30432E+00   0.22103E+03
   0.73611E+01   0.34162E+00   0.12138E+04   0.57863E-03   0.30416E+00   0.22104E+03
   0.73785E+01   0.34157E+00   0.12141E+04   0.57906E-03   0.30400E+00   0.22106E+03
   0.73958E+01   0.34152E+00   0.12142E+04   0.57950E-03   0.30383E+00   0.22107E+03
   0.74132E+01   0.34147E+00   0.12144E+04   0.57993E-03   0.30367E+00   0.22109E+03
   0.74306E+01   0.34143E+00   0.12145E+04   0.58036E-03   0.30351E+00   0.22111E+03
   0.74479E+01   0.34138E+00   0.12148E+04   0.58080E-03   0.30335E+00   0.22112E+03
   0.74653E+01   0.34133E+00   0.12152E+04   0.58123E-03   0.30319E+00   0.22113E+03
   0.74826E+01   0.34128E+00   0.12156E+04   0.58166E-03   0.30303E+00   0.22115E+03
   0.75000E+01   0.34123E+00   0.12158E+04   0.58209E-03   0.30287E+00   0.22116E+03
