   0.37674E+01   0.35658E+00   0.11597E+04   0.47953E-03   0.34412E+00   0.21801E+03
   0.37847E+01   0.35649E+00   0.11602E+04   0.48002E-03   0.34390E+00   0.21802E+03
   0.38021E+01   0.35639E+00   0.11608E+04   0.48051E-03   0.34369E+00   0.21804E+03
   0.38194E+01   0.35630E+00   0.11612E+04   0.48099E-03   0.34347E+00   0.21805E+03
   0.38368E+01   0.35621E+00   0.11616E+04   0.48148E-03   0.34326E+00   0.21807E+03
   0.38542E+01   0.35611E+00   0.11618E+04   0.48197E-03   0.34304E+00   0.21808E+03
   0.38715E+01   0.35602E+00   0.11620E+04   0.48246E-03   0.34283E+00   0.21810E+03
   0.38889E+01   0.35592E+00   0.11624E+04   0.48295E-03   0.34261E+00   0.21811E+03
   0.39062E+01   0.35583E+00   0.11628E+04   0.48343E-03   0.34240E+00   0.21812E+03
   0.39236E+01   0.35574E+00   0.11635E+04   0.48392E-03   0.34218E+00   0.21813E+03
   0.39410E+01   0.35564E+00   0.11640E+04   0.48441E-03   0.34196E+00   0.21815E+03
   0.39583E+01   0.35554E+00   0.11644E+04   0.48490E-03   0.34174E+00   0.21816E+03
   0.39757E+01   0.35545E+00   0.11646E+04   0.48539E-03   0.34153E+00   0.21818E+03
   0.39931E+01   0.35536E+00   0.11647E+04   0.48588E-03   0.34131E+00   0.21820E+03
   0.40104E+01   0.35526E+00   0.11649E+04   0.48637E-03   0.34109E+00   0.21821E+03
   0.40278E+01   0.35517E+00   0.11652E+04   0.48687E-03   0.34087E+00   0.21822E+03
   0.40451E+01   0.35507E+00   0.11658E+04   0.48736E-03   0.34066E+00   0.21823E+03
   0.40625E+01   0.35497E+00   0.11664E+04   0.48786E-03   0.34044E+00   0.21825E+03
