   0.10955E+02   0.33460E+00   0.12617E+04   0.65211E-03   0.27800E+00   0.22428E+03
   0.10972E+02   0.33457E+00   0.12619E+04   0.65238E-03   0.27791E+00   0.22430E+03
   0.10990E+02   0.33455E+00   0.12621E+04   0.65265E-03   0.27782E+00   0.22431E+03
   0.11007E+02   0.33453E+00   0.12622E+04   0.65292E-03   0.27772E+00   0.22433E+03
   0.11024E+02   0.33451E+00   0.12624E+04   0.65320E-03   0.27763E+00   0.22435E+03
   0.11042E+02   0.33449E+00   0.12627E+04   0.65347E-03   0.27754E+00   0.22437E+03
   0.11059E+02   0.33447E+00   0.12630E+04   0.65374E-03   0.27745E+00   0.22438E+03
   0.11076E+02   0.33445E+00   0.12633E+04   0.65400E-03   0.27736E+00   0.22440E+03
   0.11094E+02   0.33443E+00   0.12635E+04   0.65426E-03   0.27727E+00   0.22441E+03
   0.11111E+02   0.33441E+00   0.12637E+04   0.65453E-03   0.27718E+00   0.22443E+03
   0.11128E+02   0.33439E+00   0.12640E+04   0.65479E-03   0.27709E+00   0.22445E+03
   0.11146E+02   0.33437E+00   0.12642E+04   0.65506E-03   0.27700E+00   0.22446E+03
   0.11163E+02   0.33435E+00   0.12643E+04   0.65533E-03   0.27691E+00   0.22448E+03
   0.11181E+02   0.33433E+00   0.12645E+04   0.65559E-03   0.27682E+00   0.22449E+03
   0.11198E+02   0.33431E+00   0.12647E+04   0.65585E-03   0.27673E+00   0.22451E+03
   0.11215E+02   0.33429E+00   0.12650E+04   0.65611E-03   0.27664E+00   0.22452E+03
   0.11233E+02   0.33427E+00   0.12653E+04   0.65637E-03   0.27655E+00   0.22454E+03
   0.11250E+02   0.33425E+00   0.12655E+04   0.65664E-03   0.27646E+00   0.22456E+03
