   0.21580E+02   0.33031E+00   0.13553E+04   0.71904E-03   0.25588E+00   0.23522E+03
   0.21597E+02   0.33031E+00   0.13553E+04   0.71901E-03   0.25588E+00   0.23523E+03
   0.21615E+02   0.33031E+00   0.13557E+04   0.71898E-03   0.25589E+00   0.23525E+03
   0.21632E+02   0.33031E+00   0.13562E+04   0.71895E-03   0.25590E+00   0.23526E+03
   0.21649E+02   0.33031E+00   0.13565E+04   0.71892E-03   0.25592E+00   0.23528E+03
   0.21667E+02   0.33031E+00   0.13566E+04   0.71889E-03   0.25592E+00   0.23531E+03
   0.21684E+02   0.33032E+00   0.13567E+04   0.71887E-03   0.25593E+00   0.23532E+03
   0.21701E+02   0.33032E+00   0.13567E+04   0.71886E-03   0.25593E+00   0.23535E+03
   0.21719E+02   0.33032E+00   0.13566E+04   0.71884E-03   0.25594E+00   0.23537E+03
   0.21736E+02   0.33032E+00   0.13563E+04   0.71883E-03   0.25594E+00   0.23539E+03
   0.21753E+02   0.33032E+00   0.13563E+04   0.71880E-03   0.25595E+00   0.23541E+03
   0.21771E+02   0.33032E+00   0.13566E+04   0.71878E-03   0.25596E+00   0.23543E+03
   0.21788E+02   0.33032E+00   0.13570E+04   0.71875E-03   0.25597E+00   0.23544E+03
   0.21806E+02   0.33032E+00   0.13572E+04   0.71872E-03   0.25597E+00   0.23547E+03
   0.21823E+02   0.33032E+00   0.13571E+04   0.71870E-03   0.25598E+00   0.23549E+03
   0.21840E+02   0.33032E+00   0.13570E+04   0.71869E-03   0.25598E+00   0.23551E+03
   0.21858E+02   0.33032E+00   0.13572E+04   0.71867E-03   0.25599E+00   0.23553E+03
   0.21875E+02   0.33032E+00   0.13574E+04   0.71866E-03   0.25599E+00   0.23555E+03
