   0.20955E+02   0.33028E+00   0.13519E+04   0.71943E-03   0.25575E+00   0.23453E+03
   0.20972E+02   0.33028E+00   0.13520E+04   0.71942E-03   0.25575E+00   0.23455E+03
   0.20990E+02   0.33028E+00   0.13521E+04   0.71940E-03   0.25576E+00   0.23456E+03
   0.21007E+02   0.33028E+00   0.13524E+04   0.71938E-03   0.25576E+00   0.23456E+03
   0.21024E+02   0.33029E+00   0.13526E+04   0.71937E-03   0.25577E+00   0.23457E+03
   0.21042E+02   0.33029E+00   0.13527E+04   0.71936E-03   0.25577E+00   0.23459E+03
   0.21059E+02   0.33029E+00   0.13527E+04   0.71936E-03   0.25577E+00   0.23461E+03
   0.21076E+02   0.33029E+00   0.13527E+04   0.71936E-03   0.25577E+00   0.23464E+03
   0.21094E+02   0.33029E+00   0.13529E+04   0.71935E-03   0.25577E+00   0.23467E+03
   0.21111E+02   0.33029E+00   0.13532E+04   0.71934E-03   0.25578E+00   0.23470E+03
   0.21128E+02   0.33029E+00   0.13534E+04   0.71933E-03   0.25578E+00   0.23472E+03
   0.21146E+02   0.33029E+00   0.13534E+04   0.71931E-03   0.25579E+00   0.23474E+03
   0.21163E+02   0.33029E+00   0.13534E+04   0.71930E-03   0.25579E+00   0.23476E+03
   0.21181E+02   0.33029E+00   0.13534E+04   0.71930E-03   0.25579E+00   0.23477E+03
   0.21198E+02   0.33029E+00   0.13534E+04   0.71930E-03   0.25579E+00   0.23478E+03
   0.21215E+02   0.33029E+00   0.13537E+04   0.71930E-03   0.25579E+00   0.23479E+03
   0.21233E+02   0.33029E+00   0.13539E+04   0.71930E-03   0.25579E+00   0.23481E+03
   0.21250E+02   0.33029E+00   0.13539E+04   0.71929E-03   0.25579E+00   0.23484E+03
