   0.24705E+02   0.33050E+00   0.13679E+04   0.71336E-03   0.25761E+00   0.23883E+03
   0.24722E+02   0.33050E+00   0.13686E+04   0.71331E-03   0.25763E+00   0.23885E+03
   0.24740E+02   0.33050E+00   0.13689E+04   0.71326E-03   0.25764E+00   0.23888E+03
   0.24757E+02   0.33050E+00   0.13688E+04   0.71320E-03   0.25766E+00   0.23893E+03
   0.24774E+02   0.33051E+00   0.13684E+04   0.71315E-03   0.25768E+00   0.23897E+03
   0.24792E+02   0.33051E+00   0.13681E+04   0.71309E-03   0.25769E+00   0.23901E+03
   0.24809E+02   0.33051E+00   0.13679E+04   0.71305E-03   0.25771E+00   0.23903E+03
   0.24826E+02   0.33051E+00   0.13680E+04   0.71300E-03   0.25772E+00   0.23904E+03
   0.24844E+02   0.33052E+00   0.13682E+04   0.71296E-03   0.25774E+00   0.23904E+03
   0.24861E+02   0.33052E+00   0.13686E+04   0.71290E-03   0.25775E+00   0.23903E+03
   0.24878E+02   0.33052E+00   0.13689E+04   0.71285E-03   0.25777E+00   0.23904E+03
   0.24896E+02   0.33052E+00   0.13689E+04   0.71280E-03   0.25779E+00   0.23906E+03
   0.24913E+02   0.33053E+00   0.13687E+04   0.71275E-03   0.25780E+00   0.23909E+03
   0.24931E+02   0.33053E+00   0.13685E+04   0.71270E-03   0.25782E+00   0.23913E+03
   0.24948E+02   0.33053E+00   0.13686E+04   0.71266E-03   0.25783E+00   0.23917E+03
   0.24965E+02   0.33053E+00   0.13689E+04   0.71263E-03   0.25784E+00   0.23920E+03
   0.24983E+02   0.33053E+00   0.13691E+04   0.71258E-03   0.25786E+00   0.23923E+03
   0.25000E+02   0.33053E+00   0.13690E+04   0.71254E-03   0.25787E+00   0.23924E+03
