   0.68924E+01   0.34307E+00   0.12078E+04   0.56666E-03   0.30867E+00   0.22064E+03
   0.69097E+01   0.34302E+00   0.12080E+04   0.56711E-03   0.30850E+00   0.22065E+03
   0.69271E+01   0.34296E+00   0.12082E+04   0.56755E-03   0.30833E+00   0.22067E+03
   0.69444E+01   0.34291E+00   0.12084E+04   0.56800E-03   0.30816E+00   0.22069E+03
   0.69618E+01   0.34285E+00   0.12086E+04   0.56845E-03   0.30799E+00   0.22071E+03
   0.69792E+01   0.34279E+00   0.12088E+04   0.56890E-03   0.30782E+00   0.22072E+03
   0.69965E+01   0.34274E+00   0.12090E+04   0.56935E-03   0.30765E+00   0.22074E+03
   0.70139E+01   0.34268E+00   0.12093E+04   0.56980E-03   0.30748E+00   0.22075E+03
   0.70312E+01   0.34263E+00   0.12095E+04   0.57025E-03   0.30731E+00   0.22076E+03
   0.70486E+01   0.34258E+00   0.12098E+04   0.57069E-03   0.30714E+00   0.22077E+03
   0.70660E+01   0.34252E+00   0.12099E+04   0.57113E-03   0.30697E+00   0.22079E+03
   0.70833E+01   0.34247E+00   0.12101E+04   0.57158E-03   0.30681E+00   0.22081E+03
   0.71007E+01   0.34241E+00   0.12104E+04   0.57202E-03   0.30664E+00   0.22082E+03
   0.71181E+01   0.34236E+00   0.12106E+04   0.57247E-03   0.30647E+00   0.22084E+03
   0.71354E+01   0.34230E+00   0.12108E+04   0.57292E-03   0.30630E+00   0.22085E+03
   0.71528E+01   0.34225E+00   0.12111E+04   0.57336E-03   0.30613E+00   0.22087E+03
   0.71701E+01   0.34220E+00   0.12113E+04   0.57380E-03   0.30597E+00   0.22088E+03
   0.71875E+01   0.34214E+00   0.12115E+04   0.57425E-03   0.30580E+00   0.22090E+03
