   0.28767E+02   0.33090E+00   0.13723E+04   0.70399E-03   0.26055E+00   0.24388E+03
   0.28785E+02   0.33091E+00   0.13728E+04   0.70393E-03   0.26057E+00   0.24390E+03
   0.28802E+02   0.33091E+00   0.13733E+04   0.70386E-03   0.26059E+00   0.24392E+03
   0.28819E+02   0.33092E+00   0.13737E+04   0.70378E-03   0.26062E+00   0.24394E+03
   0.28837E+02   0.33092E+00   0.13741E+04   0.70370E-03   0.26065E+00   0.24397E+03
   0.28854E+02   0.33093E+00   0.13742E+04   0.70362E-03   0.26067E+00   0.24400E+03
   0.28872E+02   0.33093E+00   0.13739E+04   0.70355E-03   0.26070E+00   0.24403E+03
   0.28889E+02   0.33093E+00   0.13734E+04   0.70347E-03   0.26072E+00   0.24406E+03
   0.28906E+02   0.33094E+00   0.13731E+04   0.70341E-03   0.26074E+00   0.24409E+03
   0.28924E+02   0.33094E+00   0.13729E+04   0.70334E-03   0.26076E+00   0.24410E+03
   0.28941E+02   0.33094E+00   0.13730E+04   0.70327E-03   0.26078E+00   0.24411E+03
   0.28958E+02   0.33095E+00   0.13732E+04   0.70320E-03   0.26081E+00   0.24411E+03
   0.28976E+02   0.33095E+00   0.13734E+04   0.70312E-03   0.26083E+00   0.24412E+03
   0.28993E+02   0.33096E+00   0.13736E+04   0.70304E-03   0.26086E+00   0.24415E+03
   0.29010E+02   0.33096E+00   0.13735E+04   0.70296E-03   0.26089E+00   0.24418E+03
   0.29028E+02   0.33096E+00   0.13734E+04   0.70289E-03   0.26091E+00   0.24421E+03
   0.29045E+02   0.33097E+00   0.13734E+04   0.70283E-03   0.26093E+00   0.24424E+03
   0.29062E+02   0.33097E+00   0.13734E+04   0.70277E-03   0.26094E+00   0.24427E+03
