   0.17517E+02   0.33062E+00   0.13293E+04   0.71323E-03   0.25775E+00   0.23079E+03
   0.17535E+02   0.33062E+00   0.13293E+04   0.71330E-03   0.25773E+00   0.23081E+03
   0.17552E+02   0.33062E+00   0.13291E+04   0.71337E-03   0.25771E+00   0.23084E+03
   0.17569E+02   0.33061E+00   0.13287E+04   0.71344E-03   0.25769E+00   0.23086E+03
   0.17587E+02   0.33061E+00   0.13288E+04   0.71351E-03   0.25766E+00   0.23087E+03
   0.17604E+02   0.33061E+00   0.13293E+04   0.71358E-03   0.25764E+00   0.23088E+03
   0.17622E+02   0.33060E+00   0.13297E+04   0.71364E-03   0.25763E+00   0.23089E+03
   0.17639E+02   0.33060E+00   0.13300E+04   0.71370E-03   0.25761E+00   0.23091E+03
   0.17656E+02   0.33060E+00   0.13301E+04   0.71377E-03   0.25758E+00   0.23092E+03
   0.17674E+02   0.33059E+00   0.13301E+04   0.71384E-03   0.25756E+00   0.23095E+03
   0.17691E+02   0.33059E+00   0.13301E+04   0.71391E-03   0.25754E+00   0.23097E+03
   0.17708E+02   0.33058E+00   0.13301E+04   0.71398E-03   0.25752E+00   0.23100E+03
   0.17726E+02   0.33058E+00   0.13303E+04   0.71405E-03   0.25749E+00   0.23102E+03
   0.17743E+02   0.33058E+00   0.13305E+04   0.71411E-03   0.25747E+00   0.23104E+03
   0.17760E+02   0.33057E+00   0.13308E+04   0.71418E-03   0.25745E+00   0.23105E+03
   0.17778E+02   0.33057E+00   0.13310E+04   0.71424E-03   0.25743E+00   0.23107E+03
   0.17795E+02   0.33057E+00   0.13310E+04   0.71430E-03   0.25741E+00   0.23108E+03
   0.17812E+02   0.33056E+00   0.13309E+04   0.71436E-03   0.25739E+00   0.23109E+03
