   0.27830E+02   0.33073E+00   0.13724E+04   0.70701E-03   0.25957E+00   0.24274E+03
   0.27847E+02   0.33074E+00   0.13722E+04   0.70696E-03   0.25959E+00   0.24276E+03
   0.27865E+02   0.33074E+00   0.13724E+04   0.70691E-03   0.25960E+00   0.24278E+03
   0.27882E+02   0.33074E+00   0.13726E+04   0.70686E-03   0.25962E+00   0.24280E+03
   0.27899E+02   0.33075E+00   0.13726E+04   0.70680E-03   0.25964E+00   0.24282E+03
   0.27917E+02   0.33075E+00   0.13728E+04   0.70674E-03   0.25966E+00   0.24284E+03
   0.27934E+02   0.33075E+00   0.13733E+04   0.70668E-03   0.25968E+00   0.24287E+03
   0.27951E+02   0.33075E+00   0.13736E+04   0.70663E-03   0.25970E+00   0.24289E+03
   0.27969E+02   0.33076E+00   0.13736E+04   0.70657E-03   0.25971E+00   0.24292E+03
   0.27986E+02   0.33076E+00   0.13732E+04   0.70651E-03   0.25973E+00   0.24294E+03
   0.28003E+02   0.33076E+00   0.13728E+04   0.70646E-03   0.25975E+00   0.24296E+03
   0.28021E+02   0.33077E+00   0.13726E+04   0.70641E-03   0.25977E+00   0.24298E+03
   0.28038E+02   0.33077E+00   0.13726E+04   0.70636E-03   0.25978E+00   0.24300E+03
   0.28056E+02   0.33077E+00   0.13727E+04   0.70630E-03   0.25980E+00   0.24302E+03
   0.28073E+02   0.33078E+00   0.13730E+04   0.70624E-03   0.25982E+00   0.24303E+03
   0.28090E+02   0.33078E+00   0.13734E+04   0.70618E-03   0.25984E+00   0.24305E+03
   0.28108E+02   0.33078E+00   0.13735E+04   0.70612E-03   0.25986E+00   0.24308E+03
   0.28125E+02   0.33078E+00   0.13735E+04   0.70607E-03   0.25988E+00   0.24311E+03
