   0.19080E+02   0.33035E+00   0.13409E+04   0.71806E-03   0.25619E+00   0.23244E+03
   0.19097E+02   0.33035E+00   0.13411E+04   0.71809E-03   0.25618E+00   0.23246E+03
   0.19115E+02   0.33035E+00   0.13408E+04   0.71812E-03   0.25617E+00   0.23249E+03
   0.19132E+02   0.33035E+00   0.13404E+04   0.71815E-03   0.25616E+00   0.23251E+03
   0.19149E+02   0.33035E+00   0.13402E+04   0.71818E-03   0.25615E+00   0.23252E+03
   0.19167E+02   0.33035E+00   0.13405E+04   0.71821E-03   0.25614E+00   0.23253E+03
   0.19184E+02   0.33034E+00   0.13409E+04   0.71823E-03   0.25613E+00   0.23255E+03
   0.19201E+02   0.33034E+00   0.13412E+04   0.71825E-03   0.25613E+00   0.23257E+03
   0.19219E+02   0.33034E+00   0.13415E+04   0.71828E-03   0.25612E+00   0.23259E+03
   0.19236E+02   0.33034E+00   0.13418E+04   0.71830E-03   0.25611E+00   0.23261E+03
   0.19253E+02   0.33034E+00   0.13419E+04   0.71833E-03   0.25610E+00   0.23263E+03
   0.19271E+02   0.33034E+00   0.13418E+04   0.71836E-03   0.25609E+00   0.23266E+03
   0.19288E+02   0.33034E+00   0.13417E+04   0.71839E-03   0.25609E+00   0.23268E+03
   0.19306E+02   0.33034E+00   0.13417E+04   0.71841E-03   0.25608E+00   0.23269E+03
   0.19323E+02   0.33034E+00   0.13419E+04   0.71842E-03   0.25607E+00   0.23270E+03
   0.19340E+02   0.33034E+00   0.13420E+04   0.71844E-03   0.25607E+00   0.23272E+03
   0.19358E+02   0.33034E+00   0.13421E+04   0.71847E-03   0.25606E+00   0.23274E+03
   0.19375E+02   0.33033E+00   0.13423E+04   0.71850E-03   0.25605E+00   0.23275E+03
