   0.13455E+02   0.33229E+00   0.12908E+04   0.68491E-03   0.26700E+00   0.22664E+03
   0.13472E+02   0.33228E+00   0.12910E+04   0.68509E-03   0.26694E+00   0.22666E+03
   0.13490E+02   0.33227E+00   0.12913E+04   0.68527E-03   0.26688E+00   0.22668E+03
   0.13507E+02   0.33226E+00   0.12915E+04   0.68545E-03   0.26682E+00   0.22670E+03
   0.13524E+02   0.33225E+00   0.12916E+04   0.68563E-03   0.26676E+00   0.22672E+03
   0.13542E+02   0.33223E+00   0.12916E+04   0.68582E-03   0.26670E+00   0.22674E+03
   0.13559E+02   0.33222E+00   0.12916E+04   0.68601E-03   0.26664E+00   0.22675E+03
   0.13576E+02   0.33221E+00   0.12919E+04   0.68619E-03   0.26658E+00   0.22676E+03
   0.13594E+02   0.33220E+00   0.12924E+04   0.68637E-03   0.26652E+00   0.22678E+03
   0.13611E+02   0.33219E+00   0.12927E+04   0.68655E-03   0.26646E+00   0.22679E+03
   0.13628E+02   0.33217E+00   0.12928E+04   0.68673E-03   0.26640E+00   0.22682E+03
   0.13646E+02   0.33216E+00   0.12928E+04   0.68691E-03   0.26634E+00   0.22684E+03
   0.13663E+02   0.33215E+00   0.12929E+04   0.68709E-03   0.26628E+00   0.22686E+03
   0.13681E+02   0.33214E+00   0.12930E+04   0.68727E-03   0.26622E+00   0.22688E+03
   0.13698E+02   0.33213E+00   0.12932E+04   0.68745E-03   0.26616E+00   0.22689E+03
   0.13715E+02   0.33212E+00   0.12936E+04   0.68762E-03   0.26610E+00   0.22690E+03
   0.13733E+02   0.33210E+00   0.12939E+04   0.68779E-03   0.26605E+00   0.22692E+03
   0.13750E+02   0.33209E+00   0.12941E+04   0.68796E-03   0.26599E+00   0.22693E+03
