   0.16267E+02   0.33095E+00   0.13173E+04   0.70678E-03   0.25982E+00   0.22948E+03
   0.16285E+02   0.33094E+00   0.13175E+04   0.70688E-03   0.25978E+00   0.22949E+03
   0.16302E+02   0.33093E+00   0.13177E+04   0.70699E-03   0.25975E+00   0.22950E+03
   0.16319E+02   0.33093E+00   0.13179E+04   0.70709E-03   0.25972E+00   0.22952E+03
   0.16337E+02   0.33092E+00   0.13180E+04   0.70718E-03   0.25968E+00   0.22955E+03
   0.16354E+02   0.33092E+00   0.13182E+04   0.70728E-03   0.25965E+00   0.22957E+03
   0.16372E+02   0.33091E+00   0.13185E+04   0.70738E-03   0.25962E+00   0.22960E+03
   0.16389E+02   0.33091E+00   0.13187E+04   0.70749E-03   0.25959E+00   0.22962E+03
   0.16406E+02   0.33090E+00   0.13188E+04   0.70759E-03   0.25955E+00   0.22964E+03
   0.16424E+02   0.33090E+00   0.13188E+04   0.70769E-03   0.25952E+00   0.22965E+03
   0.16441E+02   0.33089E+00   0.13188E+04   0.70779E-03   0.25949E+00   0.22966E+03
   0.16458E+02   0.33089E+00   0.13189E+04   0.70789E-03   0.25946E+00   0.22967E+03
   0.16476E+02   0.33088E+00   0.13191E+04   0.70799E-03   0.25943E+00   0.22968E+03
   0.16493E+02   0.33087E+00   0.13193E+04   0.70809E-03   0.25939E+00   0.22970E+03
   0.16510E+02   0.33087E+00   0.13197E+04   0.70819E-03   0.25936E+00   0.22972E+03
   0.16528E+02   0.33086E+00   0.13201E+04   0.70829E-03   0.25933E+00   0.22975E+03
   0.16545E+02   0.33086E+00   0.13202E+04   0.70839E-03   0.25930E+00   0.22978E+03
   0.16562E+02   0.33085E+00   0.13202E+04   0.70849E-03   0.25927E+00   0.22980E+03
