   0.27517E+02   0.33072E+00   0.13726E+04   0.70766E-03   0.25938E+00   0.24234E+03
   0.27535E+02   0.33072E+00   0.13725E+04   0.70763E-03   0.25939E+00   0.24236E+03
   0.27552E+02   0.33072E+00   0.13723E+04   0.70759E-03   0.25940E+00   0.24239E+03
   0.27569E+02   0.33072E+00   0.13724E+04   0.70755E-03   0.25941E+00   0.24241E+03
   0.27587E+02   0.33072E+00   0.13726E+04   0.70752E-03   0.25942E+00   0.24243E+03
   0.27604E+02   0.33072E+00   0.13727E+04   0.70748E-03   0.25943E+00   0.24245E+03
   0.27622E+02   0.33072E+00   0.13727E+04   0.70744E-03   0.25944E+00   0.24247E+03
   0.27639E+02   0.33072E+00   0.13726E+04   0.70741E-03   0.25945E+00   0.24249E+03
   0.27656E+02   0.33072E+00   0.13724E+04   0.70738E-03   0.25946E+00   0.24251E+03
   0.27674E+02   0.33072E+00   0.13722E+04   0.70735E-03   0.25947E+00   0.24253E+03
   0.27691E+02   0.33072E+00   0.13721E+04   0.70732E-03   0.25948E+00   0.24256E+03
   0.27708E+02   0.33072E+00   0.13722E+04   0.70730E-03   0.25948E+00   0.24258E+03
   0.27726E+02   0.33072E+00   0.13724E+04   0.70726E-03   0.25949E+00   0.24260E+03
   0.27743E+02   0.33073E+00   0.13727E+04   0.70722E-03   0.25951E+00   0.24262E+03
   0.27760E+02   0.33073E+00   0.13729E+04   0.70718E-03   0.25952E+00   0.24265E+03
   0.27778E+02   0.33073E+00   0.13731E+04   0.70713E-03   0.25954E+00   0.24267E+03
   0.27795E+02   0.33073E+00   0.13731E+04   0.70708E-03   0.25955E+00   0.24269E+03
   0.27812E+02   0.33073E+00   0.13728E+04   0.70704E-03   0.25956E+00   0.24271E+03
