   0.20017E+02   0.33031E+00   0.13473E+04   0.71911E-03   0.25586E+00   0.23346E+03
   0.20035E+02   0.33031E+00   0.13475E+04   0.71911E-03   0.25586E+00   0.23348E+03
   0.20052E+02   0.33031E+00   0.13473E+04   0.71912E-03   0.25586E+00   0.23350E+03
   0.20069E+02   0.33031E+00   0.13469E+04   0.71913E-03   0.25585E+00   0.23352E+03
   0.20087E+02   0.33031E+00   0.13466E+04   0.71914E-03   0.25585E+00   0.23354E+03
   0.20104E+02   0.33031E+00   0.13466E+04   0.71914E-03   0.25585E+00   0.23356E+03
   0.20122E+02   0.33031E+00   0.13469E+04   0.71915E-03   0.25585E+00   0.23358E+03
   0.20139E+02   0.33031E+00   0.13473E+04   0.71915E-03   0.25585E+00   0.23360E+03
   0.20156E+02   0.33031E+00   0.13477E+04   0.71916E-03   0.25584E+00   0.23361E+03
   0.20174E+02   0.33031E+00   0.13481E+04   0.71917E-03   0.25584E+00   0.23363E+03
   0.20191E+02   0.33031E+00   0.13483E+04   0.71918E-03   0.25584E+00   0.23365E+03
   0.20208E+02   0.33031E+00   0.13481E+04   0.71920E-03   0.25583E+00   0.23367E+03
   0.20226E+02   0.33030E+00   0.13479E+04   0.71922E-03   0.25583E+00   0.23370E+03
   0.20243E+02   0.33030E+00   0.13477E+04   0.71923E-03   0.25582E+00   0.23372E+03
   0.20260E+02   0.33030E+00   0.13477E+04   0.71924E-03   0.25582E+00   0.23374E+03
   0.20278E+02   0.33030E+00   0.13478E+04   0.71925E-03   0.25581E+00   0.23375E+03
   0.20295E+02   0.33030E+00   0.13481E+04   0.71926E-03   0.25581E+00   0.23377E+03
   0.20312E+02   0.33030E+00   0.13486E+04   0.71927E-03   0.25581E+00   0.23379E+03
