   0.87674E+01   0.33820E+00   0.12327E+04   0.61118E-03   0.29231E+00   0.22227E+03
   0.87847E+01   0.33816E+00   0.12329E+04   0.61155E-03   0.29218E+00   0.22228E+03
   0.88021E+01   0.33813E+00   0.12333E+04   0.61192E-03   0.29205E+00   0.22230E+03
   0.88194E+01   0.33809E+00   0.12337E+04   0.61228E-03   0.29192E+00   0.22232E+03
   0.88368E+01   0.33806E+00   0.12340E+04   0.61264E-03   0.29179E+00   0.22234E+03
   0.88542E+01   0.33802E+00   0.12341E+04   0.61301E-03   0.29166E+00   0.22236E+03
   0.88715E+01   0.33799E+00   0.12342E+04   0.61337E-03   0.29153E+00   0.22237E+03
   0.88889E+01   0.33795E+00   0.12344E+04   0.61373E-03   0.29140E+00   0.22239E+03
   0.89062E+01   0.33792E+00   0.12346E+04   0.61410E-03   0.29127E+00   0.22240E+03
   0.89236E+01   0.33788E+00   0.12348E+04   0.61446E-03   0.29115E+00   0.22241E+03
   0.89410E+01   0.33785E+00   0.12352E+04   0.61482E-03   0.29102E+00   0.22242E+03
   0.89583E+01   0.33781E+00   0.12355E+04   0.61518E-03   0.29089E+00   0.22244E+03
   0.89757E+01   0.33778E+00   0.12357E+04   0.61553E-03   0.29076E+00   0.22246E+03
   0.89931E+01   0.33775E+00   0.12359E+04   0.61589E-03   0.29064E+00   0.22248E+03
   0.90104E+01   0.33771E+00   0.12361E+04   0.61625E-03   0.29051E+00   0.22250E+03
   0.90278E+01   0.33768E+00   0.12363E+04   0.61661E-03   0.29038E+00   0.22251E+03
   0.90451E+01   0.33764E+00   0.12365E+04   0.61697E-03   0.29025E+00   0.22253E+03
   0.90625E+01   0.33761E+00   0.12367E+04   0.61732E-03   0.29013E+00   0.22254E+03
