   0.12517E+02   0.33300E+00   0.12807E+04   0.67423E-03   0.27055E+00   0.22575E+03
   0.12535E+02   0.33299E+00   0.12809E+04   0.67445E-03   0.27048E+00   0.22576E+03
   0.12552E+02   0.33297E+00   0.12810E+04   0.67466E-03   0.27041E+00   0.22578E+03
   0.12569E+02   0.33296E+00   0.12811E+04   0.67487E-03   0.27034E+00   0.22579E+03
   0.12587E+02   0.33294E+00   0.12812E+04   0.67509E-03   0.27026E+00   0.22581E+03
   0.12604E+02   0.33293E+00   0.12813E+04   0.67530E-03   0.27019E+00   0.22583E+03
   0.12622E+02   0.33291E+00   0.12816E+04   0.67551E-03   0.27012E+00   0.22584E+03
   0.12639E+02   0.33290E+00   0.12820E+04   0.67573E-03   0.27005E+00   0.22586E+03
   0.12656E+02   0.33289E+00   0.12823E+04   0.67594E-03   0.26998E+00   0.22588E+03
   0.12674E+02   0.33287E+00   0.12826E+04   0.67615E-03   0.26991E+00   0.22590E+03
   0.12691E+02   0.33286E+00   0.12828E+04   0.67636E-03   0.26984E+00   0.22591E+03
   0.12708E+02   0.33284E+00   0.12828E+04   0.67657E-03   0.26977E+00   0.22593E+03
   0.12726E+02   0.33283E+00   0.12827E+04   0.67677E-03   0.26970E+00   0.22594E+03
   0.12743E+02   0.33282E+00   0.12826E+04   0.67698E-03   0.26963E+00   0.22596E+03
   0.12760E+02   0.33280E+00   0.12829E+04   0.67719E-03   0.26956E+00   0.22597E+03
   0.12778E+02   0.33279E+00   0.12833E+04   0.67739E-03   0.26950E+00   0.22599E+03
   0.12795E+02   0.33277E+00   0.12837E+04   0.67760E-03   0.26943E+00   0.22601E+03
   0.12812E+02   0.33276E+00   0.12842E+04   0.67780E-03   0.26936E+00   0.22603E+03
