   0.24392E+02   0.33047E+00   0.13677E+04   0.71415E-03   0.25737E+00   0.23850E+03
   0.24410E+02   0.33047E+00   0.13677E+04   0.71411E-03   0.25738E+00   0.23854E+03
   0.24427E+02   0.33047E+00   0.13674E+04   0.71407E-03   0.25739E+00   0.23858E+03
   0.24444E+02   0.33047E+00   0.13671E+04   0.71404E-03   0.25740E+00   0.23860E+03
   0.24462E+02   0.33047E+00   0.13670E+04   0.71400E-03   0.25741E+00   0.23861E+03
   0.24479E+02   0.33047E+00   0.13670E+04   0.71395E-03   0.25743E+00   0.23861E+03
   0.24497E+02   0.33048E+00   0.13669E+04   0.71391E-03   0.25744E+00   0.23860E+03
   0.24514E+02   0.33048E+00   0.13671E+04   0.71386E-03   0.25746E+00   0.23860E+03
   0.24531E+02   0.33048E+00   0.13674E+04   0.71382E-03   0.25747E+00   0.23862E+03
   0.24549E+02   0.33048E+00   0.13678E+04   0.71378E-03   0.25748E+00   0.23865E+03
   0.24566E+02   0.33048E+00   0.13681E+04   0.71374E-03   0.25749E+00   0.23869E+03
   0.24583E+02   0.33049E+00   0.13681E+04   0.71369E-03   0.25751E+00   0.23874E+03
   0.24601E+02   0.33049E+00   0.13679E+04   0.71365E-03   0.25752E+00   0.23878E+03
   0.24618E+02   0.33049E+00   0.13678E+04   0.71360E-03   0.25754E+00   0.23881E+03
   0.24635E+02   0.33049E+00   0.13677E+04   0.71355E-03   0.25755E+00   0.23882E+03
   0.24653E+02   0.33049E+00   0.13676E+04   0.71350E-03   0.25757E+00   0.23882E+03
   0.24670E+02   0.33049E+00   0.13673E+04   0.71345E-03   0.25758E+00   0.23883E+03
   0.24688E+02   0.33050E+00   0.13673E+04   0.71341E-03   0.25760E+00   0.23882E+03
