   0.25330E+02   0.33056E+00   0.13690E+04   0.71171E-03   0.25812E+00   0.23963E+03
   0.25347E+02   0.33056E+00   0.13693E+04   0.71166E-03   0.25814E+00   0.23965E+03
   0.25365E+02   0.33056E+00   0.13696E+04   0.71162E-03   0.25815E+00   0.23966E+03
   0.25382E+02   0.33057E+00   0.13697E+04   0.71157E-03   0.25816E+00   0.23967E+03
   0.25399E+02   0.33057E+00   0.13695E+04   0.71153E-03   0.25818E+00   0.23969E+03
   0.25417E+02   0.33057E+00   0.13693E+04   0.71150E-03   0.25819E+00   0.23971E+03
   0.25434E+02   0.33057E+00   0.13692E+04   0.71147E-03   0.25820E+00   0.23973E+03
   0.25451E+02   0.33057E+00   0.13691E+04   0.71144E-03   0.25820E+00   0.23976E+03
   0.25469E+02   0.33057E+00   0.13691E+04   0.71141E-03   0.25821E+00   0.23978E+03
   0.25486E+02   0.33057E+00   0.13692E+04   0.71138E-03   0.25822E+00   0.23980E+03
   0.25503E+02   0.33057E+00   0.13694E+04   0.71134E-03   0.25823E+00   0.23982E+03
   0.25521E+02   0.33057E+00   0.13695E+04   0.71131E-03   0.25824E+00   0.23985E+03
   0.25538E+02   0.33057E+00   0.13695E+04   0.71128E-03   0.25825E+00   0.23987E+03
   0.25556E+02   0.33057E+00   0.13693E+04   0.71125E-03   0.25826E+00   0.23989E+03
   0.25573E+02   0.33057E+00   0.13691E+04   0.71123E-03   0.25827E+00   0.23990E+03
   0.25590E+02   0.33058E+00   0.13692E+04   0.71121E-03   0.25827E+00   0.23991E+03
   0.25608E+02   0.33058E+00   0.13695E+04   0.71119E-03   0.25828E+00   0.23992E+03
   0.25625E+02   0.33058E+00   0.13697E+04   0.71116E-03   0.25829E+00   0.23995E+03
