   0.75174E+01   0.34118E+00   0.12159E+04   0.58252E-03   0.30271E+00   0.22118E+03
   0.75347E+01   0.34113E+00   0.12160E+04   0.58295E-03   0.30256E+00   0.22120E+03
   0.75521E+01   0.34108E+00   0.12162E+04   0.58337E-03   0.30240E+00   0.22121E+03
   0.75694E+01   0.34104E+00   0.12164E+04   0.58380E-03   0.30224E+00   0.22122E+03
   0.75868E+01   0.34099E+00   0.12168E+04   0.58423E-03   0.30208E+00   0.22123E+03
   0.76042E+01   0.34094E+00   0.12171E+04   0.58466E-03   0.30193E+00   0.22125E+03
   0.76215E+01   0.34089E+00   0.12174E+04   0.58508E-03   0.30177E+00   0.22127E+03
   0.76389E+01   0.34085E+00   0.12176E+04   0.58550E-03   0.30161E+00   0.22128E+03
   0.76562E+01   0.34080E+00   0.12178E+04   0.58593E-03   0.30146E+00   0.22130E+03
   0.76736E+01   0.34075E+00   0.12179E+04   0.58635E-03   0.30130E+00   0.22132E+03
   0.76910E+01   0.34071E+00   0.12181E+04   0.58677E-03   0.30115E+00   0.22133E+03
   0.77083E+01   0.34066E+00   0.12184E+04   0.58719E-03   0.30099E+00   0.22134E+03
   0.77257E+01   0.34062E+00   0.12188E+04   0.58762E-03   0.30084E+00   0.22135E+03
   0.77431E+01   0.34057E+00   0.12191E+04   0.58804E-03   0.30068E+00   0.22137E+03
   0.77604E+01   0.34052E+00   0.12193E+04   0.58845E-03   0.30053E+00   0.22139E+03
   0.77778E+01   0.34048E+00   0.12194E+04   0.58887E-03   0.30038E+00   0.22140E+03
   0.77951E+01   0.34043E+00   0.12196E+04   0.58929E-03   0.30022E+00   0.22142E+03
   0.78125E+01   0.34039E+00   0.12199E+04   0.58971E-03   0.30007E+00   0.22143E+03
