   0.19705E+02   0.33031E+00   0.13450E+04   0.71896E-03   0.25590E+00   0.23311E+03
   0.19722E+02   0.33031E+00   0.13449E+04   0.71898E-03   0.25590E+00   0.23313E+03
   0.19740E+02   0.33031E+00   0.13447E+04   0.71900E-03   0.25589E+00   0.23315E+03
   0.19757E+02   0.33031E+00   0.13448E+04   0.71902E-03   0.25589E+00   0.23317E+03
   0.19774E+02   0.33031E+00   0.13449E+04   0.71904E-03   0.25588E+00   0.23320E+03
   0.19792E+02   0.33031E+00   0.13451E+04   0.71905E-03   0.25587E+00   0.23322E+03
   0.19809E+02   0.33031E+00   0.13452E+04   0.71906E-03   0.25587E+00   0.23323E+03
   0.19826E+02   0.33031E+00   0.13454E+04   0.71906E-03   0.25587E+00   0.23325E+03
   0.19844E+02   0.33031E+00   0.13457E+04   0.71907E-03   0.25587E+00   0.23327E+03
   0.19861E+02   0.33031E+00   0.13460E+04   0.71907E-03   0.25587E+00   0.23329E+03
   0.19878E+02   0.33031E+00   0.13462E+04   0.71909E-03   0.25587E+00   0.23331E+03
   0.19896E+02   0.33031E+00   0.13461E+04   0.71910E-03   0.25586E+00   0.23333E+03
   0.19913E+02   0.33031E+00   0.13460E+04   0.71910E-03   0.25586E+00   0.23335E+03
   0.19931E+02   0.33031E+00   0.13459E+04   0.71911E-03   0.25586E+00   0.23337E+03
   0.19948E+02   0.33031E+00   0.13459E+04   0.71911E-03   0.25586E+00   0.23339E+03
   0.19965E+02   0.33031E+00   0.13460E+04   0.71911E-03   0.25586E+00   0.23341E+03
   0.19983E+02   0.33031E+00   0.13463E+04   0.71910E-03   0.25586E+00   0.23342E+03
   0.20000E+02   0.33031E+00   0.13469E+04   0.71911E-03   0.25586E+00   0.23344E+03
