   0.28455E+02   0.33084E+00   0.13731E+04   0.70504E-03   0.26021E+00   0.24350E+03
   0.28472E+02   0.33084E+00   0.13734E+04   0.70499E-03   0.26022E+00   0.24353E+03
   0.28490E+02   0.33085E+00   0.13735E+04   0.70494E-03   0.26024E+00   0.24356E+03
   0.28507E+02   0.33085E+00   0.13736E+04   0.70489E-03   0.26026E+00   0.24358E+03
   0.28524E+02   0.33085E+00   0.13736E+04   0.70484E-03   0.26027E+00   0.24360E+03
   0.28542E+02   0.33085E+00   0.13735E+04   0.70479E-03   0.26029E+00   0.24361E+03
   0.28559E+02   0.33086E+00   0.13732E+04   0.70474E-03   0.26031E+00   0.24363E+03
   0.28576E+02   0.33086E+00   0.13730E+04   0.70469E-03   0.26032E+00   0.24365E+03
   0.28594E+02   0.33086E+00   0.13728E+04   0.70463E-03   0.26034E+00   0.24367E+03
   0.28611E+02   0.33087E+00   0.13726E+04   0.70458E-03   0.26036E+00   0.24369E+03
   0.28628E+02   0.33087E+00   0.13727E+04   0.70452E-03   0.26038E+00   0.24372E+03
   0.28646E+02   0.33088E+00   0.13730E+04   0.70446E-03   0.26040E+00   0.24374E+03
   0.28663E+02   0.33088E+00   0.13737E+04   0.70439E-03   0.26042E+00   0.24377E+03
   0.28681E+02   0.33088E+00   0.13744E+04   0.70432E-03   0.26044E+00   0.24379E+03
   0.28698E+02   0.33089E+00   0.13744E+04   0.70425E-03   0.26046E+00   0.24382E+03
   0.28715E+02   0.33089E+00   0.13740E+04   0.70418E-03   0.26049E+00   0.24384E+03
   0.28733E+02   0.33089E+00   0.13732E+04   0.70412E-03   0.26051E+00   0.24386E+03
   0.28750E+02   0.33090E+00   0.13725E+04   0.70405E-03   0.26053E+00   0.24387E+03
