   0.98805E+00  -0.10087E-03   0.21785E-02   0.30147E-04  -0.98615E-04   0.21298E-02   0.38058E-04
   0.96417E+00  -0.29117E-03   0.22504E-02   0.31201E-04  -0.28461E-03   0.21998E-02   0.39404E-04
   0.94036E+00  -0.49287E-03   0.23715E-02   0.32615E-04  -0.48170E-03   0.23178E-02   0.41216E-04
   0.91667E+00  -0.67984E-03   0.25137E-02   0.33889E-04  -0.66430E-03   0.24562E-02   0.42878E-04
   0.89314E+00  -0.86939E-03   0.26550E-02   0.34938E-04  -0.84930E-03   0.25937E-02   0.44286E-04
   0.86983E+00  -0.10636E-02   0.28083E-02   0.36171E-04  -0.10387E-02   0.27426E-02   0.45951E-04
   0.84677E+00  -0.12499E-02   0.29901E-02   0.37888E-04  -0.12202E-02   0.29191E-02   0.48252E-04
   0.82400E+00  -0.14265E-02   0.31884E-02   0.39939E-04  -0.13921E-02   0.31114E-02   0.51009E-04
   0.80156E+00  -0.16089E-02   0.34005E-02   0.42145E-04  -0.15693E-02   0.33168E-02   0.54002E-04
   0.77949E+00  -0.18042E-02   0.36449E-02   0.44450E-04  -0.17589E-02   0.35534E-02   0.57158E-04
   0.75782E+00  -0.19998E-02   0.39485E-02   0.47094E-04  -0.19486E-02   0.38473E-02   0.60789E-04
   0.73658E+00  -0.21880E-02   0.43136E-02   0.50060E-04  -0.21307E-02   0.42005E-02   0.64898E-04
   0.71579E+00  -0.23722E-02   0.47311E-02   0.53278E-04  -0.23084E-02   0.46039E-02   0.69407E-04
   0.69548E+00  -0.25551E-02   0.51969E-02   0.56821E-04  -0.24846E-02   0.50536E-02   0.74413E-04
   0.67566E+00  -0.27452E-02   0.57283E-02   0.60673E-04  -0.26674E-02   0.55660E-02   0.79896E-04
   0.65636E+00  -0.29499E-02   0.63148E-02   0.64703E-04  -0.28640E-02   0.61309E-02   0.85695E-04
   0.63758E+00  -0.31709E-02   0.69281E-02   0.68914E-04  -0.30759E-02   0.67206E-02   0.91824E-04
   0.61934E+00  -0.34084E-02   0.75749E-02   0.73498E-04  -0.33034E-02   0.73415E-02   0.98549E-04
   0.60163E+00  -0.36569E-02   0.82835E-02   0.78652E-04  -0.35409E-02   0.80208E-02   0.10614E-03
   0.58448E+00  -0.39004E-02   0.90581E-02   0.84321E-04  -0.37731E-02   0.87625E-02   0.11452E-03
   0.56786E+00  -0.41274E-02   0.98903E-02   0.90131E-04  -0.39890E-02   0.95585E-02   0.12319E-03
   0.55179E+00  -0.43432E-02   0.10748E-01   0.95807E-04  -0.41935E-02   0.10377E-01   0.13179E-03
   0.53626E+00  -0.45525E-02   0.11581E-01   0.10116E-03  -0.43915E-02   0.11171E-01   0.14005E-03
   0.52126E+00  -0.47618E-02   0.12392E-01   0.10634E-03  -0.45890E-02   0.11943E-01   0.14820E-03
   0.50679E+00  -0.49775E-02   0.13210E-01   0.11156E-03  -0.47923E-02   0.12718E-01   0.15653E-03
   0.49284E+00  -0.52080E-02   0.14038E-01   0.11701E-03  -0.50092E-02   0.13503E-01   0.16532E-03
   0.47939E+00  -0.54569E-02   0.14892E-01   0.12287E-03  -0.52432E-02   0.14309E-01   0.17484E-03
   0.46643E+00  -0.57138E-02   0.15778E-01   0.12912E-03  -0.54841E-02   0.15143E-01   0.18507E-03
   0.45396E+00  -0.59661E-02   0.16702E-01   0.13568E-03  -0.57200E-02   0.16013E-01   0.19590E-03
   0.44195E+00  -0.62105E-02   0.17678E-01   0.14249E-03  -0.59477E-02   0.16930E-01   0.20727E-03
   0.43040E+00  -0.64503E-02   0.18702E-01   0.14960E-03  -0.61704E-02   0.17890E-01   0.21923E-03
   0.41928E+00  -0.66870E-02   0.19761E-01   0.15701E-03  -0.63896E-02   0.18882E-01   0.23181E-03
   0.40858E+00  -0.69196E-02   0.20837E-01   0.16472E-03  -0.66043E-02   0.19888E-01   0.24499E-03
   0.39828E+00  -0.71485E-02   0.21922E-01   0.17267E-03  -0.68149E-02   0.20899E-01   0.25871E-03
   0.38838E+00  -0.73725E-02   0.23015E-01   0.18089E-03  -0.70204E-02   0.21916E-01   0.27300E-03
   0.37885E+00  -0.75875E-02   0.24121E-01   0.18930E-03  -0.72168E-02   0.22943E-01   0.28776E-03
   0.36967E+00  -0.77927E-02   0.25230E-01   0.19774E-03  -0.74034E-02   0.23970E-01   0.30277E-03
   0.36084E+00  -0.79909E-02   0.26336E-01   0.20626E-03  -0.75829E-02   0.24992E-01   0.31811E-03
   0.35233E+00  -0.81887E-02   0.27452E-01   0.21508E-03  -0.77616E-02   0.26020E-01   0.33412E-03
   0.34413E+00  -0.83896E-02   0.28584E-01   0.22428E-03  -0.79426E-02   0.27061E-01   0.35095E-03
   0.33623E+00  -0.85915E-02   0.29725E-01   0.23375E-03  -0.81240E-02   0.28107E-01   0.36841E-03
   0.32860E+00  -0.87947E-02   0.30869E-01   0.24351E-03  -0.83062E-02   0.29154E-01   0.38656E-03
   0.32125E+00  -0.89988E-02   0.32008E-01   0.25357E-03  -0.84888E-02   0.30193E-01   0.40542E-03
   0.31414E+00  -0.92032E-02   0.33142E-01   0.26394E-03  -0.86711E-02   0.31226E-01   0.42502E-03
   0.30728E+00  -0.94077E-02   0.34281E-01   0.27460E-03  -0.88530E-02   0.32260E-01   0.44533E-03
   0.30064E+00  -0.96120E-02   0.35433E-01   0.28559E-03  -0.90341E-02   0.33303E-01   0.46645E-03
   0.29422E+00  -0.98181E-02   0.36603E-01   0.29707E-03  -0.92165E-02   0.34360E-01   0.48865E-03
   0.28799E+00  -0.10026E-01   0.37794E-01   0.30914E-03  -0.93997E-02   0.35433E-01   0.51213E-03
   0.28197E+00  -0.10234E-01   0.39000E-01   0.32181E-03  -0.95824E-02   0.36518E-01   0.53693E-03
   0.27612E+00  -0.10441E-01   0.40216E-01   0.33496E-03  -0.97636E-02   0.37607E-01   0.56289E-03
   0.27044E+00  -0.10648E-01   0.41437E-01   0.34850E-03  -0.99440E-02   0.38697E-01   0.58990E-03
   0.26492E+00  -0.10854E-01   0.42662E-01   0.36240E-03  -0.10123E-01   0.39789E-01   0.61793E-03
   0.25955E+00  -0.11059E-01   0.43897E-01   0.37672E-03  -0.10300E-01   0.40885E-01   0.64710E-03
   0.25433E+00  -0.11262E-01   0.45143E-01   0.39141E-03  -0.10474E-01   0.41987E-01   0.67736E-03
   0.24924E+00  -0.11461E-01   0.46401E-01   0.40644E-03  -0.10645E-01   0.43097E-01   0.70867E-03
   0.24428E+00  -0.11656E-01   0.47668E-01   0.42182E-03  -0.10811E-01   0.44211E-01   0.74111E-03
   0.23943E+00  -0.11850E-01   0.48944E-01   0.43765E-03  -0.10974E-01   0.45328E-01   0.77488E-03
   0.23470E+00  -0.12044E-01   0.50227E-01   0.45401E-03  -0.11138E-01   0.46448E-01   0.81016E-03
   0.23007E+00  -0.12242E-01   0.51514E-01   0.47090E-03  -0.11303E-01   0.47567E-01   0.84701E-03
   0.22554E+00  -0.12441E-01   0.52802E-01   0.48831E-03  -0.11470E-01   0.48680E-01   0.88546E-03
   0.22110E+00  -0.12644E-01   0.54090E-01   0.50631E-03  -0.11639E-01   0.49789E-01   0.92569E-03
   0.21675E+00  -0.12850E-01   0.55379E-01   0.52494E-03  -0.11809E-01   0.50893E-01   0.96783E-03
   0.21248E+00  -0.13059E-01   0.56670E-01   0.54426E-03  -0.11981E-01   0.51993E-01   0.10121E-02
   0.20829E+00  -0.13273E-01   0.57960E-01   0.56434E-03  -0.12157E-01   0.53086E-01   0.10586E-02
   0.20416E+00  -0.13492E-01   0.59248E-01   0.58527E-03  -0.12336E-01   0.54171E-01   0.11076E-02
   0.20011E+00  -0.13718E-01   0.60530E-01   0.60710E-03  -0.12520E-01   0.55244E-01   0.11593E-02
   0.19611E+00  -0.13948E-01   0.61799E-01   0.62977E-03  -0.12707E-01   0.56298E-01   0.12136E-02
   0.19218E+00  -0.14181E-01   0.63052E-01   0.65326E-03  -0.12895E-01   0.57332E-01   0.12707E-02
   0.18830E+00  -0.14415E-01   0.64288E-01   0.67761E-03  -0.13082E-01   0.58342E-01   0.13307E-02
   0.18448E+00  -0.14647E-01   0.65505E-01   0.70281E-03  -0.13266E-01   0.59328E-01   0.13937E-02
   0.18070E+00  -0.14879E-01   0.66705E-01   0.72887E-03  -0.13448E-01   0.60292E-01   0.14599E-02
   0.17696E+00  -0.15111E-01   0.67897E-01   0.75589E-03  -0.13629E-01   0.61239E-01   0.15295E-02
   0.17327E+00  -0.15346E-01   0.69087E-01   0.78402E-03  -0.13811E-01   0.62177E-01   0.16032E-02
   0.16962E+00  -0.15587E-01   0.70279E-01   0.81338E-03  -0.13996E-01   0.63106E-01   0.16813E-02
   0.16601E+00  -0.15832E-01   0.71468E-01   0.84405E-03  -0.14183E-01   0.64024E-01   0.17641E-02
   0.16243E+00  -0.16083E-01   0.72657E-01   0.87611E-03  -0.14373E-01   0.64931E-01   0.18522E-02
   0.15888E+00  -0.16341E-01   0.73851E-01   0.90972E-03  -0.14566E-01   0.65832E-01   0.19459E-02
   0.15536E+00  -0.16608E-01   0.75055E-01   0.94501E-03  -0.14766E-01   0.66730E-01   0.20461E-02
   0.15187E+00  -0.16885E-01   0.76265E-01   0.98202E-03  -0.14972E-01   0.67622E-01   0.21529E-02
   0.14841E+00  -0.17170E-01   0.77482E-01   0.10208E-02  -0.15181E-01   0.68506E-01   0.22668E-02
   0.14498E+00  -0.17463E-01   0.78711E-01   0.10613E-02  -0.15394E-01   0.69388E-01   0.23883E-02
   0.14156E+00  -0.17763E-01   0.79957E-01   0.11037E-02  -0.15611E-01   0.70271E-01   0.25183E-02
   0.13817E+00  -0.18072E-01   0.81222E-01   0.11484E-02  -0.15832E-01   0.71154E-01   0.26577E-02
   0.13480E+00  -0.18388E-01   0.82505E-01   0.11954E-02  -0.16055E-01   0.72037E-01   0.28076E-02
   0.13145E+00  -0.18708E-01   0.83813E-01   0.12452E-02  -0.16277E-01   0.72923E-01   0.29694E-02
   0.12811E+00  -0.19035E-01   0.85157E-01   0.12979E-02  -0.16501E-01   0.73819E-01   0.31446E-02
   0.12480E+00  -0.19370E-01   0.86543E-01   0.13539E-02  -0.16726E-01   0.74731E-01   0.33350E-02
   0.12150E+00  -0.19713E-01   0.87978E-01   0.14138E-02  -0.16953E-01   0.75660E-01   0.35430E-02
   0.11821E+00  -0.20066E-01   0.89459E-01   0.14780E-02  -0.17182E-01   0.76603E-01   0.37705E-02
   0.11493E+00  -0.20425E-01   0.90992E-01   0.15468E-02  -0.17410E-01   0.77561E-01   0.40205E-02
   0.11167E+00  -0.20787E-01   0.92593E-01   0.16209E-02  -0.17633E-01   0.78545E-01   0.42963E-02
   0.10842E+00  -0.21153E-01   0.94279E-01   0.17011E-02  -0.17852E-01   0.79564E-01   0.46021E-02
   0.10519E+00  -0.21523E-01   0.96062E-01   0.17882E-02  -0.18065E-01   0.80625E-01   0.49428E-02
   0.10196E+00  -0.21897E-01   0.97953E-01   0.18833E-02  -0.18270E-01   0.81729E-01   0.53243E-02
   0.98741E-01  -0.22275E-01   0.99954E-01   0.19876E-02  -0.18469E-01   0.82873E-01   0.57544E-02
   0.95532E-01  -0.22661E-01   0.10207E+00   0.21027E-02  -0.18661E-01   0.84055E-01   0.62425E-02
   0.92332E-01  -0.23059E-01   0.10433E+00   0.22306E-02  -0.18848E-01   0.85278E-01   0.68008E-02
   0.89139E-01  -0.23470E-01   0.10674E+00   0.23738E-02  -0.19031E-01   0.86549E-01   0.74444E-02
   0.85954E-01  -0.23896E-01   0.10931E+00   0.25350E-02  -0.19207E-01   0.87858E-01   0.81916E-02
   0.82776E-01  -0.24333E-01   0.11203E+00   0.27166E-02  -0.19371E-01   0.89183E-01   0.90639E-02
   0.79605E-01  -0.24771E-01   0.11491E+00   0.29217E-02  -0.19511E-01   0.90507E-01   0.10088E-01
   0.76439E-01  -0.25207E-01   0.11794E+00   0.31536E-02  -0.19621E-01   0.91804E-01   0.11298E-01
   0.73279E-01  -0.25636E-01   0.12110E+00   0.34165E-02  -0.19695E-01   0.93033E-01   0.12739E-01
   0.70125E-01  -0.26058E-01   0.12434E+00   0.37149E-02  -0.19726E-01   0.94127E-01   0.14469E-01
   0.66975E-01  -0.26462E-01   0.12758E+00   0.40539E-02  -0.19701E-01   0.94985E-01   0.16560E-01
   0.63830E-01  -0.26835E-01   0.13066E+00   0.44387E-02  -0.19604E-01   0.95452E-01   0.19108E-01
   0.60689E-01  -0.27149E-01   0.13330E+00   0.48740E-02  -0.19410E-01   0.95299E-01   0.22232E-01
   0.57552E-01  -0.27370E-01   0.13508E+00   0.53626E-02  -0.19090E-01   0.94214E-01   0.26080E-01
   0.54419E-01  -0.27461E-01   0.13536E+00   0.59025E-02  -0.18617E-01   0.91764E-01   0.30826E-01
   0.51290E-01  -0.27377E-01   0.13319E+00   0.64858E-02  -0.17964E-01   0.87394E-01   0.36668E-01
   0.48164E-01  -0.27043E-01   0.12748E+00   0.70916E-02  -0.17092E-01   0.80568E-01   0.43815E-01
   0.45041E-01  -0.26386E-01   0.11728E+00   0.76836E-02  -0.15975E-01   0.71001E-01   0.52466E-01
   0.41921E-01  -0.25345E-01   0.10169E+00   0.82077E-02  -0.14608E-01   0.58610E-01   0.62781E-01
   0.38803E-01  -0.23867E-01   0.79900E-01   0.85885E-02  -0.13009E-01   0.43551E-01   0.74792E-01
   0.35688E-01  -0.21899E-01   0.51981E-01   0.87301E-02  -0.11210E-01   0.26610E-01   0.88304E-01
   0.32575E-01  -0.19424E-01   0.19747E-01   0.85332E-02  -0.92773E-02   0.94313E-02   0.10277E+00
   0.29465E-01  -0.16511E-01  -0.13188E-01   0.79312E-02  -0.73184E-02  -0.58458E-02   0.11718E+00
   0.26356E-01  -0.13325E-01  -0.41326E-01   0.69313E-02  -0.54656E-02  -0.16951E-01   0.13013E+00
   0.23250E-01  -0.10117E-01  -0.58752E-01   0.56502E-02  -0.38413E-02  -0.22306E-01   0.14013E+00
   0.20145E-01  -0.71247E-02  -0.62169E-01   0.43051E-02  -0.25135E-02  -0.21932E-01   0.14632E+00
   0.17042E-01  -0.45890E-02  -0.53420E-01   0.31219E-02  -0.15141E-02  -0.17625E-01   0.14904E+00
   0.13940E-01  -0.26395E-02  -0.38402E-01   0.22146E-02  -0.82062E-03  -0.11939E-01   0.14951E+00
   0.10840E-01  -0.12984E-02  -0.23081E-01   0.15907E-02  -0.38311E-03  -0.68102E-02   0.14939E+00
   0.77416E-02  -0.51432E-03  -0.11644E-01   0.12073E-02  -0.14492E-03  -0.32809E-02   0.15057E+00
   0.46441E-02  -0.14099E-03  -0.48779E-02   0.98095E-03  -0.38130E-04  -0.13192E-02   0.15361E+00
   0.15479E-02  -0.18088E-04  -0.12938E-02   0.83804E-03  -0.47136E-05  -0.33714E-03   0.15784E+00
