   0.98805E+00  -0.77832E-04  -0.82108E-03   0.86580E-05  -0.77088E-04  -0.81324E-03   0.96784E-05
   0.96417E+00  -0.22166E-03  -0.87489E-03   0.87424E-05  -0.21953E-03  -0.86649E-03   0.97768E-05
   0.94036E+00  -0.37034E-03  -0.95362E-03   0.90196E-05  -0.36675E-03  -0.94439E-03   0.10094E-04
   0.91667E+00  -0.51750E-03  -0.10298E-02   0.95065E-05  -0.51242E-03  -0.10197E-02   0.10649E-04
   0.89314E+00  -0.67371E-03  -0.10760E-02   0.10157E-04  -0.66698E-03  -0.10652E-02   0.11393E-04
   0.86983E+00  -0.83992E-03  -0.10933E-02   0.11015E-04  -0.83135E-03  -0.10821E-02   0.12376E-04
   0.84677E+00  -0.10113E-02  -0.11003E-02   0.12019E-04  -0.10007E-02  -0.10888E-02   0.13530E-04
   0.82400E+00  -0.11826E-02  -0.11134E-02   0.13231E-04  -0.11699E-02  -0.11015E-02   0.14930E-04
   0.80156E+00  -0.13528E-02  -0.11300E-02   0.14641E-04  -0.13378E-02  -0.11175E-02   0.16567E-04
   0.77949E+00  -0.15227E-02  -0.11449E-02   0.16163E-04  -0.15052E-02  -0.11317E-02   0.18348E-04
   0.75782E+00  -0.16914E-02  -0.11685E-02   0.17769E-04  -0.16713E-02  -0.11546E-02   0.20240E-04
   0.73658E+00  -0.18555E-02  -0.12072E-02   0.19519E-04  -0.18325E-02  -0.11923E-02   0.22318E-04
   0.71579E+00  -0.20147E-02  -0.12423E-02   0.21458E-04  -0.19889E-02  -0.12263E-02   0.24634E-04
   0.69548E+00  -0.21738E-02  -0.12611E-02   0.23511E-04  -0.21448E-02  -0.12442E-02   0.27108E-04
   0.67566E+00  -0.23367E-02  -0.12667E-02   0.25813E-04  -0.23043E-02  -0.12491E-02   0.29897E-04
   0.65636E+00  -0.24992E-02  -0.12600E-02   0.28273E-04  -0.24630E-02  -0.12418E-02   0.32899E-04
   0.63758E+00  -0.26583E-02  -0.12448E-02   0.30767E-04  -0.26183E-02  -0.12261E-02   0.35974E-04
   0.61934E+00  -0.28138E-02  -0.12257E-02   0.33373E-04  -0.27697E-02  -0.12065E-02   0.39216E-04
   0.60163E+00  -0.29678E-02  -0.11981E-02   0.36172E-04  -0.29195E-02  -0.11786E-02   0.42723E-04
   0.58448E+00  -0.31244E-02  -0.11526E-02   0.39232E-04  -0.30715E-02  -0.11331E-02   0.46580E-04
   0.56786E+00  -0.32885E-02  -0.10891E-02   0.42629E-04  -0.32306E-02  -0.10699E-02   0.50883E-04
   0.55179E+00  -0.34631E-02  -0.10103E-02   0.46372E-04  -0.33998E-02  -0.99184E-03   0.55655E-04
   0.53626E+00  -0.36443E-02  -0.90949E-03   0.50472E-04  -0.35751E-02  -0.89221E-03   0.60913E-04
   0.52126E+00  -0.38278E-02  -0.77906E-03   0.54853E-04  -0.37523E-02  -0.76368E-03   0.66570E-04
   0.50679E+00  -0.40138E-02  -0.62480E-03   0.59436E-04  -0.39316E-02  -0.61201E-03   0.72533E-04
   0.49284E+00  -0.42037E-02  -0.45633E-03   0.64306E-04  -0.41146E-02  -0.44665E-03   0.78907E-04
   0.47939E+00  -0.43978E-02  -0.27191E-03   0.69463E-04  -0.43013E-02  -0.26595E-03   0.85699E-04
   0.46643E+00  -0.45905E-02  -0.66782E-04   0.74739E-04  -0.44864E-02  -0.65268E-04   0.92706E-04
   0.45396E+00  -0.47776E-02   0.16307E-03   0.79980E-04  -0.46658E-02   0.15926E-03   0.99742E-04
   0.44195E+00  -0.49563E-02   0.41450E-03   0.85104E-04  -0.48367E-02   0.40450E-03   0.10670E-03
   0.43040E+00  -0.51292E-02   0.67498E-03   0.90246E-04  -0.50016E-02   0.65820E-03   0.11376E-03
   0.41928E+00  -0.53000E-02   0.93531E-03   0.95595E-04  -0.51643E-02   0.91136E-03   0.12115E-03
   0.40858E+00  -0.54691E-02   0.11958E-02   0.10117E-03  -0.53250E-02   0.11643E-02   0.12891E-03
   0.39828E+00  -0.56342E-02   0.14589E-02   0.10687E-03  -0.54816E-02   0.14194E-02   0.13690E-03
   0.38838E+00  -0.57927E-02   0.17241E-02   0.11258E-03  -0.56316E-02   0.16761E-02   0.14500E-03
   0.37885E+00  -0.59441E-02   0.19964E-02   0.11838E-03  -0.57743E-02   0.19394E-02   0.15326E-03
   0.36967E+00  -0.60901E-02   0.22757E-02   0.12433E-03  -0.59116E-02   0.22091E-02   0.16181E-03
   0.36084E+00  -0.62313E-02   0.25582E-02   0.13039E-03  -0.60442E-02   0.24814E-02   0.17058E-03
   0.35233E+00  -0.63692E-02   0.28424E-02   0.13657E-03  -0.61732E-02   0.27549E-02   0.17959E-03
   0.34413E+00  -0.65067E-02   0.31302E-02   0.14300E-03  -0.63016E-02   0.30316E-02   0.18902E-03
   0.33623E+00  -0.66455E-02   0.34278E-02   0.14979E-03  -0.64310E-02   0.33172E-02   0.19902E-03
   0.32860E+00  -0.67875E-02   0.37417E-02   0.15696E-03  -0.65633E-02   0.36181E-02   0.20964E-03
   0.32125E+00  -0.69315E-02   0.40703E-02   0.16433E-03  -0.66973E-02   0.39327E-02   0.22062E-03
   0.31414E+00  -0.70751E-02   0.44004E-02   0.17164E-03  -0.68306E-02   0.42483E-02   0.23161E-03
   0.30728E+00  -0.72178E-02   0.47255E-02   0.17890E-03  -0.69628E-02   0.45585E-02   0.24267E-03
   0.30064E+00  -0.73598E-02   0.50458E-02   0.18625E-03  -0.70941E-02   0.48637E-02   0.25395E-03
   0.29422E+00  -0.75016E-02   0.53645E-02   0.19370E-03  -0.72250E-02   0.51667E-02   0.26550E-03
   0.28799E+00  -0.76445E-02   0.56892E-02   0.20136E-03  -0.73566E-02   0.54749E-02   0.27744E-03
   0.28197E+00  -0.77888E-02   0.60249E-02   0.20928E-03  -0.74892E-02   0.57932E-02   0.28988E-03
   0.27612E+00  -0.79339E-02   0.63733E-02   0.21755E-03  -0.76224E-02   0.61231E-02   0.30292E-03
   0.27044E+00  -0.80781E-02   0.67299E-02   0.22614E-03  -0.77544E-02   0.64603E-02   0.31655E-03
   0.26492E+00  -0.82197E-02   0.70888E-02   0.23499E-03  -0.78836E-02   0.67989E-02   0.33069E-03
   0.25955E+00  -0.83580E-02   0.74450E-02   0.24406E-03  -0.80093E-02   0.71344E-02   0.34530E-03
   0.25433E+00  -0.84935E-02   0.77971E-02   0.25335E-03  -0.81322E-02   0.74654E-02   0.36036E-03
   0.24924E+00  -0.86281E-02   0.81486E-02   0.26290E-03  -0.82537E-02   0.77950E-02   0.37596E-03
   0.24428E+00  -0.87632E-02   0.85047E-02   0.27278E-03  -0.83754E-02   0.81284E-02   0.39222E-03
   0.23943E+00  -0.88993E-02   0.88696E-02   0.28299E-03  -0.84978E-02   0.84694E-02   0.40911E-03
   0.23470E+00  -0.90367E-02   0.92438E-02   0.29348E-03  -0.86211E-02   0.88187E-02   0.42661E-03
   0.23007E+00  -0.91752E-02   0.96259E-02   0.30423E-03  -0.87451E-02   0.91746E-02   0.44469E-03
   0.22554E+00  -0.93152E-02   0.10014E-01   0.31527E-03  -0.88701E-02   0.95355E-02   0.46342E-03
   0.22110E+00  -0.94566E-02   0.10407E-01   0.32665E-03  -0.89961E-02   0.99007E-02   0.48287E-03
   0.21675E+00  -0.96000E-02   0.10809E-01   0.33844E-03  -0.91235E-02   0.10273E-01   0.50319E-03
   0.21248E+00  -0.97452E-02   0.11220E-01   0.35069E-03  -0.92522E-02   0.10653E-01   0.52446E-03
   0.20829E+00  -0.98918E-02   0.11642E-01   0.36345E-03  -0.93817E-02   0.11042E-01   0.54677E-03
   0.20416E+00  -0.10039E-01   0.12075E-01   0.37669E-03  -0.95112E-02   0.11440E-01   0.57011E-03
   0.20011E+00  -0.10187E-01   0.12521E-01   0.39045E-03  -0.96409E-02   0.11850E-01   0.59458E-03
   0.19611E+00  -0.10336E-01   0.12983E-01   0.40476E-03  -0.97714E-02   0.12274E-01   0.62024E-03
   0.19218E+00  -0.10488E-01   0.13463E-01   0.41966E-03  -0.99033E-02   0.12713E-01   0.64720E-03
   0.18830E+00  -0.10641E-01   0.13959E-01   0.43519E-03  -0.10037E-01   0.13166E-01   0.67553E-03
   0.18448E+00  -0.10797E-01   0.14472E-01   0.45135E-03  -0.10172E-01   0.13634E-01   0.70530E-03
   0.18070E+00  -0.10956E-01   0.15007E-01   0.46820E-03  -0.10308E-01   0.14120E-01   0.73663E-03
   0.17696E+00  -0.11118E-01   0.15567E-01   0.48584E-03  -0.10447E-01   0.14628E-01   0.76975E-03
   0.17327E+00  -0.11283E-01   0.16152E-01   0.50433E-03  -0.10589E-01   0.15158E-01   0.80482E-03
   0.16962E+00  -0.11451E-01   0.16765E-01   0.52373E-03  -0.10731E-01   0.15711E-01   0.84201E-03
   0.16601E+00  -0.11621E-01   0.17406E-01   0.54411E-03  -0.10875E-01   0.16288E-01   0.88153E-03
   0.16243E+00  -0.11793E-01   0.18080E-01   0.56564E-03  -0.11020E-01   0.16894E-01   0.92372E-03
   0.15888E+00  -0.11966E-01   0.18790E-01   0.58848E-03  -0.11164E-01   0.17530E-01   0.96896E-03
   0.15536E+00  -0.12140E-01   0.19539E-01   0.61283E-03  -0.11308E-01   0.18199E-01   0.10177E-02
   0.15187E+00  -0.12317E-01   0.20327E-01   0.63885E-03  -0.11453E-01   0.18901E-01   0.10703E-02
   0.14841E+00  -0.12495E-01   0.21154E-01   0.66671E-03  -0.11598E-01   0.19635E-01   0.11273E-02
   0.14498E+00  -0.12676E-01   0.22022E-01   0.69648E-03  -0.11744E-01   0.20402E-01   0.11889E-02
   0.14156E+00  -0.12859E-01   0.22933E-01   0.72825E-03  -0.11890E-01   0.21204E-01   0.12555E-02
   0.13817E+00  -0.13045E-01   0.23896E-01   0.76220E-03  -0.12037E-01   0.22049E-01   0.13276E-02
   0.13480E+00  -0.13236E-01   0.24916E-01   0.79858E-03  -0.12186E-01   0.22940E-01   0.14060E-02
   0.13145E+00  -0.13433E-01   0.26000E-01   0.83762E-03  -0.12339E-01   0.23883E-01   0.14914E-02
   0.12811E+00  -0.13636E-01   0.27161E-01   0.87967E-03  -0.12495E-01   0.24889E-01   0.15848E-02
   0.12480E+00  -0.13847E-01   0.28417E-01   0.92514E-03  -0.12656E-01   0.25973E-01   0.16873E-02
   0.12150E+00  -0.14069E-01   0.29788E-01   0.97455E-03  -0.12824E-01   0.27151E-01   0.18004E-02
   0.11821E+00  -0.14303E-01   0.31292E-01   0.10285E-02  -0.12999E-01   0.28439E-01   0.19259E-02
   0.11493E+00  -0.14550E-01   0.32949E-01   0.10874E-02  -0.13182E-01   0.29851E-01   0.20655E-02
   0.11167E+00  -0.14809E-01   0.34778E-01   0.11521E-02  -0.13372E-01   0.31403E-01   0.22215E-02
   0.10842E+00  -0.15080E-01   0.36804E-01   0.12233E-02  -0.13568E-01   0.33114E-01   0.23965E-02
   0.10519E+00  -0.15363E-01   0.39055E-01   0.13020E-02  -0.13769E-01   0.35003E-01   0.25941E-02
   0.10196E+00  -0.15656E-01   0.41567E-01   0.13897E-02  -0.13973E-01   0.37098E-01   0.28188E-02
   0.98741E-01  -0.15963E-01   0.44386E-01   0.14877E-02  -0.14182E-01   0.39434E-01   0.30758E-02
   0.95532E-01  -0.16284E-01   0.47560E-01   0.15976E-02  -0.14395E-01   0.42044E-01   0.33713E-02
   0.92332E-01  -0.16616E-01   0.51152E-01   0.17218E-02  -0.14609E-01   0.44974E-01   0.37139E-02
   0.89139E-01  -0.16959E-01   0.55228E-01   0.18630E-02  -0.14821E-01   0.48266E-01   0.41145E-02
   0.85954E-01  -0.17308E-01   0.59850E-01   0.20240E-02  -0.15026E-01   0.51959E-01   0.45853E-02
   0.82776E-01  -0.17659E-01   0.65102E-01   0.22084E-02  -0.15218E-01   0.56104E-01   0.51426E-02
   0.79605E-01  -0.18012E-01   0.71079E-01   0.24204E-02  -0.15396E-01   0.60753E-01   0.58070E-02
   0.76439E-01  -0.18365E-01   0.77885E-01   0.26648E-02  -0.15552E-01   0.65958E-01   0.66051E-02
   0.73279E-01  -0.18712E-01   0.85633E-01   0.29478E-02  -0.15683E-01   0.71769E-01   0.75719E-02
   0.70125E-01  -0.19053E-01   0.94423E-01   0.32765E-02  -0.15780E-01   0.78205E-01   0.87527E-02
   0.66975E-01  -0.19382E-01   0.10433E+00   0.36591E-02  -0.15838E-01   0.85250E-01   0.10207E-01
   0.63830E-01  -0.19696E-01   0.11541E+00   0.41056E-02  -0.15847E-01   0.92857E-01   0.12015E-01
   0.60689E-01  -0.19984E-01   0.12763E+00   0.46258E-02  -0.15795E-01   0.10088E+00   0.14277E-01
   0.57552E-01  -0.20228E-01   0.14079E+00   0.52280E-02  -0.15661E-01   0.10900E+00   0.17120E-01
   0.54419E-01  -0.20397E-01   0.15446E+00   0.59177E-02  -0.15418E-01   0.11676E+00   0.20700E-01
   0.51290E-01  -0.20448E-01   0.16796E+00   0.66971E-02  -0.15032E-01   0.12347E+00   0.25221E-01
   0.48164E-01  -0.20323E-01   0.18014E+00   0.75601E-02  -0.14462E-01   0.12819E+00   0.30927E-01
   0.45041E-01  -0.19958E-01   0.18953E+00   0.84862E-02  -0.13673E-01   0.12985E+00   0.38105E-01
   0.41921E-01  -0.19292E-01   0.19434E+00   0.94342E-02  -0.12643E-01   0.12736E+00   0.47069E-01
   0.38803E-01  -0.18269E-01   0.19268E+00   0.10332E-01  -0.11367E-01   0.11989E+00   0.58128E-01
   0.35688E-01  -0.16843E-01   0.18252E+00   0.11065E-01  -0.98659E-02   0.10691E+00   0.71491E-01
   0.32575E-01  -0.14980E-01   0.16268E+00   0.11466E-01  -0.81819E-02   0.88850E-01   0.87118E-01
   0.29465E-01  -0.12715E-01   0.13344E+00   0.11333E-01  -0.64112E-02   0.67286E-01   0.10446E+00
   0.26356E-01  -0.10166E-01   0.97405E-01   0.10478E-01  -0.46900E-02   0.44939E-01   0.12208E+00
   0.23250E-01  -0.75200E-02   0.60844E-01   0.88498E-02  -0.31570E-02   0.25543E-01   0.13744E+00
   0.20145E-01  -0.50472E-02   0.32497E-01   0.66911E-02  -0.19289E-02   0.12420E-01   0.14755E+00
   0.17042E-01  -0.30455E-02   0.17124E-01   0.45867E-02  -0.10681E-02   0.60059E-02   0.15130E+00
   0.13940E-01  -0.16570E-02   0.11864E-01   0.30685E-02  -0.54038E-03   0.38690E-02   0.15151E+00
   0.10840E-01  -0.80264E-03   0.10182E-01   0.21864E-02  -0.24648E-03   0.31266E-02   0.15243E+00
   0.77416E-02  -0.32125E-03   0.82925E-02   0.16879E-02  -0.93745E-04   0.24199E-02   0.15520E+00
   0.46441E-02  -0.90374E-04   0.52958E-02   0.13857E-02  -0.25221E-04   0.14779E-02   0.15934E+00
   0.15479E-02  -0.12254E-04   0.16800E-02   0.11841E-02  -0.32856E-05   0.45046E-03   0.16418E+00
