  0.988047355377637        700.203358144609     
  0.964166136889615        700.207064354805     
  0.940356908614858        700.217910382385     
  0.916666928178349        700.241114528361     
  0.893142364470742        700.276216635970     
  0.869827891723262        700.318400859979     
  0.846766311977668        700.367632540469     
  0.823998212453732        700.423916339767     
  0.801561663219464        700.484509858664     
  0.779491959341652        700.550382575705     
  0.757821410391573        700.625634987185     
  0.736579178859178        700.708069063056     
  0.715791167741608        700.797070699880     
  0.695479956366178        700.894955656824     
  0.675664782423527        701.004962662304     
  0.656361567253929        701.126507210878     
  0.637582980669131        701.258496108235     
  0.619338541013964        701.399044363434     
  0.601634745777564        701.545901837062     
  0.584475227846179        701.697209779173     
  0.567860932434619        701.853022802048     
  0.551790309822581        702.013877730563     
  0.536259519233212        702.180810809748     
  0.521262639500592        702.353858879150     
  0.506791882556063        702.532916375955     
  0.492837806197267        702.716689081745     
  0.479389523066976        702.903863116411     
  0.466434903242232        703.093227482410     
  0.453960768301942        703.285336789569     
  0.441953075189806        703.480589308841     
  0.430397088609228        703.677389891503     
  0.419277541070503        703.875007859967     
  0.408578780053513        704.073611038912     
  0.398284902048978        704.272813449434     
  0.388379873497583        704.472473400186     
  0.378847638860019        704.672485783047     
  0.369672216224340        704.872906769636     
  0.360837780993029        705.074004566957     
  0.352328738294336        705.276984262426     
  0.344129784834595        705.482749287418     
  0.336225960954320        705.690809446816     
  0.328602693674704        705.900190480500     
  0.321245831526497        706.110647992717     
  0.314141671943392        706.322156563670     
  0.307276981980289        706.534595415423     
  0.300639013085778        706.747803632534     
  0.294215510620379        706.961403657835     
  0.287994718769578        707.175107405171     
  0.281965381455280        707.388622704072     
  0.276116739802382        707.602204212342     
  0.270438526669996        707.816134160449     
  0.264920958710317        708.030721690791     
  0.259554726373022        708.246392368403     
  0.254330982229849        708.463488324157     
  0.249241327953154        708.682295826375     
  0.244277800243940        708.902788774595     
  0.239432855969266        709.124915977205     
  0.234699356736161        709.348613775988     
  0.230070553099201        709.573932911578     
  0.225540068571578        709.800875164321     
  0.221101883584902        710.029444924920     
  0.216750319520806        710.259657421668     
  0.212480022917632        710.491795963353     
  0.208285949937909        710.726577912612     
  0.204163351166764        710.964512018533     
  0.200107756797730        711.206215776749     
  0.196114962250426        711.452294823850     
  0.192181014254176        711.703206944575     
  0.188302197422585        711.959436224981     
  0.184475021336329        712.221313792113     
  0.180696208144768        712.489307662340     
  0.176962680691340        712.764008370524     
  0.173271551162927        713.045798213234     
  0.169620110259420        713.335167051254     
  0.166005816876420        713.632812935138     
  0.162426288291283        713.939288826719     
  0.158879290840633        714.255174784059     
  0.155362731075660        714.581141519041     
  0.151874647380299        714.917935883611     
  0.148413202036336        715.266460497372     
  0.144976673718836        715.627684964023     
  0.141563450404842        716.002785082732     
  0.138172022678052        716.393314975755     
  0.134800977412122        716.800606711576     
  0.131448991815329        717.226197110299     
  0.128114827819537        717.671914982845     
  0.124797326796713        718.139615209101     
  0.121495404586594        718.631055389804     
  0.118208046819601        719.148383591838     
  0.114934304519525        719.693802927961     
  0.111673289971079        720.269607822911     
  0.108424172837948        720.878429747651     
  0.105186176517522        721.523176976819     
  0.101958574719099        722.207626456997     
  9.874068825289550E-002   722.935781857602     
  9.553188201779783E-002   723.711885405596     
  9.233156217635730E-002   724.540596394394     
  8.913917350607692E-002   725.427366187736     
  8.595419691660200E-002   726.378327755876     
  8.277614712295223E-002   727.400087065385     
  7.960457046544755E-002   728.499993736757     
  7.643904286748682E-002   729.686590738851     
  7.327916792281119E-002   730.969942680880     
  7.012457510435044E-002   732.361356974217     
  6.697491808719114E-002   733.873900321316     
  6.382987317862931E-002   735.522409111233     
  6.068913784867458E-002   737.322709992505     
  5.755242935475435E-002   739.289927399917     
  5.441948345473668E-002   741.439162492024     
  5.129005320273405E-002   743.786282890862     
  4.816390782248314E-002   746.343349940050     
  4.504083165340378E-002   749.113774038448     
  4.192062316474132E-002   752.084785669124     
  3.880309403347026E-002   755.218209906407     
  3.568806828190541E-002   758.424004121125     
  3.257538147121364E-002   761.505893561248     
  2.946487994725433E-002   764.129408393600     
  2.635642013540029E-002   765.719784271113     
  2.324986788119521E-002   765.352400251319     
  2.014509783390594E-002   761.649398867325     
  1.704199287020636E-002   752.908989655226     
  1.394044355540869E-002   737.532703138023     
  1.084034763981778E-002   715.424771093372     
  7.741609587939902E-003   688.810747024512     
  4.644140138419184E-003   661.538171706034     
  1.547855892712224E-003   636.233302272711     
