  0.988047355377637        773.951575181110     
  0.964166136889615        773.974252636019     
  0.940356908614858        774.017363521580     
  0.916666928178349        774.083338480922     
  0.893142364470742        774.173143555355     
  0.869827891723262        774.279784213933     
  0.846766311977668        774.405106676339     
  0.823998212453732        774.557727050824     
  0.801561663219464        774.734850154477     
  0.779491959341652        774.931231042465     
  0.757821410391573        775.141123658268     
  0.736579178859178        775.367022576342     
  0.715791167741608        775.611278013903     
  0.695479956366178        775.872069772089     
  0.675664782423527        776.144824852056     
  0.656361567253929        776.425639643734     
  0.637582980669131        776.716302897748     
  0.619338541013964        777.016930287389     
  0.601634745777564        777.326293127302     
  0.584475227846179        777.644709658707     
  0.567860932434619        777.972152659381     
  0.551790309822581        778.311326105938     
  0.536259519233212        778.658941365669     
  0.521262639500592        779.009317360210     
  0.506791882556063        779.359662239864     
  0.492837806197267        779.708086618868     
  0.479389523066976        780.055008817755     
  0.466434903242232        780.400104235781     
  0.453960768301942        780.742999141897     
  0.441953075189806        781.084160107792     
  0.430397088609228        781.425661727735     
  0.419277541070503        781.768665469644     
  0.408578780053513        782.112271451606     
  0.398284902048978        782.455061189825     
  0.388379873497583        782.795403684519     
  0.378847638860019        783.132945652294     
  0.369672216224340        783.468167398433     
  0.360837780993029        783.801861740629     
  0.352328738294336        784.135488150550     
  0.344129784834595        784.470142024059     
  0.336225960954320        784.806205185242     
  0.328602693674704        785.143296109992     
  0.321245831526497        785.480062611579     
  0.314141671943392        785.816472810380     
  0.307276981980289        786.153220605177     
  0.300639013085778        786.491029121225     
  0.294215510620379        786.830624163260     
  0.287994718769578        787.172218370658     
  0.281965381455280        787.515388737282     
  0.276116739802382        787.860217674040     
  0.270438526669996        788.206667807055     
  0.264920958710317        788.554750157364     
  0.259554726373022        788.904370418564     
  0.254330982229849        789.255717422485     
  0.249241327953154        789.609073397846     
  0.244277800243940        789.964533198786     
  0.239432855969266        790.322376041737     
  0.234699356736161        790.683166863140     
  0.230070553099201        791.047486898681     
  0.225540068571578        791.415887437162     
  0.221101883584902        791.788697833284     
  0.216750319520806        792.166743209181     
  0.212480022917632        792.550664050082     
  0.208285949937909        792.940808508520     
  0.204163351166764        793.337659887462     
  0.200107756797730        793.741810175879     
  0.196114962250426        794.153699329567     
  0.192181014254176        794.573554132006     
  0.188302197422585        795.001879283227     
  0.184475021336329        795.439488172536     
  0.180696208144768        795.887396522144     
  0.176962680691340        796.346925349650     
  0.173271551162927        796.819379510937     
  0.169620110259420        797.306250866901     
  0.166005816876420        797.809016646310     
  0.162426288291283        798.328984959375     
  0.158879290840633        798.867066899555     
  0.155362731075660        799.424140264958     
  0.151874647380299        800.001257835226     
  0.148413202036336        800.599303597487     
  0.144976673718836        801.219398541138     
  0.141563450404842        801.863119299365     
  0.138172022678052        802.532211044259     
  0.134800977412122        803.228659154088     
  0.131448991815329        803.954189533185     
  0.128114827819537        804.710706559535     
  0.124797326796713        805.500169739513     
  0.121495404586594        806.324969434585     
  0.118208046819601        807.187960119460     
  0.114934304519525        808.092254904227     
  0.111673289971079        809.041283177637     
  0.108424172837948        810.039301225007     
  0.105186176517522        811.090810765744     
  0.101958574719099        812.200520256588     
  9.874068825289550E-002   813.373454315288     
  9.553188201779783E-002   814.614253304131     
  9.233156217635730E-002   815.927925902229     
  8.913917350607692E-002   817.318643875886     
  8.595419691660200E-002   818.791699806465     
  8.277614712295223E-002   820.352798025809     
  7.960457046544755E-002   822.006807627618     
  7.643904286748682E-002   823.758565209619     
  7.327916792281119E-002   825.610915032629     
  7.012457510435044E-002   827.562247805016     
  6.697491808719114E-002   829.606473416825     
  6.382987317862931E-002   831.726047276886     
  6.068913784867458E-002   833.891623969430     
  5.755242935475435E-002   836.062266389172     
  5.441948345473668E-002   838.178294273986     
  5.129005320273405E-002   840.145520336853     
  4.816390782248314E-002   841.827899260347     
  4.504083165340378E-002   843.035536978052     
  4.192062316474132E-002   843.494349201132     
  3.880309403347026E-002   842.809818738416     
  3.568806828190541E-002   840.430014599214     
  3.257538147121364E-002   835.589459994697     
  2.946487994725433E-002   827.231949381038     
  2.635642013540029E-002   814.173472870360     
  2.324986788119521E-002   795.556512245532     
  2.014509783390594E-002   771.540748603525     
  1.704199287020636E-002   743.898464676219     
  1.394044355540869E-002   715.584875402338     
  1.084034763981778E-002   688.794300676236     
  7.741609587939902E-003   664.100267136395     
  4.644140138419184E-003   641.353123664109     
  1.547855892712224E-003   620.318338028438     
