   0.19091E+03   0.17785E+03   0.11847E-02   0.11847E-02
   0.18630E+03   0.17355E+03   0.31564E-02   0.31565E-02
   0.18170E+03   0.16926E+03   0.51777E-02   0.51780E-02
   0.17712E+03   0.16500E+03   0.71774E-02   0.71779E-02
   0.17258E+03   0.16077E+03   0.94785E-02   0.94792E-02
   0.16808E+03   0.15657E+03   0.12141E-01   0.12142E-01
   0.16363E+03   0.15242E+03   0.15214E-01   0.15215E-01
   0.15923E+03   0.14832E+03   0.18959E-01   0.18962E-01
   0.15490E+03   0.14428E+03   0.23586E-01   0.23589E-01
   0.15064E+03   0.14031E+03   0.28896E-01   0.28902E-01
   0.14646E+03   0.13641E+03   0.34878E-01   0.34887E-01
   0.14236E+03   0.13258E+03   0.42359E-01   0.42371E-01
   0.13836E+03   0.12884E+03   0.51432E-01   0.51451E-01
   0.13444E+03   0.12519E+03   0.61875E-01   0.61902E-01
   0.13063E+03   0.12162E+03   0.73757E-01   0.73795E-01
   0.12691E+03   0.11815E+03   0.86313E-01   0.86365E-01
   0.12329E+03   0.11476E+03   0.99570E-01   0.99640E-01
   0.11978E+03   0.11148E+03   0.11410E+00   0.11419E+00
   0.11637E+03   0.10829E+03   0.12968E+00   0.12980E+00
   0.11307E+03   0.10521E+03   0.14572E+00   0.14588E+00
   0.10988E+03   0.10221E+03   0.16227E+00   0.16247E+00
   0.10679E+03   0.99322E+02   0.17958E+00   0.17983E+00
   0.10380E+03   0.96527E+02   0.19777E+00   0.19807E+00
   0.10092E+03   0.93827E+02   0.21691E+00   0.21728E+00
   0.98142E+02   0.91223E+02   0.23659E+00   0.23705E+00
   0.95462E+02   0.88711E+02   0.25662E+00   0.25717E+00
   0.92881E+02   0.86290E+02   0.27728E+00   0.27792E+00
   0.90395E+02   0.83958E+02   0.29888E+00   0.29965E+00
   0.88002E+02   0.81713E+02   0.32097E+00   0.32187E+00
   0.85699E+02   0.79552E+02   0.34301E+00   0.34405E+00
   0.83483E+02   0.77471E+02   0.36484E+00   0.36604E+00
   0.81351E+02   0.75470E+02   0.38661E+00   0.38799E+00
   0.79300E+02   0.73544E+02   0.40858E+00   0.41015E+00
   0.77328E+02   0.71691E+02   0.43099E+00   0.43277E+00
   0.75430E+02   0.69908E+02   0.45397E+00   0.45598E+00
   0.73605E+02   0.68193E+02   0.47714E+00   0.47938E+00
   0.71848E+02   0.66541E+02   0.50000E+00   0.50251E+00
   0.70156E+02   0.64951E+02   0.52232E+00   0.52511E+00
   0.68526E+02   0.63419E+02   0.54408E+00   0.54715E+00
   0.66956E+02   0.61943E+02   0.56536E+00   0.56873E+00
   0.65442E+02   0.60521E+02   0.58620E+00   0.58988E+00
   0.63981E+02   0.59148E+02   0.60668E+00   0.61069E+00
   0.62572E+02   0.57824E+02   0.62681E+00   0.63116E+00
   0.61211E+02   0.56546E+02   0.64656E+00   0.65125E+00
   0.59896E+02   0.55310E+02   0.66581E+00   0.67085E+00
   0.58623E+02   0.54115E+02   0.68445E+00   0.68987E+00
   0.57392E+02   0.52959E+02   0.70254E+00   0.70833E+00
   0.56200E+02   0.51839E+02   0.72016E+00   0.72634E+00
   0.55045E+02   0.50754E+02   0.73733E+00   0.74392E+00
   0.53924E+02   0.49701E+02   0.75417E+00   0.76116E+00
   0.52836E+02   0.48679E+02   0.77080E+00   0.77822E+00
   0.51779E+02   0.47686E+02   0.78734E+00   0.79521E+00
   0.50751E+02   0.46720E+02   0.80392E+00   0.81225E+00
   0.49750E+02   0.45780E+02   0.82059E+00   0.82941E+00
   0.48775E+02   0.44863E+02   0.83741E+00   0.84673E+00
   0.47825E+02   0.43970E+02   0.85435E+00   0.86419E+00
   0.46897E+02   0.43098E+02   0.87141E+00   0.88181E+00
   0.45990E+02   0.42246E+02   0.88861E+00   0.89957E+00
   0.45103E+02   0.41413E+02   0.90589E+00   0.91744E+00
   0.44236E+02   0.40597E+02   0.92324E+00   0.93541E+00
   0.43385E+02   0.39798E+02   0.94064E+00   0.95344E+00
   0.42552E+02   0.39015E+02   0.95809E+00   0.97155E+00
   0.41734E+02   0.38246E+02   0.97561E+00   0.98976E+00
   0.40930E+02   0.37491E+02   0.99322E+00   0.10081E+01
   0.40140E+02   0.36749E+02   0.10109E+01   0.10265E+01
   0.39364E+02   0.36019E+02   0.10286E+01   0.10450E+01
   0.38599E+02   0.35301E+02   0.10462E+01   0.10634E+01
   0.37845E+02   0.34593E+02   0.10636E+01   0.10817E+01
   0.37102E+02   0.33894E+02   0.10808E+01   0.10997E+01
   0.36368E+02   0.33206E+02   0.10978E+01   0.11175E+01
   0.35644E+02   0.32525E+02   0.11144E+01   0.11351E+01
   0.34929E+02   0.31853E+02   0.11308E+01   0.11525E+01
   0.34221E+02   0.31189E+02   0.11470E+01   0.11696E+01
   0.33521E+02   0.30532E+02   0.11630E+01   0.11867E+01
   0.32829E+02   0.29881E+02   0.11790E+01   0.12037E+01
   0.32143E+02   0.29237E+02   0.11948E+01   0.12207E+01
   0.31463E+02   0.28598E+02   0.12105E+01   0.12376E+01
   0.30789E+02   0.27965E+02   0.12262E+01   0.12545E+01
   0.30121E+02   0.27337E+02   0.12418E+01   0.12714E+01
   0.29458E+02   0.26714E+02   0.12574E+01   0.12883E+01
   0.28800E+02   0.26096E+02   0.12728E+01   0.13051E+01
   0.28147E+02   0.25481E+02   0.12881E+01   0.13219E+01
   0.27497E+02   0.24871E+02   0.13032E+01   0.13387E+01
   0.26852E+02   0.24264E+02   0.13183E+01   0.13554E+01
   0.26210E+02   0.23661E+02   0.13333E+01   0.13722E+01
   0.25572E+02   0.23061E+02   0.13483E+01   0.13891E+01
   0.24938E+02   0.22464E+02   0.13634E+01   0.14061E+01
   0.24306E+02   0.21869E+02   0.13784E+01   0.14232E+01
   0.23677E+02   0.21277E+02   0.13935E+01   0.14406E+01
   0.23051E+02   0.20688E+02   0.14087E+01   0.14582E+01
   0.22428E+02   0.20101E+02   0.14238E+01   0.14759E+01
   0.21808E+02   0.19516E+02   0.14389E+01   0.14938E+01
   0.21189E+02   0.18934E+02   0.14539E+01   0.15117E+01
   0.20573E+02   0.18353E+02   0.14688E+01   0.15298E+01
   0.19960E+02   0.17773E+02   0.14834E+01   0.15478E+01
   0.19348E+02   0.17196E+02   0.14977E+01   0.15659E+01
   0.18739E+02   0.16620E+02   0.15117E+01   0.15839E+01
   0.18132E+02   0.16045E+02   0.15251E+01   0.16018E+01
   0.17526E+02   0.15472E+02   0.15380E+01   0.16195E+01
   0.16922E+02   0.14900E+02   0.15501E+01   0.16368E+01
   0.16321E+02   0.14329E+02   0.15612E+01   0.16537E+01
   0.15721E+02   0.13759E+02   0.15710E+01   0.16698E+01
   0.15123E+02   0.13190E+02   0.15794E+01   0.16852E+01
   0.14527E+02   0.12622E+02   0.15860E+01   0.16994E+01
   0.13934E+02   0.12055E+02   0.15907E+01   0.17126E+01
   0.13342E+02   0.11489E+02   0.15929E+01   0.17244E+01
   0.12753E+02   0.10924E+02   0.15924E+01   0.17345E+01
   0.12166E+02   0.10359E+02   0.15883E+01   0.17423E+01
   0.11583E+02   0.97955E+01   0.15797E+01   0.17473E+01
   0.11002E+02   0.92322E+01   0.15661E+01   0.17490E+01
   0.10425E+02   0.86695E+01   0.15465E+01   0.17468E+01
   0.98513E+01   0.81073E+01   0.15194E+01   0.17396E+01
   0.92817E+01   0.75457E+01   0.14829E+01   0.17258E+01
   0.87160E+01   0.69846E+01   0.14346E+01   0.17030E+01
   0.81541E+01   0.64239E+01   0.13719E+01   0.16687E+01
   0.75952E+01   0.58636E+01   0.12921E+01   0.16195E+01
   0.70381E+01   0.53037E+01   0.11920E+01   0.15509E+01
   0.64798E+01   0.47442E+01   0.10687E+01   0.14571E+01
   0.59144E+01   0.41850E+01   0.92115E+00   0.13318E+01
   0.53322E+01   0.36261E+01   0.75076E+00   0.11680E+01
   0.47169E+01   0.30676E+01   0.56331E+00   0.95907E+00
   0.40439E+01   0.25093E+01   0.37203E+00   0.70529E+00
   0.32843E+01   0.19513E+01   0.20036E+00   0.42840E+00
   0.24216E+01   0.13935E+01   0.76612E-01   0.18499E+00
   0.14743E+01   0.83595E+00   0.17003E-01   0.45668E-01
   0.49165E+00   0.27861E+00   0.16847E-02   0.49174E-02
