   0.18929E+03   0.17785E+03   0.73977E-07   0.73977E-07
   0.18472E+03   0.17355E+03   0.45127E-06   0.45127E-06
   0.18016E+03   0.16926E+03   0.13108E-05   0.13108E-05
   0.17562E+03   0.16500E+03   0.22867E-05   0.22867E-05
   0.17111E+03   0.16077E+03   0.33273E-05   0.33273E-05
   0.16664E+03   0.15657E+03   0.10647E-04   0.10647E-04
   0.16223E+03   0.15242E+03   0.37964E-04   0.37964E-04
   0.15786E+03   0.14832E+03   0.89807E-04   0.89807E-04
   0.15357E+03   0.14428E+03   0.16762E-03   0.16762E-03
   0.14934E+03   0.14031E+03   0.29856E-03   0.29857E-03
   0.14519E+03   0.13641E+03   0.50761E-03   0.50761E-03
   0.14112E+03   0.13258E+03   0.77631E-03   0.77632E-03
   0.13713E+03   0.12884E+03   0.11082E-02   0.11082E-02
   0.13324E+03   0.12519E+03   0.15429E-02   0.15429E-02
   0.12945E+03   0.12162E+03   0.20830E-02   0.20830E-02
   0.12575E+03   0.11815E+03   0.27458E-02   0.27458E-02
   0.12215E+03   0.11476E+03   0.36143E-02   0.36143E-02
   0.11866E+03   0.11148E+03   0.46983E-02   0.46984E-02
   0.11527E+03   0.10829E+03   0.60985E-02   0.60987E-02
   0.11198E+03   0.10521E+03   0.79015E-02   0.79017E-02
   0.10880E+03   0.10221E+03   0.10160E-01   0.10161E-01
   0.10572E+03   0.99322E+02   0.12853E-01   0.12854E-01
   0.10275E+03   0.96527E+02   0.15997E-01   0.15998E-01
   0.99876E+02   0.93827E+02   0.19536E-01   0.19538E-01
   0.97106E+02   0.91223E+02   0.23569E-01   0.23572E-01
   0.94435E+02   0.88711E+02   0.28292E-01   0.28296E-01
   0.91862E+02   0.86290E+02   0.33803E-01   0.33809E-01
   0.89383E+02   0.83958E+02   0.40071E-01   0.40079E-01
   0.86996E+02   0.81713E+02   0.46949E-01   0.46960E-01
   0.84699E+02   0.79552E+02   0.54334E-01   0.54349E-01
   0.82489E+02   0.77471E+02   0.62187E-01   0.62207E-01
   0.80363E+02   0.75470E+02   0.70557E-01   0.70583E-01
   0.78318E+02   0.73544E+02   0.79518E-01   0.79553E-01
   0.76351E+02   0.71691E+02   0.89097E-01   0.89142E-01
   0.74458E+02   0.69908E+02   0.99333E-01   0.99389E-01
   0.72637E+02   0.68193E+02   0.11020E+00   0.11027E+00
   0.70885E+02   0.66541E+02   0.12154E+00   0.12163E+00
   0.69198E+02   0.64951E+02   0.13329E+00   0.13340E+00
   0.67573E+02   0.63419E+02   0.14534E+00   0.14547E+00
   0.66008E+02   0.61943E+02   0.15769E+00   0.15785E+00
   0.64500E+02   0.60521E+02   0.17037E+00   0.17056E+00
   0.63045E+02   0.59148E+02   0.18337E+00   0.18360E+00
   0.61642E+02   0.57824E+02   0.19669E+00   0.19695E+00
   0.60287E+02   0.56546E+02   0.21038E+00   0.21068E+00
   0.58978E+02   0.55310E+02   0.22451E+00   0.22486E+00
   0.57713E+02   0.54115E+02   0.23913E+00   0.23954E+00
   0.56489E+02   0.52959E+02   0.25416E+00   0.25462E+00
   0.55304E+02   0.51839E+02   0.26947E+00   0.27000E+00
   0.54156E+02   0.50754E+02   0.28500E+00   0.28561E+00
   0.53041E+02   0.49701E+02   0.30079E+00   0.30148E+00
   0.51960E+02   0.48679E+02   0.31692E+00   0.31769E+00
   0.50909E+02   0.47686E+02   0.33348E+00   0.33434E+00
   0.49887E+02   0.46720E+02   0.35048E+00   0.35144E+00
   0.48892E+02   0.45780E+02   0.36784E+00   0.36891E+00
   0.47923E+02   0.44863E+02   0.38549E+00   0.38667E+00
   0.46978E+02   0.43970E+02   0.40335E+00   0.40466E+00
   0.46056E+02   0.43098E+02   0.42140E+00   0.42284E+00
   0.45155E+02   0.42246E+02   0.43963E+00   0.44123E+00
   0.44275E+02   0.41413E+02   0.45804E+00   0.45979E+00
   0.43413E+02   0.40597E+02   0.47657E+00   0.47849E+00
   0.42569E+02   0.39798E+02   0.49517E+00   0.49726E+00
   0.41742E+02   0.39015E+02   0.51375E+00   0.51604E+00
   0.40930E+02   0.38246E+02   0.53231E+00   0.53480E+00
   0.40132E+02   0.37491E+02   0.55088E+00   0.55359E+00
   0.39348E+02   0.36749E+02   0.56956E+00   0.57249E+00
   0.38578E+02   0.36019E+02   0.58841E+00   0.59159E+00
   0.37819E+02   0.35301E+02   0.60749E+00   0.61092E+00
   0.37072E+02   0.34593E+02   0.62678E+00   0.63049E+00
   0.36335E+02   0.33894E+02   0.64626E+00   0.65027E+00
   0.35608E+02   0.33206E+02   0.66589E+00   0.67022E+00
   0.34891E+02   0.32525E+02   0.68564E+00   0.69032E+00
   0.34182E+02   0.31853E+02   0.70554E+00   0.71058E+00
   0.33482E+02   0.31189E+02   0.72560E+00   0.73103E+00
   0.32789E+02   0.30532E+02   0.74584E+00   0.75168E+00
   0.32103E+02   0.29881E+02   0.76631E+00   0.77260E+00
   0.31424E+02   0.29237E+02   0.78705E+00   0.79381E+00
   0.30752E+02   0.28598E+02   0.80808E+00   0.81535E+00
   0.30085E+02   0.27965E+02   0.82939E+00   0.83720E+00
   0.29424E+02   0.27337E+02   0.85096E+00   0.85936E+00
   0.28768E+02   0.26714E+02   0.87276E+00   0.88178E+00
   0.28117E+02   0.26096E+02   0.89475E+00   0.90444E+00
   0.27470E+02   0.25481E+02   0.91688E+00   0.92729E+00
   0.26828E+02   0.24871E+02   0.93913E+00   0.95031E+00
   0.26189E+02   0.24264E+02   0.96151E+00   0.97352E+00
   0.25555E+02   0.23661E+02   0.98405E+00   0.99695E+00
   0.24924E+02   0.23061E+02   0.10068E+01   0.10206E+01
   0.24297E+02   0.22464E+02   0.10297E+01   0.10446E+01
   0.23672E+02   0.21869E+02   0.10529E+01   0.10689E+01
   0.23051E+02   0.21277E+02   0.10763E+01   0.10935E+01
   0.22432E+02   0.20688E+02   0.11000E+01   0.11185E+01
   0.21817E+02   0.20101E+02   0.11239E+01   0.11439E+01
   0.21203E+02   0.19516E+02   0.11481E+01   0.11696E+01
   0.20593E+02   0.18934E+02   0.11726E+01   0.11958E+01
   0.19984E+02   0.18353E+02   0.11973E+01   0.12225E+01
   0.19378E+02   0.17773E+02   0.12223E+01   0.12495E+01
   0.18774E+02   0.17196E+02   0.12472E+01   0.12767E+01
   0.18173E+02   0.16620E+02   0.12721E+01   0.13041E+01
   0.17573E+02   0.16045E+02   0.12968E+01   0.13315E+01
   0.16975E+02   0.15472E+02   0.13212E+01   0.13589E+01
   0.16379E+02   0.14900E+02   0.13452E+01   0.13863E+01
   0.15785E+02   0.14329E+02   0.13686E+01   0.14134E+01
   0.15193E+02   0.13759E+02   0.13913E+01   0.14403E+01
   0.14603E+02   0.13190E+02   0.14130E+01   0.14667E+01
   0.14015E+02   0.12622E+02   0.14335E+01   0.14924E+01
   0.13430E+02   0.12055E+02   0.14523E+01   0.15171E+01
   0.12846E+02   0.11489E+02   0.14691E+01   0.15406E+01
   0.12264E+02   0.10924E+02   0.14832E+01   0.15623E+01
   0.11686E+02   0.10359E+02   0.14940E+01   0.15817E+01
   0.11109E+02   0.97955E+01   0.15007E+01   0.15982E+01
   0.10536E+02   0.92322E+01   0.15024E+01   0.16112E+01
   0.99652E+01   0.86695E+01   0.14980E+01   0.16197E+01
   0.93980E+01   0.81073E+01   0.14862E+01   0.16228E+01
   0.88342E+01   0.75457E+01   0.14654E+01   0.16192E+01
   0.82738E+01   0.69846E+01   0.14335E+01   0.16071E+01
   0.77171E+01   0.64239E+01   0.13885E+01   0.15847E+01
   0.71637E+01   0.58636E+01   0.13278E+01   0.15494E+01
   0.66132E+01   0.53037E+01   0.12484E+01   0.14979E+01
   0.60643E+01   0.47442E+01   0.11467E+01   0.14259E+01
   0.55142E+01   0.41850E+01   0.10203E+01   0.13281E+01
   0.49565E+01   0.36261E+01   0.86776E+00   0.11982E+01
   0.43796E+01   0.30676E+01   0.69007E+00   0.10275E+01
   0.37660E+01   0.25093E+01   0.49447E+00   0.80926E+00
   0.30905E+01   0.19513E+01   0.29785E+00   0.54701E+00
   0.23220E+01   0.13935E+01   0.13175E+00   0.27598E+00
   0.14444E+01   0.83595E+00   0.32205E-01   0.76956E-01
   0.48865E+00   0.27861E+00   0.27213E-02   0.72575E-02
