   0.19095E+03   0.17785E+03   0.35693E-02   0.35704E-02
   0.18634E+03   0.17355E+03   0.10716E-01   0.10719E-01
   0.18174E+03   0.16926E+03   0.18542E-01   0.18549E-01
   0.17717E+03   0.16500E+03   0.25660E-01   0.25669E-01
   0.17263E+03   0.16077E+03   0.32675E-01   0.32688E-01
   0.16813E+03   0.15657E+03   0.40295E-01   0.40313E-01
   0.16369E+03   0.15242E+03   0.49227E-01   0.49252E-01
   0.15930E+03   0.14832E+03   0.59403E-01   0.59437E-01
   0.15498E+03   0.14428E+03   0.70730E-01   0.70777E-01
   0.15073E+03   0.14031E+03   0.82573E-01   0.82635E-01
   0.14655E+03   0.13641E+03   0.93849E-01   0.93929E-01
   0.14246E+03   0.13258E+03   0.10486E+00   0.10497E+00
   0.13846E+03   0.12884E+03   0.11698E+00   0.11711E+00
   0.13456E+03   0.12519E+03   0.13132E+00   0.13148E+00
   0.13075E+03   0.12162E+03   0.14856E+00   0.14876E+00
   0.12704E+03   0.11815E+03   0.16809E+00   0.16835E+00
   0.12344E+03   0.11476E+03   0.18900E+00   0.18933E+00
   0.11993E+03   0.11148E+03   0.21065E+00   0.21107E+00
   0.11654E+03   0.10829E+03   0.23251E+00   0.23302E+00
   0.11325E+03   0.10521E+03   0.25396E+00   0.25458E+00
   0.11006E+03   0.10221E+03   0.27513E+00   0.27588E+00
   0.10698E+03   0.99322E+02   0.29629E+00   0.29717E+00
   0.10400E+03   0.96527E+02   0.31748E+00   0.31850E+00
   0.10112E+03   0.93827E+02   0.33883E+00   0.34002E+00
   0.98350E+02   0.91223E+02   0.36032E+00   0.36169E+00
   0.95676E+02   0.88711E+02   0.38221E+00   0.38378E+00
   0.93100E+02   0.86290E+02   0.40491E+00   0.40670E+00
   0.90618E+02   0.83958E+02   0.42805E+00   0.43008E+00
   0.88230E+02   0.81713E+02   0.45111E+00   0.45341E+00
   0.85930E+02   0.79552E+02   0.47380E+00   0.47637E+00
   0.83717E+02   0.77471E+02   0.49594E+00   0.49881E+00
   0.81588E+02   0.75470E+02   0.51816E+00   0.52134E+00
   0.79539E+02   0.73544E+02   0.54088E+00   0.54440E+00
   0.77569E+02   0.71691E+02   0.56403E+00   0.56791E+00
   0.75674E+02   0.69908E+02   0.58732E+00   0.59160E+00
   0.73850E+02   0.68193E+02   0.61053E+00   0.61522E+00
   0.72094E+02   0.66541E+02   0.63350E+00   0.63862E+00
   0.70403E+02   0.64951E+02   0.65613E+00   0.66170E+00
   0.68775E+02   0.63419E+02   0.67840E+00   0.68444E+00
   0.67205E+02   0.61943E+02   0.70007E+00   0.70658E+00
   0.65691E+02   0.60521E+02   0.72104E+00   0.72803E+00
   0.64231E+02   0.59148E+02   0.74115E+00   0.74864E+00
   0.62822E+02   0.57824E+02   0.76044E+00   0.76843E+00
   0.61461E+02   0.56546E+02   0.77910E+00   0.78761E+00
   0.60145E+02   0.55310E+02   0.79732E+00   0.80636E+00
   0.58873E+02   0.54115E+02   0.81527E+00   0.82486E+00
   0.57643E+02   0.52959E+02   0.83315E+00   0.84330E+00
   0.56451E+02   0.51839E+02   0.85099E+00   0.86173E+00
   0.55296E+02   0.50754E+02   0.86894E+00   0.88029E+00
   0.54175E+02   0.49701E+02   0.88710E+00   0.89908E+00
   0.53087E+02   0.48679E+02   0.90543E+00   0.91807E+00
   0.52030E+02   0.47686E+02   0.92381E+00   0.93713E+00
   0.51001E+02   0.46720E+02   0.94211E+00   0.95613E+00
   0.50000E+02   0.45780E+02   0.96021E+00   0.97495E+00
   0.49025E+02   0.44863E+02   0.97799E+00   0.99348E+00
   0.48074E+02   0.43970E+02   0.99540E+00   0.10116E+01
   0.47145E+02   0.43098E+02   0.10125E+01   0.10295E+01
   0.46237E+02   0.42246E+02   0.10291E+01   0.10470E+01
   0.45349E+02   0.41413E+02   0.10454E+01   0.10640E+01
   0.44480E+02   0.40597E+02   0.10612E+01   0.10806E+01
   0.43629E+02   0.39798E+02   0.10767E+01   0.10970E+01
   0.42794E+02   0.39015E+02   0.10919E+01   0.11131E+01
   0.41974E+02   0.38246E+02   0.11069E+01   0.11289E+01
   0.41169E+02   0.37491E+02   0.11218E+01   0.11447E+01
   0.40378E+02   0.36749E+02   0.11366E+01   0.11605E+01
   0.39599E+02   0.36019E+02   0.11515E+01   0.11763E+01
   0.38832E+02   0.35301E+02   0.11663E+01   0.11921E+01
   0.38077E+02   0.34593E+02   0.11812E+01   0.12081E+01
   0.37332E+02   0.33894E+02   0.11961E+01   0.12241E+01
   0.36597E+02   0.33206E+02   0.12109E+01   0.12400E+01
   0.35871E+02   0.32525E+02   0.12257E+01   0.12559E+01
   0.35154E+02   0.31853E+02   0.12402E+01   0.12716E+01
   0.34445E+02   0.31189E+02   0.12546E+01   0.12872E+01
   0.33743E+02   0.30532E+02   0.12687E+01   0.13026E+01
   0.33049E+02   0.29881E+02   0.12826E+01   0.13178E+01
   0.32361E+02   0.29237E+02   0.12964E+01   0.13330E+01
   0.31680E+02   0.28598E+02   0.13100E+01   0.13480E+01
   0.31004E+02   0.27965E+02   0.13235E+01   0.13630E+01
   0.30334E+02   0.27337E+02   0.13369E+01   0.13780E+01
   0.29669E+02   0.26714E+02   0.13502E+01   0.13929E+01
   0.29009E+02   0.26096E+02   0.13634E+01   0.14079E+01
   0.28354E+02   0.25481E+02   0.13765E+01   0.14228E+01
   0.27703E+02   0.24871E+02   0.13894E+01   0.14376E+01
   0.27056E+02   0.24264E+02   0.14021E+01   0.14522E+01
   0.26413E+02   0.23661E+02   0.14145E+01   0.14667E+01
   0.25774E+02   0.23061E+02   0.14266E+01   0.14810E+01
   0.25138E+02   0.22464E+02   0.14385E+01   0.14953E+01
   0.24506E+02   0.21869E+02   0.14502E+01   0.15095E+01
   0.23876E+02   0.21277E+02   0.14618E+01   0.15238E+01
   0.23249E+02   0.20688E+02   0.14734E+01   0.15382E+01
   0.22625E+02   0.20101E+02   0.14849E+01   0.15527E+01
   0.22003E+02   0.19516E+02   0.14963E+01   0.15674E+01
   0.21384E+02   0.18934E+02   0.15076E+01   0.15821E+01
   0.20766E+02   0.18353E+02   0.15186E+01   0.15969E+01
   0.20152E+02   0.17773E+02   0.15295E+01   0.16117E+01
   0.19539E+02   0.17196E+02   0.15400E+01   0.16265E+01
   0.18928E+02   0.16620E+02   0.15500E+01   0.16412E+01
   0.18319E+02   0.16045E+02   0.15595E+01   0.16557E+01
   0.17713E+02   0.15472E+02   0.15682E+01   0.16699E+01
   0.17108E+02   0.14900E+02   0.15760E+01   0.16837E+01
   0.16505E+02   0.14329E+02   0.15827E+01   0.16969E+01
   0.15905E+02   0.13759E+02   0.15881E+01   0.17094E+01
   0.15307E+02   0.13190E+02   0.15918E+01   0.17211E+01
   0.14711E+02   0.12622E+02   0.15937E+01   0.17318E+01
   0.14117E+02   0.12055E+02   0.15935E+01   0.17414E+01
   0.13526E+02   0.11489E+02   0.15907E+01   0.17495E+01
   0.12938E+02   0.10924E+02   0.15850E+01   0.17561E+01
   0.12353E+02   0.10359E+02   0.15756E+01   0.17606E+01
   0.11772E+02   0.97955E+01   0.15621E+01   0.17628E+01
   0.11194E+02   0.92322E+01   0.15431E+01   0.17617E+01
   0.10620E+02   0.86695E+01   0.15173E+01   0.17563E+01
   0.10051E+02   0.81073E+01   0.14831E+01   0.17450E+01
   0.94856E+01   0.75457E+01   0.14383E+01   0.17261E+01
   0.89248E+01   0.69846E+01   0.13806E+01   0.16972E+01
   0.83678E+01   0.64239E+01   0.13078E+01   0.16554E+01
   0.78132E+01   0.58636E+01   0.12173E+01   0.15973E+01
   0.72586E+01   0.53037E+01   0.11067E+01   0.15180E+01
   0.66992E+01   0.47442E+01   0.97409E+00   0.14113E+01
   0.61272E+01   0.41850E+01   0.81940E+00   0.12700E+01
   0.55291E+01   0.36261E+01   0.64661E+00   0.10881E+01
   0.48838E+01   0.30676E+01   0.46503E+00   0.86296E+00
   0.41650E+01   0.25093E+01   0.29135E+00   0.60406E+00
   0.33509E+01   0.19513E+01   0.14754E+00   0.34374E+00
   0.24423E+01   0.13935E+01   0.53541E-01   0.13922E+00
   0.14733E+01   0.83595E+00   0.12024E-01   0.34257E-01
   0.48889E+00   0.27861E+00   0.13036E-02   0.39902E-02
