   0.20892E+03   0.17785E+03   0.25067E-01   0.26059E-01
   0.20388E+03   0.17355E+03   0.72428E-01   0.75295E-01
   0.19886E+03   0.16926E+03   0.12553E+00   0.13051E+00
   0.19387E+03   0.16500E+03   0.18474E+00   0.19208E+00
   0.18893E+03   0.16077E+03   0.24581E+00   0.25562E+00
   0.18404E+03   0.15657E+03   0.30179E+00   0.31390E+00
   0.17922E+03   0.15242E+03   0.35461E+00   0.36894E+00
   0.17447E+03   0.14832E+03   0.40438E+00   0.42089E+00
   0.16981E+03   0.14428E+03   0.45118E+00   0.46982E+00
   0.16523E+03   0.14031E+03   0.49493E+00   0.51568E+00
   0.16076E+03   0.13641E+03   0.53809E+00   0.56105E+00
   0.15639E+03   0.13258E+03   0.58460E+00   0.61003E+00
   0.15212E+03   0.12884E+03   0.63582E+00   0.66407E+00
   0.14796E+03   0.12519E+03   0.68990E+00   0.72123E+00
   0.14389E+03   0.12162E+03   0.74455E+00   0.77914E+00
   0.13994E+03   0.11815E+03   0.79666E+00   0.83452E+00
   0.13609E+03   0.11476E+03   0.84563E+00   0.88678E+00
   0.13236E+03   0.11148E+03   0.89289E+00   0.93741E+00
   0.12874E+03   0.10829E+03   0.93825E+00   0.98621E+00
   0.12523E+03   0.10521E+03   0.98090E+00   0.10323E+01
   0.12183E+03   0.10221E+03   0.10204E+01   0.10753E+01
   0.11853E+03   0.99322E+02   0.10565E+01   0.11146E+01
   0.11534E+03   0.96527E+02   0.10903E+01   0.11517E+01
   0.11227E+03   0.93827E+02   0.11231E+01   0.11879E+01
   0.10930E+03   0.91223E+02   0.11562E+01   0.12245E+01
   0.10643E+03   0.88711E+02   0.11896E+01   0.12614E+01
   0.10367E+03   0.86290E+02   0.12223E+01   0.12979E+01
   0.10101E+03   0.83958E+02   0.12546E+01   0.13340E+01
   0.98443E+02   0.81713E+02   0.12867E+01   0.13699E+01
   0.95973E+02   0.79552E+02   0.13190E+01   0.14062E+01
   0.93595E+02   0.77471E+02   0.13520E+01   0.14435E+01
   0.91307E+02   0.75470E+02   0.13859E+01   0.14817E+01
   0.89106E+02   0.73544E+02   0.14203E+01   0.15207E+01
   0.86989E+02   0.71691E+02   0.14545E+01   0.15596E+01
   0.84951E+02   0.69908E+02   0.14880E+01   0.15980E+01
   0.82990E+02   0.68193E+02   0.15205E+01   0.16353E+01
   0.81101E+02   0.66541E+02   0.15516E+01   0.16713E+01
   0.79280E+02   0.64951E+02   0.15809E+01   0.17054E+01
   0.77525E+02   0.63419E+02   0.16083E+01   0.17376E+01
   0.75831E+02   0.61943E+02   0.16344E+01   0.17684E+01
   0.74198E+02   0.60521E+02   0.16598E+01   0.17987E+01
   0.72622E+02   0.59148E+02   0.16847E+01   0.18285E+01
   0.71102E+02   0.57824E+02   0.17091E+01   0.18578E+01
   0.69634E+02   0.56546E+02   0.17329E+01   0.18867E+01
   0.68216E+02   0.55310E+02   0.17561E+01   0.19150E+01
   0.66845E+02   0.54115E+02   0.17784E+01   0.19426E+01
   0.65520E+02   0.52959E+02   0.17997E+01   0.19691E+01
   0.64236E+02   0.51839E+02   0.18196E+01   0.19942E+01
   0.62993E+02   0.50754E+02   0.18380E+01   0.20178E+01
   0.61787E+02   0.49701E+02   0.18549E+01   0.20401E+01
   0.60617E+02   0.48679E+02   0.18710E+01   0.20614E+01
   0.59481E+02   0.47686E+02   0.18866E+01   0.20825E+01
   0.58376E+02   0.46720E+02   0.19024E+01   0.21038E+01
   0.57301E+02   0.45780E+02   0.19184E+01   0.21256E+01
   0.56254E+02   0.44863E+02   0.19346E+01   0.21476E+01
   0.55233E+02   0.43970E+02   0.19506E+01   0.21697E+01
   0.54236E+02   0.43098E+02   0.19664E+01   0.21917E+01
   0.53262E+02   0.42246E+02   0.19816E+01   0.22132E+01
   0.52309E+02   0.41413E+02   0.19965E+01   0.22345E+01
   0.51377E+02   0.40597E+02   0.20109E+01   0.22554E+01
   0.50463E+02   0.39798E+02   0.20247E+01   0.22759E+01
   0.49567E+02   0.39015E+02   0.20378E+01   0.22958E+01
   0.48688E+02   0.38246E+02   0.20502E+01   0.23149E+01
   0.47823E+02   0.37491E+02   0.20619E+01   0.23335E+01
   0.46973E+02   0.36749E+02   0.20733E+01   0.23520E+01
   0.46137E+02   0.36019E+02   0.20846E+01   0.23705E+01
   0.45313E+02   0.35301E+02   0.20961E+01   0.23894E+01
   0.44500E+02   0.34593E+02   0.21078E+01   0.24089E+01
   0.43699E+02   0.33894E+02   0.21199E+01   0.24290E+01
   0.42907E+02   0.33206E+02   0.21324E+01   0.24497E+01
   0.42126E+02   0.32525E+02   0.21450E+01   0.24709E+01
   0.41352E+02   0.31853E+02   0.21577E+01   0.24925E+01
   0.40587E+02   0.31189E+02   0.21704E+01   0.25143E+01
   0.39829E+02   0.30532E+02   0.21831E+01   0.25365E+01
   0.39078E+02   0.29881E+02   0.21959E+01   0.25590E+01
   0.38333E+02   0.29237E+02   0.22089E+01   0.25821E+01
   0.37594E+02   0.28598E+02   0.22221E+01   0.26058E+01
   0.36860E+02   0.27965E+02   0.22356E+01   0.26302E+01
   0.36131E+02   0.27337E+02   0.22495E+01   0.26554E+01
   0.35407E+02   0.26714E+02   0.22636E+01   0.26813E+01
   0.34686E+02   0.26096E+02   0.22779E+01   0.27078E+01
   0.33969E+02   0.25481E+02   0.22922E+01   0.27348E+01
   0.33255E+02   0.24871E+02   0.23064E+01   0.27622E+01
   0.32544E+02   0.24264E+02   0.23205E+01   0.27900E+01
   0.31836E+02   0.23661E+02   0.23343E+01   0.28181E+01
   0.31130E+02   0.23061E+02   0.23479E+01   0.28465E+01
   0.30426E+02   0.22464E+02   0.23609E+01   0.28749E+01
   0.29724E+02   0.21869E+02   0.23733E+01   0.29033E+01
   0.29024E+02   0.21277E+02   0.23851E+01   0.29317E+01
   0.28326E+02   0.20688E+02   0.23962E+01   0.29602E+01
   0.27629E+02   0.20101E+02   0.24066E+01   0.29886E+01
   0.26933E+02   0.19516E+02   0.24159E+01   0.30168E+01
   0.26237E+02   0.18934E+02   0.24241E+01   0.30446E+01
   0.25543E+02   0.18353E+02   0.24309E+01   0.30720E+01
   0.24850E+02   0.17773E+02   0.24361E+01   0.30986E+01
   0.24158E+02   0.17196E+02   0.24392E+01   0.31241E+01
   0.23467E+02   0.16620E+02   0.24403E+01   0.31488E+01
   0.22777E+02   0.16045E+02   0.24393E+01   0.31728E+01
   0.22087E+02   0.15472E+02   0.24363E+01   0.31962E+01
   0.21399E+02   0.14900E+02   0.24314E+01   0.32197E+01
   0.20713E+02   0.14329E+02   0.24249E+01   0.32439E+01
   0.20027E+02   0.13759E+02   0.24166E+01   0.32691E+01
   0.19342E+02   0.13190E+02   0.24064E+01   0.32954E+01
   0.18659E+02   0.12622E+02   0.23930E+01   0.33218E+01
   0.17976E+02   0.12055E+02   0.23755E+01   0.33475E+01
   0.17295E+02   0.11489E+02   0.23524E+01   0.33713E+01
   0.16613E+02   0.10924E+02   0.23217E+01   0.33908E+01
   0.15932E+02   0.10359E+02   0.22807E+01   0.34026E+01
   0.15250E+02   0.97955E+01   0.22264E+01   0.34028E+01
   0.14566E+02   0.92322E+01   0.21570E+01   0.33887E+01
   0.13880E+02   0.86695E+01   0.20711E+01   0.33577E+01
   0.13187E+02   0.81073E+01   0.19672E+01   0.33065E+01
   0.12485E+02   0.75457E+01   0.18423E+01   0.32274E+01
   0.11769E+02   0.69846E+01   0.16930E+01   0.31102E+01
   0.11031E+02   0.64239E+01   0.15182E+01   0.29446E+01
   0.10260E+02   0.58636E+01   0.13187E+01   0.27187E+01
   0.94466E+01   0.53037E+01   0.10989E+01   0.24236E+01
   0.85786E+01   0.47442E+01   0.86969E+00   0.20623E+01
   0.76501E+01   0.41850E+01   0.64701E+00   0.16533E+01
   0.66650E+01   0.36261E+01   0.44517E+00   0.12246E+01
   0.56373E+01   0.30676E+01   0.27650E+00   0.81528E+00
   0.45870E+01   0.25093E+01   0.15148E+00   0.47558E+00
   0.35346E+01   0.19513E+01   0.71136E-01   0.23602E+00
   0.24954E+01   0.13935E+01   0.26855E-01   0.93520E-01
   0.14779E+01   0.83595E+00   0.70731E-02   0.25709E-01
   0.48593E+00   0.27861E+00   0.88995E-03   0.33619E-02
