   0.20675E+03   0.17785E+03   0.22145E-01   0.22837E-01
   0.20177E+03   0.17355E+03   0.62614E-01   0.64575E-01
   0.19681E+03   0.16926E+03   0.10270E+00   0.10593E+00
   0.19190E+03   0.16500E+03   0.14112E+00   0.14560E+00
   0.18703E+03   0.16077E+03   0.18126E+00   0.18705E+00
   0.18223E+03   0.15657E+03   0.22653E+00   0.23387E+00
   0.17750E+03   0.15242E+03   0.27560E+00   0.28468E+00
   0.17284E+03   0.14832E+03   0.32543E+00   0.33635E+00
   0.16825E+03   0.14428E+03   0.37386E+00   0.38666E+00
   0.16373E+03   0.14031E+03   0.41887E+00   0.43349E+00
   0.15930E+03   0.13641E+03   0.45918E+00   0.47553E+00
   0.15495E+03   0.13258E+03   0.49650E+00   0.51455E+00
   0.15071E+03   0.12884E+03   0.53270E+00   0.55250E+00
   0.14656E+03   0.12519E+03   0.56923E+00   0.59087E+00
   0.14252E+03   0.12162E+03   0.60780E+00   0.63145E+00
   0.13858E+03   0.11815E+03   0.64755E+00   0.67336E+00
   0.13476E+03   0.11476E+03   0.68635E+00   0.71442E+00
   0.13105E+03   0.11148E+03   0.72404E+00   0.75444E+00
   0.12746E+03   0.10829E+03   0.76204E+00   0.79493E+00
   0.12398E+03   0.10521E+03   0.80182E+00   0.83743E+00
   0.12062E+03   0.10221E+03   0.84348E+00   0.88203E+00
   0.11736E+03   0.99322E+02   0.88538E+00   0.92700E+00
   0.11421E+03   0.96527E+02   0.92575E+00   0.97050E+00
   0.11116E+03   0.93827E+02   0.96338E+00   0.10112E+01
   0.10822E+03   0.91223E+02   0.99785E+00   0.10487E+01
   0.10538E+03   0.88711E+02   0.10294E+01   0.10833E+01
   0.10264E+03   0.86290E+02   0.10601E+01   0.11170E+01
   0.10000E+03   0.83958E+02   0.10904E+01   0.11504E+01
   0.97460E+02   0.81713E+02   0.11195E+01   0.11827E+01
   0.95007E+02   0.79552E+02   0.11476E+01   0.12138E+01
   0.92645E+02   0.77471E+02   0.11750E+01   0.12444E+01
   0.90369E+02   0.75470E+02   0.12018E+01   0.12744E+01
   0.88177E+02   0.73544E+02   0.12278E+01   0.13037E+01
   0.86067E+02   0.71691E+02   0.12527E+01   0.13318E+01
   0.84035E+02   0.69908E+02   0.12766E+01   0.13589E+01
   0.82078E+02   0.68193E+02   0.13000E+01   0.13856E+01
   0.80195E+02   0.66541E+02   0.13233E+01   0.14123E+01
   0.78382E+02   0.64951E+02   0.13462E+01   0.14387E+01
   0.76637E+02   0.63419E+02   0.13691E+01   0.14651E+01
   0.74955E+02   0.61943E+02   0.13921E+01   0.14918E+01
   0.73335E+02   0.60521E+02   0.14155E+01   0.15190E+01
   0.71773E+02   0.59148E+02   0.14393E+01   0.15468E+01
   0.70266E+02   0.57824E+02   0.14635E+01   0.15751E+01
   0.68810E+02   0.56546E+02   0.14876E+01   0.16033E+01
   0.67405E+02   0.55310E+02   0.15114E+01   0.16314E+01
   0.66046E+02   0.54115E+02   0.15349E+01   0.16594E+01
   0.64731E+02   0.52959E+02   0.15583E+01   0.16873E+01
   0.63458E+02   0.51839E+02   0.15817E+01   0.17153E+01
   0.62225E+02   0.50754E+02   0.16052E+01   0.17436E+01
   0.61029E+02   0.49701E+02   0.16285E+01   0.17718E+01
   0.59868E+02   0.48679E+02   0.16511E+01   0.17994E+01
   0.58740E+02   0.47686E+02   0.16728E+01   0.18262E+01
   0.57644E+02   0.46720E+02   0.16938E+01   0.18523E+01
   0.56578E+02   0.45780E+02   0.17141E+01   0.18779E+01
   0.55539E+02   0.44863E+02   0.17341E+01   0.19033E+01
   0.54526E+02   0.43970E+02   0.17539E+01   0.19285E+01
   0.53537E+02   0.43098E+02   0.17734E+01   0.19536E+01
   0.52570E+02   0.42246E+02   0.17924E+01   0.19783E+01
   0.51624E+02   0.41413E+02   0.18109E+01   0.20027E+01
   0.50699E+02   0.40597E+02   0.18292E+01   0.20269E+01
   0.49791E+02   0.39798E+02   0.18474E+01   0.20511E+01
   0.48901E+02   0.39015E+02   0.18654E+01   0.20754E+01
   0.48027E+02   0.38246E+02   0.18834E+01   0.20997E+01
   0.47169E+02   0.37491E+02   0.19013E+01   0.21242E+01
   0.46325E+02   0.36749E+02   0.19190E+01   0.21487E+01
   0.45494E+02   0.36019E+02   0.19365E+01   0.21731E+01
   0.44675E+02   0.35301E+02   0.19537E+01   0.21974E+01
   0.43868E+02   0.34593E+02   0.19704E+01   0.22213E+01
   0.43072E+02   0.33894E+02   0.19867E+01   0.22450E+01
   0.42286E+02   0.33206E+02   0.20027E+01   0.22686E+01
   0.41510E+02   0.32525E+02   0.20184E+01   0.22921E+01
   0.40743E+02   0.31853E+02   0.20338E+01   0.23155E+01
   0.39984E+02   0.31189E+02   0.20490E+01   0.23390E+01
   0.39233E+02   0.30532E+02   0.20643E+01   0.23629E+01
   0.38489E+02   0.29881E+02   0.20796E+01   0.23872E+01
   0.37751E+02   0.29237E+02   0.20951E+01   0.24120E+01
   0.37020E+02   0.28598E+02   0.21107E+01   0.24372E+01
   0.36294E+02   0.27965E+02   0.21264E+01   0.24628E+01
   0.35573E+02   0.27337E+02   0.21419E+01   0.24887E+01
   0.34857E+02   0.26714E+02   0.21572E+01   0.25148E+01
   0.34145E+02   0.26096E+02   0.21722E+01   0.25409E+01
   0.33437E+02   0.25481E+02   0.21868E+01   0.25670E+01
   0.32733E+02   0.24871E+02   0.22008E+01   0.25929E+01
   0.32032E+02   0.24264E+02   0.22140E+01   0.26184E+01
   0.31334E+02   0.23661E+02   0.22264E+01   0.26434E+01
   0.30639E+02   0.23061E+02   0.22379E+01   0.26680E+01
   0.29947E+02   0.22464E+02   0.22484E+01   0.26921E+01
   0.29256E+02   0.21869E+02   0.22580E+01   0.27156E+01
   0.28568E+02   0.21277E+02   0.22669E+01   0.27391E+01
   0.27881E+02   0.20688E+02   0.22755E+01   0.27631E+01
   0.27196E+02   0.20101E+02   0.22841E+01   0.27879E+01
   0.26513E+02   0.19516E+02   0.22927E+01   0.28136E+01
   0.25831E+02   0.18934E+02   0.23011E+01   0.28402E+01
   0.25151E+02   0.18353E+02   0.23089E+01   0.28672E+01
   0.24472E+02   0.17773E+02   0.23158E+01   0.28945E+01
   0.23794E+02   0.17196E+02   0.23211E+01   0.29213E+01
   0.23118E+02   0.16620E+02   0.23241E+01   0.29471E+01
   0.22444E+02   0.16045E+02   0.23245E+01   0.29714E+01
   0.21771E+02   0.15472E+02   0.23221E+01   0.29944E+01
   0.21099E+02   0.14900E+02   0.23168E+01   0.30161E+01
   0.20429E+02   0.14329E+02   0.23087E+01   0.30371E+01
   0.19761E+02   0.13759E+02   0.22983E+01   0.30582E+01
   0.19095E+02   0.13190E+02   0.22859E+01   0.30807E+01
   0.18431E+02   0.12622E+02   0.22714E+01   0.31047E+01
   0.17769E+02   0.12055E+02   0.22536E+01   0.31294E+01
   0.17108E+02   0.11489E+02   0.22306E+01   0.31529E+01
   0.16449E+02   0.10924E+02   0.22005E+01   0.31732E+01
   0.15790E+02   0.10359E+02   0.21611E+01   0.31879E+01
   0.15132E+02   0.97955E+01   0.21104E+01   0.31944E+01
   0.14471E+02   0.92322E+01   0.20460E+01   0.31896E+01
   0.13807E+02   0.86695E+01   0.19645E+01   0.31676E+01
   0.13136E+02   0.81073E+01   0.18624E+01   0.31213E+01
   0.12453E+02   0.75457E+01   0.17374E+01   0.30432E+01
   0.11752E+02   0.69846E+01   0.15886E+01   0.29261E+01
   0.11025E+02   0.64239E+01   0.14160E+01   0.27612E+01
   0.10262E+02   0.58636E+01   0.12205E+01   0.25364E+01
   0.94515E+01   0.53037E+01   0.10064E+01   0.22426E+01
   0.85820E+01   0.47442E+01   0.78605E+00   0.18865E+01
   0.76488E+01   0.41850E+01   0.57455E+00   0.14873E+01
   0.66578E+01   0.36261E+01   0.38898E+00   0.10838E+01
   0.56253E+01   0.30676E+01   0.24061E+00   0.71782E+00
   0.45733E+01   0.25093E+01   0.13323E+00   0.42250E+00
   0.35223E+01   0.19513E+01   0.63639E-01   0.21296E+00
   0.24861E+01   0.13935E+01   0.24486E-01   0.85907E-01
   0.14722E+01   0.83595E+00   0.64781E-02   0.23706E-01
   0.48401E+00   0.27861E+00   0.81820E-03   0.31099E-02
