   0.19092E+03   0.17785E+03   0.47930E-03   0.47930E-03
   0.18630E+03   0.17355E+03   0.10437E-02   0.10437E-02
   0.18170E+03   0.16926E+03   0.14890E-02   0.14890E-02
   0.17713E+03   0.16500E+03   0.19930E-02   0.19930E-02
   0.17258E+03   0.16077E+03   0.25624E-02   0.25624E-02
   0.16808E+03   0.15657E+03   0.32843E-02   0.32843E-02
   0.16362E+03   0.15242E+03   0.40884E-02   0.40885E-02
   0.15922E+03   0.14832E+03   0.49875E-02   0.49876E-02
   0.15489E+03   0.14428E+03   0.61085E-02   0.61086E-02
   0.15062E+03   0.14031E+03   0.75814E-02   0.75817E-02
   0.14644E+03   0.13641E+03   0.94874E-02   0.94879E-02
   0.14234E+03   0.13258E+03   0.11905E-01   0.11906E-01
   0.13832E+03   0.12884E+03   0.14854E-01   0.14855E-01
   0.13440E+03   0.12519E+03   0.18554E-01   0.18556E-01
   0.13058E+03   0.12162E+03   0.23458E-01   0.23462E-01
   0.12685E+03   0.11815E+03   0.30009E-01   0.30014E-01
   0.12323E+03   0.11476E+03   0.37955E-01   0.37963E-01
   0.11971E+03   0.11148E+03   0.47153E-01   0.47165E-01
   0.11630E+03   0.10829E+03   0.57283E-01   0.57302E-01
   0.11299E+03   0.10521E+03   0.68052E-01   0.68079E-01
   0.10979E+03   0.10221E+03   0.79367E-01   0.79405E-01
   0.10669E+03   0.99322E+02   0.91126E-01   0.91177E-01
   0.10370E+03   0.96527E+02   0.10364E+00   0.10371E+00
   0.10081E+03   0.93827E+02   0.11705E+00   0.11714E+00
   0.98025E+02   0.91223E+02   0.13127E+00   0.13139E+00
   0.95339E+02   0.88711E+02   0.14587E+00   0.14601E+00
   0.92751E+02   0.86290E+02   0.16072E+00   0.16090E+00
   0.90259E+02   0.83958E+02   0.17610E+00   0.17631E+00
   0.87859E+02   0.81713E+02   0.19241E+00   0.19267E+00
   0.85551E+02   0.79552E+02   0.20984E+00   0.21016E+00
   0.83330E+02   0.77471E+02   0.22828E+00   0.22867E+00
   0.81194E+02   0.75470E+02   0.24773E+00   0.24819E+00
   0.79139E+02   0.73544E+02   0.26779E+00   0.26834E+00
   0.77163E+02   0.71691E+02   0.28822E+00   0.28887E+00
   0.75262E+02   0.69908E+02   0.30902E+00   0.30977E+00
   0.73433E+02   0.68193E+02   0.33040E+00   0.33128E+00
   0.71674E+02   0.66541E+02   0.35237E+00   0.35338E+00
   0.69980E+02   0.64951E+02   0.37473E+00   0.37590E+00
   0.68349E+02   0.63419E+02   0.39725E+00   0.39859E+00
   0.66777E+02   0.61943E+02   0.41983E+00   0.42134E+00
   0.65262E+02   0.60521E+02   0.44214E+00   0.44384E+00
   0.63801E+02   0.59148E+02   0.46385E+00   0.46575E+00
   0.62391E+02   0.57824E+02   0.48489E+00   0.48700E+00
   0.61030E+02   0.56546E+02   0.50545E+00   0.50778E+00
   0.59714E+02   0.55310E+02   0.52566E+00   0.52822E+00
   0.58442E+02   0.54115E+02   0.54561E+00   0.54842E+00
   0.57210E+02   0.52959E+02   0.56543E+00   0.56849E+00
   0.56018E+02   0.51839E+02   0.58518E+00   0.58851E+00
   0.54863E+02   0.50754E+02   0.60484E+00   0.60845E+00
   0.53742E+02   0.49701E+02   0.62443E+00   0.62833E+00
   0.52654E+02   0.48679E+02   0.64391E+00   0.64812E+00
   0.51596E+02   0.47686E+02   0.66336E+00   0.66788E+00
   0.50568E+02   0.46720E+02   0.68276E+00   0.68763E+00
   0.49567E+02   0.45780E+02   0.70208E+00   0.70729E+00
   0.48591E+02   0.44863E+02   0.72128E+00   0.72685E+00
   0.47640E+02   0.43970E+02   0.74038E+00   0.74633E+00
   0.46711E+02   0.43098E+02   0.75930E+00   0.76563E+00
   0.45804E+02   0.42246E+02   0.77799E+00   0.78473E+00
   0.44917E+02   0.41413E+02   0.79642E+00   0.80358E+00
   0.44049E+02   0.40597E+02   0.81462E+00   0.82221E+00
   0.43198E+02   0.39798E+02   0.83259E+00   0.84064E+00
   0.42365E+02   0.39015E+02   0.85040E+00   0.85892E+00
   0.41547E+02   0.38246E+02   0.86810E+00   0.87712E+00
   0.40744E+02   0.37491E+02   0.88567E+00   0.89521E+00
   0.39954E+02   0.36749E+02   0.90309E+00   0.91317E+00
   0.39177E+02   0.36019E+02   0.92035E+00   0.93099E+00
   0.38413E+02   0.35301E+02   0.93750E+00   0.94873E+00
   0.37660E+02   0.34593E+02   0.95454E+00   0.96637E+00
   0.36917E+02   0.33894E+02   0.97145E+00   0.98393E+00
   0.36184E+02   0.33206E+02   0.98831E+00   0.10014E+01
   0.35461E+02   0.32525E+02   0.10051E+01   0.10189E+01
   0.34746E+02   0.31853E+02   0.10219E+01   0.10365E+01
   0.34040E+02   0.31189E+02   0.10388E+01   0.10541E+01
   0.33341E+02   0.30532E+02   0.10558E+01   0.10719E+01
   0.32649E+02   0.29881E+02   0.10727E+01   0.10897E+01
   0.31964E+02   0.29237E+02   0.10896E+01   0.11074E+01
   0.31286E+02   0.28598E+02   0.11063E+01   0.11251E+01
   0.30613E+02   0.27965E+02   0.11230E+01   0.11428E+01
   0.29946E+02   0.27337E+02   0.11396E+01   0.11604E+01
   0.29284E+02   0.26714E+02   0.11562E+01   0.11780E+01
   0.28627E+02   0.26096E+02   0.11728E+01   0.11959E+01
   0.27975E+02   0.25481E+02   0.11897E+01   0.12139E+01
   0.27327E+02   0.24871E+02   0.12067E+01   0.12323E+01
   0.26682E+02   0.24264E+02   0.12240E+01   0.12509E+01
   0.26042E+02   0.23661E+02   0.12415E+01   0.12698E+01
   0.25405E+02   0.23061E+02   0.12591E+01   0.12890E+01
   0.24771E+02   0.22464E+02   0.12770E+01   0.13086E+01
   0.24140E+02   0.21869E+02   0.12950E+01   0.13284E+01
   0.23513E+02   0.21277E+02   0.13132E+01   0.13485E+01
   0.22887E+02   0.20688E+02   0.13315E+01   0.13688E+01
   0.22265E+02   0.20101E+02   0.13497E+01   0.13892E+01
   0.21645E+02   0.19516E+02   0.13679E+01   0.14097E+01
   0.21027E+02   0.18934E+02   0.13859E+01   0.14302E+01
   0.20412E+02   0.18353E+02   0.14038E+01   0.14507E+01
   0.19798E+02   0.17773E+02   0.14213E+01   0.14712E+01
   0.19187E+02   0.17196E+02   0.14386E+01   0.14916E+01
   0.18578E+02   0.16620E+02   0.14554E+01   0.15118E+01
   0.17971E+02   0.16045E+02   0.14719E+01   0.15320E+01
   0.17365E+02   0.15472E+02   0.14879E+01   0.15521E+01
   0.16762E+02   0.14900E+02   0.15032E+01   0.15719E+01
   0.16161E+02   0.14329E+02   0.15177E+01   0.15912E+01
   0.15562E+02   0.13759E+02   0.15311E+01   0.16100E+01
   0.14965E+02   0.13190E+02   0.15433E+01   0.16283E+01
   0.14370E+02   0.12622E+02   0.15542E+01   0.16458E+01
   0.13777E+02   0.12055E+02   0.15632E+01   0.16623E+01
   0.13186E+02   0.11489E+02   0.15702E+01   0.16777E+01
   0.12598E+02   0.10924E+02   0.15746E+01   0.16916E+01
   0.12012E+02   0.10359E+02   0.15760E+01   0.17037E+01
   0.11428E+02   0.97955E+01   0.15736E+01   0.17134E+01
   0.10848E+02   0.92322E+01   0.15664E+01   0.17200E+01
   0.10270E+02   0.86695E+01   0.15532E+01   0.17227E+01
   0.96962E+01   0.81073E+01   0.15324E+01   0.17198E+01
   0.91253E+01   0.75457E+01   0.15018E+01   0.17096E+01
   0.85579E+01   0.69846E+01   0.14592E+01   0.16899E+01
   0.79940E+01   0.64239E+01   0.14023E+01   0.16588E+01
   0.74335E+01   0.58636E+01   0.13288E+01   0.16133E+01
   0.68753E+01   0.53037E+01   0.12356E+01   0.15502E+01
   0.63174E+01   0.47442E+01   0.11206E+01   0.14651E+01
   0.57554E+01   0.41850E+01   0.98139E+00   0.13520E+01
   0.51814E+01   0.36261E+01   0.81762E+00   0.12035E+01
   0.45825E+01   0.30676E+01   0.63171E+00   0.10105E+01
   0.39375E+01   0.25093E+01   0.43355E+00   0.76823E+00
   0.32167E+01   0.19513E+01   0.24560E+00   0.49062E+00
   0.23933E+01   0.13935E+01   0.99701E-01   0.22642E+00
   0.14702E+01   0.83595E+00   0.22485E-01   0.57488E-01
   0.49285E+00   0.27861E+00   0.20381E-02   0.57250E-02
