   0.18482E+03   0.17785E+03   0.55731E-17   0.55731E-17
   0.18035E+03   0.17355E+03   0.13635E-17   0.13635E-17
   0.17590E+03   0.16926E+03  -0.79594E-17  -0.79594E-17
   0.17147E+03   0.16500E+03  -0.84281E-17  -0.84281E-17
   0.16707E+03   0.16077E+03   0.15727E-15   0.15727E-15
   0.16271E+03   0.15657E+03   0.26104E-13   0.26104E-13
   0.15839E+03   0.15242E+03   0.43939E-11   0.43939E-11
   0.15414E+03   0.14832E+03   0.52311E-09   0.52311E-09
   0.14994E+03   0.14428E+03   0.33626E-08   0.33626E-08
   0.14581E+03   0.14031E+03   0.90519E-08   0.90519E-08
   0.14176E+03   0.13641E+03   0.27437E-07   0.27437E-07
   0.13778E+03   0.13258E+03   0.16401E-06   0.16401E-06
   0.13389E+03   0.12884E+03   0.77660E-06   0.77660E-06
   0.13010E+03   0.12519E+03   0.26747E-05   0.26747E-05
   0.12639E+03   0.12162E+03   0.65214E-05   0.65214E-05
   0.12278E+03   0.11815E+03   0.12336E-04   0.12336E-04
   0.11926E+03   0.11476E+03   0.20277E-04   0.20277E-04
   0.11585E+03   0.11148E+03   0.35315E-04   0.35315E-04
   0.11254E+03   0.10829E+03   0.72054E-04   0.72054E-04
   0.10933E+03   0.10521E+03   0.13997E-03   0.13997E-03
   0.10622E+03   0.10221E+03   0.23873E-03   0.23873E-03
   0.10322E+03   0.99322E+02   0.36637E-03   0.36637E-03
   0.10031E+03   0.96527E+02   0.52793E-03   0.52793E-03
   0.97507E+02   0.93827E+02   0.73995E-03   0.73995E-03
   0.94800E+02   0.91223E+02   0.10051E-02   0.10051E-02
   0.92190E+02   0.88711E+02   0.13262E-02   0.13262E-02
   0.89674E+02   0.86290E+02   0.17459E-02   0.17459E-02
   0.87251E+02   0.83958E+02   0.22851E-02   0.22851E-02
   0.84918E+02   0.81713E+02   0.29606E-02   0.29606E-02
   0.82672E+02   0.79552E+02   0.38191E-02   0.38192E-02
   0.80511E+02   0.77471E+02   0.48964E-02   0.48965E-02
   0.78432E+02   0.75470E+02   0.62283E-02   0.62285E-02
   0.76431E+02   0.73544E+02   0.78259E-02   0.78262E-02
   0.74506E+02   0.71691E+02   0.96827E-02   0.96831E-02
   0.72654E+02   0.69908E+02   0.11802E-01   0.11803E-01
   0.70872E+02   0.68193E+02   0.14190E-01   0.14191E-01
   0.69156E+02   0.66541E+02   0.16839E-01   0.16840E-01
   0.67505E+02   0.64951E+02   0.19771E-01   0.19772E-01
   0.65914E+02   0.63419E+02   0.23021E-01   0.23024E-01
   0.64381E+02   0.61943E+02   0.26611E-01   0.26614E-01
   0.62904E+02   0.60521E+02   0.30542E-01   0.30546E-01
   0.61480E+02   0.59148E+02   0.34826E-01   0.34832E-01
   0.60105E+02   0.57824E+02   0.39479E-01   0.39486E-01
   0.58778E+02   0.56546E+02   0.44493E-01   0.44502E-01
   0.57495E+02   0.55310E+02   0.49854E-01   0.49866E-01
   0.56255E+02   0.54115E+02   0.55589E-01   0.55604E-01
   0.55056E+02   0.52959E+02   0.61686E-01   0.61705E-01
   0.53894E+02   0.51839E+02   0.68109E-01   0.68133E-01
   0.52768E+02   0.50754E+02   0.74811E-01   0.74840E-01
   0.51677E+02   0.49701E+02   0.81738E-01   0.81773E-01
   0.50616E+02   0.48679E+02   0.88875E-01   0.88917E-01
   0.49587E+02   0.47686E+02   0.96226E-01   0.96277E-01
   0.48585E+02   0.46720E+02   0.10382E+00   0.10388E+00
   0.47610E+02   0.45780E+02   0.11169E+00   0.11176E+00
   0.46660E+02   0.44863E+02   0.11983E+00   0.11991E+00
   0.45734E+02   0.43970E+02   0.12828E+00   0.12837E+00
   0.44831E+02   0.43098E+02   0.13704E+00   0.13715E+00
   0.43948E+02   0.42246E+02   0.14613E+00   0.14626E+00
   0.43085E+02   0.41413E+02   0.15554E+00   0.15568E+00
   0.42240E+02   0.40597E+02   0.16526E+00   0.16543E+00
   0.41413E+02   0.39798E+02   0.17527E+00   0.17546E+00
   0.40602E+02   0.39015E+02   0.18553E+00   0.18575E+00
   0.39806E+02   0.38246E+02   0.19608E+00   0.19633E+00
   0.39025E+02   0.37491E+02   0.20693E+00   0.20722E+00
   0.38257E+02   0.36749E+02   0.21814E+00   0.21846E+00
   0.37501E+02   0.36019E+02   0.22974E+00   0.23011E+00
   0.36758E+02   0.35301E+02   0.24178E+00   0.24219E+00
   0.36026E+02   0.34593E+02   0.25425E+00   0.25471E+00
   0.35304E+02   0.33894E+02   0.26717E+00   0.26768E+00
   0.34591E+02   0.33206E+02   0.28049E+00   0.28107E+00
   0.33888E+02   0.32525E+02   0.29419E+00   0.29484E+00
   0.33194E+02   0.31853E+02   0.30825E+00   0.30898E+00
   0.32507E+02   0.31189E+02   0.32269E+00   0.32350E+00
   0.31828E+02   0.30532E+02   0.33752E+00   0.33842E+00
   0.31156E+02   0.29881E+02   0.35276E+00   0.35376E+00
   0.30491E+02   0.29237E+02   0.36841E+00   0.36953E+00
   0.29832E+02   0.28598E+02   0.38450E+00   0.38575E+00
   0.29179E+02   0.27965E+02   0.40104E+00   0.40242E+00
   0.28531E+02   0.27337E+02   0.41804E+00   0.41957E+00
   0.27888E+02   0.26714E+02   0.43550E+00   0.43720E+00
   0.27250E+02   0.26096E+02   0.45346E+00   0.45535E+00
   0.26617E+02   0.25481E+02   0.47197E+00   0.47407E+00
   0.25988E+02   0.24871E+02   0.49108E+00   0.49340E+00
   0.25363E+02   0.24264E+02   0.51080E+00   0.51338E+00
   0.24742E+02   0.23661E+02   0.53118E+00   0.53405E+00
   0.24124E+02   0.23061E+02   0.55226E+00   0.55544E+00
   0.23510E+02   0.22464E+02   0.57405E+00   0.57759E+00
   0.22899E+02   0.21869E+02   0.59659E+00   0.60052E+00
   0.22291E+02   0.21277E+02   0.61986E+00   0.62424E+00
   0.21686E+02   0.20688E+02   0.64386E+00   0.64874E+00
   0.21083E+02   0.20101E+02   0.66856E+00   0.67399E+00
   0.20484E+02   0.19516E+02   0.69391E+00   0.69997E+00
   0.19886E+02   0.18934E+02   0.71986E+00   0.72663E+00
   0.19291E+02   0.18353E+02   0.74637E+00   0.75392E+00
   0.18699E+02   0.17773E+02   0.77336E+00   0.78181E+00
   0.18108E+02   0.17196E+02   0.80082E+00   0.81027E+00
   0.17520E+02   0.16620E+02   0.82872E+00   0.83931E+00
   0.16934E+02   0.16045E+02   0.85704E+00   0.86891E+00
   0.16350E+02   0.15472E+02   0.88575E+00   0.89910E+00
   0.15767E+02   0.14900E+02   0.91480E+00   0.92982E+00
   0.15187E+02   0.14329E+02   0.94409E+00   0.96101E+00
   0.14609E+02   0.13759E+02   0.97349E+00   0.99259E+00
   0.14033E+02   0.13190E+02   0.10028E+01   0.10244E+01
   0.13460E+02   0.12622E+02   0.10318E+01   0.10564E+01
   0.12888E+02   0.12055E+02   0.10602E+01   0.10881E+01
   0.12319E+02   0.11489E+02   0.10876E+01   0.11193E+01
   0.11752E+02   0.10924E+02   0.11133E+01   0.11495E+01
   0.11187E+02   0.10359E+02   0.11368E+01   0.11782E+01
   0.10626E+02   0.97955E+01   0.11573E+01   0.12049E+01
   0.10067E+02   0.92322E+01   0.11740E+01   0.12287E+01
   0.95111E+01   0.86695E+01   0.11860E+01   0.12490E+01
   0.89588E+01   0.81073E+01   0.11921E+01   0.12650E+01
   0.84101E+01   0.75457E+01   0.11910E+01   0.12757E+01
   0.78654E+01   0.69846E+01   0.11813E+01   0.12798E+01
   0.73250E+01   0.64239E+01   0.11610E+01   0.12758E+01
   0.67890E+01   0.58636E+01   0.11277E+01   0.12619E+01
   0.62575E+01   0.53037E+01   0.10785E+01   0.12353E+01
   0.57298E+01   0.47442E+01   0.10094E+01   0.11921E+01
   0.52041E+01   0.41850E+01   0.91634E+00   0.11267E+01
   0.46760E+01   0.36261E+01   0.79579E+00   0.10325E+01
   0.41364E+01   0.30676E+01   0.64667E+00   0.90098E+00
   0.35679E+01   0.25093E+01   0.47452E+00   0.72533E+00
   0.29431E+01   0.19513E+01   0.29534E+00   0.50691E+00
   0.22276E+01   0.13935E+01   0.13705E+00   0.26936E+00
   0.13982E+01   0.83595E+00   0.35811E-01   0.80964E-01
   0.47669E+00   0.27861E+00   0.31473E-02   0.80309E-02
