   0.19051E+03   0.17785E+03   0.45221E-04   0.45221E-04
   0.18590E+03   0.17355E+03   0.10605E-03   0.10605E-03
   0.18131E+03   0.16926E+03   0.15814E-03   0.15814E-03
   0.17674E+03   0.16500E+03   0.23151E-03   0.23151E-03
   0.17221E+03   0.16077E+03   0.35633E-03   0.35633E-03
   0.16771E+03   0.15657E+03   0.52705E-03   0.52705E-03
   0.16327E+03   0.15242E+03   0.72081E-03   0.72081E-03
   0.15888E+03   0.14832E+03   0.95428E-03   0.95428E-03
   0.15455E+03   0.14428E+03   0.12759E-02   0.12759E-02
   0.15030E+03   0.14031E+03   0.16820E-02   0.16820E-02
   0.14612E+03   0.13641E+03   0.21950E-02   0.21950E-02
   0.14202E+03   0.13258E+03   0.29259E-02   0.29259E-02
   0.13802E+03   0.12884E+03   0.40414E-02   0.40415E-02
   0.13410E+03   0.12519E+03   0.56573E-02   0.56575E-02
   0.13028E+03   0.12162E+03   0.77384E-02   0.77387E-02
   0.12656E+03   0.11815E+03   0.10236E-01   0.10237E-01
   0.12294E+03   0.11476E+03   0.13167E-01   0.13167E-01
   0.11943E+03   0.11148E+03   0.16662E-01   0.16664E-01
   0.11602E+03   0.10829E+03   0.21025E-01   0.21028E-01
   0.11271E+03   0.10521E+03   0.26305E-01   0.26309E-01
   0.10951E+03   0.10221E+03   0.32414E-01   0.32419E-01
   0.10642E+03   0.99322E+02   0.39293E-01   0.39302E-01
   0.10343E+03   0.96527E+02   0.47091E-01   0.47103E-01
   0.10054E+03   0.93827E+02   0.55818E-01   0.55835E-01
   0.97759E+02   0.91223E+02   0.65294E-01   0.65318E-01
   0.95075E+02   0.88711E+02   0.75461E-01   0.75494E-01
   0.92489E+02   0.86290E+02   0.86508E-01   0.86552E-01
   0.89998E+02   0.83958E+02   0.98494E-01   0.98552E-01
   0.87600E+02   0.81713E+02   0.11112E+00   0.11120E+00
   0.85293E+02   0.79552E+02   0.12420E+00   0.12429E+00
   0.83072E+02   0.77471E+02   0.13786E+00   0.13798E+00
   0.80937E+02   0.75470E+02   0.15229E+00   0.15244E+00
   0.78882E+02   0.73544E+02   0.16735E+00   0.16753E+00
   0.76906E+02   0.71691E+02   0.18289E+00   0.18311E+00
   0.75005E+02   0.69908E+02   0.19893E+00   0.19920E+00
   0.73176E+02   0.68193E+02   0.21532E+00   0.21564E+00
   0.71415E+02   0.66541E+02   0.23190E+00   0.23228E+00
   0.69721E+02   0.64951E+02   0.24867E+00   0.24912E+00
   0.68089E+02   0.63419E+02   0.26570E+00   0.26622E+00
   0.66518E+02   0.61943E+02   0.28296E+00   0.28355E+00
   0.65003E+02   0.60521E+02   0.30041E+00   0.30109E+00
   0.63542E+02   0.59148E+02   0.31808E+00   0.31885E+00
   0.62133E+02   0.57824E+02   0.33602E+00   0.33690E+00
   0.60772E+02   0.56546E+02   0.35420E+00   0.35519E+00
   0.59458E+02   0.55310E+02   0.37267E+00   0.37379E+00
   0.58187E+02   0.54115E+02   0.39150E+00   0.39276E+00
   0.56958E+02   0.52959E+02   0.41071E+00   0.41212E+00
   0.55768E+02   0.51839E+02   0.43031E+00   0.43188E+00
   0.54615E+02   0.50754E+02   0.45025E+00   0.45200E+00
   0.53496E+02   0.49701E+02   0.47040E+00   0.47234E+00
   0.52410E+02   0.48679E+02   0.49060E+00   0.49274E+00
   0.51354E+02   0.47686E+02   0.51080E+00   0.51314E+00
   0.50328E+02   0.46720E+02   0.53093E+00   0.53349E+00
   0.49328E+02   0.45780E+02   0.55091E+00   0.55370E+00
   0.48355E+02   0.44863E+02   0.57070E+00   0.57373E+00
   0.47405E+02   0.43970E+02   0.59033E+00   0.59362E+00
   0.46478E+02   0.43098E+02   0.60985E+00   0.61340E+00
   0.45573E+02   0.42246E+02   0.62927E+00   0.63309E+00
   0.44688E+02   0.41413E+02   0.64866E+00   0.65278E+00
   0.43821E+02   0.40597E+02   0.66810E+00   0.67253E+00
   0.42973E+02   0.39798E+02   0.68759E+00   0.69235E+00
   0.42141E+02   0.39015E+02   0.70715E+00   0.71225E+00
   0.41325E+02   0.38246E+02   0.72672E+00   0.73219E+00
   0.40524E+02   0.37491E+02   0.74624E+00   0.75210E+00
   0.39736E+02   0.36749E+02   0.76569E+00   0.77195E+00
   0.38962E+02   0.36019E+02   0.78502E+00   0.79170E+00
   0.38199E+02   0.35301E+02   0.80425E+00   0.81138E+00
   0.37448E+02   0.34593E+02   0.82342E+00   0.83102E+00
   0.36707E+02   0.33894E+02   0.84255E+00   0.85064E+00
   0.35976E+02   0.33206E+02   0.86168E+00   0.87029E+00
   0.35254E+02   0.32525E+02   0.88084E+00   0.89000E+00
   0.34542E+02   0.31853E+02   0.90007E+00   0.90981E+00
   0.33837E+02   0.31189E+02   0.91941E+00   0.92975E+00
   0.33140E+02   0.30532E+02   0.93891E+00   0.94990E+00
   0.32450E+02   0.29881E+02   0.95864E+00   0.97030E+00
   0.31767E+02   0.29237E+02   0.97863E+00   0.99102E+00
   0.31090E+02   0.28598E+02   0.99885E+00   0.10120E+01
   0.30419E+02   0.27965E+02   0.10192E+01   0.10332E+01
   0.29754E+02   0.27337E+02   0.10397E+01   0.10546E+01
   0.29094E+02   0.26714E+02   0.10604E+01   0.10761E+01
   0.28438E+02   0.26096E+02   0.10811E+01   0.10978E+01
   0.27787E+02   0.25481E+02   0.11020E+01   0.11197E+01
   0.27141E+02   0.24871E+02   0.11229E+01   0.11417E+01
   0.26498E+02   0.24264E+02   0.11439E+01   0.11639E+01
   0.25860E+02   0.23661E+02   0.11650E+01   0.11863E+01
   0.25224E+02   0.23061E+02   0.11863E+01   0.12089E+01
   0.24593E+02   0.22464E+02   0.12077E+01   0.12317E+01
   0.23964E+02   0.21869E+02   0.12293E+01   0.12549E+01
   0.23338E+02   0.21277E+02   0.12511E+01   0.12783E+01
   0.22716E+02   0.20688E+02   0.12731E+01   0.13021E+01
   0.22096E+02   0.20101E+02   0.12951E+01   0.13260E+01
   0.21478E+02   0.19516E+02   0.13171E+01   0.13501E+01
   0.20863E+02   0.18934E+02   0.13390E+01   0.13743E+01
   0.20250E+02   0.18353E+02   0.13607E+01   0.13984E+01
   0.19639E+02   0.17773E+02   0.13822E+01   0.14225E+01
   0.19030E+02   0.17196E+02   0.14033E+01   0.14465E+01
   0.18423E+02   0.16620E+02   0.14241E+01   0.14703E+01
   0.17819E+02   0.16045E+02   0.14443E+01   0.14939E+01
   0.17216E+02   0.15472E+02   0.14639E+01   0.15172E+01
   0.16615E+02   0.14900E+02   0.14828E+01   0.15402E+01
   0.16016E+02   0.14329E+02   0.15009E+01   0.15628E+01
   0.15418E+02   0.13759E+02   0.15181E+01   0.15849E+01
   0.14823E+02   0.13190E+02   0.15343E+01   0.16066E+01
   0.14230E+02   0.12622E+02   0.15490E+01   0.16275E+01
   0.13639E+02   0.12055E+02   0.15620E+01   0.16473E+01
   0.13050E+02   0.11489E+02   0.15727E+01   0.16658E+01
   0.12463E+02   0.10924E+02   0.15807E+01   0.16824E+01
   0.11879E+02   0.10359E+02   0.15851E+01   0.16967E+01
   0.11297E+02   0.97955E+01   0.15853E+01   0.17080E+01
   0.10718E+02   0.92322E+01   0.15802E+01   0.17156E+01
   0.10142E+02   0.86695E+01   0.15685E+01   0.17184E+01
   0.95693E+01   0.81073E+01   0.15489E+01   0.17153E+01
   0.90000E+01   0.75457E+01   0.15200E+01   0.17053E+01
   0.84344E+01   0.69846E+01   0.14799E+01   0.16866E+01
   0.78725E+01   0.64239E+01   0.14264E+01   0.16575E+01
   0.73140E+01   0.58636E+01   0.13572E+01   0.16155E+01
   0.67581E+01   0.53037E+01   0.12691E+01   0.15571E+01
   0.62027E+01   0.47442E+01   0.11587E+01   0.14770E+01
   0.56444E+01   0.41850E+01   0.10225E+01   0.13685E+01
   0.50763E+01   0.36261E+01   0.85967E+00   0.12242E+01
   0.44866E+01   0.30676E+01   0.67289E+00   0.10366E+01
   0.38568E+01   0.25093E+01   0.47045E+00   0.79934E+00
   0.31590E+01   0.19513E+01   0.27403E+00   0.52373E+00
   0.23635E+01   0.13935E+01   0.11573E+00   0.25206E+00
   0.14615E+01   0.83595E+00   0.26701E-01   0.65982E-01
   0.49207E+00   0.27861E+00   0.22938E-02   0.62783E-02
