   0.20249E+03   0.17785E+03   0.13950E-01   0.14225E-01
   0.19760E+03   0.17355E+03   0.40683E-01   0.41487E-01
   0.19273E+03   0.16926E+03   0.69484E-01   0.70860E-01
   0.18790E+03   0.16500E+03   0.99641E-01   0.10163E+00
   0.18311E+03   0.16077E+03   0.13099E+00   0.13362E+00
   0.17839E+03   0.15657E+03   0.16173E+00   0.16502E+00
   0.17372E+03   0.15242E+03   0.19107E+00   0.19503E+00
   0.16912E+03   0.14832E+03   0.22083E+00   0.22549E+00
   0.16459E+03   0.14428E+03   0.25162E+00   0.25704E+00
   0.16014E+03   0.14031E+03   0.28290E+00   0.28914E+00
   0.15578E+03   0.13641E+03   0.31415E+00   0.32123E+00
   0.15150E+03   0.13258E+03   0.34568E+00   0.35367E+00
   0.14733E+03   0.12884E+03   0.37845E+00   0.38744E+00
   0.14326E+03   0.12519E+03   0.41299E+00   0.42309E+00
   0.13929E+03   0.12162E+03   0.44761E+00   0.45890E+00
   0.13543E+03   0.11815E+03   0.47969E+00   0.49216E+00
   0.13167E+03   0.11476E+03   0.50931E+00   0.52297E+00
   0.12801E+03   0.11148E+03   0.53717E+00   0.55202E+00
   0.12447E+03   0.10829E+03   0.56402E+00   0.58009E+00
   0.12103E+03   0.10521E+03   0.59092E+00   0.60828E+00
   0.11770E+03   0.10221E+03   0.61882E+00   0.63757E+00
   0.11448E+03   0.99322E+02   0.64758E+00   0.66779E+00
   0.11137E+03   0.96527E+02   0.67666E+00   0.69842E+00
   0.10836E+03   0.93827E+02   0.70593E+00   0.72930E+00
   0.10546E+03   0.91223E+02   0.73467E+00   0.75971E+00
   0.10266E+03   0.88711E+02   0.76243E+00   0.78917E+00
   0.99966E+02   0.86290E+02   0.78914E+00   0.81760E+00
   0.97365E+02   0.83958E+02   0.81483E+00   0.84503E+00
   0.94860E+02   0.81713E+02   0.84002E+00   0.87200E+00
   0.92449E+02   0.79552E+02   0.86549E+00   0.89934E+00
   0.90129E+02   0.77471E+02   0.89173E+00   0.92756E+00
   0.87897E+02   0.75470E+02   0.91839E+00   0.95629E+00
   0.85750E+02   0.73544E+02   0.94523E+00   0.98528E+00
   0.83683E+02   0.71691E+02   0.97218E+00   0.10145E+01
   0.81694E+02   0.69908E+02   0.99915E+00   0.10437E+01
   0.79778E+02   0.68193E+02   0.10258E+01   0.10728E+01
   0.77932E+02   0.66541E+02   0.10520E+01   0.11013E+01
   0.76154E+02   0.64951E+02   0.10772E+01   0.11289E+01
   0.74441E+02   0.63419E+02   0.11013E+01   0.11555E+01
   0.72789E+02   0.61943E+02   0.11250E+01   0.11816E+01
   0.71196E+02   0.60521E+02   0.11484E+01   0.12075E+01
   0.69659E+02   0.59148E+02   0.11713E+01   0.12329E+01
   0.68175E+02   0.57824E+02   0.11937E+01   0.12579E+01
   0.66741E+02   0.56546E+02   0.12155E+01   0.12822E+01
   0.65355E+02   0.55310E+02   0.12364E+01   0.13057E+01
   0.64014E+02   0.54115E+02   0.12567E+01   0.13286E+01
   0.62717E+02   0.52959E+02   0.12762E+01   0.13507E+01
   0.61460E+02   0.51839E+02   0.12949E+01   0.13721E+01
   0.60243E+02   0.50754E+02   0.13130E+01   0.13929E+01
   0.59061E+02   0.49701E+02   0.13306E+01   0.14132E+01
   0.57914E+02   0.48679E+02   0.13476E+01   0.14330E+01
   0.56799E+02   0.47686E+02   0.13641E+01   0.14523E+01
   0.55714E+02   0.46720E+02   0.13803E+01   0.14713E+01
   0.54658E+02   0.45780E+02   0.13963E+01   0.14902E+01
   0.53629E+02   0.44863E+02   0.14123E+01   0.15091E+01
   0.52625E+02   0.43970E+02   0.14284E+01   0.15282E+01
   0.51645E+02   0.43098E+02   0.14444E+01   0.15474E+01
   0.50688E+02   0.42246E+02   0.14604E+01   0.15666E+01
   0.49751E+02   0.41413E+02   0.14765E+01   0.15859E+01
   0.48835E+02   0.40597E+02   0.14925E+01   0.16054E+01
   0.47938E+02   0.39798E+02   0.15086E+01   0.16250E+01
   0.47058E+02   0.39015E+02   0.15247E+01   0.16446E+01
   0.46194E+02   0.38246E+02   0.15404E+01   0.16640E+01
   0.45346E+02   0.37491E+02   0.15558E+01   0.16832E+01
   0.44513E+02   0.36749E+02   0.15707E+01   0.17020E+01
   0.43693E+02   0.36019E+02   0.15854E+01   0.17206E+01
   0.42886E+02   0.35301E+02   0.16000E+01   0.17393E+01
   0.42091E+02   0.34593E+02   0.16147E+01   0.17582E+01
   0.41307E+02   0.33894E+02   0.16294E+01   0.17773E+01
   0.40534E+02   0.33206E+02   0.16442E+01   0.17967E+01
   0.39770E+02   0.32525E+02   0.16590E+01   0.18162E+01
   0.39015E+02   0.31853E+02   0.16737E+01   0.18358E+01
   0.38269E+02   0.31189E+02   0.16882E+01   0.18553E+01
   0.37531E+02   0.30532E+02   0.17024E+01   0.18747E+01
   0.36801E+02   0.29881E+02   0.17163E+01   0.18941E+01
   0.36077E+02   0.29237E+02   0.17301E+01   0.19134E+01
   0.35360E+02   0.28598E+02   0.17435E+01   0.19327E+01
   0.34649E+02   0.27965E+02   0.17567E+01   0.19518E+01
   0.33944E+02   0.27337E+02   0.17695E+01   0.19710E+01
   0.33245E+02   0.26714E+02   0.17823E+01   0.19902E+01
   0.32550E+02   0.26096E+02   0.17949E+01   0.20097E+01
   0.31861E+02   0.25481E+02   0.18077E+01   0.20297E+01
   0.31176E+02   0.24871E+02   0.18207E+01   0.20504E+01
   0.30495E+02   0.24264E+02   0.18340E+01   0.20717E+01
   0.29818E+02   0.23661E+02   0.18476E+01   0.20938E+01
   0.29145E+02   0.23061E+02   0.18615E+01   0.21167E+01
   0.28476E+02   0.22464E+02   0.18755E+01   0.21403E+01
   0.27810E+02   0.21869E+02   0.18895E+01   0.21645E+01
   0.27147E+02   0.21277E+02   0.19035E+01   0.21893E+01
   0.26487E+02   0.20688E+02   0.19171E+01   0.22144E+01
   0.25830E+02   0.20101E+02   0.19301E+01   0.22395E+01
   0.25176E+02   0.19516E+02   0.19423E+01   0.22647E+01
   0.24525E+02   0.18934E+02   0.19540E+01   0.22901E+01
   0.23877E+02   0.18353E+02   0.19650E+01   0.23159E+01
   0.23231E+02   0.17773E+02   0.19753E+01   0.23420E+01
   0.22588E+02   0.17196E+02   0.19846E+01   0.23684E+01
   0.21948E+02   0.16620E+02   0.19931E+01   0.23953E+01
   0.21311E+02   0.16045E+02   0.20009E+01   0.24234E+01
   0.20678E+02   0.15472E+02   0.20082E+01   0.24529E+01
   0.20048E+02   0.14900E+02   0.20148E+01   0.24841E+01
   0.19422E+02   0.14329E+02   0.20201E+01   0.25166E+01
   0.18799E+02   0.13759E+02   0.20232E+01   0.25500E+01
   0.18181E+02   0.13190E+02   0.20234E+01   0.25838E+01
   0.17567E+02   0.12622E+02   0.20194E+01   0.26168E+01
   0.16957E+02   0.12055E+02   0.20095E+01   0.26477E+01
   0.16351E+02   0.11489E+02   0.19923E+01   0.26752E+01
   0.15748E+02   0.10924E+02   0.19662E+01   0.26978E+01
   0.15149E+02   0.10359E+02   0.19299E+01   0.27142E+01
   0.14553E+02   0.97955E+01   0.18820E+01   0.27230E+01
   0.13958E+02   0.92322E+01   0.18204E+01   0.27217E+01
   0.13361E+02   0.86695E+01   0.17435E+01   0.27075E+01
   0.12758E+02   0.81073E+01   0.16484E+01   0.26743E+01
   0.12144E+02   0.75457E+01   0.15321E+01   0.26139E+01
   0.11510E+02   0.69846E+01   0.13919E+01   0.25153E+01
   0.10847E+02   0.64239E+01   0.12278E+01   0.23682E+01
   0.10137E+02   0.58636E+01   0.10435E+01   0.21643E+01
   0.93650E+01   0.53037E+01   0.84672E+00   0.18993E+01
   0.85172E+01   0.47442E+01   0.64947E+00   0.15800E+01
   0.75921E+01   0.41850E+01   0.46609E+00   0.12285E+01
   0.66020E+01   0.36261E+01   0.31032E+00   0.88177E+00
   0.55706E+01   0.30676E+01   0.18998E+00   0.57752E+00
   0.45238E+01   0.25093E+01   0.10504E+00   0.33882E+00
   0.34817E+01   0.19513E+01   0.50469E-01   0.17145E+00
   0.24564E+01   0.13935E+01   0.19709E-01   0.70080E-01
   0.14542E+01   0.83595E+00   0.53307E-02   0.19744E-01
   0.47804E+00   0.27861E+00   0.68722E-03   0.26412E-02
