   0.19346E+03   0.17785E+03   0.11403E-01   0.11453E-01
   0.18879E+03   0.17355E+03   0.32288E-01   0.32431E-01
   0.18414E+03   0.16926E+03   0.53722E-01   0.53962E-01
   0.17951E+03   0.16500E+03   0.75304E-01   0.75646E-01
   0.17492E+03   0.16077E+03   0.98159E-01   0.98614E-01
   0.17038E+03   0.15657E+03   0.12165E+00   0.12223E+00
   0.16589E+03   0.15242E+03   0.14522E+00   0.14593E+00
   0.16147E+03   0.14832E+03   0.16857E+00   0.16942E+00
   0.15711E+03   0.14428E+03   0.19271E+00   0.19373E+00
   0.15283E+03   0.14031E+03   0.21717E+00   0.21837E+00
   0.14863E+03   0.13641E+03   0.24153E+00   0.24294E+00
   0.14451E+03   0.13258E+03   0.26508E+00   0.26671E+00
   0.14049E+03   0.12884E+03   0.28788E+00   0.28974E+00
   0.13656E+03   0.12519E+03   0.31033E+00   0.31244E+00
   0.13273E+03   0.12162E+03   0.33323E+00   0.33562E+00
   0.12900E+03   0.11815E+03   0.35790E+00   0.36063E+00
   0.12538E+03   0.11476E+03   0.38406E+00   0.38718E+00
   0.12186E+03   0.11148E+03   0.41060E+00   0.41414E+00
   0.11845E+03   0.10829E+03   0.43747E+00   0.44146E+00
   0.11514E+03   0.10521E+03   0.46481E+00   0.46929E+00
   0.11193E+03   0.10221E+03   0.49188E+00   0.49688E+00
   0.10883E+03   0.99322E+02   0.51819E+00   0.52374E+00
   0.10583E+03   0.96527E+02   0.54379E+00   0.54991E+00
   0.10294E+03   0.93827E+02   0.56866E+00   0.57539E+00
   0.10015E+03   0.91223E+02   0.59318E+00   0.60054E+00
   0.97454E+02   0.88711E+02   0.61755E+00   0.62559E+00
   0.94858E+02   0.86290E+02   0.64177E+00   0.65051E+00
   0.92358E+02   0.83958E+02   0.66597E+00   0.67545E+00
   0.89950E+02   0.81713E+02   0.69001E+00   0.70026E+00
   0.87632E+02   0.79552E+02   0.71375E+00   0.72481E+00
   0.85401E+02   0.77471E+02   0.73698E+00   0.74887E+00
   0.83253E+02   0.75470E+02   0.75927E+00   0.77202E+00
   0.81186E+02   0.73544E+02   0.78048E+00   0.79408E+00
   0.79196E+02   0.71691E+02   0.80069E+00   0.81516E+00
   0.77281E+02   0.69908E+02   0.82019E+00   0.83555E+00
   0.75438E+02   0.68193E+02   0.83923E+00   0.85550E+00
   0.73663E+02   0.66541E+02   0.85786E+00   0.87505E+00
   0.71954E+02   0.64951E+02   0.87611E+00   0.89424E+00
   0.70306E+02   0.63419E+02   0.89429E+00   0.91339E+00
   0.68718E+02   0.61943E+02   0.91268E+00   0.93277E+00
   0.67187E+02   0.60521E+02   0.93101E+00   0.95211E+00
   0.65708E+02   0.59148E+02   0.94872E+00   0.97084E+00
   0.64281E+02   0.57824E+02   0.96554E+00   0.98867E+00
   0.62902E+02   0.56546E+02   0.98140E+00   0.10055E+01
   0.61569E+02   0.55310E+02   0.99643E+00   0.10216E+01
   0.60279E+02   0.54115E+02   0.10109E+01   0.10370E+01
   0.59031E+02   0.52959E+02   0.10248E+01   0.10520E+01
   0.57821E+02   0.51839E+02   0.10385E+01   0.10667E+01
   0.56649E+02   0.50754E+02   0.10518E+01   0.10810E+01
   0.55511E+02   0.49701E+02   0.10648E+01   0.10951E+01
   0.54406E+02   0.48679E+02   0.10774E+01   0.11088E+01
   0.53331E+02   0.47686E+02   0.10897E+01   0.11222E+01
   0.52286E+02   0.46720E+02   0.11018E+01   0.11353E+01
   0.51268E+02   0.45780E+02   0.11136E+01   0.11483E+01
   0.50276E+02   0.44863E+02   0.11253E+01   0.11611E+01
   0.49309E+02   0.43970E+02   0.11370E+01   0.11739E+01
   0.48364E+02   0.43098E+02   0.11487E+01   0.11868E+01
   0.47442E+02   0.42246E+02   0.11604E+01   0.11997E+01
   0.46539E+02   0.41413E+02   0.11720E+01   0.12126E+01
   0.45656E+02   0.40597E+02   0.11838E+01   0.12256E+01
   0.44791E+02   0.39798E+02   0.11956E+01   0.12387E+01
   0.43943E+02   0.39015E+02   0.12075E+01   0.12520E+01
   0.43111E+02   0.38246E+02   0.12195E+01   0.12654E+01
   0.42294E+02   0.37491E+02   0.12315E+01   0.12789E+01
   0.41490E+02   0.36749E+02   0.12435E+01   0.12924E+01
   0.40700E+02   0.36019E+02   0.12555E+01   0.13059E+01
   0.39921E+02   0.35301E+02   0.12676E+01   0.13196E+01
   0.39154E+02   0.34593E+02   0.12796E+01   0.13333E+01
   0.38398E+02   0.33894E+02   0.12917E+01   0.13471E+01
   0.37652E+02   0.33206E+02   0.13037E+01   0.13608E+01
   0.36915E+02   0.32525E+02   0.13156E+01   0.13746E+01
   0.36188E+02   0.31853E+02   0.13275E+01   0.13883E+01
   0.35468E+02   0.31189E+02   0.13392E+01   0.14020E+01
   0.34757E+02   0.30532E+02   0.13507E+01   0.14155E+01
   0.34052E+02   0.29881E+02   0.13619E+01   0.14288E+01
   0.33355E+02   0.29237E+02   0.13727E+01   0.14419E+01
   0.32663E+02   0.28598E+02   0.13833E+01   0.14547E+01
   0.31978E+02   0.27965E+02   0.13938E+01   0.14675E+01
   0.31298E+02   0.27337E+02   0.14042E+01   0.14804E+01
   0.30624E+02   0.26714E+02   0.14147E+01   0.14935E+01
   0.29954E+02   0.26096E+02   0.14254E+01   0.15069E+01
   0.29289E+02   0.25481E+02   0.14364E+01   0.15207E+01
   0.28629E+02   0.24871E+02   0.14478E+01   0.15351E+01
   0.27973E+02   0.24264E+02   0.14596E+01   0.15501E+01
   0.27321E+02   0.23661E+02   0.14716E+01   0.15655E+01
   0.26673E+02   0.23061E+02   0.14839E+01   0.15815E+01
   0.26028E+02   0.22464E+02   0.14965E+01   0.15979E+01
   0.25387E+02   0.21869E+02   0.15092E+01   0.16149E+01
   0.24749E+02   0.21277E+02   0.15221E+01   0.16322E+01
   0.24114E+02   0.20688E+02   0.15349E+01   0.16498E+01
   0.23482E+02   0.20101E+02   0.15476E+01   0.16675E+01
   0.22853E+02   0.19516E+02   0.15600E+01   0.16855E+01
   0.22226E+02   0.18934E+02   0.15721E+01   0.17035E+01
   0.21603E+02   0.18353E+02   0.15836E+01   0.17213E+01
   0.20982E+02   0.17773E+02   0.15944E+01   0.17389E+01
   0.20364E+02   0.17196E+02   0.16042E+01   0.17561E+01
   0.19749E+02   0.16620E+02   0.16130E+01   0.17729E+01
   0.19136E+02   0.16045E+02   0.16206E+01   0.17891E+01
   0.18526E+02   0.15472E+02   0.16267E+01   0.18047E+01
   0.17920E+02   0.14900E+02   0.16311E+01   0.18195E+01
   0.17316E+02   0.14329E+02   0.16333E+01   0.18330E+01
   0.16716E+02   0.13759E+02   0.16331E+01   0.18453E+01
   0.16119E+02   0.13190E+02   0.16302E+01   0.18562E+01
   0.15526E+02   0.12622E+02   0.16246E+01   0.18660E+01
   0.14937E+02   0.12055E+02   0.16161E+01   0.18748E+01
   0.14352E+02   0.11489E+02   0.16042E+01   0.18823E+01
   0.13772E+02   0.10924E+02   0.15881E+01   0.18881E+01
   0.13196E+02   0.10359E+02   0.15660E+01   0.18905E+01
   0.12626E+02   0.97955E+01   0.15363E+01   0.18880E+01
   0.12061E+02   0.92322E+01   0.14975E+01   0.18791E+01
   0.11502E+02   0.86695E+01   0.14481E+01   0.18624E+01
   0.10947E+02   0.81073E+01   0.13860E+01   0.18355E+01
   0.10397E+02   0.75457E+01   0.13092E+01   0.17953E+01
   0.98481E+01   0.69846E+01   0.12157E+01   0.17376E+01
   0.92970E+01   0.64239E+01   0.11035E+01   0.16571E+01
   0.87373E+01   0.58636E+01   0.97200E+00   0.15477E+01
   0.81603E+01   0.53037E+01   0.82235E+00   0.14029E+01
   0.75517E+01   0.47442E+01   0.65968E+00   0.12195E+01
   0.68926E+01   0.41850E+01   0.49271E+00   0.99778E+00
   0.61609E+01   0.36261E+01   0.33400E+00   0.74731E+00
   0.53373E+01   0.30676E+01   0.19896E+00   0.49312E+00
   0.44228E+01   0.25093E+01   0.10136E+00   0.27646E+00
   0.34464E+01   0.19513E+01   0.43372E-01   0.12842E+00
   0.24471E+01   0.13935E+01   0.15388E-01   0.48720E-01
   0.14535E+01   0.83595E+00   0.40725E-02   0.13626E-01
   0.47871E+00   0.27861E+00   0.52935E-03   0.18573E-02
