   0.21016E+03   0.17785E+03   0.34303E-01   0.35862E-01
   0.20509E+03   0.17355E+03   0.95988E-01   0.10036E+00
   0.20006E+03   0.16926E+03   0.16054E+00   0.16788E+00
   0.19506E+03   0.16500E+03   0.22167E+00   0.23184E+00
   0.19009E+03   0.16077E+03   0.27624E+00   0.28898E+00
   0.18518E+03   0.15657E+03   0.32710E+00   0.34228E+00
   0.18034E+03   0.15242E+03   0.37726E+00   0.39491E+00
   0.17557E+03   0.14832E+03   0.42429E+00   0.44433E+00
   0.17089E+03   0.14428E+03   0.47193E+00   0.49447E+00
   0.16630E+03   0.14031E+03   0.52385E+00   0.54924E+00
   0.16181E+03   0.13641E+03   0.58008E+00   0.60867E+00
   0.15742E+03   0.13258E+03   0.63943E+00   0.67152E+00
   0.15312E+03   0.12884E+03   0.69936E+00   0.73513E+00
   0.14893E+03   0.12519E+03   0.76024E+00   0.79989E+00
   0.14483E+03   0.12162E+03   0.82141E+00   0.86507E+00
   0.14084E+03   0.11815E+03   0.87825E+00   0.92584E+00
   0.13696E+03   0.11476E+03   0.92864E+00   0.97996E+00
   0.13319E+03   0.11148E+03   0.97625E+00   0.10313E+01
   0.12955E+03   0.10829E+03   0.10255E+01   0.10846E+01
   0.12601E+03   0.10521E+03   0.10753E+01   0.11387E+01
   0.12260E+03   0.10221E+03   0.11239E+01   0.11918E+01
   0.11929E+03   0.99322E+02   0.11706E+01   0.12428E+01
   0.11609E+03   0.96527E+02   0.12138E+01   0.12904E+01
   0.11299E+03   0.93827E+02   0.12550E+01   0.13360E+01
   0.11001E+03   0.91223E+02   0.12960E+01   0.13815E+01
   0.10712E+03   0.88711E+02   0.13372E+01   0.14273E+01
   0.10435E+03   0.86290E+02   0.13783E+01   0.14732E+01
   0.10167E+03   0.83958E+02   0.14195E+01   0.15194E+01
   0.99098E+02   0.81713E+02   0.14600E+01   0.15650E+01
   0.96617E+02   0.79552E+02   0.14984E+01   0.16085E+01
   0.94227E+02   0.77471E+02   0.15339E+01   0.16490E+01
   0.91927E+02   0.75470E+02   0.15667E+01   0.16868E+01
   0.89713E+02   0.73544E+02   0.15978E+01   0.17228E+01
   0.87583E+02   0.71691E+02   0.16278E+01   0.17578E+01
   0.85533E+02   0.69908E+02   0.16562E+01   0.17913E+01
   0.83560E+02   0.68193E+02   0.16838E+01   0.18239E+01
   0.81660E+02   0.66541E+02   0.17114E+01   0.18567E+01
   0.79831E+02   0.64951E+02   0.17389E+01   0.18895E+01
   0.78069E+02   0.63419E+02   0.17655E+01   0.19215E+01
   0.76370E+02   0.61943E+02   0.17912E+01   0.19526E+01
   0.74732E+02   0.60521E+02   0.18153E+01   0.19822E+01
   0.73152E+02   0.59148E+02   0.18374E+01   0.20096E+01
   0.71625E+02   0.57824E+02   0.18571E+01   0.20346E+01
   0.70151E+02   0.56546E+02   0.18747E+01   0.20573E+01
   0.68727E+02   0.55310E+02   0.18909E+01   0.20786E+01
   0.67350E+02   0.54115E+02   0.19064E+01   0.20993E+01
   0.66017E+02   0.52959E+02   0.19216E+01   0.21197E+01
   0.64726E+02   0.51839E+02   0.19365E+01   0.21399E+01
   0.63475E+02   0.50754E+02   0.19509E+01   0.21597E+01
   0.62262E+02   0.49701E+02   0.19653E+01   0.21796E+01
   0.61084E+02   0.48679E+02   0.19797E+01   0.21996E+01
   0.59939E+02   0.47686E+02   0.19944E+01   0.22201E+01
   0.58826E+02   0.46720E+02   0.20094E+01   0.22411E+01
   0.57743E+02   0.45780E+02   0.20248E+01   0.22627E+01
   0.56688E+02   0.44863E+02   0.20408E+01   0.22851E+01
   0.55660E+02   0.43970E+02   0.20574E+01   0.23084E+01
   0.54657E+02   0.43098E+02   0.20746E+01   0.23324E+01
   0.53677E+02   0.42246E+02   0.20920E+01   0.23570E+01
   0.52719E+02   0.41413E+02   0.21095E+01   0.23819E+01
   0.51782E+02   0.40597E+02   0.21267E+01   0.24067E+01
   0.50864E+02   0.39798E+02   0.21437E+01   0.24315E+01
   0.49964E+02   0.39015E+02   0.21603E+01   0.24560E+01
   0.49080E+02   0.38246E+02   0.21763E+01   0.24800E+01
   0.48212E+02   0.37491E+02   0.21915E+01   0.25035E+01
   0.47358E+02   0.36749E+02   0.22058E+01   0.25260E+01
   0.46518E+02   0.36019E+02   0.22190E+01   0.25475E+01
   0.45689E+02   0.35301E+02   0.22313E+01   0.25682E+01
   0.44873E+02   0.34593E+02   0.22428E+01   0.25883E+01
   0.44066E+02   0.33894E+02   0.22538E+01   0.26080E+01
   0.43270E+02   0.33206E+02   0.22645E+01   0.26276E+01
   0.42483E+02   0.32525E+02   0.22749E+01   0.26471E+01
   0.41705E+02   0.31853E+02   0.22848E+01   0.26663E+01
   0.40934E+02   0.31189E+02   0.22944E+01   0.26852E+01
   0.40171E+02   0.30532E+02   0.23034E+01   0.27039E+01
   0.39414E+02   0.29881E+02   0.23120E+01   0.27224E+01
   0.38663E+02   0.29237E+02   0.23203E+01   0.27407E+01
   0.37918E+02   0.28598E+02   0.23283E+01   0.27591E+01
   0.37177E+02   0.27965E+02   0.23363E+01   0.27776E+01
   0.36441E+02   0.27337E+02   0.23440E+01   0.27964E+01
   0.35710E+02   0.26714E+02   0.23517E+01   0.28153E+01
   0.34982E+02   0.26096E+02   0.23593E+01   0.28345E+01
   0.34258E+02   0.25481E+02   0.23669E+01   0.28542E+01
   0.33537E+02   0.24871E+02   0.23747E+01   0.28746E+01
   0.32819E+02   0.24264E+02   0.23825E+01   0.28954E+01
   0.32104E+02   0.23661E+02   0.23903E+01   0.29168E+01
   0.31391E+02   0.23061E+02   0.23980E+01   0.29386E+01
   0.30680E+02   0.22464E+02   0.24056E+01   0.29609E+01
   0.29972E+02   0.21869E+02   0.24130E+01   0.29837E+01
   0.29265E+02   0.21277E+02   0.24202E+01   0.30071E+01
   0.28560E+02   0.20688E+02   0.24269E+01   0.30307E+01
   0.27856E+02   0.20101E+02   0.24329E+01   0.30542E+01
   0.27154E+02   0.19516E+02   0.24381E+01   0.30777E+01
   0.26452E+02   0.18934E+02   0.24425E+01   0.31012E+01
   0.25751E+02   0.18353E+02   0.24459E+01   0.31248E+01
   0.25051E+02   0.17773E+02   0.24481E+01   0.31479E+01
   0.24351E+02   0.17196E+02   0.24488E+01   0.31707E+01
   0.23652E+02   0.16620E+02   0.24481E+01   0.31933E+01
   0.22954E+02   0.16045E+02   0.24457E+01   0.32155E+01
   0.22257E+02   0.15472E+02   0.24410E+01   0.32369E+01
   0.21560E+02   0.14900E+02   0.24340E+01   0.32575E+01
   0.20864E+02   0.14329E+02   0.24248E+01   0.32779E+01
   0.20169E+02   0.13759E+02   0.24132E+01   0.32982E+01
   0.19475E+02   0.13190E+02   0.23987E+01   0.33181E+01
   0.18781E+02   0.12622E+02   0.23806E+01   0.33369E+01
   0.18087E+02   0.12055E+02   0.23580E+01   0.33541E+01
   0.17394E+02   0.11489E+02   0.23299E+01   0.33686E+01
   0.16700E+02   0.10924E+02   0.22948E+01   0.33789E+01
   0.16006E+02   0.10359E+02   0.22507E+01   0.33826E+01
   0.15311E+02   0.97955E+01   0.21966E+01   0.33787E+01
   0.14613E+02   0.92322E+01   0.21314E+01   0.33656E+01
   0.13911E+02   0.86695E+01   0.20517E+01   0.33383E+01
   0.13204E+02   0.81073E+01   0.19542E+01   0.32901E+01
   0.12487E+02   0.75457E+01   0.18355E+01   0.32135E+01
   0.11757E+02   0.69846E+01   0.16937E+01   0.31012E+01
   0.11007E+02   0.64239E+01   0.15280E+01   0.29448E+01
   0.10230E+02   0.58636E+01   0.13372E+01   0.27309E+01
   0.94147E+01   0.53037E+01   0.11227E+01   0.24462E+01
   0.85517E+01   0.47442E+01   0.89409E+00   0.20907E+01
   0.76330E+01   0.41850E+01   0.66615E+00   0.16778E+01
   0.66582E+01   0.36261E+01   0.45751E+00   0.12416E+01
   0.56376E+01   0.30676E+01   0.28526E+00   0.83109E+00
   0.45909E+01   0.25093E+01   0.15767E+00   0.48992E+00
   0.35393E+01   0.19513E+01   0.74264E-01   0.24421E+00
   0.24994E+01   0.13935E+01   0.28171E-01   0.97329E-01
   0.14805E+01   0.83595E+00   0.74467E-02   0.26876E-01
   0.48683E+00   0.27861E+00   0.94571E-03   0.35497E-02
