   0.20632E+03   0.17785E+03   0.17644E-01   0.18165E-01
   0.20136E+03   0.17355E+03   0.49876E-01   0.51356E-01
   0.19643E+03   0.16926E+03   0.84312E-01   0.86832E-01
   0.19153E+03   0.16500E+03   0.12080E+00   0.12444E+00
   0.18667E+03   0.16077E+03   0.16038E+00   0.16526E+00
   0.18186E+03   0.15657E+03   0.20100E+00   0.20718E+00
   0.17712E+03   0.15242E+03   0.24149E+00   0.24902E+00
   0.17245E+03   0.14832E+03   0.28064E+00   0.28953E+00
   0.16786E+03   0.14428E+03   0.32017E+00   0.33050E+00
   0.16335E+03   0.14031E+03   0.36099E+00   0.37288E+00
   0.15894E+03   0.13641E+03   0.40195E+00   0.41549E+00
   0.15461E+03   0.13258E+03   0.44206E+00   0.45729E+00
   0.15037E+03   0.12884E+03   0.48063E+00   0.49758E+00
   0.14624E+03   0.12519E+03   0.51951E+00   0.53829E+00
   0.14221E+03   0.12162E+03   0.55874E+00   0.57945E+00
   0.13828E+03   0.11815E+03   0.59679E+00   0.61948E+00
   0.13447E+03   0.11476E+03   0.63279E+00   0.65749E+00
   0.13077E+03   0.11148E+03   0.66819E+00   0.69499E+00
   0.12718E+03   0.10829E+03   0.70388E+00   0.73291E+00
   0.12370E+03   0.10521E+03   0.74005E+00   0.77144E+00
   0.12033E+03   0.10221E+03   0.77636E+00   0.81020E+00
   0.11707E+03   0.99322E+02   0.81240E+00   0.84880E+00
   0.11392E+03   0.96527E+02   0.84884E+00   0.88793E+00
   0.11087E+03   0.93827E+02   0.88614E+00   0.92808E+00
   0.10794E+03   0.91223E+02   0.92355E+00   0.96845E+00
   0.10510E+03   0.88711E+02   0.95984E+00   0.10078E+01
   0.10237E+03   0.86290E+02   0.99400E+00   0.10449E+01
   0.99731E+02   0.83958E+02   0.10272E+01   0.10812E+01
   0.97191E+02   0.81713E+02   0.10609E+01   0.11181E+01
   0.94745E+02   0.79552E+02   0.10949E+01   0.11553E+01
   0.92389E+02   0.77471E+02   0.11284E+01   0.11922E+01
   0.90122E+02   0.75470E+02   0.11618E+01   0.12291E+01
   0.87940E+02   0.73544E+02   0.11951E+01   0.12660E+01
   0.85839E+02   0.71691E+02   0.12277E+01   0.13022E+01
   0.83816E+02   0.69908E+02   0.12588E+01   0.13369E+01
   0.81868E+02   0.68193E+02   0.12882E+01   0.13700E+01
   0.79992E+02   0.66541E+02   0.13160E+01   0.14014E+01
   0.78185E+02   0.64951E+02   0.13421E+01   0.14311E+01
   0.76444E+02   0.63419E+02   0.13664E+01   0.14590E+01
   0.74765E+02   0.61943E+02   0.13893E+01   0.14855E+01
   0.73146E+02   0.60521E+02   0.14114E+01   0.15112E+01
   0.71584E+02   0.59148E+02   0.14329E+01   0.15364E+01
   0.70077E+02   0.57824E+02   0.14543E+01   0.15614E+01
   0.68622E+02   0.56546E+02   0.14756E+01   0.15865E+01
   0.67216E+02   0.55310E+02   0.14966E+01   0.16114E+01
   0.65858E+02   0.54115E+02   0.15169E+01   0.16357E+01
   0.64543E+02   0.52959E+02   0.15365E+01   0.16593E+01
   0.63271E+02   0.51839E+02   0.15555E+01   0.16824E+01
   0.62038E+02   0.50754E+02   0.15740E+01   0.17051E+01
   0.60842E+02   0.49701E+02   0.15921E+01   0.17274E+01
   0.59682E+02   0.48679E+02   0.16103E+01   0.17499E+01
   0.58555E+02   0.47686E+02   0.16286E+01   0.17728E+01
   0.57459E+02   0.46720E+02   0.16471E+01   0.17959E+01
   0.56393E+02   0.45780E+02   0.16656E+01   0.18192E+01
   0.55354E+02   0.44863E+02   0.16839E+01   0.18423E+01
   0.54340E+02   0.43970E+02   0.17019E+01   0.18653E+01
   0.53351E+02   0.43098E+02   0.17197E+01   0.18883E+01
   0.52384E+02   0.42246E+02   0.17375E+01   0.19113E+01
   0.51439E+02   0.41413E+02   0.17553E+01   0.19345E+01
   0.50514E+02   0.40597E+02   0.17730E+01   0.19577E+01
   0.49607E+02   0.39798E+02   0.17905E+01   0.19809E+01
   0.48718E+02   0.39015E+02   0.18080E+01   0.20041E+01
   0.47846E+02   0.38246E+02   0.18253E+01   0.20274E+01
   0.46989E+02   0.37491E+02   0.18426E+01   0.20509E+01
   0.46147E+02   0.36749E+02   0.18598E+01   0.20744E+01
   0.45318E+02   0.36019E+02   0.18767E+01   0.20979E+01
   0.44501E+02   0.35301E+02   0.18935E+01   0.21213E+01
   0.43697E+02   0.34593E+02   0.19099E+01   0.21446E+01
   0.42903E+02   0.33894E+02   0.19261E+01   0.21679E+01
   0.42120E+02   0.33206E+02   0.19422E+01   0.21912E+01
   0.41345E+02   0.32525E+02   0.19582E+01   0.22147E+01
   0.40580E+02   0.31853E+02   0.19741E+01   0.22383E+01
   0.39823E+02   0.31189E+02   0.19899E+01   0.22621E+01
   0.39073E+02   0.30532E+02   0.20055E+01   0.22859E+01
   0.38330E+02   0.29881E+02   0.20209E+01   0.23099E+01
   0.37594E+02   0.29237E+02   0.20364E+01   0.23341E+01
   0.36864E+02   0.28598E+02   0.20519E+01   0.23588E+01
   0.36139E+02   0.27965E+02   0.20676E+01   0.23839E+01
   0.35420E+02   0.27337E+02   0.20834E+01   0.24096E+01
   0.34705E+02   0.26714E+02   0.20994E+01   0.24359E+01
   0.33995E+02   0.26096E+02   0.21157E+01   0.24630E+01
   0.33288E+02   0.25481E+02   0.21324E+01   0.24909E+01
   0.32586E+02   0.24871E+02   0.21492E+01   0.25195E+01
   0.31886E+02   0.24264E+02   0.21659E+01   0.25485E+01
   0.31190E+02   0.23661E+02   0.21824E+01   0.25778E+01
   0.30496E+02   0.23061E+02   0.21983E+01   0.26071E+01
   0.29806E+02   0.22464E+02   0.22139E+01   0.26365E+01
   0.29117E+02   0.21869E+02   0.22289E+01   0.26660E+01
   0.28431E+02   0.21277E+02   0.22432E+01   0.26956E+01
   0.27748E+02   0.20688E+02   0.22570E+01   0.27253E+01
   0.27066E+02   0.20101E+02   0.22702E+01   0.27553E+01
   0.26386E+02   0.19516E+02   0.22830E+01   0.27859E+01
   0.25709E+02   0.18934E+02   0.22953E+01   0.28171E+01
   0.25033E+02   0.18353E+02   0.23069E+01   0.28487E+01
   0.24358E+02   0.17773E+02   0.23173E+01   0.28803E+01
   0.23685E+02   0.17196E+02   0.23264E+01   0.29119E+01
   0.23014E+02   0.16620E+02   0.23337E+01   0.29431E+01
   0.22344E+02   0.16045E+02   0.23385E+01   0.29732E+01
   0.21676E+02   0.15472E+02   0.23403E+01   0.30019E+01
   0.21010E+02   0.14900E+02   0.23390E+01   0.30292E+01
   0.20345E+02   0.14329E+02   0.23344E+01   0.30552E+01
   0.19683E+02   0.13759E+02   0.23260E+01   0.30798E+01
   0.19022E+02   0.13190E+02   0.23136E+01   0.31030E+01
   0.18364E+02   0.12622E+02   0.22969E+01   0.31249E+01
   0.17708E+02   0.12055E+02   0.22748E+01   0.31447E+01
   0.17054E+02   0.11489E+02   0.22458E+01   0.31610E+01
   0.16401E+02   0.10924E+02   0.22088E+01   0.31728E+01
   0.15749E+02   0.10359E+02   0.21626E+01   0.31791E+01
   0.15098E+02   0.97955E+01   0.21058E+01   0.31782E+01
   0.14445E+02   0.92322E+01   0.20366E+01   0.31675E+01
   0.13788E+02   0.86695E+01   0.19528E+01   0.31436E+01
   0.13124E+02   0.81073E+01   0.18515E+01   0.31006E+01
   0.12448E+02   0.75457E+01   0.17293E+01   0.30298E+01
   0.11754E+02   0.69846E+01   0.15838E+01   0.29215E+01
   0.11029E+02   0.64239E+01   0.14139E+01   0.27637E+01
   0.10266E+02   0.58636E+01   0.12209E+01   0.25447E+01
   0.94524E+01   0.53037E+01   0.10109E+01   0.22591E+01
   0.85803E+01   0.47442E+01   0.79291E+00   0.19077E+01
   0.76460E+01   0.41850E+01   0.58185E+00   0.15094E+01
   0.66549E+01   0.36261E+01   0.39488E+00   0.11024E+01
   0.56225E+01   0.30676E+01   0.24492E+00   0.73206E+00
   0.45709E+01   0.25093E+01   0.13578E+00   0.43139E+00
   0.35202E+01   0.19513E+01   0.64727E-01   0.21695E+00
   0.24845E+01   0.13935E+01   0.24920E-01   0.87557E-01
   0.14712E+01   0.83595E+00   0.65466E-02   0.23987E-01
   0.48368E+00   0.27861E+00   0.79525E-03   0.30263E-02
