   0.20598E+03   0.17785E+03   0.18245E-01   0.18764E-01
   0.20102E+03   0.17355E+03   0.51336E-01   0.52800E-01
   0.19608E+03   0.16926E+03   0.84070E-01   0.86479E-01
   0.19118E+03   0.16500E+03   0.11459E+00   0.11790E+00
   0.18631E+03   0.16077E+03   0.14660E+00   0.15086E+00
   0.18150E+03   0.15657E+03   0.18266E+00   0.18801E+00
   0.17676E+03   0.15242E+03   0.22177E+00   0.22835E+00
   0.17209E+03   0.14832E+03   0.25940E+00   0.26722E+00
   0.16750E+03   0.14428E+03   0.29333E+00   0.30233E+00
   0.16300E+03   0.14031E+03   0.32591E+00   0.33612E+00
   0.15858E+03   0.13641E+03   0.36074E+00   0.37228E+00
   0.15426E+03   0.13258E+03   0.40000E+00   0.41310E+00
   0.15004E+03   0.12884E+03   0.44282E+00   0.45768E+00
   0.14591E+03   0.12519E+03   0.48541E+00   0.50213E+00
   0.14189E+03   0.12162E+03   0.52368E+00   0.54220E+00
   0.13798E+03   0.11815E+03   0.55723E+00   0.57747E+00
   0.13416E+03   0.11476E+03   0.58890E+00   0.61086E+00
   0.13047E+03   0.11148E+03   0.62112E+00   0.64493E+00
   0.12688E+03   0.10829E+03   0.65474E+00   0.68056E+00
   0.12341E+03   0.10521E+03   0.68979E+00   0.71777E+00
   0.12004E+03   0.10221E+03   0.72559E+00   0.75587E+00
   0.11679E+03   0.99322E+02   0.76051E+00   0.79314E+00
   0.11364E+03   0.96527E+02   0.79403E+00   0.82906E+00
   0.11060E+03   0.93827E+02   0.82731E+00   0.86481E+00
   0.10766E+03   0.91223E+02   0.86177E+00   0.90191E+00
   0.10484E+03   0.88711E+02   0.89719E+00   0.94013E+00
   0.10211E+03   0.86290E+02   0.93292E+00   0.97875E+00
   0.99473E+02   0.83958E+02   0.96777E+00   0.10166E+01
   0.96934E+02   0.81713E+02   0.10007E+01   0.10524E+01
   0.94488E+02   0.79552E+02   0.10313E+01   0.10858E+01
   0.92131E+02   0.77471E+02   0.10602E+01   0.11177E+01
   0.89862E+02   0.75470E+02   0.10884E+01   0.11487E+01
   0.87679E+02   0.73544E+02   0.11159E+01   0.11792E+01
   0.85578E+02   0.71691E+02   0.11433E+01   0.12096E+01
   0.83558E+02   0.69908E+02   0.11706E+01   0.12402E+01
   0.81614E+02   0.68193E+02   0.11981E+01   0.12709E+01
   0.79742E+02   0.66541E+02   0.12260E+01   0.13022E+01
   0.77940E+02   0.64951E+02   0.12543E+01   0.13340E+01
   0.76204E+02   0.63419E+02   0.12821E+01   0.13654E+01
   0.74530E+02   0.61943E+02   0.13088E+01   0.13957E+01
   0.72916E+02   0.60521E+02   0.13344E+01   0.14250E+01
   0.71359E+02   0.59148E+02   0.13591E+01   0.14533E+01
   0.69857E+02   0.57824E+02   0.13831E+01   0.14810E+01
   0.68406E+02   0.56546E+02   0.14064E+01   0.15081E+01
   0.67003E+02   0.55310E+02   0.14293E+01   0.15348E+01
   0.65647E+02   0.54115E+02   0.14514E+01   0.15607E+01
   0.64334E+02   0.52959E+02   0.14727E+01   0.15860E+01
   0.63062E+02   0.51839E+02   0.14937E+01   0.16109E+01
   0.61829E+02   0.50754E+02   0.15149E+01   0.16362E+01
   0.60633E+02   0.49701E+02   0.15367E+01   0.16623E+01
   0.59473E+02   0.48679E+02   0.15592E+01   0.16892E+01
   0.58346E+02   0.47686E+02   0.15821E+01   0.17166E+01
   0.57250E+02   0.46720E+02   0.16050E+01   0.17442E+01
   0.56183E+02   0.45780E+02   0.16276E+01   0.17718E+01
   0.55144E+02   0.44863E+02   0.16498E+01   0.17989E+01
   0.54130E+02   0.43970E+02   0.16712E+01   0.18253E+01
   0.53140E+02   0.43098E+02   0.16917E+01   0.18508E+01
   0.52173E+02   0.42246E+02   0.17114E+01   0.18756E+01
   0.51228E+02   0.41413E+02   0.17306E+01   0.19000E+01
   0.50303E+02   0.40597E+02   0.17495E+01   0.19242E+01
   0.49397E+02   0.39798E+02   0.17682E+01   0.19485E+01
   0.48509E+02   0.39015E+02   0.17871E+01   0.19731E+01
   0.47639E+02   0.38246E+02   0.18064E+01   0.19982E+01
   0.46784E+02   0.37491E+02   0.18261E+01   0.20242E+01
   0.45943E+02   0.36749E+02   0.18464E+01   0.20509E+01
   0.45117E+02   0.36019E+02   0.18672E+01   0.20785E+01
   0.44302E+02   0.35301E+02   0.18885E+01   0.21067E+01
   0.43500E+02   0.34593E+02   0.19101E+01   0.21356E+01
   0.42708E+02   0.33894E+02   0.19319E+01   0.21649E+01
   0.41927E+02   0.33206E+02   0.19538E+01   0.21945E+01
   0.41155E+02   0.32525E+02   0.19757E+01   0.22245E+01
   0.40392E+02   0.31853E+02   0.19976E+01   0.22547E+01
   0.39637E+02   0.31189E+02   0.20194E+01   0.22851E+01
   0.38890E+02   0.30532E+02   0.20408E+01   0.23154E+01
   0.38151E+02   0.29881E+02   0.20615E+01   0.23452E+01
   0.37418E+02   0.29237E+02   0.20811E+01   0.23742E+01
   0.36691E+02   0.28598E+02   0.20997E+01   0.24023E+01
   0.35969E+02   0.27965E+02   0.21170E+01   0.24294E+01
   0.35253E+02   0.27337E+02   0.21333E+01   0.24556E+01
   0.34542E+02   0.26714E+02   0.21485E+01   0.24810E+01
   0.33835E+02   0.26096E+02   0.21627E+01   0.25057E+01
   0.33132E+02   0.25481E+02   0.21759E+01   0.25296E+01
   0.32434E+02   0.24871E+02   0.21882E+01   0.25531E+01
   0.31738E+02   0.24264E+02   0.22000E+01   0.25763E+01
   0.31046E+02   0.23661E+02   0.22111E+01   0.25994E+01
   0.30357E+02   0.23061E+02   0.22217E+01   0.26223E+01
   0.29670E+02   0.22464E+02   0.22315E+01   0.26450E+01
   0.28986E+02   0.21869E+02   0.22407E+01   0.26675E+01
   0.28303E+02   0.21277E+02   0.22491E+01   0.26900E+01
   0.27623E+02   0.20688E+02   0.22571E+01   0.27126E+01
   0.26945E+02   0.20101E+02   0.22646E+01   0.27356E+01
   0.26269E+02   0.19516E+02   0.22720E+01   0.27594E+01
   0.25594E+02   0.18934E+02   0.22789E+01   0.27837E+01
   0.24921E+02   0.18353E+02   0.22848E+01   0.28079E+01
   0.24249E+02   0.17773E+02   0.22891E+01   0.28315E+01
   0.23580E+02   0.17196E+02   0.22916E+01   0.28543E+01
   0.22912E+02   0.16620E+02   0.22926E+01   0.28770E+01
   0.22245E+02   0.16045E+02   0.22923E+01   0.29000E+01
   0.21580E+02   0.15472E+02   0.22904E+01   0.29232E+01
   0.20917E+02   0.14900E+02   0.22868E+01   0.29467E+01
   0.20256E+02   0.14329E+02   0.22813E+01   0.29705E+01
   0.19597E+02   0.13759E+02   0.22734E+01   0.29946E+01
   0.18940E+02   0.13190E+02   0.22629E+01   0.30191E+01
   0.18285E+02   0.12622E+02   0.22492E+01   0.30437E+01
   0.17633E+02   0.12055E+02   0.22311E+01   0.30678E+01
   0.16983E+02   0.11489E+02   0.22071E+01   0.30898E+01
   0.16335E+02   0.10924E+02   0.21754E+01   0.31082E+01
   0.15688E+02   0.10359E+02   0.21341E+01   0.31208E+01
   0.15042E+02   0.97955E+01   0.20811E+01   0.31250E+01
   0.14396E+02   0.92322E+01   0.20141E+01   0.31178E+01
   0.13747E+02   0.86695E+01   0.19308E+01   0.30951E+01
   0.13091E+02   0.81073E+01   0.18287E+01   0.30516E+01
   0.12422E+02   0.75457E+01   0.17063E+01   0.29814E+01
   0.11735E+02   0.69846E+01   0.15621E+01   0.28762E+01
   0.11020E+02   0.64239E+01   0.13947E+01   0.27248E+01
   0.10264E+02   0.58636E+01   0.12050E+01   0.25144E+01
   0.94556E+01   0.53037E+01   0.99767E+00   0.22360E+01
   0.85844E+01   0.47442E+01   0.78368E+00   0.18935E+01
   0.76473E+01   0.41850E+01   0.57838E+00   0.15074E+01
   0.66529E+01   0.36261E+01   0.39539E+00   0.11086E+01
   0.56185E+01   0.30676E+01   0.24732E+00   0.74188E+00
   0.45664E+01   0.25093E+01   0.13860E+00   0.44159E+00
   0.35165E+01   0.19513E+01   0.66555E-01   0.22362E+00
   0.24817E+01   0.13935E+01   0.25523E-01   0.89874E-01
   0.14695E+01   0.83595E+00   0.67775E-02   0.24884E-01
   0.48312E+00   0.27861E+00   0.86659E-03   0.33040E-02
