   0.20768E+03   0.17785E+03   0.29770E-01   0.30796E-01
   0.20267E+03   0.17355E+03   0.80598E-01   0.83378E-01
   0.19768E+03   0.16926E+03   0.13116E+00   0.13569E+00
   0.19272E+03   0.16500E+03   0.18225E+00   0.18857E+00
   0.18782E+03   0.16077E+03   0.23246E+00   0.24058E+00
   0.18298E+03   0.15657E+03   0.28039E+00   0.29027E+00
   0.17822E+03   0.15242E+03   0.32661E+00   0.33828E+00
   0.17353E+03   0.14832E+03   0.37167E+00   0.38517E+00
   0.16892E+03   0.14428E+03   0.41583E+00   0.43120E+00
   0.16439E+03   0.14031E+03   0.46011E+00   0.47745E+00
   0.15995E+03   0.13641E+03   0.50544E+00   0.52488E+00
   0.15559E+03   0.13258E+03   0.54890E+00   0.57044E+00
   0.15133E+03   0.12884E+03   0.58734E+00   0.61086E+00
   0.14716E+03   0.12519E+03   0.62408E+00   0.64962E+00
   0.14311E+03   0.12162E+03   0.66275E+00   0.69048E+00
   0.13917E+03   0.11815E+03   0.70445E+00   0.73465E+00
   0.13534E+03   0.11476E+03   0.74997E+00   0.78296E+00
   0.13163E+03   0.11148E+03   0.79859E+00   0.83467E+00
   0.12802E+03   0.10829E+03   0.84574E+00   0.88498E+00
   0.12453E+03   0.10521E+03   0.89003E+00   0.93242E+00
   0.12114E+03   0.10221E+03   0.93229E+00   0.97787E+00
   0.11787E+03   0.99322E+02   0.97303E+00   0.10218E+01
   0.11470E+03   0.96527E+02   0.10119E+01   0.10640E+01
   0.11164E+03   0.93827E+02   0.10473E+01   0.11026E+01
   0.10868E+03   0.91223E+02   0.10797E+01   0.11381E+01
   0.10583E+03   0.88711E+02   0.11098E+01   0.11714E+01
   0.10309E+03   0.86290E+02   0.11378E+01   0.12025E+01
   0.10044E+03   0.83958E+02   0.11649E+01   0.12328E+01
   0.97889E+02   0.81713E+02   0.11911E+01   0.12622E+01
   0.95431E+02   0.79552E+02   0.12154E+01   0.12896E+01
   0.93061E+02   0.77471E+02   0.12381E+01   0.13155E+01
   0.90779E+02   0.75470E+02   0.12609E+01   0.13415E+01
   0.88581E+02   0.73544E+02   0.12854E+01   0.13693E+01
   0.86465E+02   0.71691E+02   0.13113E+01   0.13988E+01
   0.84429E+02   0.69908E+02   0.13377E+01   0.14289E+01
   0.82471E+02   0.68193E+02   0.13646E+01   0.14597E+01
   0.80587E+02   0.66541E+02   0.13920E+01   0.14911E+01
   0.78773E+02   0.64951E+02   0.14187E+01   0.15219E+01
   0.77025E+02   0.63419E+02   0.14440E+01   0.15513E+01
   0.75340E+02   0.61943E+02   0.14681E+01   0.15795E+01
   0.73715E+02   0.60521E+02   0.14914E+01   0.16069E+01
   0.72149E+02   0.59148E+02   0.15144E+01   0.16342E+01
   0.70637E+02   0.57824E+02   0.15373E+01   0.16614E+01
   0.69178E+02   0.56546E+02   0.15606E+01   0.16891E+01
   0.67768E+02   0.55310E+02   0.15843E+01   0.17175E+01
   0.66405E+02   0.54115E+02   0.16081E+01   0.17461E+01
   0.65086E+02   0.52959E+02   0.16315E+01   0.17743E+01
   0.63808E+02   0.51839E+02   0.16543E+01   0.18021E+01
   0.62570E+02   0.50754E+02   0.16767E+01   0.18295E+01
   0.61369E+02   0.49701E+02   0.16987E+01   0.18567E+01
   0.60203E+02   0.48679E+02   0.17202E+01   0.18834E+01
   0.59070E+02   0.47686E+02   0.17410E+01   0.19094E+01
   0.57969E+02   0.46720E+02   0.17609E+01   0.19348E+01
   0.56897E+02   0.45780E+02   0.17799E+01   0.19591E+01
   0.55853E+02   0.44863E+02   0.17978E+01   0.19825E+01
   0.54835E+02   0.43970E+02   0.18147E+01   0.20048E+01
   0.53841E+02   0.43098E+02   0.18308E+01   0.20266E+01
   0.52871E+02   0.42246E+02   0.18465E+01   0.20478E+01
   0.51922E+02   0.41413E+02   0.18615E+01   0.20687E+01
   0.50993E+02   0.40597E+02   0.18760E+01   0.20890E+01
   0.50083E+02   0.39798E+02   0.18900E+01   0.21089E+01
   0.49191E+02   0.39015E+02   0.19038E+01   0.21289E+01
   0.48315E+02   0.38246E+02   0.19178E+01   0.21491E+01
   0.47455E+02   0.37491E+02   0.19319E+01   0.21698E+01
   0.46609E+02   0.36749E+02   0.19463E+01   0.21910E+01
   0.45777E+02   0.36019E+02   0.19609E+01   0.22125E+01
   0.44957E+02   0.35301E+02   0.19755E+01   0.22343E+01
   0.44148E+02   0.34593E+02   0.19906E+01   0.22568E+01
   0.43351E+02   0.33894E+02   0.20059E+01   0.22799E+01
   0.42564E+02   0.33206E+02   0.20216E+01   0.23035E+01
   0.41785E+02   0.32525E+02   0.20374E+01   0.23277E+01
   0.41016E+02   0.31853E+02   0.20536E+01   0.23524E+01
   0.40254E+02   0.31189E+02   0.20700E+01   0.23777E+01
   0.39500E+02   0.30532E+02   0.20867E+01   0.24036E+01
   0.38753E+02   0.29881E+02   0.21035E+01   0.24300E+01
   0.38013E+02   0.29237E+02   0.21203E+01   0.24568E+01
   0.37278E+02   0.28598E+02   0.21371E+01   0.24838E+01
   0.36548E+02   0.27965E+02   0.21536E+01   0.25109E+01
   0.35824E+02   0.27337E+02   0.21700E+01   0.25382E+01
   0.35104E+02   0.26714E+02   0.21860E+01   0.25656E+01
   0.34388E+02   0.26096E+02   0.22016E+01   0.25929E+01
   0.33676E+02   0.25481E+02   0.22166E+01   0.26199E+01
   0.32968E+02   0.24871E+02   0.22308E+01   0.26466E+01
   0.32263E+02   0.24264E+02   0.22442E+01   0.26728E+01
   0.31560E+02   0.23661E+02   0.22570E+01   0.26988E+01
   0.30860E+02   0.23061E+02   0.22694E+01   0.27249E+01
   0.30162E+02   0.22464E+02   0.22814E+01   0.27512E+01
   0.29466E+02   0.21869E+02   0.22933E+01   0.27780E+01
   0.28773E+02   0.21277E+02   0.23052E+01   0.28056E+01
   0.28080E+02   0.20688E+02   0.23170E+01   0.28340E+01
   0.27390E+02   0.20101E+02   0.23287E+01   0.28631E+01
   0.26701E+02   0.19516E+02   0.23400E+01   0.28927E+01
   0.26014E+02   0.18934E+02   0.23504E+01   0.29225E+01
   0.25328E+02   0.18353E+02   0.23601E+01   0.29527E+01
   0.24644E+02   0.17773E+02   0.23689E+01   0.29832E+01
   0.23961E+02   0.17196E+02   0.23768E+01   0.30143E+01
   0.23279E+02   0.16620E+02   0.23836E+01   0.30458E+01
   0.22599E+02   0.16045E+02   0.23888E+01   0.30773E+01
   0.21920E+02   0.15472E+02   0.23917E+01   0.31083E+01
   0.21242E+02   0.14900E+02   0.23916E+01   0.31381E+01
   0.20566E+02   0.14329E+02   0.23877E+01   0.31659E+01
   0.19890E+02   0.13759E+02   0.23792E+01   0.31908E+01
   0.19216E+02   0.13190E+02   0.23651E+01   0.32122E+01
   0.18543E+02   0.12622E+02   0.23448E+01   0.32292E+01
   0.17871E+02   0.12055E+02   0.23185E+01   0.32428E+01
   0.17201E+02   0.11489E+02   0.22873E+01   0.32550E+01
   0.16531E+02   0.10924E+02   0.22513E+01   0.32670E+01
   0.15862E+02   0.10359E+02   0.22089E+01   0.32771E+01
   0.15193E+02   0.97955E+01   0.21565E+01   0.32806E+01
   0.14521E+02   0.92322E+01   0.20903E+01   0.32719E+01
   0.13846E+02   0.86695E+01   0.20065E+01   0.32451E+01
   0.13164E+02   0.81073E+01   0.19025E+01   0.31940E+01
   0.12473E+02   0.75457E+01   0.17764E+01   0.31131E+01
   0.11765E+02   0.69846E+01   0.16272E+01   0.29949E+01
   0.11033E+02   0.64239E+01   0.14540E+01   0.28294E+01
   0.10266E+02   0.58636E+01   0.12573E+01   0.26047E+01
   0.94537E+01   0.53037E+01   0.10425E+01   0.23135E+01
   0.85843E+01   0.47442E+01   0.81947E+00   0.19574E+01
   0.76527E+01   0.41850E+01   0.60285E+00   0.15528E+01
   0.66634E+01   0.36261E+01   0.40977E+00   0.11363E+01
   0.56322E+01   0.30676E+01   0.25293E+00   0.75137E+00
   0.45804E+01   0.25093E+01   0.13801E+00   0.43612E+00
   0.35284E+01   0.19513E+01   0.64588E-01   0.21550E+00
   0.24906E+01   0.13935E+01   0.24420E-01   0.85455E-01
   0.14749E+01   0.83595E+00   0.63951E-02   0.23346E-01
   0.48491E+00   0.27861E+00   0.78757E-03   0.29870E-02
