   0.20084E+03   0.17785E+03   0.15839E-01   0.16095E-01
   0.19600E+03   0.17355E+03   0.45975E-01   0.46722E-01
   0.19118E+03   0.16926E+03   0.76766E-01   0.78022E-01
   0.18639E+03   0.16500E+03   0.10664E+00   0.10840E+00
   0.18163E+03   0.16077E+03   0.13571E+00   0.13797E+00
   0.17694E+03   0.15657E+03   0.16494E+00   0.16772E+00
   0.17230E+03   0.15242E+03   0.19431E+00   0.19764E+00
   0.16773E+03   0.14832E+03   0.22343E+00   0.22734E+00
   0.16323E+03   0.14428E+03   0.25112E+00   0.25561E+00
   0.15881E+03   0.14031E+03   0.27761E+00   0.28271E+00
   0.15448E+03   0.13641E+03   0.30385E+00   0.30957E+00
   0.15024E+03   0.13258E+03   0.33063E+00   0.33704E+00
   0.14610E+03   0.12884E+03   0.35888E+00   0.36606E+00
   0.14206E+03   0.12519E+03   0.38801E+00   0.39604E+00
   0.13812E+03   0.12162E+03   0.41736E+00   0.42630E+00
   0.13429E+03   0.11815E+03   0.44749E+00   0.45742E+00
   0.13056E+03   0.11476E+03   0.47807E+00   0.48905E+00
   0.12693E+03   0.11148E+03   0.50830E+00   0.52036E+00
   0.12340E+03   0.10829E+03   0.53816E+00   0.55136E+00
   0.11999E+03   0.10521E+03   0.56660E+00   0.58094E+00
   0.11667E+03   0.10221E+03   0.59320E+00   0.60869E+00
   0.11347E+03   0.99322E+02   0.61816E+00   0.63480E+00
   0.11038E+03   0.96527E+02   0.64232E+00   0.66015E+00
   0.10739E+03   0.93827E+02   0.66538E+00   0.68443E+00
   0.10451E+03   0.91223E+02   0.68719E+00   0.70748E+00
   0.10173E+03   0.88711E+02   0.70848E+00   0.73004E+00
   0.99047E+02   0.86290E+02   0.73022E+00   0.75313E+00
   0.96465E+02   0.83958E+02   0.75370E+00   0.77805E+00
   0.93979E+02   0.81713E+02   0.77881E+00   0.80472E+00
   0.91584E+02   0.79552E+02   0.80439E+00   0.83193E+00
   0.89279E+02   0.77471E+02   0.82903E+00   0.85822E+00
   0.87060E+02   0.75470E+02   0.85190E+00   0.88274E+00
   0.84923E+02   0.73544E+02   0.87318E+00   0.90565E+00
   0.82866E+02   0.71691E+02   0.89342E+00   0.92752E+00
   0.80886E+02   0.69908E+02   0.91330E+00   0.94905E+00
   0.78980E+02   0.68193E+02   0.93323E+00   0.97069E+00
   0.77144E+02   0.66541E+02   0.95337E+00   0.99259E+00
   0.75376E+02   0.64951E+02   0.97378E+00   0.10148E+01
   0.73672E+02   0.63419E+02   0.99435E+00   0.10372E+01
   0.72030E+02   0.61943E+02   0.10151E+01   0.10599E+01
   0.70447E+02   0.60521E+02   0.10361E+01   0.10829E+01
   0.68920E+02   0.59148E+02   0.10572E+01   0.11061E+01
   0.67445E+02   0.57824E+02   0.10778E+01   0.11287E+01
   0.66020E+02   0.56546E+02   0.10974E+01   0.11504E+01
   0.64642E+02   0.55310E+02   0.11157E+01   0.11708E+01
   0.63310E+02   0.54115E+02   0.11330E+01   0.11901E+01
   0.62019E+02   0.52959E+02   0.11495E+01   0.12086E+01
   0.60769E+02   0.51839E+02   0.11654E+01   0.12265E+01
   0.59557E+02   0.50754E+02   0.11810E+01   0.12442E+01
   0.58381E+02   0.49701E+02   0.11962E+01   0.12616E+01
   0.57239E+02   0.48679E+02   0.12113E+01   0.12788E+01
   0.56129E+02   0.47686E+02   0.12264E+01   0.12961E+01
   0.55050E+02   0.46720E+02   0.12416E+01   0.13136E+01
   0.53999E+02   0.45780E+02   0.12569E+01   0.13312E+01
   0.52975E+02   0.44863E+02   0.12720E+01   0.13487E+01
   0.51977E+02   0.43970E+02   0.12870E+01   0.13661E+01
   0.51002E+02   0.43098E+02   0.13019E+01   0.13834E+01
   0.50050E+02   0.42246E+02   0.13167E+01   0.14008E+01
   0.49119E+02   0.41413E+02   0.13318E+01   0.14185E+01
   0.48208E+02   0.40597E+02   0.13470E+01   0.14365E+01
   0.47316E+02   0.39798E+02   0.13626E+01   0.14549E+01
   0.46441E+02   0.39015E+02   0.13786E+01   0.14739E+01
   0.45582E+02   0.38246E+02   0.13951E+01   0.14934E+01
   0.44739E+02   0.37491E+02   0.14117E+01   0.15133E+01
   0.43911E+02   0.36749E+02   0.14285E+01   0.15334E+01
   0.43095E+02   0.36019E+02   0.14453E+01   0.15535E+01
   0.42292E+02   0.35301E+02   0.14619E+01   0.15737E+01
   0.41501E+02   0.34593E+02   0.14786E+01   0.15940E+01
   0.40721E+02   0.33894E+02   0.14953E+01   0.16144E+01
   0.39952E+02   0.33206E+02   0.15121E+01   0.16351E+01
   0.39192E+02   0.32525E+02   0.15291E+01   0.16562E+01
   0.38441E+02   0.31853E+02   0.15463E+01   0.16776E+01
   0.37699E+02   0.31189E+02   0.15635E+01   0.16993E+01
   0.36965E+02   0.30532E+02   0.15809E+01   0.17212E+01
   0.36239E+02   0.29881E+02   0.15985E+01   0.17436E+01
   0.35520E+02   0.29237E+02   0.16163E+01   0.17665E+01
   0.34807E+02   0.28598E+02   0.16345E+01   0.17899E+01
   0.34101E+02   0.27965E+02   0.16529E+01   0.18139E+01
   0.33401E+02   0.27337E+02   0.16715E+01   0.18384E+01
   0.32706E+02   0.26714E+02   0.16902E+01   0.18632E+01
   0.32016E+02   0.26096E+02   0.17089E+01   0.18883E+01
   0.31331E+02   0.25481E+02   0.17277E+01   0.19138E+01
   0.30651E+02   0.24871E+02   0.17463E+01   0.19396E+01
   0.29976E+02   0.24264E+02   0.17651E+01   0.19659E+01
   0.29304E+02   0.23661E+02   0.17840E+01   0.19928E+01
   0.28637E+02   0.23061E+02   0.18031E+01   0.20204E+01
   0.27973E+02   0.22464E+02   0.18223E+01   0.20487E+01
   0.27313E+02   0.21869E+02   0.18415E+01   0.20775E+01
   0.26657E+02   0.21277E+02   0.18604E+01   0.21067E+01
   0.26004E+02   0.20688E+02   0.18789E+01   0.21360E+01
   0.25353E+02   0.20101E+02   0.18964E+01   0.21650E+01
   0.24707E+02   0.19516E+02   0.19126E+01   0.21934E+01
   0.24063E+02   0.18934E+02   0.19272E+01   0.22209E+01
   0.23422E+02   0.18353E+02   0.19400E+01   0.22475E+01
   0.22784E+02   0.17773E+02   0.19508E+01   0.22729E+01
   0.22149E+02   0.17196E+02   0.19595E+01   0.22972E+01
   0.21518E+02   0.16620E+02   0.19659E+01   0.23202E+01
   0.20890E+02   0.16045E+02   0.19698E+01   0.23420E+01
   0.20265E+02   0.15472E+02   0.19710E+01   0.23625E+01
   0.19643E+02   0.14900E+02   0.19695E+01   0.23820E+01
   0.19025E+02   0.14329E+02   0.19654E+01   0.24008E+01
   0.18411E+02   0.13759E+02   0.19588E+01   0.24194E+01
   0.17801E+02   0.13190E+02   0.19492E+01   0.24378E+01
   0.17196E+02   0.12622E+02   0.19359E+01   0.24555E+01
   0.16595E+02   0.12055E+02   0.19179E+01   0.24717E+01
   0.15998E+02   0.11489E+02   0.18940E+01   0.24857E+01
   0.15406E+02   0.10924E+02   0.18631E+01   0.24966E+01
   0.14818E+02   0.10359E+02   0.18236E+01   0.25029E+01
   0.14234E+02   0.97955E+01   0.17743E+01   0.25034E+01
   0.13652E+02   0.92322E+01   0.17133E+01   0.24957E+01
   0.13071E+02   0.86695E+01   0.16377E+01   0.24755E+01
   0.12487E+02   0.81073E+01   0.15444E+01   0.24371E+01
   0.11895E+02   0.75457E+01   0.14315E+01   0.23742E+01
   0.11288E+02   0.69846E+01   0.12980E+01   0.22802E+01
   0.10656E+02   0.64239E+01   0.11433E+01   0.21451E+01
   0.99810E+01   0.58636E+01   0.96995E+00   0.19595E+01
   0.92468E+01   0.53037E+01   0.78336E+00   0.17157E+01
   0.84378E+01   0.47442E+01   0.59535E+00   0.14200E+01
   0.75449E+01   0.41850E+01   0.42067E+00   0.10928E+01
   0.65744E+01   0.36261E+01   0.27341E+00   0.76948E+00
   0.55521E+01   0.30676E+01   0.16284E+00   0.49189E+00
   0.45097E+01   0.25093E+01   0.87913E-01   0.28219E+00
   0.34709E+01   0.19513E+01   0.41793E-01   0.14137E+00
   0.24488E+01   0.13935E+01   0.16278E-01   0.57657E-01
   0.14498E+01   0.83595E+00   0.44735E-02   0.16510E-01
   0.47661E+00   0.27861E+00   0.59607E-03   0.22834E-02
