   0.17942E+03   0.17785E+03   0.20335E-22   0.20335E-22
   0.17508E+03   0.17355E+03   0.35301E-22   0.35301E-22
   0.17076E+03   0.16926E+03   0.41324E-22   0.41324E-22
   0.16646E+03   0.16500E+03  -0.10590E-21  -0.10590E-21
   0.16219E+03   0.16077E+03  -0.60605E-21  -0.60605E-21
   0.15795E+03   0.15657E+03  -0.56965E-21  -0.56965E-21
   0.15376E+03   0.15242E+03   0.31156E-20   0.31156E-20
   0.14963E+03   0.14832E+03   0.65054E-20   0.65054E-20
   0.14556E+03   0.14428E+03  -0.19333E-19  -0.19333E-19
   0.14155E+03   0.14031E+03  -0.70336E-19  -0.70336E-19
   0.13761E+03   0.13641E+03   0.89217E-20   0.89217E-20
   0.13376E+03   0.13258E+03   0.68371E-18   0.68371E-18
   0.12998E+03   0.12884E+03   0.34256E-17   0.34256E-17
   0.12629E+03   0.12519E+03   0.67344E-17   0.67344E-17
   0.12269E+03   0.12162E+03   0.29829E-18   0.29829E-18
   0.11919E+03   0.11815E+03   0.10168E-16   0.10168E-16
   0.11578E+03   0.11476E+03   0.53195E-14   0.53195E-14
   0.11247E+03   0.11148E+03   0.29006E-12   0.29006E-12
   0.10925E+03   0.10829E+03   0.31245E-11   0.31245E-11
   0.10613E+03   0.10521E+03   0.25337E-10   0.25337E-10
   0.10312E+03   0.10221E+03   0.47457E-09   0.47457E-09
   0.10020E+03   0.99322E+02   0.23930E-07   0.23930E-07
   0.97379E+02   0.96527E+02   0.20028E-06   0.20028E-06
   0.94656E+02   0.93827E+02   0.70744E-06   0.70744E-06
   0.92028E+02   0.91223E+02   0.18188E-05   0.18188E-05
   0.89494E+02   0.88711E+02   0.38588E-05   0.38588E-05
   0.87052E+02   0.86290E+02   0.72653E-05   0.72653E-05
   0.84700E+02   0.83958E+02   0.14057E-04   0.14057E-04
   0.82435E+02   0.81713E+02   0.27126E-04   0.27126E-04
   0.80254E+02   0.79552E+02   0.46079E-04   0.46079E-04
   0.78156E+02   0.77471E+02   0.68548E-04   0.68548E-04
   0.76137E+02   0.75470E+02   0.97311E-04   0.97311E-04
   0.74194E+02   0.73544E+02   0.13944E-03   0.13944E-03
   0.72325E+02   0.71691E+02   0.20144E-03   0.20144E-03
   0.70526E+02   0.69908E+02   0.28654E-03   0.28654E-03
   0.68795E+02   0.68193E+02   0.39472E-03   0.39472E-03
   0.67129E+02   0.66541E+02   0.52555E-03   0.52555E-03
   0.65525E+02   0.64951E+02   0.68226E-03   0.68226E-03
   0.63980E+02   0.63419E+02   0.87315E-03   0.87315E-03
   0.62491E+02   0.61943E+02   0.11068E-02   0.11068E-02
   0.61056E+02   0.60521E+02   0.13873E-02   0.13873E-02
   0.59671E+02   0.59148E+02   0.17167E-02   0.17167E-02
   0.58336E+02   0.57824E+02   0.20950E-02   0.20950E-02
   0.57046E+02   0.56546E+02   0.25285E-02   0.25285E-02
   0.55799E+02   0.55310E+02   0.30289E-02   0.30289E-02
   0.54594E+02   0.54115E+02   0.36156E-02   0.36157E-02
   0.53428E+02   0.52959E+02   0.43101E-02   0.43102E-02
   0.52298E+02   0.51839E+02   0.51304E-02   0.51305E-02
   0.51204E+02   0.50754E+02   0.60869E-02   0.60871E-02
   0.50142E+02   0.49701E+02   0.71884E-02   0.71886E-02
   0.49111E+02   0.48679E+02   0.84445E-02   0.84448E-02
   0.48109E+02   0.47686E+02   0.98615E-02   0.98619E-02
   0.47135E+02   0.46720E+02   0.11441E-01   0.11441E-01
   0.46187E+02   0.45780E+02   0.13175E-01   0.13176E-01
   0.45263E+02   0.44863E+02   0.15053E-01   0.15054E-01
   0.44362E+02   0.43970E+02   0.17061E-01   0.17062E-01
   0.43483E+02   0.43098E+02   0.19192E-01   0.19194E-01
   0.42624E+02   0.42246E+02   0.21457E-01   0.21459E-01
   0.41784E+02   0.41413E+02   0.23870E-01   0.23873E-01
   0.40962E+02   0.40597E+02   0.26452E-01   0.26455E-01
   0.40157E+02   0.39798E+02   0.29221E-01   0.29225E-01
   0.39367E+02   0.39015E+02   0.32195E-01   0.32200E-01
   0.38592E+02   0.38246E+02   0.35388E-01   0.35395E-01
   0.37831E+02   0.37491E+02   0.38819E-01   0.38827E-01
   0.37084E+02   0.36749E+02   0.42508E-01   0.42517E-01
   0.36348E+02   0.36019E+02   0.46470E-01   0.46481E-01
   0.35624E+02   0.35301E+02   0.50721E-01   0.50735E-01
   0.34910E+02   0.34593E+02   0.55271E-01   0.55288E-01
   0.34207E+02   0.33894E+02   0.60132E-01   0.60151E-01
   0.33513E+02   0.33206E+02   0.65316E-01   0.65340E-01
   0.32828E+02   0.32525E+02   0.70838E-01   0.70866E-01
   0.32151E+02   0.31853E+02   0.76713E-01   0.76747E-01
   0.31483E+02   0.31189E+02   0.82960E-01   0.83000E-01
   0.30821E+02   0.30532E+02   0.89597E-01   0.89645E-01
   0.30166E+02   0.29881E+02   0.96642E-01   0.96699E-01
   0.29518E+02   0.29237E+02   0.10411E+00   0.10418E+00
   0.28875E+02   0.28598E+02   0.11203E+00   0.11211E+00
   0.28238E+02   0.27965E+02   0.12040E+00   0.12050E+00
   0.27607E+02   0.27337E+02   0.12925E+00   0.12936E+00
   0.26980E+02   0.26714E+02   0.13858E+00   0.13871E+00
   0.26358E+02   0.26096E+02   0.14841E+00   0.14856E+00
   0.25741E+02   0.25481E+02   0.15876E+00   0.15894E+00
   0.25127E+02   0.24871E+02   0.16964E+00   0.16985E+00
   0.24518E+02   0.24264E+02   0.18106E+00   0.18131E+00
   0.23912E+02   0.23661E+02   0.19305E+00   0.19334E+00
   0.23309E+02   0.23061E+02   0.20564E+00   0.20598E+00
   0.22710E+02   0.22464E+02   0.21885E+00   0.21924E+00
   0.22114E+02   0.21869E+02   0.23272E+00   0.23318E+00
   0.21520E+02   0.21277E+02   0.24731E+00   0.24784E+00
   0.20930E+02   0.20688E+02   0.26268E+00   0.26331E+00
   0.20342E+02   0.20101E+02   0.27890E+00   0.27964E+00
   0.19756E+02   0.19516E+02   0.29602E+00   0.29688E+00
   0.19173E+02   0.18934E+02   0.31409E+00   0.31510E+00
   0.18592E+02   0.18353E+02   0.33315E+00   0.33434E+00
   0.18013E+02   0.17773E+02   0.35323E+00   0.35463E+00
   0.17436E+02   0.17196E+02   0.37438E+00   0.37603E+00
   0.16862E+02   0.16620E+02   0.39662E+00   0.39856E+00
   0.16289E+02   0.16045E+02   0.41997E+00   0.42226E+00
   0.15718E+02   0.15472E+02   0.44441E+00   0.44712E+00
   0.15150E+02   0.14900E+02   0.46992E+00   0.47312E+00
   0.14583E+02   0.14329E+02   0.49642E+00   0.50022E+00
   0.14018E+02   0.13759E+02   0.52379E+00   0.52831E+00
   0.13456E+02   0.13190E+02   0.55191E+00   0.55730E+00
   0.12895E+02   0.12622E+02   0.58059E+00   0.58701E+00
   0.12337E+02   0.12055E+02   0.60959E+00   0.61726E+00
   0.11781E+02   0.11489E+02   0.63858E+00   0.64777E+00
   0.11227E+02   0.10924E+02   0.66718E+00   0.67820E+00
   0.10676E+02   0.10359E+02   0.69485E+00   0.70808E+00
   0.10127E+02   0.97955E+01   0.72095E+00   0.73684E+00
   0.95816E+01   0.92322E+01   0.74466E+00   0.76378E+00
   0.90390E+01   0.86695E+01   0.76501E+00   0.78800E+00
   0.84995E+01   0.81073E+01   0.78092E+00   0.80856E+00
   0.79634E+01   0.75457E+01   0.79124E+00   0.82445E+00
   0.74309E+01   0.69846E+01   0.79482E+00   0.83469E+00
   0.69023E+01   0.64239E+01   0.79054E+00   0.83837E+00
   0.63777E+01   0.58636E+01   0.77733E+00   0.83468E+00
   0.58575E+01   0.53037E+01   0.75402E+00   0.82283E+00
   0.53422E+01   0.47442E+01   0.71897E+00   0.80162E+00
   0.48320E+01   0.41850E+01   0.66953E+00   0.76880E+00
   0.43264E+01   0.36261E+01   0.60135E+00   0.71981E+00
   0.38214E+01   0.30676E+01   0.50941E+00   0.64729E+00
   0.33050E+01   0.25093E+01   0.39166E+00   0.54206E+00
   0.27488E+01   0.19513E+01   0.25558E+00   0.39748E+00
   0.21074E+01   0.13935E+01   0.12482E+00   0.22441E+00
   0.13408E+01   0.83595E+00   0.34839E-01   0.73154E-01
   0.46177E+00   0.27861E+00   0.32538E-02   0.78280E-02
