   0.19126E+03   0.17785E+03   0.70956E-02   0.71035E-02
   0.18665E+03   0.17355E+03   0.20885E-01   0.20909E-01
   0.18205E+03   0.16926E+03   0.36158E-01   0.36202E-01
   0.17747E+03   0.16500E+03   0.50988E-01   0.51052E-01
   0.17293E+03   0.16077E+03   0.64342E-01   0.64427E-01
   0.16844E+03   0.15657E+03   0.77336E-01   0.77445E-01
   0.16399E+03   0.15242E+03   0.91146E-01   0.91285E-01
   0.15960E+03   0.14832E+03   0.10626E+00   0.10644E+00
   0.15528E+03   0.14428E+03   0.12234E+00   0.12255E+00
   0.15104E+03   0.14031E+03   0.13890E+00   0.13917E+00
   0.14687E+03   0.13641E+03   0.15604E+00   0.15636E+00
   0.14278E+03   0.13258E+03   0.17436E+00   0.17476E+00
   0.13879E+03   0.12884E+03   0.19368E+00   0.19417E+00
   0.13489E+03   0.12519E+03   0.21328E+00   0.21387E+00
   0.13108E+03   0.12162E+03   0.23297E+00   0.23366E+00
   0.12738E+03   0.11815E+03   0.25308E+00   0.25391E+00
   0.12378E+03   0.11476E+03   0.27454E+00   0.27551E+00
   0.12028E+03   0.11148E+03   0.29764E+00   0.29879E+00
   0.11689E+03   0.10829E+03   0.32201E+00   0.32336E+00
   0.11360E+03   0.10521E+03   0.34722E+00   0.34880E+00
   0.11042E+03   0.10221E+03   0.37199E+00   0.37382E+00
   0.10734E+03   0.99322E+02   0.39565E+00   0.39775E+00
   0.10437E+03   0.96527E+02   0.41854E+00   0.42092E+00
   0.10149E+03   0.93827E+02   0.44105E+00   0.44373E+00
   0.98720E+02   0.91223E+02   0.46386E+00   0.46686E+00
   0.96047E+02   0.88711E+02   0.48707E+00   0.49042E+00
   0.93471E+02   0.86290E+02   0.51045E+00   0.51417E+00
   0.90991E+02   0.83958E+02   0.53371E+00   0.53783E+00
   0.88602E+02   0.81713E+02   0.55661E+00   0.56116E+00
   0.86304E+02   0.79552E+02   0.57953E+00   0.58453E+00
   0.84092E+02   0.77471E+02   0.60240E+00   0.60789E+00
   0.81964E+02   0.75470E+02   0.62503E+00   0.63102E+00
   0.79916E+02   0.73544E+02   0.64744E+00   0.65396E+00
   0.77946E+02   0.71691E+02   0.66946E+00   0.67653E+00
   0.76050E+02   0.69908E+02   0.69078E+00   0.69842E+00
   0.74224E+02   0.68193E+02   0.71142E+00   0.71964E+00
   0.72466E+02   0.66541E+02   0.73175E+00   0.74057E+00
   0.70774E+02   0.64951E+02   0.75207E+00   0.76151E+00
   0.69143E+02   0.63419E+02   0.77256E+00   0.78265E+00
   0.67573E+02   0.61943E+02   0.79315E+00   0.80391E+00
   0.66058E+02   0.60521E+02   0.81358E+00   0.82505E+00
   0.64597E+02   0.59148E+02   0.83374E+00   0.84592E+00
   0.63187E+02   0.57824E+02   0.85358E+00   0.86649E+00
   0.61825E+02   0.56546E+02   0.87298E+00   0.88664E+00
   0.60508E+02   0.55310E+02   0.89191E+00   0.90633E+00
   0.59234E+02   0.54115E+02   0.91042E+00   0.92562E+00
   0.58001E+02   0.52959E+02   0.92853E+00   0.94452E+00
   0.56807E+02   0.51839E+02   0.94619E+00   0.96298E+00
   0.55649E+02   0.50754E+02   0.96329E+00   0.98090E+00
   0.54526E+02   0.49701E+02   0.97988E+00   0.99831E+00
   0.53435E+02   0.48679E+02   0.99598E+00   0.10152E+01
   0.52375E+02   0.47686E+02   0.10115E+01   0.10317E+01
   0.51343E+02   0.46720E+02   0.10266E+01   0.10475E+01
   0.50339E+02   0.45780E+02   0.10411E+01   0.10629E+01
   0.49361E+02   0.44863E+02   0.10551E+01   0.10779E+01
   0.48406E+02   0.43970E+02   0.10688E+01   0.10924E+01
   0.47474E+02   0.43098E+02   0.10821E+01   0.11067E+01
   0.46564E+02   0.42246E+02   0.10951E+01   0.11206E+01
   0.45673E+02   0.41413E+02   0.11079E+01   0.11343E+01
   0.44801E+02   0.40597E+02   0.11204E+01   0.11478E+01
   0.43947E+02   0.39798E+02   0.11328E+01   0.11611E+01
   0.43109E+02   0.39015E+02   0.11449E+01   0.11743E+01
   0.42287E+02   0.38246E+02   0.11569E+01   0.11873E+01
   0.41479E+02   0.37491E+02   0.11687E+01   0.12002E+01
   0.40684E+02   0.36749E+02   0.11805E+01   0.12130E+01
   0.39903E+02   0.36019E+02   0.11921E+01   0.12258E+01
   0.39133E+02   0.35301E+02   0.12036E+01   0.12384E+01
   0.38374E+02   0.34593E+02   0.12151E+01   0.12511E+01
   0.37627E+02   0.33894E+02   0.12265E+01   0.12637E+01
   0.36888E+02   0.33206E+02   0.12380E+01   0.12764E+01
   0.36160E+02   0.32525E+02   0.12496E+01   0.12893E+01
   0.35439E+02   0.31853E+02   0.12612E+01   0.13023E+01
   0.34727E+02   0.31189E+02   0.12730E+01   0.13155E+01
   0.34023E+02   0.30532E+02   0.12849E+01   0.13288E+01
   0.33326E+02   0.29881E+02   0.12969E+01   0.13423E+01
   0.32636E+02   0.29237E+02   0.13088E+01   0.13558E+01
   0.31952E+02   0.28598E+02   0.13208E+01   0.13695E+01
   0.31274E+02   0.27965E+02   0.13328E+01   0.13832E+01
   0.30601E+02   0.27337E+02   0.13447E+01   0.13969E+01
   0.29934E+02   0.26714E+02   0.13566E+01   0.14107E+01
   0.29272E+02   0.26096E+02   0.13684E+01   0.14245E+01
   0.28614E+02   0.25481E+02   0.13802E+01   0.14383E+01
   0.27960E+02   0.24871E+02   0.13919E+01   0.14522E+01
   0.27311E+02   0.24264E+02   0.14036E+01   0.14662E+01
   0.26665E+02   0.23661E+02   0.14152E+01   0.14803E+01
   0.26023E+02   0.23061E+02   0.14267E+01   0.14944E+01
   0.25385E+02   0.22464E+02   0.14383E+01   0.15087E+01
   0.24749E+02   0.21869E+02   0.14500E+01   0.15232E+01
   0.24117E+02   0.21277E+02   0.14618E+01   0.15382E+01
   0.23488E+02   0.20688E+02   0.14738E+01   0.15535E+01
   0.22862E+02   0.20101E+02   0.14860E+01   0.15693E+01
   0.22238E+02   0.19516E+02   0.14984E+01   0.15855E+01
   0.21617E+02   0.18934E+02   0.15107E+01   0.16020E+01
   0.20998E+02   0.18353E+02   0.15230E+01   0.16187E+01
   0.20382E+02   0.17773E+02   0.15350E+01   0.16357E+01
   0.19768E+02   0.17196E+02   0.15468E+01   0.16527E+01
   0.19157E+02   0.16620E+02   0.15582E+01   0.16698E+01
   0.18547E+02   0.16045E+02   0.15688E+01   0.16867E+01
   0.17941E+02   0.15472E+02   0.15786E+01   0.17032E+01
   0.17336E+02   0.14900E+02   0.15872E+01   0.17192E+01
   0.16734E+02   0.14329E+02   0.15942E+01   0.17344E+01
   0.16134E+02   0.13759E+02   0.15995E+01   0.17485E+01
   0.15536E+02   0.13190E+02   0.16025E+01   0.17614E+01
   0.14942E+02   0.12622E+02   0.16029E+01   0.17726E+01
   0.14350E+02   0.12055E+02   0.16003E+01   0.17820E+01
   0.13761E+02   0.11489E+02   0.15940E+01   0.17891E+01
   0.13176E+02   0.10924E+02   0.15836E+01   0.17936E+01
   0.12594E+02   0.10359E+02   0.15683E+01   0.17950E+01
   0.12017E+02   0.97955E+01   0.15469E+01   0.17924E+01
   0.11444E+02   0.92322E+01   0.15182E+01   0.17847E+01
   0.10876E+02   0.86695E+01   0.14808E+01   0.17706E+01
   0.10312E+02   0.81073E+01   0.14339E+01   0.17497E+01
   0.97546E+01   0.75457E+01   0.13759E+01   0.17206E+01
   0.92016E+01   0.69846E+01   0.13049E+01   0.16808E+01
   0.86526E+01   0.64239E+01   0.12180E+01   0.16266E+01
   0.81051E+01   0.58636E+01   0.11132E+01   0.15539E+01
   0.75540E+01   0.53037E+01   0.98918E+00   0.14574E+01
   0.69913E+01   0.47442E+01   0.84547E+00   0.13300E+01
   0.64047E+01   0.41850E+01   0.68449E+00   0.11649E+01
   0.57743E+01   0.36261E+01   0.51474E+00   0.96083E+00
   0.50751E+01   0.30676E+01   0.35014E+00   0.72501E+00
   0.42864E+01   0.25093E+01   0.20587E+00   0.47558E+00
   0.34043E+01   0.19513E+01   0.97373E-01   0.25015E+00
   0.24509E+01   0.13935E+01   0.33936E-01   0.95695E-01
   0.14666E+01   0.83595E+00   0.79378E-02   0.24136E-01
   0.48476E+00   0.27861E+00   0.95635E-03   0.30894E-02
