   0.19144E+03   0.17785E+03   0.87165E-02   0.87285E-02
   0.18682E+03   0.17355E+03   0.25051E-01   0.25086E-01
   0.18222E+03   0.16926E+03   0.41133E-01   0.41192E-01
   0.17764E+03   0.16500E+03   0.56178E-01   0.56263E-01
   0.17309E+03   0.16077E+03   0.70294E-01   0.70404E-01
   0.16859E+03   0.15657E+03   0.83746E-01   0.83885E-01
   0.16414E+03   0.15242E+03   0.97820E-01   0.97993E-01
   0.15975E+03   0.14832E+03   0.11326E+00   0.11347E+00
   0.15543E+03   0.14428E+03   0.12993E+00   0.13019E+00
   0.15118E+03   0.14031E+03   0.14774E+00   0.14807E+00
   0.14701E+03   0.13641E+03   0.16603E+00   0.16642E+00
   0.14293E+03   0.13258E+03   0.18509E+00   0.18557E+00
   0.13893E+03   0.12884E+03   0.20588E+00   0.20646E+00
   0.13503E+03   0.12519E+03   0.22787E+00   0.22858E+00
   0.13122E+03   0.12162E+03   0.25036E+00   0.25120E+00
   0.12752E+03   0.11815E+03   0.27403E+00   0.27503E+00
   0.12392E+03   0.11476E+03   0.29891E+00   0.30011E+00
   0.12042E+03   0.11148E+03   0.32381E+00   0.32522E+00
   0.11703E+03   0.10829E+03   0.34792E+00   0.34955E+00
   0.11374E+03   0.10521E+03   0.37189E+00   0.37377E+00
   0.11055E+03   0.10221E+03   0.39591E+00   0.39806E+00
   0.10747E+03   0.99322E+02   0.41965E+00   0.42209E+00
   0.10450E+03   0.96527E+02   0.44290E+00   0.44566E+00
   0.10162E+03   0.93827E+02   0.46579E+00   0.46888E+00
   0.98850E+02   0.91223E+02   0.48847E+00   0.49192E+00
   0.96176E+02   0.88711E+02   0.51113E+00   0.51495E+00
   0.93599E+02   0.86290E+02   0.53374E+00   0.53798E+00
   0.91117E+02   0.83958E+02   0.55603E+00   0.56070E+00
   0.88727E+02   0.81713E+02   0.57784E+00   0.58296E+00
   0.86427E+02   0.79552E+02   0.59902E+00   0.60461E+00
   0.84213E+02   0.77471E+02   0.61980E+00   0.62588E+00
   0.82082E+02   0.75470E+02   0.64030E+00   0.64689E+00
   0.80031E+02   0.73544E+02   0.66061E+00   0.66774E+00
   0.78059E+02   0.71691E+02   0.68091E+00   0.68860E+00
   0.76160E+02   0.69908E+02   0.70141E+00   0.70968E+00
   0.74334E+02   0.68193E+02   0.72222E+00   0.73111E+00
   0.72575E+02   0.66541E+02   0.74327E+00   0.75281E+00
   0.70883E+02   0.64951E+02   0.76450E+00   0.77471E+00
   0.69252E+02   0.63419E+02   0.78592E+00   0.79684E+00
   0.67681E+02   0.61943E+02   0.80732E+00   0.81898E+00
   0.66165E+02   0.60521E+02   0.82836E+00   0.84077E+00
   0.64703E+02   0.59148E+02   0.84882E+00   0.86199E+00
   0.63292E+02   0.57824E+02   0.86853E+00   0.88247E+00
   0.61928E+02   0.56546E+02   0.88747E+00   0.90220E+00
   0.60610E+02   0.55310E+02   0.90575E+00   0.92126E+00
   0.59335E+02   0.54115E+02   0.92341E+00   0.93973E+00
   0.58100E+02   0.52959E+02   0.94048E+00   0.95760E+00
   0.56904E+02   0.51839E+02   0.95687E+00   0.97481E+00
   0.55745E+02   0.50754E+02   0.97264E+00   0.99139E+00
   0.54620E+02   0.49701E+02   0.98783E+00   0.10074E+01
   0.53527E+02   0.48679E+02   0.10025E+01   0.10230E+01
   0.52466E+02   0.47686E+02   0.10169E+01   0.10381E+01
   0.51433E+02   0.46720E+02   0.10309E+01   0.10530E+01
   0.50428E+02   0.45780E+02   0.10447E+01   0.10677E+01
   0.49448E+02   0.44863E+02   0.10581E+01   0.10821E+01
   0.48492E+02   0.43970E+02   0.10713E+01   0.10961E+01
   0.47559E+02   0.43098E+02   0.10842E+01   0.11100E+01
   0.46647E+02   0.42246E+02   0.10970E+01   0.11237E+01
   0.45755E+02   0.41413E+02   0.11097E+01   0.11373E+01
   0.44882E+02   0.40597E+02   0.11222E+01   0.11508E+01
   0.44026E+02   0.39798E+02   0.11345E+01   0.11642E+01
   0.43187E+02   0.39015E+02   0.11467E+01   0.11774E+01
   0.42364E+02   0.38246E+02   0.11587E+01   0.11905E+01
   0.41555E+02   0.37491E+02   0.11704E+01   0.12033E+01
   0.40760E+02   0.36749E+02   0.11819E+01   0.12159E+01
   0.39978E+02   0.36019E+02   0.11931E+01   0.12282E+01
   0.39207E+02   0.35301E+02   0.12041E+01   0.12404E+01
   0.38448E+02   0.34593E+02   0.12150E+01   0.12525E+01
   0.37700E+02   0.33894E+02   0.12259E+01   0.12646E+01
   0.36962E+02   0.33206E+02   0.12367E+01   0.12767E+01
   0.36232E+02   0.32525E+02   0.12477E+01   0.12890E+01
   0.35512E+02   0.31853E+02   0.12587E+01   0.13014E+01
   0.34800E+02   0.31189E+02   0.12699E+01   0.13140E+01
   0.34095E+02   0.30532E+02   0.12811E+01   0.13267E+01
   0.33397E+02   0.29881E+02   0.12923E+01   0.13395E+01
   0.32706E+02   0.29237E+02   0.13036E+01   0.13524E+01
   0.32022E+02   0.28598E+02   0.13149E+01   0.13654E+01
   0.31343E+02   0.27965E+02   0.13263E+01   0.13785E+01
   0.30669E+02   0.27337E+02   0.13378E+01   0.13919E+01
   0.30001E+02   0.26714E+02   0.13496E+01   0.14055E+01
   0.29338E+02   0.26096E+02   0.13615E+01   0.14195E+01
   0.28680E+02   0.25481E+02   0.13738E+01   0.14339E+01
   0.28026E+02   0.24871E+02   0.13862E+01   0.14487E+01
   0.27375E+02   0.24264E+02   0.13989E+01   0.14637E+01
   0.26729E+02   0.23661E+02   0.14117E+01   0.14791E+01
   0.26087E+02   0.23061E+02   0.14246E+01   0.14948E+01
   0.25448E+02   0.22464E+02   0.14375E+01   0.15106E+01
   0.24812E+02   0.21869E+02   0.14504E+01   0.15265E+01
   0.24179E+02   0.21277E+02   0.14631E+01   0.15425E+01
   0.23550E+02   0.20688E+02   0.14756E+01   0.15585E+01
   0.22923E+02   0.20101E+02   0.14878E+01   0.15745E+01
   0.22299E+02   0.19516E+02   0.14997E+01   0.15904E+01
   0.21677E+02   0.18934E+02   0.15114E+01   0.16063E+01
   0.21058E+02   0.18353E+02   0.15226E+01   0.16222E+01
   0.20441E+02   0.17773E+02   0.15335E+01   0.16380E+01
   0.19827E+02   0.17196E+02   0.15437E+01   0.16536E+01
   0.19215E+02   0.16620E+02   0.15531E+01   0.16688E+01
   0.18605E+02   0.16045E+02   0.15616E+01   0.16836E+01
   0.17997E+02   0.15472E+02   0.15689E+01   0.16977E+01
   0.17392E+02   0.14900E+02   0.15749E+01   0.17110E+01
   0.16789E+02   0.14329E+02   0.15794E+01   0.17236E+01
   0.16189E+02   0.13759E+02   0.15822E+01   0.17353E+01
   0.15591E+02   0.13190E+02   0.15831E+01   0.17460E+01
   0.14996E+02   0.12622E+02   0.15814E+01   0.17552E+01
   0.14404E+02   0.12055E+02   0.15770E+01   0.17629E+01
   0.13816E+02   0.11489E+02   0.15694E+01   0.17688E+01
   0.13231E+02   0.10924E+02   0.15576E+01   0.17721E+01
   0.12650E+02   0.10359E+02   0.15407E+01   0.17722E+01
   0.12074E+02   0.97955E+01   0.15178E+01   0.17682E+01
   0.11502E+02   0.92322E+01   0.14879E+01   0.17596E+01
   0.10935E+02   0.86695E+01   0.14501E+01   0.17456E+01
   0.10373E+02   0.81073E+01   0.14031E+01   0.17254E+01
   0.98174E+01   0.75457E+01   0.13454E+01   0.16974E+01
   0.92664E+01   0.69846E+01   0.12746E+01   0.16587E+01
   0.87188E+01   0.64239E+01   0.11880E+01   0.16056E+01
   0.81720E+01   0.58636E+01   0.10836E+01   0.15334E+01
   0.76205E+01   0.53037E+01   0.95968E+00   0.14362E+01
   0.70555E+01   0.47442E+01   0.81644E+00   0.13074E+01
   0.64627E+01   0.41850E+01   0.65728E+00   0.11409E+01
   0.58220E+01   0.36261E+01   0.49060E+00   0.93510E+00
   0.51094E+01   0.30676E+01   0.32955E+00   0.69688E+00
   0.43063E+01   0.25093E+01   0.19011E+00   0.44801E+00
   0.34119E+01   0.19513E+01   0.88479E-01   0.23129E+00
   0.24516E+01   0.13935E+01   0.30885E-01   0.88338E-01
   0.14654E+01   0.83595E+00   0.72818E-02   0.22398E-01
   0.48408E+00   0.27861E+00   0.87825E-03   0.28651E-02
