   0.20974E+03   0.17785E+03   0.33013E-01   0.34435E-01
   0.20469E+03   0.17355E+03   0.87045E-01   0.90801E-01
   0.19967E+03   0.16926E+03   0.13628E+00   0.14218E+00
   0.19468E+03   0.16500E+03   0.18031E+00   0.18816E+00
   0.18974E+03   0.16077E+03   0.22781E+00   0.23779E+00
   0.18484E+03   0.15657E+03   0.27994E+00   0.29229E+00
   0.18001E+03   0.15242E+03   0.33488E+00   0.34978E+00
   0.17524E+03   0.14832E+03   0.39423E+00   0.41193E+00
   0.17056E+03   0.14428E+03   0.45563E+00   0.47632E+00
   0.16597E+03   0.14031E+03   0.51707E+00   0.54086E+00
   0.16147E+03   0.13641E+03   0.57423E+00   0.60107E+00
   0.15708E+03   0.13258E+03   0.62694E+00   0.65675E+00
   0.15278E+03   0.12884E+03   0.68063E+00   0.71359E+00
   0.14859E+03   0.12519E+03   0.73556E+00   0.77187E+00
   0.14450E+03   0.12162E+03   0.78985E+00   0.82965E+00
   0.14053E+03   0.11815E+03   0.84321E+00   0.88660E+00
   0.13666E+03   0.11476E+03   0.89387E+00   0.94088E+00
   0.13291E+03   0.11148E+03   0.94042E+00   0.99098E+00
   0.12926E+03   0.10829E+03   0.98400E+00   0.10381E+01
   0.12573E+03   0.10521E+03   0.10271E+01   0.10848E+01
   0.12231E+03   0.10221E+03   0.10715E+01   0.11331E+01
   0.11901E+03   0.99322E+02   0.11177E+01   0.11835E+01
   0.11582E+03   0.96527E+02   0.11641E+01   0.12343E+01
   0.11274E+03   0.93827E+02   0.12083E+01   0.12829E+01
   0.10977E+03   0.91223E+02   0.12500E+01   0.13290E+01
   0.10690E+03   0.88711E+02   0.12892E+01   0.13725E+01
   0.10413E+03   0.86290E+02   0.13271E+01   0.14149E+01
   0.10146E+03   0.83958E+02   0.13645E+01   0.14569E+01
   0.98892E+02   0.81713E+02   0.14006E+01   0.14975E+01
   0.96414E+02   0.79552E+02   0.14342E+01   0.15356E+01
   0.94028E+02   0.77471E+02   0.14651E+01   0.15709E+01
   0.91730E+02   0.75470E+02   0.14946E+01   0.16049E+01
   0.89520E+02   0.73544E+02   0.15237E+01   0.16385E+01
   0.87392E+02   0.71691E+02   0.15532E+01   0.16728E+01
   0.85345E+02   0.69908E+02   0.15840E+01   0.17085E+01
   0.83375E+02   0.68193E+02   0.16159E+01   0.17455E+01
   0.81477E+02   0.66541E+02   0.16479E+01   0.17829E+01
   0.79649E+02   0.64951E+02   0.16791E+01   0.18194E+01
   0.77887E+02   0.63419E+02   0.17087E+01   0.18544E+01
   0.76189E+02   0.61943E+02   0.17364E+01   0.18874E+01
   0.74551E+02   0.60521E+02   0.17624E+01   0.19187E+01
   0.72972E+02   0.59148E+02   0.17871E+01   0.19487E+01
   0.71447E+02   0.57824E+02   0.18105E+01   0.19774E+01
   0.69975E+02   0.56546E+02   0.18329E+01   0.20051E+01
   0.68552E+02   0.55310E+02   0.18546E+01   0.20322E+01
   0.67177E+02   0.54115E+02   0.18761E+01   0.20593E+01
   0.65846E+02   0.52959E+02   0.18977E+01   0.20866E+01
   0.64559E+02   0.51839E+02   0.19190E+01   0.21137E+01
   0.63310E+02   0.50754E+02   0.19398E+01   0.21403E+01
   0.62100E+02   0.49701E+02   0.19596E+01   0.21661E+01
   0.60925E+02   0.48679E+02   0.19786E+01   0.21912E+01
   0.59784E+02   0.47686E+02   0.19970E+01   0.22157E+01
   0.58674E+02   0.46720E+02   0.20151E+01   0.22400E+01
   0.57595E+02   0.45780E+02   0.20328E+01   0.22641E+01
   0.56543E+02   0.44863E+02   0.20501E+01   0.22879E+01
   0.55517E+02   0.43970E+02   0.20669E+01   0.23113E+01
   0.54516E+02   0.43098E+02   0.20830E+01   0.23340E+01
   0.53538E+02   0.42246E+02   0.20984E+01   0.23562E+01
   0.52582E+02   0.41413E+02   0.21130E+01   0.23777E+01
   0.51646E+02   0.40597E+02   0.21270E+01   0.23987E+01
   0.50729E+02   0.39798E+02   0.21404E+01   0.24192E+01
   0.49830E+02   0.39015E+02   0.21534E+01   0.24394E+01
   0.48948E+02   0.38246E+02   0.21662E+01   0.24597E+01
   0.48080E+02   0.37491E+02   0.21790E+01   0.24801E+01
   0.47228E+02   0.36749E+02   0.21919E+01   0.25009E+01
   0.46389E+02   0.36019E+02   0.22050E+01   0.25220E+01
   0.45562E+02   0.35301E+02   0.22183E+01   0.25437E+01
   0.44748E+02   0.34593E+02   0.22318E+01   0.25658E+01
   0.43944E+02   0.33894E+02   0.22456E+01   0.25886E+01
   0.43150E+02   0.33206E+02   0.22597E+01   0.26119E+01
   0.42365E+02   0.32525E+02   0.22736E+01   0.26353E+01
   0.41589E+02   0.31853E+02   0.22869E+01   0.26584E+01
   0.40821E+02   0.31189E+02   0.22996E+01   0.26809E+01
   0.40060E+02   0.30532E+02   0.23115E+01   0.27029E+01
   0.39306E+02   0.29881E+02   0.23229E+01   0.27245E+01
   0.38557E+02   0.29237E+02   0.23341E+01   0.27462E+01
   0.37815E+02   0.28598E+02   0.23452E+01   0.27682E+01
   0.37077E+02   0.27965E+02   0.23564E+01   0.27906E+01
   0.36344E+02   0.27337E+02   0.23678E+01   0.28137E+01
   0.35616E+02   0.26714E+02   0.23794E+01   0.28375E+01
   0.34892E+02   0.26096E+02   0.23912E+01   0.28619E+01
   0.34171E+02   0.25481E+02   0.24029E+01   0.28867E+01
   0.33453E+02   0.24871E+02   0.24145E+01   0.29117E+01
   0.32738E+02   0.24264E+02   0.24255E+01   0.29367E+01
   0.32025E+02   0.23661E+02   0.24357E+01   0.29611E+01
   0.31315E+02   0.23061E+02   0.24448E+01   0.29849E+01
   0.30606E+02   0.22464E+02   0.24529E+01   0.30080E+01
   0.29900E+02   0.21869E+02   0.24597E+01   0.30303E+01
   0.29195E+02   0.21277E+02   0.24656E+01   0.30521E+01
   0.28491E+02   0.20688E+02   0.24711E+01   0.30742E+01
   0.27789E+02   0.20101E+02   0.24762E+01   0.30968E+01
   0.27088E+02   0.19516E+02   0.24812E+01   0.31201E+01
   0.26388E+02   0.18934E+02   0.24857E+01   0.31441E+01
   0.25689E+02   0.18353E+02   0.24896E+01   0.31684E+01
   0.24991E+02   0.17773E+02   0.24921E+01   0.31925E+01
   0.24294E+02   0.17196E+02   0.24928E+01   0.32156E+01
   0.23597E+02   0.16620E+02   0.24913E+01   0.32376E+01
   0.22901E+02   0.16045E+02   0.24872E+01   0.32580E+01
   0.22206E+02   0.15472E+02   0.24805E+01   0.32771E+01
   0.21511E+02   0.14900E+02   0.24714E+01   0.32953E+01
   0.20817E+02   0.14329E+02   0.24603E+01   0.33134E+01
   0.20123E+02   0.13759E+02   0.24469E+01   0.33316E+01
   0.19431E+02   0.13190E+02   0.24310E+01   0.33497E+01
   0.18739E+02   0.12622E+02   0.24119E+01   0.33676E+01
   0.18048E+02   0.12055E+02   0.23892E+01   0.33852E+01
   0.17358E+02   0.11489E+02   0.23619E+01   0.34018E+01
   0.16669E+02   0.10924E+02   0.23284E+01   0.34159E+01
   0.15979E+02   0.10359E+02   0.22867E+01   0.34250E+01
   0.15289E+02   0.97955E+01   0.22345E+01   0.34262E+01
   0.14597E+02   0.92322E+01   0.21691E+01   0.34161E+01
   0.13901E+02   0.86695E+01   0.20880E+01   0.33903E+01
   0.13200E+02   0.81073E+01   0.19879E+01   0.33427E+01
   0.12489E+02   0.75457E+01   0.18661E+01   0.32663E+01
   0.11764E+02   0.69846E+01   0.17191E+01   0.31505E+01
   0.11019E+02   0.64239E+01   0.15447E+01   0.29832E+01
   0.10244E+02   0.58636E+01   0.13441E+01   0.27543E+01
   0.94295E+01   0.53037E+01   0.11227E+01   0.24572E+01
   0.85634E+01   0.47442E+01   0.89107E+00   0.20941E+01
   0.76398E+01   0.41850E+01   0.66433E+00   0.16812E+01
   0.66607E+01   0.36261E+01   0.45915E+00   0.12510E+01
   0.56382E+01   0.30676E+01   0.28677E+00   0.83815E+00
   0.45909E+01   0.25093E+01   0.15742E+00   0.49048E+00
   0.35392E+01   0.19513E+01   0.73323E-01   0.24173E+00
   0.24992E+01   0.13935E+01   0.27368E-01   0.94783E-01
   0.14803E+01   0.83595E+00   0.70564E-02   0.25524E-01
   0.48675E+00   0.27861E+00   0.86095E-03   0.32381E-02
