   0.19093E+03   0.17785E+03   0.26123E-02   0.26128E-02
   0.18631E+03   0.17355E+03   0.73428E-02   0.73443E-02
   0.18172E+03   0.16926E+03   0.12843E-01   0.12846E-01
   0.17714E+03   0.16500E+03   0.18450E-01   0.18454E-01
   0.17261E+03   0.16077E+03   0.24390E-01   0.24397E-01
   0.16811E+03   0.15657E+03   0.31386E-01   0.31396E-01
   0.16366E+03   0.15242E+03   0.39415E-01   0.39430E-01
   0.15927E+03   0.14832E+03   0.48478E-01   0.48499E-01
   0.15495E+03   0.14428E+03   0.58215E-01   0.58244E-01
   0.15070E+03   0.14031E+03   0.68513E-01   0.68553E-01
   0.14652E+03   0.13641E+03   0.80206E-01   0.80260E-01
   0.14243E+03   0.13258E+03   0.93196E-01   0.93268E-01
   0.13843E+03   0.12884E+03   0.10621E+00   0.10631E+00
   0.13452E+03   0.12519E+03   0.11928E+00   0.11940E+00
   0.13071E+03   0.12162E+03   0.13323E+00   0.13338E+00
   0.12700E+03   0.11815E+03   0.14883E+00   0.14902E+00
   0.12339E+03   0.11476E+03   0.16664E+00   0.16688E+00
   0.11989E+03   0.11148E+03   0.18588E+00   0.18619E+00
   0.11649E+03   0.10829E+03   0.20640E+00   0.20678E+00
   0.11319E+03   0.10521E+03   0.22799E+00   0.22847E+00
   0.11001E+03   0.10221E+03   0.25030E+00   0.25087E+00
   0.10692E+03   0.99322E+02   0.27297E+00   0.27366E+00
   0.10394E+03   0.96527E+02   0.29596E+00   0.29679E+00
   0.10107E+03   0.93827E+02   0.31893E+00   0.31991E+00
   0.98296E+02   0.91223E+02   0.34101E+00   0.34215E+00
   0.95621E+02   0.88711E+02   0.36218E+00   0.36349E+00
   0.93044E+02   0.86290E+02   0.38323E+00   0.38473E+00
   0.90561E+02   0.83958E+02   0.40490E+00   0.40661E+00
   0.88171E+02   0.81713E+02   0.42711E+00   0.42904E+00
   0.85870E+02   0.79552E+02   0.44974E+00   0.45192E+00
   0.83657E+02   0.77471E+02   0.47270E+00   0.47514E+00
   0.81527E+02   0.75470E+02   0.49607E+00   0.49881E+00
   0.79478E+02   0.73544E+02   0.51964E+00   0.52268E+00
   0.77507E+02   0.71691E+02   0.54296E+00   0.54633E+00
   0.75611E+02   0.69908E+02   0.56593E+00   0.56964E+00
   0.73785E+02   0.68193E+02   0.58839E+00   0.59247E+00
   0.72029E+02   0.66541E+02   0.61049E+00   0.61495E+00
   0.70338E+02   0.64951E+02   0.63247E+00   0.63732E+00
   0.68709E+02   0.63419E+02   0.65446E+00   0.65974E+00
   0.67140E+02   0.61943E+02   0.67648E+00   0.68220E+00
   0.65627E+02   0.60521E+02   0.69830E+00   0.70448E+00
   0.64167E+02   0.59148E+02   0.71975E+00   0.72640E+00
   0.62758E+02   0.57824E+02   0.74070E+00   0.74783E+00
   0.61397E+02   0.56546E+02   0.76116E+00   0.76879E+00
   0.60082E+02   0.55310E+02   0.78111E+00   0.78926E+00
   0.58810E+02   0.54115E+02   0.80056E+00   0.80922E+00
   0.57579E+02   0.52959E+02   0.81951E+00   0.82870E+00
   0.56387E+02   0.51839E+02   0.83805E+00   0.84779E+00
   0.55232E+02   0.50754E+02   0.85622E+00   0.86652E+00
   0.54111E+02   0.49701E+02   0.87400E+00   0.88488E+00
   0.53022E+02   0.48679E+02   0.89136E+00   0.90283E+00
   0.51964E+02   0.47686E+02   0.90839E+00   0.92045E+00
   0.50936E+02   0.46720E+02   0.92522E+00   0.93791E+00
   0.49934E+02   0.45780E+02   0.94195E+00   0.95529E+00
   0.48959E+02   0.44863E+02   0.95863E+00   0.97263E+00
   0.48008E+02   0.43970E+02   0.97526E+00   0.98996E+00
   0.47079E+02   0.43098E+02   0.99189E+00   0.10073E+01
   0.46172E+02   0.42246E+02   0.10085E+01   0.10247E+01
   0.45285E+02   0.41413E+02   0.10250E+01   0.10419E+01
   0.44417E+02   0.40597E+02   0.10414E+01   0.10591E+01
   0.43567E+02   0.39798E+02   0.10576E+01   0.10761E+01
   0.42733E+02   0.39015E+02   0.10735E+01   0.10929E+01
   0.41914E+02   0.38246E+02   0.10893E+01   0.11096E+01
   0.41110E+02   0.37491E+02   0.11050E+01   0.11261E+01
   0.40319E+02   0.36749E+02   0.11204E+01   0.11424E+01
   0.39541E+02   0.36019E+02   0.11357E+01   0.11586E+01
   0.38775E+02   0.35301E+02   0.11507E+01   0.11747E+01
   0.38020E+02   0.34593E+02   0.11657E+01   0.11906E+01
   0.37276E+02   0.33894E+02   0.11804E+01   0.12064E+01
   0.36541E+02   0.33206E+02   0.11951E+01   0.12221E+01
   0.35816E+02   0.32525E+02   0.12096E+01   0.12377E+01
   0.35099E+02   0.31853E+02   0.12240E+01   0.12532E+01
   0.34390E+02   0.31189E+02   0.12384E+01   0.12687E+01
   0.33689E+02   0.30532E+02   0.12527E+01   0.12842E+01
   0.32995E+02   0.29881E+02   0.12668E+01   0.12996E+01
   0.32308E+02   0.29237E+02   0.12808E+01   0.13149E+01
   0.31627E+02   0.28598E+02   0.12946E+01   0.13301E+01
   0.30952E+02   0.27965E+02   0.13083E+01   0.13452E+01
   0.30282E+02   0.27337E+02   0.13218E+01   0.13602E+01
   0.29618E+02   0.26714E+02   0.13350E+01   0.13750E+01
   0.28959E+02   0.26096E+02   0.13482E+01   0.13898E+01
   0.28304E+02   0.25481E+02   0.13611E+01   0.14045E+01
   0.27653E+02   0.24871E+02   0.13739E+01   0.14191E+01
   0.27007E+02   0.24264E+02   0.13866E+01   0.14336E+01
   0.26364E+02   0.23661E+02   0.13991E+01   0.14482E+01
   0.25725E+02   0.23061E+02   0.14115E+01   0.14627E+01
   0.25089E+02   0.22464E+02   0.14239E+01   0.14774E+01
   0.24456E+02   0.21869E+02   0.14363E+01   0.14921E+01
   0.23827E+02   0.21277E+02   0.14485E+01   0.15069E+01
   0.23200E+02   0.20688E+02   0.14607E+01   0.15217E+01
   0.22576E+02   0.20101E+02   0.14727E+01   0.15367E+01
   0.21954E+02   0.19516E+02   0.14846E+01   0.15517E+01
   0.21335E+02   0.18934E+02   0.14963E+01   0.15666E+01
   0.20718E+02   0.18353E+02   0.15076E+01   0.15815E+01
   0.20103E+02   0.17773E+02   0.15186E+01   0.15963E+01
   0.19491E+02   0.17196E+02   0.15291E+01   0.16109E+01
   0.18881E+02   0.16620E+02   0.15391E+01   0.16254E+01
   0.18272E+02   0.16045E+02   0.15487E+01   0.16398E+01
   0.17666E+02   0.15472E+02   0.15578E+01   0.16542E+01
   0.17062E+02   0.14900E+02   0.15663E+01   0.16685E+01
   0.16459E+02   0.14329E+02   0.15742E+01   0.16827E+01
   0.15859E+02   0.13759E+02   0.15814E+01   0.16969E+01
   0.15261E+02   0.13190E+02   0.15875E+01   0.17107E+01
   0.14665E+02   0.12622E+02   0.15922E+01   0.17241E+01
   0.14071E+02   0.12055E+02   0.15951E+01   0.17366E+01
   0.13480E+02   0.11489E+02   0.15956E+01   0.17479E+01
   0.12892E+02   0.10924E+02   0.15932E+01   0.17576E+01
   0.12306E+02   0.10359E+02   0.15870E+01   0.17650E+01
   0.11724E+02   0.97955E+01   0.15761E+01   0.17696E+01
   0.11145E+02   0.92322E+01   0.15595E+01   0.17704E+01
   0.10570E+02   0.86695E+01   0.15358E+01   0.17665E+01
   0.99997E+01   0.81073E+01   0.15035E+01   0.17566E+01
   0.94333E+01   0.75457E+01   0.14606E+01   0.17390E+01
   0.88712E+01   0.69846E+01   0.14048E+01   0.17113E+01
   0.83130E+01   0.64239E+01   0.13333E+01   0.16702E+01
   0.77577E+01   0.58636E+01   0.12438E+01   0.16128E+01
   0.72027E+01   0.53037E+01   0.11342E+01   0.15348E+01
   0.66437E+01   0.47442E+01   0.10027E+01   0.14304E+01
   0.60731E+01   0.41850E+01   0.84947E+00   0.12934E+01
   0.54794E+01   0.36261E+01   0.67678E+00   0.11162E+01
   0.48426E+01   0.30676E+01   0.49206E+00   0.89341E+00
   0.41364E+01   0.25093E+01   0.31195E+00   0.63251E+00
   0.33364E+01   0.19513E+01   0.16017E+00   0.36546E+00
   0.24385E+01   0.13935E+01   0.58946E-01   0.15058E+00
   0.14740E+01   0.83595E+00   0.13229E-01   0.37166E-01
   0.48964E+00   0.27861E+00   0.14221E-02   0.43035E-02
