   0.20021E+03   0.17785E+03   0.15512E-01   0.15746E-01
   0.19538E+03   0.17355E+03   0.44394E-01   0.45068E-01
   0.19058E+03   0.16926E+03   0.75461E-01   0.76614E-01
   0.18580E+03   0.16500E+03   0.10710E+00   0.10875E+00
   0.18107E+03   0.16077E+03   0.13821E+00   0.14036E+00
   0.17638E+03   0.15657E+03   0.16852E+00   0.17118E+00
   0.17176E+03   0.15242E+03   0.19824E+00   0.20142E+00
   0.16720E+03   0.14832E+03   0.22693E+00   0.23065E+00
   0.16272E+03   0.14428E+03   0.25333E+00   0.25759E+00
   0.15831E+03   0.14031E+03   0.27808E+00   0.28287E+00
   0.15399E+03   0.13641E+03   0.30363E+00   0.30900E+00
   0.14976E+03   0.13258E+03   0.33099E+00   0.33702E+00
   0.14563E+03   0.12884E+03   0.35900E+00   0.36576E+00
   0.14160E+03   0.12519E+03   0.38649E+00   0.39401E+00
   0.13767E+03   0.12162E+03   0.41262E+00   0.42093E+00
   0.13384E+03   0.11815E+03   0.43789E+00   0.44702E+00
   0.13011E+03   0.11476E+03   0.46362E+00   0.47363E+00
   0.12649E+03   0.11148E+03   0.49034E+00   0.50130E+00
   0.12298E+03   0.10829E+03   0.51705E+00   0.52901E+00
   0.11958E+03   0.10521E+03   0.54293E+00   0.55593E+00
   0.11628E+03   0.10221E+03   0.56790E+00   0.58194E+00
   0.11308E+03   0.99322E+02   0.59252E+00   0.60763E+00
   0.10999E+03   0.96527E+02   0.61789E+00   0.63414E+00
   0.10701E+03   0.93827E+02   0.64457E+00   0.66206E+00
   0.10414E+03   0.91223E+02   0.67263E+00   0.69146E+00
   0.10136E+03   0.88711E+02   0.70107E+00   0.72132E+00
   0.98692E+02   0.86290E+02   0.72851E+00   0.75021E+00
   0.96117E+02   0.83958E+02   0.75429E+00   0.77745E+00
   0.93636E+02   0.81713E+02   0.77880E+00   0.80342E+00
   0.91247E+02   0.79552E+02   0.80247E+00   0.82859E+00
   0.88948E+02   0.77471E+02   0.82550E+00   0.85314E+00
   0.86734E+02   0.75470E+02   0.84821E+00   0.87741E+00
   0.84604E+02   0.73544E+02   0.87129E+00   0.90212E+00
   0.82555E+02   0.71691E+02   0.89487E+00   0.92741E+00
   0.80582E+02   0.69908E+02   0.91887E+00   0.95318E+00
   0.78682E+02   0.68193E+02   0.94274E+00   0.97886E+00
   0.76852E+02   0.66541E+02   0.96604E+00   0.10040E+01
   0.75089E+02   0.64951E+02   0.98850E+00   0.10283E+01
   0.73390E+02   0.63419E+02   0.10098E+01   0.10514E+01
   0.71752E+02   0.61943E+02   0.10299E+01   0.10734E+01
   0.70171E+02   0.60521E+02   0.10492E+01   0.10945E+01
   0.68647E+02   0.59148E+02   0.10680E+01   0.11152E+01
   0.67175E+02   0.57824E+02   0.10864E+01   0.11355E+01
   0.65753E+02   0.56546E+02   0.11048E+01   0.11558E+01
   0.64378E+02   0.55310E+02   0.11229E+01   0.11759E+01
   0.63048E+02   0.54115E+02   0.11408E+01   0.11957E+01
   0.61761E+02   0.52959E+02   0.11582E+01   0.12151E+01
   0.60514E+02   0.51839E+02   0.11754E+01   0.12343E+01
   0.59305E+02   0.50754E+02   0.11922E+01   0.12533E+01
   0.58132E+02   0.49701E+02   0.12088E+01   0.12719E+01
   0.56993E+02   0.48679E+02   0.12249E+01   0.12901E+01
   0.55886E+02   0.47686E+02   0.12407E+01   0.13081E+01
   0.54809E+02   0.46720E+02   0.12564E+01   0.13260E+01
   0.53760E+02   0.45780E+02   0.12719E+01   0.13438E+01
   0.52739E+02   0.44863E+02   0.12874E+01   0.13615E+01
   0.51742E+02   0.43970E+02   0.13028E+01   0.13792E+01
   0.50770E+02   0.43098E+02   0.13180E+01   0.13969E+01
   0.49820E+02   0.42246E+02   0.13331E+01   0.14145E+01
   0.48892E+02   0.41413E+02   0.13482E+01   0.14321E+01
   0.47983E+02   0.40597E+02   0.13635E+01   0.14500E+01
   0.47093E+02   0.39798E+02   0.13790E+01   0.14683E+01
   0.46220E+02   0.39015E+02   0.13949E+01   0.14870E+01
   0.45364E+02   0.38246E+02   0.14112E+01   0.15063E+01
   0.44523E+02   0.37491E+02   0.14279E+01   0.15260E+01
   0.43696E+02   0.36749E+02   0.14448E+01   0.15462E+01
   0.42883E+02   0.36019E+02   0.14620E+01   0.15667E+01
   0.42083E+02   0.35301E+02   0.14794E+01   0.15875E+01
   0.41294E+02   0.34593E+02   0.14969E+01   0.16086E+01
   0.40517E+02   0.33894E+02   0.15146E+01   0.16300E+01
   0.39750E+02   0.33206E+02   0.15323E+01   0.16516E+01
   0.38992E+02   0.32525E+02   0.15500E+01   0.16733E+01
   0.38244E+02   0.31853E+02   0.15674E+01   0.16949E+01
   0.37504E+02   0.31189E+02   0.15844E+01   0.17162E+01
   0.36773E+02   0.30532E+02   0.16011E+01   0.17373E+01
   0.36049E+02   0.29881E+02   0.16175E+01   0.17583E+01
   0.35331E+02   0.29237E+02   0.16336E+01   0.17792E+01
   0.34621E+02   0.28598E+02   0.16495E+01   0.17999E+01
   0.33917E+02   0.27965E+02   0.16652E+01   0.18208E+01
   0.33218E+02   0.27337E+02   0.16810E+01   0.18419E+01
   0.32525E+02   0.26714E+02   0.16967E+01   0.18633E+01
   0.31837E+02   0.26096E+02   0.17123E+01   0.18848E+01
   0.31154E+02   0.25481E+02   0.17278E+01   0.19065E+01
   0.30476E+02   0.24871E+02   0.17432E+01   0.19283E+01
   0.29802E+02   0.24264E+02   0.17585E+01   0.19505E+01
   0.29132E+02   0.23661E+02   0.17736E+01   0.19728E+01
   0.28466E+02   0.23061E+02   0.17885E+01   0.19952E+01
   0.27804E+02   0.22464E+02   0.18028E+01   0.20176E+01
   0.27145E+02   0.21869E+02   0.18163E+01   0.20395E+01
   0.26489E+02   0.21277E+02   0.18289E+01   0.20610E+01
   0.25837E+02   0.20688E+02   0.18405E+01   0.20820E+01
   0.25188E+02   0.20101E+02   0.18513E+01   0.21027E+01
   0.24543E+02   0.19516E+02   0.18614E+01   0.21234E+01
   0.23900E+02   0.18934E+02   0.18711E+01   0.21445E+01
   0.23261E+02   0.18353E+02   0.18805E+01   0.21662E+01
   0.22625E+02   0.17773E+02   0.18894E+01   0.21885E+01
   0.21992E+02   0.17196E+02   0.18978E+01   0.22114E+01
   0.21362E+02   0.16620E+02   0.19054E+01   0.22348E+01
   0.20736E+02   0.16045E+02   0.19120E+01   0.22587E+01
   0.20113E+02   0.15472E+02   0.19172E+01   0.22827E+01
   0.19493E+02   0.14900E+02   0.19201E+01   0.23062E+01
   0.18877E+02   0.14329E+02   0.19202E+01   0.23287E+01
   0.18265E+02   0.13759E+02   0.19168E+01   0.23500E+01
   0.17658E+02   0.13190E+02   0.19098E+01   0.23700E+01
   0.17054E+02   0.12622E+02   0.18988E+01   0.23888E+01
   0.16456E+02   0.12055E+02   0.18830E+01   0.24062E+01
   0.15863E+02   0.11489E+02   0.18619E+01   0.24220E+01
   0.15274E+02   0.10924E+02   0.18343E+01   0.24353E+01
   0.14691E+02   0.10359E+02   0.17979E+01   0.24440E+01
   0.14112E+02   0.97955E+01   0.17513E+01   0.24465E+01
   0.13535E+02   0.92322E+01   0.16927E+01   0.24406E+01
   0.12959E+02   0.86695E+01   0.16202E+01   0.24235E+01
   0.12381E+02   0.81073E+01   0.15312E+01   0.23899E+01
   0.11795E+02   0.75457E+01   0.14220E+01   0.23318E+01
   0.11196E+02   0.69846E+01   0.12904E+01   0.22401E+01
   0.10573E+02   0.64239E+01   0.11359E+01   0.21054E+01
   0.99121E+01   0.58636E+01   0.96180E+00   0.19199E+01
   0.91930E+01   0.53037E+01   0.77556E+00   0.16797E+01
   0.83984E+01   0.47442E+01   0.58676E+00   0.13854E+01
   0.75182E+01   0.41850E+01   0.41141E+00   0.10595E+01
   0.65583E+01   0.36261E+01   0.26429E+00   0.73866E+00
   0.55425E+01   0.30676E+01   0.15539E+00   0.46692E+00
   0.45034E+01   0.25093E+01   0.83451E-01   0.26675E+00
   0.34666E+01   0.19513E+01   0.39698E-01   0.13381E+00
   0.24460E+01   0.13935E+01   0.15488E-01   0.54691E-01
   0.14482E+01   0.83595E+00   0.42583E-02   0.15672E-01
   0.47612E+00   0.27861E+00   0.55553E-03   0.21227E-02
