   0.20456E+03   0.17785E+03   0.18634E-01   0.19086E-01
   0.19964E+03   0.17355E+03   0.51687E-01   0.52947E-01
   0.19475E+03   0.16926E+03   0.85925E-01   0.88038E-01
   0.18989E+03   0.16500E+03   0.11871E+00   0.12166E+00
   0.18507E+03   0.16077E+03   0.14880E+00   0.15254E+00
   0.18029E+03   0.15657E+03   0.17656E+00   0.18104E+00
   0.17558E+03   0.15242E+03   0.20332E+00   0.20855E+00
   0.17093E+03   0.14832E+03   0.22993E+00   0.23594E+00
   0.16637E+03   0.14428E+03   0.25752E+00   0.26437E+00
   0.16188E+03   0.14031E+03   0.28780E+00   0.29562E+00
   0.15749E+03   0.13641E+03   0.32115E+00   0.33007E+00
   0.15318E+03   0.13258E+03   0.35557E+00   0.36568E+00
   0.14897E+03   0.12884E+03   0.38847E+00   0.39979E+00
   0.14486E+03   0.12519E+03   0.42123E+00   0.43384E+00
   0.14086E+03   0.12162E+03   0.45544E+00   0.46947E+00
   0.13697E+03   0.11815E+03   0.49132E+00   0.50690E+00
   0.13319E+03   0.11476E+03   0.52607E+00   0.54326E+00
   0.12951E+03   0.11148E+03   0.55798E+00   0.57674E+00
   0.12593E+03   0.10829E+03   0.58829E+00   0.60865E+00
   0.12247E+03   0.10521E+03   0.61822E+00   0.64023E+00
   0.11911E+03   0.10221E+03   0.64748E+00   0.67117E+00
   0.11586E+03   0.99322E+02   0.67629E+00   0.70171E+00
   0.11272E+03   0.96527E+02   0.70507E+00   0.73230E+00
   0.10969E+03   0.93827E+02   0.73463E+00   0.76379E+00
   0.10676E+03   0.91223E+02   0.76663E+00   0.79789E+00
   0.10394E+03   0.88711E+02   0.80164E+00   0.83524E+00
   0.10123E+03   0.86290E+02   0.83831E+00   0.87443E+00
   0.98609E+02   0.83958E+02   0.87535E+00   0.91410E+00
   0.96089E+02   0.81713E+02   0.91189E+00   0.95337E+00
   0.93663E+02   0.79552E+02   0.94761E+00   0.99188E+00
   0.91326E+02   0.77471E+02   0.98205E+00   0.10291E+01
   0.89074E+02   0.75470E+02   0.10143E+01   0.10642E+01
   0.86906E+02   0.73544E+02   0.10441E+01   0.10967E+01
   0.84818E+02   0.71691E+02   0.10722E+01   0.11275E+01
   0.82809E+02   0.69908E+02   0.10995E+01   0.11576E+01
   0.80875E+02   0.68193E+02   0.11266E+01   0.11875E+01
   0.79012E+02   0.66541E+02   0.11535E+01   0.12173E+01
   0.77217E+02   0.64951E+02   0.11803E+01   0.12471E+01
   0.75487E+02   0.63419E+02   0.12063E+01   0.12761E+01
   0.73819E+02   0.61943E+02   0.12311E+01   0.13039E+01
   0.72211E+02   0.60521E+02   0.12545E+01   0.13303E+01
   0.70659E+02   0.59148E+02   0.12769E+01   0.13556E+01
   0.69162E+02   0.57824E+02   0.12985E+01   0.13802E+01
   0.67717E+02   0.56546E+02   0.13196E+01   0.14044E+01
   0.66320E+02   0.55310E+02   0.13403E+01   0.14282E+01
   0.64968E+02   0.54115E+02   0.13606E+01   0.14517E+01
   0.63660E+02   0.52959E+02   0.13807E+01   0.14751E+01
   0.62394E+02   0.51839E+02   0.14005E+01   0.14982E+01
   0.61166E+02   0.50754E+02   0.14199E+01   0.15210E+01
   0.59975E+02   0.49701E+02   0.14392E+01   0.15437E+01
   0.58819E+02   0.48679E+02   0.14584E+01   0.15664E+01
   0.57696E+02   0.47686E+02   0.14777E+01   0.15893E+01
   0.56605E+02   0.46720E+02   0.14972E+01   0.16127E+01
   0.55543E+02   0.45780E+02   0.15172E+01   0.16366E+01
   0.54508E+02   0.44863E+02   0.15376E+01   0.16610E+01
   0.53499E+02   0.43970E+02   0.15583E+01   0.16859E+01
   0.52515E+02   0.43098E+02   0.15792E+01   0.17112E+01
   0.51553E+02   0.42246E+02   0.16004E+01   0.17369E+01
   0.50612E+02   0.41413E+02   0.16216E+01   0.17627E+01
   0.49692E+02   0.40597E+02   0.16428E+01   0.17887E+01
   0.48790E+02   0.39798E+02   0.16639E+01   0.18147E+01
   0.47906E+02   0.39015E+02   0.16845E+01   0.18404E+01
   0.47038E+02   0.38246E+02   0.17045E+01   0.18656E+01
   0.46186E+02   0.37491E+02   0.17241E+01   0.18904E+01
   0.45348E+02   0.36749E+02   0.17432E+01   0.19148E+01
   0.44523E+02   0.36019E+02   0.17618E+01   0.19390E+01
   0.43712E+02   0.35301E+02   0.17799E+01   0.19627E+01
   0.42911E+02   0.34593E+02   0.17976E+01   0.19861E+01
   0.42122E+02   0.33894E+02   0.18147E+01   0.20091E+01
   0.41343E+02   0.33206E+02   0.18316E+01   0.20320E+01
   0.40574E+02   0.32525E+02   0.18482E+01   0.20549E+01
   0.39814E+02   0.31853E+02   0.18648E+01   0.20779E+01
   0.39063E+02   0.31189E+02   0.18812E+01   0.21011E+01
   0.38320E+02   0.30532E+02   0.18976E+01   0.21243E+01
   0.37584E+02   0.29881E+02   0.19138E+01   0.21478E+01
   0.36855E+02   0.29237E+02   0.19301E+01   0.21716E+01
   0.36132E+02   0.28598E+02   0.19466E+01   0.21958E+01
   0.35416E+02   0.27965E+02   0.19630E+01   0.22204E+01
   0.34705E+02   0.27337E+02   0.19795E+01   0.22454E+01
   0.33999E+02   0.26714E+02   0.19960E+01   0.22707E+01
   0.33298E+02   0.26096E+02   0.20122E+01   0.22962E+01
   0.32602E+02   0.25481E+02   0.20281E+01   0.23217E+01
   0.31910E+02   0.24871E+02   0.20434E+01   0.23471E+01
   0.31222E+02   0.24264E+02   0.20581E+01   0.23722E+01
   0.30537E+02   0.23661E+02   0.20722E+01   0.23971E+01
   0.29856E+02   0.23061E+02   0.20857E+01   0.24218E+01
   0.29178E+02   0.22464E+02   0.20985E+01   0.24465E+01
   0.28503E+02   0.21869E+02   0.21106E+01   0.24710E+01
   0.27830E+02   0.21277E+02   0.21221E+01   0.24954E+01
   0.27160E+02   0.20688E+02   0.21329E+01   0.25199E+01
   0.26492E+02   0.20101E+02   0.21433E+01   0.25446E+01
   0.25827E+02   0.19516E+02   0.21531E+01   0.25698E+01
   0.25164E+02   0.18934E+02   0.21626E+01   0.25956E+01
   0.24503E+02   0.18353E+02   0.21716E+01   0.26220E+01
   0.23845E+02   0.17773E+02   0.21803E+01   0.26494E+01
   0.23188E+02   0.17196E+02   0.21886E+01   0.26779E+01
   0.22534E+02   0.16620E+02   0.21962E+01   0.27074E+01
   0.21882E+02   0.16045E+02   0.22028E+01   0.27376E+01
   0.21233E+02   0.15472E+02   0.22078E+01   0.27682E+01
   0.20586E+02   0.14900E+02   0.22106E+01   0.27988E+01
   0.19942E+02   0.14329E+02   0.22106E+01   0.28290E+01
   0.19301E+02   0.13759E+02   0.22073E+01   0.28585E+01
   0.18662E+02   0.13190E+02   0.21997E+01   0.28864E+01
   0.18026E+02   0.12622E+02   0.21869E+01   0.29123E+01
   0.17394E+02   0.12055E+02   0.21679E+01   0.29353E+01
   0.16764E+02   0.11489E+02   0.21418E+01   0.29548E+01
   0.16136E+02   0.10924E+02   0.21077E+01   0.29705E+01
   0.15511E+02   0.10359E+02   0.20639E+01   0.29804E+01
   0.14888E+02   0.97955E+01   0.20082E+01   0.29820E+01
   0.14263E+02   0.92322E+01   0.19389E+01   0.29726E+01
   0.13636E+02   0.86695E+01   0.18536E+01   0.29484E+01
   0.13002E+02   0.81073E+01   0.17496E+01   0.29031E+01
   0.12355E+02   0.75457E+01   0.16238E+01   0.28282E+01
   0.11686E+02   0.69846E+01   0.14754E+01   0.27154E+01
   0.10984E+02   0.64239E+01   0.13057E+01   0.25562E+01
   0.10237E+02   0.58636E+01   0.11161E+01   0.23388E+01
   0.94333E+01   0.53037E+01   0.91244E+00   0.20571E+01
   0.85639E+01   0.47442E+01   0.70720E+00   0.17207E+01
   0.76277E+01   0.41850E+01   0.51457E+00   0.13514E+01
   0.66334E+01   0.36261E+01   0.34651E+00   0.97918E+00
   0.55999E+01   0.30676E+01   0.21327E+00   0.64454E+00
   0.45498E+01   0.25093E+01   0.11841E+00   0.37987E+00
   0.35028E+01   0.19513E+01   0.57540E-01   0.19454E+00
   0.24717E+01   0.13935E+01   0.22418E-01   0.79386E-01
   0.14634E+01   0.83595E+00   0.60352E-02   0.22272E-01
   0.48109E+00   0.27861E+00   0.78245E-03   0.29972E-02
