   0.19089E+03   0.17785E+03   0.13250E-02   0.13251E-02
   0.18627E+03   0.17355E+03   0.40012E-02   0.40015E-02
   0.18168E+03   0.16926E+03   0.72691E-02   0.72697E-02
   0.17710E+03   0.16500E+03   0.10473E-01   0.10474E-01
   0.17256E+03   0.16077E+03   0.13496E-01   0.13497E-01
   0.16806E+03   0.15657E+03   0.16693E-01   0.16695E-01
   0.16361E+03   0.15242E+03   0.20880E-01   0.20884E-01
   0.15922E+03   0.14832E+03   0.25942E-01   0.25947E-01
   0.15489E+03   0.14428E+03   0.31620E-01   0.31628E-01
   0.15063E+03   0.14031E+03   0.38514E-01   0.38525E-01
   0.14646E+03   0.13641E+03   0.47210E-01   0.47226E-01
   0.14236E+03   0.13258E+03   0.57550E-01   0.57575E-01
   0.13836E+03   0.12884E+03   0.68809E-01   0.68844E-01
   0.13445E+03   0.12519E+03   0.80694E-01   0.80742E-01
   0.13063E+03   0.12162E+03   0.93478E-01   0.93543E-01
   0.12692E+03   0.11815E+03   0.10742E+00   0.10751E+00
   0.12330E+03   0.11476E+03   0.12222E+00   0.12233E+00
   0.11979E+03   0.11148E+03   0.13763E+00   0.13778E+00
   0.11639E+03   0.10829E+03   0.15408E+00   0.15427E+00
   0.11309E+03   0.10521E+03   0.17146E+00   0.17170E+00
   0.10990E+03   0.10221E+03   0.18961E+00   0.18990E+00
   0.10681E+03   0.99322E+02   0.20896E+00   0.20932E+00
   0.10383E+03   0.96527E+02   0.22914E+00   0.22959E+00
   0.10095E+03   0.93827E+02   0.24989E+00   0.25042E+00
   0.98178E+02   0.91223E+02   0.27125E+00   0.27189E+00
   0.95501E+02   0.88711E+02   0.29329E+00   0.29406E+00
   0.92921E+02   0.86290E+02   0.31597E+00   0.31687E+00
   0.90437E+02   0.83958E+02   0.33915E+00   0.34021E+00
   0.88046E+02   0.81713E+02   0.36253E+00   0.36376E+00
   0.85744E+02   0.79552E+02   0.38598E+00   0.38738E+00
   0.83529E+02   0.77471E+02   0.40955E+00   0.41116E+00
   0.81399E+02   0.75470E+02   0.43331E+00   0.43514E+00
   0.79349E+02   0.73544E+02   0.45702E+00   0.45908E+00
   0.77378E+02   0.71691E+02   0.48020E+00   0.48252E+00
   0.75481E+02   0.69908E+02   0.50258E+00   0.50516E+00
   0.73655E+02   0.68193E+02   0.52414E+00   0.52699E+00
   0.71898E+02   0.66541E+02   0.54506E+00   0.54821E+00
   0.70207E+02   0.64951E+02   0.56573E+00   0.56919E+00
   0.68577E+02   0.63419E+02   0.58628E+00   0.59006E+00
   0.67007E+02   0.61943E+02   0.60664E+00   0.61075E+00
   0.65493E+02   0.60521E+02   0.62666E+00   0.63112E+00
   0.64033E+02   0.59148E+02   0.64645E+00   0.65127E+00
   0.62623E+02   0.57824E+02   0.66602E+00   0.67121E+00
   0.61262E+02   0.56546E+02   0.68535E+00   0.69092E+00
   0.59946E+02   0.55310E+02   0.70453E+00   0.71050E+00
   0.58674E+02   0.54115E+02   0.72365E+00   0.73004E+00
   0.57444E+02   0.52959E+02   0.74280E+00   0.74962E+00
   0.56252E+02   0.51839E+02   0.76205E+00   0.76933E+00
   0.55098E+02   0.50754E+02   0.78133E+00   0.78909E+00
   0.53978E+02   0.49701E+02   0.80053E+00   0.80878E+00
   0.52890E+02   0.48679E+02   0.81948E+00   0.82825E+00
   0.51834E+02   0.47686E+02   0.83806E+00   0.84736E+00
   0.50806E+02   0.46720E+02   0.85610E+00   0.86594E+00
   0.49805E+02   0.45780E+02   0.87366E+00   0.88405E+00
   0.48831E+02   0.44863E+02   0.89082E+00   0.90178E+00
   0.47880E+02   0.43970E+02   0.90766E+00   0.91920E+00
   0.46951E+02   0.43098E+02   0.92420E+00   0.93634E+00
   0.46044E+02   0.42246E+02   0.94039E+00   0.95314E+00
   0.45157E+02   0.41413E+02   0.95622E+00   0.96960E+00
   0.44289E+02   0.40597E+02   0.97174E+00   0.98575E+00
   0.43438E+02   0.39798E+02   0.98704E+00   0.10017E+01
   0.42604E+02   0.39015E+02   0.10023E+01   0.10176E+01
   0.41786E+02   0.38246E+02   0.10175E+01   0.10336E+01
   0.40983E+02   0.37491E+02   0.10328E+01   0.10496E+01
   0.40193E+02   0.36749E+02   0.10483E+01   0.10659E+01
   0.39416E+02   0.36019E+02   0.10639E+01   0.10823E+01
   0.38651E+02   0.35301E+02   0.10798E+01   0.10990E+01
   0.37897E+02   0.34593E+02   0.10958E+01   0.11159E+01
   0.37153E+02   0.33894E+02   0.11119E+01   0.11329E+01
   0.36420E+02   0.33206E+02   0.11281E+01   0.11501E+01
   0.35695E+02   0.32525E+02   0.11443E+01   0.11672E+01
   0.34980E+02   0.31853E+02   0.11603E+01   0.11843E+01
   0.34272E+02   0.31189E+02   0.11762E+01   0.12012E+01
   0.33572E+02   0.30532E+02   0.11919E+01   0.12180E+01
   0.32879E+02   0.29881E+02   0.12075E+01   0.12348E+01
   0.32193E+02   0.29237E+02   0.12229E+01   0.12514E+01
   0.31513E+02   0.28598E+02   0.12384E+01   0.12681E+01
   0.30839E+02   0.27965E+02   0.12538E+01   0.12849E+01
   0.30171E+02   0.27337E+02   0.12693E+01   0.13017E+01
   0.29508E+02   0.26714E+02   0.12849E+01   0.13187E+01
   0.28850E+02   0.26096E+02   0.13005E+01   0.13359E+01
   0.28196E+02   0.25481E+02   0.13162E+01   0.13532E+01
   0.27547E+02   0.24871E+02   0.13318E+01   0.13706E+01
   0.26901E+02   0.24264E+02   0.13475E+01   0.13880E+01
   0.26260E+02   0.23661E+02   0.13630E+01   0.14055E+01
   0.25622E+02   0.23061E+02   0.13785E+01   0.14230E+01
   0.24987E+02   0.22464E+02   0.13938E+01   0.14404E+01
   0.24355E+02   0.21869E+02   0.14088E+01   0.14577E+01
   0.23726E+02   0.21277E+02   0.14236E+01   0.14749E+01
   0.23100E+02   0.20688E+02   0.14381E+01   0.14920E+01
   0.22477E+02   0.20101E+02   0.14524E+01   0.15090E+01
   0.21856E+02   0.19516E+02   0.14666E+01   0.15261E+01
   0.21237E+02   0.18934E+02   0.14805E+01   0.15431E+01
   0.20621E+02   0.18353E+02   0.14942E+01   0.15602E+01
   0.20007E+02   0.17773E+02   0.15077E+01   0.15773E+01
   0.19395E+02   0.17196E+02   0.15209E+01   0.15943E+01
   0.18785E+02   0.16620E+02   0.15336E+01   0.16113E+01
   0.18178E+02   0.16045E+02   0.15457E+01   0.16280E+01
   0.17572E+02   0.15472E+02   0.15571E+01   0.16443E+01
   0.16968E+02   0.14900E+02   0.15676E+01   0.16603E+01
   0.16366E+02   0.14329E+02   0.15772E+01   0.16758E+01
   0.15766E+02   0.13759E+02   0.15855E+01   0.16907E+01
   0.15168E+02   0.13190E+02   0.15924E+01   0.17047E+01
   0.14572E+02   0.12622E+02   0.15975E+01   0.17178E+01
   0.13979E+02   0.12055E+02   0.16005E+01   0.17298E+01
   0.13388E+02   0.11489E+02   0.16012E+01   0.17403E+01
   0.12799E+02   0.10924E+02   0.15991E+01   0.17493E+01
   0.12212E+02   0.10359E+02   0.15934E+01   0.17561E+01
   0.11629E+02   0.97955E+01   0.15833E+01   0.17601E+01
   0.11049E+02   0.92322E+01   0.15678E+01   0.17604E+01
   0.10472E+02   0.86695E+01   0.15457E+01   0.17565E+01
   0.98995E+01   0.81073E+01   0.15158E+01   0.17472E+01
   0.93307E+01   0.75457E+01   0.14763E+01   0.17309E+01
   0.87661E+01   0.69846E+01   0.14247E+01   0.17054E+01
   0.82055E+01   0.64239E+01   0.13586E+01   0.16682E+01
   0.76482E+01   0.58636E+01   0.12758E+01   0.16167E+01
   0.70920E+01   0.53037E+01   0.11734E+01   0.15463E+01
   0.65337E+01   0.47442E+01   0.10482E+01   0.14504E+01
   0.59674E+01   0.41850E+01   0.89907E+00   0.13223E+01
   0.53819E+01   0.36261E+01   0.72823E+00   0.11553E+01
   0.47596E+01   0.30676E+01   0.54104E+00   0.94133E+00
   0.40755E+01   0.25093E+01   0.35189E+00   0.68239E+00
   0.33026E+01   0.19513E+01   0.18560E+00   0.40572E+00
   0.24278E+01   0.13935E+01   0.69842E-01   0.17193E+00
   0.14744E+01   0.83595E+00   0.15444E-01   0.42128E-01
   0.49098E+00   0.27861E+00   0.15796E-02   0.46680E-02
