   0.19160E+03   0.17785E+03   0.10866E-01   0.10884E-01
   0.18698E+03   0.17355E+03   0.29498E-01   0.29547E-01
   0.18237E+03   0.16926E+03   0.47503E-01   0.47584E-01
   0.17779E+03   0.16500E+03   0.63642E-01   0.63755E-01
   0.17324E+03   0.16077E+03   0.79222E-01   0.79369E-01
   0.16874E+03   0.15657E+03   0.94530E-01   0.94714E-01
   0.16428E+03   0.15242E+03   0.10935E+00   0.10957E+00
   0.15989E+03   0.14832E+03   0.12516E+00   0.12543E+00
   0.15557E+03   0.14428E+03   0.14196E+00   0.14229E+00
   0.15132E+03   0.14031E+03   0.15976E+00   0.16017E+00
   0.14715E+03   0.13641E+03   0.17845E+00   0.17893E+00
   0.14306E+03   0.13258E+03   0.19837E+00   0.19896E+00
   0.13906E+03   0.12884E+03   0.21977E+00   0.22048E+00
   0.13516E+03   0.12519E+03   0.24277E+00   0.24362E+00
   0.13136E+03   0.12162E+03   0.26705E+00   0.26806E+00
   0.12765E+03   0.11815E+03   0.29132E+00   0.29252E+00
   0.12405E+03   0.11476E+03   0.31528E+00   0.31669E+00
   0.12055E+03   0.11148E+03   0.33957E+00   0.34119E+00
   0.11715E+03   0.10829E+03   0.36447E+00   0.36636E+00
   0.11386E+03   0.10521E+03   0.38925E+00   0.39142E+00
   0.11068E+03   0.10221E+03   0.41312E+00   0.41559E+00
   0.10760E+03   0.99322E+02   0.43603E+00   0.43881E+00
   0.10462E+03   0.96527E+02   0.45858E+00   0.46169E+00
   0.10174E+03   0.93827E+02   0.48105E+00   0.48452E+00
   0.98966E+02   0.91223E+02   0.50330E+00   0.50714E+00
   0.96291E+02   0.88711E+02   0.52547E+00   0.52972E+00
   0.93712E+02   0.86290E+02   0.54755E+00   0.55223E+00
   0.91228E+02   0.83958E+02   0.56946E+00   0.57459E+00
   0.88836E+02   0.81713E+02   0.59075E+00   0.59635E+00
   0.86534E+02   0.79552E+02   0.61144E+00   0.61753E+00
   0.84318E+02   0.77471E+02   0.63224E+00   0.63885E+00
   0.82187E+02   0.75470E+02   0.65352E+00   0.66069E+00
   0.80137E+02   0.73544E+02   0.67519E+00   0.68295E+00
   0.78164E+02   0.71691E+02   0.69718E+00   0.70556E+00
   0.76265E+02   0.69908E+02   0.71948E+00   0.72852E+00
   0.74438E+02   0.68193E+02   0.74203E+00   0.75175E+00
   0.72679E+02   0.66541E+02   0.76441E+00   0.77484E+00
   0.70986E+02   0.64951E+02   0.78621E+00   0.79737E+00
   0.69354E+02   0.63419E+02   0.80716E+00   0.81906E+00
   0.67780E+02   0.61943E+02   0.82713E+00   0.83978E+00
   0.66263E+02   0.60521E+02   0.84618E+00   0.85959E+00
   0.64799E+02   0.59148E+02   0.86430E+00   0.87847E+00
   0.63385E+02   0.57824E+02   0.88156E+00   0.89649E+00
   0.62020E+02   0.56546E+02   0.89826E+00   0.91395E+00
   0.60700E+02   0.55310E+02   0.91474E+00   0.93123E+00
   0.59424E+02   0.54115E+02   0.93118E+00   0.94848E+00
   0.58189E+02   0.52959E+02   0.94749E+00   0.96561E+00
   0.56992E+02   0.51839E+02   0.96351E+00   0.98247E+00
   0.55832E+02   0.50754E+02   0.97910E+00   0.99891E+00
   0.54706E+02   0.49701E+02   0.99426E+00   0.10149E+01
   0.53612E+02   0.48679E+02   0.10090E+01   0.10305E+01
   0.52550E+02   0.47686E+02   0.10233E+01   0.10457E+01
   0.51516E+02   0.46720E+02   0.10373E+01   0.10607E+01
   0.50509E+02   0.45780E+02   0.10511E+01   0.10754E+01
   0.49529E+02   0.44863E+02   0.10647E+01   0.10899E+01
   0.48572E+02   0.43970E+02   0.10780E+01   0.11041E+01
   0.47638E+02   0.43098E+02   0.10910E+01   0.11181E+01
   0.46725E+02   0.42246E+02   0.11037E+01   0.11317E+01
   0.45832E+02   0.41413E+02   0.11160E+01   0.11451E+01
   0.44957E+02   0.40597E+02   0.11282E+01   0.11582E+01
   0.44101E+02   0.39798E+02   0.11401E+01   0.11712E+01
   0.43261E+02   0.39015E+02   0.11521E+01   0.11843E+01
   0.42437E+02   0.38246E+02   0.11641E+01   0.11974E+01
   0.41628E+02   0.37491E+02   0.11762E+01   0.12105E+01
   0.40832E+02   0.36749E+02   0.11882E+01   0.12238E+01
   0.40049E+02   0.36019E+02   0.12002E+01   0.12370E+01
   0.39279E+02   0.35301E+02   0.12121E+01   0.12501E+01
   0.38519E+02   0.34593E+02   0.12239E+01   0.12632E+01
   0.37770E+02   0.33894E+02   0.12357E+01   0.12763E+01
   0.37031E+02   0.33206E+02   0.12473E+01   0.12893E+01
   0.36301E+02   0.32525E+02   0.12588E+01   0.13022E+01
   0.35579E+02   0.31853E+02   0.12703E+01   0.13151E+01
   0.34866E+02   0.31189E+02   0.12817E+01   0.13280E+01
   0.34160E+02   0.30532E+02   0.12931E+01   0.13410E+01
   0.33462E+02   0.29881E+02   0.13047E+01   0.13541E+01
   0.32770E+02   0.29237E+02   0.13163E+01   0.13674E+01
   0.32085E+02   0.28598E+02   0.13280E+01   0.13809E+01
   0.31406E+02   0.27965E+02   0.13398E+01   0.13945E+01
   0.30732E+02   0.27337E+02   0.13517E+01   0.14083E+01
   0.30064E+02   0.26714E+02   0.13636E+01   0.14223E+01
   0.29401E+02   0.26096E+02   0.13755E+01   0.14364E+01
   0.28742E+02   0.25481E+02   0.13875E+01   0.14506E+01
   0.28087E+02   0.24871E+02   0.13995E+01   0.14650E+01
   0.27437E+02   0.24264E+02   0.14113E+01   0.14793E+01
   0.26790E+02   0.23661E+02   0.14230E+01   0.14937E+01
   0.26147E+02   0.23061E+02   0.14345E+01   0.15079E+01
   0.25508E+02   0.22464E+02   0.14458E+01   0.15222E+01
   0.24871E+02   0.21869E+02   0.14571E+01   0.15366E+01
   0.24238E+02   0.21277E+02   0.14683E+01   0.15511E+01
   0.23607E+02   0.20688E+02   0.14793E+01   0.15656E+01
   0.22980E+02   0.20101E+02   0.14901E+01   0.15802E+01
   0.22355E+02   0.19516E+02   0.15004E+01   0.15946E+01
   0.21732E+02   0.18934E+02   0.15103E+01   0.16087E+01
   0.21112E+02   0.18353E+02   0.15197E+01   0.16227E+01
   0.20495E+02   0.17773E+02   0.15285E+01   0.16364E+01
   0.19879E+02   0.17196E+02   0.15366E+01   0.16499E+01
   0.19267E+02   0.16620E+02   0.15442E+01   0.16632E+01
   0.18656E+02   0.16045E+02   0.15511E+01   0.16764E+01
   0.18048E+02   0.15472E+02   0.15573E+01   0.16894E+01
   0.17443E+02   0.14900E+02   0.15626E+01   0.17023E+01
   0.16840E+02   0.14329E+02   0.15669E+01   0.17149E+01
   0.16240E+02   0.13759E+02   0.15700E+01   0.17272E+01
   0.15643E+02   0.13190E+02   0.15718E+01   0.17391E+01
   0.15048E+02   0.12622E+02   0.15717E+01   0.17505E+01
   0.14457E+02   0.12055E+02   0.15694E+01   0.17610E+01
   0.13869E+02   0.11489E+02   0.15643E+01   0.17703E+01
   0.13285E+02   0.10924E+02   0.15555E+01   0.17777E+01
   0.12705E+02   0.10359E+02   0.15425E+01   0.17830E+01
   0.12130E+02   0.97955E+01   0.15244E+01   0.17857E+01
   0.11559E+02   0.92322E+01   0.14997E+01   0.17845E+01
   0.10994E+02   0.86695E+01   0.14665E+01   0.17778E+01
   0.10434E+02   0.81073E+01   0.14225E+01   0.17633E+01
   0.98795E+01   0.75457E+01   0.13652E+01   0.17382E+01
   0.93294E+01   0.69846E+01   0.12923E+01   0.16994E+01
   0.87825E+01   0.64239E+01   0.12016E+01   0.16433E+01
   0.82354E+01   0.58636E+01   0.10914E+01   0.15654E+01
   0.76824E+01   0.53037E+01   0.96086E+00   0.14601E+01
   0.71138E+01   0.47442E+01   0.81187E+00   0.13224E+01
   0.65146E+01   0.41850E+01   0.64849E+00   0.11467E+01
   0.58646E+01   0.36261E+01   0.47812E+00   0.92928E+00
   0.51399E+01   0.30676E+01   0.31502E+00   0.67949E+00
   0.43233E+01   0.25093E+01   0.17825E+00   0.42799E+00
   0.34179E+01   0.19513E+01   0.81322E-01   0.21609E+00
   0.24515E+01   0.13935E+01   0.27981E-01   0.81117E-01
   0.14638E+01   0.83595E+00   0.66911E-02   0.20809E-01
   0.48333E+00   0.27861E+00   0.81664E-03   0.26892E-02
