   0.19549E+03   0.17785E+03   0.15519E-01   0.15629E-01
   0.19077E+03   0.17355E+03   0.43887E-01   0.44202E-01
   0.18608E+03   0.16926E+03   0.70465E-01   0.70976E-01
   0.18141E+03   0.16500E+03   0.94407E-01   0.95101E-01
   0.17679E+03   0.16077E+03   0.11798E+00   0.11887E+00
   0.17221E+03   0.15657E+03   0.14203E+00   0.14313E+00
   0.16769E+03   0.15242E+03   0.16641E+00   0.16772E+00
   0.16322E+03   0.14832E+03   0.19067E+00   0.19222E+00
   0.15883E+03   0.14428E+03   0.21536E+00   0.21718E+00
   0.15452E+03   0.14031E+03   0.24068E+00   0.24279E+00
   0.15029E+03   0.13641E+03   0.26637E+00   0.26881E+00
   0.14614E+03   0.13258E+03   0.29292E+00   0.29572E+00
   0.14209E+03   0.12884E+03   0.32078E+00   0.32399E+00
   0.13813E+03   0.12519E+03   0.34974E+00   0.35341E+00
   0.13428E+03   0.12162E+03   0.37916E+00   0.38333E+00
   0.13052E+03   0.11815E+03   0.40910E+00   0.41383E+00
   0.12687E+03   0.11476E+03   0.43868E+00   0.44400E+00
   0.12332E+03   0.11148E+03   0.46778E+00   0.47371E+00
   0.11987E+03   0.10829E+03   0.49647E+00   0.50306E+00
   0.11653E+03   0.10521E+03   0.52468E+00   0.53196E+00
   0.11330E+03   0.10221E+03   0.55230E+00   0.56032E+00
   0.11017E+03   0.99322E+02   0.57932E+00   0.58810E+00
   0.10715E+03   0.96527E+02   0.60511E+00   0.61467E+00
   0.10423E+03   0.93827E+02   0.62986E+00   0.64024E+00
   0.10141E+03   0.91223E+02   0.65454E+00   0.66575E+00
   0.98687E+02   0.88711E+02   0.67949E+00   0.69159E+00
   0.96063E+02   0.86290E+02   0.70434E+00   0.71734E+00
   0.93535E+02   0.83958E+02   0.72850E+00   0.74244E+00
   0.91100E+02   0.81713E+02   0.75190E+00   0.76679E+00
   0.88756E+02   0.79552E+02   0.77465E+00   0.79052E+00
   0.86500E+02   0.77471E+02   0.79677E+00   0.81364E+00
   0.84328E+02   0.75470E+02   0.81831E+00   0.83621E+00
   0.82238E+02   0.73544E+02   0.83909E+00   0.85804E+00
   0.80226E+02   0.71691E+02   0.85894E+00   0.87893E+00
   0.78288E+02   0.69908E+02   0.87771E+00   0.89875E+00
   0.76423E+02   0.68193E+02   0.89515E+00   0.91723E+00
   0.74627E+02   0.66541E+02   0.91100E+00   0.93411E+00
   0.72897E+02   0.64951E+02   0.92544E+00   0.94957E+00
   0.71231E+02   0.63419E+02   0.93898E+00   0.96412E+00
   0.69626E+02   0.61943E+02   0.95207E+00   0.97826E+00
   0.68079E+02   0.60521E+02   0.96499E+00   0.99224E+00
   0.66587E+02   0.59148E+02   0.97803E+00   0.10064E+01
   0.65147E+02   0.57824E+02   0.99144E+00   0.10209E+01
   0.63756E+02   0.56546E+02   0.10055E+01   0.10362E+01
   0.62413E+02   0.55310E+02   0.10203E+01   0.10522E+01
   0.61113E+02   0.54115E+02   0.10357E+01   0.10689E+01
   0.59856E+02   0.52959E+02   0.10513E+01   0.10859E+01
   0.58638E+02   0.51839E+02   0.10671E+01   0.11030E+01
   0.57456E+02   0.50754E+02   0.10826E+01   0.11199E+01
   0.56310E+02   0.49701E+02   0.10978E+01   0.11366E+01
   0.55197E+02   0.48679E+02   0.11126E+01   0.11527E+01
   0.54114E+02   0.47686E+02   0.11268E+01   0.11684E+01
   0.53061E+02   0.46720E+02   0.11407E+01   0.11837E+01
   0.52035E+02   0.45780E+02   0.11543E+01   0.11988E+01
   0.51035E+02   0.44863E+02   0.11678E+01   0.12137E+01
   0.50059E+02   0.43970E+02   0.11812E+01   0.12287E+01
   0.49106E+02   0.43098E+02   0.11945E+01   0.12435E+01
   0.48175E+02   0.42246E+02   0.12077E+01   0.12583E+01
   0.47265E+02   0.41413E+02   0.12208E+01   0.12730E+01
   0.46374E+02   0.40597E+02   0.12337E+01   0.12875E+01
   0.45500E+02   0.39798E+02   0.12462E+01   0.13017E+01
   0.44644E+02   0.39015E+02   0.12584E+01   0.13156E+01
   0.43803E+02   0.38246E+02   0.12703E+01   0.13293E+01
   0.42978E+02   0.37491E+02   0.12820E+01   0.13428E+01
   0.42166E+02   0.36749E+02   0.12935E+01   0.13561E+01
   0.41368E+02   0.36019E+02   0.13048E+01   0.13693E+01
   0.40581E+02   0.35301E+02   0.13161E+01   0.13824E+01
   0.39807E+02   0.34593E+02   0.13274E+01   0.13957E+01
   0.39043E+02   0.33894E+02   0.13388E+01   0.14092E+01
   0.38289E+02   0.33206E+02   0.13505E+01   0.14230E+01
   0.37545E+02   0.32525E+02   0.13623E+01   0.14370E+01
   0.36809E+02   0.31853E+02   0.13742E+01   0.14512E+01
   0.36082E+02   0.31189E+02   0.13862E+01   0.14657E+01
   0.35363E+02   0.30532E+02   0.13983E+01   0.14802E+01
   0.34651E+02   0.29881E+02   0.14104E+01   0.14949E+01
   0.33946E+02   0.29237E+02   0.14224E+01   0.15095E+01
   0.33247E+02   0.28598E+02   0.14342E+01   0.15241E+01
   0.32555E+02   0.27965E+02   0.14458E+01   0.15386E+01
   0.31868E+02   0.27337E+02   0.14572E+01   0.15531E+01
   0.31187E+02   0.26714E+02   0.14684E+01   0.15674E+01
   0.30511E+02   0.26096E+02   0.14793E+01   0.15816E+01
   0.29840E+02   0.25481E+02   0.14900E+01   0.15958E+01
   0.29173E+02   0.24871E+02   0.15007E+01   0.16102E+01
   0.28511E+02   0.24264E+02   0.15115E+01   0.16248E+01
   0.27853E+02   0.23661E+02   0.15223E+01   0.16399E+01
   0.27199E+02   0.23061E+02   0.15333E+01   0.16552E+01
   0.26549E+02   0.22464E+02   0.15443E+01   0.16709E+01
   0.25902E+02   0.21869E+02   0.15553E+01   0.16869E+01
   0.25258E+02   0.21277E+02   0.15664E+01   0.17033E+01
   0.24618E+02   0.20688E+02   0.15776E+01   0.17203E+01
   0.23981E+02   0.20101E+02   0.15890E+01   0.17379E+01
   0.23347E+02   0.19516E+02   0.16007E+01   0.17562E+01
   0.22716E+02   0.18934E+02   0.16125E+01   0.17753E+01
   0.22088E+02   0.18353E+02   0.16244E+01   0.17950E+01
   0.21462E+02   0.17773E+02   0.16362E+01   0.18154E+01
   0.20840E+02   0.17196E+02   0.16475E+01   0.18360E+01
   0.20221E+02   0.16620E+02   0.16581E+01   0.18567E+01
   0.19604E+02   0.16045E+02   0.16676E+01   0.18772E+01
   0.18991E+02   0.15472E+02   0.16757E+01   0.18975E+01
   0.18382E+02   0.14900E+02   0.16821E+01   0.19172E+01
   0.17776E+02   0.14329E+02   0.16862E+01   0.19359E+01
   0.17173E+02   0.13759E+02   0.16876E+01   0.19534E+01
   0.16575E+02   0.13190E+02   0.16862E+01   0.19699E+01
   0.15981E+02   0.12622E+02   0.16818E+01   0.19854E+01
   0.15391E+02   0.12055E+02   0.16734E+01   0.19993E+01
   0.14807E+02   0.11489E+02   0.16601E+01   0.20108E+01
   0.14227E+02   0.10924E+02   0.16411E+01   0.20195E+01
   0.13653E+02   0.10359E+02   0.16149E+01   0.20242E+01
   0.13085E+02   0.97955E+01   0.15804E+01   0.20238E+01
   0.12522E+02   0.92322E+01   0.15363E+01   0.20174E+01
   0.11963E+02   0.86695E+01   0.14806E+01   0.20024E+01
   0.11408E+02   0.81073E+01   0.14100E+01   0.19740E+01
   0.10854E+02   0.75457E+01   0.13207E+01   0.19259E+01
   0.10298E+02   0.69846E+01   0.12108E+01   0.18525E+01
   0.97349E+01   0.64239E+01   0.10809E+01   0.17501E+01
   0.91556E+01   0.58636E+01   0.93168E+00   0.16121E+01
   0.85456E+01   0.53037E+01   0.76763E+00   0.14340E+01
   0.78868E+01   0.47442E+01   0.59666E+00   0.12151E+01
   0.71594E+01   0.41850E+01   0.42904E+00   0.96009E+00
   0.63453E+01   0.36261E+01   0.27826E+00   0.68655E+00
   0.54397E+01   0.30676E+01   0.15939E+00   0.43191E+00
   0.44632E+01   0.25093E+01   0.79688E-01   0.23448E+00
   0.34534E+01   0.19513E+01   0.35076E-01   0.11049E+00
   0.24428E+01   0.13935E+01   0.13276E-01   0.44242E-01
   0.14483E+01   0.83595E+00   0.36703E-02   0.12834E-01
   0.47650E+00   0.27861E+00   0.49737E-03   0.18148E-02
