   0.19994E+03   0.17785E+03   0.18439E-01   0.18705E-01
   0.19512E+03   0.17355E+03   0.50567E-01   0.51302E-01
   0.19033E+03   0.16926E+03   0.82753E-01   0.83968E-01
   0.18556E+03   0.16500E+03   0.11304E+00   0.11472E+00
   0.18084E+03   0.16077E+03   0.14111E+00   0.14323E+00
   0.17616E+03   0.15657E+03   0.16784E+00   0.17039E+00
   0.17154E+03   0.15242E+03   0.19440E+00   0.19742E+00
   0.16699E+03   0.14832E+03   0.22129E+00   0.22479E+00
   0.16252E+03   0.14428E+03   0.24836E+00   0.25240E+00
   0.15812E+03   0.14031E+03   0.27422E+00   0.27880E+00
   0.15380E+03   0.13641E+03   0.29891E+00   0.30404E+00
   0.14958E+03   0.13258E+03   0.32438E+00   0.33011E+00
   0.14545E+03   0.12884E+03   0.35202E+00   0.35843E+00
   0.14142E+03   0.12519E+03   0.38175E+00   0.38895E+00
   0.13749E+03   0.12162E+03   0.41217E+00   0.42023E+00
   0.13366E+03   0.11815E+03   0.44165E+00   0.45059E+00
   0.12994E+03   0.11476E+03   0.47012E+00   0.47999E+00
   0.12633E+03   0.11148E+03   0.49766E+00   0.50849E+00
   0.12282E+03   0.10829E+03   0.52418E+00   0.53599E+00
   0.11942E+03   0.10521E+03   0.54938E+00   0.56220E+00
   0.11613E+03   0.10221E+03   0.57298E+00   0.58680E+00
   0.11294E+03   0.99322E+02   0.59488E+00   0.60970E+00
   0.10985E+03   0.96527E+02   0.61582E+00   0.63165E+00
   0.10687E+03   0.93827E+02   0.63699E+00   0.65388E+00
   0.10400E+03   0.91223E+02   0.65964E+00   0.67769E+00
   0.10123E+03   0.88711E+02   0.68455E+00   0.70387E+00
   0.98556E+02   0.86290E+02   0.71144E+00   0.73215E+00
   0.95983E+02   0.83958E+02   0.73944E+00   0.76163E+00
   0.93504E+02   0.81713E+02   0.76748E+00   0.79120E+00
   0.91118E+02   0.79552E+02   0.79557E+00   0.82088E+00
   0.88821E+02   0.77471E+02   0.82407E+00   0.85106E+00
   0.86611E+02   0.75470E+02   0.85255E+00   0.88128E+00
   0.84483E+02   0.73544E+02   0.87989E+00   0.91038E+00
   0.82436E+02   0.71691E+02   0.90549E+00   0.93775E+00
   0.80465E+02   0.69908E+02   0.92942E+00   0.96343E+00
   0.78567E+02   0.68193E+02   0.95175E+00   0.98749E+00
   0.76738E+02   0.66541E+02   0.97236E+00   0.10098E+01
   0.74976E+02   0.64951E+02   0.99145E+00   0.10306E+01
   0.73278E+02   0.63419E+02   0.10094E+01   0.10501E+01
   0.71641E+02   0.61943E+02   0.10265E+01   0.10689E+01
   0.70062E+02   0.60521E+02   0.10432E+01   0.10874E+01
   0.68539E+02   0.59148E+02   0.10599E+01   0.11058E+01
   0.67068E+02   0.57824E+02   0.10765E+01   0.11241E+01
   0.65647E+02   0.56546E+02   0.10928E+01   0.11422E+01
   0.64273E+02   0.55310E+02   0.11089E+01   0.11601E+01
   0.62944E+02   0.54115E+02   0.11248E+01   0.11779E+01
   0.61658E+02   0.52959E+02   0.11407E+01   0.11956E+01
   0.60412E+02   0.51839E+02   0.11565E+01   0.12134E+01
   0.59204E+02   0.50754E+02   0.11724E+01   0.12312E+01
   0.58032E+02   0.49701E+02   0.11885E+01   0.12493E+01
   0.56894E+02   0.48679E+02   0.12049E+01   0.12677E+01
   0.55788E+02   0.47686E+02   0.12215E+01   0.12865E+01
   0.54712E+02   0.46720E+02   0.12384E+01   0.13056E+01
   0.53665E+02   0.45780E+02   0.12554E+01   0.13249E+01
   0.52644E+02   0.44863E+02   0.12724E+01   0.13442E+01
   0.51649E+02   0.43970E+02   0.12892E+01   0.13634E+01
   0.50678E+02   0.43098E+02   0.13058E+01   0.13825E+01
   0.49730E+02   0.42246E+02   0.13223E+01   0.14014E+01
   0.48802E+02   0.41413E+02   0.13385E+01   0.14203E+01
   0.47895E+02   0.40597E+02   0.13545E+01   0.14388E+01
   0.47005E+02   0.39798E+02   0.13701E+01   0.14571E+01
   0.46133E+02   0.39015E+02   0.13855E+01   0.14753E+01
   0.45277E+02   0.38246E+02   0.14008E+01   0.14934E+01
   0.44437E+02   0.37491E+02   0.14159E+01   0.15114E+01
   0.43611E+02   0.36749E+02   0.14310E+01   0.15294E+01
   0.42798E+02   0.36019E+02   0.14459E+01   0.15474E+01
   0.41998E+02   0.35301E+02   0.14607E+01   0.15654E+01
   0.41210E+02   0.34593E+02   0.14755E+01   0.15834E+01
   0.40433E+02   0.33894E+02   0.14902E+01   0.16016E+01
   0.39666E+02   0.33206E+02   0.15050E+01   0.16199E+01
   0.38909E+02   0.32525E+02   0.15199E+01   0.16385E+01
   0.38161E+02   0.31853E+02   0.15350E+01   0.16574E+01
   0.37422E+02   0.31189E+02   0.15505E+01   0.16768E+01
   0.36691E+02   0.30532E+02   0.15662E+01   0.16967E+01
   0.35967E+02   0.29881E+02   0.15821E+01   0.17169E+01
   0.35250E+02   0.29237E+02   0.15981E+01   0.17375E+01
   0.34540E+02   0.28598E+02   0.16143E+01   0.17584E+01
   0.33837E+02   0.27965E+02   0.16306E+01   0.17797E+01
   0.33139E+02   0.27337E+02   0.16471E+01   0.18015E+01
   0.32446E+02   0.26714E+02   0.16637E+01   0.18236E+01
   0.31759E+02   0.26096E+02   0.16803E+01   0.18460E+01
   0.31076E+02   0.25481E+02   0.16970E+01   0.18687E+01
   0.30398E+02   0.24871E+02   0.17137E+01   0.18918E+01
   0.29725E+02   0.24264E+02   0.17303E+01   0.19152E+01
   0.29055E+02   0.23661E+02   0.17467E+01   0.19387E+01
   0.28390E+02   0.23061E+02   0.17627E+01   0.19622E+01
   0.27728E+02   0.22464E+02   0.17782E+01   0.19855E+01
   0.27070E+02   0.21869E+02   0.17929E+01   0.20086E+01
   0.26416E+02   0.21277E+02   0.18068E+01   0.20313E+01
   0.25764E+02   0.20688E+02   0.18197E+01   0.20535E+01
   0.25116E+02   0.20101E+02   0.18314E+01   0.20749E+01
   0.24471E+02   0.19516E+02   0.18417E+01   0.20955E+01
   0.23829E+02   0.18934E+02   0.18504E+01   0.21152E+01
   0.23190E+02   0.18353E+02   0.18576E+01   0.21339E+01
   0.22554E+02   0.17773E+02   0.18632E+01   0.21519E+01
   0.21922E+02   0.17196E+02   0.18674E+01   0.21694E+01
   0.21292E+02   0.16620E+02   0.18700E+01   0.21864E+01
   0.20666E+02   0.16045E+02   0.18715E+01   0.22034E+01
   0.20043E+02   0.15472E+02   0.18717E+01   0.22208E+01
   0.19424E+02   0.14900E+02   0.18706E+01   0.22386E+01
   0.18809E+02   0.14329E+02   0.18678E+01   0.22567E+01
   0.18198E+02   0.13759E+02   0.18628E+01   0.22747E+01
   0.17591E+02   0.13190E+02   0.18549E+01   0.22925E+01
   0.16989E+02   0.12622E+02   0.18437E+01   0.23097E+01
   0.16393E+02   0.12055E+02   0.18286E+01   0.23265E+01
   0.15801E+02   0.11489E+02   0.18090E+01   0.23427E+01
   0.15215E+02   0.10924E+02   0.17835E+01   0.23571E+01
   0.14633E+02   0.10359E+02   0.17498E+01   0.23673E+01
   0.14056E+02   0.97955E+01   0.17057E+01   0.23710E+01
   0.13481E+02   0.92322E+01   0.16495E+01   0.23661E+01
   0.12907E+02   0.86695E+01   0.15795E+01   0.23498E+01
   0.12332E+02   0.81073E+01   0.14924E+01   0.23165E+01
   0.11750E+02   0.75457E+01   0.13859E+01   0.22596E+01
   0.11154E+02   0.69846E+01   0.12581E+01   0.21712E+01
   0.10535E+02   0.64239E+01   0.11081E+01   0.20413E+01
   0.98786E+01   0.58636E+01   0.93878E+00   0.18620E+01
   0.91667E+01   0.53037E+01   0.75688E+00   0.16291E+01
   0.83798E+01   0.47442E+01   0.57392E+00   0.13475E+01
   0.75064E+01   0.41850E+01   0.40475E+00   0.10373E+01
   0.65515E+01   0.36261E+01   0.26339E+00   0.73315E+00
   0.55389E+01   0.30676E+01   0.15781E+00   0.47256E+00
   0.45016E+01   0.25093E+01   0.86186E-01   0.27471E+00
   0.34658E+01   0.19513E+01   0.40984E-01   0.13782E+00
   0.24456E+01   0.13935E+01   0.15656E-01   0.55170E-01
   0.14481E+01   0.83595E+00   0.41721E-02   0.15328E-01
   0.47607E+00   0.27861E+00   0.53216E-03   0.20302E-02
