   0.19242E+03   0.17785E+03   0.12457E-01   0.12492E-01
   0.18778E+03   0.17355E+03   0.34676E-01   0.34777E-01
   0.18316E+03   0.16926E+03   0.57231E-01   0.57400E-01
   0.17856E+03   0.16500E+03   0.78924E-01   0.79164E-01
   0.17399E+03   0.16077E+03   0.98760E-01   0.99068E-01
   0.16947E+03   0.15657E+03   0.11699E+00   0.11736E+00
   0.16500E+03   0.15242E+03   0.13447E+00   0.13491E+00
   0.16059E+03   0.14832E+03   0.15181E+00   0.15234E+00
   0.15625E+03   0.14428E+03   0.16996E+00   0.17059E+00
   0.15199E+03   0.14031E+03   0.18945E+00   0.19018E+00
   0.14781E+03   0.13641E+03   0.21087E+00   0.21175E+00
   0.14372E+03   0.13258E+03   0.23438E+00   0.23542E+00
   0.13971E+03   0.12884E+03   0.25917E+00   0.26040E+00
   0.13580E+03   0.12519E+03   0.28386E+00   0.28531E+00
   0.13199E+03   0.12162E+03   0.30733E+00   0.30901E+00
   0.12827E+03   0.11815E+03   0.32898E+00   0.33089E+00
   0.12466E+03   0.11476E+03   0.34916E+00   0.35132E+00
   0.12115E+03   0.11148E+03   0.36900E+00   0.37144E+00
   0.11774E+03   0.10829E+03   0.38999E+00   0.39273E+00
   0.11444E+03   0.10521E+03   0.41276E+00   0.41585E+00
   0.11125E+03   0.10221E+03   0.43636E+00   0.43983E+00
   0.10816E+03   0.99322E+02   0.45985E+00   0.46373E+00
   0.10517E+03   0.96527E+02   0.48286E+00   0.48717E+00
   0.10229E+03   0.93827E+02   0.50551E+00   0.51027E+00
   0.99507E+02   0.91223E+02   0.52795E+00   0.53318E+00
   0.96824E+02   0.88711E+02   0.55055E+00   0.55629E+00
   0.94238E+02   0.86290E+02   0.57373E+00   0.58002E+00
   0.91748E+02   0.83958E+02   0.59768E+00   0.60456E+00
   0.89351E+02   0.81713E+02   0.62210E+00   0.62961E+00
   0.87043E+02   0.79552E+02   0.64638E+00   0.65456E+00
   0.84822E+02   0.77471E+02   0.67024E+00   0.67911E+00
   0.82685E+02   0.75470E+02   0.69387E+00   0.70346E+00
   0.80629E+02   0.73544E+02   0.71759E+00   0.72794E+00
   0.78650E+02   0.71691E+02   0.74127E+00   0.75242E+00
   0.76745E+02   0.69908E+02   0.76462E+00   0.77658E+00
   0.74911E+02   0.68193E+02   0.78724E+00   0.80003E+00
   0.73144E+02   0.66541E+02   0.80900E+00   0.82262E+00
   0.71442E+02   0.64951E+02   0.82998E+00   0.84444E+00
   0.69801E+02   0.63419E+02   0.85007E+00   0.86539E+00
   0.68220E+02   0.61943E+02   0.86925E+00   0.88542E+00
   0.66696E+02   0.60521E+02   0.88749E+00   0.90453E+00
   0.65225E+02   0.59148E+02   0.90492E+00   0.92283E+00
   0.63805E+02   0.57824E+02   0.92170E+00   0.94049E+00
   0.62434E+02   0.56546E+02   0.93807E+00   0.95776E+00
   0.61109E+02   0.55310E+02   0.95418E+00   0.97478E+00
   0.59827E+02   0.54115E+02   0.97022E+00   0.99175E+00
   0.58585E+02   0.52959E+02   0.98625E+00   0.10087E+01
   0.57383E+02   0.51839E+02   0.10022E+01   0.10256E+01
   0.56216E+02   0.50754E+02   0.10180E+01   0.10425E+01
   0.55085E+02   0.49701E+02   0.10337E+01   0.10592E+01
   0.53986E+02   0.48679E+02   0.10493E+01   0.10757E+01
   0.52918E+02   0.47686E+02   0.10647E+01   0.10921E+01
   0.51879E+02   0.46720E+02   0.10798E+01   0.11083E+01
   0.50868E+02   0.45780E+02   0.10947E+01   0.11243E+01
   0.49882E+02   0.44863E+02   0.11093E+01   0.11400E+01
   0.48921E+02   0.43970E+02   0.11236E+01   0.11554E+01
   0.47982E+02   0.43098E+02   0.11375E+01   0.11705E+01
   0.47065E+02   0.42246E+02   0.11511E+01   0.11852E+01
   0.46168E+02   0.41413E+02   0.11643E+01   0.11996E+01
   0.45290E+02   0.40597E+02   0.11770E+01   0.12135E+01
   0.44429E+02   0.39798E+02   0.11893E+01   0.12270E+01
   0.43585E+02   0.39015E+02   0.12013E+01   0.12402E+01
   0.42757E+02   0.38246E+02   0.12129E+01   0.12531E+01
   0.41944E+02   0.37491E+02   0.12243E+01   0.12658E+01
   0.41144E+02   0.36749E+02   0.12356E+01   0.12783E+01
   0.40357E+02   0.36019E+02   0.12465E+01   0.12906E+01
   0.39582E+02   0.35301E+02   0.12573E+01   0.13027E+01
   0.38819E+02   0.34593E+02   0.12679E+01   0.13147E+01
   0.38066E+02   0.33894E+02   0.12784E+01   0.13267E+01
   0.37323E+02   0.33206E+02   0.12889E+01   0.13387E+01
   0.36590E+02   0.32525E+02   0.12992E+01   0.13506E+01
   0.35865E+02   0.31853E+02   0.13095E+01   0.13625E+01
   0.35148E+02   0.31189E+02   0.13198E+01   0.13744E+01
   0.34440E+02   0.30532E+02   0.13300E+01   0.13863E+01
   0.33738E+02   0.29881E+02   0.13401E+01   0.13982E+01
   0.33043E+02   0.29237E+02   0.13502E+01   0.14102E+01
   0.32355E+02   0.28598E+02   0.13601E+01   0.14220E+01
   0.31673E+02   0.27965E+02   0.13699E+01   0.14338E+01
   0.30997E+02   0.27337E+02   0.13794E+01   0.14454E+01
   0.30326E+02   0.26714E+02   0.13887E+01   0.14569E+01
   0.29660E+02   0.26096E+02   0.13977E+01   0.14682E+01
   0.28998E+02   0.25481E+02   0.14066E+01   0.14795E+01
   0.28341E+02   0.24871E+02   0.14155E+01   0.14910E+01
   0.27688E+02   0.24264E+02   0.14245E+01   0.15026E+01
   0.27040E+02   0.23661E+02   0.14336E+01   0.15146E+01
   0.26395E+02   0.23061E+02   0.14429E+01   0.15269E+01
   0.25753E+02   0.22464E+02   0.14523E+01   0.15395E+01
   0.25115E+02   0.21869E+02   0.14617E+01   0.15523E+01
   0.24479E+02   0.21277E+02   0.14713E+01   0.15655E+01
   0.23847E+02   0.20688E+02   0.14809E+01   0.15791E+01
   0.23218E+02   0.20101E+02   0.14907E+01   0.15931E+01
   0.22592E+02   0.19516E+02   0.15007E+01   0.16076E+01
   0.21968E+02   0.18934E+02   0.15109E+01   0.16228E+01
   0.21347E+02   0.18353E+02   0.15212E+01   0.16384E+01
   0.20729E+02   0.17773E+02   0.15316E+01   0.16546E+01
   0.20113E+02   0.17196E+02   0.15421E+01   0.16713E+01
   0.19500E+02   0.16620E+02   0.15524E+01   0.16886E+01
   0.18889E+02   0.16045E+02   0.15625E+01   0.17063E+01
   0.18281E+02   0.15472E+02   0.15719E+01   0.17241E+01
   0.17675E+02   0.14900E+02   0.15804E+01   0.17418E+01
   0.17073E+02   0.14329E+02   0.15873E+01   0.17589E+01
   0.16473E+02   0.13759E+02   0.15923E+01   0.17750E+01
   0.15876E+02   0.13190E+02   0.15948E+01   0.17899E+01
   0.15283E+02   0.12622E+02   0.15945E+01   0.18032E+01
   0.14693E+02   0.12055E+02   0.15905E+01   0.18145E+01
   0.14107E+02   0.11489E+02   0.15822E+01   0.18232E+01
   0.13526E+02   0.10924E+02   0.15690E+01   0.18290E+01
   0.12949E+02   0.10359E+02   0.15502E+01   0.18316E+01
   0.12376E+02   0.97955E+01   0.15246E+01   0.18298E+01
   0.11809E+02   0.92322E+01   0.14909E+01   0.18226E+01
   0.11247E+02   0.86695E+01   0.14472E+01   0.18081E+01
   0.10690E+02   0.81073E+01   0.13916E+01   0.17841E+01
   0.10138E+02   0.75457E+01   0.13222E+01   0.17481E+01
   0.95889E+01   0.69846E+01   0.12371E+01   0.16972E+01
   0.90413E+01   0.64239E+01   0.11345E+01   0.16273E+01
   0.84904E+01   0.58636E+01   0.10131E+01   0.15330E+01
   0.79282E+01   0.53037E+01   0.87349E+00   0.14092E+01
   0.73415E+01   0.47442E+01   0.71884E+00   0.12507E+01
   0.67125E+01   0.41850E+01   0.55467E+00   0.10530E+01
   0.60206E+01   0.36261E+01   0.39197E+00   0.82005E+00
   0.52461E+01   0.30676E+01   0.24602E+00   0.57077E+00
   0.43798E+01   0.25093E+01   0.13226E+00   0.33984E+00
   0.34358E+01   0.19513E+01   0.58096E-01   0.16368E+00
   0.24500E+01   0.13935E+01   0.20242E-01   0.61553E-01
   0.14583E+01   0.83595E+00   0.51269E-02   0.16585E-01
   0.48077E+00   0.27861E+00   0.65260E-03   0.22231E-02
