   0.18675E+03   0.17785E+03   0.20216E-12   0.20216E-12
   0.18224E+03   0.17355E+03   0.11774E-10   0.11774E-10
   0.17774E+03   0.16926E+03   0.28449E-09   0.28449E-09
   0.17326E+03   0.16500E+03   0.14102E-08   0.14102E-08
   0.16881E+03   0.16077E+03   0.41754E-08   0.41754E-08
   0.16441E+03   0.15657E+03   0.10309E-07   0.10309E-07
   0.16005E+03   0.15242E+03   0.26422E-07   0.26422E-07
   0.15574E+03   0.14832E+03   0.70119E-07   0.70119E-07
   0.15150E+03   0.14428E+03   0.26097E-06   0.26097E-06
   0.14733E+03   0.14031E+03   0.11803E-05   0.11803E-05
   0.14324E+03   0.13641E+03   0.41759E-05   0.41759E-05
   0.13922E+03   0.13258E+03   0.13486E-04   0.13486E-04
   0.13529E+03   0.12884E+03   0.39021E-04   0.39021E-04
   0.13145E+03   0.12519E+03   0.91822E-04   0.91822E-04
   0.12771E+03   0.12162E+03   0.16671E-03   0.16671E-03
   0.12406E+03   0.11815E+03   0.24916E-03   0.24916E-03
   0.12051E+03   0.11476E+03   0.33605E-03   0.33605E-03
   0.11706E+03   0.11148E+03   0.43078E-03   0.43078E-03
   0.11372E+03   0.10829E+03   0.55991E-03   0.55991E-03
   0.11047E+03   0.10521E+03   0.76224E-03   0.76224E-03
   0.10733E+03   0.10221E+03   0.11054E-02   0.11054E-02
   0.10430E+03   0.99322E+02   0.16072E-02   0.16072E-02
   0.10136E+03   0.96527E+02   0.22836E-02   0.22836E-02
   0.98526E+02   0.93827E+02   0.31190E-02   0.31190E-02
   0.95791E+02   0.91223E+02   0.41233E-02   0.41234E-02
   0.93154E+02   0.88711E+02   0.53839E-02   0.53840E-02
   0.90613E+02   0.86290E+02   0.69558E-02   0.69560E-02
   0.88165E+02   0.83958E+02   0.87736E-02   0.87739E-02
   0.85808E+02   0.81713E+02   0.10816E-01   0.10816E-01
   0.83540E+02   0.79552E+02   0.13095E-01   0.13096E-01
   0.81357E+02   0.77471E+02   0.15666E-01   0.15667E-01
   0.79256E+02   0.75470E+02   0.18613E-01   0.18614E-01
   0.77235E+02   0.73544E+02   0.21945E-01   0.21948E-01
   0.75291E+02   0.71691E+02   0.25713E-01   0.25716E-01
   0.73421E+02   0.69908E+02   0.29900E-01   0.29904E-01
   0.71621E+02   0.68193E+02   0.34455E-01   0.34461E-01
   0.69888E+02   0.66541E+02   0.39387E-01   0.39395E-01
   0.68221E+02   0.64951E+02   0.44764E-01   0.44774E-01
   0.66615E+02   0.63419E+02   0.50655E-01   0.50668E-01
   0.65068E+02   0.61943E+02   0.57099E-01   0.57116E-01
   0.63577E+02   0.60521E+02   0.64125E-01   0.64147E-01
   0.62139E+02   0.59148E+02   0.71739E-01   0.71767E-01
   0.60751E+02   0.57824E+02   0.79916E-01   0.79951E-01
   0.59411E+02   0.56546E+02   0.88606E-01   0.88649E-01
   0.58117E+02   0.55310E+02   0.97705E-01   0.97758E-01
   0.56865E+02   0.54115E+02   0.10712E+00   0.10718E+00
   0.55654E+02   0.52959E+02   0.11677E+00   0.11685E+00
   0.54482E+02   0.51839E+02   0.12665E+00   0.12674E+00
   0.53346E+02   0.50754E+02   0.13678E+00   0.13689E+00
   0.52244E+02   0.49701E+02   0.14721E+00   0.14734E+00
   0.51174E+02   0.48679E+02   0.15796E+00   0.15811E+00
   0.50135E+02   0.47686E+02   0.16906E+00   0.16924E+00
   0.49124E+02   0.46720E+02   0.18050E+00   0.18070E+00
   0.48141E+02   0.45780E+02   0.19225E+00   0.19248E+00
   0.47183E+02   0.44863E+02   0.20430E+00   0.20457E+00
   0.46248E+02   0.43970E+02   0.21664E+00   0.21694E+00
   0.45337E+02   0.43098E+02   0.22925E+00   0.22959E+00
   0.44446E+02   0.42246E+02   0.24215E+00   0.24255E+00
   0.43575E+02   0.41413E+02   0.25534E+00   0.25578E+00
   0.42723E+02   0.40597E+02   0.26879E+00   0.26928E+00
   0.41888E+02   0.39798E+02   0.28248E+00   0.28304E+00
   0.41070E+02   0.39015E+02   0.29641E+00   0.29704E+00
   0.40267E+02   0.38246E+02   0.31057E+00   0.31127E+00
   0.39478E+02   0.37491E+02   0.32494E+00   0.32571E+00
   0.38703E+02   0.36749E+02   0.33953E+00   0.34039E+00
   0.37941E+02   0.36019E+02   0.35437E+00   0.35531E+00
   0.37191E+02   0.35301E+02   0.36947E+00   0.37052E+00
   0.36452E+02   0.34593E+02   0.38488E+00   0.38604E+00
   0.35723E+02   0.33894E+02   0.40064E+00   0.40191E+00
   0.35005E+02   0.33206E+02   0.41676E+00   0.41816E+00
   0.34296E+02   0.32525E+02   0.43326E+00   0.43480E+00
   0.33595E+02   0.31853E+02   0.45014E+00   0.45184E+00
   0.32902E+02   0.31189E+02   0.46741E+00   0.46928E+00
   0.32217E+02   0.30532E+02   0.48505E+00   0.48709E+00
   0.31540E+02   0.29881E+02   0.50304E+00   0.50528E+00
   0.30868E+02   0.29237E+02   0.52138E+00   0.52384E+00
   0.30204E+02   0.28598E+02   0.54011E+00   0.54281E+00
   0.29545E+02   0.27965E+02   0.55926E+00   0.56221E+00
   0.28891E+02   0.27337E+02   0.57881E+00   0.58205E+00
   0.28243E+02   0.26714E+02   0.59882E+00   0.60236E+00
   0.27600E+02   0.26096E+02   0.61928E+00   0.62315E+00
   0.26961E+02   0.25481E+02   0.64022E+00   0.64446E+00
   0.26326E+02   0.24871E+02   0.66165E+00   0.66628E+00
   0.25696E+02   0.24264E+02   0.68356E+00   0.68863E+00
   0.25069E+02   0.23661E+02   0.70597E+00   0.71152E+00
   0.24446E+02   0.23061E+02   0.72887E+00   0.73495E+00
   0.23826E+02   0.22464E+02   0.75226E+00   0.75892E+00
   0.23209E+02   0.21869E+02   0.77616E+00   0.78345E+00
   0.22596E+02   0.21277E+02   0.80059E+00   0.80859E+00
   0.21985E+02   0.20688E+02   0.82556E+00   0.83433E+00
   0.21377E+02   0.20101E+02   0.85104E+00   0.86067E+00
   0.20772E+02   0.19516E+02   0.87701E+00   0.88759E+00
   0.20169E+02   0.18934E+02   0.90344E+00   0.91508E+00
   0.19569E+02   0.18353E+02   0.93034E+00   0.94316E+00
   0.18971E+02   0.17773E+02   0.95767E+00   0.97180E+00
   0.18375E+02   0.17196E+02   0.98538E+00   0.10010E+01
   0.17781E+02   0.16620E+02   0.10134E+01   0.10306E+01
   0.17190E+02   0.16045E+02   0.10416E+01   0.10607E+01
   0.16600E+02   0.15472E+02   0.10700E+01   0.10911E+01
   0.16012E+02   0.14900E+02   0.10983E+01   0.11217E+01
   0.15427E+02   0.14329E+02   0.11265E+01   0.11525E+01
   0.14843E+02   0.13759E+02   0.11543E+01   0.11832E+01
   0.14262E+02   0.13190E+02   0.11815E+01   0.12139E+01
   0.13683E+02   0.12622E+02   0.12081E+01   0.12442E+01
   0.13105E+02   0.12055E+02   0.12336E+01   0.12741E+01
   0.12530E+02   0.11489E+02   0.12577E+01   0.13032E+01
   0.11958E+02   0.10924E+02   0.12798E+01   0.13311E+01
   0.11388E+02   0.10359E+02   0.12995E+01   0.13574E+01
   0.10820E+02   0.97955E+01   0.13157E+01   0.13813E+01
   0.10256E+02   0.92322E+01   0.13278E+01   0.14023E+01
   0.96941E+01   0.86695E+01   0.13347E+01   0.14196E+01
   0.91360E+01   0.81073E+01   0.13351E+01   0.14321E+01
   0.85815E+01   0.75457E+01   0.13276E+01   0.14389E+01
   0.80308E+01   0.69846E+01   0.13103E+01   0.14383E+01
   0.74841E+01   0.64239E+01   0.12808E+01   0.14283E+01
   0.69415E+01   0.58636E+01   0.12363E+01   0.14065E+01
   0.64026E+01   0.53037E+01   0.11736E+01   0.13695E+01
   0.58664E+01   0.47442E+01   0.10891E+01   0.13132E+01
   0.53304E+01   0.41850E+01   0.97930E+00   0.12322E+01
   0.47897E+01   0.36261E+01   0.84165E+00   0.11198E+01
   0.42346E+01   0.30676E+01   0.67698E+00   0.96857E+00
   0.36480E+01   0.25093E+01   0.49177E+00   0.77239E+00
   0.30027E+01   0.19513E+01   0.30266E+00   0.53355E+00
   0.22657E+01   0.13935E+01   0.13858E+00   0.27913E+00
   0.14173E+01   0.83595E+00   0.35361E-01   0.81661E-01
   0.48184E+00   0.27861E+00   0.30913E-02   0.80253E-02
