   0.20655E+03   0.17785E+03   0.19126E-01   0.19708E-01
   0.20158E+03   0.17355E+03   0.54349E-01   0.56008E-01
   0.19664E+03   0.16926E+03   0.92132E-01   0.94959E-01
   0.19173E+03   0.16500E+03   0.13052E+00   0.13455E+00
   0.18687E+03   0.16077E+03   0.16940E+00   0.17468E+00
   0.18206E+03   0.15657E+03   0.20743E+00   0.21397E+00
   0.17732E+03   0.15242E+03   0.24811E+00   0.25606E+00
   0.17265E+03   0.14832E+03   0.29404E+00   0.30362E+00
   0.16806E+03   0.14428E+03   0.34347E+00   0.35488E+00
   0.16355E+03   0.14031E+03   0.39312E+00   0.40645E+00
   0.15913E+03   0.13641E+03   0.43943E+00   0.45466E+00
   0.15480E+03   0.13258E+03   0.48178E+00   0.49885E+00
   0.15056E+03   0.12884E+03   0.52128E+00   0.54018E+00
   0.14642E+03   0.12519E+03   0.55877E+00   0.57951E+00
   0.14238E+03   0.12162E+03   0.59448E+00   0.61708E+00
   0.13845E+03   0.11815E+03   0.63049E+00   0.65506E+00
   0.13463E+03   0.11476E+03   0.66684E+00   0.69349E+00
   0.13092E+03   0.11148E+03   0.70213E+00   0.73095E+00
   0.12733E+03   0.10829E+03   0.73656E+00   0.76763E+00
   0.12385E+03   0.10521E+03   0.77110E+00   0.80454E+00
   0.12048E+03   0.10221E+03   0.80758E+00   0.84359E+00
   0.11722E+03   0.99322E+02   0.84692E+00   0.88576E+00
   0.11407E+03   0.96527E+02   0.88769E+00   0.92955E+00
   0.11103E+03   0.93827E+02   0.92737E+00   0.97232E+00
   0.10809E+03   0.91223E+02   0.96482E+00   0.10129E+01
   0.10525E+03   0.88711E+02   0.10003E+01   0.10514E+01
   0.10252E+03   0.86290E+02   0.10341E+01   0.10883E+01
   0.99878E+02   0.83958E+02   0.10669E+01   0.11243E+01
   0.97335E+02   0.81713E+02   0.10990E+01   0.11596E+01
   0.94885E+02   0.79552E+02   0.11300E+01   0.11938E+01
   0.92526E+02   0.77471E+02   0.11596E+01   0.12266E+01
   0.90254E+02   0.75470E+02   0.11882E+01   0.12585E+01
   0.88067E+02   0.73544E+02   0.12162E+01   0.12899E+01
   0.85962E+02   0.71691E+02   0.12439E+01   0.13209E+01
   0.83934E+02   0.69908E+02   0.12710E+01   0.13514E+01
   0.81982E+02   0.68193E+02   0.12972E+01   0.13811E+01
   0.80101E+02   0.66541E+02   0.13225E+01   0.14099E+01
   0.78291E+02   0.64951E+02   0.13477E+01   0.14387E+01
   0.76548E+02   0.63419E+02   0.13734E+01   0.14681E+01
   0.74868E+02   0.61943E+02   0.13998E+01   0.14984E+01
   0.73249E+02   0.60521E+02   0.14269E+01   0.15296E+01
   0.71688E+02   0.59148E+02   0.14543E+01   0.15612E+01
   0.70182E+02   0.57824E+02   0.14813E+01   0.15924E+01
   0.68727E+02   0.56546E+02   0.15076E+01   0.16231E+01
   0.67322E+02   0.55310E+02   0.15335E+01   0.16534E+01
   0.65963E+02   0.54115E+02   0.15591E+01   0.16835E+01
   0.64650E+02   0.52959E+02   0.15838E+01   0.17128E+01
   0.63378E+02   0.51839E+02   0.16072E+01   0.17409E+01
   0.62146E+02   0.50754E+02   0.16291E+01   0.17674E+01
   0.60951E+02   0.49701E+02   0.16497E+01   0.17927E+01
   0.59791E+02   0.48679E+02   0.16694E+01   0.18171E+01
   0.58665E+02   0.47686E+02   0.16885E+01   0.18411E+01
   0.57569E+02   0.46720E+02   0.17073E+01   0.18648E+01
   0.56503E+02   0.45780E+02   0.17258E+01   0.18882E+01
   0.55463E+02   0.44863E+02   0.17438E+01   0.19113E+01
   0.54450E+02   0.43970E+02   0.17611E+01   0.19338E+01
   0.53460E+02   0.43098E+02   0.17779E+01   0.19558E+01
   0.52493E+02   0.42246E+02   0.17941E+01   0.19773E+01
   0.51547E+02   0.41413E+02   0.18098E+01   0.19985E+01
   0.50621E+02   0.40597E+02   0.18253E+01   0.20194E+01
   0.49714E+02   0.39798E+02   0.18405E+01   0.20403E+01
   0.48824E+02   0.39015E+02   0.18554E+01   0.20609E+01
   0.47950E+02   0.38246E+02   0.18699E+01   0.20814E+01
   0.47092E+02   0.37491E+02   0.18842E+01   0.21016E+01
   0.46249E+02   0.36749E+02   0.18981E+01   0.21216E+01
   0.45418E+02   0.36019E+02   0.19118E+01   0.21417E+01
   0.44601E+02   0.35301E+02   0.19256E+01   0.21620E+01
   0.43795E+02   0.34593E+02   0.19394E+01   0.21825E+01
   0.43000E+02   0.33894E+02   0.19531E+01   0.22032E+01
   0.42215E+02   0.33206E+02   0.19668E+01   0.22240E+01
   0.41440E+02   0.32525E+02   0.19805E+01   0.22450E+01
   0.40674E+02   0.31853E+02   0.19940E+01   0.22662E+01
   0.39915E+02   0.31189E+02   0.20076E+01   0.22876E+01
   0.39164E+02   0.30532E+02   0.20213E+01   0.23094E+01
   0.38420E+02   0.29881E+02   0.20353E+01   0.23318E+01
   0.37682E+02   0.29237E+02   0.20496E+01   0.23548E+01
   0.36951E+02   0.28598E+02   0.20644E+01   0.23788E+01
   0.36224E+02   0.27965E+02   0.20798E+01   0.24038E+01
   0.35504E+02   0.27337E+02   0.20960E+01   0.24301E+01
   0.34788E+02   0.26714E+02   0.21128E+01   0.24575E+01
   0.34076E+02   0.26096E+02   0.21299E+01   0.24857E+01
   0.33369E+02   0.25481E+02   0.21471E+01   0.25144E+01
   0.32665E+02   0.24871E+02   0.21640E+01   0.25434E+01
   0.31965E+02   0.24264E+02   0.21805E+01   0.25724E+01
   0.31268E+02   0.23661E+02   0.21963E+01   0.26012E+01
   0.30574E+02   0.23061E+02   0.22111E+01   0.26294E+01
   0.29882E+02   0.22464E+02   0.22251E+01   0.26573E+01
   0.29193E+02   0.21869E+02   0.22382E+01   0.26849E+01
   0.28506E+02   0.21277E+02   0.22507E+01   0.27125E+01
   0.27821E+02   0.20688E+02   0.22625E+01   0.27402E+01
   0.27138E+02   0.20101E+02   0.22737E+01   0.27679E+01
   0.26456E+02   0.19516E+02   0.22839E+01   0.27956E+01
   0.25777E+02   0.18934E+02   0.22932E+01   0.28231E+01
   0.25098E+02   0.18353E+02   0.23016E+01   0.28509E+01
   0.24422E+02   0.17773E+02   0.23094E+01   0.28792E+01
   0.23747E+02   0.17196E+02   0.23164E+01   0.29082E+01
   0.23073E+02   0.16620E+02   0.23225E+01   0.29378E+01
   0.22401E+02   0.16045E+02   0.23274E+01   0.29679E+01
   0.21731E+02   0.15472E+02   0.23306E+01   0.29983E+01
   0.21062E+02   0.14900E+02   0.23316E+01   0.30285E+01
   0.20394E+02   0.14329E+02   0.23301E+01   0.30583E+01
   0.19728E+02   0.13759E+02   0.23256E+01   0.30878E+01
   0.19064E+02   0.13190E+02   0.23176E+01   0.31165E+01
   0.18402E+02   0.12622E+02   0.23049E+01   0.31437E+01
   0.17743E+02   0.12055E+02   0.22868E+01   0.31688E+01
   0.17085E+02   0.11489E+02   0.22620E+01   0.31909E+01
   0.16429E+02   0.10924E+02   0.22287E+01   0.32081E+01
   0.15774E+02   0.10359E+02   0.21848E+01   0.32178E+01
   0.15119E+02   0.97955E+01   0.21288E+01   0.32183E+01
   0.14462E+02   0.92322E+01   0.20593E+01   0.32074E+01
   0.13803E+02   0.86695E+01   0.19737E+01   0.31811E+01
   0.13136E+02   0.81073E+01   0.18687E+01   0.31323E+01
   0.12456E+02   0.75457E+01   0.17413E+01   0.30523E+01
   0.11757E+02   0.69846E+01   0.15892E+01   0.29311E+01
   0.11030E+02   0.64239E+01   0.14137E+01   0.27613E+01
   0.10265E+02   0.58636E+01   0.12184E+01   0.25364E+01
   0.94516E+01   0.53037E+01   0.10081E+01   0.22495E+01
   0.85809E+01   0.47442E+01   0.79124E+00   0.19009E+01
   0.76480E+01   0.41850E+01   0.58061E+00   0.15045E+01
   0.66571E+01   0.36261E+01   0.39211E+00   0.10937E+01
   0.56243E+01   0.30676E+01   0.24041E+00   0.71791E+00
   0.45724E+01   0.25093E+01   0.13150E+00   0.41737E+00
   0.35215E+01   0.19513E+01   0.61772E-01   0.20687E+00
   0.24855E+01   0.13935E+01   0.23174E-01   0.81360E-01
   0.14718E+01   0.83595E+00   0.59481E-02   0.21779E-01
   0.48389E+00   0.27861E+00   0.70022E-03   0.26630E-02
