   0.20404E+03   0.17785E+03   0.15033E-01   0.15380E-01
   0.19913E+03   0.17355E+03   0.43621E-01   0.44629E-01
   0.19425E+03   0.16926E+03   0.75773E-01   0.77537E-01
   0.18941E+03   0.16500E+03   0.11018E+00   0.11278E+00
   0.18461E+03   0.16077E+03   0.14448E+00   0.14792E+00
   0.17986E+03   0.15657E+03   0.17647E+00   0.18074E+00
   0.17516E+03   0.15242E+03   0.20749E+00   0.21259E+00
   0.17053E+03   0.14832E+03   0.23921E+00   0.24519E+00
   0.16597E+03   0.14428E+03   0.26881E+00   0.27566E+00
   0.16148E+03   0.14031E+03   0.29511E+00   0.30277E+00
   0.15709E+03   0.13641E+03   0.32093E+00   0.32945E+00
   0.15279E+03   0.13258E+03   0.34891E+00   0.35839E+00
   0.14859E+03   0.12884E+03   0.37875E+00   0.38930E+00
   0.14449E+03   0.12519E+03   0.40975E+00   0.42147E+00
   0.14049E+03   0.12162E+03   0.44207E+00   0.45507E+00
   0.13660E+03   0.11815E+03   0.47540E+00   0.48978E+00
   0.13282E+03   0.11476E+03   0.50869E+00   0.52453E+00
   0.12914E+03   0.11148E+03   0.54163E+00   0.55899E+00
   0.12558E+03   0.10829E+03   0.57403E+00   0.59298E+00
   0.12212E+03   0.10521E+03   0.60621E+00   0.62681E+00
   0.11877E+03   0.10221E+03   0.63839E+00   0.66071E+00
   0.11553E+03   0.99322E+02   0.67113E+00   0.69525E+00
   0.11239E+03   0.96527E+02   0.70418E+00   0.73021E+00
   0.10937E+03   0.93827E+02   0.73587E+00   0.76385E+00
   0.10645E+03   0.91223E+02   0.76512E+00   0.79501E+00
   0.10363E+03   0.88711E+02   0.79248E+00   0.82430E+00
   0.10092E+03   0.86290E+02   0.81895E+00   0.85273E+00
   0.98300E+02   0.83958E+02   0.84557E+00   0.88139E+00
   0.95781E+02   0.81713E+02   0.87286E+00   0.91084E+00
   0.93356E+02   0.79552E+02   0.90034E+00   0.94054E+00
   0.91020E+02   0.77471E+02   0.92771E+00   0.97020E+00
   0.88772E+02   0.75470E+02   0.95522E+00   0.10001E+01
   0.86609E+02   0.73544E+02   0.98286E+00   0.10302E+01
   0.84526E+02   0.71691E+02   0.10099E+01   0.10597E+01
   0.82521E+02   0.69908E+02   0.10359E+01   0.10882E+01
   0.80591E+02   0.68193E+02   0.10607E+01   0.11156E+01
   0.78731E+02   0.66541E+02   0.10845E+01   0.11419E+01
   0.76940E+02   0.64951E+02   0.11077E+01   0.11677E+01
   0.75215E+02   0.63419E+02   0.11300E+01   0.11926E+01
   0.73553E+02   0.61943E+02   0.11515E+01   0.12167E+01
   0.71950E+02   0.60521E+02   0.11720E+01   0.12399E+01
   0.70403E+02   0.59148E+02   0.11920E+01   0.12625E+01
   0.68910E+02   0.57824E+02   0.12113E+01   0.12845E+01
   0.67468E+02   0.56546E+02   0.12302E+01   0.13061E+01
   0.66074E+02   0.55310E+02   0.12488E+01   0.13274E+01
   0.64725E+02   0.54115E+02   0.12672E+01   0.13487E+01
   0.63421E+02   0.52959E+02   0.12855E+01   0.13699E+01
   0.62157E+02   0.51839E+02   0.13036E+01   0.13910E+01
   0.60932E+02   0.50754E+02   0.13214E+01   0.14118E+01
   0.59744E+02   0.49701E+02   0.13390E+01   0.14324E+01
   0.58591E+02   0.48679E+02   0.13565E+01   0.14531E+01
   0.57471E+02   0.47686E+02   0.13741E+01   0.14739E+01
   0.56381E+02   0.46720E+02   0.13916E+01   0.14947E+01
   0.55321E+02   0.45780E+02   0.14090E+01   0.15156E+01
   0.54287E+02   0.44863E+02   0.14265E+01   0.15365E+01
   0.53280E+02   0.43970E+02   0.14439E+01   0.15576E+01
   0.52296E+02   0.43098E+02   0.14614E+01   0.15787E+01
   0.51335E+02   0.42246E+02   0.14789E+01   0.16000E+01
   0.50395E+02   0.41413E+02   0.14967E+01   0.16218E+01
   0.49475E+02   0.40597E+02   0.15149E+01   0.16441E+01
   0.48575E+02   0.39798E+02   0.15338E+01   0.16672E+01
   0.47692E+02   0.39015E+02   0.15532E+01   0.16912E+01
   0.46826E+02   0.38246E+02   0.15734E+01   0.17160E+01
   0.45975E+02   0.37491E+02   0.15942E+01   0.17417E+01
   0.45138E+02   0.36749E+02   0.16154E+01   0.17680E+01
   0.44316E+02   0.36019E+02   0.16370E+01   0.17950E+01
   0.43505E+02   0.35301E+02   0.16590E+01   0.18225E+01
   0.42707E+02   0.34593E+02   0.16812E+01   0.18504E+01
   0.41919E+02   0.33894E+02   0.17035E+01   0.18786E+01
   0.41142E+02   0.33206E+02   0.17256E+01   0.19069E+01
   0.40374E+02   0.32525E+02   0.17474E+01   0.19350E+01
   0.39615E+02   0.31853E+02   0.17688E+01   0.19628E+01
   0.38865E+02   0.31189E+02   0.17897E+01   0.19904E+01
   0.38123E+02   0.30532E+02   0.18100E+01   0.20176E+01
   0.37388E+02   0.29881E+02   0.18301E+01   0.20447E+01
   0.36661E+02   0.29237E+02   0.18498E+01   0.20719E+01
   0.35940E+02   0.28598E+02   0.18693E+01   0.20991E+01
   0.35225E+02   0.27965E+02   0.18885E+01   0.21262E+01
   0.34516E+02   0.27337E+02   0.19072E+01   0.21532E+01
   0.33813E+02   0.26714E+02   0.19251E+01   0.21796E+01
   0.33114E+02   0.26096E+02   0.19421E+01   0.22055E+01
   0.32420E+02   0.25481E+02   0.19582E+01   0.22307E+01
   0.31730E+02   0.24871E+02   0.19736E+01   0.22556E+01
   0.31044E+02   0.24264E+02   0.19884E+01   0.22802E+01
   0.30362E+02   0.23661E+02   0.20025E+01   0.23046E+01
   0.29683E+02   0.23061E+02   0.20162E+01   0.23289E+01
   0.29007E+02   0.22464E+02   0.20294E+01   0.23533E+01
   0.28334E+02   0.21869E+02   0.20422E+01   0.23780E+01
   0.27664E+02   0.21277E+02   0.20550E+01   0.24032E+01
   0.26997E+02   0.20688E+02   0.20678E+01   0.24293E+01
   0.26332E+02   0.20101E+02   0.20808E+01   0.24565E+01
   0.25670E+02   0.19516E+02   0.20944E+01   0.24853E+01
   0.25010E+02   0.18934E+02   0.21085E+01   0.25157E+01
   0.24352E+02   0.18353E+02   0.21228E+01   0.25478E+01
   0.23697E+02   0.17773E+02   0.21373E+01   0.25815E+01
   0.23044E+02   0.17196E+02   0.21518E+01   0.26168E+01
   0.22393E+02   0.16620E+02   0.21656E+01   0.26530E+01
   0.21745E+02   0.16045E+02   0.21781E+01   0.26900E+01
   0.21100E+02   0.15472E+02   0.21893E+01   0.27276E+01
   0.20457E+02   0.14900E+02   0.21986E+01   0.27657E+01
   0.19817E+02   0.14329E+02   0.22050E+01   0.28034E+01
   0.19181E+02   0.13759E+02   0.22074E+01   0.28397E+01
   0.18547E+02   0.13190E+02   0.22040E+01   0.28729E+01
   0.17916E+02   0.12622E+02   0.21934E+01   0.29014E+01
   0.17289E+02   0.12055E+02   0.21749E+01   0.29251E+01
   0.16666E+02   0.11489E+02   0.21482E+01   0.29442E+01
   0.16046E+02   0.10924E+02   0.21128E+01   0.29585E+01
   0.15428E+02   0.10359E+02   0.20680E+01   0.29677E+01
   0.14813E+02   0.97955E+01   0.20134E+01   0.29721E+01
   0.14198E+02   0.92322E+01   0.19469E+01   0.29687E+01
   0.13580E+02   0.86695E+01   0.18646E+01   0.29515E+01
   0.12954E+02   0.81073E+01   0.17625E+01   0.29123E+01
   0.12314E+02   0.75457E+01   0.16372E+01   0.28415E+01
   0.11654E+02   0.69846E+01   0.14873E+01   0.27295E+01
   0.10960E+02   0.64239E+01   0.13152E+01   0.25702E+01
   0.10221E+02   0.58636E+01   0.11247E+01   0.23556E+01
   0.94227E+01   0.53037E+01   0.92192E+00   0.20801E+01
   0.85563E+01   0.47442E+01   0.71611E+00   0.17457E+01
   0.76206E+01   0.41850E+01   0.52107E+00   0.13720E+01
   0.66257E+01   0.36261E+01   0.35195E+00   0.99707E+00
   0.55921E+01   0.30676E+01   0.21798E+00   0.66024E+00
   0.45430E+01   0.25093E+01   0.12050E+00   0.38734E+00
   0.34974E+01   0.19513E+01   0.57148E-01   0.19359E+00
   0.24677E+01   0.13935E+01   0.22043E-01   0.78197E-01
   0.14610E+01   0.83595E+00   0.59401E-02   0.21956E-01
   0.48028E+00   0.27861E+00   0.76545E-03   0.29364E-02
