   0.17179E+03   0.17785E+03  -0.17684E-35  -0.17684E-35
   0.16764E+03   0.17355E+03  -0.31208E-35  -0.31208E-35
   0.16350E+03   0.16926E+03   0.65770E-34   0.65770E-34
   0.15938E+03   0.16500E+03   0.27569E-33   0.27569E-33
   0.15529E+03   0.16077E+03  -0.23021E-32  -0.23021E-32
   0.15124E+03   0.15657E+03  -0.15311E-31  -0.15311E-31
   0.14723E+03   0.15242E+03   0.98341E-31   0.98341E-31
   0.14327E+03   0.14832E+03   0.90691E-30   0.90691E-30
   0.13937E+03   0.14428E+03  -0.34562E-29  -0.34562E-29
   0.13553E+03   0.14031E+03  -0.39769E-28  -0.39769E-28
   0.13176E+03   0.13641E+03   0.67469E-28   0.67469E-28
   0.12807E+03   0.13258E+03   0.12042E-26   0.12042E-26
   0.12445E+03   0.12884E+03  -0.99066E-28  -0.99066E-28
   0.12092E+03   0.12519E+03  -0.27216E-25  -0.27216E-25
   0.11748E+03   0.12162E+03  -0.36776E-25  -0.36776E-25
   0.11412E+03   0.11815E+03   0.49394E-24   0.49394E-24
   0.11086E+03   0.11476E+03   0.14835E-23   0.14835E-23
   0.10768E+03   0.11148E+03  -0.55896E-23  -0.55896E-23
   0.10461E+03   0.10829E+03  -0.26604E-22  -0.26604E-22
   0.10162E+03   0.10521E+03   0.21955E-22   0.21955E-22
   0.98733E+02   0.10221E+03   0.26756E-21   0.26756E-21
   0.95939E+02   0.99322E+02   0.28876E-21   0.28876E-21
   0.93239E+02   0.96527E+02  -0.16245E-20  -0.16245E-20
   0.90631E+02   0.93827E+02  -0.67656E-20  -0.67656E-20
   0.88115E+02   0.91223E+02  -0.88134E-20  -0.88134E-20
   0.85689E+02   0.88711E+02   0.13732E-19   0.13732E-19
   0.83351E+02   0.86290E+02   0.89180E-19   0.89180E-19
   0.81098E+02   0.83958E+02   0.21268E-18   0.21268E-18
   0.78930E+02   0.81713E+02   0.32296E-18   0.32296E-18
   0.76842E+02   0.79552E+02   0.29002E-18   0.29002E-18
   0.74833E+02   0.77471E+02  -0.31459E-18  -0.31459E-18
   0.72899E+02   0.75470E+02  -0.24565E-17  -0.24565E-17
   0.71039E+02   0.73544E+02  -0.72557E-17  -0.72557E-17
   0.69249E+02   0.71691E+02  -0.13151E-16  -0.13151E-16
   0.67527E+02   0.69908E+02  -0.54982E-17  -0.54982E-17
   0.65870E+02   0.68193E+02   0.64313E-16   0.64313E-16
   0.64274E+02   0.66541E+02   0.37872E-15   0.37872E-15
   0.62738E+02   0.64951E+02   0.29461E-14   0.29461E-14
   0.61259E+02   0.63419E+02   0.50342E-13   0.50342E-13
   0.59833E+02   0.61943E+02   0.86345E-12   0.86345E-12
   0.58459E+02   0.60521E+02   0.61126E-11   0.61126E-11
   0.57134E+02   0.59148E+02   0.25568E-10   0.25568E-10
   0.55855E+02   0.57824E+02   0.90053E-10   0.90053E-10
   0.54619E+02   0.56546E+02   0.36502E-09   0.36502E-09
   0.53426E+02   0.55310E+02   0.16895E-08   0.16895E-08
   0.52272E+02   0.54115E+02   0.59857E-08   0.59857E-08
   0.51155E+02   0.52959E+02   0.17516E-07   0.17516E-07
   0.50073E+02   0.51839E+02   0.44584E-07   0.44584E-07
   0.49025E+02   0.50754E+02   0.10124E-06   0.10124E-06
   0.48008E+02   0.49701E+02   0.20851E-06   0.20851E-06
   0.47021E+02   0.48679E+02   0.39445E-06   0.39445E-06
   0.46061E+02   0.47686E+02   0.69417E-06   0.69417E-06
   0.45128E+02   0.46720E+02   0.11509E-05   0.11509E-05
   0.44220E+02   0.45780E+02   0.18167E-05   0.18167E-05
   0.43335E+02   0.44863E+02   0.27527E-05   0.27527E-05
   0.42472E+02   0.43970E+02   0.40309E-05   0.40309E-05
   0.41630E+02   0.43098E+02   0.57385E-05   0.57385E-05
   0.40807E+02   0.42246E+02   0.79722E-05   0.79722E-05
   0.40002E+02   0.41413E+02   0.10861E-04   0.10861E-04
   0.39214E+02   0.40597E+02   0.14536E-04   0.14536E-04
   0.38443E+02   0.39798E+02   0.19139E-04   0.19139E-04
   0.37686E+02   0.39015E+02   0.24875E-04   0.24875E-04
   0.36944E+02   0.38246E+02   0.31981E-04   0.31981E-04
   0.36214E+02   0.37491E+02   0.40761E-04   0.40761E-04
   0.35498E+02   0.36749E+02   0.51554E-04   0.51554E-04
   0.34792E+02   0.36019E+02   0.64841E-04   0.64841E-04
   0.34098E+02   0.35301E+02   0.81216E-04   0.81216E-04
   0.33414E+02   0.34593E+02   0.10150E-03   0.10150E-03
   0.32740E+02   0.33894E+02   0.12692E-03   0.12692E-03
   0.32074E+02   0.33206E+02   0.15903E-03   0.15903E-03
   0.31417E+02   0.32525E+02   0.19976E-03   0.19976E-03
   0.30768E+02   0.31853E+02   0.25125E-03   0.25125E-03
   0.30127E+02   0.31189E+02   0.31567E-03   0.31567E-03
   0.29492E+02   0.30532E+02   0.39536E-03   0.39536E-03
   0.28863E+02   0.29881E+02   0.49265E-03   0.49265E-03
   0.28241E+02   0.29237E+02   0.61010E-03   0.61010E-03
   0.27624E+02   0.28598E+02   0.75060E-03   0.75060E-03
   0.27013E+02   0.27965E+02   0.91750E-03   0.91751E-03
   0.26406E+02   0.27337E+02   0.11147E-02   0.11147E-02
   0.25805E+02   0.26714E+02   0.13474E-02   0.13474E-02
   0.25207E+02   0.26096E+02   0.16218E-02   0.16219E-02
   0.24614E+02   0.25481E+02   0.19456E-02   0.19456E-02
   0.24024E+02   0.24871E+02   0.23276E-02   0.23276E-02
   0.23438E+02   0.24264E+02   0.27785E-02   0.27785E-02
   0.22855E+02   0.23661E+02   0.33112E-02   0.33112E-02
   0.22276E+02   0.23061E+02   0.39394E-02   0.39395E-02
   0.21699E+02   0.22464E+02   0.46804E-02   0.46805E-02
   0.21125E+02   0.21869E+02   0.55547E-02   0.55548E-02
   0.20554E+02   0.21277E+02   0.65885E-02   0.65887E-02
   0.19984E+02   0.20688E+02   0.78127E-02   0.78130E-02
   0.19418E+02   0.20101E+02   0.92635E-02   0.92640E-02
   0.18853E+02   0.19516E+02   0.10981E-01   0.10982E-01
   0.18290E+02   0.18934E+02   0.13011E-01   0.13012E-01
   0.17729E+02   0.18353E+02   0.15407E-01   0.15409E-01
   0.17170E+02   0.17773E+02   0.18230E-01   0.18232E-01
   0.16613E+02   0.17196E+02   0.21549E-01   0.21553E-01
   0.16057E+02   0.16620E+02   0.25448E-01   0.25453E-01
   0.15503E+02   0.16045E+02   0.30016E-01   0.30023E-01
   0.14950E+02   0.15472E+02   0.35356E-01   0.35367E-01
   0.14399E+02   0.14900E+02   0.41584E-01   0.41600E-01
   0.13849E+02   0.14329E+02   0.48828E-01   0.48851E-01
   0.13300E+02   0.13759E+02   0.57228E-01   0.57262E-01
   0.12753E+02   0.13190E+02   0.66933E-01   0.66984E-01
   0.12207E+02   0.12622E+02   0.78094E-01   0.78171E-01
   0.11663E+02   0.12055E+02   0.90852E-01   0.90967E-01
   0.11120E+02   0.11489E+02   0.10532E+00   0.10550E+00
   0.10579E+02   0.10924E+02   0.12158E+00   0.12184E+00
   0.10040E+02   0.10359E+02   0.13960E+00   0.13999E+00
   0.95025E+01   0.97955E+01   0.15925E+00   0.15983E+00
   0.89679E+01   0.92322E+01   0.18019E+00   0.18104E+00
   0.84361E+01   0.86695E+01   0.20185E+00   0.20311E+00
   0.79072E+01   0.81073E+01   0.22341E+00   0.22524E+00
   0.73817E+01   0.75457E+01   0.24371E+00   0.24635E+00
   0.68599E+01   0.69846E+01   0.26131E+00   0.26505E+00
   0.63418E+01   0.64239E+01   0.27457E+00   0.27974E+00
   0.58275E+01   0.58636E+01   0.28174E+00   0.28874E+00
   0.53168E+01   0.53037E+01   0.28125E+00   0.29045E+00
   0.48091E+01   0.47442E+01   0.27198E+00   0.28371E+00
   0.43036E+01   0.41850E+01   0.25359E+00   0.26806E+00
   0.37990E+01   0.36261E+01   0.22691E+00   0.24414E+00
   0.32939E+01   0.30676E+01   0.19401E+00   0.21391E+00
   0.27867E+01   0.25093E+01   0.15778E+00   0.18025E+00
   0.22758E+01   0.19513E+01   0.11922E+00   0.14421E+00
   0.17507E+01   0.13935E+01   0.74964E-01   0.10028E+00
   0.11618E+01   0.83595E+00   0.28635E-01   0.45283E-01
   0.42380E+00   0.27861E+00   0.33428E-02   0.64692E-02
