   0.19405E+03   0.17785E+03   0.10750E-01   0.10805E-01
   0.18937E+03   0.17355E+03   0.31154E-01   0.31313E-01
   0.18471E+03   0.16926E+03   0.54015E-01   0.54295E-01
   0.18008E+03   0.16500E+03   0.78081E-01   0.78494E-01
   0.17548E+03   0.16077E+03   0.10171E+00   0.10227E+00
   0.17093E+03   0.15657E+03   0.12544E+00   0.12614E+00
   0.16644E+03   0.15242E+03   0.14986E+00   0.15072E+00
   0.16200E+03   0.14832E+03   0.17497E+00   0.17601E+00
   0.15763E+03   0.14428E+03   0.19926E+00   0.20048E+00
   0.15333E+03   0.14031E+03   0.22300E+00   0.22443E+00
   0.14912E+03   0.13641E+03   0.24642E+00   0.24806E+00
   0.14499E+03   0.13258E+03   0.27012E+00   0.27201E+00
   0.14095E+03   0.12884E+03   0.29541E+00   0.29758E+00
   0.13702E+03   0.12519E+03   0.32208E+00   0.32458E+00
   0.13318E+03   0.12162E+03   0.34894E+00   0.35180E+00
   0.12945E+03   0.11815E+03   0.37575E+00   0.37901E+00
   0.12582E+03   0.11476E+03   0.40358E+00   0.40728E+00
   0.12229E+03   0.11148E+03   0.43258E+00   0.43677E+00
   0.11886E+03   0.10829E+03   0.46182E+00   0.46654E+00
   0.11554E+03   0.10521E+03   0.49003E+00   0.49530E+00
   0.11233E+03   0.10221E+03   0.51737E+00   0.52322E+00
   0.10922E+03   0.99322E+02   0.54435E+00   0.55081E+00
   0.10622E+03   0.96527E+02   0.57181E+00   0.57894E+00
   0.10332E+03   0.93827E+02   0.60011E+00   0.60796E+00
   0.10052E+03   0.91223E+02   0.62875E+00   0.63738E+00
   0.97824E+02   0.88711E+02   0.65634E+00   0.66577E+00
   0.95222E+02   0.86290E+02   0.68208E+00   0.69233E+00
   0.92715E+02   0.83958E+02   0.70562E+00   0.71666E+00
   0.90299E+02   0.81713E+02   0.72714E+00   0.73899E+00
   0.87973E+02   0.79552E+02   0.74749E+00   0.76015E+00
   0.85734E+02   0.77471E+02   0.76720E+00   0.78070E+00
   0.83579E+02   0.75470E+02   0.78619E+00   0.80054E+00
   0.81505E+02   0.73544E+02   0.80415E+00   0.81937E+00
   0.79509E+02   0.71691E+02   0.82140E+00   0.83749E+00
   0.77588E+02   0.69908E+02   0.83832E+00   0.85531E+00
   0.75738E+02   0.68193E+02   0.85498E+00   0.87288E+00
   0.73957E+02   0.66541E+02   0.87131E+00   0.89014E+00
   0.72241E+02   0.64951E+02   0.88720E+00   0.90697E+00
   0.70588E+02   0.63419E+02   0.90264E+00   0.92336E+00
   0.68994E+02   0.61943E+02   0.91761E+00   0.93928E+00
   0.67456E+02   0.60521E+02   0.93211E+00   0.95474E+00
   0.65973E+02   0.59148E+02   0.94629E+00   0.96988E+00
   0.64541E+02   0.57824E+02   0.96028E+00   0.98487E+00
   0.63157E+02   0.56546E+02   0.97425E+00   0.99984E+00
   0.61820E+02   0.55310E+02   0.98820E+00   0.10148E+01
   0.60526E+02   0.54115E+02   0.10021E+01   0.10298E+01
   0.59274E+02   0.52959E+02   0.10161E+01   0.10448E+01
   0.58061E+02   0.51839E+02   0.10301E+01   0.10599E+01
   0.56885E+02   0.50754E+02   0.10441E+01   0.10751E+01
   0.55744E+02   0.49701E+02   0.10582E+01   0.10903E+01
   0.54636E+02   0.48679E+02   0.10723E+01   0.11056E+01
   0.53559E+02   0.47686E+02   0.10865E+01   0.11209E+01
   0.52511E+02   0.46720E+02   0.11007E+01   0.11364E+01
   0.51491E+02   0.45780E+02   0.11151E+01   0.11520E+01
   0.50497E+02   0.44863E+02   0.11295E+01   0.11677E+01
   0.49528E+02   0.43970E+02   0.11440E+01   0.11835E+01
   0.48581E+02   0.43098E+02   0.11584E+01   0.11992E+01
   0.47657E+02   0.42246E+02   0.11728E+01   0.12151E+01
   0.46753E+02   0.41413E+02   0.11873E+01   0.12310E+01
   0.45869E+02   0.40597E+02   0.12018E+01   0.12471E+01
   0.45002E+02   0.39798E+02   0.12164E+01   0.12632E+01
   0.44152E+02   0.39015E+02   0.12309E+01   0.12793E+01
   0.43318E+02   0.38246E+02   0.12453E+01   0.12953E+01
   0.42498E+02   0.37491E+02   0.12596E+01   0.13112E+01
   0.41692E+02   0.36749E+02   0.12734E+01   0.13267E+01
   0.40899E+02   0.36019E+02   0.12868E+01   0.13418E+01
   0.40119E+02   0.35301E+02   0.12996E+01   0.13564E+01
   0.39349E+02   0.34593E+02   0.13120E+01   0.13706E+01
   0.38590E+02   0.33894E+02   0.13241E+01   0.13845E+01
   0.37841E+02   0.33206E+02   0.13360E+01   0.13983E+01
   0.37102E+02   0.32525E+02   0.13478E+01   0.14121E+01
   0.36371E+02   0.31853E+02   0.13598E+01   0.14260E+01
   0.35649E+02   0.31189E+02   0.13718E+01   0.14401E+01
   0.34934E+02   0.30532E+02   0.13838E+01   0.14544E+01
   0.34227E+02   0.29881E+02   0.13960E+01   0.14688E+01
   0.33527E+02   0.29237E+02   0.14081E+01   0.14833E+01
   0.32834E+02   0.28598E+02   0.14202E+01   0.14979E+01
   0.32146E+02   0.27965E+02   0.14322E+01   0.15125E+01
   0.31464E+02   0.27337E+02   0.14439E+01   0.15269E+01
   0.30788E+02   0.26714E+02   0.14555E+01   0.15413E+01
   0.30117E+02   0.26096E+02   0.14668E+01   0.15556E+01
   0.29450E+02   0.25481E+02   0.14780E+01   0.15699E+01
   0.28788E+02   0.24871E+02   0.14890E+01   0.15841E+01
   0.28130E+02   0.24264E+02   0.14998E+01   0.15983E+01
   0.27476E+02   0.23661E+02   0.15103E+01   0.16124E+01
   0.26826E+02   0.23061E+02   0.15206E+01   0.16265E+01
   0.26180E+02   0.22464E+02   0.15305E+01   0.16404E+01
   0.25537E+02   0.21869E+02   0.15400E+01   0.16542E+01
   0.24897E+02   0.21277E+02   0.15491E+01   0.16678E+01
   0.24261E+02   0.20688E+02   0.15578E+01   0.16813E+01
   0.23627E+02   0.20101E+02   0.15661E+01   0.16946E+01
   0.22996E+02   0.19516E+02   0.15739E+01   0.17079E+01
   0.22369E+02   0.18934E+02   0.15813E+01   0.17211E+01
   0.21744E+02   0.18353E+02   0.15881E+01   0.17343E+01
   0.21121E+02   0.17773E+02   0.15945E+01   0.17475E+01
   0.20502E+02   0.17196E+02   0.16005E+01   0.17609E+01
   0.19885E+02   0.16620E+02   0.16063E+01   0.17748E+01
   0.19271E+02   0.16045E+02   0.16120E+01   0.17893E+01
   0.18660E+02   0.15472E+02   0.16174E+01   0.18047E+01
   0.18053E+02   0.14900E+02   0.16224E+01   0.18206E+01
   0.17448E+02   0.14329E+02   0.16265E+01   0.18370E+01
   0.16847E+02   0.13759E+02   0.16292E+01   0.18532E+01
   0.16250E+02   0.13190E+02   0.16298E+01   0.18691E+01
   0.15657E+02   0.12622E+02   0.16277E+01   0.18840E+01
   0.15068E+02   0.12055E+02   0.16218E+01   0.18971E+01
   0.14483E+02   0.11489E+02   0.16114E+01   0.19078E+01
   0.13903E+02   0.10924E+02   0.15958E+01   0.19160E+01
   0.13329E+02   0.10359E+02   0.15742E+01   0.19209E+01
   0.12760E+02   0.97955E+01   0.15451E+01   0.19214E+01
   0.12195E+02   0.92322E+01   0.15068E+01   0.19158E+01
   0.11636E+02   0.86695E+01   0.14573E+01   0.19019E+01
   0.11082E+02   0.81073E+01   0.13939E+01   0.18762E+01
   0.10531E+02   0.75457E+01   0.13142E+01   0.18349E+01
   0.99799E+01   0.69846E+01   0.12168E+01   0.17744E+01
   0.94250E+01   0.64239E+01   0.11005E+01   0.16897E+01
   0.88593E+01   0.58636E+01   0.96424E+00   0.15732E+01
   0.82733E+01   0.53037E+01   0.80956E+00   0.14182E+01
   0.76525E+01   0.47442E+01   0.64269E+00   0.12224E+01
   0.69770E+01   0.41850E+01   0.47223E+00   0.98566E+00
   0.62224E+01   0.36261E+01   0.31308E+00   0.72224E+00
   0.53733E+01   0.30676E+01   0.18314E+00   0.46700E+00
   0.44381E+01   0.25093E+01   0.92668E-01   0.25901E+00
   0.34499E+01   0.19513E+01   0.40198E-01   0.12143E+00
   0.24463E+01   0.13935E+01   0.14671E-01   0.47224E-01
   0.14521E+01   0.83595E+00   0.39964E-02   0.13562E-01
   0.47806E+00   0.27861E+00   0.53983E-03   0.19178E-02
