   0.20803E+03   0.17785E+03   0.27741E-01   0.28736E-01
   0.20300E+03   0.17355E+03   0.77851E-01   0.80641E-01
   0.19799E+03   0.16926E+03   0.12880E+00   0.13342E+00
   0.19302E+03   0.16500E+03   0.18118E+00   0.18770E+00
   0.18811E+03   0.16077E+03   0.23552E+00   0.24405E+00
   0.18326E+03   0.15657E+03   0.29198E+00   0.30265E+00
   0.17849E+03   0.15242E+03   0.34746E+00   0.36030E+00
   0.17378E+03   0.14832E+03   0.39761E+00   0.41251E+00
   0.16915E+03   0.14428E+03   0.44328E+00   0.46015E+00
   0.16461E+03   0.14031E+03   0.48724E+00   0.50611E+00
   0.16016E+03   0.13641E+03   0.52859E+00   0.54944E+00
   0.15578E+03   0.13258E+03   0.56680E+00   0.58958E+00
   0.15151E+03   0.12884E+03   0.60330E+00   0.62801E+00
   0.14734E+03   0.12519E+03   0.64175E+00   0.66859E+00
   0.14329E+03   0.12162E+03   0.68214E+00   0.71135E+00
   0.13935E+03   0.11815E+03   0.72369E+00   0.75547E+00
   0.13553E+03   0.11476E+03   0.76664E+00   0.80120E+00
   0.13181E+03   0.11148E+03   0.81317E+00   0.85081E+00
   0.12821E+03   0.10829E+03   0.86142E+00   0.90238E+00
   0.12471E+03   0.10521E+03   0.90768E+00   0.95200E+00
   0.12132E+03   0.10221E+03   0.94919E+00   0.99676E+00
   0.11804E+03   0.99322E+02   0.98458E+00   0.10352E+01
   0.11486E+03   0.96527E+02   0.10157E+01   0.10692E+01
   0.11180E+03   0.93827E+02   0.10455E+01   0.11019E+01
   0.10884E+03   0.91223E+02   0.10761E+01   0.11356E+01
   0.10598E+03   0.88711E+02   0.11072E+01   0.11699E+01
   0.10323E+03   0.86290E+02   0.11364E+01   0.12023E+01
   0.10057E+03   0.83958E+02   0.11631E+01   0.12321E+01
   0.98011E+02   0.81713E+02   0.11895E+01   0.12617E+01
   0.95545E+02   0.79552E+02   0.12170E+01   0.12925E+01
   0.93171E+02   0.77471E+02   0.12454E+01   0.13244E+01
   0.90887E+02   0.75470E+02   0.12753E+01   0.13580E+01
   0.88690E+02   0.73544E+02   0.13068E+01   0.13935E+01
   0.86576E+02   0.71691E+02   0.13394E+01   0.14302E+01
   0.84542E+02   0.69908E+02   0.13717E+01   0.14668E+01
   0.82584E+02   0.68193E+02   0.14033E+01   0.15027E+01
   0.80698E+02   0.66541E+02   0.14340E+01   0.15378E+01
   0.78882E+02   0.64951E+02   0.14639E+01   0.15721E+01
   0.77133E+02   0.63419E+02   0.14929E+01   0.16056E+01
   0.75447E+02   0.61943E+02   0.15209E+01   0.16382E+01
   0.73823E+02   0.60521E+02   0.15483E+01   0.16701E+01
   0.72256E+02   0.59148E+02   0.15749E+01   0.17015E+01
   0.70745E+02   0.57824E+02   0.16010E+01   0.17324E+01
   0.69286E+02   0.56546E+02   0.16267E+01   0.17630E+01
   0.67876E+02   0.55310E+02   0.16517E+01   0.17930E+01
   0.66513E+02   0.54115E+02   0.16756E+01   0.18219E+01
   0.65194E+02   0.52959E+02   0.16986E+01   0.18499E+01
   0.63916E+02   0.51839E+02   0.17210E+01   0.18774E+01
   0.62678E+02   0.50754E+02   0.17428E+01   0.19045E+01
   0.61477E+02   0.49701E+02   0.17641E+01   0.19311E+01
   0.60310E+02   0.48679E+02   0.17846E+01   0.19569E+01
   0.59177E+02   0.47686E+02   0.18040E+01   0.19816E+01
   0.58075E+02   0.46720E+02   0.18223E+01   0.20053E+01
   0.57003E+02   0.45780E+02   0.18395E+01   0.20281E+01
   0.55958E+02   0.44863E+02   0.18559E+01   0.20500E+01
   0.54940E+02   0.43970E+02   0.18716E+01   0.20712E+01
   0.53946E+02   0.43098E+02   0.18869E+01   0.20922E+01
   0.52975E+02   0.42246E+02   0.19019E+01   0.21131E+01
   0.52025E+02   0.41413E+02   0.19165E+01   0.21336E+01
   0.51096E+02   0.40597E+02   0.19306E+01   0.21537E+01
   0.50185E+02   0.39798E+02   0.19439E+01   0.21732E+01
   0.49291E+02   0.39015E+02   0.19566E+01   0.21921E+01
   0.48415E+02   0.38246E+02   0.19687E+01   0.22104E+01
   0.47553E+02   0.37491E+02   0.19802E+01   0.22283E+01
   0.46707E+02   0.36749E+02   0.19913E+01   0.22460E+01
   0.45873E+02   0.36019E+02   0.20023E+01   0.22638E+01
   0.45053E+02   0.35301E+02   0.20135E+01   0.22819E+01
   0.44243E+02   0.34593E+02   0.20250E+01   0.23006E+01
   0.43445E+02   0.33894E+02   0.20369E+01   0.23199E+01
   0.42657E+02   0.33206E+02   0.20492E+01   0.23399E+01
   0.41878E+02   0.32525E+02   0.20617E+01   0.23604E+01
   0.41107E+02   0.31853E+02   0.20744E+01   0.23813E+01
   0.40344E+02   0.31189E+02   0.20872E+01   0.24027E+01
   0.39589E+02   0.30532E+02   0.21000E+01   0.24244E+01
   0.38841E+02   0.29881E+02   0.21131E+01   0.24466E+01
   0.38099E+02   0.29237E+02   0.21263E+01   0.24693E+01
   0.37363E+02   0.28598E+02   0.21398E+01   0.24926E+01
   0.36632E+02   0.27965E+02   0.21536E+01   0.25167E+01
   0.35906E+02   0.27337E+02   0.21678E+01   0.25416E+01
   0.35185E+02   0.26714E+02   0.21824E+01   0.25673E+01
   0.34467E+02   0.26096E+02   0.21971E+01   0.25937E+01
   0.33754E+02   0.25481E+02   0.22121E+01   0.26209E+01
   0.33045E+02   0.24871E+02   0.22274E+01   0.26489E+01
   0.32338E+02   0.24264E+02   0.22428E+01   0.26776E+01
   0.31634E+02   0.23661E+02   0.22583E+01   0.27070E+01
   0.30933E+02   0.23061E+02   0.22738E+01   0.27370E+01
   0.30234E+02   0.22464E+02   0.22891E+01   0.27675E+01
   0.29536E+02   0.21869E+02   0.23042E+01   0.27984E+01
   0.28841E+02   0.21277E+02   0.23187E+01   0.28293E+01
   0.28147E+02   0.20688E+02   0.23321E+01   0.28598E+01
   0.27455E+02   0.20101E+02   0.23439E+01   0.28894E+01
   0.26764E+02   0.19516E+02   0.23541E+01   0.29178E+01
   0.26075E+02   0.18934E+02   0.23623E+01   0.29450E+01
   0.25386E+02   0.18353E+02   0.23686E+01   0.29711E+01
   0.24699E+02   0.17773E+02   0.23731E+01   0.29962E+01
   0.24013E+02   0.17196E+02   0.23758E+01   0.30208E+01
   0.23328E+02   0.16620E+02   0.23774E+01   0.30454E+01
   0.22645E+02   0.16045E+02   0.23778E+01   0.30705E+01
   0.21963E+02   0.15472E+02   0.23769E+01   0.30963E+01
   0.21282E+02   0.14900E+02   0.23747E+01   0.31229E+01
   0.20603E+02   0.14329E+02   0.23705E+01   0.31497E+01
   0.19926E+02   0.13759E+02   0.23634E+01   0.31763E+01
   0.19250E+02   0.13190E+02   0.23527E+01   0.32018E+01
   0.18575E+02   0.12622E+02   0.23376E+01   0.32259E+01
   0.17902E+02   0.12055E+02   0.23172E+01   0.32476E+01
   0.17229E+02   0.11489E+02   0.22901E+01   0.32657E+01
   0.16557E+02   0.10924E+02   0.22553E+01   0.32791E+01
   0.15885E+02   0.10359E+02   0.22114E+01   0.32866E+01
   0.15213E+02   0.97955E+01   0.21567E+01   0.32862E+01
   0.14539E+02   0.92322E+01   0.20893E+01   0.32751E+01
   0.13861E+02   0.86695E+01   0.20070E+01   0.32501E+01
   0.13176E+02   0.81073E+01   0.19073E+01   0.32053E+01
   0.12480E+02   0.75457E+01   0.17863E+01   0.31321E+01
   0.11768E+02   0.69846E+01   0.16403E+01   0.30190E+01
   0.11034E+02   0.64239E+01   0.14677E+01   0.28550E+01
   0.10267E+02   0.58636E+01   0.12703E+01   0.26297E+01
   0.94529E+01   0.53037E+01   0.10545E+01   0.23376E+01
   0.85834E+01   0.47442E+01   0.82981E+00   0.19792E+01
   0.76528E+01   0.41850E+01   0.61180E+00   0.15734E+01
   0.66647E+01   0.36261E+01   0.41668E+00   0.11537E+01
   0.56339E+01   0.30676E+01   0.25826E+00   0.76611E+00
   0.45821E+01   0.25093E+01   0.14236E+00   0.44925E+00
   0.35300E+01   0.19513E+01   0.67206E-01   0.22395E+00
   0.24918E+01   0.13935E+01   0.25412E-01   0.88827E-01
   0.14757E+01   0.83595E+00   0.65819E-02   0.24005E-01
   0.48518E+00   0.27861E+00   0.78996E-03   0.29934E-02
