   0.19319E+03   0.17785E+03   0.10870E-01   0.10914E-01
   0.18853E+03   0.17355E+03   0.31739E-01   0.31867E-01
   0.18388E+03   0.16926E+03   0.54173E-01   0.54393E-01
   0.17926E+03   0.16500E+03   0.76365E-01   0.76680E-01
   0.17468E+03   0.16077E+03   0.98982E-01   0.99400E-01
   0.17014E+03   0.15657E+03   0.12305E+00   0.12358E+00
   0.16566E+03   0.15242E+03   0.14794E+00   0.14861E+00
   0.16124E+03   0.14832E+03   0.17260E+00   0.17341E+00
   0.15689E+03   0.14428E+03   0.19671E+00   0.19767E+00
   0.15261E+03   0.14031E+03   0.22036E+00   0.22149E+00
   0.14842E+03   0.13641E+03   0.24380E+00   0.24511E+00
   0.14431E+03   0.13258E+03   0.26695E+00   0.26847E+00
   0.14029E+03   0.12884E+03   0.28972E+00   0.29147E+00
   0.13636E+03   0.12519E+03   0.31170E+00   0.31369E+00
   0.13254E+03   0.12162E+03   0.33290E+00   0.33515E+00
   0.12881E+03   0.11815E+03   0.35430E+00   0.35685E+00
   0.12519E+03   0.11476E+03   0.37704E+00   0.37992E+00
   0.12168E+03   0.11148E+03   0.40093E+00   0.40418E+00
   0.11827E+03   0.10829E+03   0.42555E+00   0.42921E+00
   0.11496E+03   0.10521E+03   0.45136E+00   0.45546E+00
   0.11175E+03   0.10221E+03   0.47756E+00   0.48215E+00
   0.10866E+03   0.99322E+02   0.50332E+00   0.50841E+00
   0.10566E+03   0.96527E+02   0.52842E+00   0.53405E+00
   0.10277E+03   0.93827E+02   0.55325E+00   0.55945E+00
   0.99983E+02   0.91223E+02   0.57804E+00   0.58485E+00
   0.97293E+02   0.88711E+02   0.60251E+00   0.60996E+00
   0.94700E+02   0.86290E+02   0.62620E+00   0.63431E+00
   0.92202E+02   0.83958E+02   0.64890E+00   0.65769E+00
   0.89797E+02   0.81713E+02   0.67093E+00   0.68043E+00
   0.87481E+02   0.79552E+02   0.69263E+00   0.70286E+00
   0.85252E+02   0.77471E+02   0.71422E+00   0.72521E+00
   0.83107E+02   0.75470E+02   0.73569E+00   0.74749E+00
   0.81043E+02   0.73544E+02   0.75695E+00   0.76957E+00
   0.79057E+02   0.71691E+02   0.77815E+00   0.79162E+00
   0.77145E+02   0.69908E+02   0.79937E+00   0.81373E+00
   0.75305E+02   0.68193E+02   0.82043E+00   0.83570E+00
   0.73532E+02   0.66541E+02   0.84104E+00   0.85724E+00
   0.71825E+02   0.64951E+02   0.86105E+00   0.87819E+00
   0.70180E+02   0.63419E+02   0.88056E+00   0.89865E+00
   0.68594E+02   0.61943E+02   0.89964E+00   0.91871E+00
   0.67064E+02   0.60521E+02   0.91814E+00   0.93819E+00
   0.65588E+02   0.59148E+02   0.93602E+00   0.95705E+00
   0.64163E+02   0.57824E+02   0.95337E+00   0.97540E+00
   0.62786E+02   0.56546E+02   0.97040E+00   0.99345E+00
   0.61456E+02   0.55310E+02   0.98711E+00   0.10112E+01
   0.60168E+02   0.54115E+02   0.10034E+01   0.10285E+01
   0.58922E+02   0.52959E+02   0.10193E+01   0.10455E+01
   0.57715E+02   0.51839E+02   0.10346E+01   0.10618E+01
   0.56544E+02   0.50754E+02   0.10494E+01   0.10777E+01
   0.55407E+02   0.49701E+02   0.10639E+01   0.10932E+01
   0.54303E+02   0.48679E+02   0.10779E+01   0.11084E+01
   0.53230E+02   0.47686E+02   0.10916E+01   0.11231E+01
   0.52186E+02   0.46720E+02   0.11050E+01   0.11376E+01
   0.51169E+02   0.45780E+02   0.11181E+01   0.11518E+01
   0.50178E+02   0.44863E+02   0.11310E+01   0.11658E+01
   0.49212E+02   0.43970E+02   0.11436E+01   0.11796E+01
   0.48269E+02   0.43098E+02   0.11560E+01   0.11932E+01
   0.47347E+02   0.42246E+02   0.11682E+01   0.12065E+01
   0.46446E+02   0.41413E+02   0.11801E+01   0.12197E+01
   0.45563E+02   0.40597E+02   0.11920E+01   0.12328E+01
   0.44699E+02   0.39798E+02   0.12036E+01   0.12457E+01
   0.43852E+02   0.39015E+02   0.12152E+01   0.12586E+01
   0.43020E+02   0.38246E+02   0.12265E+01   0.12713E+01
   0.42203E+02   0.37491E+02   0.12379E+01   0.12840E+01
   0.41401E+02   0.36749E+02   0.12493E+01   0.12969E+01
   0.40611E+02   0.36019E+02   0.12608E+01   0.13098E+01
   0.39833E+02   0.35301E+02   0.12723E+01   0.13229E+01
   0.39067E+02   0.34593E+02   0.12840E+01   0.13362E+01
   0.38312E+02   0.33894E+02   0.12957E+01   0.13495E+01
   0.37567E+02   0.33206E+02   0.13074E+01   0.13630E+01
   0.36831E+02   0.32525E+02   0.13192E+01   0.13765E+01
   0.36104E+02   0.31853E+02   0.13309E+01   0.13901E+01
   0.35386E+02   0.31189E+02   0.13425E+01   0.14036E+01
   0.34675E+02   0.30532E+02   0.13540E+01   0.14171E+01
   0.33971E+02   0.29881E+02   0.13654E+01   0.14305E+01
   0.33274E+02   0.29237E+02   0.13769E+01   0.14441E+01
   0.32584E+02   0.28598E+02   0.13882E+01   0.14577E+01
   0.31900E+02   0.27965E+02   0.13995E+01   0.14713E+01
   0.31221E+02   0.27337E+02   0.14106E+01   0.14849E+01
   0.30548E+02   0.26714E+02   0.14217E+01   0.14984E+01
   0.29880E+02   0.26096E+02   0.14326E+01   0.15120E+01
   0.29216E+02   0.25481E+02   0.14434E+01   0.15256E+01
   0.28557E+02   0.24871E+02   0.14542E+01   0.15393E+01
   0.27902E+02   0.24264E+02   0.14650E+01   0.15533E+01
   0.27251E+02   0.23661E+02   0.14760E+01   0.15676E+01
   0.26603E+02   0.23061E+02   0.14871E+01   0.15822E+01
   0.25960E+02   0.22464E+02   0.14983E+01   0.15971E+01
   0.25319E+02   0.21869E+02   0.15095E+01   0.16123E+01
   0.24682E+02   0.21277E+02   0.15206E+01   0.16276E+01
   0.24048E+02   0.20688E+02   0.15315E+01   0.16430E+01
   0.23417E+02   0.20101E+02   0.15421E+01   0.16584E+01
   0.22789E+02   0.19516E+02   0.15523E+01   0.16737E+01
   0.22163E+02   0.18934E+02   0.15618E+01   0.16888E+01
   0.21540E+02   0.18353E+02   0.15707E+01   0.17036E+01
   0.20920E+02   0.17773E+02   0.15789E+01   0.17181E+01
   0.20302E+02   0.17196E+02   0.15865E+01   0.17325E+01
   0.19687E+02   0.16620E+02   0.15934E+01   0.17469E+01
   0.19074E+02   0.16045E+02   0.15996E+01   0.17613E+01
   0.18465E+02   0.15472E+02   0.16050E+01   0.17757E+01
   0.17858E+02   0.14900E+02   0.16094E+01   0.17900E+01
   0.17255E+02   0.14329E+02   0.16126E+01   0.18041E+01
   0.16655E+02   0.13759E+02   0.16141E+01   0.18178E+01
   0.16058E+02   0.13190E+02   0.16136E+01   0.18308E+01
   0.15465E+02   0.12622E+02   0.16105E+01   0.18428E+01
   0.14876E+02   0.12055E+02   0.16043E+01   0.18535E+01
   0.14290E+02   0.11489E+02   0.15944E+01   0.18624E+01
   0.13710E+02   0.10924E+02   0.15796E+01   0.18688E+01
   0.13134E+02   0.10359E+02   0.15585E+01   0.18712E+01
   0.12563E+02   0.97955E+01   0.15295E+01   0.18684E+01
   0.11997E+02   0.92322E+01   0.14915E+01   0.18591E+01
   0.11437E+02   0.86695E+01   0.14429E+01   0.18421E+01
   0.10883E+02   0.81073E+01   0.13821E+01   0.18154E+01
   0.10333E+02   0.75457E+01   0.13070E+01   0.17762E+01
   0.97845E+01   0.69846E+01   0.12151E+01   0.17196E+01
   0.92345E+01   0.64239E+01   0.11043E+01   0.16400E+01
   0.86771E+01   0.58636E+01   0.97496E+00   0.15335E+01
   0.81035E+01   0.53037E+01   0.82864E+00   0.13947E+01
   0.75005E+01   0.47442E+01   0.66841E+00   0.12176E+01
   0.68493E+01   0.41850E+01   0.50260E+00   0.10020E+01
   0.61278E+01   0.36261E+01   0.34479E+00   0.75907E+00
   0.53169E+01   0.30676E+01   0.20865E+00   0.50908E+00
   0.44141E+01   0.25093E+01   0.10788E+00   0.29021E+00
   0.34446E+01   0.19513E+01   0.46731E-01   0.13680E+00
   0.24480E+01   0.13935E+01   0.16580E-01   0.52010E-01
   0.14547E+01   0.83595E+00   0.43460E-02   0.14428E-01
   0.47919E+00   0.27861E+00   0.56650E-03   0.19739E-02
