   0.19004E+03   0.17785E+03   0.86004E-06   0.86004E-06
   0.18544E+03   0.17355E+03   0.35237E-05   0.35237E-05
   0.18086E+03   0.16926E+03   0.11665E-04   0.11665E-04
   0.17631E+03   0.16500E+03   0.34974E-04   0.34974E-04
   0.17178E+03   0.16077E+03   0.87436E-04   0.87436E-04
   0.16730E+03   0.15657E+03   0.17405E-03   0.17405E-03
   0.16286E+03   0.15242E+03   0.29663E-03   0.29663E-03
   0.15848E+03   0.14832E+03   0.46849E-03   0.46849E-03
   0.15417E+03   0.14428E+03   0.71553E-03   0.71554E-03
   0.14992E+03   0.14031E+03   0.10486E-02   0.10486E-02
   0.14576E+03   0.13641E+03   0.14254E-02   0.14254E-02
   0.14167E+03   0.13258E+03   0.18563E-02   0.18563E-02
   0.13767E+03   0.12884E+03   0.23611E-02   0.23611E-02
   0.13377E+03   0.12519E+03   0.29821E-02   0.29821E-02
   0.12996E+03   0.12162E+03   0.38842E-02   0.38843E-02
   0.12625E+03   0.11815E+03   0.52594E-02   0.52595E-02
   0.12263E+03   0.11476E+03   0.70712E-02   0.70714E-02
   0.11913E+03   0.11148E+03   0.91785E-02   0.91789E-02
   0.11572E+03   0.10829E+03   0.11668E-01   0.11669E-01
   0.11242E+03   0.10521E+03   0.14823E-01   0.14824E-01
   0.10923E+03   0.10221E+03   0.18859E-01   0.18861E-01
   0.10614E+03   0.99322E+02   0.23712E-01   0.23715E-01
   0.10316E+03   0.96527E+02   0.29070E-01   0.29074E-01
   0.10028E+03   0.93827E+02   0.34897E-01   0.34903E-01
   0.97499E+02   0.91223E+02   0.41352E-01   0.41360E-01
   0.94820E+02   0.88711E+02   0.48704E-01   0.48717E-01
   0.92238E+02   0.86290E+02   0.56817E-01   0.56834E-01
   0.89751E+02   0.83958E+02   0.65256E-01   0.65280E-01
   0.87357E+02   0.81713E+02   0.73988E-01   0.74020E-01
   0.85053E+02   0.79552E+02   0.83229E-01   0.83270E-01
   0.82836E+02   0.77471E+02   0.93210E-01   0.93262E-01
   0.80703E+02   0.75470E+02   0.10415E+00   0.10422E+00
   0.78652E+02   0.73544E+02   0.11598E+00   0.11606E+00
   0.76679E+02   0.71691E+02   0.12845E+00   0.12856E+00
   0.74781E+02   0.69908E+02   0.14142E+00   0.14154E+00
   0.72954E+02   0.68193E+02   0.15496E+00   0.15512E+00
   0.71197E+02   0.66541E+02   0.16921E+00   0.16941E+00
   0.69505E+02   0.64951E+02   0.18417E+00   0.18440E+00
   0.67876E+02   0.63419E+02   0.19970E+00   0.19998E+00
   0.66307E+02   0.61943E+02   0.21559E+00   0.21591E+00
   0.64794E+02   0.60521E+02   0.23174E+00   0.23212E+00
   0.63336E+02   0.59148E+02   0.24809E+00   0.24854E+00
   0.61928E+02   0.57824E+02   0.26465E+00   0.26516E+00
   0.60570E+02   0.56546E+02   0.28137E+00   0.28195E+00
   0.59257E+02   0.55310E+02   0.29815E+00   0.29882E+00
   0.57989E+02   0.54115E+02   0.31494E+00   0.31570E+00
   0.56761E+02   0.52959E+02   0.33177E+00   0.33263E+00
   0.55572E+02   0.51839E+02   0.34868E+00   0.34965E+00
   0.54420E+02   0.50754E+02   0.36576E+00   0.36684E+00
   0.53303E+02   0.49701E+02   0.38305E+00   0.38425E+00
   0.52218E+02   0.48679E+02   0.40059E+00   0.40192E+00
   0.51165E+02   0.47686E+02   0.41834E+00   0.41982E+00
   0.50140E+02   0.46720E+02   0.43632E+00   0.43794E+00
   0.49143E+02   0.45780E+02   0.45447E+00   0.45626E+00
   0.48171E+02   0.44863E+02   0.47284E+00   0.47480E+00
   0.47223E+02   0.43970E+02   0.49142E+00   0.49357E+00
   0.46299E+02   0.43098E+02   0.51022E+00   0.51256E+00
   0.45395E+02   0.42246E+02   0.52922E+00   0.53177E+00
   0.44512E+02   0.41413E+02   0.54837E+00   0.55114E+00
   0.43647E+02   0.40597E+02   0.56769E+00   0.57070E+00
   0.42800E+02   0.39798E+02   0.58716E+00   0.59042E+00
   0.41970E+02   0.39015E+02   0.60673E+00   0.61026E+00
   0.41156E+02   0.38246E+02   0.62638E+00   0.63019E+00
   0.40356E+02   0.37491E+02   0.64608E+00   0.65018E+00
   0.39570E+02   0.36749E+02   0.66583E+00   0.67025E+00
   0.38796E+02   0.36019E+02   0.68567E+00   0.69043E+00
   0.38035E+02   0.35301E+02   0.70564E+00   0.71075E+00
   0.37285E+02   0.34593E+02   0.72575E+00   0.73124E+00
   0.36546E+02   0.33894E+02   0.74601E+00   0.75189E+00
   0.35817E+02   0.33206E+02   0.76642E+00   0.77273E+00
   0.35097E+02   0.32525E+02   0.78697E+00   0.79373E+00
   0.34386E+02   0.31853E+02   0.80762E+00   0.81486E+00
   0.33683E+02   0.31189E+02   0.82834E+00   0.83608E+00
   0.32987E+02   0.30532E+02   0.84912E+00   0.85739E+00
   0.32299E+02   0.29881E+02   0.86994E+00   0.87878E+00
   0.31617E+02   0.29237E+02   0.89082E+00   0.90026E+00
   0.30942E+02   0.28598E+02   0.91181E+00   0.92189E+00
   0.30273E+02   0.27965E+02   0.93293E+00   0.94369E+00
   0.29609E+02   0.27337E+02   0.95424E+00   0.96573E+00
   0.28951E+02   0.26714E+02   0.97574E+00   0.98801E+00
   0.28297E+02   0.26096E+02   0.99744E+00   0.10105E+01
   0.27648E+02   0.25481E+02   0.10193E+01   0.10333E+01
   0.27003E+02   0.24871E+02   0.10414E+01   0.10563E+01
   0.26363E+02   0.24264E+02   0.10636E+01   0.10795E+01
   0.25726E+02   0.23661E+02   0.10859E+01   0.11030E+01
   0.25093E+02   0.23061E+02   0.11085E+01   0.11267E+01
   0.24463E+02   0.22464E+02   0.11313E+01   0.11508E+01
   0.23836E+02   0.21869E+02   0.11544E+01   0.11752E+01
   0.23212E+02   0.21277E+02   0.11776E+01   0.11999E+01
   0.22591E+02   0.20688E+02   0.12010E+01   0.12249E+01
   0.21973E+02   0.20101E+02   0.12246E+01   0.12501E+01
   0.21357E+02   0.19516E+02   0.12481E+01   0.12755E+01
   0.20744E+02   0.18934E+02   0.12715E+01   0.13009E+01
   0.20132E+02   0.18353E+02   0.12947E+01   0.13263E+01
   0.19524E+02   0.17773E+02   0.13177E+01   0.13517E+01
   0.18917E+02   0.17196E+02   0.13405E+01   0.13771E+01
   0.18312E+02   0.16620E+02   0.13631E+01   0.14025E+01
   0.17709E+02   0.16045E+02   0.13853E+01   0.14278E+01
   0.17109E+02   0.15472E+02   0.14071E+01   0.14529E+01
   0.16510E+02   0.14900E+02   0.14283E+01   0.14779E+01
   0.15913E+02   0.14329E+02   0.14487E+01   0.15024E+01
   0.15318E+02   0.13759E+02   0.14681E+01   0.15264E+01
   0.14726E+02   0.13190E+02   0.14862E+01   0.15497E+01
   0.14135E+02   0.12622E+02   0.15028E+01   0.15720E+01
   0.13546E+02   0.12055E+02   0.15175E+01   0.15932E+01
   0.12959E+02   0.11489E+02   0.15299E+01   0.16127E+01
   0.12375E+02   0.10924E+02   0.15394E+01   0.16304E+01
   0.11793E+02   0.10359E+02   0.15456E+01   0.16457E+01
   0.11213E+02   0.97955E+01   0.15476E+01   0.16583E+01
   0.10637E+02   0.92322E+01   0.15446E+01   0.16671E+01
   0.10063E+02   0.86695E+01   0.15353E+01   0.16715E+01
   0.94925E+01   0.81073E+01   0.15186E+01   0.16705E+01
   0.89255E+01   0.75457E+01   0.14931E+01   0.16629E+01
   0.83621E+01   0.69846E+01   0.14568E+01   0.16472E+01
   0.78024E+01   0.64239E+01   0.14074E+01   0.16213E+01
   0.72461E+01   0.58636E+01   0.13422E+01   0.15825E+01
   0.66925E+01   0.53037E+01   0.12586E+01   0.15278E+01
   0.61397E+01   0.47442E+01   0.11537E+01   0.14532E+01
   0.55846E+01   0.41850E+01   0.10242E+01   0.13524E+01
   0.50207E+01   0.36261E+01   0.86751E+00   0.12169E+01
   0.44366E+01   0.30676E+01   0.68570E+00   0.10387E+01
   0.38139E+01   0.25093E+01   0.48714E+00   0.81235E+00
   0.31266E+01   0.19513E+01   0.29008E+00   0.54334E+00
   0.23443E+01   0.13935E+01   0.12508E+00   0.26707E+00
   0.14541E+01   0.83595E+00   0.29234E-01   0.71030E-01
   0.49077E+00   0.27861E+00   0.24404E-02   0.65936E-02
