   0.19217E+03   0.17785E+03   0.10381E-01   0.10407E-01
   0.18753E+03   0.17355E+03   0.28937E-01   0.29009E-01
   0.18292E+03   0.16926E+03   0.49077E-01   0.49203E-01
   0.17833E+03   0.16500E+03   0.70069E-01   0.70255E-01
   0.17377E+03   0.16077E+03   0.90933E-01   0.91183E-01
   0.16926E+03   0.15657E+03   0.11063E+00   0.11095E+00
   0.16479E+03   0.15242E+03   0.12896E+00   0.12934E+00
   0.16039E+03   0.14832E+03   0.14699E+00   0.14745E+00
   0.15606E+03   0.14428E+03   0.16477E+00   0.16532E+00
   0.15180E+03   0.14031E+03   0.18238E+00   0.18303E+00
   0.14762E+03   0.13641E+03   0.20083E+00   0.20159E+00
   0.14353E+03   0.13258E+03   0.22034E+00   0.22123E+00
   0.13953E+03   0.12884E+03   0.24139E+00   0.24244E+00
   0.13562E+03   0.12519E+03   0.26427E+00   0.26551E+00
   0.13181E+03   0.12162E+03   0.28821E+00   0.28966E+00
   0.12810E+03   0.11815E+03   0.31245E+00   0.31413E+00
   0.12449E+03   0.11476E+03   0.33626E+00   0.33819E+00
   0.12098E+03   0.11148E+03   0.35940E+00   0.36161E+00
   0.11758E+03   0.10829E+03   0.38217E+00   0.38468E+00
   0.11428E+03   0.10521E+03   0.40538E+00   0.40822E+00
   0.11109E+03   0.10221E+03   0.42918E+00   0.43237E+00
   0.10801E+03   0.99322E+02   0.45332E+00   0.45691E+00
   0.10502E+03   0.96527E+02   0.47704E+00   0.48105E+00
   0.10214E+03   0.93827E+02   0.49991E+00   0.50435E+00
   0.99361E+02   0.91223E+02   0.52221E+00   0.52710E+00
   0.96678E+02   0.88711E+02   0.54400E+00   0.54936E+00
   0.94092E+02   0.86290E+02   0.56556E+00   0.57140E+00
   0.91602E+02   0.83958E+02   0.58731E+00   0.59367E+00
   0.89205E+02   0.81713E+02   0.60991E+00   0.61684E+00
   0.86900E+02   0.79552E+02   0.63354E+00   0.64109E+00
   0.84682E+02   0.77471E+02   0.65797E+00   0.66619E+00
   0.82547E+02   0.75470E+02   0.68259E+00   0.69152E+00
   0.80493E+02   0.73544E+02   0.70685E+00   0.71650E+00
   0.78516E+02   0.71691E+02   0.73036E+00   0.74077E+00
   0.76614E+02   0.69908E+02   0.75312E+00   0.76430E+00
   0.74782E+02   0.68193E+02   0.77515E+00   0.78711E+00
   0.73017E+02   0.66541E+02   0.79652E+00   0.80928E+00
   0.71318E+02   0.64951E+02   0.81728E+00   0.83085E+00
   0.69680E+02   0.63419E+02   0.83750E+00   0.85190E+00
   0.68102E+02   0.61943E+02   0.85729E+00   0.87254E+00
   0.66580E+02   0.60521E+02   0.87673E+00   0.89284E+00
   0.65111E+02   0.59148E+02   0.89572E+00   0.91270E+00
   0.63694E+02   0.57824E+02   0.91407E+00   0.93194E+00
   0.62324E+02   0.56546E+02   0.93186E+00   0.95061E+00
   0.61000E+02   0.55310E+02   0.94922E+00   0.96888E+00
   0.59720E+02   0.54115E+02   0.96624E+00   0.98682E+00
   0.58480E+02   0.52959E+02   0.98292E+00   0.10044E+01
   0.57279E+02   0.51839E+02   0.99919E+00   0.10217E+01
   0.56115E+02   0.50754E+02   0.10150E+01   0.10384E+01
   0.54985E+02   0.49701E+02   0.10302E+01   0.10546E+01
   0.53888E+02   0.48679E+02   0.10448E+01   0.10702E+01
   0.52822E+02   0.47686E+02   0.10590E+01   0.10853E+01
   0.51784E+02   0.46720E+02   0.10727E+01   0.11001E+01
   0.50774E+02   0.45780E+02   0.10862E+01   0.11145E+01
   0.49789E+02   0.44863E+02   0.10994E+01   0.11288E+01
   0.48829E+02   0.43970E+02   0.11126E+01   0.11430E+01
   0.47892E+02   0.43098E+02   0.11256E+01   0.11571E+01
   0.46975E+02   0.42246E+02   0.11385E+01   0.11710E+01
   0.46079E+02   0.41413E+02   0.11512E+01   0.11849E+01
   0.45202E+02   0.40597E+02   0.11638E+01   0.11986E+01
   0.44342E+02   0.39798E+02   0.11762E+01   0.12122E+01
   0.43500E+02   0.39015E+02   0.11884E+01   0.12256E+01
   0.42672E+02   0.38246E+02   0.12004E+01   0.12388E+01
   0.41860E+02   0.37491E+02   0.12123E+01   0.12519E+01
   0.41061E+02   0.36749E+02   0.12240E+01   0.12649E+01
   0.40275E+02   0.36019E+02   0.12354E+01   0.12777E+01
   0.39501E+02   0.35301E+02   0.12467E+01   0.12903E+01
   0.38739E+02   0.34593E+02   0.12578E+01   0.13027E+01
   0.37987E+02   0.33894E+02   0.12687E+01   0.13150E+01
   0.37245E+02   0.33206E+02   0.12794E+01   0.13272E+01
   0.36512E+02   0.32525E+02   0.12899E+01   0.13392E+01
   0.35789E+02   0.31853E+02   0.13002E+01   0.13511E+01
   0.35073E+02   0.31189E+02   0.13103E+01   0.13628E+01
   0.34365E+02   0.30532E+02   0.13201E+01   0.13743E+01
   0.33664E+02   0.29881E+02   0.13298E+01   0.13856E+01
   0.32971E+02   0.29237E+02   0.13392E+01   0.13968E+01
   0.32283E+02   0.28598E+02   0.13485E+01   0.14079E+01
   0.31602E+02   0.27965E+02   0.13576E+01   0.14190E+01
   0.30926E+02   0.27337E+02   0.13667E+01   0.14301E+01
   0.30256E+02   0.26714E+02   0.13757E+01   0.14412E+01
   0.29591E+02   0.26096E+02   0.13845E+01   0.14522E+01
   0.28930E+02   0.25481E+02   0.13931E+01   0.14631E+01
   0.28274E+02   0.24871E+02   0.14016E+01   0.14740E+01
   0.27621E+02   0.24264E+02   0.14100E+01   0.14850E+01
   0.26973E+02   0.23661E+02   0.14184E+01   0.14960E+01
   0.26328E+02   0.23061E+02   0.14268E+01   0.15073E+01
   0.25687E+02   0.22464E+02   0.14353E+01   0.15189E+01
   0.25050E+02   0.21869E+02   0.14438E+01   0.15306E+01
   0.24415E+02   0.21277E+02   0.14525E+01   0.15427E+01
   0.23783E+02   0.20688E+02   0.14614E+01   0.15553E+01
   0.23155E+02   0.20101E+02   0.14705E+01   0.15684E+01
   0.22529E+02   0.19516E+02   0.14801E+01   0.15823E+01
   0.21905E+02   0.18934E+02   0.14899E+01   0.15968E+01
   0.21284E+02   0.18353E+02   0.15000E+01   0.16119E+01
   0.20666E+02   0.17773E+02   0.15103E+01   0.16277E+01
   0.20050E+02   0.17196E+02   0.15207E+01   0.16441E+01
   0.19437E+02   0.16620E+02   0.15310E+01   0.16610E+01
   0.18826E+02   0.16045E+02   0.15410E+01   0.16783E+01
   0.18218E+02   0.15472E+02   0.15505E+01   0.16957E+01
   0.17612E+02   0.14900E+02   0.15591E+01   0.17130E+01
   0.17009E+02   0.14329E+02   0.15664E+01   0.17300E+01
   0.16409E+02   0.13759E+02   0.15723E+01   0.17465E+01
   0.15813E+02   0.13190E+02   0.15766E+01   0.17627E+01
   0.15219E+02   0.12622E+02   0.15789E+01   0.17782E+01
   0.14629E+02   0.12055E+02   0.15787E+01   0.17930E+01
   0.14043E+02   0.11489E+02   0.15749E+01   0.18060E+01
   0.13462E+02   0.10924E+02   0.15663E+01   0.18163E+01
   0.12884E+02   0.10359E+02   0.15516E+01   0.18226E+01
   0.12312E+02   0.97955E+01   0.15294E+01   0.18239E+01
   0.11744E+02   0.92322E+01   0.14984E+01   0.18190E+01
   0.11182E+02   0.86695E+01   0.14573E+01   0.18067E+01
   0.10624E+02   0.81073E+01   0.14045E+01   0.17853E+01
   0.10072E+02   0.75457E+01   0.13378E+01   0.17521E+01
   0.95226E+01   0.69846E+01   0.12553E+01   0.17040E+01
   0.89753E+01   0.64239E+01   0.11548E+01   0.16367E+01
   0.84256E+01   0.58636E+01   0.10350E+01   0.15454E+01
   0.78660E+01   0.53037E+01   0.89581E+00   0.14239E+01
   0.72847E+01   0.47442E+01   0.73917E+00   0.12654E+01
   0.66642E+01   0.41850E+01   0.57307E+00   0.10693E+01
   0.59830E+01   0.36261E+01   0.40942E+00   0.84147E+00
   0.52210E+01   0.30676E+01   0.26099E+00   0.59498E+00
   0.43670E+01   0.25093E+01   0.14179E+00   0.35852E+00
   0.34319E+01   0.19513E+01   0.62773E-01   0.17444E+00
   0.24504E+01   0.13935E+01   0.21638E-01   0.65064E-01
   0.14595E+01   0.83595E+00   0.53587E-02   0.17173E-01
   0.48134E+00   0.27861E+00   0.66694E-03   0.22537E-02
