   0.20573E+03   0.17785E+03   0.17937E-01   0.18433E-01
   0.20078E+03   0.17355E+03   0.49229E-01   0.50596E-01
   0.19587E+03   0.16926E+03   0.82221E-01   0.84520E-01
   0.19097E+03   0.16500E+03   0.11592E+00   0.11918E+00
   0.18611E+03   0.16077E+03   0.15053E+00   0.15480E+00
   0.18130E+03   0.15657E+03   0.18410E+00   0.18936E+00
   0.17655E+03   0.15242E+03   0.21772E+00   0.22402E+00
   0.17189E+03   0.14832E+03   0.25313E+00   0.26056E+00
   0.16731E+03   0.14428E+03   0.28925E+00   0.29790E+00
   0.16281E+03   0.14031E+03   0.32371E+00   0.33360E+00
   0.15840E+03   0.13641E+03   0.35682E+00   0.36797E+00
   0.15408E+03   0.13258E+03   0.39028E+00   0.40276E+00
   0.14986E+03   0.12884E+03   0.42516E+00   0.43909E+00
   0.14574E+03   0.12519E+03   0.46225E+00   0.47780E+00
   0.14172E+03   0.12162E+03   0.50055E+00   0.51783E+00
   0.13781E+03   0.11815E+03   0.53820E+00   0.55729E+00
   0.13400E+03   0.11476E+03   0.57402E+00   0.59494E+00
   0.13030E+03   0.11148E+03   0.60824E+00   0.63103E+00
   0.12672E+03   0.10829E+03   0.64350E+00   0.66829E+00
   0.12324E+03   0.10521E+03   0.68017E+00   0.70713E+00
   0.11988E+03   0.10221E+03   0.71732E+00   0.74657E+00
   0.11663E+03   0.99322E+02   0.75470E+00   0.78637E+00
   0.11349E+03   0.96527E+02   0.79196E+00   0.82615E+00
   0.11045E+03   0.93827E+02   0.82748E+00   0.86423E+00
   0.10752E+03   0.91223E+02   0.86183E+00   0.90118E+00
   0.10470E+03   0.88711E+02   0.89663E+00   0.93869E+00
   0.10197E+03   0.86290E+02   0.93212E+00   0.97702E+00
   0.99337E+02   0.83958E+02   0.96726E+00   0.10151E+01
   0.96800E+02   0.81713E+02   0.10018E+01   0.10525E+01
   0.94356E+02   0.79552E+02   0.10354E+01   0.10892E+01
   0.92001E+02   0.77471E+02   0.10682E+01   0.11250E+01
   0.89735E+02   0.75470E+02   0.11003E+01   0.11602E+01
   0.87555E+02   0.73544E+02   0.11318E+01   0.11948E+01
   0.85458E+02   0.71691E+02   0.11627E+01   0.12290E+01
   0.83440E+02   0.69908E+02   0.11934E+01   0.12630E+01
   0.81497E+02   0.68193E+02   0.12239E+01   0.12970E+01
   0.79625E+02   0.66541E+02   0.12547E+01   0.13312E+01
   0.77823E+02   0.64951E+02   0.12851E+01   0.13653E+01
   0.76087E+02   0.63419E+02   0.13150E+01   0.13989E+01
   0.74414E+02   0.61943E+02   0.13442E+01   0.14319E+01
   0.72801E+02   0.60521E+02   0.13725E+01   0.14639E+01
   0.71246E+02   0.59148E+02   0.13995E+01   0.14947E+01
   0.69745E+02   0.57824E+02   0.14250E+01   0.15240E+01
   0.68296E+02   0.56546E+02   0.14491E+01   0.15520E+01
   0.66896E+02   0.55310E+02   0.14724E+01   0.15791E+01
   0.65542E+02   0.54115E+02   0.14950E+01   0.16057E+01
   0.64233E+02   0.52959E+02   0.15171E+01   0.16318E+01
   0.62964E+02   0.51839E+02   0.15389E+01   0.16577E+01
   0.61735E+02   0.50754E+02   0.15605E+01   0.16835E+01
   0.60543E+02   0.49701E+02   0.15823E+01   0.17096E+01
   0.59386E+02   0.48679E+02   0.16041E+01   0.17359E+01
   0.58262E+02   0.47686E+02   0.16260E+01   0.17624E+01
   0.57168E+02   0.46720E+02   0.16477E+01   0.17888E+01
   0.56103E+02   0.45780E+02   0.16688E+01   0.18146E+01
   0.55064E+02   0.44863E+02   0.16891E+01   0.18397E+01
   0.54052E+02   0.43970E+02   0.17087E+01   0.18641E+01
   0.53063E+02   0.43098E+02   0.17276E+01   0.18880E+01
   0.52097E+02   0.42246E+02   0.17461E+01   0.19114E+01
   0.51152E+02   0.41413E+02   0.17640E+01   0.19344E+01
   0.50227E+02   0.40597E+02   0.17815E+01   0.19571E+01
   0.49322E+02   0.39798E+02   0.17987E+01   0.19796E+01
   0.48434E+02   0.39015E+02   0.18158E+01   0.20022E+01
   0.47563E+02   0.38246E+02   0.18329E+01   0.20250E+01
   0.46708E+02   0.37491E+02   0.18503E+01   0.20482E+01
   0.45868E+02   0.36749E+02   0.18680E+01   0.20720E+01
   0.45041E+02   0.36019E+02   0.18860E+01   0.20964E+01
   0.44227E+02   0.35301E+02   0.19045E+01   0.21214E+01
   0.43425E+02   0.34593E+02   0.19232E+01   0.21471E+01
   0.42633E+02   0.33894E+02   0.19422E+01   0.21732E+01
   0.41853E+02   0.33206E+02   0.19613E+01   0.21997E+01
   0.41081E+02   0.32525E+02   0.19804E+01   0.22264E+01
   0.40319E+02   0.31853E+02   0.19992E+01   0.22530E+01
   0.39565E+02   0.31189E+02   0.20174E+01   0.22793E+01
   0.38818E+02   0.30532E+02   0.20348E+01   0.23050E+01
   0.38079E+02   0.29881E+02   0.20517E+01   0.23303E+01
   0.37346E+02   0.29237E+02   0.20680E+01   0.23553E+01
   0.36619E+02   0.28598E+02   0.20840E+01   0.23802E+01
   0.35898E+02   0.27965E+02   0.20997E+01   0.24052E+01
   0.35182E+02   0.27337E+02   0.21150E+01   0.24302E+01
   0.34471E+02   0.26714E+02   0.21299E+01   0.24550E+01
   0.33765E+02   0.26096E+02   0.21444E+01   0.24797E+01
   0.33063E+02   0.25481E+02   0.21583E+01   0.25043E+01
   0.32364E+02   0.24871E+02   0.21718E+01   0.25288E+01
   0.31669E+02   0.24264E+02   0.21849E+01   0.25534E+01
   0.30977E+02   0.23661E+02   0.21977E+01   0.25780E+01
   0.30288E+02   0.23061E+02   0.22100E+01   0.26028E+01
   0.29601E+02   0.22464E+02   0.22219E+01   0.26277E+01
   0.28917E+02   0.21869E+02   0.22333E+01   0.26527E+01
   0.28236E+02   0.21277E+02   0.22442E+01   0.26777E+01
   0.27556E+02   0.20688E+02   0.22543E+01   0.27027E+01
   0.26879E+02   0.20101E+02   0.22635E+01   0.27274E+01
   0.26203E+02   0.19516E+02   0.22716E+01   0.27519E+01
   0.25529E+02   0.18934E+02   0.22787E+01   0.27760E+01
   0.24857E+02   0.18353E+02   0.22846E+01   0.28001E+01
   0.24187E+02   0.17773E+02   0.22897E+01   0.28244E+01
   0.23519E+02   0.17196E+02   0.22940E+01   0.28493E+01
   0.22852E+02   0.16620E+02   0.22977E+01   0.28751E+01
   0.22188E+02   0.16045E+02   0.23007E+01   0.29022E+01
   0.21525E+02   0.15472E+02   0.23024E+01   0.29299E+01
   0.20864E+02   0.14900E+02   0.23018E+01   0.29572E+01
   0.20206E+02   0.14329E+02   0.22981E+01   0.29836E+01
   0.19549E+02   0.13759E+02   0.22908E+01   0.30087E+01
   0.18895E+02   0.13190E+02   0.22795E+01   0.30326E+01
   0.18244E+02   0.12622E+02   0.22639E+01   0.30552E+01
   0.17594E+02   0.12055E+02   0.22435E+01   0.30767E+01
   0.16947E+02   0.11489E+02   0.22176E+01   0.30967E+01
   0.16302E+02   0.10924E+02   0.21847E+01   0.31140E+01
   0.15659E+02   0.10359E+02   0.21432E+01   0.31270E+01
   0.15016E+02   0.97955E+01   0.20904E+01   0.31326E+01
   0.14374E+02   0.92322E+01   0.20238E+01   0.31273E+01
   0.13728E+02   0.86695E+01   0.19405E+01   0.31063E+01
   0.13076E+02   0.81073E+01   0.18367E+01   0.30618E+01
   0.12413E+02   0.75457E+01   0.17086E+01   0.29838E+01
   0.11730E+02   0.69846E+01   0.15546E+01   0.28629E+01
   0.11018E+02   0.64239E+01   0.13760E+01   0.26904E+01
   0.10264E+02   0.58636E+01   0.11780E+01   0.24615E+01
   0.94554E+01   0.53037E+01   0.96784E+00   0.21731E+01
   0.85834E+01   0.47442E+01   0.75527E+00   0.18285E+01
   0.76459E+01   0.41850E+01   0.55388E+00   0.14467E+01
   0.66510E+01   0.36261E+01   0.37632E+00   0.10575E+01
   0.56161E+01   0.30676E+01   0.23396E+00   0.70326E+00
   0.45639E+01   0.25093E+01   0.13087E+00   0.41775E+00
   0.35142E+01   0.19513E+01   0.63454E-01   0.21355E+00
   0.24800E+01   0.13935E+01   0.24697E-01   0.87083E-01
   0.14684E+01   0.83595E+00   0.65572E-02   0.24104E-01
   0.48276E+00   0.27861E+00   0.82290E-03   0.31409E-02
