   0.20427E+03   0.17785E+03   0.15758E-01   0.16129E-01
   0.19936E+03   0.17355E+03   0.45498E-01   0.46576E-01
   0.19448E+03   0.16926E+03   0.78247E-01   0.80116E-01
   0.18963E+03   0.16500E+03   0.11201E+00   0.11471E+00
   0.18483E+03   0.16077E+03   0.14572E+00   0.14929E+00
   0.18007E+03   0.15657E+03   0.17743E+00   0.18183E+00
   0.17536E+03   0.15242E+03   0.20496E+00   0.21011E+00
   0.17072E+03   0.14832E+03   0.23028E+00   0.23616E+00
   0.16616E+03   0.14428E+03   0.25645E+00   0.26312E+00
   0.16167E+03   0.14031E+03   0.28613E+00   0.29372E+00
   0.15727E+03   0.13641E+03   0.31774E+00   0.32636E+00
   0.15297E+03   0.13258E+03   0.34976E+00   0.35947E+00
   0.14877E+03   0.12884E+03   0.38165E+00   0.39251E+00
   0.14466E+03   0.12519E+03   0.41345E+00   0.42554E+00
   0.14066E+03   0.12162E+03   0.44587E+00   0.45928E+00
   0.13677E+03   0.11815E+03   0.47961E+00   0.49444E+00
   0.13299E+03   0.11476E+03   0.51435E+00   0.53073E+00
   0.12931E+03   0.11148E+03   0.54959E+00   0.56760E+00
   0.12574E+03   0.10829E+03   0.58470E+00   0.60444E+00
   0.12228E+03   0.10521E+03   0.61955E+00   0.64107E+00
   0.11893E+03   0.10221E+03   0.65310E+00   0.67645E+00
   0.11569E+03   0.99322E+02   0.68495E+00   0.71015E+00
   0.11255E+03   0.96527E+02   0.71487E+00   0.74191E+00
   0.10953E+03   0.93827E+02   0.74238E+00   0.77125E+00
   0.10660E+03   0.91223E+02   0.76838E+00   0.79907E+00
   0.10378E+03   0.88711E+02   0.79452E+00   0.82711E+00
   0.10106E+03   0.86290E+02   0.82187E+00   0.85648E+00
   0.98441E+02   0.83958E+02   0.85093E+00   0.88771E+00
   0.95920E+02   0.81713E+02   0.88190E+00   0.92103E+00
   0.93493E+02   0.79552E+02   0.91410E+00   0.95573E+00
   0.91157E+02   0.77471E+02   0.94670E+00   0.99094E+00
   0.88909E+02   0.75470E+02   0.97869E+00   0.10256E+01
   0.86745E+02   0.73544E+02   0.10099E+01   0.10596E+01
   0.84663E+02   0.71691E+02   0.10409E+01   0.10934E+01
   0.82659E+02   0.69908E+02   0.10716E+01   0.11269E+01
   0.80729E+02   0.68193E+02   0.11018E+01   0.11601E+01
   0.78870E+02   0.66541E+02   0.11313E+01   0.11926E+01
   0.77079E+02   0.64951E+02   0.11601E+01   0.12244E+01
   0.75353E+02   0.63419E+02   0.11876E+01   0.12549E+01
   0.73690E+02   0.61943E+02   0.12132E+01   0.12836E+01
   0.72086E+02   0.60521E+02   0.12370E+01   0.13103E+01
   0.70537E+02   0.59148E+02   0.12589E+01   0.13352E+01
   0.69042E+02   0.57824E+02   0.12793E+01   0.13585E+01
   0.67598E+02   0.56546E+02   0.12988E+01   0.13808E+01
   0.66202E+02   0.55310E+02   0.13179E+01   0.14029E+01
   0.64853E+02   0.54115E+02   0.13370E+01   0.14250E+01
   0.63547E+02   0.52959E+02   0.13561E+01   0.14472E+01
   0.62282E+02   0.51839E+02   0.13751E+01   0.14694E+01
   0.61056E+02   0.50754E+02   0.13938E+01   0.14913E+01
   0.59868E+02   0.49701E+02   0.14121E+01   0.15130E+01
   0.58714E+02   0.48679E+02   0.14301E+01   0.15343E+01
   0.57593E+02   0.47686E+02   0.14480E+01   0.15557E+01
   0.56503E+02   0.46720E+02   0.14659E+01   0.15771E+01
   0.55442E+02   0.45780E+02   0.14836E+01   0.15984E+01
   0.54408E+02   0.44863E+02   0.15010E+01   0.16196E+01
   0.53400E+02   0.43970E+02   0.15183E+01   0.16406E+01
   0.52416E+02   0.43098E+02   0.15355E+01   0.16618E+01
   0.51454E+02   0.42246E+02   0.15526E+01   0.16829E+01
   0.50514E+02   0.41413E+02   0.15696E+01   0.17040E+01
   0.49593E+02   0.40597E+02   0.15864E+01   0.17250E+01
   0.48692E+02   0.39798E+02   0.16031E+01   0.17460E+01
   0.47807E+02   0.39015E+02   0.16194E+01   0.17668E+01
   0.46939E+02   0.38246E+02   0.16355E+01   0.17873E+01
   0.46086E+02   0.37491E+02   0.16513E+01   0.18078E+01
   0.45248E+02   0.36749E+02   0.16671E+01   0.18283E+01
   0.44423E+02   0.36019E+02   0.16830E+01   0.18491E+01
   0.43611E+02   0.35301E+02   0.16994E+01   0.18706E+01
   0.42811E+02   0.34593E+02   0.17161E+01   0.18927E+01
   0.42022E+02   0.33894E+02   0.17333E+01   0.19154E+01
   0.41244E+02   0.33206E+02   0.17507E+01   0.19386E+01
   0.40476E+02   0.32525E+02   0.17683E+01   0.19623E+01
   0.39716E+02   0.31853E+02   0.17862E+01   0.19865E+01
   0.38966E+02   0.31189E+02   0.18042E+01   0.20111E+01
   0.38223E+02   0.30532E+02   0.18222E+01   0.20358E+01
   0.37488E+02   0.29881E+02   0.18398E+01   0.20605E+01
   0.36759E+02   0.29237E+02   0.18571E+01   0.20850E+01
   0.36037E+02   0.28598E+02   0.18739E+01   0.21093E+01
   0.35321E+02   0.27965E+02   0.18903E+01   0.21334E+01
   0.34611E+02   0.27337E+02   0.19061E+01   0.21573E+01
   0.33906E+02   0.26714E+02   0.19216E+01   0.21811E+01
   0.33206E+02   0.26096E+02   0.19368E+01   0.22049E+01
   0.32510E+02   0.25481E+02   0.19517E+01   0.22289E+01
   0.31819E+02   0.24871E+02   0.19664E+01   0.22529E+01
   0.31131E+02   0.24264E+02   0.19807E+01   0.22771E+01
   0.30447E+02   0.23661E+02   0.19948E+01   0.23015E+01
   0.29767E+02   0.23061E+02   0.20087E+01   0.23262E+01
   0.29090E+02   0.22464E+02   0.20227E+01   0.23517E+01
   0.28416E+02   0.21869E+02   0.20369E+01   0.23781E+01
   0.27745E+02   0.21277E+02   0.20514E+01   0.24055E+01
   0.27076E+02   0.20688E+02   0.20661E+01   0.24339E+01
   0.26410E+02   0.20101E+02   0.20809E+01   0.24634E+01
   0.25747E+02   0.19516E+02   0.20955E+01   0.24937E+01
   0.25086E+02   0.18934E+02   0.21097E+01   0.25245E+01
   0.24426E+02   0.18353E+02   0.21232E+01   0.25557E+01
   0.23770E+02   0.17773E+02   0.21358E+01   0.25873E+01
   0.23115E+02   0.17196E+02   0.21475E+01   0.26194E+01
   0.22462E+02   0.16620E+02   0.21584E+01   0.26522E+01
   0.21812E+02   0.16045E+02   0.21684E+01   0.26861E+01
   0.21164E+02   0.15472E+02   0.21777E+01   0.27213E+01
   0.20520E+02   0.14900E+02   0.21860E+01   0.27582E+01
   0.19878E+02   0.14329E+02   0.21929E+01   0.27966E+01
   0.19239E+02   0.13759E+02   0.21971E+01   0.28353E+01
   0.18603E+02   0.13190E+02   0.21968E+01   0.28726E+01
   0.17970E+02   0.12622E+02   0.21904E+01   0.29069E+01
   0.17340E+02   0.12055E+02   0.21768E+01   0.29373E+01
   0.16713E+02   0.11489E+02   0.21547E+01   0.29627E+01
   0.16089E+02   0.10924E+02   0.21230E+01   0.29822E+01
   0.15468E+02   0.10359E+02   0.20805E+01   0.29947E+01
   0.14848E+02   0.97955E+01   0.20252E+01   0.29979E+01
   0.14229E+02   0.92322E+01   0.19555E+01   0.29897E+01
   0.13607E+02   0.86695E+01   0.18690E+01   0.29656E+01
   0.12977E+02   0.81073E+01   0.17632E+01   0.29199E+01
   0.12334E+02   0.75457E+01   0.16362E+01   0.28451E+01
   0.11668E+02   0.69846E+01   0.14860E+01   0.27311E+01
   0.10970E+02   0.64239E+01   0.13125E+01   0.25670E+01
   0.10228E+02   0.58636E+01   0.11191E+01   0.23443E+01
   0.94265E+01   0.53037E+01   0.91424E+00   0.20617E+01
   0.85590E+01   0.47442E+01   0.70822E+00   0.17245E+01
   0.76235E+01   0.41850E+01   0.51435E+00   0.13523E+01
   0.66292E+01   0.36261E+01   0.34763E+00   0.98347E+00
   0.55958E+01   0.30676E+01   0.21630E+00   0.65437E+00
   0.45462E+01   0.25093E+01   0.12071E+00   0.38760E+00
   0.34999E+01   0.19513E+01   0.58351E-01   0.19745E+00
   0.24696E+01   0.13935E+01   0.22891E-01   0.81117E-01
   0.14621E+01   0.83595E+00   0.62518E-02   0.23086E-01
   0.48067E+00   0.27861E+00   0.82102E-03   0.31469E-02
