      0.451562E+02      0.181876E+01      0.467132E-01      0.256841E-01      0.113830E+01      0.101726E+01      0.100000E+01      0.121932E+01
      0.453125E+02      0.181876E+01      0.468762E-01      0.257738E-01      0.113826E+01      0.101729E+01      0.100000E+01      0.122034E+01
      0.454688E+02      0.181876E+01      0.470393E-01      0.258634E-01      0.113822E+01      0.101732E+01      0.100000E+01      0.122136E+01
      0.456250E+02      0.181876E+01      0.472023E-01      0.259530E-01      0.113818E+01      0.101736E+01      0.100000E+01      0.122239E+01
      0.457812E+02      0.181876E+01      0.473653E-01      0.260427E-01      0.113814E+01      0.101739E+01      0.100000E+01      0.122341E+01
      0.459375E+02      0.181876E+01      0.475284E-01      0.261323E-01      0.113810E+01      0.101742E+01      0.100000E+01      0.122444E+01
      0.460938E+02      0.181876E+01      0.476914E-01      0.262220E-01      0.113805E+01      0.101745E+01      0.100000E+01      0.122547E+01
      0.462500E+02      0.181876E+01      0.478545E-01      0.263116E-01      0.113801E+01      0.101748E+01      0.100000E+01      0.122650E+01
      0.464062E+02      0.181876E+01      0.480175E-01      0.264013E-01      0.113797E+01      0.101751E+01      0.100000E+01      0.122754E+01
      0.465625E+02      0.181876E+01      0.481805E-01      0.264909E-01      0.113793E+01      0.101754E+01      0.100000E+01      0.122858E+01
      0.467188E+02      0.181876E+01      0.483436E-01      0.265805E-01      0.113789E+01      0.101757E+01      0.100000E+01      0.122961E+01
      0.468750E+02      0.181876E+01      0.485066E-01      0.266702E-01      0.113785E+01      0.101760E+01      0.100000E+01      0.123065E+01
      0.470312E+02      0.181876E+01      0.486696E-01      0.267598E-01      0.113780E+01      0.101763E+01      0.100000E+01      0.123170E+01
      0.471875E+02      0.181876E+01      0.488327E-01      0.268495E-01      0.113776E+01      0.101766E+01      0.100000E+01      0.123274E+01
      0.473438E+02      0.181876E+01      0.489957E-01      0.269391E-01      0.113772E+01      0.101769E+01      0.100000E+01      0.123379E+01
      0.475000E+02      0.181876E+01      0.491588E-01      0.270288E-01      0.113768E+01      0.101772E+01      0.100000E+01      0.123484E+01
      0.476562E+02      0.181876E+01      0.493218E-01      0.271184E-01      0.113763E+01      0.101775E+01      0.100000E+01      0.123589E+01
      0.478125E+02      0.181876E+01      0.494848E-01      0.272081E-01      0.113759E+01      0.101778E+01      0.100000E+01      0.123694E+01
      0.479688E+02      0.181876E+01      0.496479E-01      0.272977E-01      0.113755E+01      0.101781E+01      0.100000E+01      0.123800E+01
      0.481250E+02      0.181876E+01      0.498109E-01      0.273873E-01      0.113751E+01      0.101784E+01      0.100000E+01      0.123906E+01
      0.482812E+02      0.181876E+01      0.499740E-01      0.274770E-01      0.113746E+01      0.101786E+01      0.100000E+01      0.124012E+01
      0.484375E+02      0.181876E+01      0.501370E-01      0.275666E-01      0.113742E+01      0.101789E+01      0.100000E+01      0.124118E+01
      0.485938E+02      0.181876E+01      0.503000E-01      0.276563E-01      0.113738E+01      0.101792E+01      0.100000E+01      0.124224E+01
      0.487500E+02      0.181876E+01      0.504631E-01      0.277459E-01      0.113733E+01      0.101795E+01      0.100000E+01      0.124331E+01
      0.489062E+02      0.181876E+01      0.506261E-01      0.278356E-01      0.113729E+01      0.101798E+01      0.100000E+01      0.124438E+01
      0.490625E+02      0.181876E+01      0.507892E-01      0.279252E-01      0.113725E+01      0.101800E+01      0.100000E+01      0.124545E+01
      0.492188E+02      0.181876E+01      0.509522E-01      0.280148E-01      0.113720E+01      0.101803E+01      0.100000E+01      0.124652E+01
      0.493750E+02      0.181876E+01      0.511152E-01      0.281045E-01      0.113716E+01      0.101806E+01      0.100000E+01      0.124759E+01
      0.495312E+02      0.181876E+01      0.512783E-01      0.281941E-01      0.113712E+01      0.101809E+01      0.100000E+01      0.124867E+01
      0.496875E+02      0.181876E+01      0.514413E-01      0.282838E-01      0.113707E+01      0.101811E+01      0.100000E+01      0.124975E+01
      0.498438E+02      0.181876E+01      0.516044E-01      0.283734E-01      0.113703E+01      0.101814E+01      0.100000E+01      0.125083E+01
      0.500000E+02      0.181876E+01      0.517674E-01      0.284631E-01      0.113699E+01      0.101817E+01      0.100000E+01      0.125191E+01
      0.501562E+02      0.181876E+01      0.519304E-01      0.285527E-01      0.113694E+01      0.101820E+01      0.100000E+01      0.125300E+01
      0.503125E+02      0.181876E+01      0.520935E-01      0.286423E-01      0.113690E+01      0.101822E+01      0.100000E+01      0.125409E+01
      0.504688E+02      0.181876E+01      0.522565E-01      0.287320E-01      0.113685E+01      0.101825E+01      0.100000E+01      0.125518E+01
      0.506250E+02      0.181876E+01      0.524195E-01      0.288216E-01      0.113681E+01      0.101827E+01      0.100000E+01      0.125627E+01
      0.507812E+02      0.181876E+01      0.525826E-01      0.289113E-01      0.113677E+01      0.101830E+01      0.100000E+01      0.125736E+01
      0.509375E+02      0.181876E+01      0.527456E-01      0.290009E-01      0.113672E+01      0.101833E+01      0.100000E+01      0.125846E+01
      0.510938E+02      0.181876E+01      0.529087E-01      0.290906E-01      0.113668E+01      0.101835E+01      0.100000E+01      0.125955E+01
      0.512500E+02      0.181876E+01      0.530717E-01      0.291802E-01      0.113663E+01      0.101838E+01      0.100000E+01      0.126065E+01
      0.514062E+02      0.181876E+01      0.532347E-01      0.292698E-01      0.113659E+01      0.101840E+01      0.100000E+01      0.126176E+01
      0.515625E+02      0.181876E+01      0.533978E-01      0.293595E-01      0.113655E+01      0.101843E+01      0.100000E+01      0.126286E+01
      0.517188E+02      0.181876E+01      0.535608E-01      0.294491E-01      0.113650E+01      0.101846E+01      0.100000E+01      0.126397E+01
      0.518750E+02      0.181876E+01      0.537239E-01      0.295388E-01      0.113646E+01      0.101848E+01      0.100000E+01      0.126507E+01
      0.520312E+02      0.181876E+01      0.538869E-01      0.296284E-01      0.113641E+01      0.101851E+01      0.100000E+01      0.126619E+01
      0.521875E+02      0.181876E+01      0.540499E-01      0.297181E-01      0.113637E+01      0.101853E+01      0.100000E+01      0.126730E+01
      0.523438E+02      0.181876E+01      0.542130E-01      0.298077E-01      0.113633E+01      0.101856E+01      0.100000E+01      0.126841E+01
      0.525000E+02      0.181876E+01      0.543760E-01      0.298973E-01      0.113628E+01      0.101858E+01      0.100000E+01      0.126953E+01
      0.526562E+02      0.181876E+01      0.545390E-01      0.299870E-01      0.113624E+01      0.101860E+01      0.100000E+01      0.127065E+01
      0.528125E+02      0.181876E+01      0.547021E-01      0.300766E-01      0.113619E+01      0.101863E+01      0.100000E+01      0.127177E+01
      0.529688E+02      0.181876E+01      0.548651E-01      0.301663E-01      0.113615E+01      0.101865E+01      0.100000E+01      0.127289E+01
      0.531250E+02      0.181876E+01      0.550282E-01      0.302559E-01      0.113610E+01      0.101868E+01      0.100000E+01      0.127402E+01
      0.532812E+02      0.181876E+01      0.551912E-01      0.303456E-01      0.113606E+01      0.101870E+01      0.100000E+01      0.127515E+01
      0.534375E+02      0.181876E+01      0.553542E-01      0.304352E-01      0.113602E+01      0.101872E+01      0.100000E+01      0.127628E+01
      0.535938E+02      0.181876E+01      0.555173E-01      0.305248E-01      0.113597E+01      0.101875E+01      0.100000E+01      0.127741E+01
      0.537500E+02      0.181876E+01      0.556803E-01      0.306145E-01      0.113593E+01      0.101877E+01      0.100000E+01      0.127854E+01
      0.539062E+02      0.181876E+01      0.558434E-01      0.307041E-01      0.113588E+01      0.101880E+01      0.100000E+01      0.127968E+01
      0.540625E+02      0.181876E+01      0.560064E-01      0.307938E-01      0.113584E+01      0.101882E+01      0.100000E+01      0.128082E+01
      0.542188E+02      0.181876E+01      0.561694E-01      0.308834E-01      0.113580E+01      0.101884E+01      0.100000E+01      0.128196E+01
      0.543750E+02      0.181876E+01      0.563325E-01      0.309731E-01      0.113575E+01      0.101886E+01      0.100000E+01      0.128310E+01
      0.545312E+02      0.181876E+01      0.564955E-01      0.310627E-01      0.113571E+01      0.101889E+01      0.100000E+01      0.128424E+01
      0.546875E+02      0.181876E+01      0.566586E-01      0.311523E-01      0.113566E+01      0.101891E+01      0.100000E+01      0.128539E+01
      0.548438E+02      0.181876E+01      0.568216E-01      0.312420E-01      0.113562E+01      0.101893E+01      0.100000E+01      0.128654E+01
      0.550000E+02      0.181876E+01      0.569846E-01      0.313316E-01      0.113557E+01      0.101896E+01      0.100000E+01      0.128769E+01
      0.551562E+02      0.181876E+01      0.571477E-01      0.314213E-01      0.113553E+01      0.101898E+01      0.100000E+01      0.128884E+01
      0.553125E+02      0.181876E+01      0.573107E-01      0.315109E-01      0.113549E+01      0.101900E+01      0.100000E+01      0.129000E+01
      0.554688E+02      0.181876E+01      0.574737E-01      0.316006E-01      0.113544E+01      0.101902E+01      0.100000E+01      0.129116E+01
      0.556250E+02      0.181876E+01      0.576368E-01      0.316902E-01      0.113540E+01      0.101904E+01      0.100000E+01      0.129232E+01
      0.557812E+02      0.181876E+01      0.577998E-01      0.317798E-01      0.113535E+01      0.101907E+01      0.100000E+01      0.129348E+01
      0.559375E+02      0.181876E+01      0.579629E-01      0.318695E-01      0.113531E+01      0.101909E+01      0.100000E+01      0.129464E+01
      0.560938E+02      0.181876E+01      0.581259E-01      0.319591E-01      0.113527E+01      0.101911E+01      0.100000E+01      0.129581E+01
      0.562500E+02      0.181876E+01      0.582889E-01      0.320488E-01      0.113522E+01      0.101913E+01      0.100000E+01      0.129698E+01
      0.564062E+02      0.181876E+01      0.584520E-01      0.321384E-01      0.113518E+01      0.101915E+01      0.100000E+01      0.129815E+01
      0.565625E+02      0.181876E+01      0.586150E-01      0.322281E-01      0.113513E+01      0.101917E+01      0.100000E+01      0.129932E+01
      0.567188E+02      0.181876E+01      0.587781E-01      0.323177E-01      0.113509E+01      0.101919E+01      0.100000E+01      0.130049E+01
      0.568750E+02      0.181876E+01      0.589411E-01      0.324073E-01      0.113505E+01      0.101922E+01      0.100000E+01      0.130167E+01
      0.570312E+02      0.181876E+01      0.591041E-01      0.324970E-01      0.113500E+01      0.101924E+01      0.100000E+01      0.130285E+01
      0.571875E+02      0.181876E+01      0.592672E-01      0.325866E-01      0.113496E+01      0.101926E+01      0.100000E+01      0.130403E+01
      0.573438E+02      0.181876E+01      0.594302E-01      0.326763E-01      0.113492E+01      0.101928E+01      0.100000E+01      0.130521E+01
      0.575000E+02      0.181876E+01      0.595933E-01      0.327659E-01      0.113487E+01      0.101930E+01      0.100000E+01      0.130640E+01
      0.576562E+02      0.181876E+01      0.597563E-01      0.328556E-01      0.113483E+01      0.101932E+01      0.100000E+01      0.130758E+01
      0.578125E+02      0.181876E+01      0.599193E-01      0.329452E-01      0.113478E+01      0.101934E+01      0.100000E+01      0.130877E+01
      0.579688E+02      0.181876E+01      0.600824E-01      0.330348E-01      0.113474E+01      0.101936E+01      0.100000E+01      0.130997E+01
      0.581250E+02      0.181876E+01      0.602454E-01      0.331245E-01      0.113470E+01      0.101938E+01      0.100000E+01      0.131116E+01
      0.582812E+02      0.181876E+01      0.604084E-01      0.332141E-01      0.113465E+01      0.101940E+01      0.100000E+01      0.131235E+01
      0.584375E+02      0.181876E+01      0.605715E-01      0.333038E-01      0.113461E+01      0.101942E+01      0.100000E+01      0.131355E+01
      0.585938E+02      0.181876E+01      0.607345E-01      0.333934E-01      0.113457E+01      0.101944E+01      0.100000E+01      0.131475E+01
      0.587500E+02      0.181876E+01      0.608976E-01      0.334831E-01      0.113452E+01      0.101946E+01      0.100000E+01      0.131595E+01
      0.589062E+02      0.181876E+01      0.610606E-01      0.335727E-01      0.113448E+01      0.101948E+01      0.100000E+01      0.131716E+01
      0.590625E+02      0.181876E+01      0.612236E-01      0.336623E-01      0.113444E+01      0.101950E+01      0.100000E+01      0.131836E+01
      0.592188E+02      0.181876E+01      0.613867E-01      0.337520E-01      0.113439E+01      0.101952E+01      0.100000E+01      0.131957E+01
      0.593750E+02      0.181876E+01      0.615497E-01      0.338416E-01      0.113435E+01      0.101954E+01      0.100000E+01      0.132078E+01
      0.595312E+02      0.181876E+01      0.617128E-01      0.339313E-01      0.113431E+01      0.101955E+01      0.100000E+01      0.132199E+01
      0.596875E+02      0.181876E+01      0.618758E-01      0.340209E-01      0.113427E+01      0.101957E+01      0.100000E+01      0.132321E+01
      0.598438E+02      0.181876E+01      0.620388E-01      0.341106E-01      0.113422E+01      0.101959E+01      0.100000E+01      0.132443E+01
      0.600000E+02      0.181876E+01      0.622019E-01      0.342002E-01      0.113418E+01      0.101961E+01      0.100000E+01      0.132564E+01
