      0.151562E+02      0.181876E+01      0.154103E-01      0.847298E-02      0.111562E+01      0.100758E+01      0.100000E+01      0.105839E+01
      0.153125E+02      0.181876E+01      0.155733E-01      0.856262E-02      0.111575E+01      0.100765E+01      0.100000E+01      0.105907E+01
      0.154688E+02      0.181876E+01      0.157364E-01      0.865226E-02      0.111589E+01      0.100772E+01      0.100000E+01      0.105975E+01
      0.156250E+02      0.181876E+01      0.158994E-01      0.874190E-02      0.111602E+01      0.100779E+01      0.100000E+01      0.106044E+01
      0.157812E+02      0.181876E+01      0.160624E-01      0.883154E-02      0.111615E+01      0.100786E+01      0.100000E+01      0.106112E+01
      0.159375E+02      0.181876E+01      0.162255E-01      0.892118E-02      0.111628E+01      0.100793E+01      0.100000E+01      0.106181E+01
      0.160938E+02      0.181876E+01      0.163885E-01      0.901082E-02      0.111640E+01      0.100800E+01      0.100000E+01      0.106249E+01
      0.162500E+02      0.181876E+01      0.165515E-01      0.910047E-02      0.111653E+01      0.100807E+01      0.100000E+01      0.106318E+01
      0.164062E+02      0.181876E+01      0.167146E-01      0.919011E-02      0.111665E+01      0.100814E+01      0.100000E+01      0.106387E+01
      0.165625E+02      0.181876E+01      0.168776E-01      0.927975E-02      0.111677E+01      0.100821E+01      0.100000E+01      0.106456E+01
      0.167188E+02      0.181876E+01      0.170406E-01      0.936939E-02      0.111688E+01      0.100828E+01      0.100000E+01      0.106525E+01
      0.168750E+02      0.181876E+01      0.172037E-01      0.945903E-02      0.111700E+01      0.100835E+01      0.100000E+01      0.106595E+01
      0.170312E+02      0.181876E+01      0.173667E-01      0.954867E-02      0.111712E+01      0.100841E+01      0.100000E+01      0.106664E+01
      0.171875E+02      0.181876E+01      0.175298E-01      0.963831E-02      0.111723E+01      0.100848E+01      0.100000E+01      0.106734E+01
      0.173438E+02      0.181876E+01      0.176928E-01      0.972795E-02      0.111734E+01      0.100855E+01      0.100000E+01      0.106804E+01
      0.175000E+02      0.181876E+01      0.178558E-01      0.981760E-02      0.111745E+01      0.100862E+01      0.100000E+01      0.106874E+01
      0.176562E+02      0.181876E+01      0.180189E-01      0.990724E-02      0.111755E+01      0.100868E+01      0.100000E+01      0.106944E+01
      0.178125E+02      0.181876E+01      0.181819E-01      0.999688E-02      0.111766E+01      0.100875E+01      0.100000E+01      0.107014E+01
      0.179688E+02      0.181876E+01      0.183449E-01      0.100865E-01      0.111776E+01      0.100882E+01      0.100000E+01      0.107085E+01
      0.181250E+02      0.181876E+01      0.185080E-01      0.101762E-01      0.111787E+01      0.100888E+01      0.100000E+01      0.107155E+01
      0.182812E+02      0.181876E+01      0.186710E-01      0.102658E-01      0.111797E+01      0.100895E+01      0.100000E+01      0.107226E+01
      0.184375E+02      0.181876E+01      0.188340E-01      0.103554E-01      0.111806E+01      0.100902E+01      0.100000E+01      0.107297E+01
      0.185938E+02      0.181876E+01      0.189971E-01      0.104451E-01      0.111816E+01      0.100908E+01      0.100000E+01      0.107368E+01
      0.187500E+02      0.181876E+01      0.191601E-01      0.105347E-01      0.111826E+01      0.100915E+01      0.100000E+01      0.107439E+01
      0.189062E+02      0.181876E+01      0.193231E-01      0.106244E-01      0.111835E+01      0.100921E+01      0.100000E+01      0.107511E+01
      0.190625E+02      0.181876E+01      0.194862E-01      0.107140E-01      0.111844E+01      0.100928E+01      0.100000E+01      0.107582E+01
      0.192188E+02      0.181876E+01      0.196492E-01      0.108036E-01      0.111853E+01      0.100934E+01      0.100000E+01      0.107654E+01
      0.193750E+02      0.181876E+01      0.198123E-01      0.108933E-01      0.111862E+01      0.100941E+01      0.100000E+01      0.107726E+01
      0.195312E+02      0.181876E+01      0.199753E-01      0.109829E-01      0.111871E+01      0.100947E+01      0.100000E+01      0.107797E+01
      0.196875E+02      0.181876E+01      0.201383E-01      0.110726E-01      0.111880E+01      0.100954E+01      0.100000E+01      0.107870E+01
      0.198438E+02      0.181876E+01      0.203014E-01      0.111622E-01      0.111888E+01      0.100960E+01      0.100000E+01      0.107942E+01
      0.200000E+02      0.181876E+01      0.204644E-01      0.112519E-01      0.111896E+01      0.100967E+01      0.100000E+01      0.108014E+01
      0.201562E+02      0.181876E+01      0.206274E-01      0.113415E-01      0.111904E+01      0.100973E+01      0.100000E+01      0.108087E+01
      0.203125E+02      0.181876E+01      0.207905E-01      0.114311E-01      0.111912E+01      0.100979E+01      0.100000E+01      0.108159E+01
      0.204688E+02      0.181876E+01      0.209535E-01      0.115208E-01      0.111920E+01      0.100986E+01      0.100000E+01      0.108232E+01
      0.206250E+02      0.181876E+01      0.211165E-01      0.116104E-01      0.111928E+01      0.100992E+01      0.100000E+01      0.108305E+01
      0.207812E+02      0.181876E+01      0.212796E-01      0.117001E-01      0.111935E+01      0.100998E+01      0.100000E+01      0.108379E+01
      0.209375E+02      0.181876E+01      0.214426E-01      0.117897E-01      0.111943E+01      0.101005E+01      0.100000E+01      0.108452E+01
      0.210938E+02      0.181876E+01      0.216056E-01      0.118793E-01      0.111950E+01      0.101011E+01      0.100000E+01      0.108525E+01
      0.212500E+02      0.181876E+01      0.217687E-01      0.119690E-01      0.111957E+01      0.101017E+01      0.100000E+01      0.108599E+01
      0.214062E+02      0.181876E+01      0.219317E-01      0.120586E-01      0.111964E+01      0.101023E+01      0.100000E+01      0.108673E+01
      0.215625E+02      0.181876E+01      0.220948E-01      0.121483E-01      0.111971E+01      0.101029E+01      0.100000E+01      0.108747E+01
      0.217188E+02      0.181876E+01      0.222578E-01      0.122379E-01      0.111977E+01      0.101036E+01      0.100000E+01      0.108821E+01
      0.218750E+02      0.181876E+01      0.224208E-01      0.123276E-01      0.111984E+01      0.101042E+01      0.100000E+01      0.108895E+01
      0.220312E+02      0.181876E+01      0.225839E-01      0.124172E-01      0.111990E+01      0.101048E+01      0.100000E+01      0.108969E+01
      0.221875E+02      0.181876E+01      0.227469E-01      0.125068E-01      0.111997E+01      0.101054E+01      0.100000E+01      0.109044E+01
      0.223438E+02      0.181876E+01      0.229099E-01      0.125965E-01      0.112003E+01      0.101060E+01      0.100000E+01      0.109119E+01
      0.225000E+02      0.181876E+01      0.230730E-01      0.126861E-01      0.112009E+01      0.101066E+01      0.100000E+01      0.109194E+01
      0.226562E+02      0.181876E+01      0.232360E-01      0.127758E-01      0.112014E+01      0.101072E+01      0.100000E+01      0.109269E+01
      0.228125E+02      0.181876E+01      0.233991E-01      0.128654E-01      0.112020E+01      0.101078E+01      0.100000E+01      0.109344E+01
      0.229688E+02      0.181876E+01      0.235621E-01      0.129550E-01      0.112026E+01      0.101084E+01      0.100000E+01      0.109419E+01
      0.231250E+02      0.181876E+01      0.237251E-01      0.130447E-01      0.112031E+01      0.101090E+01      0.100000E+01      0.109495E+01
      0.232812E+02      0.181876E+01      0.238882E-01      0.131343E-01      0.112037E+01      0.101096E+01      0.100000E+01      0.109571E+01
      0.234375E+02      0.181876E+01      0.240512E-01      0.132240E-01      0.112042E+01      0.101102E+01      0.100000E+01      0.109646E+01
      0.235938E+02      0.181876E+01      0.242142E-01      0.133136E-01      0.112047E+01      0.101108E+01      0.100000E+01      0.109723E+01
      0.237500E+02      0.181876E+01      0.243773E-01      0.134033E-01      0.112052E+01      0.101114E+01      0.100000E+01      0.109799E+01
      0.239062E+02      0.181876E+01      0.245403E-01      0.134929E-01      0.112057E+01      0.101120E+01      0.100000E+01      0.109875E+01
      0.240625E+02      0.181876E+01      0.247033E-01      0.135825E-01      0.112061E+01      0.101126E+01      0.100000E+01      0.109952E+01
      0.242188E+02      0.181876E+01      0.248664E-01      0.136722E-01      0.112066E+01      0.101131E+01      0.100000E+01      0.110028E+01
      0.243750E+02      0.181876E+01      0.250294E-01      0.137618E-01      0.112070E+01      0.101137E+01      0.100000E+01      0.110105E+01
      0.245312E+02      0.181876E+01      0.251925E-01      0.138515E-01      0.112075E+01      0.101143E+01      0.100000E+01      0.110182E+01
      0.246875E+02      0.181876E+01      0.253555E-01      0.139411E-01      0.112079E+01      0.101149E+01      0.100000E+01      0.110259E+01
      0.248438E+02      0.181876E+01      0.255185E-01      0.140308E-01      0.112083E+01      0.101154E+01      0.100000E+01      0.110337E+01
      0.250000E+02      0.181876E+01      0.256816E-01      0.141204E-01      0.112087E+01      0.101160E+01      0.100000E+01      0.110414E+01
      0.251562E+02      0.181876E+01      0.258446E-01      0.142100E-01      0.112091E+01      0.101166E+01      0.100000E+01      0.110492E+01
      0.253125E+02      0.181876E+01      0.260076E-01      0.142997E-01      0.112095E+01      0.101172E+01      0.100000E+01      0.110570E+01
      0.254688E+02      0.181876E+01      0.261707E-01      0.143893E-01      0.112099E+01      0.101177E+01      0.100000E+01      0.110648E+01
      0.256250E+02      0.181876E+01      0.263337E-01      0.144790E-01      0.112102E+01      0.101183E+01      0.100000E+01      0.110726E+01
      0.257812E+02      0.181876E+01      0.264968E-01      0.145686E-01      0.112106E+01      0.101188E+01      0.100000E+01      0.110804E+01
      0.259375E+02      0.181876E+01      0.266598E-01      0.146582E-01      0.112109E+01      0.101194E+01      0.100000E+01      0.110883E+01
      0.260938E+02      0.181876E+01      0.268228E-01      0.147479E-01      0.112112E+01      0.101200E+01      0.100000E+01      0.110961E+01
      0.262500E+02      0.181876E+01      0.269859E-01      0.148375E-01      0.112116E+01      0.101205E+01      0.100000E+01      0.111040E+01
      0.264062E+02      0.181876E+01      0.271489E-01      0.149272E-01      0.112119E+01      0.101211E+01      0.100000E+01      0.111119E+01
      0.265625E+02      0.181876E+01      0.273119E-01      0.150168E-01      0.112122E+01      0.101216E+01      0.100000E+01      0.111198E+01
      0.267188E+02      0.181876E+01      0.274750E-01      0.151065E-01      0.112124E+01      0.101222E+01      0.100000E+01      0.111278E+01
      0.268750E+02      0.181876E+01      0.276380E-01      0.151961E-01      0.112127E+01      0.101227E+01      0.100000E+01      0.111357E+01
      0.270312E+02      0.181876E+01      0.278011E-01      0.152857E-01      0.112130E+01      0.101232E+01      0.100000E+01      0.111437E+01
      0.271875E+02      0.181876E+01      0.279641E-01      0.153754E-01      0.112133E+01      0.101238E+01      0.100000E+01      0.111517E+01
      0.273438E+02      0.181876E+01      0.281271E-01      0.154650E-01      0.112135E+01      0.101243E+01      0.100000E+01      0.111597E+01
      0.275000E+02      0.181876E+01      0.282902E-01      0.155547E-01      0.112137E+01      0.101249E+01      0.100000E+01      0.111677E+01
      0.276562E+02      0.181876E+01      0.284532E-01      0.156443E-01      0.112140E+01      0.101254E+01      0.100000E+01      0.111757E+01
      0.278125E+02      0.181876E+01      0.286162E-01      0.157340E-01      0.112142E+01      0.101259E+01      0.100000E+01      0.111838E+01
      0.279688E+02      0.181876E+01      0.287793E-01      0.158236E-01      0.112144E+01      0.101265E+01      0.100000E+01      0.111919E+01
      0.281250E+02      0.181876E+01      0.289423E-01      0.159132E-01      0.112146E+01      0.101270E+01      0.100000E+01      0.111999E+01
      0.282812E+02      0.181876E+01      0.291054E-01      0.160029E-01      0.112148E+01      0.101275E+01      0.100000E+01      0.112081E+01
      0.284375E+02      0.181876E+01      0.292684E-01      0.160925E-01      0.112150E+01      0.101280E+01      0.100000E+01      0.112162E+01
      0.285938E+02      0.181876E+01      0.294314E-01      0.161822E-01      0.112152E+01      0.101286E+01      0.100000E+01      0.112243E+01
      0.287500E+02      0.181876E+01      0.295945E-01      0.162718E-01      0.112153E+01      0.101291E+01      0.100000E+01      0.112325E+01
      0.289062E+02      0.181876E+01      0.297575E-01      0.163615E-01      0.112155E+01      0.101296E+01      0.100000E+01      0.112407E+01
      0.290625E+02      0.181876E+01      0.299206E-01      0.164511E-01      0.112157E+01      0.101301E+01      0.100000E+01      0.112488E+01
      0.292188E+02      0.181876E+01      0.300836E-01      0.165407E-01      0.112158E+01      0.101306E+01      0.100000E+01      0.112571E+01
      0.293750E+02      0.181876E+01      0.302466E-01      0.166304E-01      0.112159E+01      0.101312E+01      0.100000E+01      0.112653E+01
      0.295312E+02      0.181876E+01      0.304097E-01      0.167200E-01      0.112161E+01      0.101317E+01      0.100000E+01      0.112735E+01
      0.296875E+02      0.181876E+01      0.305727E-01      0.168097E-01      0.112162E+01      0.101322E+01      0.100000E+01      0.112818E+01
      0.298438E+02      0.181876E+01      0.307357E-01      0.168993E-01      0.112163E+01      0.101327E+01      0.100000E+01      0.112901E+01
      0.300000E+02      0.181876E+01      0.308988E-01      0.169890E-01      0.112164E+01      0.101332E+01      0.100000E+01      0.112984E+01
