      0.625000E-01      0.562595E+01      0.000000E+00      0.000000E+00      0.100000E+01      0.100000E+01      0.100000E+01      0.100000E+01
      0.125000E+00      0.562595E+01      0.000000E+00      0.000000E+00      0.100000E+01      0.100000E+01      0.100000E+01      0.100000E+01
      0.187500E+00      0.562595E+01      0.000000E+00      0.000000E+00      0.100000E+01      0.100000E+01      0.100000E+01      0.100000E+01
      0.250000E+00      0.562595E+01      0.000000E+00      0.000000E+00      0.100000E+01      0.100000E+01      0.100000E+01      0.100000E+01
      0.312500E+00      0.562595E+01      0.000000E+00      0.000000E+00      0.100000E+01      0.100000E+01      0.100000E+01      0.100000E+01
      0.375000E+00      0.562595E+01      0.000000E+00      0.000000E+00      0.100000E+01      0.100000E+01      0.100000E+01      0.100000E+01
      0.437500E+00      0.562595E+01      0.000000E+00      0.000000E+00      0.100000E+01      0.100000E+01      0.100000E+01      0.100000E+01
      0.500000E+00      0.562595E+01      0.000000E+00      0.000000E+00      0.100000E+01      0.100000E+01      0.100000E+01      0.100000E+01
      0.562500E+00      0.562595E+01      0.000000E+00      0.000000E+00      0.100000E+01      0.100000E+01      0.100000E+01      0.100000E+01
      0.625000E+00      0.562595E+01      0.000000E+00      0.000000E+00      0.100000E+01      0.100000E+01      0.100000E+01      0.100000E+01
      0.687500E+00      0.562595E+01      0.000000E+00      0.000000E+00      0.100000E+01      0.100000E+01      0.100000E+01      0.100000E+01
      0.750000E+00      0.562595E+01      0.000000E+00      0.000000E+00      0.100000E+01      0.100000E+01      0.100000E+01      0.100000E+01
      0.812500E+00      0.562595E+01      0.000000E+00      0.000000E+00      0.100000E+01      0.100000E+01      0.100000E+01      0.100000E+01
      0.875000E+00      0.562595E+01      0.000000E+00      0.000000E+00      0.100000E+01      0.100000E+01      0.100000E+01      0.100000E+01
      0.937500E+00      0.562595E+01      0.000000E+00      0.000000E+00      0.100000E+01      0.100000E+01      0.100000E+01      0.100000E+01
      0.100000E+01      0.562595E+01      0.000000E+00      0.000000E+00      0.100000E+01      0.100000E+01      0.100000E+01      0.100000E+01
      0.106250E+01      0.562595E+01      0.000000E+00      0.000000E+00      0.100000E+01      0.100000E+01      0.100000E+01      0.100000E+01
      0.112500E+01      0.562595E+01      0.000000E+00      0.000000E+00      0.100000E+01      0.100000E+01      0.100000E+01      0.100000E+01
      0.118750E+01      0.562595E+01      0.000000E+00      0.000000E+00      0.100000E+01      0.100000E+01      0.100000E+01      0.100000E+01
      0.125000E+01      0.562595E+01      0.000000E+00      0.000000E+00      0.100000E+01      0.100000E+01      0.100000E+01      0.100000E+01
      0.131250E+01      0.562595E+01      0.000000E+00      0.000000E+00      0.100000E+01      0.100000E+01      0.100000E+01      0.100000E+01
      0.137500E+01      0.562595E+01      0.000000E+00      0.000000E+00      0.100000E+01      0.100000E+01      0.100000E+01      0.100000E+01
      0.143750E+01      0.562595E+01      0.000000E+00      0.000000E+00      0.100000E+01      0.100000E+01      0.100000E+01      0.100000E+01
      0.150000E+01      0.562595E+01      0.000000E+00      0.000000E+00      0.100000E+01      0.100000E+01      0.100000E+01      0.100000E+01
