    0.96416614E+00    0.34304210E+01    0.24278246E-01   -0.12048362E+01    0.17620775E-01   -0.29300404E+01    0.10715392E+01   -0.43993377E-05   -0.79687023E-17    0.31277169E-04    0.30870094E-13   -0.23855289E-13   -0.30585483E-16    0.00000000E+00
    0.94035691E+00    0.35207573E+01    0.92867572E-01   -0.17155283E+00    0.64654545E-02   -0.30615338E+01    0.27238325E+00   -0.66675876E-05   -0.97722361E-17    0.29995160E-04    0.30388199E-13   -0.95280867E-14   -0.23818417E-14    0.00000000E+00
    0.91666693E+00    0.34923007E+01    0.19323584E+00   -0.14314396E+00    0.19045496E-02   -0.31829369E+01    0.31009569E+00   -0.70364230E-05   -0.88413494E-16    0.26199114E-04    0.91246090E-13   -0.48324771E-13    0.16743898E-14    0.00000000E+00
    0.89314236E+00    0.32295914E+01    0.32220069E+00   -0.92998522E-01    0.76465776E-04   -0.32677024E+01    0.29112157E+00   -0.61085850E-05   -0.74943540E-16    0.22509174E-04   -0.39696160E-13   -0.87628524E-14   -0.68975343E-14    0.00000000E+00
    0.86982789E+00    0.29159820E+01    0.47828298E+00    0.34080020E-01    0.62130444E-03   -0.33411975E+01    0.21825450E+00   -0.50601694E-05   -0.12342090E-15    0.22694432E-04   -0.50375844E-15    0.24129482E-13    0.57097292E-14    0.00000000E+00
    0.84676631E+00    0.26296267E+01    0.65972824E+00    0.16635255E+00    0.19748737E-02   -0.34455205E+01    0.16442066E+00   -0.45221416E-05   -0.12925792E-15    0.28388795E-04    0.13653781E-12   -0.10362858E-12    0.63883137E-17    0.00000000E+00
    0.82399821E+00    0.24324152E+01    0.86071402E+00    0.22393607E+00    0.28201298E-02   -0.35774776E+01    0.15409921E+00   -0.41350207E-05   -0.15577960E-15    0.37573129E-04    0.86746457E-13   -0.36283642E-13    0.11136996E-16    0.00000000E+00
    0.80156166E+00    0.23085116E+01    0.10842686E+01    0.18556729E+00    0.34574257E-02   -0.37162332E+01    0.16851691E+00   -0.34251279E-05   -0.47044827E-15    0.46847057E-04   -0.16666616E-13   -0.41521823E-13   -0.56255855E-14    0.00000000E+00
    0.77949196E+00    0.22467025E+01    0.13383921E+01    0.10398121E+00    0.40673693E-02   -0.38481947E+01    0.13274086E+00   -0.25095958E-05   -0.38108600E-15    0.53235610E-04   -0.93174398E-13    0.49918986E-13    0.53197091E-14    0.00000000E+00
    0.75782141E+00    0.21585507E+01    0.16161669E+01    0.96621337E-02    0.41883085E-02   -0.40014907E+01    0.12402512E+00   -0.14413094E-05   -0.77320158E-15    0.55098065E-04   -0.56033216E-13   -0.26050819E-14    0.15130957E-15    0.00000000E+00
    0.73657918E+00    0.21686391E+01    0.19082814E+01   -0.11064755E+00    0.33366208E-02   -0.41910949E+01    0.20985319E+00   -0.97726820E-07   -0.31248423E-15    0.53827389E-04    0.73250304E-13   -0.37470247E-13   -0.52485291E-16    0.00000000E+00
    0.71579117E+00    0.23418202E+01    0.22090852E+01   -0.24460253E+00    0.19610515E-02   -0.43885106E+01    0.27207700E+00    0.13572132E-05   -0.53733211E-15    0.53748631E-04    0.21872995E-14    0.73690959E-13   -0.82427336E-14    0.28302792E-12
    0.69547996E+00    0.24212415E+01    0.25032091E+01   -0.35505103E+00    0.44538293E-03   -0.45795345E+01    0.24022795E+00    0.26285492E-05   -0.10191078E-14    0.56105478E-04   -0.13140859E-13   -0.39892658E-13    0.80848981E-14    0.28302792E-12
    0.67566478E+00    0.23911497E+01    0.27780663E+01   -0.40739704E+00   -0.13581363E-02   -0.47711401E+01    0.19918150E+00    0.34868331E-05   -0.76361827E-15    0.59070249E-04    0.12701968E-12   -0.19536821E-12    0.10149151E-15    0.00000000E+00
    0.65636157E+00    0.24264075E+01    0.30443087E+01   -0.41279925E+00   -0.29073826E-02   -0.49707472E+01    0.17255041E+00    0.37311880E-05   -0.12704415E-14    0.61882828E-04   -0.70823487E-14   -0.50896424E-13    0.11638805E-15    0.00000000E+00
    0.63758298E+00    0.25360925E+01    0.33249160E+01   -0.39892476E+00   -0.41317670E-02   -0.51884607E+01    0.17701256E+00    0.33840165E-05   -0.22016325E-15    0.63217381E-04   -0.12429772E-12    0.86364607E-13    0.24591872E-15    0.28302792E-12
    0.61933854E+00    0.26760578E+01    0.36450057E+01   -0.37907784E+00   -0.50052881E-02   -0.54414512E+01    0.20250734E+00    0.27601741E-05   -0.91950680E-15    0.62205782E-04    0.11480138E-12    0.29210207E-13   -0.34816484E-17    0.00000000E+00
    0.60163475E+00    0.27671435E+01    0.40019365E+01   -0.37738771E+00   -0.58533495E-02   -0.57233402E+01    0.19399200E+00    0.23607551E-05   -0.91339448E-15    0.60658517E-04    0.11512055E-13    0.73615648E-13   -0.26119262E-15   -0.28302792E-12
    0.58447523E+00    0.28371963E+01    0.43682361E+01   -0.42081026E+00   -0.69475004E-02   -0.60097485E+01    0.16663655E+00    0.23809382E-05   -0.44114871E-15    0.63003229E-04    0.13936349E-12   -0.12495244E-12    0.13634733E-13    0.00000000E+00
    0.56786093E+00    0.28732952E+01    0.47207757E+01   -0.50180965E+00   -0.74994439E-02   -0.62933565E+01    0.15116181E+00    0.25853864E-05   -0.16913287E-14    0.71147287E-04   -0.13259463E-13    0.13580742E-12   -0.13377357E-13    0.28302792E-12
    0.55179031E+00    0.27808768E+01    0.50581122E+01   -0.57778574E+00   -0.76991980E-02   -0.65800566E+01    0.15878797E+00    0.25667353E-05   -0.18089639E-14    0.79903943E-04    0.18301999E-12   -0.36088087E-12   -0.43473804E-16    0.00000000E+00
    0.53625952E+00    0.25883644E+01    0.53946980E+01   -0.61282327E+00   -0.79935345E-02   -0.68744113E+01    0.19204624E+00    0.21528615E-05   -0.11782468E-14    0.83249776E-04    0.17668372E-13    0.60836635E-13   -0.45575421E-16    0.00000000E+00
    0.52126264E+00    0.24714115E+01    0.57292383E+01   -0.61247109E+00   -0.88037985E-02   -0.71803450E+01    0.23307928E+00    0.14915284E-05   -0.16371557E-14    0.79962544E-04   -0.16290684E-12   -0.24769830E-13   -0.98783990E-16    0.00000000E+00
    0.50679188E+00    0.25078336E+01    0.60322799E+01   -0.59421153E+00   -0.10494050E-01   -0.74822439E+01    0.22584519E+00    0.89593554E-06   -0.70522799E-15    0.71194006E-04    0.42641917E-13    0.39281676E-13    0.12381949E-15    0.00000000E+00
    0.49283781E+00    0.25705409E+01    0.62870622E+01   -0.56218074E+00   -0.12936808E-01   -0.77761276E+01    0.17576867E+00    0.54463995E-06   -0.15174162E-14    0.60170687E-04   -0.41293144E-12    0.28756067E-12    0.65077168E-16    0.00000000E+00
    0.47938952E+00    0.25798706E+01    0.65131830E+01   -0.51641922E+00   -0.15649160E-01   -0.80753942E+01    0.12972885E+00    0.41004287E-06   -0.24329635E-14    0.52263303E-04    0.56391701E-12   -0.26872118E-12    0.19741395E-13    0.00000000E+00
    0.46643490E+00    0.25247102E+01    0.67519035E+01   -0.45870570E+00   -0.17630008E-01   -0.83926390E+01    0.12536317E+00    0.36038926E-06   -0.17300276E-14    0.50665160E-04   -0.30059024E-12    0.13029553E-12   -0.20068794E-13    0.00000000E+00
    0.45396077E+00    0.24829596E+01    0.70335014E+01   -0.39536523E+00   -0.18131136E-01   -0.87307326E+01    0.17530315E+00    0.30878733E-06   -0.12040584E-14    0.55046247E-04    0.77813188E-13    0.50691503E-13    0.22158095E-13    0.28302792E-12
    0.44195308E+00    0.25585729E+01    0.73584437E+01   -0.34099828E+00   -0.17843239E-01   -0.90813031E+01    0.22889227E+00    0.27455070E-06   -0.19051939E-14    0.63003742E-04    0.82826250E-13   -0.12460476E-12   -0.22600017E-13    0.00000000E+00
    0.43039709E+00    0.27130102E+01    0.77021279E+01   -0.30839769E+00   -0.17428611E-01   -0.94371722E+01    0.24672905E+00    0.33206938E-06   -0.15630103E-14    0.70865920E-04   -0.25250885E-12   -0.31602362E-13    0.77432633E-16    0.00000000E+00
    0.41927754E+00    0.28548639E+01    0.80385447E+01   -0.29511779E+00   -0.17250870E-01   -0.97948113E+01    0.23572951E+00    0.52589535E-06   -0.11911579E-14    0.76356885E-04    0.27047804E-12   -0.72915963E-13    0.26581356E-13    0.00000000E+00
    0.40857878E+00    0.29603124E+01    0.83605093E+01   -0.29288631E+00   -0.17567322E-01   -0.10153630E+02    0.21151495E+00    0.81850578E-06   -0.16208782E-14    0.79088171E-04   -0.16423688E-12    0.19929675E-12   -0.26959254E-13    0.28302792E-12
    0.39828490E+00    0.30301714E+01    0.86701546E+01   -0.30130319E+00   -0.18155984E-01   -0.10514879E+02    0.18574310E+00    0.11251183E-05   -0.12289806E-14    0.79012462E-04    0.40573990E-12   -0.40769853E-12    0.59484265E-13    0.00000000E+00
    0.38837987E+00    0.30425376E+01    0.89644629E+01   -0.31929268E+00   -0.18453351E-01   -0.10873183E+02    0.15266274E+00    0.13753767E-05   -0.24218345E-14    0.76118249E-04   -0.28956897E-12    0.66458120E-13   -0.60794465E-13    0.00000000E+00
    0.37884764E+00    0.29674608E+01    0.92394833E+01   -0.33727443E+00   -0.18208958E-01   -0.11219139E+02    0.90975544E-01    0.15182974E-05   -0.20316719E-14    0.70859111E-04    0.39107918E-12   -0.11162188E-12    0.60074796E-16    0.00000000E+00
    0.36967222E+00    0.27978353E+01    0.94984871E+01   -0.34340892E+00   -0.17759040E-01   -0.11557675E+02    0.18556564E-01    0.15225702E-05   -0.35840757E-14    0.64200407E-04   -0.11433582E-12    0.34592321E-12   -0.69608706E-16   -0.28302792E-12
    0.36083778E+00    0.25764060E+01    0.97498966E+01   -0.33116286E+00   -0.17654728E-01   -0.11906858E+02   -0.88800298E-02    0.13952005E-05   -0.77332628E-15    0.57495406E-04   -0.29980159E-12    0.39599893E-13   -0.12315258E-15    0.00000000E+00
    0.35232874E+00    0.23921368E+01    0.10000275E+02   -0.30091911E+00   -0.18210562E-01   -0.12276358E+02    0.28777777E-01    0.12027327E-05   -0.24554553E-14    0.52123719E-04    0.56689860E-12   -0.64806096E-13   -0.88725943E-17    0.28302792E-12
    0.34412978E+00    0.23359602E+01    0.10251394E+02   -0.25714738E+00   -0.19361242E-01   -0.12655753E+02    0.87936856E-01    0.10479984E-05   -0.90885875E-15    0.49018599E-04   -0.79278713E-12   -0.21312464E-12   -0.15209628E-16    0.00000000E+00
    0.33622596E+00    0.24224200E+01    0.10503662E+02   -0.20472982E+00   -0.20745041E-01   -0.13029841E+02    0.12684654E+00    0.10034229E-05   -0.28711599E-14    0.48617919E-04    0.33891435E-13    0.13154828E-12   -0.38659318E-17    0.00000000E+00
    0.32860269E+00    0.25893843E+01    0.10759362E+02   -0.14756109E+00   -0.21891405E-01   -0.13392935E+02    0.13925441E+00    0.10823905E-05   -0.80980562E-15    0.51251341E-04    0.86742257E-12   -0.15805446E-13   -0.45072081E-13    0.00000000E+00
    0.32124583E+00    0.27705150E+01    0.11021908E+02   -0.88033830E-01   -0.22452912E-01   -0.13746899E+02    0.13017306E+00    0.12759494E-05   -0.24955399E-14    0.57458372E-04    0.14397844E-13   -0.28331881E-12    0.46170378E-13    0.00000000E+00
    0.31414167E+00    0.29278062E+01    0.11294004E+02   -0.26362072E-01   -0.22349408E-01   -0.14097872E+02    0.10806301E+00    0.15860831E-05   -0.33827229E-14    0.67825078E-04   -0.94892534E-12    0.29107078E-12   -0.49902077E-13    0.00000000E+00
    0.30727698E+00    0.30413204E+01    0.11577140E+02    0.38562412E-01   -0.21744327E-01   -0.14453057E+02    0.85751984E-01    0.20090326E-05   -0.34313455E-14    0.82530715E-04    0.26833795E-12    0.19072419E-13   -0.13306581E-14    0.00000000E+00
    0.30063901E+00    0.30989644E+01    0.11872471E+02    0.10681581E+00   -0.20928519E-01   -0.14817611E+02    0.73775448E-01    0.25051602E-05   -0.14968234E-14    0.10111670E-03    0.71988943E-12   -0.71782688E-12    0.53703446E-13    0.00000000E+00
    0.29421551E+00    0.30961372E+01    0.12181696E+02    0.17550741E+00   -0.20190524E-01   -0.15194579E+02    0.78957989E-01    0.30022902E-05   -0.20384176E-14    0.12262193E-03   -0.58537601E-13    0.46762601E-15   -0.29148318E-13    0.00000000E+00
    0.28799472E+00    0.30413759E+01    0.12506507E+02    0.23880670E+00   -0.19697093E-01   -0.15585143E+02    0.10437394E+00    0.34240359E-05   -0.12947155E-14    0.14590162E-03    0.63182733E-12   -0.11191840E-15    0.29778780E-13   -0.28302792E-12
    0.28196538E+00    0.29573416E+01    0.12847098E+02    0.28985664E+00   -0.19446453E-01   -0.15987210E+02    0.14332527E+00    0.37122545E-05   -0.43847778E-14    0.16994871E-03   -0.50853236E-12   -0.22848865E-12   -0.87015374E-16    0.28302792E-12
    0.27611674E+00    0.28709605E+01    0.13201771E+02    0.32315542E+00   -0.19332582E-01   -0.16395849E+02    0.18046574E+00    0.38340542E-05   -0.44868992E-14    0.19405946E-03   -0.60865859E-12    0.85696104E-12   -0.23816229E-15    0.14151396E-12
    0.27043853E+00    0.28002432E+01    0.13568280E+02    0.33580441E+00   -0.19245267E-01   -0.16807086E+02    0.20487965E+00    0.37799052E-05   -0.36161747E-14    0.21780190E-03    0.84161803E-12   -0.58581191E-12   -0.42271442E-16   -0.14151396E-12
    0.26492096E+00    0.27499304E+01    0.13945546E+02    0.32750698E+00   -0.19119494E-01   -0.17221091E+02    0.21948912E+00    0.35596779E-05   -0.29964477E-14    0.24092446E-03   -0.51644024E-12    0.75053854E-12   -0.27216932E-16    0.00000000E+00
    0.25955473E+00    0.27184796E+01    0.14334451E+02    0.30020480E+00   -0.18927890E-01   -0.17640053E+02    0.23432165E+00    0.31981613E-05   -0.26144792E-14    0.26332245E-03   -0.91370562E-12    0.31232010E-13   -0.88218706E-16    0.00000000E+00
    0.25433098E+00    0.27033486E+01    0.14737749E+02    0.25772420E+00   -0.18653553E-01   -0.18063743E+02    0.25421918E+00    0.27281071E-05   -0.41686697E-14    0.28504277E-03    0.10789644E-11   -0.55611255E-12   -0.83748252E-13   -0.14151396E-12
    0.24924133E+00    0.26981896E+01    0.15159524E+02    0.20528650E+00   -0.18275691E-01   -0.18489283E+02    0.27711135E+00    0.21814290E-05   -0.50469771E-14    0.30626221E-03    0.53956709E-12   -0.41439033E-12   -0.29227026E-14   -0.14151396E-12
    0.24427780E+00    0.26926500E+01    0.15604178E+02    0.14861643E+00   -0.17777545E-01   -0.18913930E+02    0.29836131E+00    0.15826043E-05   -0.12215268E-14    0.32721112E-03   -0.25579138E-12    0.20364874E-12    0.18241486E-12    0.00000000E+00
    0.23943286E+00    0.26777871E+01    0.16075208E+02    0.92812833E-01   -0.17162033E-01   -0.19336579E+02    0.31272369E+00    0.94674180E-06   -0.51502272E-14    0.34805652E-03   -0.12012357E-11    0.22128833E-12   -0.94604831E-13    0.00000000E+00
    0.23469936E+00    0.26495475E+01    0.16574507E+02    0.41510455E-01   -0.16455561E-01   -0.19757770E+02    0.31555618E+00    0.28167252E-06   -0.56062846E-14    0.36878789E-03    0.19560865E-12    0.31263407E-12   -0.79766170E-16    0.00000000E+00
    0.23007055E+00    0.26057657E+01    0.17102632E+02   -0.33447635E-02   -0.15695896E-01   -0.20179894E+02    0.30654701E+00   -0.40716030E-06   -0.44273163E-14    0.38915759E-03    0.23330413E-11   -0.13978095E-11    0.53675351E-13    0.00000000E+00
    0.22554007E+00    0.25418581E+01    0.17659696E+02   -0.41199913E-01   -0.14914497E-01   -0.20607444E+02    0.29242286E+00   -0.11105152E-05   -0.10804927E-13    0.40871206E-03   -0.18604618E-11    0.86464271E-12   -0.54746380E-13    0.00000000E+00
    0.22110188E+00    0.24519402E+01    0.18246179E+02   -0.72476590E-01   -0.14124218E-01   -0.21046151E+02    0.28440883E+00   -0.18110976E-05   -0.82475324E-14    0.42691486E-03    0.12146033E-11   -0.80963029E-12   -0.12093006E-15   -0.14151396E-12
    0.21675032E+00    0.23335608E+01    0.18863272E+02   -0.98292188E-01   -0.13315991E-01   -0.21501093E+02    0.29242219E+00   -0.24846225E-05   -0.40513182E-14    0.44332699E-03    0.64703261E-12   -0.17822979E-12   -0.62231343E-13    0.00000000E+00
    0.21248002E+00    0.21904074E+01    0.19512778E+02   -0.12026753E+00   -0.12462907E-01   -0.21974736E+02    0.32033054E+00   -0.31058765E-05   -0.34011816E-14    0.45778872E-03   -0.95464218E-12    0.11846216E-11   -0.67682463E-13    0.00000000E+00
    0.20828595E+00    0.20314211E+01    0.20196813E+02   -0.14030720E+00   -0.11529513E-01   -0.22465955E+02    0.36470932E+00   -0.36556733E-05   -0.10177098E-13    0.47054706E-03   -0.11606151E-11   -0.25205670E-12    0.13210383E-12    0.14151396E-12
    0.20416335E+00    0.18679219E+01    0.20917394E+02   -0.16032348E+00   -0.10484892E-01   -0.22970846E+02    0.41750719E+00   -0.41253065E-05   -0.10108005E-13    0.48228592E-03   -0.10751002E-11    0.11438050E-11   -0.73026182E-16    0.00000000E+00
    0.20010776E+00    0.17103515E+01    0.21675965E+02   -0.18192527E+00   -0.93173770E-02   -0.23484824E+02    0.47040560E+00   -0.45178145E-05   -0.83542031E-14    0.49403901E-03    0.13271834E-11   -0.19405943E-11   -0.50093835E-16   -0.14151396E-12
    0.19611496E+00    0.15656147E+01    0.22473026E+02   -0.20611889E+00   -0.80471069E-02   -0.24004296E+02    0.51717971E+00   -0.48468954E-05   -0.99342439E-14    0.50699566E-03    0.19191764E-11    0.11715405E-12    0.79290457E-13    0.00000000E+00
    0.19218101E+00    0.14352432E+01    0.23308095E+02   -0.23311938E+00   -0.67316013E-02   -0.24526998E+02    0.55329706E+00   -0.51341693E-05   -0.44322836E-14    0.52224036E-03   -0.15748527E-11    0.36359664E-12   -0.80187445E-13    0.28302792E-12
    0.18830220E+00    0.13143080E+01    0.24180191E+02   -0.26235831E+00   -0.54603972E-02   -0.25051740E+02    0.57543984E+00   -0.54050620E-05   -0.14820943E-13    0.54048793E-03    0.18345538E-11   -0.46131845E-12   -0.62515709E-16    0.00000000E+00
    0.18447502E+00    0.11917417E+01    0.25088701E+02   -0.29266619E+00   -0.43384045E-02   -0.25578209E+02    0.58204359E+00   -0.56837824E-05   -0.91063670E-14    0.56188212E-03   -0.30084002E-11    0.10496346E-11   -0.62173908E-16    0.00000000E+00
    0.18069621E+00    0.10523745E+01    0.26034249E+02   -0.32255478E+00   -0.34630005E-02   -0.26106738E+02    0.57337470E+00   -0.59879661E-05   -0.99086172E-14    0.58590999E-03    0.45862329E-11   -0.10216732E-11   -0.44617337E-16    0.00000000E+00
    0.17696268E+00    0.87952026E+00    0.27019155E+02   -0.35055007E+00   -0.29034946E-02   -0.26637947E+02    0.55066323E+00   -0.63235765E-05   -0.92735810E-14    0.61144813E-03   -0.33001514E-11    0.13086483E-11    0.11664375E-17    0.28302792E-12
    0.17327155E+00    0.65712685E+00    0.28047322E+02   -0.37551382E+00   -0.26905008E-02   -0.27172409E+02    0.51505287E+00   -0.66808195E-05   -0.85458924E-14    0.63691437E-03    0.96308666E-12   -0.20091995E-11   -0.72150824E-16   -0.14151396E-12
    0.16962011E+00    0.37141217E+00    0.29123603E+02   -0.39683485E+00   -0.28180395E-02   -0.27710538E+02    0.46703935E+00   -0.70325607E-05   -0.12814114E-13    0.66047093E-03    0.12557690E-11    0.17332839E-11   -0.83067202E-16    0.00000000E+00
    0.16600582E+00    0.11801723E-01    0.30252924E+02   -0.41441458E+00   -0.32554561E-02   -0.28252965E+02    0.40708117E+00   -0.73369924E-05   -0.12126115E-13    0.68022317E-03   -0.23493241E-11   -0.74034302E-12    0.23490372E-12    0.00000000E+00
    0.16242629E+00   -0.42867948E+00    0.31439477E+02   -0.42853092E+00   -0.39617783E-02   -0.28801161E+02    0.33721478E+00   -0.75453250E-05   -0.16280058E-13    0.69437548E-03    0.27316908E-12   -0.46075274E-12   -0.23652245E-12    0.28302792E-12
    0.15887929E+00   -0.95252427E+00    0.32686171E+02   -0.43973143E+00   -0.48947107E-02   -0.29357528E+02    0.26183744E+00   -0.76128506E-05   -0.87388198E-14    0.70132934E-03    0.35386280E-11   -0.10504380E-11    0.17135268E-15   -0.28302792E-12
    0.15536273E+00   -0.15560526E+01    0.33994387E+02   -0.44879491E+00   -0.60107716E-02   -0.29924505E+02    0.18609038E+00   -0.75096296E-05   -0.27558556E-13    0.69972936E-03   -0.73834161E-12    0.11537327E-11    0.12470977E-15    0.14151396E-12
    0.15187465E+00   -0.22285937E+01    0.35363934E+02   -0.45668999E+00   -0.72588661E-02   -0.30503156E+02    0.11269810E+00   -0.72269297E-05   -0.27387068E-13    0.68847852E-03    0.15508604E-11   -0.54199690E-12   -0.99298556E-17    0.00000000E+00
    0.14841320E+00   -0.29546016E+01    0.36793226E+02   -0.46448111E+00   -0.85730203E-02   -0.31092228E+02    0.39751832E-01   -0.67772997E-05   -0.21345394E-13    0.66675096E-03   -0.54965347E-11    0.89508112E-12   -0.27865818E-15    0.00000000E+00
    0.14497667E+00   -0.37185408E+01    0.38279701E+02   -0.47322327E+00   -0.98698540E-02   -0.31688303E+02   -0.38941479E-01   -0.61893790E-05   -0.44743326E-13    0.63402387E-03    0.61877779E-11   -0.32547198E-11   -0.11395415E-15    0.00000000E+00
    0.14156345E+00   -0.45098404E+01    0.39820504E+02   -0.48391500E+00   -0.11053530E-01   -0.32286769E+02   -0.13166229E+00   -0.55002643E-05   -0.18648216E-13    0.59012983E-03   -0.31003873E-11    0.11234372E-11    0.50175992E-12   -0.28302792E-12
    0.13817202E+00   -0.53249248E+01    0.41413306E+02   -0.49750993E+00   -0.12027117E-01   -0.32882775E+02   -0.24681425E+00   -0.47486164E-05   -0.12977210E-13    0.53530700E-03    0.37106998E-13    0.27334819E-11   -0.50265358E-12    0.14151396E-12
    0.13480098E+00   -0.61655160E+01    0.43057014E+02   -0.51491434E+00   -0.12706505E-01   -0.33471787E+02   -0.39230313E+00   -0.39698697E-05   -0.32423529E-13    0.47021197E-03    0.81160096E-12   -0.24452826E-11    0.83899562E-16    0.00000000E+00
    0.13144899E+00   -0.70351367E+01    0.44752137E+02   -0.53689314E+00   -0.13032488E-01   -0.34050025E+02   -0.57554371E+00   -0.31935131E-05   -0.46457492E-13    0.39586726E-03   -0.52102615E-12   -0.18729901E-11    0.21394853E-16    0.00000000E+00
    0.12811483E+00   -0.79365704E+01    0.46500681E+02   -0.56386988E+00   -0.12977982E-01   -0.34614963E+02   -0.80311216E+00   -0.24418942E-05   -0.50489063E-13    0.31353867E-03    0.50855024E-11   -0.29288855E-11   -0.20548782E-12   -0.14151396E-12
    0.12479733E+00   -0.88713473E+01    0.48305642E+02   -0.59569322E+00   -0.12549293E-01   -0.35165583E+02   -0.10802301E+01   -0.17303323E-05   -0.74647318E-13    0.22456435E-03   -0.80684617E-11    0.56032351E-11    0.20571343E-12    0.00000000E+00
    0.12149540E+00   -0.98403059E+01    0.50170198E+02   -0.63147955E+00   -0.11781853E-01   -0.35702193E+02   -0.14105869E+01   -0.10685483E-05   -0.53523050E-13    0.13017332E-03    0.40884007E-11   -0.21222557E-11    0.73030485E-16    0.00000000E+00
    0.11820805E+00   -0.10843959E+02    0.52096644E+02   -0.66957747E+00   -0.10731823E-01   -0.36226135E+02   -0.17960780E+01   -0.46246622E-06   -0.73511300E-13    0.31330834E-04   -0.37623240E-11    0.30728374E-11    0.21894403E-16    0.00000000E+00
    0.11493430E+00   -0.11882177E+02    0.54085142E+02   -0.70759925E+00   -0.94655626E-02   -0.36739748E+02   -0.22359485E+01    0.84533227E-07   -0.38521341E-13   -0.71362426E-04    0.79949937E-12   -0.37246456E-11    0.16241133E-15    0.00000000E+00
    0.11167329E+00   -0.12953061E+02    0.56132435E+02   -0.74245362E+00   -0.80493335E-02   -0.37246394E+02   -0.27261931E+01    0.57158237E-06   -0.90691885E-13   -0.17770455E-03    0.25042742E-11    0.77017053E-12    0.26832321E-12    0.00000000E+00
    0.10842417E+00   -0.14050906E+02    0.58230746E+02   -0.77042113E+00   -0.65415668E-02   -0.37749881E+02   -0.32608108E+01    0.10004758E-05   -0.25014692E-13   -0.28785611E-03    0.13977145E-10   -0.75016936E-11    0.15278746E-13   -0.14151396E-12
    0.10518618E+00   -0.15163615E+02    0.60367053E+02   -0.78738565E+00   -0.49892334E-02   -0.38252971E+02   -0.38353399E+01    0.13755015E-05   -0.10052999E-12   -0.40223506E-03   -0.16218194E-10    0.10194490E-10   -0.58298503E-12    0.00000000E+00
    0.10195857E+00   -0.16270631E+02    0.62522854E+02   -0.78924257E+00   -0.34285338E-02   -0.38755391E+02   -0.44512895E+01    0.17019909E-05   -0.83516100E-13   -0.52134822E-03   -0.18597191E-11    0.11488250E-11    0.61639394E-12    0.00000000E+00
    0.98740688E-01   -0.17342510E+02    0.64674386E+02   -0.77234509E+00   -0.18887585E-02   -0.39252330E+02   -0.51191746E+01    0.19844457E-05   -0.14687443E-12   -0.64557562E-03    0.11868691E-10   -0.76789742E-11   -0.31656162E-12    0.14151396E-12
    0.95531882E-01   -0.18342624E+02    0.66793171E+02   -0.73382500E+00   -0.39741639E-03   -0.39734294E+02   -0.58581459E+01    0.22248584E-05   -0.61472658E-13   -0.77493866E-03   -0.69262428E-11   -0.12104429E-12    0.16885292E-15    0.00000000E+00
    0.92331562E-01   -0.19230576E+02    0.68846722E+02   -0.67173256E+00    0.10152629E-02   -0.40188647E+02   -0.66916615E+01    0.24221178E-05   -0.18260865E-12   -0.90889786E-03   -0.64900167E-12   -0.68455909E-12    0.37594128E-12    0.28302792E-12
    0.89139174E-01   -0.19966066E+02    0.70799255E+02   -0.58502359E+00    0.23138710E-02   -0.40602334E+02   -0.76406567E+01    0.25730477E-05   -0.19221073E-12   -0.10462289E-02    0.74867354E-11    0.19564129E-11   -0.77114758E-12    0.14151396E-12
    0.85954197E-01   -0.20511784E+02    0.72612227E+02   -0.47345194E+00    0.34581891E-02   -0.40964778E+02   -0.87168757E+01    0.26743009E-05   -0.12132767E-12   -0.11850085E-02   -0.46966046E-11   -0.53728812E-11    0.20810813E-11   -0.28302792E-12
    0.82776147E-01   -0.20834331E+02    0.74244508E+02   -0.33746827E+00    0.44065137E-02   -0.41269841E+02   -0.99189331E+01    0.27240378E-05   -0.12580824E-12   -0.13227119E-02   -0.70897681E-11   -0.43905529E-12   -0.78457439E-12   -0.42454188E-12
    0.79604570E-01   -0.20902917E+02    0.75652014E+02   -0.17821784E+00    0.51213767E-02   -0.41516030E+02   -0.11232531E+02    0.27221746E-05   -0.22655433E-12   -0.14563916E-02   -0.91966394E-11   -0.42372143E-11    0.53584828E-12   -0.42454188E-12
    0.76439043E-01   -0.20686810E+02    0.76786795E+02    0.23958851E-02    0.55764112E-02   -0.41704984E+02   -0.12633902E+02    0.26692224E-05   -0.22236249E-12   -0.15828942E-02   -0.83939931E-11   -0.28803055E-10    0.12084151E-10   -0.18396815E-11
    0.73279168E-01   -0.20153561E+02    0.77595768E+02    0.20169968E+00    0.57626763E-02   -0.41839360E+02   -0.14093422E+02    0.25644590E-05   -0.67366328E-12   -0.16990708E-02   -0.11390241E-10   -0.65284276E-10    0.29907773E-10   -0.59435863E-11
    0.70124575E-01   -0.19269189E+02    0.78019599E+02    0.41633268E+00    0.56928323E-02   -0.41921188E+02   -0.15577560E+02    0.24051042E-05   -0.21781033E-11   -0.18019551E-02   -0.44686170E-10   -0.14835228E-09    0.80375997E-10   -0.16981675E-10
    0.66974918E-01   -0.17999576E+02    0.77992424E+02    0.64238697E+00    0.54021067E-02   -0.41950829E+02   -0.17049867E+02    0.21874018E-05   -0.65345989E-11   -0.18888948E-02   -0.88879424E-10   -0.36583461E-09    0.20615338E-09   -0.46275064E-10
    0.63829873E-01   -0.16313004E+02    0.77443126E+02    0.87560142E+00    0.49457024E-02   -0.41926792E+02   -0.18470807E+02    0.19095919E-05   -0.17653985E-10   -0.19576273E-02   -0.21542732E-09   -0.78278048E-09    0.41901943E-09   -0.10740909E-09
    0.60689138E-01   -0.14185750E+02    0.76298642E+02    0.11116298E+01    0.43929305E-02   -0.41847228E+02   -0.19794121E+02    0.15759789E-05   -0.45168797E-10   -0.20062937E-02   -0.45255809E-09   -0.18208372E-08    0.96726115E-09   -0.22939413E-09
    0.57552429E-01   -0.11611570E+02    0.74489337E+02    0.13463793E+01    0.38188905E-02   -0.41713224E+02   -0.20959167E+02    0.12003684E-05   -0.11694022E-09   -0.20333788E-02   -0.11330921E-08   -0.42741730E-08    0.23168374E-08   -0.50435575E-09
    0.54419483E-01   -0.86128071E+01    0.71955959E+02    0.15763687E+01    0.32950352E-02   -0.41532787E+02   -0.21881710E+02    0.80735909E-06   -0.30841814E-09   -0.20375866E-02   -0.27330451E-08   -0.10002944E-07    0.54360898E-08   -0.11172527E-08
    0.51290053E-01   -0.52501829E+01    0.68657509E+02    0.17989757E+01    0.28802453E-02   -0.41324239E+02   -0.22445801E+02    0.43046015E-06   -0.81616994E-09   -0.20176866E-02   -0.66932237E-08   -0.23465626E-07    0.12823105E-07   -0.25039480E-08
    0.48163908E-01   -0.16299701E+01    0.64579508E+02    0.20124419E+01    0.26138863E-02   -0.41118559E+02   -0.22498617E+02    0.10741572E-06   -0.21639619E-08   -0.19724143E-02   -0.16422300E-07   -0.54764284E-07    0.30069207E-07   -0.55988583E-08
    0.45040832E-01    0.20917697E+01    0.59742322E+02    0.22156644E+01    0.25117358E-02   -0.40960330E+02   -0.21851205E+02   -0.12370804E-06   -0.57259517E-08   -0.19005425E-02   -0.40315851E-07   -0.12642085E-06    0.69708905E-07   -0.12509197E-07
    0.41920623E-01    0.57095241E+01    0.54209008E+02    0.24079417E+01    0.25650206E-02   -0.40906045E+02   -0.20290072E+02   -0.22271705E-06   -0.15045860E-07   -0.18012283E-02   -0.98001136E-07   -0.28698514E-06    0.15885571E-06   -0.27746783E-07
    0.38803094E-01    0.89774156E+01    0.48091497E+02    0.25888047E+01    0.27424051E-02   -0.41018200E+02   -0.17603520E+02   -0.13423243E-06   -0.39062169E-07   -0.16746487E-02   -0.23394468E-06   -0.63606298E-06    0.35328367E-06   -0.60794467E-07
    0.35688068E-01    0.11630517E+02    0.41553272E+02    0.27579285E+01    0.29945847E-02   -0.41354993E+02   -0.13621659E+02    0.23948523E-06   -0.99610691E-07   -0.15227678E-02   -0.54358340E-06   -0.13657666E-05    0.76080537E-06   -0.13076144E-06
    0.32575381E-01    0.13417538E+02    0.34806472E+02    0.29149675E+01    0.32608810E-02   -0.41957433E+02   -0.82635720E+01    0.10765604E-05   -0.24794308E-06   -0.13499204E-02   -0.12164631E-05   -0.28152520E-05    0.15722317E-05   -0.27424507E-06
    0.29464880E-01    0.14142668E+02    0.28101775E+02    0.30590966E+01    0.34768372E-02   -0.42836528E+02   -0.15837446E+01    0.26653010E-05   -0.59834544E-06   -0.11628742E-02   -0.25900540E-05   -0.55107128E-05    0.30841960E-05   -0.55654907E-06
    0.26356420E-01    0.13716720E+02    0.21710245E+02    0.31881669E+01    0.35816965E-02   -0.43962992E+02    0.61885928E+01    0.53743243E-05   -0.13896822E-05   -0.97020467E-03   -0.51688608E-05   -0.10106956E-04    0.56665096E-05   -0.10832930E-05
    0.23249868E-01    0.12210179E+02    0.15897529E+02    0.32974015E+01    0.35251939E-02   -0.45263002E+02    0.14629169E+02    0.94622942E-05   -0.30814975E-05   -0.78107203E-03   -0.94862260E-05   -0.17066640E-04    0.95805518E-05   -0.20014539E-05
    0.20145098E-01    0.98813907E+01    0.10892530E+02    0.33773335E+01    0.32740013E-02   -0.46626185E+02    0.23142832E+02    0.14604935E-04   -0.64665853E-05   -0.60367074E-03   -0.15601993E-04   -0.25883816E-04    0.14538053E-04   -0.34660453E-05
    0.17041993E-01    0.71485820E+01    0.68552714E+01    0.34105602E+01    0.28186931E-02   -0.47932102E+02    0.31058236E+02    0.19149514E-04   -0.12719072E-04   -0.44370573E-03   -0.22110968E-04   -0.33880253E-04    0.19014146E-04   -0.55381704E-05
    0.13940444E-01    0.44970973E+01    0.38511710E+01    0.33668702E+01    0.21818091E-02   -0.49093869E+02    0.37791060E+02    0.19553523E-04   -0.23198671E-04   -0.30345610E-03   -0.25099075E-04   -0.35319074E-04    0.19736261E-04   -0.79971563E-05
    0.10840348E-01    0.23458755E+01    0.18392431E+01    0.31964061E+01    0.14265168E-02   -0.50106661E+02    0.43033260E+02    0.11125161E-04   -0.38774160E-04   -0.18237724E-03   -0.18569836E-04   -0.22615500E-04    0.12365189E-04   -0.10132025E-04
    0.77416096E-02    0.92469094E+00    0.67883475E+00    0.28208243E+01    0.66383407E-03   -0.51086754E+02    0.46902440E+02   -0.87883415E-05   -0.58599983E-04   -0.80108896E-04    0.17262012E-05    0.85571079E-05   -0.55932442E-05   -0.10727687E-04
    0.46441401E-02    0.22020032E+00    0.15413391E+00    0.21229038E+01    0.55916668E-04   -0.52301643E+02    0.50006491E+02   -0.35992817E-04   -0.78854978E-04   -0.96126002E-06    0.31779230E-04    0.51602418E-04   -0.30381124E-04   -0.85436717E-05
    0.15478559E-02    0.15088824E-01    0.10155102E-01    0.93630480E+00   -0.18402190E-03   -0.54230348E+02    0.53450583E+02   -0.57391353E-04   -0.92699007E-04    0.44196859E-04    0.56257255E-04    0.85658417E-04   -0.50006739E-04   -0.33187601E-05
