    0.96416614E+00    0.23018501E+01    0.10831934E+00   -0.11609436E+01   -0.87565180E+00   -0.27253345E+01    0.90799399E+00    0.18437407E-02    0.16790983E-04    0.42002405E-05   -0.12496534E-02   -0.27917628E-03    0.17703330E-03   -0.52107673E-01
    0.94035691E+00    0.21386050E+01    0.16168951E+00    0.89190078E-02   -0.42855453E+00   -0.28391646E+01    0.71896629E-01    0.20011846E-02    0.19960674E-04    0.51239567E-05   -0.15852268E-03   -0.33361267E-03    0.20383823E-03   -0.53011803E-01
    0.91666693E+00    0.21188243E+01    0.23774898E+00    0.50529737E-01   -0.45392456E+00   -0.29377691E+01    0.12400014E+00    0.21756034E-02    0.23548460E-04   -0.32732603E-05   -0.55834186E-03   -0.40062346E-03    0.22675993E-03   -0.55233559E-01
    0.89314236E+00    0.18953192E+01    0.33821726E+00    0.19870387E-01   -0.40833159E+00   -0.30125543E+01    0.17758201E+00    0.20755711E-02    0.32168542E-04   -0.16785321E-04   -0.54197393E-03   -0.49101183E-03    0.26421559E-03   -0.58794426E-01
    0.86982789E+00    0.16535570E+01    0.46874035E+00   -0.43778500E-02   -0.17304127E+00   -0.30735013E+01    0.16947707E+00    0.20349989E-02    0.45282186E-04   -0.30127676E-04   -0.81739605E-03   -0.56544191E-03    0.30194262E-03   -0.62934397E-01
    0.84676631E+00    0.14521385E+01    0.62650545E+00   -0.10733315E-02    0.99816525E-02   -0.31373118E+01    0.13752288E+00    0.22446043E-02    0.65838106E-04   -0.47846001E-04   -0.11885168E-02   -0.61661459E-03    0.33574267E-03   -0.67609258E-01
    0.82399821E+00    0.13239440E+01    0.80643364E+00    0.15188665E-01    0.63106479E-01   -0.32274125E+01    0.16621983E+00    0.26445276E-02    0.94414939E-04   -0.76544538E-04   -0.10282006E-02   -0.68201886E-03    0.38061884E-03   -0.73424093E-01
    0.80156166E+00    0.13191778E+01    0.10045052E+01    0.15653706E-01    0.18654176E-01   -0.33183193E+01    0.20202368E+00    0.30989429E-02    0.12832849E-03   -0.11454312E-03   -0.96314500E-03   -0.77254022E-03    0.44226718E-03   -0.80691659E-01
    0.77949196E+00    0.13671227E+01    0.12142026E+01   -0.16888972E-01   -0.85471514E-01   -0.33943141E+01    0.17492053E+00    0.34950147E-02    0.15787832E-03   -0.16288787E-03   -0.12633336E-02   -0.87055669E-03    0.51248975E-03   -0.89242710E-01
    0.75782141E+00    0.13646074E+01    0.14236591E+01   -0.54196188E-01   -0.19814263E+00   -0.34763164E+01    0.12640258E+00    0.38727006E-02    0.18349341E-03   -0.22149133E-03   -0.15595022E-02   -0.96643651E-03    0.57909019E-03   -0.99669870E-01
    0.73657918E+00    0.12614750E+01    0.16243367E+01   -0.60345611E-01   -0.26766998E+00   -0.35492514E+01    0.59063159E-01    0.40777142E-02    0.20125619E-03   -0.26760420E-03   -0.13276309E-02   -0.10461001E-02    0.63051758E-03   -0.11175953E+00
    0.71579117E+00    0.10470827E+01    0.18164513E+01   -0.40148740E-01   -0.28856292E+00   -0.36062148E+01   -0.13817436E-01    0.40661092E-02    0.20362432E-03   -0.29958809E-03   -0.99540431E-03   -0.11305813E-02    0.67539382E-03   -0.12433458E+00
    0.69547996E+00    0.75221782E+00    0.20043818E+01   -0.16001003E-01   -0.30784698E+00   -0.36636412E+01   -0.55326090E-01    0.42510714E-02    0.21246679E-03   -0.34092893E-03   -0.13379730E-02   -0.12467065E-02    0.73129792E-03   -0.13733633E+00
    0.67566478E+00    0.46217983E+00    0.21830684E+01    0.19264261E-02   -0.37350355E+00   -0.37182987E+01   -0.68376079E-01    0.46230861E-02    0.24042389E-03   -0.39363888E-03   -0.17709314E-02   -0.13750800E-02    0.79802966E-03   -0.15126088E+00
    0.65636157E+00    0.22275367E+00    0.23413426E+01    0.18128056E-01   -0.41683120E+00   -0.37721892E+01   -0.65180181E-01    0.49879075E-02    0.27620026E-03   -0.45320463E-03   -0.18217123E-02   -0.14822126E-02    0.86548157E-03   -0.16635212E+00
    0.63758298E+00    0.50189769E-02    0.24695461E+01    0.35971492E-01   -0.28567240E+00   -0.38323292E+01   -0.54094768E-01    0.52534847E-02    0.30565976E-03   -0.51803448E-03   -0.16247563E-02   -0.15594622E-02    0.93160741E-03   -0.18297661E+00
    0.61933854E+00   -0.19921420E+00    0.25642813E+01    0.66396418E-01   -0.22860569E-01   -0.38955704E+01   -0.43882797E-01    0.54958351E-02    0.32465680E-03   -0.57580478E-03   -0.16054803E-02   -0.16258165E-02    0.99816976E-03   -0.20121519E+00
    0.60163475E+00   -0.37333062E+00    0.26334132E+01    0.10423696E+00    0.21566057E+00   -0.39568952E+01   -0.44914295E-01    0.57516056E-02    0.33242878E-03   -0.60898347E-03   -0.14475892E-02   -0.16719109E-02    0.10467000E-02   -0.22057584E+00
    0.58447523E+00   -0.50243242E+00    0.26858727E+01    0.14107417E+00    0.36812023E+00   -0.40147205E+01   -0.53438454E-01    0.59802127E-02    0.32556341E-03   -0.60958865E-03   -0.93175245E-03   -0.16872244E-02    0.10612434E-02   -0.23989586E+00
    0.56786093E+00   -0.60965490E+00    0.27296105E+01    0.17029385E+00    0.48508077E+00   -0.40755860E+01   -0.41021155E-01    0.62437710E-02    0.31599339E-03   -0.60537719E-03   -0.98161181E-03   -0.17108645E-02    0.10648107E-02   -0.25828690E+00
    0.55179031E+00   -0.70457497E+00    0.27677408E+01    0.18433063E+00    0.55807638E+00   -0.41388250E+01   -0.19267772E-01    0.66623666E-02    0.31788478E-03   -0.63189763E-03   -0.15485462E-02   -0.17633059E-02    0.10814619E-02   -0.27633939E+00
    0.53625952E+00   -0.77480620E+00    0.28014642E+01    0.17874543E+00    0.51423418E+00   -0.41948038E+01   -0.18937904E-01    0.70743675E-02    0.31771187E-03   -0.67072352E-03   -0.17273565E-02   -0.18099825E-02    0.10923071E-02   -0.29498591E+00
    0.52126264E+00   -0.82558435E+00    0.28319382E+01    0.15124744E+00    0.35535440E+00   -0.42419203E+01   -0.36148862E-01    0.73668111E-02    0.30370673E-03   -0.68519598E-03   -0.15941328E-02   -0.18113564E-02    0.10757189E-02   -0.31370614E+00
    0.50679188E+00   -0.85493753E+00    0.28590353E+01    0.11749633E+00    0.16309341E+00   -0.42858229E+01   -0.56305737E-01    0.76477473E-02    0.29179717E-03   -0.68514779E-03   -0.15245983E-02   -0.18075806E-02    0.10620586E-02   -0.33163494E+00
    0.49283781E+00   -0.86084325E+00    0.28823039E+01    0.92951291E-01   -0.20064715E-02   -0.43293715E+01   -0.70952161E-01    0.79860021E-02    0.29389508E-03   -0.69761321E-03   -0.15700326E-02   -0.18802849E-02    0.11077090E-02   -0.34874025E+00
    0.47938952E+00   -0.84090679E+00    0.29042449E+01    0.74938331E-01   -0.15845969E+00   -0.43686745E+01   -0.78993856E-01    0.83804809E-02    0.30711217E-03   -0.73366031E-03   -0.18341875E-02   -0.20326770E-02    0.12153955E-02   -0.36556090E+00
    0.46643490E+00   -0.78975475E+00    0.29252327E+01    0.59860737E-01   -0.33402557E+00   -0.44044488E+01   -0.85238583E-01    0.88729704E-02    0.32524134E-03   -0.79657887E-03   -0.19910915E-02   -0.21883156E-02    0.13358124E-02   -0.38259348E+00
    0.45396077E+00   -0.71183579E+00    0.29412739E+01    0.45904918E-01   -0.53189307E+00   -0.44405419E+01   -0.86252508E-01    0.94337561E-02    0.34134255E-03   -0.88543548E-03   -0.21068173E-02   -0.22855765E-02    0.14275363E-02   -0.40033839E+00
    0.44195308E+00   -0.61525939E+00    0.29447004E+01    0.27527258E-01   -0.72849286E+00   -0.44772467E+01   -0.81285597E-01    0.10087514E-01    0.36138026E-03   -0.98964063E-03   -0.26061663E-02   -0.23234888E-02    0.14881051E-02   -0.41923877E+00
    0.43039709E+00   -0.51230503E+00    0.29319052E+01    0.67884972E-02   -0.90317882E+00   -0.45138631E+01   -0.68167574E-01    0.10745610E-01    0.38126251E-03   -0.10869830E-02   -0.30349676E-02   -0.23482925E-02    0.15425881E-02   -0.43932913E+00
    0.41927754E+00   -0.42343006E+00    0.29043435E+01   -0.13335728E-01   -0.10532125E+01   -0.45506282E+01   -0.52937825E-01    0.11357278E-01    0.38257987E-03   -0.11530649E-02   -0.25783202E-02   -0.23383687E-02    0.15680964E-02   -0.46028224E+00
    0.40857878E+00   -0.35979379E+00    0.28666204E+01   -0.32817576E-01   -0.11750084E+01   -0.45851728E+01   -0.40504494E-01    0.11958361E-01    0.36057485E-03   -0.11859438E-02   -0.19524385E-02   -0.23276810E-02    0.15736120E-02   -0.48133485E+00
    0.39828490E+00   -0.31194635E+00    0.28252896E+01   -0.47231635E-01   -0.12596492E+01   -0.46135512E+01   -0.40858764E-01    0.12565941E-01    0.32880985E-03   -0.12100758E-02   -0.16370892E-02   -0.23798731E-02    0.15954813E-02   -0.50211768E+00
    0.38837987E+00   -0.26761610E+00    0.27871374E+01   -0.56511985E-01   -0.13125392E+01   -0.46356388E+01   -0.55937617E-01    0.13146957E-01    0.30240339E-03   -0.12464603E-02   -0.16302041E-02   -0.25301727E-02    0.16608979E-02   -0.52274900E+00
    0.37884764E+00   -0.21925670E+00    0.27553980E+01   -0.59380778E-01   -0.13311203E+01   -0.46544301E+01   -0.84057647E-01    0.13733467E-01    0.28772550E-03   -0.12953503E-02   -0.16460774E-02   -0.27295087E-02    0.17516034E-02   -0.54351143E+00
    0.36967222E+00   -0.17067984E+00    0.27301127E+01   -0.58048032E-01   -0.13134949E+01   -0.46733106E+01   -0.12011110E+00    0.14454966E-01    0.28363107E-03   -0.13459014E-02   -0.16359887E-02   -0.29673669E-02    0.18676075E-02   -0.56447216E+00
    0.36083778E+00   -0.12468375E+00    0.27107744E+01   -0.57522324E-01   -0.12516208E+01   -0.46945737E+01   -0.15521870E+00    0.15317615E-01    0.28763325E-03   -0.13949309E-02   -0.17119451E-02   -0.32259564E-02    0.20030832E-02   -0.58552130E+00
    0.35232874E+00   -0.86837933E-01    0.26963679E+01   -0.58347797E-01   -0.11463423E+01   -0.47195736E+01   -0.17826963E+00    0.16260985E-01    0.29881240E-03   -0.14543085E-02   -0.21425500E-02   -0.35208930E-02    0.21639224E-02   -0.60661736E+00
    0.34412978E+00   -0.59501174E-01    0.26870528E+01   -0.59098136E-01   -0.10084462E+01   -0.47494525E+01   -0.18914937E+00    0.17298504E-01    0.31898886E-03   -0.15320806E-02   -0.27006319E-02   -0.38090803E-02    0.23241309E-02   -0.62796122E+00
    0.33622596E+00   -0.40236781E-01    0.26813785E+01   -0.52875454E-01   -0.85002235E+00   -0.47842179E+01   -0.18605494E+00    0.18566160E-01    0.35040603E-03   -0.16253414E-02   -0.37744317E-02   -0.40967815E-02    0.24892676E-02   -0.64968159E+00
    0.32860269E+00   -0.21854852E-01    0.26786035E+01   -0.39786596E-01   -0.68985747E+00   -0.48230021E+01   -0.17437917E+00    0.20094747E-01    0.39733945E-03   -0.17365690E-02   -0.52364474E-02   -0.43975321E-02    0.26687379E-02   -0.67183753E+00
    0.32124583E+00   -0.29266550E-02    0.26779480E+01   -0.18354997E-01   -0.54002452E+00   -0.48645333E+01   -0.15869398E+00    0.21808973E-01    0.45953854E-03   -0.18652989E-02   -0.63252472E-02   -0.47118708E-02    0.28652524E-02   -0.69456759E+00
    0.31414167E+00    0.13458924E-01    0.26781134E+01    0.12540387E-01   -0.40566165E+00   -0.49079287E+01   -0.14203050E+00    0.23719230E-01    0.53127842E-03   -0.20014957E-02   -0.65542934E-02   -0.50264187E-02    0.30696395E-02   -0.71791784E+00
    0.30727698E+00    0.25976551E-01    0.26782334E+01    0.46252752E-01   -0.28734992E+00   -0.49526790E+01   -0.12288898E+00    0.25848065E-01    0.60840412E-03   -0.21403177E-02   -0.64439121E-02   -0.53705566E-02    0.32931999E-02   -0.74180588E+00
    0.30063901E+00    0.36883586E-01    0.26794657E+01    0.74565071E-01   -0.18001053E+00   -0.49987421E+01   -0.10111045E+00    0.28215544E-01    0.68569568E-03   -0.22767864E-02   -0.62737888E-02   -0.57437800E-02    0.35317980E-02   -0.76616839E+00
    0.29421551E+00    0.48586337E-01    0.26819917E+01    0.95675610E-01   -0.79052497E-01   -0.50448545E+01   -0.80601089E-01    0.30719102E-01    0.75567645E-03   -0.24064781E-02   -0.60473376E-02   -0.61306760E-02    0.37784369E-02   -0.79081261E+00
    0.28799472E+00    0.62905173E-01    0.26858757E+01    0.11329493E+00    0.19203197E-01   -0.50890726E+01   -0.65675939E-01    0.33217761E-01    0.81645263E-03   -0.25316773E-02   -0.60156479E-02   -0.65531383E-02    0.40456113E-02   -0.81560958E+00
    0.28196538E+00    0.78901591E-01    0.26912395E+01    0.12817290E+00    0.11740380E+00   -0.51305248E+01   -0.57070666E-01    0.35697309E-01    0.87362787E-03   -0.26608878E-02   -0.64193424E-02   -0.70381803E-02    0.43464483E-02   -0.84044024E+00
    0.27611674E+00    0.96682383E-01    0.26986660E+01    0.14096897E+00    0.21826020E+00   -0.51693473E+01   -0.53812129E-01    0.38243544E-01    0.93167608E-03   -0.28053608E-02   -0.71338963E-02   -0.75733351E-02    0.46767430E-02   -0.86535950E+00
    0.27043853E+00    0.11553126E+00    0.27081785E+01    0.14987675E+00    0.32158615E+00   -0.52063999E+01   -0.54147993E-01    0.40986019E-01    0.99083269E-03   -0.29669321E-02   -0.82613339E-02   -0.81777789E-02    0.50467640E-02   -0.89047672E+00
    0.26492096E+00    0.13694886E+00    0.27221021E+01    0.15251535E+00    0.42321048E+00   -0.52432874E+01   -0.56265724E-01    0.43943739E-01    0.10574347E-02   -0.31511022E-02   -0.97899071E-02   -0.89177688E-02    0.54977003E-02   -0.91587513E+00
    0.25955473E+00    0.16370038E+00    0.27413713E+01    0.14686448E+00    0.52146488E+00   -0.52816829E+01   -0.60261117E-01    0.47064008E-01    0.11441778E-02   -0.33681917E-02   -0.11244607E-01   -0.97883683E-02    0.60316706E-02   -0.94171848E+00
    0.25433098E+00    0.19951720E+00    0.27666192E+01    0.13687415E+00    0.61194314E+00   -0.53219693E+01   -0.67587453E-01    0.50359878E-01    0.12584900E-02   -0.36225835E-02   -0.12619044E-01   -0.10775610E-01    0.66416629E-02   -0.96820234E+00
    0.24924133E+00    0.24417412E+00    0.27977252E+01    0.12633383E+00    0.68932601E+00   -0.53636493E+01   -0.80955364E-01    0.53841875E-01    0.13975006E-02   -0.39079140E-02   -0.13692657E-01   -0.11826045E-01    0.72984707E-02   -0.99548942E+00
    0.24427780E+00    0.29525016E+00    0.28344319E+01    0.11210758E+00    0.75071758E+00   -0.54067196E+01   -0.10104003E+00    0.57496690E-01    0.15508615E-02   -0.42093903E-02   -0.13927766E-01   -0.12903536E-01    0.79824405E-02   -0.10236321E+01
    0.23943286E+00    0.34720139E+00    0.28757687E+01    0.96508648E-01    0.79534136E+00   -0.54523624E+01   -0.12125320E+00    0.61426556E-01    0.17098139E-02   -0.45203635E-02   -0.14000113E-01   -0.14017878E-01    0.86986156E-02   -0.10525562E+01
    0.23469936E+00    0.40014013E+00    0.29214157E+01    0.76456329E-01    0.82668118E+00   -0.55016670E+01   -0.13505220E+00    0.65717105E-01    0.18697004E-02   -0.48425620E-02   -0.14472105E-01   -0.15198297E-01    0.94655182E-02   -0.10822229E+01
    0.23007055E+00    0.45471588E+00    0.29710542E+01    0.50965343E-01    0.84823781E+00   -0.55547934E+01   -0.14270708E+00    0.70298315E-01    0.20231721E-02   -0.51681080E-02   -0.14948414E-01   -0.16414296E-01    0.10260227E-01   -0.11125765E+01
    0.22554007E+00    0.50939035E+00    0.30254898E+01    0.26603904E-01    0.86442960E+00   -0.56118131E+01   -0.14594837E+00    0.75130773E-01    0.21670248E-02   -0.54877886E-02   -0.15326599E-01   -0.17688066E-01    0.11092312E-01   -0.11434866E+01
    0.22110188E+00    0.56062804E+00    0.30848166E+01    0.59009675E-02    0.87570876E+00   -0.56726444E+01   -0.14255091E+00    0.80237322E-01    0.23122231E-02   -0.58060859E-02   -0.16137130E-01   -0.19048449E-01    0.11980724E-01   -0.11748051E+01
    0.21675032E+00    0.60798922E+00    0.31487681E+01   -0.14717163E-01    0.88437784E+00   -0.57368006E+01   -0.13275658E+00    0.85587619E-01    0.24713004E-02   -0.61406519E-02   -0.17398943E-01   -0.20500649E-01    0.12931659E-01   -0.12064661E+01
    0.21248002E+00    0.65289052E+00    0.32170456E+01   -0.34843860E-01    0.88931469E+00   -0.58032843E+01   -0.12067872E+00    0.91035700E-01    0.26513162E-02   -0.65136589E-02   -0.18550495E-01   -0.22089810E-01    0.13975415E-01   -0.12385234E+01
    0.20828595E+00    0.69891975E+00    0.32899015E+01   -0.55891503E-01    0.89173297E+00   -0.58716242E+01   -0.10915558E+00    0.96512753E-01    0.28547428E-02   -0.69331535E-02   -0.19040426E-01   -0.23826468E-01    0.15120177E-01   -0.12711247E+01
    0.20416335E+00    0.74479505E+00    0.33670575E+01   -0.75724043E-01    0.89169772E+00   -0.59418407E+01   -0.97313275E-01    0.10202568E+00    0.30817911E-02   -0.74131100E-02   -0.19830235E-01   -0.25733729E-01    0.16386424E-01   -0.13043688E+01
    0.20010776E+00    0.78582605E+00    0.34485390E+01   -0.94086169E-01    0.88872325E+00   -0.60143118E+01   -0.86988775E-01    0.10769832E+00    0.33287877E-02   -0.79540961E-02   -0.21440701E-01   -0.27790923E-01    0.17763879E-01   -0.13384905E+01
    0.19611496E+00    0.82063191E+00    0.35347109E+01   -0.10958989E+00    0.88017222E+00   -0.60895249E+01   -0.83795562E-01    0.11361261E+00    0.35867624E-02   -0.85162448E-02   -0.21692287E-01   -0.29960296E-01    0.19217976E-01   -0.13735308E+01
    0.19218101E+00    0.84760921E+00    0.36256921E+01   -0.12130766E+00    0.86539256E+00   -0.61683511E+01   -0.83903173E-01    0.11987188E+00    0.38478374E-02   -0.90764844E-02   -0.21214343E-01   -0.32269057E-01    0.20759113E-01   -0.14093277E+01
    0.18830220E+00    0.86855601E+00    0.37221495E+01   -0.13212843E+00    0.84535256E+00   -0.62520124E+01   -0.81071908E-01    0.12666658E+00    0.41113825E-02   -0.96314304E-02   -0.21225479E-01   -0.34743222E-01    0.22397816E-01   -0.14457338E+01
    0.18447502E+00    0.88346344E+00    0.38242990E+01   -0.14129421E+00    0.81860997E+00   -0.63411320E+01   -0.72442030E-01    0.13415858E+00    0.43887988E-02   -0.10199808E-01   -0.22230630E-01   -0.37463183E-01    0.24186845E-01   -0.14825797E+01
    0.18069621E+00    0.89136300E+00    0.39327153E+01   -0.14941890E+00    0.78560803E+00   -0.64359745E+01   -0.56405611E-01    0.14253180E+00    0.46986471E-02   -0.10825481E-01   -0.24583315E-01   -0.40520092E-01    0.26192467E-01   -0.15198769E+01
    0.17696268E+00    0.89058172E+00    0.40477854E+01   -0.15444349E+00    0.74697738E+00   -0.65360452E+01   -0.34058653E-01    0.15184366E+00    0.50573999E-02   -0.11536002E-01   -0.28468887E-01   -0.43948079E-01    0.28445646E-01   -0.15577675E+01
    0.17327155E+00    0.88136411E+00    0.41693615E+01   -0.15636026E+00    0.70707258E+00   -0.66402398E+01   -0.10596294E-01    0.16186271E+00    0.54699620E-02   -0.12327973E-01   -0.33008613E-01   -0.47733797E-01    0.30936565E-01   -0.15964031E+01
    0.16962011E+00    0.86636786E+00    0.42979367E+01   -0.15720980E+00    0.66643229E+00   -0.67478519E+01    0.11915076E-01    0.17236801E+00    0.59396288E-02   -0.13214501E-01   -0.37813261E-01   -0.51953538E-01    0.33710394E-01   -0.16358472E+01
    0.16600582E+00    0.84631093E+00    0.44335352E+01   -0.16023130E+00    0.62440547E+00   -0.68591803E+01    0.35605350E-01    0.18334312E+00    0.64676337E-02   -0.14214007E-01   -0.43062017E-01   -0.56566158E-01    0.36746257E-01   -0.16762756E+01
    0.16242629E+00    0.82075502E+00    0.45761572E+01   -0.16184080E+00    0.58065321E+00   -0.69746861E+01    0.56532123E-01    0.19485643E+00    0.70419071E-02   -0.15305296E-01   -0.47900153E-01   -0.61550569E-01    0.40025408E-01   -0.17177988E+01
    0.15887929E+00    0.79152404E+00    0.47260180E+01   -0.16100815E+00    0.53708476E+00   -0.70946256E+01    0.74881887E-01    0.20704527E+00    0.76478363E-02   -0.16472473E-01   -0.52634471E-01   -0.66941613E-01    0.43569542E-01   -0.17604106E+01
    0.15536273E+00    0.75811702E+00    0.48838740E+01   -0.16283985E+00    0.49436155E+00   -0.72194157E+01    0.93029831E-01    0.22001738E+00    0.82756834E-02   -0.17718406E-01   -0.57795805E-01   -0.72804121E-01    0.47421710E-01   -0.18040906E+01
    0.15187465E+00    0.72070862E+00    0.50504482E+01   -0.16919050E+00    0.45100635E+00   -0.73497613E+01    0.10935835E+00    0.23381839E+00    0.89197089E-02   -0.19062151E-01   -0.62795076E-01   -0.79166720E-01    0.51607326E-01   -0.18488206E+01
    0.14841320E+00    0.68328527E+00    0.52260475E+01   -0.17567387E+00    0.40588579E+00   -0.74865484E+01    0.12149595E+00    0.24862270E+00    0.95768792E-02   -0.20520100E-01   -0.66901073E-01   -0.86040882E-01    0.56137590E-01   -0.18946494E+01
    0.14497667E+00    0.64239105E+00    0.54108411E+01   -0.18095733E+00    0.36094531E+00   -0.76302232E+01    0.12732795E+00    0.26441897E+00    0.10233418E-01   -0.22067207E-01   -0.69839473E-01   -0.93449384E-01    0.61035962E-01   -0.19415967E+01
    0.14156345E+00    0.59488725E+00    0.56057750E+01   -0.18550232E+00    0.31559921E+00   -0.77809956E+01    0.13219294E+00    0.28120197E+00    0.10862377E-01   -0.23688809E-01   -0.74000350E-01   -0.10151339E+00    0.66377385E-01   -0.19895629E+01
    0.13817202E+00    0.54160954E+00    0.58115181E+01   -0.18916726E+00    0.27254791E+00   -0.79397275E+01    0.13586348E+00    0.29917126E+00    0.11442098E-01   -0.25381612E-01   -0.78556738E-01   -0.11025092E+00    0.72164982E-01   -0.20384708E+01
    0.13480098E+00    0.48408542E+00    0.60282575E+01   -0.19115454E+00    0.23219275E+00   -0.81070178E+01    0.13750816E+00    0.31854359E+00    0.11960873E-01   -0.27132138E-01   -0.82673840E-01   -0.11973318E+00    0.78434746E-01   -0.20881830E+01
    0.13144899E+00    0.42195552E+00    0.62568249E+01   -0.19128945E+00    0.19090657E+00   -0.82833932E+01    0.14173892E+00    0.33956095E+00    0.12414171E-01   -0.28966432E-01   -0.88761312E-01   -0.13008909E+00    0.85263528E-01   -0.21385510E+01
    0.12811483E+00    0.35882652E+00    0.64975336E+01   -0.18856622E+00    0.14697405E+00   -0.84691447E+01    0.14791141E+00    0.36233274E+00    0.12793014E-01   -0.30931379E-01   -0.97101692E-01   -0.14133226E+00    0.92668744E-01   -0.21895148E+01
    0.12479733E+00    0.29475110E+00    0.67500333E+01   -0.18467756E+00    0.10109614E+00   -0.86641246E+01    0.15249756E+00    0.38662389E+00    0.13058855E-01   -0.33021909E-01   -0.10547770E+00   -0.15343996E+00    0.10065081E+00   -0.22410576E+01
    0.12149540E+00    0.22954510E+00    0.70147255E+01   -0.17705311E+00    0.56275322E-01   -0.88698751E+01    0.15928783E+00    0.41245204E+00    0.13160507E-01   -0.35234476E-01   -0.11451453E+00   -0.16662854E+00    0.10934482E+00   -0.22930635E+01
    0.11820805E+00    0.16126525E+00    0.72925404E+01   -0.16420839E+00    0.13769498E-01   -0.90886238E+01    0.17016126E+00    0.44038435E+00    0.13050241E-01   -0.37569368E-01   -0.12487822E+00   -0.18095768E+00    0.11879425E+00   -0.23454625E+01
    0.11493430E+00    0.90084645E-01    0.75845103E+01   -0.15070814E+00   -0.24534846E-01   -0.93216065E+01    0.18676009E+00    0.47090033E+00    0.12639942E-01   -0.39897856E-01   -0.13882732E+00   -0.19636834E+00    0.12893174E+00   -0.23980923E+01
    0.11167329E+00    0.17290531E-01    0.78921740E+01   -0.13760537E+00   -0.54218578E-01   -0.95687069E+01    0.20332297E+00    0.50411351E+00    0.11814642E-01   -0.42027328E-01   -0.15527203E+00   -0.21286882E+00    0.13972047E+00   -0.24504901E+01
    0.10842417E+00   -0.59363915E-01    0.82165981E+01   -0.11942740E+00   -0.72790736E-01   -0.98294976E+01    0.21299516E+00    0.53981613E+00    0.10477723E-01   -0.43794798E-01   -0.17164278E+00   -0.23033295E+00    0.15102435E+00   -0.25020077E+01
    0.10518618E+00   -0.14217955E+00    0.85586883E+01   -0.94085771E-01   -0.82377236E-01   -0.10104246E+02    0.21527021E+00    0.57772423E+00    0.84980068E-02   -0.45016510E-01   -0.18639914E+00   -0.24884138E+00    0.16283260E+00   -0.25518701E+01
    0.10195857E+00   -0.22949354E+00    0.89213983E+01   -0.69996619E-01   -0.82508255E-01   -0.10394171E+02    0.21508213E+00    0.61782089E+00    0.57241950E-02   -0.45500647E-01   -0.19879990E+00   -0.26851442E+00    0.17513519E+00   -0.25991520E+01
    0.98740688E-01   -0.33017303E+00    0.93066505E+01   -0.47792523E-01   -0.73160319E-01   -0.10699802E+02    0.21294565E+00    0.65996020E+00    0.20114412E-02   -0.44968873E-01   -0.20867243E+00   -0.28899452E+00    0.18759816E+00   -0.26428665E+01
    0.95531882E-01   -0.45091413E+00    0.97156863E+01   -0.26791572E-01   -0.54621671E-01   -0.11021732E+02    0.21543057E+00    0.70399901E+00   -0.27827675E-02   -0.43118506E-01   -0.21881439E+00   -0.31012820E+00    0.20006311E+00   -0.26817724E+01
    0.92331562E-01   -0.59128024E+00    0.10149580E+02   -0.84050329E-02   -0.27923399E-01   -0.11360865E+02    0.22225695E+00    0.75007477E+00   -0.88107652E-02   -0.39674500E-01   -0.22967212E+00   -0.33163488E+00    0.21223951E+00   -0.27146565E+01
    0.89139174E-01   -0.74870492E+00    0.10608308E+02    0.99989979E-02    0.15829764E-02   -0.11716580E+02    0.23465413E+00    0.79808202E+00   -0.16300619E-01   -0.34205998E-01   -0.24132248E+00   -0.35285902E+00    0.22349764E+00   -0.27402180E+01
    0.85954197E-01   -0.91581843E+00    0.11090002E+02    0.26745948E-01    0.33923170E-01   -0.12088634E+02    0.25620618E+00    0.84743433E+00   -0.25632683E-01   -0.26085754E-01   -0.25295581E+00   -0.37262074E+00    0.23284301E+00   -0.27569851E+01
    0.82776147E-01   -0.10902311E+01    0.11590286E+02    0.42260199E-01    0.67581328E-01   -0.12478359E+02    0.29815417E+00    0.89715589E+00   -0.37355212E-01   -0.14395286E-01   -0.26489131E+00   -0.38966524E+00    0.23913363E+00   -0.27632153E+01
    0.79604570E-01   -0.12794254E+01    0.12104140E+02    0.56051807E-01    0.10223504E+00   -0.12883995E+02    0.34817083E+00    0.94570402E+00   -0.52081989E-01    0.22448315E-02   -0.26965822E+00   -0.40276385E+00    0.24102247E+00   -0.27567407E+01
    0.76439043E-01   -0.14840283E+01    0.12626046E+02    0.64251382E-01    0.14122808E+00   -0.13298669E+02    0.38392033E+00    0.99117600E+00   -0.70390753E-01    0.25624574E-01   -0.26092170E+00   -0.40965472E+00    0.23628488E+00   -0.27347729E+01
    0.73279168E-01   -0.17089852E+01    0.13149062E+02    0.66783391E-01    0.18601160E+00   -0.13710820E+02    0.38569411E+00    0.10297864E+01   -0.93044995E-01    0.58222306E-01   -0.23957085E+00   -0.40740458E+00    0.22211727E+00   -0.26939060E+01
    0.70124575E-01   -0.19410184E+01    0.13666788E+02    0.68525083E-01    0.23201958E+00   -0.14107336E+02    0.31869679E+00    0.10556155E+01   -0.12057541E+00    0.10279851E+00   -0.19356428E+00   -0.39309571E+00    0.19553596E+00   -0.26298349E+01
    0.66974918E-01   -0.21610729E+01    0.14174743E+02    0.69459220E-01    0.28152930E+00   -0.14476470E+02    0.16478149E+00    0.10625290E+01   -0.15282990E+00    0.16226243E+00   -0.11209948E+00   -0.36282580E+00    0.15273328E+00   -0.25380908E+01
    0.63829873E-01   -0.23519651E+01    0.14670622E+02    0.61369290E-01    0.33960222E+00   -0.14805973E+02   -0.10872926E+00    0.10444399E+01   -0.18907028E+00    0.24098474E+00    0.21553794E-01   -0.31163205E+00    0.88278752E-01   -0.24137460E+01
    0.60689138E-01   -0.24953581E+01    0.15151505E+02    0.42663070E-01    0.40638100E+00   -0.15084017E+02   -0.52932214E+00    0.99612358E+00   -0.22688537E+00    0.34316429E+00    0.23211527E+00   -0.23469924E+00   -0.37006391E-02   -0.22511315E+01
    0.57552429E-01   -0.26158006E+01    0.15604323E+02    0.31914123E-01    0.45527602E+00   -0.15295321E+02   -0.10592734E+01    0.91281506E+00   -0.26116867E+00    0.47065807E+00    0.50533026E+00   -0.12768274E+00   -0.12806311E+00   -0.20455811E+01
    0.54419483E-01   -0.27214377E+01    0.16012989E+02    0.20829522E-01    0.48440314E+00   -0.15414478E+02   -0.17335739E+01    0.78733350E+00   -0.28404471E+00    0.62398327E+00    0.83608567E+00    0.12453574E-01   -0.28843212E+00   -0.17945835E+01
    0.51290053E-01   -0.28002478E+01    0.16366788E+02    0.11115512E-01    0.48980224E+00   -0.15413647E+02   -0.26700335E+01    0.61551668E+00   -0.28201909E+00    0.80281278E+00    0.12472397E+01    0.18711470E+00   -0.48764109E+00   -0.14980906E+01
    0.48163908E-01   -0.28073905E+01    0.16663776E+02    0.58940092E-02    0.47587239E+00   -0.15272399E+02   -0.39576987E+01    0.40421749E+00   -0.23018702E+00    0.10008828E+01    0.17655068E+01    0.39108312E+00   -0.72343216E+00   -0.11589228E+01
    0.45040832E-01   -0.26945196E+01    0.16898915E+02   -0.10037175E-01    0.47675681E+00   -0.14999162E+02   -0.55418288E+01    0.18370478E+00   -0.85350653E-01    0.11957891E+01    0.23586832E+01    0.60358762E+00   -0.97842635E+00   -0.78651304E+00
    0.41920623E-01   -0.24837390E+01    0.17052909E+02   -0.27287051E-01    0.50002471E+00   -0.14639346E+02   -0.72288008E+01    0.23218826E-01    0.21750100E+00    0.13423310E+01    0.28588787E+01    0.78316269E+00   -0.12109720E+01   -0.40094310E+00
    0.38803094E-01   -0.21345671E+01    0.17096054E+02   -0.25546214E-01    0.54130825E+00   -0.14267093E+02   -0.87518835E+01    0.68333791E-02    0.76715785E+00    0.13760025E+01    0.30598411E+01    0.87071075E+00   -0.13544871E+01   -0.35219029E-01
    0.35688068E-01   -0.16651167E+01    0.17010251E+02    0.95565953E-02    0.59726698E+00   -0.14020647E+02   -0.99151047E+01    0.24796203E+00    0.16846656E+01    0.11987914E+01    0.28237259E+01    0.76249293E+00   -0.12994300E+01    0.26952415E+00
    0.32575381E-01   -0.12127567E+01    0.16765007E+02    0.70328757E-01    0.66931803E+00   -0.14072710E+02   -0.10237917E+02    0.90480691E+00    0.31274830E+01    0.65324581E+00    0.18185957E+01    0.30593157E+00   -0.86043563E+00    0.45952898E+00
    0.29464880E-01   -0.78355589E+00    0.16350659E+02    0.14269803E+00    0.77294491E+00   -0.14573258E+02   -0.97116798E+01    0.20334473E+01    0.52352769E+01   -0.38274357E+00   -0.16016014E+00   -0.59257766E+00    0.13214481E+00    0.47583433E+00
    0.26356420E-01   -0.23448311E+00    0.15738819E+02    0.29637820E+00    0.83289795E+00   -0.15621273E+02   -0.83000543E+01    0.34867457E+01    0.80274630E+01   -0.18987306E+01   -0.29094131E+01   -0.18778714E+01    0.17284261E+01    0.29060713E+00
    0.23249868E-01    0.35711386E+00    0.14854117E+02    0.45633747E+00    0.92513590E+00   -0.17079931E+02   -0.60534903E+01    0.47905237E+01    0.11177013E+02   -0.35865404E+01   -0.58532955E+01   -0.31621634E+01    0.36616893E+01   -0.72633016E-01
    0.20145098E-01    0.85550853E+00    0.13586420E+02    0.66724491E+00    0.10035662E+01   -0.18497336E+02   -0.37829322E+01    0.49803289E+01    0.13779108E+02   -0.45496822E+01   -0.78197511E+01   -0.34795513E+01    0.50055282E+01   -0.51173572E+00
    0.17041993E-01    0.13758602E+01    0.11777559E+02    0.92277947E+00    0.10186639E+01   -0.19445294E+02   -0.23000636E+01    0.30926588E+01    0.14397184E+02   -0.35680567E+01   -0.73253326E+01   -0.18346981E+01    0.44104887E+01   -0.84253584E+00
    0.13940444E-01    0.17616905E+01    0.93095594E+01    0.11328420E+01    0.99239712E+00   -0.20159630E+02   -0.35263769E+00   -0.77986740E+00    0.11966036E+02   -0.22540041E+00   -0.37177143E+01    0.16021266E+01    0.12782223E+01   -0.91136320E+00
    0.10840348E-01    0.17373324E+01    0.63582785E+01    0.12370102E+01    0.92416173E+00   -0.21727435E+02    0.42146342E+01   -0.50161311E+01    0.71292349E+01    0.40004286E+01    0.17453003E+01    0.48146782E+01   -0.30324169E+01   -0.70213177E+00
    0.77416096E-02    0.12562950E+01    0.34447630E+01    0.11909803E+01    0.80033316E+00   -0.25426562E+02    0.13402773E+02   -0.65702038E+01    0.25852647E+01    0.56044635E+01    0.55780322E+01    0.49176916E+01   -0.49647432E+01   -0.36799304E+00
    0.46441401E-02    0.52864716E+00    0.12579614E+01    0.91583633E+00    0.62231095E+00   -0.31007800E+02    0.25636915E+02   -0.47205148E+01    0.27208564E+00    0.37213178E+01    0.49598530E+01    0.25628722E+01   -0.34235741E+01   -0.13971812E+00
    0.15478559E-02    0.74492437E-01    0.14065985E+00    0.30940443E+00    0.38175669E+00   -0.36321221E+02    0.35356772E+02   -0.30425751E+01   -0.54441966E+00    0.21097169E+01    0.32170313E+01    0.10486294E+01   -0.20311258E+01   -0.40316754E-01
