    0.96416614E+00    0.17835946E+00    0.32077810E-02   -0.61637497E+00    0.65620836E+01   -0.94269745E+00    0.45537008E+00    0.83462565E-03    0.75095915E-05    0.19719043E-05   -0.20889788E-02   -0.14161297E-03    0.54868523E-04   -0.69029112E-01
    0.94035691E+00    0.73128521E-01    0.58468133E-02   -0.33517737E-01    0.29753331E+01   -0.94964785E+00    0.34406521E-02    0.63211576E-03    0.90487617E-05   -0.18075799E-05   -0.71888506E-03   -0.15977758E-03    0.63702786E-04   -0.75234992E-01
    0.91666693E+00    0.61714169E-01    0.13176236E-01    0.20415750E-01    0.11606043E+01   -0.97229679E+00    0.17309894E-01    0.49555244E-03    0.98385837E-05   -0.17498528E-05   -0.51348797E-03   -0.15595490E-03    0.62811773E-04   -0.81234677E-01
    0.89314236E+00    0.37918740E-01    0.22280379E-01    0.47009038E-01   -0.54569218E-02   -0.97660921E+00    0.81008975E-02    0.50946581E-03    0.86957236E-05    0.20077086E-05   -0.40525456E-03   -0.12745842E-03    0.52352833E-04   -0.84861296E-01
    0.86982789E+00    0.22173882E-01    0.31101593E-01    0.65054616E-01   -0.73462472E+00   -0.97456443E+00   -0.54889862E-02    0.59707119E-03    0.71050197E-05    0.46982291E-05   -0.38471726E-03   -0.11004538E-03    0.47980623E-04   -0.86208195E-01
    0.84676631E+00    0.43762269E-02    0.40032665E-01    0.76900999E-01   -0.11829653E+01   -0.97135781E+00   -0.16005319E-01    0.62410054E-03    0.53575183E-05    0.37095749E-05   -0.24602270E-03   -0.10644830E-03    0.51267352E-04   -0.86736115E-01
    0.82399821E+00   -0.18299112E-01    0.48258714E-01    0.83519883E-01   -0.15633561E+01   -0.97022995E+00   -0.18692287E-01    0.64753342E-03    0.24740460E-05    0.48857439E-06   -0.98161200E-04   -0.10830915E-03    0.57329862E-04   -0.87748847E-01
    0.80156166E+00   -0.38736712E-01    0.57632919E-01    0.88791007E-01   -0.19094586E+01   -0.97138728E+00   -0.15723651E-01    0.78906214E-03   -0.20687086E-05   -0.14633066E-05   -0.29795219E-03   -0.11902456E-03    0.63746364E-04   -0.89022134E-01
    0.77949196E+00   -0.42501578E-01    0.68103293E-01    0.83919441E-01   -0.21403736E+01   -0.97533084E+00   -0.12928375E-01    0.99680638E-03   -0.58412497E-05   -0.33764386E-05   -0.57266486E-03   -0.12265649E-03    0.65217998E-04   -0.90158040E-01
    0.75782141E+00   -0.35917855E-01    0.77994606E-01    0.75910434E-01   -0.22976414E+01   -0.98208402E+00   -0.96513446E-02    0.12237059E-02   -0.75138416E-05   -0.83599648E-05   -0.62630617E-03   -0.12471030E-03    0.69117453E-04   -0.91979232E-01
    0.73657918E+00   -0.31173484E-01    0.85475644E-01    0.62639013E-01   -0.24165985E+01   -0.98986870E+00   -0.66207305E-02    0.14811776E-02   -0.11204938E-04   -0.11514501E-04   -0.57487675E-03   -0.11378006E-03    0.65986041E-04   -0.94983687E-01
    0.71579117E+00   -0.27083630E-01    0.90424530E-01    0.56105494E-01   -0.24776239E+01   -0.99587167E+00   -0.59026688E-02    0.17344986E-02   -0.17096761E-04   -0.81610294E-05   -0.50793169E-03   -0.82121740E-04    0.47753061E-04   -0.97695634E-01
    0.69547996E+00   -0.24980954E-01    0.93001962E-01    0.56239065E-01   -0.23804495E+01   -0.99943284E+00   -0.58740521E-02    0.20414533E-02   -0.22620542E-04   -0.21745507E-05   -0.45782634E-03   -0.50877188E-04    0.28774561E-04   -0.99122545E-01
    0.67566478E+00   -0.27259633E-01    0.93490481E-01    0.50322816E-01   -0.20956597E+01   -0.10030252E+01   -0.70944279E-02    0.25199581E-02   -0.29480988E-04    0.34454836E-05   -0.78315679E-03   -0.23264540E-04    0.13679159E-04   -0.99509258E-01
    0.65636157E+00   -0.37545528E-01    0.92565252E-01    0.51184398E-01   -0.16876564E+01   -0.10083663E+01   -0.94076382E-02    0.30811855E-02   -0.38567735E-04    0.84633363E-05   -0.10808659E-02   -0.15502698E-05    0.38598102E-05   -0.98925264E-01
    0.63758298E+00   -0.51912939E-01    0.89846152E-01    0.60760035E-01   -0.12588245E+01   -0.10171686E+01   -0.47263459E-02    0.36748938E-02   -0.46442499E-04    0.11284676E-04   -0.10931930E-02    0.15357056E-04   -0.10609194E-05   -0.97678322E-01
    0.61933854E+00   -0.57560084E-01    0.84939188E-01    0.65758691E-01   -0.87058727E+00   -0.10288845E+01    0.52955483E-02    0.42890206E-02   -0.52544439E-04    0.13366969E-04   -0.10281901E-02    0.29166719E-04   -0.33539846E-05   -0.96119557E-01
    0.60163475E+00   -0.49255188E-01    0.79363869E-01    0.66816060E-01   -0.54564234E+00   -0.10407160E+01    0.10715657E-01    0.49273567E-02   -0.58170303E-04    0.17442746E-04   -0.10215698E-02    0.32338917E-04   -0.13012608E-05   -0.93893312E-01
    0.58447523E+00   -0.36803256E-01    0.73402691E-01    0.62680382E-01   -0.23808235E+00   -0.10516649E+01    0.10347311E-01    0.55637784E-02   -0.62735896E-04    0.22642219E-04   -0.72413055E-03    0.37694590E-04   -0.14725543E-05   -0.90270807E-01
    0.56786093E+00   -0.28606735E-01    0.66702272E-01    0.54261612E-01    0.26553562E-01   -0.10630301E+01    0.86396022E-02    0.64356321E-02   -0.66449176E-04    0.27298984E-04   -0.87275327E-03    0.46710571E-04   -0.67709471E-05   -0.85236537E-01
    0.55179031E+00   -0.11998857E-01    0.60066837E-01    0.52116549E-01    0.18875672E+00   -0.10754224E+01    0.75582090E-02    0.77917705E-02   -0.71480236E-04    0.33042031E-04   -0.18648161E-02    0.64011102E-04   -0.17902354E-04   -0.79015462E-01
    0.53625952E+00    0.26350194E-01    0.52986974E-01    0.51626807E-01    0.25920353E+00   -0.10930277E+01    0.10288873E-01    0.96345471E-02   -0.79718799E-04    0.40511261E-04   -0.28415509E-02    0.81002324E-04   -0.27043746E-04   -0.71077906E-01
    0.52126264E+00    0.82099700E-01    0.45820782E-01    0.45264554E-01    0.24499811E+00   -0.11164298E+01    0.12856963E-01    0.11924049E-01   -0.87359507E-04    0.46804898E-04   -0.30512210E-02    0.87872619E-04   -0.30812194E-04   -0.60839176E-01
    0.50679188E+00    0.14010156E+00    0.39046165E-01    0.35587462E-01    0.16278732E+00   -0.11394251E+01    0.11258282E-01    0.13817462E-01   -0.89233983E-04    0.48834785E-04   -0.22927186E-02    0.93155720E-04   -0.34029587E-04   -0.48756334E-01
    0.49283781E+00    0.18086357E+00    0.31765317E-01    0.22762150E-01    0.25867895E-01   -0.11611590E+01    0.90287873E-02    0.15200978E-01   -0.87139575E-04    0.48289014E-04   -0.19234002E-02    0.10442185E-03   -0.44646809E-04   -0.35582588E-01
    0.47938952E+00    0.21468564E+00    0.24358122E-01    0.15061401E-01   -0.13590937E+00   -0.11861334E+01    0.95056395E-02    0.16901193E-01   -0.81880426E-04    0.46616726E-04   -0.19209708E-02    0.11020969E-03   -0.56072747E-04   -0.21186821E-01
    0.46643490E+00    0.24308462E+00    0.16657719E-01    0.12209236E-01   -0.29766210E+00   -0.12158877E+01    0.10954394E-01    0.19188797E-01   -0.73150425E-04    0.42528800E-04   -0.17062635E-02    0.93659675E-04   -0.52226989E-04   -0.51996007E-02
    0.45396077E+00    0.26144521E+00    0.93549870E-02    0.83013496E-02   -0.40446709E+00   -0.12513254E+01    0.15015421E-01    0.22159899E-01   -0.60775854E-04    0.35329194E-04   -0.19422066E-02    0.57003598E-04   -0.34342967E-04    0.12687100E-01
    0.44195308E+00    0.27835324E+00    0.32933203E-02    0.97199499E-02   -0.45016472E+00   -0.12891541E+01    0.17866582E-01    0.25235488E-01   -0.46810952E-04    0.25887523E-04   -0.16594223E-02    0.23426597E-04   -0.20933221E-04    0.32224588E-01
    0.43039709E+00    0.29626504E+00   -0.80035994E-03    0.99990103E-02   -0.43479014E+00   -0.13280038E+01    0.18586452E-01    0.28185032E-01   -0.33572273E-04    0.17205711E-04   -0.82138349E-03    0.78009231E-05   -0.21162981E-04    0.52435570E-01
    0.41927754E+00    0.31433721E+00   -0.31732160E-02    0.18171742E-02   -0.40849829E+00   -0.13690809E+01    0.23228139E-01    0.31533192E-01   -0.22628502E-04    0.10883636E-04   -0.12737945E-02   -0.30135006E-06   -0.23368741E-04    0.72604041E-01
    0.40857878E+00    0.33675137E+00   -0.44455286E-02   -0.84605543E-02   -0.39010894E+00   -0.14110611E+01    0.28289074E-01    0.35250220E-01   -0.13470213E-04    0.62783726E-05   -0.28450553E-02   -0.16058900E-04   -0.14853869E-04    0.92752924E-01
    0.39828490E+00    0.37072766E+00   -0.54080422E-02   -0.15545334E-01   -0.37048902E+00   -0.14530356E+01    0.23997971E-01    0.38899490E-01   -0.50060728E-05    0.16223199E-05   -0.28148139E-02   -0.48865255E-04    0.13367959E-04    0.11307533E+00
    0.38837987E+00    0.40833159E+00   -0.67853029E-02   -0.19949373E-01   -0.36964967E+00   -0.14964686E+01    0.17161157E-01    0.42543093E-01    0.28563893E-05   -0.41979891E-05   -0.19247348E-02   -0.99286533E-04    0.62362259E-04    0.13352862E+00
    0.37884764E+00    0.44330375E+00   -0.85979830E-02   -0.25773390E-01   -0.37500229E+00   -0.15431289E+01    0.17055140E-01    0.46640923E-01    0.92813216E-05   -0.11682878E-04   -0.23697071E-02   -0.15283958E-03    0.12053042E-03    0.15450278E+00
    0.36967222E+00    0.47835180E+00   -0.11032077E-01   -0.31397239E-01   -0.38167042E+00   -0.15935943E+01    0.23519100E-01    0.51188270E-01    0.13481769E-04   -0.20374433E-04   -0.42266811E-02   -0.19477841E-03    0.17111650E-03    0.17598584E+00
    0.36083778E+00    0.51830335E+00   -0.13694534E-01   -0.36330719E-01   -0.42102128E+00   -0.16471358E+01    0.30261031E-01    0.55952548E-01    0.15197886E-04   -0.29164299E-04   -0.49306659E-02   -0.21884406E-03    0.20405920E-03    0.19767892E+00
    0.35232874E+00    0.55993461E+00   -0.16475100E-01   -0.35697595E-01   -0.48788815E+00   -0.17028463E+01    0.33503602E-01    0.60821539E-01    0.14607283E-04   -0.37928340E-04   -0.39970452E-02   -0.24373612E-03    0.22641676E-03    0.21946871E+00
    0.34412978E+00    0.60257334E+00   -0.19179390E-01   -0.37207228E-01   -0.57158837E+00   -0.17602572E+01    0.38990158E-01    0.65800917E-01    0.13512859E-04   -0.47454180E-04   -0.38310960E-02   -0.27495073E-03    0.24204940E-03    0.24151085E+00
    0.33622596E+00    0.65204876E+00   -0.21730279E-01   -0.35524779E-01   -0.65102010E+00   -0.18207489E+01    0.47453166E-01    0.71079380E-01    0.12710027E-04   -0.58630538E-04   -0.47200722E-02   -0.30057270E-03    0.24569089E-03    0.26426648E+00
    0.32860269E+00    0.70794315E+00   -0.23976163E-01   -0.29915476E-01   -0.71690533E+00   -0.18851271E+01    0.57772886E-01    0.76679318E-01    0.12477116E-04   -0.70123794E-04   -0.61134344E-02   -0.30767553E-03    0.23415057E-03    0.28823559E+00
    0.32124583E+00    0.76812247E+00   -0.25398338E-01   -0.23105637E-01   -0.76264127E+00   -0.19551036E+01    0.61356433E-01    0.82878661E-01    0.10004236E-04   -0.78061584E-04   -0.49046327E-02   -0.26134637E-03    0.19702201E-03    0.31329973E+00
    0.31414167E+00    0.81847217E+00   -0.26766260E-01   -0.17936933E-01   -0.77809796E+00   -0.20298964E+01    0.60510834E-01    0.89305473E-01    0.15116557E-05   -0.79571683E-04   -0.11804616E-02   -0.16862530E-03    0.13957648E-03    0.33844061E+00
    0.30727698E+00    0.84450546E+00   -0.28589227E-01   -0.17249073E-01   -0.75257599E+00   -0.21090502E+01    0.65476601E-01    0.96104635E-01   -0.13208238E-04   -0.75804460E-04    0.29759467E-03   -0.66548912E-04    0.76061160E-04    0.36315497E+00
    0.30063901E+00    0.85956435E+00   -0.30680534E-01   -0.15739916E-01   -0.68128007E+00   -0.21933846E+01    0.81243121E-01    0.10389387E+00   -0.31694947E-04   -0.68825946E-04   -0.19976243E-02    0.16616104E-04    0.86285074E-05    0.38746630E+00
    0.29421551E+00    0.88461517E+00   -0.32782621E-01   -0.10626570E-01   -0.56429913E+00   -0.22816782E+01    0.99980575E-01    0.11239147E+00   -0.51380284E-04   -0.59787644E-04   -0.70287404E-02    0.91566313E-04   -0.68817314E-04    0.41160435E+00
    0.28799472E+00    0.91771656E+00   -0.34954942E-01   -0.58779537E-02   -0.41645534E+00   -0.23725773E+01    0.11047864E+00    0.12122129E+00   -0.72260048E-04   -0.48068576E-04   -0.10671967E-01    0.20150446E-03   -0.17401295E-03    0.43615834E+00
    0.28196538E+00    0.94439581E+00   -0.37434988E-01   -0.22602388E-02   -0.25385705E+00   -0.24668802E+01    0.11670501E+00    0.13072820E+00   -0.95682991E-04   -0.31154911E-04   -0.12705124E-01    0.37219730E-03   -0.31951181E-03    0.46151878E+00
    0.27611674E+00    0.95956195E+00   -0.40204296E-01    0.31236277E-02   -0.81835713E-01   -0.25645588E+01    0.12353906E+00    0.14096754E+00   -0.12215873E-03   -0.66724883E-05   -0.14229117E-01    0.58185290E-03   -0.49465116E-03    0.48779709E+00
    0.27043853E+00    0.96757109E+00   -0.43132656E-01    0.10778688E-01    0.88568008E-01   -0.26632885E+01    0.12405176E+00    0.15132539E+00   -0.15114352E-03    0.25617123E-04   -0.14413042E-01    0.81449967E-03   -0.68608363E-03    0.51465912E+00
    0.26492096E+00    0.97265481E+00   -0.46474572E-01    0.20152311E-01    0.24703839E+00   -0.27630132E+01    0.12010650E+00    0.16141793E+00   -0.18134426E-03    0.64116577E-04   -0.12879931E-01    0.10455114E-02   -0.87145451E-03    0.54163992E+00
    0.25955473E+00    0.97756135E+00   -0.50369672E-01    0.30359371E-01    0.38840722E+00   -0.28650291E+01    0.11774260E+00    0.17134222E+00   -0.21219488E-03    0.10700683E-03   -0.10730349E-01    0.12706294E-02   -0.10407688E-02    0.56836520E+00
    0.25433098E+00    0.98078840E+00   -0.55363036E-01    0.40464459E-01    0.51849641E+00   -0.29706505E+01    0.12111031E+00    0.18161683E+00   -0.24440278E-03    0.15440510E-03   -0.99258050E-02    0.15039726E-02   -0.12038709E-02    0.59473083E+00
    0.24924133E+00    0.98362229E+00   -0.61967133E-01    0.48446046E-01    0.63927867E+00   -0.30790836E+01    0.13076922E+00    0.19242082E+00   -0.27966765E-03    0.20835389E-03   -0.10935050E-01    0.17373315E-02   -0.13684297E-02    0.62099042E+00
    0.24427780E+00    0.99527334E+00   -0.70116914E-01    0.59377580E-01    0.75504392E+00   -0.31891601E+01    0.14498402E+00    0.20358285E+00   -0.31964087E-03    0.27071547E-03   -0.13079244E-01    0.19681702E-02   -0.15358776E-02    0.64754935E+00
    0.23943286E+00    0.10091711E+01   -0.79990467E-01    0.72011048E-01    0.87505183E+00   -0.33023409E+01    0.15883056E+00    0.21513457E+00   -0.36332189E-03    0.34185427E-03   -0.13353666E-01    0.22598704E-02   -0.17516769E-02    0.67471962E+00
    0.23469936E+00    0.10247964E+01   -0.91103326E-01    0.78215619E-01    0.10011688E+01   -0.34201957E+01    0.17230014E+00    0.22712364E+00   -0.40733483E-03    0.42018355E-03   -0.11763977E-01    0.25819656E-02   -0.19999957E-02    0.70254478E+00
    0.23007055E+00    0.10385782E+01   -0.10297792E+00    0.80329201E-01    0.11300563E+01   -0.35437684E+01    0.18321420E+00    0.23975820E+00   -0.44917757E-03    0.50467742E-03   -0.91870388E-02    0.29867535E-02   -0.23079549E-02    0.73089908E+00
    0.22554007E+00    0.10502599E+01   -0.11565661E+00    0.84941857E-01    0.12513472E+01   -0.36731761E+01    0.18705631E+00    0.25324126E+00   -0.48711804E-03    0.59739601E-03   -0.53826440E-02    0.35242369E-02   -0.27012787E-02    0.75964740E+00
    0.22110188E+00    0.10535302E+01   -0.12902233E+00    0.94083948E-01    0.13555762E+01   -0.38085746E+01    0.18706076E+00    0.26779155E+00   -0.52065929E-03    0.70463946E-03   -0.21468595E-02    0.41961857E-02   -0.31882280E-02    0.78873825E+00
    0.21675032E+00    0.10486712E+01   -0.14272151E+00    0.10432981E+00    0.14382144E+01   -0.39504364E+01    0.18669094E+00    0.28353533E+00   -0.54656216E-03    0.83231782E-03    0.85587101E-03    0.49904046E-02   -0.37645587E-02    0.81837434E+00
    0.21248002E+00    0.10387810E+01   -0.15694316E+00    0.11526224E+00    0.14966692E+01   -0.40990521E+01    0.19905944E+00    0.30000126E+00   -0.56295558E-03    0.98149597E-03    0.12458610E-02    0.57814905E-02   -0.43355539E-02    0.84864762E+00
    0.20828595E+00    0.10261011E+01   -0.17154798E+00    0.12246526E+00    0.15352508E+01   -0.42565018E+01    0.21886066E+00    0.31737293E+00   -0.57193930E-03    0.11503556E-02    0.93897385E-03    0.65800280E-02   -0.49053956E-02    0.87964597E+00
    0.20416335E+00    0.10135261E+01   -0.18678971E+00    0.13446533E+00    0.15500615E+01   -0.44234239E+01    0.23730969E+00    0.33649250E+00   -0.57523903E-03    0.13426287E-02   -0.12263469E-02    0.74979888E-02   -0.55611355E-02    0.91136310E+00
    0.20010776E+00    0.10104914E+01   -0.20239904E+00    0.14926547E+00    0.15444211E+01   -0.45975402E+01    0.24380640E+00    0.35731493E+00   -0.57220261E-03    0.15674007E-02   -0.27252364E-02    0.85737834E-02   -0.63326036E-02    0.94401106E+00
    0.19611496E+00    0.10259458E+01   -0.21793778E+00    0.16952471E+00    0.15161642E+01   -0.47796720E+01    0.24236931E+00    0.37947392E+00   -0.55617786E-03    0.18263944E-02    0.13838229E-05    0.98295703E-02   -0.72273343E-02    0.97779812E+00
    0.19218101E+00    0.10486267E+01   -0.23358224E+00    0.19936838E+00    0.14649835E+01   -0.49728285E+01    0.24605769E+00    0.40301038E+00   -0.51820057E-03    0.21162636E-02    0.45394907E-02    0.11197875E-01   -0.81938504E-02    0.10127672E+01
    0.18830220E+00    0.10709380E+01   -0.24949118E+00    0.23170522E+00    0.13934073E+01   -0.51774035E+01    0.26076082E+00    0.42819969E+00   -0.45902543E-03    0.24403772E-02    0.56826890E-02    0.12668123E-01   -0.92255686E-02    0.10488486E+01
    0.18447502E+00    0.10855328E+01   -0.26592131E+00    0.25539240E+00    0.13061011E+01   -0.53912871E+01    0.27533401E+00    0.45477068E+00   -0.38516943E-03    0.28154159E-02    0.66037312E-02    0.14339923E-01   -0.10397109E-01    0.10861279E+01
    0.18069621E+00    0.10868392E+01   -0.28316592E+00    0.27623650E+00    0.12016782E+01   -0.56132521E+01    0.29062365E+00    0.48221014E+00   -0.29675468E-03    0.32570454E-02    0.75479879E-02    0.16262549E-01   -0.11740575E-01    0.11248668E+01
    0.17696268E+00    0.10800868E+01   -0.30116697E+00    0.30061229E+00    0.10765950E+01   -0.58455883E+01    0.30918187E+00    0.51067178E+00   -0.18528263E-03    0.37694841E-02    0.93495042E-02    0.18413295E-01   -0.13251368E-01    0.11653116E+01
    0.17327155E+00    0.10763828E+01   -0.31938289E+00    0.32661255E+00    0.93286237E+00   -0.60910703E+01    0.32428252E+00    0.54061642E+00   -0.40179855E-04    0.43519315E-02    0.13846310E-01    0.20799557E-01   -0.14934545E-01    0.12075467E+01
    0.16962011E+00    0.10788202E+01   -0.33793348E+00    0.34944191E+00    0.78139757E+00   -0.63531721E+01    0.34520627E+00    0.57314194E+00    0.14357616E-03    0.50153989E-02    0.17534378E-01    0.23410624E-01   -0.16796617E-01    0.12516072E+01
    0.16600582E+00    0.10882192E+01   -0.35698754E+00    0.37599262E+00    0.62671153E+00   -0.66350579E+01    0.37624805E+00    0.60926320E+00    0.36185996E-03    0.57838773E-02    0.19762753E-01    0.26267999E-01   -0.18865006E-01    0.12976144E+01
    0.16242629E+00    0.10923514E+01   -0.37654275E+00    0.40596989E+00    0.47415521E+00   -0.69378944E+01    0.41177928E+00    0.64950157E+00    0.61256117E-03    0.66792225E-02    0.22329890E-01    0.29541244E-01   -0.21254203E-01    0.13458609E+01
    0.15887929E+00    0.10779229E+01   -0.39699316E+00    0.43705142E+00    0.33095807E+00   -0.72614268E+01    0.45323167E+00    0.69397126E+00    0.90857580E-03    0.77068452E-02    0.25107575E-01    0.33308535E-01   -0.24025094E-01    0.13965678E+01
    0.15536273E+00    0.10414101E+01   -0.41806311E+00    0.47225471E+00    0.19532073E+00   -0.75981702E+01    0.49023905E+00    0.74151252E+00    0.12713397E-02    0.88748625E-02    0.27951429E-01    0.37624272E-01   -0.27212421E-01    0.14498312E+01
    0.15187465E+00    0.99726360E+00   -0.43942157E+00    0.51091044E+00    0.63205292E-01   -0.79392309E+01    0.51079638E+00    0.78995358E+00    0.17277025E-02    0.10190433E-01    0.36054601E-01    0.42375875E-01   -0.30728626E-01    0.15057381E+01
    0.14841320E+00    0.94801781E+00   -0.46155779E+00    0.54737027E+00   -0.65055907E-01   -0.82917809E+01    0.54257028E+00    0.83974911E+00    0.22875428E-02    0.11650520E-01    0.41746558E-01    0.47371560E-01   -0.34437554E-01    0.15642428E+01
    0.14497667E+00    0.87408000E+00   -0.48530996E+00    0.58208047E+00   -0.19583743E+00   -0.86630447E+01    0.58403279E+00    0.89324061E+00    0.29349089E-02    0.13299009E-01    0.39754293E-01    0.52865782E-01   -0.38599941E-01    0.16253177E+01
    0.14156345E+00    0.78597827E+00   -0.51026830E+00    0.61580817E+00   -0.32708057E+00   -0.90505339E+01    0.60761774E+00    0.95021762E+00    0.36715767E-02    0.15220556E-01    0.39831508E-01    0.59131129E-01   -0.43462238E-01    0.16892599E+01
    0.13817202E+00    0.68734669E+00   -0.53626495E+00    0.65270101E+00   -0.46365268E+00   -0.94523344E+01    0.61625698E+00    0.10093046E+01    0.45369976E-02    0.17465782E-01    0.45962941E-01    0.66120785E-01   -0.48980502E-01    0.17565393E+01
    0.13480098E+00    0.57027232E+00   -0.56306984E+00    0.69467091E+00   -0.61071772E+00   -0.98723367E+01    0.62835801E+00    0.10712574E+01    0.55345203E-02    0.20060150E-01    0.52946454E-01    0.73572787E-01   -0.54978401E-01    0.18275524E+01
    0.13144899E+00    0.43043401E+00   -0.59118294E+00    0.73055066E+00   -0.75580422E+00   -0.10318726E+02    0.64880822E+00    0.11386754E+01    0.66025934E-02    0.23112109E-01    0.57197628E-01    0.81729560E-01   -0.61663121E-01    0.19026703E+01
    0.12811483E+00    0.27922775E+00   -0.62050407E+00    0.75591446E+00   -0.89042640E+00   -0.10796861E+02    0.66287365E+00    0.12130839E+01    0.76748065E-02    0.26833144E-01    0.62706874E-01    0.91221481E-01   -0.69550880E-01    0.19827665E+01
    0.12479733E+00    0.13381497E+00   -0.65033840E+00    0.76495774E+00   -0.10057804E+01   -0.11309088E+02    0.66744707E+00    0.12941047E+01    0.87509154E-02    0.31403547E-01    0.75955021E-01    0.10244055E+00   -0.78957070E-01    0.20691238E+01
    0.12149540E+00    0.38476890E-02   -0.67991494E+00    0.76273283E+00   -0.11085056E+01   -0.11854215E+02    0.67606021E+00    0.13812408E+01    0.98433070E-02    0.36944375E-01    0.93321213E-01    0.11546909E+00   -0.89923011E-01    0.21629977E+01
    0.11820805E+00   -0.10994032E+00   -0.70926018E+00    0.75453489E+00   -0.11950545E+01   -0.12427411E+02    0.67233703E+00    0.14732229E+01    0.10908364E-01    0.43611492E-01    0.11670965E+00    0.13051843E+00   -0.10262973E+00    0.22655750E+01
    0.11493430E+00   -0.20992678E+00   -0.73823647E+00    0.74806027E+00   -0.12650180E+01   -0.13027633E+02    0.64999080E+00    0.15676610E+01    0.11896387E-01    0.51608842E-01    0.15478773E+00    0.14793932E+00   -0.11744914E+00    0.23780666E+01
    0.11167329E+00   -0.30460104E+00   -0.76668029E+00    0.73265606E+00   -0.13086518E+01   -0.13663519E+02    0.61065175E+00    0.16651806E+01    0.12827284E-01    0.61183945E-01    0.21345602E+00    0.16840085E+00   -0.13499811E+00    0.25017536E+01
    0.10842417E+00   -0.42236953E+00   -0.79339045E+00    0.70426600E+00   -0.13326690E+01   -0.14349792E+02    0.61031464E+00    0.17710819E+01    0.13685346E-01    0.72685480E-01    0.27269388E+00    0.19241534E+00   -0.15589141E+00    0.26380178E+01
    0.10518618E+00   -0.59648939E+00   -0.81717680E+00    0.65823011E+00   -0.13371618E+01   -0.15091566E+02    0.67416675E+00    0.18893013E+01    0.14398819E-01    0.86664789E-01    0.31458349E+00    0.22073070E+00   -0.18093142E+00    0.27885034E+01
    0.10195857E+00   -0.80303569E+00   -0.83466146E+00    0.61368476E+00   -0.13458787E+01   -0.15882638E+02    0.74488480E+00    0.20195019E+01    0.14889046E-01    0.10380483E+00    0.35168153E+00    0.25443574E+00   -0.21122506E+00    0.29554578E+01
    0.98740688E-01   -0.10361390E+01   -0.84347815E+00    0.57503045E+00   -0.13749967E+01   -0.16714757E+02    0.76247531E+00    0.21585595E+01    0.15110157E-01    0.12483434E+00    0.41815006E+00    0.29444497E+00   -0.24776129E+00    0.31414928E+01
    0.95531882E-01   -0.12934514E+01   -0.84139469E+00    0.53116281E+00   -0.14243097E+01   -0.17585270E+02    0.74433178E+00    0.23061328E+01    0.14975377E-01    0.15068413E+00    0.50924001E+00    0.34195554E+00   -0.29187918E+00    0.33494678E+01
    0.92331562E-01   -0.15591728E+01   -0.82445230E+00    0.48565135E+00   -0.15084537E+01   -0.18490651E+02    0.72081812E+00    0.24602102E+01    0.14378703E-01    0.18250554E+00    0.61130123E+00    0.39954503E+00   -0.34605375E+00    0.35828462E+01
    0.89139174E-01   -0.18444980E+01   -0.79196066E+00    0.42667429E+00   -0.16250945E+01   -0.19431000E+02    0.72348882E+00    0.26184592E+01    0.13389551E-01    0.22127049E+00    0.72046841E+00    0.46907463E+00   -0.41208453E+00    0.38451322E+01
    0.85954197E-01   -0.21793904E+01   -0.74439364E+00    0.34023325E+00   -0.17646630E+01   -0.20400533E+02    0.73933503E+00    0.27792159E+01    0.11995370E-01    0.26856613E+00    0.82769440E+00    0.55390191E+00   -0.49333248E+00    0.41393626E+01
    0.82776147E-01   -0.25479704E+01   -0.67536749E+00    0.24302182E+00   -0.19325624E+01   -0.21377694E+02    0.70319032E+00    0.29328907E+01    0.10410686E-01    0.32685890E+00    0.95612321E+00    0.65942882E+00   -0.59505605E+00    0.44695415E+01
    0.79604570E-01   -0.29656257E+01   -0.57774064E+00    0.14957235E+00   -0.21287561E+01   -0.22347530E+02    0.55644545E+00    0.30690587E+01    0.94522862E-02    0.39886859E+00    0.11413413E+01    0.79077119E+00   -0.72266429E+00    0.48398796E+01
    0.76439043E-01   -0.34478111E+01   -0.44529505E+00    0.27179957E-01   -0.23200402E+01   -0.23296402E+02    0.26832177E+00    0.31797174E+01    0.10115855E-01    0.48784153E+00    0.13976348E+01    0.95320795E+00   -0.88241668E+00    0.52545978E+01
    0.73279168E-01   -0.40036582E+01   -0.27344301E+00   -0.12504329E+00   -0.24891392E+01   -0.24196040E+02   -0.14925695E+00    0.32554014E+01    0.13784793E-01    0.59711629E+00    0.17311155E+01    0.11544166E+01   -0.10833177E+01    0.57174868E+01
    0.70124575E-01   -0.46098716E+01   -0.58488945E-01   -0.28216610E+00   -0.26407126E+01   -0.25009199E+02   -0.75375250E+00    0.32900547E+01    0.23840040E-01    0.72953647E+00    0.21508518E+01    0.14063909E+01   -0.13386833E+01    0.62302508E+01
    0.66974918E-01   -0.51947569E+01    0.20670414E+00   -0.44495847E+00   -0.27683451E+01   -0.25653799E+02   -0.16858039E+01    0.32706177E+01    0.46039980E-01    0.88955122E+00    0.26607616E+01    0.17238462E+01   -0.16657312E+01    0.67914659E+01
    0.63829873E-01   -0.56282016E+01    0.53056864E+00   -0.64111528E+00   -0.28225137E+01   -0.26047526E+02   -0.30126249E+01    0.31658205E+01    0.90181730E-01    0.10790173E+01    0.32986576E+01    0.21141569E+01   -0.20781092E+01    0.73975046E+01
    0.60689138E-01   -0.58785553E+01    0.91476939E+00   -0.82260007E+00   -0.28339809E+01   -0.26175328E+02   -0.46886122E+01    0.29681911E+01    0.17198803E+00    0.12911903E+01    0.40576407E+01    0.25785212E+01   -0.25849599E+01    0.80362552E+01
    0.57552429E-01   -0.59702951E+01    0.13702716E+01   -0.94724338E+00   -0.28264795E+01   -0.26037061E+02   -0.66709990E+01    0.26939080E+01    0.31564284E+00    0.15102058E+01    0.48840141E+01    0.31108409E+01   -0.31904020E+01    0.86834753E+01
    0.54419483E-01   -0.59236767E+01    0.19089590E+01   -0.10664490E+01   -0.27248956E+01   -0.25652392E+02   -0.88978260E+01    0.23711045E+01    0.56017500E+00    0.17039691E+01    0.57259592E+01    0.36844823E+01   -0.38831285E+01    0.93016740E+01
    0.51290053E-01   -0.57398613E+01    0.25333443E+01   -0.12133286E+01   -0.24885325E+01   -0.25126914E+02   -0.10875256E+02    0.20829365E+01    0.96503084E+00    0.18054189E+01    0.63720683E+01    0.42087525E+01   -0.45932600E+01    0.98364286E+01
    0.48163908E-01   -0.53847345E+01    0.32489437E+01   -0.13438017E+01   -0.21475449E+01   -0.24543529E+02   -0.12194462E+02    0.19485986E+01    0.16040483E+01    0.17094025E+01    0.65091440E+01    0.45453847E+01   -0.51970686E+01    0.10212466E+02
    0.45040832E-01   -0.48644912E+01    0.40644412E+01   -0.14697296E+01   -0.16880856E+01   -0.23965982E+02   -0.12656407E+02    0.20812058E+01    0.25654516E+01    0.12745302E+01    0.59418785E+01    0.45106525E+01   -0.55151848E+01    0.10344145E+02
    0.41920623E-01   -0.41933941E+01    0.49770316E+01   -0.15301344E+01   -0.12249467E+01   -0.23486997E+02   -0.12194225E+02    0.26234622E+01    0.39423889E+01    0.32385806E+00    0.45040633E+01    0.38736757E+01   -0.53068245E+01    0.10146339E+02
    0.38803094E-01   -0.33924823E+01    0.59666687E+01   -0.14807093E+01   -0.86054778E+00   -0.23182274E+02   -0.10329929E+02    0.37318431E+01    0.57976491E+01   -0.13586336E+01    0.20877601E+01    0.23145284E+01   -0.42017827E+01    0.95511370E+01
    0.35688068E-01   -0.24743973E+01    0.69532650E+01   -0.13999891E+01   -0.53025188E+00   -0.23034283E+02   -0.69321245E+01    0.54869799E+01    0.80731762E+01   -0.39188232E+01   -0.13353825E+01   -0.34774322E+00   -0.18815108E+01    0.85172124E+01
    0.32575381E-01   -0.14153801E+01    0.78591016E+01   -0.13082068E+01   -0.25357007E+00   -0.22860818E+02   -0.26073566E+01    0.77297029E+01    0.10482124E+02   -0.72335162E+01   -0.51231407E+01   -0.39102142E+01    0.16501138E+01    0.70782239E+01
    0.29464880E-01   -0.49298769E+00    0.85358064E+01   -0.11150622E+01   -0.98889884E-01   -0.22350827E+02    0.20861639E+01    0.10076620E+02    0.12469131E+02   -0.10794612E+02   -0.85521878E+01   -0.76880252E+01    0.59496191E+01    0.53603439E+01
    0.26356420E-01    0.13357380E+00    0.88528851E+01   -0.77983274E+00   -0.90603309E-01   -0.21047553E+02    0.54411257E+01    0.11654097E+02    0.13204906E+02   -0.13374629E+02   -0.10867640E+02   -0.10161208E+02    0.96473394E+01    0.35800612E+01
    0.23249868E-01    0.61001218E+00    0.86904870E+01   -0.48078276E+00   -0.24026918E-01   -0.18752033E+02    0.61731052E+01    0.11152193E+02    0.11962145E+02   -0.13197513E+02   -0.11071867E+02   -0.96417304E+01    0.10691683E+02    0.20348723E+01
    0.20145098E-01    0.10744566E+01    0.79177411E+01   -0.17616242E+00    0.36110833E-01   -0.15882244E+02    0.49141261E+01    0.80491108E+01    0.88820336E+01   -0.96400657E+01   -0.85205776E+01   -0.61756837E+01    0.81543391E+01    0.98941233E+00
    0.17041993E-01    0.12803011E+01    0.65628506E+01    0.15314857E+00    0.98699167E-01   -0.13369784E+02    0.35955146E+01    0.39121419E+01    0.53139204E+01   -0.47504657E+01   -0.44985942E+01   -0.22047547E+01    0.38790318E+01    0.47846525E+00
    0.13940444E-01    0.12286687E+01    0.48728317E+01    0.42598957E+00    0.22788318E+00   -0.11998601E+02    0.38406597E+01    0.12097220E+01    0.27143197E+01   -0.15595769E+01   -0.14088169E+01   -0.97332227E-01    0.93617307E+00    0.30822743E+00
    0.10840348E-01    0.10340985E+01    0.31376913E+01    0.65527639E+00    0.36152865E+00   -0.11908489E+02    0.60039525E+01    0.70850785E+00    0.13631737E+01   -0.90062507E+00   -0.40706345E+00    0.18487962E+00    0.36383549E+00    0.24908531E+00
    0.77416096E-02    0.65980628E+00    0.16336438E+01    0.79221221E+00    0.47286133E+00   -0.12716283E+02    0.91200041E+01    0.13671079E+01    0.76093957E+00   -0.15391857E+01   -0.84985760E+00   -0.12469021E+00    0.10959011E+01    0.19278036E+00
    0.46441401E-02    0.24541084E+00    0.58012677E+00    0.75954501E+00    0.48405394E+00   -0.13962259E+02    0.12266939E+02    0.21893445E+01    0.48658451E+00   -0.23450417E+01   -0.17827058E+01   -0.35905570E+00    0.20556304E+01    0.11773732E+00
    0.15478559E-02    0.31604438E-01    0.62829434E-01    0.39083085E+00    0.30826355E+00   -0.15368293E+02    0.14955915E+02    0.25244391E+01    0.31222178E+00   -0.26450882E+01   -0.23870368E+01   -0.32237181E+00    0.25466063E+01    0.35885768E-01
