    0.98804736E+00    0.36152250E+00    0.28062571E-02
    0.96416614E+00    0.38167900E+00    0.83027339E-02
    0.94035691E+00    0.38548550E+00    0.14124204E-01
    0.91666693E+00    0.38738093E+00    0.20149447E-01
    0.89314236E+00    0.38923095E+00    0.26425597E-01
    0.86982789E+00    0.39108817E+00    0.32782023E-01
    0.84676631E+00    0.39255991E+00    0.38987497E-01
    0.82399821E+00    0.39333812E+00    0.44738419E-01
    0.80156166E+00    0.39343531E+00    0.49775568E-01
    0.77949196E+00    0.39304479E+00    0.54014990E-01
    0.75782141E+00    0.39231164E+00    0.57453132E-01
    0.73657918E+00    0.39135406E+00    0.60065704E-01
    0.71579117E+00    0.39026110E+00    0.62035998E-01
    0.69547996E+00    0.38905085E+00    0.63664110E-01
    0.67566478E+00    0.38774480E+00    0.65041297E-01
    0.65636157E+00    0.38628819E+00    0.66001561E-01
    0.63758298E+00    0.38454774E+00    0.66421255E-01
    0.61933854E+00    0.38262621E+00    0.66267600E-01
    0.60163475E+00    0.38080064E+00    0.65593855E-01
    0.58447523E+00    0.37921141E+00    0.64542144E-01
    0.56786093E+00    0.37785474E+00    0.63245412E-01
    0.55179031E+00    0.37668843E+00    0.61746361E-01
    0.53625952E+00    0.37569433E+00    0.60043656E-01
    0.52126264E+00    0.37491606E+00    0.58164041E-01
    0.50679188E+00    0.37435779E+00    0.56169950E-01
    0.49283781E+00    0.37394909E+00    0.54080188E-01
    0.47938952E+00    0.37363825E+00    0.51827552E-01
    0.46643490E+00    0.37344111E+00    0.49334145E-01
    0.45396077E+00    0.37339386E+00    0.46579624E-01
    0.44195308E+00    0.37354625E+00    0.43636727E-01
    0.43039709E+00    0.37391570E+00    0.40639362E-01
    0.41927754E+00    0.37449525E+00    0.37676776E-01
    0.40857878E+00    0.37530888E+00    0.34773925E-01
    0.39828490E+00    0.37637527E+00    0.31928942E-01
    0.38837987E+00    0.37763930E+00    0.29166195E-01
    0.37884764E+00    0.37902758E+00    0.26521223E-01
    0.36967222E+00    0.38052170E+00    0.24012919E-01
    0.36083778E+00    0.38215054E+00    0.21644493E-01
    0.35232874E+00    0.38393779E+00    0.19401607E-01
    0.34412978E+00    0.38588225E+00    0.17255495E-01
    0.33622596E+00    0.38799177E+00    0.15170323E-01
    0.32860269E+00    0.39028459E+00    0.13135215E-01
    0.32124583E+00    0.39278927E+00    0.11151031E-01
    0.31414167E+00    0.39551151E+00    0.92142221E-02
    0.30727698E+00    0.39843061E+00    0.73328843E-02
    0.30063901E+00    0.40153787E+00    0.55186708E-02
    0.29421551E+00    0.40485670E+00    0.37644125E-02
    0.28799472E+00    0.40840249E+00    0.20612446E-02
    0.28196538E+00    0.41216085E+00    0.40392829E-03
    0.27611674E+00    0.41610783E+00   -0.12143767E-02
    0.27043853E+00    0.42023239E+00   -0.28072846E-02
    0.26492096E+00    0.42451477E+00   -0.43823205E-02
    0.25955473E+00    0.42893249E+00   -0.59350739E-02
    0.25433098E+00    0.43347021E+00   -0.74554016E-02
    0.24924133E+00    0.43812287E+00   -0.89358600E-02
    0.24427780E+00    0.44289604E+00   -0.10375109E-01
    0.23943286E+00    0.44780551E+00   -0.11775547E-01
    0.23469936E+00    0.45286943E+00   -0.13136552E-01
    0.23007055E+00    0.45810847E+00   -0.14460682E-01
    0.22554007E+00    0.46353653E+00   -0.15754469E-01
    0.22110188E+00    0.46915363E+00   -0.17023826E-01
    0.21675032E+00    0.47494746E+00   -0.18269848E-01
    0.21248002E+00    0.48090463E+00   -0.19494787E-01
    0.20828595E+00    0.48703085E+00   -0.20702244E-01
    0.20416335E+00    0.49334786E+00   -0.21897324E-01
    0.20010776E+00    0.49986750E+00   -0.23077683E-01
    0.19611496E+00    0.50658329E+00   -0.24233852E-01
    0.19218101E+00    0.51348404E+00   -0.25351475E-01
    0.18830220E+00    0.52057068E+00   -0.26420926E-01
    0.18447502E+00    0.52785228E+00   -0.27436793E-01
    0.18069621E+00    0.53533403E+00   -0.28392459E-01
    0.17696268E+00    0.54301962E+00   -0.29275766E-01
    0.17327155E+00    0.55091617E+00   -0.30073485E-01
    0.16962011E+00    0.55902993E+00   -0.30776417E-01
    0.16600582E+00    0.56737097E+00   -0.31379260E-01
    0.16242629E+00    0.57595745E+00   -0.31879160E-01
    0.15887929E+00    0.58481471E+00   -0.32275692E-01
    0.15536273E+00    0.59397231E+00   -0.32571243E-01
    0.15187465E+00    0.60345386E+00   -0.32768688E-01
    0.14841320E+00    0.61327316E+00   -0.32866535E-01
    0.14497667E+00    0.62346207E+00   -0.32869341E-01
    0.14156345E+00    0.63404837E+00   -0.32783340E-01
    0.13817202E+00    0.64503423E+00   -0.32606987E-01
    0.13480098E+00    0.65641339E+00   -0.32331519E-01
    0.13144899E+00    0.66819346E+00   -0.31952062E-01
    0.12811483E+00    0.68038423E+00   -0.31468378E-01
    0.12479733E+00    0.69297807E+00   -0.30876960E-01
    0.12149540E+00    0.70595897E+00   -0.30168653E-01
    0.11820805E+00    0.71931855E+00   -0.29330070E-01
    0.11493430E+00    0.73304222E+00   -0.28345296E-01
    0.11167329E+00    0.74710593E+00   -0.27200988E-01
    0.10842417E+00    0.76147996E+00   -0.25884149E-01
    0.10518618E+00    0.77617296E+00   -0.24388300E-01
    0.10195857E+00    0.79122783E+00   -0.22717495E-01
    0.98740688E-01    0.80666518E+00   -0.20870707E-01
    0.95531882E-01    0.82245759E+00   -0.18831338E-01
    0.92331562E-01    0.83853865E+00   -0.16579842E-01
    0.89139174E-01    0.85483069E+00   -0.14094747E-01
    0.85954197E-01    0.87128847E+00   -0.11367159E-01
    0.82776147E-01    0.88782660E+00   -0.84100679E-02
    0.79604570E-01    0.90426173E+00   -0.52455246E-02
    0.76439043E-01    0.92029733E+00   -0.19068485E-02
    0.73279168E-01    0.93552296E+00    0.15569046E-02
    0.70124575E-01    0.94945412E+00    0.50863525E-02
    0.66974918E-01    0.96143898E+00    0.86100354E-02
    0.63829873E-01    0.97049457E+00    0.12051114E-01
    0.60689138E-01    0.97532706E+00    0.15359210E-01
    0.57552429E-01    0.97440468E+00    0.18509137E-01
    0.54419483E-01    0.96597446E+00    0.21457212E-01
    0.51290053E-01    0.94810612E+00    0.24133352E-01
    0.48163908E-01    0.91910848E+00    0.26403650E-01
    0.45040832E-01    0.87764838E+00    0.28098298E-01
    0.41920623E-01    0.82291140E+00    0.29046748E-01
    0.38803094E-01    0.75455203E+00    0.29112308E-01
    0.35688068E-01    0.67355434E+00    0.28230377E-01
    0.32575381E-01    0.58246815E+00    0.26391281E-01
    0.29464880E-01    0.48587997E+00    0.23688926E-01
    0.26356420E-01    0.39059313E+00    0.20307800E-01
    0.23249868E-01    0.30329138E+00    0.16485038E-01
    0.20145098E-01    0.22773297E+00    0.12525577E-01
    0.17041993E-01    0.16452382E+00    0.88453379E-02
    0.13940444E-01    0.11205400E+00    0.57331011E-02
    0.10840348E-01    0.69055694E-01    0.32896503E-02
    0.77416096E-02    0.35719881E-01    0.15488075E-02
    0.46441401E-02    0.12990387E-01    0.50269509E-03
    0.15478559E-02    0.14830580E-02    0.50161300E-04
