    0.98804736E+00    0.77699350E+00    0.10359837E-01
    0.96416614E+00    0.81820409E+00    0.28871316E-01
    0.94035691E+00    0.83197862E+00    0.50736922E-01
    0.91666693E+00    0.84539456E+00    0.74188938E-01
    0.89314236E+00    0.86294959E+00    0.97422968E-01
    0.86982789E+00    0.88554223E+00    0.11904163E+00
    0.84676631E+00    0.91129271E+00    0.14010317E+00
    0.82399821E+00    0.93855103E+00    0.16221285E+00
    0.80156166E+00    0.96703473E+00    0.18516969E+00
    0.77949196E+00    0.99725580E+00    0.20801508E+00
    0.75782141E+00    0.10277685E+01    0.22945475E+00
    0.73657918E+00    0.10582238E+01    0.24881249E+00
    0.71579117E+00    0.10913157E+01    0.26666177E+00
    0.69547996E+00    0.11283527E+01    0.28345053E+00
    0.67566478E+00    0.11676043E+01    0.29931192E+00
    0.65636157E+00    0.12076316E+01    0.31494163E+00
    0.63758298E+00    0.12477275E+01    0.33095600E+00
    0.61933854E+00    0.12882174E+01    0.34812620E+00
    0.60163475E+00    0.13297437E+01    0.36669777E+00
    0.58447523E+00    0.13716766E+01    0.38564862E+00
    0.56786093E+00    0.14129344E+01    0.40380852E+00
    0.55179031E+00    0.14528571E+01    0.42056189E+00
    0.53625952E+00    0.14915279E+01    0.43577573E+00
    0.52126264E+00    0.15298056E+01    0.44994912E+00
    0.50679188E+00    0.15687441E+01    0.46375941E+00
    0.49283781E+00    0.16084440E+01    0.47748766E+00
    0.47938952E+00    0.16481803E+01    0.49087701E+00
    0.46643490E+00    0.16872144E+01    0.50356558E+00
    0.45396077E+00    0.17254340E+01    0.51550777E+00
    0.44195308E+00    0.17634792E+01    0.52700842E+00
    0.43039709E+00    0.18019512E+01    0.53838439E+00
    0.41927754E+00    0.18409429E+01    0.54968493E+00
    0.40857878E+00    0.18802212E+01    0.56080751E+00
    0.39828490E+00    0.19194636E+01    0.57163380E+00
    0.38837987E+00    0.19583994E+01    0.58199116E+00
    0.37884764E+00    0.19967574E+01    0.59170180E+00
    0.36967222E+00    0.20341008E+01    0.60069045E+00
    0.36083778E+00    0.20700006E+01    0.60899399E+00
    0.35232874E+00    0.21044158E+01    0.61672593E+00
    0.34412978E+00    0.21377277E+01    0.62402260E+00
    0.33622596E+00    0.21703829E+01    0.63098145E+00
    0.32860269E+00    0.22026505E+01    0.63764530E+00
    0.32124583E+00    0.22346323E+01    0.64401922E+00
    0.31414167E+00    0.22663229E+01    0.65007567E+00
    0.30727698E+00    0.22976672E+01    0.65575652E+00
    0.30063901E+00    0.23286204E+01    0.66099522E+00
    0.29421551E+00    0.23591841E+01    0.66574914E+00
    0.28799472E+00    0.23894222E+01    0.67002272E+00
    0.28196538E+00    0.24194598E+01    0.67387502E+00
    0.27611674E+00    0.24494507E+01    0.67740766E+00
    0.27043853E+00    0.24795237E+01    0.68073362E+00
    0.26492096E+00    0.25097529E+01    0.68394278E+00
    0.25955473E+00    0.25401721E+01    0.68708326E+00
    0.25433098E+00    0.25708065E+01    0.69016273E+00
    0.24924133E+00    0.26016876E+01    0.69315956E+00
    0.24427780E+00    0.26328507E+01    0.69603628E+00
    0.23943286E+00    0.26643273E+01    0.69875384E+00
    0.23469936E+00    0.26961364E+01    0.70128472E+00
    0.23007055E+00    0.27282768E+01    0.70362037E+00
    0.22554007E+00    0.27607297E+01    0.70577016E+00
    0.22110188E+00    0.27934714E+01    0.70775371E+00
    0.21675032E+00    0.28264928E+01    0.70959098E+00
    0.21248002E+00    0.28598117E+01    0.71129404E+00
    0.20828595E+00    0.28934743E+01    0.71286218E+00
    0.20416335E+00    0.29275459E+01    0.71428160E+00
    0.20010776E+00    0.29620972E+01    0.71552931E+00
    0.19611496E+00    0.29971932E+01    0.71657922E+00
    0.19218101E+00    0.30328870E+01    0.71740747E+00
    0.18830220E+00    0.30692155E+01    0.71799538E+00
    0.18447502E+00    0.31061978E+01    0.71832997E+00
    0.18069621E+00    0.31438335E+01    0.71840311E+00
    0.17696268E+00    0.31821050E+01    0.71821062E+00
    0.17327155E+00    0.32209789E+01    0.71775168E+00
    0.16962011E+00    0.32604081E+01    0.71702843E+00
    0.16600582E+00    0.33003335E+01    0.71604526E+00
    0.16242629E+00    0.33406847E+01    0.71480738E+00
    0.15887929E+00    0.33813824E+01    0.71331861E+00
    0.15536273E+00    0.34223436E+01    0.71157867E+00
    0.15187465E+00    0.34634863E+01    0.70958073E+00
    0.14841320E+00    0.35047325E+01    0.70730986E+00
    0.14497667E+00    0.35460056E+01    0.70474259E+00
    0.14156345E+00    0.35872241E+01    0.70184759E+00
    0.13817202E+00    0.36282934E+01    0.69858682E+00
    0.13480098E+00    0.36690984E+01    0.69491657E+00
    0.13144899E+00    0.37094960E+01    0.69078847E+00
    0.12811483E+00    0.37493093E+01    0.68615066E+00
    0.12479733E+00    0.37883209E+01    0.68094949E+00
    0.12149540E+00    0.38262690E+01    0.67513124E+00
    0.11820805E+00    0.38628436E+01    0.66864353E+00
    0.11493430E+00    0.38976854E+01    0.66143588E+00
    0.11167329E+00    0.39303865E+01    0.65345901E+00
    0.10842417E+00    0.39604948E+01    0.64466319E+00
    0.10518618E+00    0.39875201E+01    0.63499629E+00
    0.10195857E+00    0.40109384E+01    0.62440229E+00
    0.98740688E-01    0.40301914E+01    0.61282094E+00
    0.95531882E-01    0.40446771E+01    0.60018887E+00
    0.92331562E-01    0.40537334E+01    0.58644204E+00
    0.89139174E-01    0.40566183E+01    0.57151912E+00
    0.85954197E-01    0.40524918E+01    0.55536497E+00
    0.82776147E-01    0.40404070E+01    0.53793383E+00
    0.79604570E-01    0.40193121E+01    0.51919115E+00
    0.76439043E-01    0.39880638E+01    0.49911399E+00
    0.73279168E-01    0.39454483E+01    0.47769067E+00
    0.70124575E-01    0.38902077E+01    0.45492073E+00
    0.66974918E-01    0.38210695E+01    0.43081665E+00
    0.63829873E-01    0.37367781E+01    0.40540834E+00
    0.60689138E-01    0.36361300E+01    0.37875048E+00
    0.57552429E-01    0.35180145E+01    0.35093213E+00
    0.54419483E-01    0.33814662E+01    0.32208688E+00
    0.51290053E-01    0.32257389E+01    0.29240215E+00
    0.48163908E-01    0.30504048E+01    0.26212741E+00
    0.45040832E-01    0.28554868E+01    0.23158059E+00
    0.41920623E-01    0.26416198E+01    0.20115082E+00
    0.38803094E-01    0.24102323E+01    0.17129435E+00
    0.35688068E-01    0.21637254E+01    0.14252093E+00
    0.32575381E-01    0.19056138E+01    0.11537041E+00
    0.29464880E-01    0.16405895E+01    0.90380730E-01
    0.26356420E-01    0.13744688E+01    0.68049673E-01
    0.23249868E-01    0.11139899E+01    0.48791832E-01
    0.20145098E-01    0.86644538E+00    0.32892836E-01
    0.17041993E-01    0.63916968E+00    0.20465619E-01
    0.13940444E-01    0.43896425E+00    0.11417206E-01
    0.10840348E-01    0.27160085E+00    0.54357290E-02
    0.77416096E-02    0.14156316E+00    0.20057489E-02
    0.46441401E-02    0.52151535E-01    0.45528808E-03
    0.15478559E-02    0.59995024E-02    0.29272719E-04
