      0.306250E+02      0.189106E+01      0.240663E-01      0.127264E-01      0.108933E+01      0.101069E+01      0.100000E+01      0.109227E+01
      0.312500E+02      0.189132E+01      0.242221E-01      0.128070E-01      0.108916E+01      0.101074E+01      0.100014E+01      0.109310E+01
      0.318750E+02      0.189159E+01      0.243628E-01      0.128795E-01      0.108899E+01      0.101079E+01      0.100028E+01      0.109387E+01
      0.325000E+02      0.189186E+01      0.244890E-01      0.129444E-01      0.108881E+01      0.101083E+01      0.100043E+01      0.109457E+01
      0.331250E+02      0.189215E+01      0.246017E-01      0.130020E-01      0.108864E+01      0.101087E+01      0.100058E+01      0.109522E+01
      0.337500E+02      0.189243E+01      0.247014E-01      0.130527E-01      0.108846E+01      0.101091E+01      0.100073E+01      0.109581E+01
      0.343750E+02      0.189273E+01      0.247891E-01      0.130970E-01      0.108829E+01      0.101094E+01      0.100088E+01      0.109636E+01
      0.350000E+02      0.189303E+01      0.248655E-01      0.131353E-01      0.108812E+01      0.101096E+01      0.100104E+01      0.109686E+01
      0.356250E+02      0.189333E+01      0.249313E-01      0.131680E-01      0.108795E+01      0.101098E+01      0.100120E+01      0.109731E+01
      0.362500E+02      0.189364E+01      0.249874E-01      0.131955E-01      0.108779E+01      0.101100E+01      0.100137E+01      0.109772E+01
      0.368750E+02      0.189395E+01      0.250347E-01      0.132182E-01      0.108762E+01      0.101102E+01      0.100153E+01      0.109809E+01
      0.375000E+02      0.189427E+01      0.250738E-01      0.132367E-01      0.108746E+01      0.101103E+01      0.100170E+01      0.109843E+01
      0.381250E+02      0.189459E+01      0.251057E-01      0.132513E-01      0.108731E+01      0.101104E+01      0.100187E+01      0.109874E+01
      0.387500E+02      0.189491E+01      0.251311E-01      0.132624E-01      0.108715E+01      0.101105E+01      0.100204E+01      0.109902E+01
      0.393750E+02      0.189523E+01      0.251509E-01      0.132706E-01      0.108700E+01      0.101105E+01      0.100221E+01      0.109928E+01
      0.400000E+02      0.189556E+01      0.251658E-01      0.132762E-01      0.108686E+01      0.101105E+01      0.100238E+01      0.109952E+01
      0.406250E+02      0.189588E+01      0.251765E-01      0.132796E-01      0.108671E+01      0.101106E+01      0.100255E+01      0.109974E+01
      0.412500E+02      0.189621E+01      0.251839E-01      0.132812E-01      0.108657E+01      0.101106E+01      0.100272E+01      0.109994E+01
      0.418750E+02      0.189653E+01      0.251884E-01      0.132813E-01      0.108644E+01      0.101106E+01      0.100290E+01      0.110013E+01
      0.425000E+02      0.189686E+01      0.251906E-01      0.132801E-01      0.108631E+01      0.101106E+01      0.100307E+01      0.110031E+01
      0.431250E+02      0.189719E+01      0.251909E-01      0.132780E-01      0.108618E+01      0.101106E+01      0.100324E+01      0.110048E+01
      0.437500E+02      0.189751E+01      0.251896E-01      0.132750E-01      0.108605E+01      0.101105E+01      0.100342E+01      0.110064E+01
      0.443750E+02      0.189784E+01      0.251869E-01      0.132714E-01      0.108593E+01      0.101105E+01      0.100359E+01      0.110080E+01
      0.450000E+02      0.189817E+01      0.251832E-01      0.132671E-01      0.108581E+01      0.101105E+01      0.100376E+01      0.110095E+01
