      0.625000E+00      0.188781E+01      0.338052E-07      0.179071E-07      0.100000E+01      0.100000E+01      0.100000E+01      0.100000E+01
      0.125000E+01      0.188846E+01      0.112440E-05      0.595405E-06      0.100000E+01      0.100000E+01      0.100035E+01      0.100035E+01
      0.187500E+01      0.188832E+01      0.387675E-03      0.205301E-03      0.102698E+01      0.100020E+01      0.100027E+01      0.100156E+01
      0.250000E+01      0.188789E+01      0.994142E-03      0.526590E-03      0.103849E+01      0.100052E+01      0.100004E+01      0.100336E+01
      0.312500E+01      0.188779E+01      0.164325E-02      0.870460E-03      0.104604E+01      0.100086E+01      0.999992E+00      0.100550E+01
      0.375000E+01      0.188779E+01      0.229711E-02      0.121683E-02      0.105074E+01      0.100120E+01      0.999990E+00      0.100772E+01
      0.437500E+01      0.188780E+01      0.295117E-02      0.156328E-02      0.105401E+01      0.100153E+01      0.999996E+00      0.100996E+01
      0.500000E+01      0.188781E+01      0.360449E-02      0.190935E-02      0.105659E+01      0.100187E+01      0.100000E+01      0.101221E+01
      0.562500E+01      0.188781E+01      0.425701E-02      0.225500E-02      0.105885E+01      0.100219E+01      0.100000E+01      0.101448E+01
      0.625000E+01      0.188781E+01      0.490887E-02      0.260029E-02      0.106095E+01      0.100252E+01      0.100000E+01      0.101677E+01
      0.687500E+01      0.188782E+01      0.556022E-02      0.294532E-02      0.106298E+01      0.100284E+01      0.100000E+01      0.101906E+01
      0.750000E+01      0.188782E+01      0.621140E-02      0.329025E-02      0.106495E+01      0.100316E+01      0.100000E+01      0.102138E+01
      0.812500E+01      0.188782E+01      0.686285E-02      0.363534E-02      0.106691E+01      0.100347E+01      0.100001E+01      0.102371E+01
      0.875000E+01      0.188782E+01      0.751511E-02      0.398084E-02      0.106885E+01      0.100379E+01      0.100001E+01      0.102606E+01
      0.937500E+01      0.188782E+01      0.816865E-02      0.432703E-02      0.107078E+01      0.100410E+01      0.100001E+01      0.102844E+01
      0.100000E+02      0.188782E+01      0.882368E-02      0.467401E-02      0.107269E+01      0.100441E+01      0.100000E+01      0.103084E+01
      0.106250E+02      0.188781E+01      0.948004E-02      0.502171E-02      0.107458E+01      0.100471E+01      0.100000E+01      0.103326E+01
      0.112500E+02      0.188781E+01      0.101371E-01      0.536978E-02      0.107642E+01      0.100502E+01      0.999999E+00      0.103570E+01
      0.118750E+02      0.188780E+01      0.107938E-01      0.571765E-02      0.107819E+01      0.100532E+01      0.999996E+00      0.103816E+01
      0.125000E+02      0.188779E+01      0.114485E-01      0.606451E-02      0.107987E+01      0.100561E+01      0.999992E+00      0.104064E+01
      0.131250E+02      0.188779E+01      0.120996E-01      0.640940E-02      0.108144E+01      0.100590E+01      0.999989E+00      0.104312E+01
      0.137500E+02      0.188779E+01      0.127450E-01      0.675129E-02      0.108288E+01      0.100619E+01      0.999988E+00      0.104559E+01
      0.143750E+02      0.188779E+01      0.133828E-01      0.708915E-02      0.108418E+01      0.100647E+01      0.999989E+00      0.104806E+01
      0.150000E+02      0.188779E+01      0.140112E-01      0.742201E-02      0.108534E+01      0.100674E+01      0.999992E+00      0.105052E+01
