      0.156250E+02      0.188781E+01      0.146286E-01      0.774901E-02      0.108635E+01      0.100701E+01      0.100000E+01      0.105295E+01
      0.162500E+02      0.188783E+01      0.152335E-01      0.806935E-02      0.108723E+01      0.100726E+01      0.100001E+01      0.105536E+01
      0.168750E+02      0.188785E+01      0.158248E-01      0.838242E-02      0.108798E+01      0.100751E+01      0.100003E+01      0.105773E+01
      0.175000E+02      0.188789E+01      0.164017E-01      0.868784E-02      0.108861E+01      0.100775E+01      0.100004E+01      0.106007E+01
      0.181250E+02      0.188793E+01      0.169630E-01      0.898496E-02      0.108914E+01      0.100798E+01      0.100007E+01      0.106237E+01
      0.187500E+02      0.188799E+01      0.175079E-01      0.927331E-02      0.108956E+01      0.100820E+01      0.100010E+01      0.106461E+01
      0.193750E+02      0.188805E+01      0.180358E-01      0.955261E-02      0.108989E+01      0.100842E+01      0.100013E+01      0.106681E+01
      0.200000E+02      0.188812E+01      0.185456E-01      0.982226E-02      0.109016E+01      0.100862E+01      0.100017E+01      0.106896E+01
      0.206250E+02      0.188821E+01      0.190363E-01      0.100817E-01      0.109036E+01      0.100881E+01      0.100021E+01      0.107104E+01
      0.212500E+02      0.188830E+01      0.195068E-01      0.103304E-01      0.109051E+01      0.100900E+01      0.100026E+01      0.107305E+01
      0.218750E+02      0.188840E+01      0.199563E-01      0.105678E-01      0.109061E+01      0.100917E+01      0.100032E+01      0.107500E+01
      0.225000E+02      0.188852E+01      0.203842E-01      0.107937E-01      0.109067E+01      0.100934E+01      0.100038E+01      0.107687E+01
      0.231250E+02      0.188865E+01      0.207903E-01      0.110080E-01      0.109069E+01      0.100949E+01      0.100045E+01      0.107866E+01
      0.237500E+02      0.188879E+01      0.211744E-01      0.112105E-01      0.109068E+01      0.100964E+01      0.100052E+01      0.108037E+01
      0.243750E+02      0.188895E+01      0.215368E-01      0.114015E-01      0.109064E+01      0.100977E+01      0.100060E+01      0.108201E+01
      0.250000E+02      0.188911E+01      0.218777E-01      0.115810E-01      0.109058E+01      0.100990E+01      0.100069E+01      0.108356E+01
      0.256250E+02      0.188929E+01      0.221978E-01      0.117493E-01      0.109049E+01      0.101002E+01      0.100078E+01      0.108504E+01
      0.262500E+02      0.188947E+01      0.224973E-01      0.119067E-01      0.109039E+01      0.101013E+01      0.100088E+01      0.108644E+01
      0.268750E+02      0.188967E+01      0.227770E-01      0.120534E-01      0.109027E+01      0.101023E+01      0.100099E+01      0.108776E+01
      0.275000E+02      0.188988E+01      0.230372E-01      0.121898E-01      0.109013E+01      0.101032E+01      0.100110E+01      0.108900E+01
      0.281250E+02      0.189009E+01      0.232785E-01      0.123160E-01      0.108999E+01      0.101041E+01      0.100121E+01      0.109018E+01
      0.287500E+02      0.189032E+01      0.235014E-01      0.124325E-01      0.108983E+01      0.101049E+01      0.100133E+01      0.109127E+01
      0.293750E+02      0.189056E+01      0.237067E-01      0.125395E-01      0.108967E+01      0.101056E+01      0.100146E+01      0.109230E+01
      0.300000E+02      0.189080E+01      0.238947E-01      0.126374E-01      0.108950E+01      0.101063E+01      0.100159E+01      0.109326E+01
