      0.456250E+02      0.189849E+01      0.251785E-01      0.132624E-01      0.108570E+01      0.101105E+01      0.100000E+01      0.109679E+01
      0.462500E+02      0.189882E+01      0.251730E-01      0.132572E-01      0.108559E+01      0.101104E+01      0.100017E+01      0.109693E+01
      0.468750E+02      0.189914E+01      0.251669E-01      0.132517E-01      0.108548E+01      0.101104E+01      0.100034E+01      0.109707E+01
      0.475000E+02      0.189946E+01      0.251603E-01      0.132460E-01      0.108538E+01      0.101103E+01      0.100051E+01      0.109721E+01
      0.481250E+02      0.189979E+01      0.251532E-01      0.132400E-01      0.108528E+01      0.101103E+01      0.100068E+01      0.109735E+01
      0.487500E+02      0.190011E+01      0.251459E-01      0.132339E-01      0.108518E+01      0.101103E+01      0.100085E+01      0.109748E+01
      0.493750E+02      0.190043E+01      0.251384E-01      0.132277E-01      0.108509E+01      0.101102E+01      0.100102E+01      0.109762E+01
      0.500000E+02      0.190075E+01      0.251307E-01      0.132214E-01      0.108500E+01      0.101102E+01      0.100119E+01      0.109775E+01
      0.506250E+02      0.190107E+01      0.251229E-01      0.132151E-01      0.108491E+01      0.101101E+01      0.100136E+01      0.109788E+01
      0.512500E+02      0.190139E+01      0.251151E-01      0.132088E-01      0.108483E+01      0.101101E+01      0.100153E+01      0.109801E+01
      0.518750E+02      0.190171E+01      0.251074E-01      0.132025E-01      0.108475E+01      0.101101E+01      0.100170E+01      0.109814E+01
      0.525000E+02      0.190203E+01      0.250996E-01      0.131962E-01      0.108467E+01      0.101100E+01      0.100186E+01      0.109827E+01
      0.531250E+02      0.190235E+01      0.250920E-01      0.131900E-01      0.108460E+01      0.101100E+01      0.100203E+01      0.109840E+01
      0.537500E+02      0.190266E+01      0.250844E-01      0.131838E-01      0.108453E+01      0.101099E+01      0.100220E+01      0.109853E+01
      0.543750E+02      0.190298E+01      0.250769E-01      0.131777E-01      0.108446E+01      0.101099E+01      0.100237E+01      0.109867E+01
      0.550000E+02      0.190330E+01      0.250696E-01      0.131717E-01      0.108439E+01      0.101099E+01      0.100253E+01      0.109880E+01
      0.556250E+02      0.190361E+01      0.250624E-01      0.131657E-01      0.108433E+01      0.101098E+01      0.100270E+01      0.109893E+01
      0.562500E+02      0.190393E+01      0.250554E-01      0.131598E-01      0.108427E+01      0.101098E+01      0.100286E+01      0.109906E+01
      0.568750E+02      0.190425E+01      0.250485E-01      0.131540E-01      0.108421E+01      0.101097E+01      0.100303E+01      0.109919E+01
      0.575000E+02      0.190456E+01      0.250417E-01      0.131483E-01      0.108416E+01      0.101097E+01      0.100320E+01      0.109933E+01
      0.581250E+02      0.190487E+01      0.250352E-01      0.131427E-01      0.108410E+01      0.101097E+01      0.100336E+01      0.109946E+01
      0.587500E+02      0.190519E+01      0.250288E-01      0.131372E-01      0.108405E+01      0.101096E+01      0.100353E+01      0.109960E+01
      0.593750E+02      0.190550E+01      0.250226E-01      0.131318E-01      0.108400E+01      0.101096E+01      0.100369E+01      0.109973E+01
      0.600000E+02      0.190582E+01      0.250166E-01      0.131264E-01      0.108395E+01      0.101096E+01      0.100386E+01      0.109987E+01
