  0.9641661369E+00  0.4635640098E-01  0.0000000000E+00
  0.9403569086E+00  0.1365994417E+00  0.0000000000E+00
  0.9166669282E+00  0.2627631779E+00  0.0000000000E+00
  0.8931423645E+00  0.4167062240E+00  0.0000000000E+00
  0.8698278917E+00  0.5894857369E+00  0.0000000000E+00
  0.8467663120E+00  0.7784853103E+00  0.0000000000E+00
  0.8239982125E+00  0.9874501268E+00  0.0000000000E+00
  0.8015616632E+00  0.1215681591E+01  0.0000000000E+00
  0.7794919593E+00  0.1456868900E+01  0.0000000000E+00
  0.7578214104E+00  0.1696511669E+01  0.0000000000E+00
  0.7365791789E+00  0.1921828971E+01  0.0000000000E+00
  0.7157911677E+00  0.2147821326E+01  0.0000000000E+00
  0.6954799564E+00  0.2394803409E+01  0.0000000000E+00
  0.6756647824E+00  0.2657330630E+01  0.0000000000E+00
  0.6563615673E+00  0.2919387917E+01  0.0000000000E+00
  0.6375829807E+00  0.3172571029E+01  0.0000000000E+00
  0.6193385410E+00  0.3417653400E+01  0.0000000000E+00
  0.6016347458E+00  0.3653698734E+01  0.0000000000E+00
  0.5844752278E+00  0.3876051760E+01  0.0000000000E+00
  0.5678609324E+00  0.4080197164E+01  0.0000000000E+00
  0.5517903098E+00  0.4272657706E+01  0.0000000000E+00
  0.5362595192E+00  0.4460219239E+01  0.0000000000E+00
  0.5212626395E+00  0.4639099023E+01  0.0000000000E+00
  0.5067918826E+00  0.4802956529E+01  0.0000000000E+00
  0.4928378062E+00  0.4949669646E+01  0.0000000000E+00
  0.4793895231E+00  0.5085154336E+01  0.0000000000E+00
  0.4664349032E+00  0.5215514383E+01  0.0000000000E+00
  0.4539607683E+00  0.5342783357E+01  0.0000000000E+00
  0.4419530752E+00  0.5461018609E+01  0.0000000000E+00
  0.4303970886E+00  0.5566570772E+01  0.0000000000E+00
  0.4192775411E+00  0.5662218125E+01  0.0000000000E+00
  0.4085787801E+00  0.5753353105E+01  0.0000000000E+00
  0.3982849020E+00  0.5845177777E+01  0.0000000000E+00
  0.3883798735E+00  0.5943510398E+01  0.0000000000E+00
  0.3788476389E+00  0.6054580261E+01  0.0000000000E+00
  0.3696722162E+00  0.6180394018E+01  0.0000000000E+00
  0.3608377810E+00  0.6318349001E+01  0.0000000000E+00
  0.3523287383E+00  0.6461200203E+01  0.0000000000E+00
  0.3441297848E+00  0.6601518991E+01  0.0000000000E+00
  0.3362259610E+00  0.6736585508E+01  0.0000000000E+00
  0.3286026937E+00  0.6864966522E+01  0.0000000000E+00
  0.3212458315E+00  0.6989433120E+01  0.0000000000E+00
  0.3141416719E+00  0.7113732544E+01  0.0000000000E+00
  0.3072769820E+00  0.7238785904E+01  0.0000000000E+00
  0.3006390131E+00  0.7365215837E+01  0.0000000000E+00
  0.2942155106E+00  0.7494576683E+01  0.0000000000E+00
  0.2879947188E+00  0.7629210083E+01  0.0000000000E+00
  0.2819653815E+00  0.7768726439E+01  0.0000000000E+00
  0.2761167398E+00  0.7911115460E+01  0.0000000000E+00
  0.2704385267E+00  0.8056920098E+01  0.0000000000E+00
  0.2649209587E+00  0.8206515309E+01  0.0000000000E+00
  0.2595547264E+00  0.8360766235E+01  0.0000000000E+00
  0.2543309822E+00  0.8521277995E+01  0.0000000000E+00
  0.2492413280E+00  0.8688164117E+01  0.0000000000E+00
  0.2442778002E+00  0.8861778012E+01  0.0000000000E+00
  0.2394328560E+00  0.9042708641E+01  0.0000000000E+00
  0.2346993567E+00  0.9232051047E+01  0.0000000000E+00
  0.2300705531E+00  0.9430543367E+01  0.0000000000E+00
  0.2255400686E+00  0.9639250149E+01  0.0000000000E+00
  0.2211018836E+00  0.9859454457E+01  0.0000000000E+00
  0.2167503195E+00  0.1009223497E+02  0.0000000000E+00
  0.2124800229E+00  0.1033766864E+02  0.0000000000E+00
  0.2082859499E+00  0.1059591889E+02  0.0000000000E+00
  0.2041633512E+00  0.1086744783E+02  0.0000000000E+00
  0.2001077568E+00  0.1115188832E+02  0.0000000000E+00
  0.1961149623E+00  0.1144958961E+02  0.0000000000E+00
  0.1921810143E+00  0.1176119078E+02  0.0000000000E+00
  0.1883021974E+00  0.1208870422E+02  0.0000000000E+00
  0.1844750213E+00  0.1243299514E+02  0.0000000000E+00
  0.1806962081E+00  0.1279495531E+02  0.0000000000E+00
  0.1769626807E+00  0.1317505740E+02  0.0000000000E+00
  0.1732715512E+00  0.1357311744E+02  0.0000000000E+00
  0.1696201103E+00  0.1399030911E+02  0.0000000000E+00
  0.1660058169E+00  0.1442869913E+02  0.0000000000E+00
  0.1624262883E+00  0.1489024975E+02  0.0000000000E+00
  0.1588792908E+00  0.1537738246E+02  0.0000000000E+00
  0.1553627311E+00  0.1589141665E+02  0.0000000000E+00
  0.1518746474E+00  0.1643545814E+02  0.0000000000E+00
  0.1484132020E+00  0.1701196258E+02  0.0000000000E+00
  0.1449766737E+00  0.1762258829E+02  0.0000000000E+00
  0.1415634504E+00  0.1826877609E+02  0.0000000000E+00
  0.1381720227E+00  0.1895191881E+02  0.0000000000E+00
  0.1348009774E+00  0.1967289312E+02  0.0000000000E+00
  0.1314489918E+00  0.2043321216E+02  0.0000000000E+00
  0.1281148278E+00  0.2123540351E+02  0.0000000000E+00
  0.1247973268E+00  0.2208075726E+02  0.0000000000E+00
  0.1214954046E+00  0.2296792375E+02  0.0000000000E+00
  0.1182080468E+00  0.2389646737E+02  0.0000000000E+00
  0.1149343045E+00  0.2486855615E+02  0.0000000000E+00
  0.1116732900E+00  0.2588560587E+02  0.0000000000E+00
  0.1084241728E+00  0.2694820785E+02  0.0000000000E+00
  0.1051861765E+00  0.2805592645E+02  0.0000000000E+00
  0.1019585747E+00  0.2920805151E+02  0.0000000000E+00
  0.9874068825E-01  0.3040056748E+02  0.0000000000E+00
  0.9553188202E-01  0.3162647076E+02  0.0000000000E+00
  0.9233156218E-01  0.3287866400E+02  0.0000000000E+00
  0.8913917351E-01  0.3414809183E+02  0.0000000000E+00
  0.8595419692E-01  0.3542245131E+02  0.0000000000E+00
  0.8277614712E-01  0.3668603134E+02  0.0000000000E+00
  0.7960457047E-01  0.3792602807E+02  0.0000000000E+00
  0.7643904287E-01  0.3913218661E+02  0.0000000000E+00
  0.7327916792E-01  0.4029077254E+02  0.0000000000E+00
  0.7012457510E-01  0.4138344956E+02  0.0000000000E+00
  0.6697491809E-01  0.4238678804E+02  0.0000000000E+00
  0.6382987318E-01  0.4326656550E+02  0.0000000000E+00
  0.6068913785E-01  0.4398110384E+02  0.0000000000E+00
  0.5755242935E-01  0.4448948895E+02  0.0000000000E+00
  0.5441948345E-01  0.4476230134E+02  0.0000000000E+00
  0.5129005320E-01  0.4476907080E+02  0.0000000000E+00
  0.4816390782E-01  0.4447474258E+02  0.0000000000E+00
  0.4504083165E-01  0.4384502025E+02  0.0000000000E+00
  0.4192062316E-01  0.4284916053E+02  0.0000000000E+00
  0.3880309403E-01  0.4146717564E+02  0.0000000000E+00
  0.3568806828E-01  0.3969882353E+02  0.0000000000E+00
  0.3257538147E-01  0.3754132518E+02  0.0000000000E+00
  0.2946487995E-01  0.3497605179E+02  0.0000000000E+00
  0.2635642014E-01  0.3198245369E+02  0.0000000000E+00
  0.2324986788E-01  0.2850538865E+02  0.0000000000E+00
  0.2014509783E-01  0.2448790435E+02  0.0000000000E+00
  0.1704199287E-01  0.1989521597E+02  0.0000000000E+00
  0.1394044356E-01  0.1473015563E+02  0.0000000000E+00
  0.1084034764E-01  0.9316820016E+01  0.0000000000E+00
  0.7741609588E-02  0.4572270055E+01  0.0000000000E+00
  0.4644140138E-02  0.1472876447E+01  0.0000000000E+00
  0.1547855893E-02  0.1458140080E+00  0.0000000000E+00
