  0.9641661369E+00 -0.8848960929E-02  0.0000000000E+00
  0.9403569086E+00  0.7138657485E-01  0.0000000000E+00
  0.9166669282E+00  0.1808453872E+00  0.0000000000E+00
  0.8931423645E+00  0.3145478357E+00  0.0000000000E+00
  0.8698278917E+00  0.4749995713E+00  0.0000000000E+00
  0.8467663120E+00  0.6671901857E+00  0.0000000000E+00
  0.8239982125E+00  0.8893649521E+00  0.0000000000E+00
  0.8015616632E+00  0.1133382848E+01  0.0000000000E+00
  0.7794919593E+00  0.1391096792E+01  0.0000000000E+00
  0.7578214104E+00  0.1653615623E+01  0.0000000000E+00
  0.7365791789E+00  0.1919226935E+01  0.0000000000E+00
  0.7157911677E+00  0.2190479836E+01  0.0000000000E+00
  0.6954799564E+00  0.2464214266E+01  0.0000000000E+00
  0.6756647824E+00  0.2735585460E+01  0.0000000000E+00
  0.6563615673E+00  0.3006127369E+01  0.0000000000E+00
  0.6375829807E+00  0.3287850225E+01  0.0000000000E+00
  0.6193385410E+00  0.3597030877E+01  0.0000000000E+00
  0.6016347458E+00  0.3932721739E+01  0.0000000000E+00
  0.5844752278E+00  0.4274301412E+01  0.0000000000E+00
  0.5678609324E+00  0.4608182855E+01  0.0000000000E+00
  0.5517903098E+00  0.4935669075E+01  0.0000000000E+00
  0.5362595192E+00  0.5256126990E+01  0.0000000000E+00
  0.5212626395E+00  0.5566776727E+01  0.0000000000E+00
  0.5067918826E+00  0.5864810843E+01  0.0000000000E+00
  0.4928378062E+00  0.6146103416E+01  0.0000000000E+00
  0.4793895231E+00  0.6410401891E+01  0.0000000000E+00
  0.4664349032E+00  0.6667087632E+01  0.0000000000E+00
  0.4539607683E+00  0.6931053591E+01  0.0000000000E+00
  0.4419530752E+00  0.7211722347E+01  0.0000000000E+00
  0.4303970886E+00  0.7509451453E+01  0.0000000000E+00
  0.4192775411E+00  0.7819443001E+01  0.0000000000E+00
  0.4085787801E+00  0.8134266812E+01  0.0000000000E+00
  0.3982849020E+00  0.8442212663E+01  0.0000000000E+00
  0.3883798735E+00  0.8730220988E+01  0.0000000000E+00
  0.3788476389E+00  0.8993160068E+01  0.0000000000E+00
  0.3696722162E+00  0.9236668357E+01  0.0000000000E+00
  0.3608377810E+00  0.9470968910E+01  0.0000000000E+00
  0.3523287383E+00  0.9705472027E+01  0.0000000000E+00
  0.3441297848E+00  0.9948143260E+01  0.0000000000E+00
  0.3362259610E+00  0.1020617329E+02  0.0000000000E+00
  0.3286026937E+00  0.1048469061E+02  0.0000000000E+00
  0.3212458315E+00  0.1078488802E+02  0.0000000000E+00
  0.3141416719E+00  0.1110419228E+02  0.0000000000E+00
  0.3072769820E+00  0.1143852646E+02  0.0000000000E+00
  0.3006390131E+00  0.1178495332E+02  0.0000000000E+00
  0.2942155106E+00  0.1214292280E+02  0.0000000000E+00
  0.2879947188E+00  0.1251366700E+02  0.0000000000E+00
  0.2819653815E+00  0.1289883775E+02  0.0000000000E+00
  0.2761167398E+00  0.1329949402E+02  0.0000000000E+00
  0.2704385267E+00  0.1371563241E+02  0.0000000000E+00
  0.2649209587E+00  0.1414612253E+02  0.0000000000E+00
  0.2595547264E+00  0.1458913665E+02  0.0000000000E+00
  0.2543309822E+00  0.1504313476E+02  0.0000000000E+00
  0.2492413280E+00  0.1550792638E+02  0.0000000000E+00
  0.2442778002E+00  0.1598510813E+02  0.0000000000E+00
  0.2394328560E+00  0.1647772724E+02  0.0000000000E+00
  0.2346993567E+00  0.1698951959E+02  0.0000000000E+00
  0.2300705531E+00  0.1752411143E+02  0.0000000000E+00
  0.2255400686E+00  0.1808445959E+02  0.0000000000E+00
  0.2211018836E+00  0.1867267694E+02  0.0000000000E+00
  0.2167503195E+00  0.1929024366E+02  0.0000000000E+00
  0.2124800229E+00  0.1993846045E+02  0.0000000000E+00
  0.2082859499E+00  0.2061887774E+02  0.0000000000E+00
  0.2041633512E+00  0.2133342706E+02  0.0000000000E+00
  0.2001077568E+00  0.2208417668E+02  0.0000000000E+00
  0.1961149623E+00  0.2287288243E+02  0.0000000000E+00
  0.1921810143E+00  0.2370061074E+02  0.0000000000E+00
  0.1883021974E+00  0.2456766094E+02  0.0000000000E+00
  0.1844750213E+00  0.2547384492E+02  0.0000000000E+00
  0.1806962081E+00  0.2641898414E+02  0.0000000000E+00
  0.1769626807E+00  0.2740339536E+02  0.0000000000E+00
  0.1732715512E+00  0.2842819870E+02  0.0000000000E+00
  0.1696201103E+00  0.2949542910E+02  0.0000000000E+00
  0.1660058169E+00  0.3060803824E+02  0.0000000000E+00
  0.1624262883E+00  0.3176983495E+02  0.0000000000E+00
  0.1588792908E+00  0.3298528964E+02  0.0000000000E+00
  0.1553627311E+00  0.3425912442E+02  0.0000000000E+00
  0.1518746474E+00  0.3559575602E+02  0.0000000000E+00
  0.1484132020E+00  0.3699875352E+02  0.0000000000E+00
  0.1449766737E+00  0.3847044146E+02  0.0000000000E+00
  0.1415634504E+00  0.4001171039E+02  0.0000000000E+00
  0.1381720227E+00  0.4162203574E+02  0.0000000000E+00
  0.1348009774E+00  0.4329965368E+02  0.0000000000E+00
  0.1314489918E+00  0.4504182279E+02  0.0000000000E+00
  0.1281148278E+00  0.4684511321E+02  0.0000000000E+00
  0.1247973268E+00  0.4870566573E+02  0.0000000000E+00
  0.1214954046E+00  0.5061933881E+02  0.0000000000E+00
  0.1182080468E+00  0.5258166050E+02  0.0000000000E+00
  0.1149343045E+00  0.5458755545E+02  0.0000000000E+00
  0.1116732900E+00  0.5663088255E+02  0.0000000000E+00
  0.1084241728E+00  0.5870385676E+02  0.0000000000E+00
  0.1051861765E+00  0.6079644001E+02  0.0000000000E+00
  0.1019585747E+00  0.6289576721E+02  0.0000000000E+00
  0.9874068825E-01  0.6498561091E+02  0.0000000000E+00
  0.9553188202E-01  0.6704582841E+02  0.0000000000E+00
  0.9233156218E-01  0.6905175371E+02  0.0000000000E+00
  0.8913917351E-01  0.7097357688E+02  0.0000000000E+00
  0.8595419692E-01  0.7277579802E+02  0.0000000000E+00
  0.8277614712E-01  0.7441682030E+02  0.0000000000E+00
  0.7960457047E-01  0.7584871021E+02  0.0000000000E+00
  0.7643904287E-01  0.7701714875E+02  0.0000000000E+00
  0.7327916792E-01  0.7786163332E+02  0.0000000000E+00
  0.7012457510E-01  0.7831607043E+02  0.0000000000E+00
  0.6697491809E-01  0.7831000045E+02  0.0000000000E+00
  0.6382987318E-01  0.7777073361E+02  0.0000000000E+00
  0.6068913785E-01  0.7662658265E+02  0.0000000000E+00
  0.5755242935E-01  0.7481122428E+02  0.0000000000E+00
  0.5441948345E-01  0.7226916549E+02  0.0000000000E+00
  0.5129005320E-01  0.6896232833E+02  0.0000000000E+00
  0.4816390782E-01  0.6487768695E+02  0.0000000000E+00
  0.4504083165E-01  0.6003556572E+02  0.0000000000E+00
  0.4192062316E-01  0.5449775456E+02  0.0000000000E+00
  0.3880309403E-01  0.4837413906E+02  0.0000000000E+00
  0.3568806828E-01  0.4182601978E+02  0.0000000000E+00
  0.3257538147E-01  0.3506386194E+02  0.0000000000E+00
  0.2946487995E-01  0.2833749071E+02  0.0000000000E+00
  0.2635642014E-01  0.2191794981E+02  0.0000000000E+00
  0.2324986788E-01  0.1607172540E+02  0.0000000000E+00
  0.2014509783E-01  0.1102955698E+02  0.0000000000E+00
  0.1704199287E-01  0.6954315185E+01  0.0000000000E+00
  0.1394044356E-01  0.3914944592E+01  0.0000000000E+00
  0.1084034764E-01  0.1873965440E+01  0.0000000000E+00
  0.7741609588E-02  0.6932388205E+00  0.0000000000E+00
  0.4644140138E-02  0.1575830573E+00  0.0000000000E+00
  0.1547855893E-02  0.1025158884E-01  0.0000000000E+00
