  0.9641661369E+00 -0.3529894614E-02  0.0000000000E+00
  0.9403569086E+00  0.3129345867E-01  0.0000000000E+00
  0.9166669282E+00  0.8356272041E-01  0.0000000000E+00
  0.8931423645E+00  0.1543838242E+00  0.0000000000E+00
  0.8698278917E+00  0.2398819251E+00  0.0000000000E+00
  0.8467663120E+00  0.3354354876E+00  0.0000000000E+00
  0.8239982125E+00  0.4360581404E+00  0.0000000000E+00
  0.8015616632E+00  0.5409868633E+00  0.0000000000E+00
  0.7794919593E+00  0.6527443699E+00  0.0000000000E+00
  0.7578214104E+00  0.7649403047E+00  0.0000000000E+00
  0.7365791789E+00  0.8709674635E+00  0.0000000000E+00
  0.7157911677E+00  0.9784298102E+00  0.0000000000E+00
  0.6954799564E+00  0.1092289787E+01  0.0000000000E+00
  0.6756647824E+00  0.1214346910E+01  0.0000000000E+00
  0.6563615673E+00  0.1340197279E+01  0.0000000000E+00
  0.6375829807E+00  0.1468786938E+01  0.0000000000E+00
  0.6193385410E+00  0.1594744716E+01  0.0000000000E+00
  0.6016347458E+00  0.1713336071E+01  0.0000000000E+00
  0.5844752278E+00  0.1825471438E+01  0.0000000000E+00
  0.5678609324E+00  0.1934392895E+01  0.0000000000E+00
  0.5517903098E+00  0.2041657621E+01  0.0000000000E+00
  0.5362595192E+00  0.2148784288E+01  0.0000000000E+00
  0.5212626395E+00  0.2254256325E+01  0.0000000000E+00
  0.5067918826E+00  0.2357396412E+01  0.0000000000E+00
  0.4928378062E+00  0.2458285284E+01  0.0000000000E+00
  0.4793895231E+00  0.2559157822E+01  0.0000000000E+00
  0.4664349032E+00  0.2663087622E+01  0.0000000000E+00
  0.4539607683E+00  0.2766831460E+01  0.0000000000E+00
  0.4419530752E+00  0.2867450393E+01  0.0000000000E+00
  0.4303970886E+00  0.2968629509E+01  0.0000000000E+00
  0.4192775411E+00  0.3069769514E+01  0.0000000000E+00
  0.4085787801E+00  0.3171973667E+01  0.0000000000E+00
  0.3982849020E+00  0.3277861997E+01  0.0000000000E+00
  0.3883798735E+00  0.3384745462E+01  0.0000000000E+00
  0.3788476389E+00  0.3489453075E+01  0.0000000000E+00
  0.3696722162E+00  0.3593062715E+01  0.0000000000E+00
  0.3608377810E+00  0.3700116258E+01  0.0000000000E+00
  0.3523287383E+00  0.3814294165E+01  0.0000000000E+00
  0.3441297848E+00  0.3935329770E+01  0.0000000000E+00
  0.3362259610E+00  0.4060417189E+01  0.0000000000E+00
  0.3286026937E+00  0.4186013188E+01  0.0000000000E+00
  0.3212458315E+00  0.4311420768E+01  0.0000000000E+00
  0.3141416719E+00  0.4439518813E+01  0.0000000000E+00
  0.3072769820E+00  0.4569106979E+01  0.0000000000E+00
  0.3006390131E+00  0.4698546885E+01  0.0000000000E+00
  0.2942155106E+00  0.4825158261E+01  0.0000000000E+00
  0.2879947188E+00  0.4951374999E+01  0.0000000000E+00
  0.2819653815E+00  0.5080088479E+01  0.0000000000E+00
  0.2761167398E+00  0.5213460769E+01  0.0000000000E+00
  0.2704385267E+00  0.5353695683E+01  0.0000000000E+00
  0.2649209587E+00  0.5502791903E+01  0.0000000000E+00
  0.2595547264E+00  0.5662232056E+01  0.0000000000E+00
  0.2543309822E+00  0.5834217868E+01  0.0000000000E+00
  0.2492413280E+00  0.6019172080E+01  0.0000000000E+00
  0.2442778002E+00  0.6215274779E+01  0.0000000000E+00
  0.2394328560E+00  0.6419675423E+01  0.0000000000E+00
  0.2346993567E+00  0.6628018100E+01  0.0000000000E+00
  0.2300705531E+00  0.6839634872E+01  0.0000000000E+00
  0.2255400686E+00  0.7056091227E+01  0.0000000000E+00
  0.2211018836E+00  0.7278143245E+01  0.0000000000E+00
  0.2167503195E+00  0.7506420013E+01  0.0000000000E+00
  0.2124800229E+00  0.7743603277E+01  0.0000000000E+00
  0.2082859499E+00  0.7991360419E+01  0.0000000000E+00
  0.2041633512E+00  0.8251762372E+01  0.0000000000E+00
  0.2001077568E+00  0.8527557158E+01  0.0000000000E+00
  0.1961149623E+00  0.8820439241E+01  0.0000000000E+00
  0.1921810143E+00  0.9131944974E+01  0.0000000000E+00
  0.1883021974E+00  0.9461077222E+01  0.0000000000E+00
  0.1844750213E+00  0.9806635475E+01  0.0000000000E+00
  0.1806962081E+00  0.1016530577E+02  0.0000000000E+00
  0.1769626807E+00  0.1053520052E+02  0.0000000000E+00
  0.1732715512E+00  0.1091652947E+02  0.0000000000E+00
  0.1696201103E+00  0.1130924341E+02  0.0000000000E+00
  0.1660058169E+00  0.1171484647E+02  0.0000000000E+00
  0.1624262883E+00  0.1213684358E+02  0.0000000000E+00
  0.1588792908E+00  0.1257895448E+02  0.0000000000E+00
  0.1553627311E+00  0.1304446470E+02  0.0000000000E+00
  0.1518746474E+00  0.1353448811E+02  0.0000000000E+00
  0.1484132020E+00  0.1404920560E+02  0.0000000000E+00
  0.1449766737E+00  0.1458983033E+02  0.0000000000E+00
  0.1415634504E+00  0.1515537556E+02  0.0000000000E+00
  0.1381720227E+00  0.1574530441E+02  0.0000000000E+00
  0.1348009774E+00  0.1636056657E+02  0.0000000000E+00
  0.1314489918E+00  0.1700220487E+02  0.0000000000E+00
  0.1281148278E+00  0.1767037548E+02  0.0000000000E+00
  0.1247973268E+00  0.1836276710E+02  0.0000000000E+00
  0.1214954046E+00  0.1907669392E+02  0.0000000000E+00
  0.1182080468E+00  0.1981220477E+02  0.0000000000E+00
  0.1149343045E+00  0.2057292708E+02  0.0000000000E+00
  0.1116732900E+00  0.2136341150E+02  0.0000000000E+00
  0.1084241728E+00  0.2218834692E+02  0.0000000000E+00
  0.1051861765E+00  0.2304712806E+02  0.0000000000E+00
  0.1019585747E+00  0.2393727422E+02  0.0000000000E+00
  0.9874068825E-01  0.2485516964E+02  0.0000000000E+00
  0.9553188202E-01  0.2579990763E+02  0.0000000000E+00
  0.9233156218E-01  0.2676251419E+02  0.0000000000E+00
  0.8913917351E-01  0.2772804376E+02  0.0000000000E+00
  0.8595419692E-01  0.2868160982E+02  0.0000000000E+00
  0.8277614712E-01  0.2961434863E+02  0.0000000000E+00
  0.7960457047E-01  0.3052652553E+02  0.0000000000E+00
  0.7643904287E-01  0.3141940766E+02  0.0000000000E+00
  0.7327916792E-01  0.3228012221E+02  0.0000000000E+00
  0.7012457510E-01  0.3308513220E+02  0.0000000000E+00
  0.6697491809E-01  0.3380477083E+02  0.0000000000E+00
  0.6382987318E-01  0.3441403255E+02  0.0000000000E+00
  0.6068913785E-01  0.3489069218E+02  0.0000000000E+00
  0.5755242935E-01  0.3521845414E+02  0.0000000000E+00
  0.5441948345E-01  0.3539630804E+02  0.0000000000E+00
  0.5129005320E-01  0.3541300389E+02  0.0000000000E+00
  0.4816390782E-01  0.3523256855E+02  0.0000000000E+00
  0.4504083165E-01  0.3481802695E+02  0.0000000000E+00
  0.4192062316E-01  0.3414275649E+02  0.0000000000E+00
  0.3880309403E-01  0.3317249767E+02  0.0000000000E+00
  0.3568806828E-01  0.3189111314E+02  0.0000000000E+00
  0.3257538147E-01  0.3029310353E+02  0.0000000000E+00
  0.2946487995E-01  0.2827897583E+02  0.0000000000E+00
  0.2635642014E-01  0.2568998953E+02  0.0000000000E+00
  0.2324986788E-01  0.2241614031E+02  0.0000000000E+00
  0.2014509783E-01  0.1846145676E+02  0.0000000000E+00
  0.1704199287E-01  0.1397561537E+02  0.0000000000E+00
  0.1394044356E-01  0.9387364796E+01  0.0000000000E+00
  0.1084034764E-01  0.5369333689E+01  0.0000000000E+00
  0.7741609588E-02  0.2471116319E+01  0.0000000000E+00
  0.4644140138E-02  0.7823162879E+00  0.0000000000E+00
  0.1547855893E-02  0.7662849296E-01  0.0000000000E+00
