  0.1378532308E+03 -0.6508543549E-04  0.7598993320E-06  0.4243493200E-05
  0.1344718619E+03 -0.5021339736E-04  0.9479697280E-06  0.5268437670E-05
  0.1311172310E+03 -0.3501660260E-04  0.1227806705E-05  0.6174764150E-05
  0.1277926961E+03 -0.1858680907E-04  0.1585548123E-05  0.9092503662E-05
  0.1245020204E+03 -0.8797003953E-05  0.2026165779E-05  0.1121569657E-04
  0.1212501654E+03 -0.8163574374E-05  0.2568560386E-05  0.1154816373E-04
  0.1180425559E+03 -0.1691909263E-04  0.3227986039E-05  0.8752059023E-05
  0.1148845325E+03 -0.3308548867E-04  0.4055181309E-05  0.2289897202E-05
  0.1117827476E+03 -0.4972782183E-04  0.5064037775E-05 -0.5364227507E-05
  0.1087416126E+03 -0.5559607146E-04  0.6146836565E-05 -0.9708078100E-05
  0.1057639203E+03 -0.4751248597E-04  0.7315859345E-05 -0.8578401118E-05
  0.1028537484E+03 -0.3167945373E-04  0.8654414094E-05 -0.3925433204E-05
  0.1000139127E+03 -0.8499174702E-05  0.1011697140E-04  0.4463098647E-05
  0.9724595077E+02  0.1221262983E-04  0.1163058120E-04  0.1301007130E-04
  0.9455059554E+02  0.2136050775E-04  0.1323342519E-04  0.1784101200E-04
  0.9192942051E+02  0.1891310975E-04  0.1496355121E-04  0.1743612820E-04
  0.8938306694E+02  0.1685087858E-04  0.1672240428E-04  0.1696178206E-04
  0.8691164524E+02  0.1849106029E-04  0.1860096825E-04  0.1835842683E-04
  0.8451652909E+02  0.2108325004E-04  0.2075374577E-04  0.2057337151E-04
  0.8219818532E+02  0.2244694503E-04  0.2307021832E-04  0.2255658356E-04
  0.7995578592E+02  0.1521655768E-04  0.2551882644E-04  0.2142196425E-04
  0.7778868518E+02 -0.6560726661E-05  0.2811357321E-04  0.1478390928E-04
  0.7569562730E+02 -0.3242196629E-04  0.3076471061E-04  0.6455489592E-05
  0.7367540378E+02 -0.4731508971E-04  0.3343748411E-04  0.1890151464E-05
  0.7172664547E+02 -0.4444026630E-04  0.3610057879E-04  0.4773092413E-05
  0.6984758537E+02 -0.2956560747E-04  0.3883711794E-04  0.1431981068E-04
  0.6803667580E+02 -0.1524041112E-04  0.4184298798E-04  0.2514747565E-04
  0.6629240204E+02 -0.1352667706E-04  0.4512423164E-04  0.3060788111E-04
  0.6461275395E+02 -0.3051288614E-04  0.4867895018E-04  0.2677153475E-04
  0.6299596814E+02 -0.5295830259E-04  0.5249242943E-04  0.1864557887E-04
  0.6143996138E+02 -0.7374667261E-04  0.5635724752E-04  0.1096299858E-04
  0.5994217276E+02 -0.1006599060E-03  0.6027681105E-04  0.2410299512E-05
  0.5850037106E+02 -0.1293784590E-03  0.6435146250E-04 -0.5864878806E-05
  0.5711236498E+02 -0.1492718665E-03  0.6857366518E-04 -0.1060155190E-04
  0.5577604232E+02 -0.1584462679E-03  0.7283566433E-04 -0.1142906231E-04
  0.5448904730E+02 -0.1661597033E-03  0.7702466955E-04 -0.1102224408E-04
  0.5324903089E+02 -0.1870435920E-03  0.8129291176E-04 -0.1476768833E-04
  0.5205389673E+02 -0.2198664521E-03  0.8579287379E-04 -0.2426241842E-04
  0.5090169388E+02 -0.2477915301E-03  0.9046132449E-04 -0.3397561636E-04
  0.4979039481E+02 -0.2573999100E-03  0.9509649326E-04 -0.3828923779E-04
  0.4871787342E+02 -0.2493118365E-03  0.9959987059E-04 -0.3591719960E-04
  0.4768206446E+02 -0.2362716311E-03  0.1041405202E-03 -0.3050146818E-04
  0.4668108399E+02 -0.2318240395E-03  0.1088236079E-03 -0.2774781972E-04
  0.4571310846E+02 -0.2349584456E-03  0.1134389120E-03 -0.2965409873E-04
  0.4477630592E+02 -0.2332175926E-03  0.1177878808E-03 -0.3298165713E-04
  0.4386892493E+02 -0.2225185354E-03  0.1220502840E-03 -0.3467600751E-04
  0.4298941590E+02 -0.2034994800E-03  0.1265256579E-03 -0.3317101690E-04
  0.4213633085E+02 -0.1797624064E-03  0.1313437077E-03 -0.2973395237E-04
  0.4130827202E+02 -0.1584298885E-03  0.1364440838E-03 -0.2717742803E-04
  0.4050382753E+02 -0.1399513184E-03  0.1416909120E-03 -0.2497262082E-04
  0.3972162761E+02 -0.1204043996E-03  0.1470845316E-03 -0.2055595473E-04
  0.3896038082E+02 -0.9993826967E-04  0.1527948570E-03 -0.1331740509E-04
  0.3821892831E+02 -0.7972978435E-04  0.1589514948E-03 -0.4170426280E-05
  0.3749615854E+02 -0.6291380406E-04  0.1655954971E-03  0.4854350382E-05
  0.3679103420E+02 -0.5269906258E-04  0.1726626555E-03  0.1090844831E-04
  0.3610253095E+02 -0.4759229401E-04  0.1799568719E-03  0.1231652590E-04
  0.3542965251E+02 -0.4341663997E-04  0.1873663144E-03  0.1070343913E-04
  0.3477143153E+02 -0.3911561258E-04  0.1950083552E-03  0.7862457441E-05
  0.3412700395E+02 -0.3558429692E-04  0.2030311999E-03  0.4635954933E-05
  0.3349553639E+02 -0.2957104867E-04  0.2113606452E-03  0.2947877775E-05
  0.3287620652E+02 -0.1792162589E-04  0.2199323832E-03  0.4909845673E-05
  0.3226822849E+02  0.1093817530E-05  0.2288507576E-03  0.1160031379E-04
  0.3167088932E+02  0.2414117784E-04  0.2382525473E-03  0.2220245701E-04
  0.3108351226E+02  0.4114271083E-04  0.2482483527E-03  0.3328661792E-04
  0.3050547191E+02  0.3843875892E-04  0.2590241400E-03  0.3970646375E-04
  0.2993620878E+02  0.9061169529E-05  0.2706948396E-03  0.3835113985E-04
  0.2937519945E+02 -0.4284137684E-04  0.2831763886E-03  0.2951386446E-04
  0.2882192790E+02 -0.1090343000E-03  0.2964095837E-03  0.1542609805E-04
  0.2827592852E+02 -0.1754811228E-03  0.3102549548E-03 -0.3771541380E-06
  0.2773673191E+02 -0.2326361242E-03  0.3244248972E-03 -0.1506634030E-04
  0.2720387053E+02 -0.2762212956E-03  0.3389202501E-03 -0.2783134152E-04
  0.2667693621E+02 -0.3029867493E-03  0.3539143962E-03 -0.3677320704E-04
  0.2615554399E+02 -0.3114932345E-03  0.3695313589E-03 -0.3964545596E-04
  0.2563933661E+02 -0.3059974022E-03  0.3860538614E-03 -0.3688766296E-04
  0.2512800459E+02 -0.2970940811E-03  0.4037157040E-03 -0.3163260644E-04
  0.2462124565E+02 -0.2957317708E-03  0.4226700110E-03 -0.2719344749E-04
  0.2411878388E+02 -0.3025434565E-03  0.4431308138E-03 -0.2445465202E-04
  0.2362037262E+02 -0.3181171285E-03  0.4652603281E-03 -0.2374541898E-04
  0.2312577610E+02 -0.3415237797E-03  0.4891164230E-03 -0.2488358678E-04
  0.2263476672E+02 -0.3661858293E-03  0.5147586653E-03 -0.2575466636E-04
  0.2214713599E+02 -0.3825413562E-03  0.5422326348E-03 -0.2395277133E-04
  0.2166268293E+02 -0.3826372219E-03  0.5716799690E-03 -0.1774421122E-04
  0.2118123184E+02 -0.3674283803E-03  0.6033575286E-03 -0.8185360287E-05
  0.2070261269E+02 -0.3441222382E-03  0.6374709426E-03  0.2970601108E-05
  0.2022666479E+02 -0.3184594207E-03  0.6741373345E-03  0.1538992896E-04
  0.1975322286E+02 -0.2940696708E-03  0.7136241478E-03  0.2885998402E-04
  0.1928213986E+02 -0.2755345688E-03  0.7564974243E-03  0.4224095149E-04
  0.1881329282E+02 -0.2686850096E-03  0.8036011632E-03  0.5331268825E-04
  0.1834659825E+02 -0.2823752703E-03  0.8554317366E-03  0.6061632136E-04
  0.1788194747E+02 -0.3184884097E-03  0.9123902374E-03  0.6440595885E-04
  0.1741926674E+02 -0.3673001788E-03  0.9750194086E-03  0.6599586107E-04
  0.1695848132E+02 -0.4280827933E-03  0.1043660178E-02  0.6524628207E-04
  0.1649952329E+02 -0.5034071516E-03  0.1118808248E-02  0.6017052601E-04
  0.1604231653E+02 -0.5944795213E-03  0.1201074163E-02  0.5063168349E-04
  0.1558679084E+02 -0.6860818574E-03  0.1291089573E-02  0.4024728859E-04
  0.1513287332E+02 -0.7628709873E-03  0.1389264944E-02  0.3359790956E-04
  0.1468046476E+02 -0.8130371843E-03  0.1496525666E-02  0.3373779889E-04
  0.1422947502E+02 -0.8438779453E-03  0.1614739127E-02  0.4267698409E-04
  0.1377983260E+02 -0.8788088493E-03  0.1747083894E-02  0.5710199185E-04
  0.1333151984E+02 -0.9467564383E-03  0.1896881758E-02  0.7007251534E-04
  0.1288452678E+02 -0.1061642224E-02  0.2066336297E-02  0.7739036240E-04
  0.1243881116E+02 -0.1226421008E-02  0.2257265690E-02  0.7953182994E-04
  0.1199428764E+02 -0.1416072359E-02  0.2471544225E-02  0.8198892683E-04
  0.1155082833E+02 -0.1611894694E-02  0.2712945963E-02  0.9303945585E-04
  0.1110831061E+02 -0.1834241562E-02  0.2987119517E-02  0.1127742620E-03
  0.1066662690E+02 -0.2106790900E-02  0.3299597564E-02  0.1411902584E-03
  0.1022562738E+02 -0.2435616768E-02  0.3656339576E-02  0.1763098788E-03
  0.9785121722E+01 -0.2841015315E-02  0.4061378483E-02  0.2020960612E-03
  0.9344732309E+01 -0.3300418397E-02  0.4515468368E-02  0.2152605659E-03
  0.8903815604E+01 -0.3809675529E-02  0.5019811620E-02  0.2212634215E-03
  0.8461398847E+01 -0.4395904031E-02  0.5572628838E-02  0.2130955447E-03
  0.8016191989E+01 -0.4946596223E-02  0.6153728006E-02  0.1966004035E-03
  0.7566120704E+01 -0.5296615357E-02  0.6728073751E-02  0.1988114866E-03
  0.7108047988E+01 -0.5555132585E-02  0.7262110456E-02  0.1896796952E-03
  0.6638013055E+01 -0.5696633386E-02  0.7680117601E-02  0.1410063163E-03
  0.6150514699E+01 -0.5517807441E-02  0.7850454401E-02  0.8603687642E-04
  0.5638252512E+01 -0.4671291793E-02  0.7590169148E-02  0.5170097166E-04
  0.5092197195E+01 -0.3163004692E-02  0.6754931250E-02  0.5079600374E-04
  0.4503664698E+01 -0.1281206802E-02  0.5343824344E-02  0.4082356486E-04
  0.3867817949E+01  0.3226126237E-03  0.3585985047E-02  0.8932241851E-05
  0.3188372295E+01  0.1049177141E-02  0.1934280890E-02 -0.1410654753E-04
  0.2479077152E+01  0.7371895519E-03  0.8020165144E-03 -0.1466157534E-04
  0.1759027043E+01  0.1368084458E-03  0.2529628407E-03 -0.7784050582E-05
  0.1044377613E+01 -0.1296050636E-03  0.5945481961E-04 -0.2574541581E-05
  0.3438499419E+00 -0.8246505431E-04  0.7909932426E-05 -0.6136168215E-06
