  0.1463614714E+03  0.2943846627E-05  0.1502812297E-07  0.2670718491E-06
  0.1427533148E+03  0.3768441383E-05  0.3768779774E-07  0.9090512885E-06
  0.1391658656E+03  0.2350233881E-05  0.7410921435E-07  0.3566858067E-06
  0.1356064129E+03 -0.4891409085E-06  0.1277142090E-06 -0.1184389811E-05
  0.1320817056E+03 -0.1791349392E-05  0.1965894407E-06 -0.2090546640E-05
  0.1285974010E+03 -0.1010600671E-05  0.2782964097E-06 -0.1769112742E-05
  0.1251590030E+03 -0.7175894888E-06  0.3756573713E-06 -0.1611920383E-05
  0.1217720199E+03 -0.2531201685E-05  0.4958277582E-06 -0.2681313649E-05
  0.1184419674E+03 -0.4229436890E-05  0.6440759259E-06 -0.3831258320E-05
  0.1151737320E+03 -0.6819242387E-05  0.8205746662E-06 -0.5369057233E-05
  0.1119714743E+03 -0.1162177546E-04  0.1035252123E-05 -0.7803507381E-05
  0.1088394324E+03 -0.1703036600E-04  0.1306160663E-05 -0.1033551034E-04
  0.1057812795E+03 -0.2097711449E-04  0.1632776678E-05 -0.1203509037E-04
  0.1027995721E+03 -0.2160182620E-04  0.2007787762E-05 -0.1189377038E-04
  0.9989649185E+02 -0.2081659582E-04  0.2452586271E-05 -0.1108522271E-04
  0.9707404174E+02 -0.2013084470E-04  0.2987255537E-05 -0.1047079467E-04
  0.9433366899E+02 -0.2008038159E-04  0.3589044919E-05 -0.1030819512E-04
  0.9167572792E+02 -0.2149396714E-04  0.4229620668E-05 -0.1083422580E-04
  0.8910033529E+02 -0.2455208165E-04  0.4926764849E-05 -0.1207469653E-04
  0.8660764017E+02 -0.2708815058E-04  0.5702003112E-05 -0.1304641097E-04
  0.8419731805E+02 -0.2772144545E-04  0.6554821019E-05 -0.1307289865E-04
  0.8186861750E+02 -0.2960052278E-04  0.7483607261E-05 -0.1371593163E-04
  0.7962035426E+02 -0.3455725075E-04  0.8505868316E-05 -0.1580155227E-04
  0.7745138728E+02 -0.3649748457E-04  0.9602513246E-05 -0.1667818358E-04
  0.7536009813E+02 -0.3128689921E-04  0.1070719130E-04 -0.1448257761E-04
  0.7334454211E+02 -0.2350198208E-04  0.1185155781E-04 -0.1112554314E-04
  0.7140297770E+02 -0.1832022238E-04  0.1317671589E-04 -0.8849304410E-05
  0.6953383947E+02 -0.1859069518E-04  0.1474959364E-04 -0.8827723276E-05
  0.6773510496E+02 -0.2554840571E-04  0.1649744293E-04 -0.1160249207E-04
  0.6600434080E+02 -0.3667408245E-04  0.1832216234E-04 -0.1594993940E-04
  0.6433898097E+02 -0.4691592599E-04  0.2013325099E-04 -0.1971947858E-04
  0.6273638951E+02 -0.5079337346E-04  0.2185588578E-04 -0.2072111660E-04
  0.6119394294E+02 -0.4843578143E-04  0.2351831152E-04 -0.1884441922E-04
  0.5970922202E+02 -0.4702974164E-04  0.2532062803E-04 -0.1707519957E-04
  0.5828019726E+02 -0.4970459960E-04  0.2740187328E-04 -0.1703029798E-04
  0.5690468988E+02 -0.5657912313E-04  0.2969361277E-04 -0.1887829657E-04
  0.5558032796E+02 -0.6655147286E-04  0.3206614930E-04 -0.2213534215E-04
  0.5430464697E+02 -0.7727278989E-04  0.3439789825E-04 -0.2625410167E-04
  0.5307523175E+02 -0.8628355645E-04  0.3664974520E-04 -0.3074776802E-04
  0.5188979196E+02 -0.8882708780E-04  0.3883220259E-04 -0.3328630079E-04
  0.5074608432E+02 -0.8388899580E-04  0.4099250606E-04 -0.3277040418E-04
  0.4964197754E+02 -0.7539933854E-04  0.4323537478E-04 -0.3043867790E-04
  0.4857548100E+02 -0.6700949971E-04  0.4561394501E-04 -0.2790381703E-04
  0.4754466056E+02 -0.6115900300E-04  0.4811446150E-04 -0.2621516814E-04
  0.4654762238E+02 -0.5992073448E-04  0.5078269809E-04 -0.2602012870E-04
  0.4558259884E+02 -0.6287495985E-04  0.5371613390E-04 -0.2677236320E-04
  0.4464792509E+02 -0.6578993312E-04  0.5690810099E-04 -0.2690462028E-04
  0.4374196771E+02 -0.6566975113E-04  0.6023277312E-04 -0.2551762376E-04
  0.4286308371E+02 -0.6099775275E-04  0.6355885716E-04 -0.2234143731E-04
  0.4200967223E+02 -0.5106023256E-04  0.6686228642E-04 -0.1695387589E-04
  0.4118022916E+02 -0.3647463958E-04  0.7021698046E-04 -0.9140865257E-05
  0.4037335489E+02 -0.2048719234E-04  0.7375877560E-04 -0.1452808143E-06
  0.3958777454E+02 -0.8356518510E-05  0.7755528656E-04  0.7424895960E-05
  0.3882225224E+02 -0.4043745605E-05  0.8156014276E-04  0.1153823826E-04
  0.3807558768E+02 -0.8147243851E-05  0.8573193892E-04  0.1208988199E-04
  0.3734663050E+02 -0.1987789074E-04  0.9008401912E-04  0.9588810287E-05
  0.3663431091E+02 -0.3895399494E-04  0.9460736341E-04  0.4086700699E-05
  0.3593759450E+02 -0.6511110998E-04  0.9926754723E-04 -0.4368327398E-05
  0.3525551533E+02 -0.9606950546E-04  0.1041034870E-03 -0.1490132398E-04
  0.3458718509E+02 -0.1282327881E-03  0.1091674822E-03 -0.2619046007E-04
  0.3393177918E+02 -0.1590688956E-03  0.1144851388E-03 -0.3754917031E-04
  0.3328851758E+02 -0.1884935724E-03  0.1200465881E-03 -0.4887788131E-04
  0.3265665405E+02 -0.2154857210E-03  0.1258419158E-03 -0.5975922209E-04
  0.3203548141E+02 -0.2381534885E-03  0.1319090939E-03 -0.6943765803E-04
  0.3142434346E+02 -0.2556348428E-03  0.1382905085E-03 -0.7737762314E-04
  0.3082261745E+02 -0.2691182415E-03  0.1450302247E-03 -0.8373037121E-04
  0.3022972168E+02 -0.2806449062E-03  0.1521948309E-03 -0.8909060402E-04
  0.2964511352E+02 -0.2915286075E-03  0.1598252988E-03 -0.9427685876E-04
  0.2906828056E+02 -0.3029896770E-03  0.1679296983E-03 -0.9984049477E-04
  0.2849874258E+02 -0.3137717676E-03  0.1764968751E-03 -0.1057460263E-03
  0.2793604420E+02 -0.3223809028E-03  0.1854748373E-03 -0.1116414917E-03
  0.2737974270E+02 -0.3281942120E-03  0.1947911099E-03 -0.1165974952E-03
  0.2682940969E+02 -0.3295376652E-03  0.2044619732E-03 -0.1196161770E-03
  0.2628465387E+02 -0.3253389336E-03  0.2145549635E-03 -0.1199984314E-03
  0.2574510638E+02 -0.3158358348E-03  0.2251344147E-03 -0.1173687786E-03
  0.2521042537E+02 -0.3022481375E-03  0.2362519647E-03 -0.1122096565E-03
  0.2468028224E+02 -0.2878033881E-03  0.2480462000E-03 -0.1059992300E-03
  0.2415439046E+02 -0.2743728221E-03  0.2607257949E-03 -0.9959194556E-04
  0.2363248828E+02 -0.2615238031E-03  0.2743845857E-03 -0.9308063677E-04
  0.2311432678E+02 -0.2513854079E-03  0.2891311219E-03 -0.8761382267E-04
  0.2259967745E+02 -0.2482034018E-03  0.3051127109E-03 -0.8456196816E-04
  0.2208832627E+02 -0.2534992059E-03  0.3224463660E-03 -0.8421276187E-04
  0.2158007661E+02 -0.2659577258E-03  0.3412049282E-03 -0.8595116805E-04
  0.2107474370E+02 -0.2809542845E-03  0.3614423798E-03 -0.8851979125E-04
  0.2057215509E+02 -0.2940658669E-03  0.3832543854E-03 -0.9076765867E-04
  0.2007215424E+02 -0.3025358547E-03  0.4066953465E-03 -0.9257735314E-04
  0.1957458069E+02 -0.3080572651E-03  0.4318126641E-03 -0.9483588377E-04
  0.1907927861E+02 -0.3112432002E-03  0.4588647008E-03 -0.9730305349E-04
  0.1858611529E+02 -0.3091689130E-03  0.4882867067E-03 -0.9784384794E-04
  0.1809497754E+02 -0.3053533690E-03  0.5207186177E-03 -0.9538876859E-04
  0.1760578339E+02 -0.3074570887E-03  0.5569275352E-03 -0.9101874069E-04
  0.1711847355E+02 -0.3213551157E-03  0.5974625152E-03 -0.8621303629E-04
  0.1663298894E+02 -0.3472193988E-03  0.6427782449E-03 -0.8190135391E-04
  0.1614928493E+02 -0.3841717244E-03  0.6933252571E-03 -0.7956929719E-04
  0.1566731716E+02 -0.4315596456E-03  0.7495493347E-03 -0.8072363962E-04
  0.1518704978E+02 -0.4819944770E-03  0.8120354678E-03 -0.8397153391E-04
  0.1470845804E+02 -0.5297413624E-03  0.8815171466E-03 -0.8672436419E-04
  0.1423151923E+02 -0.5704823191E-03  0.9588592790E-03 -0.8650502925E-04
  0.1375620703E+02 -0.6034679282E-03  0.1045257692E-02 -0.8062040595E-04
  0.1328250211E+02 -0.6286467288E-03  0.1142271270E-02 -0.6834591584E-04
  0.1281039472E+02 -0.6526429363E-03  0.1251912979E-02 -0.5093007579E-04
  0.1233989351E+02 -0.6969011020E-03  0.1376834111E-02 -0.3416879878E-04
  0.1187103703E+02 -0.7811407325E-03  0.1519892956E-02 -0.2449614033E-04
  0.1140388124E+02 -0.9061881233E-03  0.1683732865E-02 -0.2196298588E-04
  0.1093846686E+02 -0.1054199915E-02  0.1871185918E-02 -0.1929872900E-04
  0.1047483160E+02 -0.1224000321E-02  0.2086193403E-02 -0.9447744596E-05
  0.1001301116E+02 -0.1437144840E-02  0.2334368255E-02  0.6224409991E-05
  0.9553079352E+01 -0.1702253256E-02  0.2621725201E-02  0.2415473410E-04
  0.9095089729E+01 -0.2022671699E-02  0.2954151544E-02  0.4408550055E-04
  0.8639029672E+01 -0.2405921555E-02  0.3339053809E-02  0.6459444561E-04
  0.8184829956E+01 -0.2864018679E-02  0.3783368943E-02  0.8820397427E-04
  0.7732222175E+01 -0.3420958825E-02  0.4291720610E-02  0.1148271553E-03
  0.7280654077E+01 -0.4084120768E-02  0.4863808544E-02  0.1433480819E-03
  0.6829101617E+01 -0.4811481087E-02  0.5488753530E-02  0.1755865016E-03
  0.6375756527E+01 -0.5518234073E-02  0.6137087096E-02  0.2087247152E-03
  0.5917614178E+01 -0.6115024009E-02  0.6758171522E-02  0.2379377742E-03
  0.5450154418E+01 -0.6516014170E-02  0.7260259243E-02  0.2386592615E-03
  0.4966620946E+01 -0.6438588750E-02  0.7478536361E-02  0.2214296663E-03
  0.4457071825E+01 -0.5647165788E-02  0.7211058313E-02  0.1711627766E-03
  0.3908844743E+01 -0.4053104924E-02  0.6243537253E-02  0.8763311916E-04
  0.3307469438E+01 -0.1966144344E-02  0.4521152369E-02  0.5527859186E-05
  0.2641880069E+01 -0.4020576131E-03  0.2446302671E-02 -0.3530984479E-04
  0.1915357160E+01 -0.8969412827E-04  0.8595881425E-03 -0.2543501909E-04
  0.1151940674E+01 -0.2968975200E-03  0.1754485856E-03 -0.9875377382E-05
  0.3816809206E+00 -0.1718560413E-03  0.1893564722E-04 -0.2099267491E-05
