 0.68923611111E+01 0.38793626142E-02 0.15031275941E+02 0.10686989425E+01 0.10731780226E+01 0.97526282549E+00 0.10036964329E+01-0.32259288422E-02 0.15137196351E+01
 0.69097222222E+01 0.38894556626E-02 0.15032277893E+02 0.10687781658E+01 0.10732533977E+01 0.97519733098E+00 0.10037055641E+01-0.32241697074E-02 0.15136877153E+01
 0.69270833333E+01 0.38998072871E-02 0.15033257030E+02 0.10688574183E+01 0.10733288935E+01 0.97513015234E+00 0.10037149265E+01-0.32224502432E-02 0.15136614450E+01
 0.69444444444E+01 0.39101455962E-02 0.15034240893E+02 0.10689365120E+01 0.10734042261E+01 0.97506305384E+00 0.10037242742E+01-0.32206943307E-02 0.15136267141E+01
 0.69618055556E+01 0.39201955342E-02 0.15035237479E+02 0.10690156279E+01 0.10734795257E+01 0.97499782093E+00 0.10037333586E+01-0.32188702830E-02 0.15135789494E+01
 0.69791666667E+01 0.39297843879E-02 0.15036277674E+02 0.10690947127E+01 0.10735548855E+01 0.97493557534E+00 0.10037420239E+01-0.32168967450E-02 0.15135010536E+01
 0.69965277778E+01 0.39391134217E-02 0.15037331506E+02 0.10691734740E+01 0.10736301180E+01 0.97487501118E+00 0.10037504521E+01-0.32147864972E-02 0.15133895288E+01
 0.70138888889E+01 0.39487327362E-02 0.15038354666E+02 0.10692520025E+01 0.10737051937E+01 0.97481255717E+00 0.10037591403E+01-0.32127264836E-02 0.15132830072E+01
 0.70312500000E+01 0.39588114218E-02 0.15039361834E+02 0.10693306164E+01 0.10737803672E+01 0.97474711483E+00 0.10037682409E+01-0.32108368007E-02 0.15132124008E+01
 0.70486111111E+01 0.39692300084E-02 0.15040353356E+02 0.10694093012E+01 0.10738556495E+01 0.97467945920E+00 0.10037776457E+01-0.32091982167E-02 0.15131971593E+01
 0.70659722222E+01 0.39799353148E-02 0.15041323054E+02 0.10694875947E+01 0.10739305214E+01 0.97460993505E+00 0.10037873065E+01-0.32077628932E-02 0.15132253627E+01
 0.70833333333E+01 0.39904613590E-02 0.15042312605E+02 0.10695654472E+01 0.10740049228E+01 0.97454156853E+00 0.10037968028E+01-0.32061878837E-02 0.15132226419E+01
 0.71006944444E+01 0.40003213030E-02 0.15043342428E+02 0.10696431139E+01 0.10740792351E+01 0.97447752242E+00 0.10038056955E+01-0.32041819720E-02 0.15131235990E+01
 0.71180555556E+01 0.40096125001E-02 0.15044384287E+02 0.10697208434E+01 0.10741537512E+01 0.97441716543E+00 0.10038140731E+01-0.32019127753E-02 0.15129645035E+01
 0.71354166667E+01 0.40186968056E-02 0.15045420073E+02 0.10697986955E+01 0.10742285172E+01 0.97435814754E+00 0.10038222621E+01-0.31998925854E-02 0.15128626625E+01
 0.71527777778E+01 0.40280407903E-02 0.15046433313E+02 0.10698762839E+01 0.10743031532E+01 0.97429743753E+00 0.10038306830E+01-0.31983534826E-02 0.15128682672E+01
 0.71701388889E+01 0.40378553918E-02 0.15047428370E+02 0.10699532802E+01 0.10743772386E+01 0.97423366430E+00 0.10038395256E+01-0.31970003546E-02 0.15129105314E+01
 0.71875000000E+01 0.40481835648E-02 0.15048415772E+02 0.10700299920E+01 0.10744510015E+01 0.97416654788E+00 0.10038488284E+01-0.31954907587E-02 0.15129111552E+01
 0.72048611111E+01 0.40589063409E-02 0.15049409116E+02 0.10701068650E+01 0.10745249467E+01 0.97409686054E+00 0.10038584837E+01-0.31937005697E-02 0.15128452169E+01
 0.72222222222E+01 0.40694990496E-02 0.15050418178E+02 0.10701838367E+01 0.10745992347E+01 0.97402801188E+00 0.10038680192E+01-0.31916424271E-02 0.15127179471E+01
 0.72395833333E+01 0.40796184229E-02 0.15051453199E+02 0.10702607911E+01 0.10746738137E+01 0.97396223356E+00 0.10038771259E+01-0.31895508257E-02 0.15125856508E+01
 0.72569444444E+01 0.40893503104E-02 0.15052484702E+02 0.10703378141E+01 0.10747486259E+01 0.97389896832E+00 0.10038858815E+01-0.31877130733E-02 0.15125136664E+01
 0.72743055556E+01 0.40988681226E-02 0.15053509251E+02 0.10704150776E+01 0.10748237660E+01 0.97383708936E+00 0.10038944421E+01-0.31861741949E-02 0.15125124607E+01
 0.72916666667E+01 0.41083122452E-02 0.15054517797E+02 0.10704925007E+01 0.10748991433E+01 0.97377568421E+00 0.10039029343E+01-0.31847860337E-02 0.15125447997E+01
 0.73090277778E+01 0.41179604148E-02 0.15055523999E+02 0.10705697267E+01 0.10749744732E+01 0.97371294696E+00 0.10039116077E+01-0.31832248665E-02 0.15125322852E+01
 0.73263888889E+01 0.41280418069E-02 0.15056525315E+02 0.10706467115E+01 0.10750498091E+01 0.97364738682E+00 0.10039206680E+01-0.31813091571E-02 0.15124305606E+01
 0.73437500000E+01 0.41385073159E-02 0.15057527160E+02 0.10707238298E+01 0.10751254792E+01 0.97357932242E+00 0.10039300709E+01-0.31792120519E-02 0.15122841727E+01
 0.73611111111E+01 0.41489090611E-02 0.15058540949E+02 0.10708013037E+01 0.10752016371E+01 0.97351166634E+00 0.10039394138E+01-0.31771801062E-02 0.15121553344E+01
 0.73784722222E+01 0.41591226628E-02 0.15059568256E+02 0.10708791950E+01 0.10752782480E+01 0.97344522781E+00 0.10039485850E+01-0.31754311862E-02 0.15120962710E+01
 0.73958333333E+01 0.41693038154E-02 0.15060581471E+02 0.10709571631E+01 0.10753550561E+01 0.97337899425E+00 0.10039577245E+01-0.31739843355E-02 0.15121074459E+01
 0.74131944444E+01 0.41793604196E-02 0.15061600369E+02 0.10710346748E+01 0.10754316427E+01 0.97331356495E+00 0.10039667497E+01-0.31725097642E-02 0.15121102610E+01
 0.74305555556E+01 0.41892240147E-02 0.15062618212E+02 0.10711117110E+01 0.10755078836E+01 0.97324938562E+00 0.10039755992E+01-0.31707516087E-02 0.15120435330E+01
 0.74479166667E+01 0.41989367123E-02 0.15063648629E+02 0.10711886779E+01 0.10755839909E+01 0.97318618253E+00 0.10039843109E+01-0.31687483874E-02 0.15119191512E+01
 0.74652777778E+01 0.42087133069E-02 0.15064661617E+02 0.10712660611E+01 0.10756604255E+01 0.97312255805E+00 0.10039930775E+01-0.31667468108E-02 0.15117937483E+01
 0.74826388889E+01 0.42187973318E-02 0.15065660822E+02 0.10713439963E+01 0.10757374569E+01 0.97305692697E+00 0.10040021173E+01-0.31648836942E-02 0.15117001553E+01
 0.75000000000E+01 0.42290545004E-02 0.15066662140E+02 0.10714220427E+01 0.10758147384E+01 0.97299016285E+00 0.10040113097E+01-0.31631464356E-02 0.15116359578E+01
