 0.10017361111E+02 0.56847357865E-02 0.15217161727E+02 0.10814921910E+01 0.10857527889E+01 0.96345205297E+00 0.10052887450E+01-0.29569234334E-02 0.15047041053E+01
 0.10034722222E+02 0.56945295890E-02 0.15218234269E+02 0.10815560717E+01 0.10858154094E+01 0.96338745493E+00 0.10052971564E+01-0.29554670808E-02 0.15046032440E+01
 0.10052083333E+02 0.57049992992E-02 0.15219269336E+02 0.10816204810E+01 0.10858785568E+01 0.96331839242E+00 0.10053061455E+01-0.29545262142E-02 0.15046288007E+01
 0.10069444444E+02 0.57157281983E-02 0.15220292582E+02 0.10816846559E+01 0.10859416137E+01 0.96324761341E+00 0.10053153543E+01-0.29537186547E-02 0.15046854794E+01
 0.10086805556E+02 0.57263136891E-02 0.15221335161E+02 0.10817477828E+01 0.10860037122E+01 0.96317777376E+00 0.10053244371E+01-0.29526789047E-02 0.15046819582E+01
 0.10104166667E+02 0.57366377073E-02 0.15222395891E+02 0.10818099755E+01 0.10860647591E+01 0.96310965278E+00 0.10053332927E+01-0.29513951902E-02 0.15046166671E+01
 0.10121527778E+02 0.57466015117E-02 0.15223454753E+02 0.10818722641E+01 0.10861256642E+01 0.96304390259E+00 0.10053418368E+01-0.29500060786E-02 0.15045270165E+01
 0.10138888889E+02 0.57561350299E-02 0.15224523982E+02 0.10819354937E+01 0.10861873412E+01 0.96298098627E+00 0.10053500096E+01-0.29486655884E-02 0.15044555790E+01
 0.10156250000E+02 0.57653997969E-02 0.15225591648E+02 0.10819995493E+01 0.10862497697E+01 0.96291983839E+00 0.10053579497E+01-0.29474534849E-02 0.15044197006E+01
 0.10173611111E+02 0.57747678301E-02 0.15226661893E+02 0.10820633887E+01 0.10863120373E+01 0.96285800374E+00 0.10053659761E+01-0.29463385271E-02 0.15044064991E+01
 0.10190972222E+02 0.57845102087E-02 0.15227735060E+02 0.10821261237E+01 0.10863732936E+01 0.96279369265E+00 0.10053743209E+01-0.29450916202E-02 0.15043527573E+01
 0.10208333333E+02 0.57950145306E-02 0.15228804949E+02 0.10821880989E+01 0.10864337041E+01 0.96272434550E+00 0.10053833155E+01-0.29437130732E-02 0.15042589542E+01
 0.10225694444E+02 0.58060868438E-02 0.15229862430E+02 0.10822502666E+01 0.10864939992E+01 0.96265124149E+00 0.10053927935E+01-0.29424729493E-02 0.15041991870E+01
 0.10243055556E+02 0.58171302042E-02 0.15230891550E+02 0.10823129261E+01 0.10865545072E+01 0.96257832137E+00 0.10054022435E+01-0.29415534867E-02 0.15042221378E+01
 0.10260416667E+02 0.58277241973E-02 0.15231927576E+02 0.10823756786E+01 0.10866150219E+01 0.96250836162E+00 0.10054113061E+01-0.29407287031E-02 0.15042732584E+01
 0.10277777778E+02 0.58376189157E-02 0.15232983997E+02 0.10824381285E+01 0.10866752877E+01 0.96244301365E+00 0.10054197679E+01-0.29395259852E-02 0.15042315482E+01
 0.10295138889E+02 0.58469493044E-02 0.15234059653E+02 0.10825003365E+01 0.10867353136E+01 0.96238138735E+00 0.10054277447E+01-0.29380242450E-02 0.15041160788E+01
 0.10312500000E+02 0.58560556919E-02 0.15235153460E+02 0.10825624557E+01 0.10867951921E+01 0.96232123556E+00 0.10054355279E+01-0.29363725020E-02 0.15039639569E+01
 0.10329861111E+02 0.58652157574E-02 0.15236262573E+02 0.10826247593E+01 0.10868551983E+01 0.96226072422E+00 0.10054433549E+01-0.29346603966E-02 0.15037964855E+01
 0.10347222222E+02 0.58749496999E-02 0.15237341515E+02 0.10826870843E+01 0.10869152859E+01 0.96219641638E+00 0.10054516698E+01-0.29334064751E-02 0.15037387953E+01
 0.10364583333E+02 0.58856497209E-02 0.15238371896E+02 0.10827488408E+01 0.10869748424E+01 0.96212571957E+00 0.10054608071E+01-0.29327523781E-02 0.15038236770E+01
 0.10381944444E+02 0.58970403893E-02 0.15239395219E+02 0.10828098616E+01 0.10870334944E+01 0.96205045204E+00 0.10054705310E+01-0.29321311424E-02 0.15039124045E+01
 0.10399305556E+02 0.59085144484E-02 0.15240438626E+02 0.10828706632E+01 0.10870917160E+01 0.96197462568E+00 0.10054803227E+01-0.29310689471E-02 0.15038906811E+01
 0.10416666667E+02 0.59195449131E-02 0.15241511282E+02 0.10829318524E+01 0.10871503068E+01 0.96190172342E+00 0.10054897326E+01-0.29295007298E-02 0.15037466805E+01
 0.10434027778E+02 0.59296050817E-02 0.15242612834E+02 0.10829933326E+01 0.10872093402E+01 0.96183522769E+00 0.10054983121E+01-0.29277220204E-02 0.15035566093E+01
 0.10451388889E+02 0.59387215781E-02 0.15243714189E+02 0.10830541689E+01 0.10872679408E+01 0.96177496425E+00 0.10055060845E+01-0.29262191309E-02 0.15034370201E+01
 0.10468750000E+02 0.59476707749E-02 0.15244780741E+02 0.10831138582E+01 0.10873253623E+01 0.96171580190E+00 0.10055137122E+01-0.29252280850E-02 0.15034408324E+01
 0.10486111111E+02 0.59570880603E-02 0.15245821439E+02 0.10831726799E+01 0.10873815212E+01 0.96165353991E+00 0.10055217367E+01-0.29245755416E-02 0.15035246457E+01
 0.10503472222E+02 0.59670552420E-02 0.15246867737E+02 0.10832315710E+01 0.10874373138E+01 0.96158763656E+00 0.10055302272E+01-0.29238457703E-02 0.15035876164E+01
 0.10520833333E+02 0.59775643074E-02 0.15247932311E+02 0.10832909082E+01 0.10874935554E+01 0.96151814384E+00 0.10055391765E+01-0.29227080425E-02 0.15035462012E+01
 0.10538194444E+02 0.59884279164E-02 0.15249017459E+02 0.10833501109E+01 0.10875500754E+01 0.96144629974E+00 0.10055484248E+01-0.29211730208E-02 0.15034011723E+01
 0.10555555556E+02 0.59994556469E-02 0.15250093744E+02 0.10834087448E+01 0.10876063639E+01 0.96137336307E+00 0.10055578096E+01-0.29197180729E-02 0.15032720683E+01
 0.10572916667E+02 0.60105615589E-02 0.15251135018E+02 0.10834667244E+01 0.10876620083E+01 0.96129990200E+00 0.10055672578E+01-0.29187094398E-02 0.15032531437E+01
 0.10590277778E+02 0.60212650946E-02 0.15252186137E+02 0.10835243125E+01 0.10877170655E+01 0.96122909552E+00 0.10055763607E+01-0.29180103644E-02 0.15033173121E+01
 0.10607638889E+02 0.60311202990E-02 0.15253262662E+02 0.10835819047E+01 0.10877719199E+01 0.96116389493E+00 0.10055847394E+01-0.29172824008E-02 0.15033808076E+01
 0.10625000000E+02 0.60403058636E-02 0.15254346181E+02 0.10836397035E+01 0.10878270073E+01 0.96110311937E+00 0.10055925466E+01-0.29161910263E-02 0.15033534375E+01
