 0.25017361111E+02 0.14506577386E-01 0.16253668292E+02 0.11174806077E+01 0.11207761142E+01 0.90293562796E+00 0.10118452212E+01-0.24165331396E-02 0.15044689583E+01
 0.25034722222E+02 0.14518744071E-01 0.16255056639E+02 0.11175046278E+01 0.11207989974E+01 0.90284897864E+00 0.10118528365E+01-0.24168393770E-02 0.15046798303E+01
 0.25052083333E+02 0.14530638915E-01 0.16256505869E+02 0.11175283710E+01 0.11208213325E+01 0.90276425710E+00 0.10118602779E+01-0.24160148859E-02 0.15045476443E+01
 0.25069444444E+02 0.14541776220E-01 0.16257962879E+02 0.11175524701E+01 0.11208438371E+01 0.90268492378E+00 0.10118672420E+01-0.24143753417E-02 0.15041685794E+01
 0.25086805556E+02 0.14551984831E-01 0.16259356053E+02 0.11175771693E+01 0.11208669905E+01 0.90261219947E+00 0.10118736226E+01-0.24129898327E-02 0.15038682800E+01
 0.25104166667E+02 0.14561506210E-01 0.16260655028E+02 0.11176019691E+01 0.11208904424E+01 0.90254436547E+00 0.10118795711E+01-0.24125389651E-02 0.15038536622E+01
 0.25121527778E+02 0.14570509469E-01 0.16261938848E+02 0.11176264079E+01 0.11209136230E+01 0.90248021796E+00 0.10118851938E+01-0.24129064756E-02 0.15040933484E+01
 0.25138888889E+02 0.14579359389E-01 0.16263203700E+02 0.11176506439E+01 0.11209365142E+01 0.90241715844E+00 0.10118907186E+01-0.24136638616E-02 0.15044514531E+01
 0.25156250000E+02 0.14588730810E-01 0.16264497104E+02 0.11176748308E+01 0.11209592504E+01 0.90235037809E+00 0.10118965667E+01-0.24143014627E-02 0.15047718935E+01
 0.25173611111E+02 0.14598687084E-01 0.16265863076E+02 0.11176992117E+01 0.11209821858E+01 0.90227942457E+00 0.10119027772E+01-0.24142503455E-02 0.15048814265E+01
 0.25190972222E+02 0.14609156936E-01 0.16267293876E+02 0.11177239644E+01 0.11210054533E+01 0.90220480489E+00 0.10119093053E+01-0.24134051030E-02 0.15047474272E+01
 0.25208333333E+02 0.14620063453E-01 0.16268749530E+02 0.11177492739E+01 0.11210290524E+01 0.90212706634E+00 0.10119161025E+01-0.24121718997E-02 0.15044940924E+01
 0.25225694444E+02 0.14631334161E-01 0.16270162386E+02 0.11177756240E+01 0.11210534259E+01 0.90204672477E+00 0.10119231235E+01-0.24111298064E-02 0.15042979565E+01
 0.25243055556E+02 0.14642745445E-01 0.16271498297E+02 0.11178031471E+01 0.11210789637E+01 0.90196537369E+00 0.10119302285E+01-0.24105100158E-02 0.15042300493E+01
 0.25260416667E+02 0.14653798508E-01 0.16272821948E+02 0.11178312781E+01 0.11211053055E+01 0.90188656923E+00 0.10119371072E+01-0.24103251252E-02 0.15042998701E+01
 0.25277777778E+02 0.14664393505E-01 0.16274144950E+02 0.11178594735E+01 0.11211317652E+01 0.90181102404E+00 0.10119436979E+01-0.24106285289E-02 0.15045248253E+01
 0.25295138889E+02 0.14674486122E-01 0.16275466194E+02 0.11178873001E+01 0.11211577524E+01 0.90173905497E+00 0.10119499732E+01-0.24111553631E-02 0.15048224238E+01
 0.25312500000E+02 0.14683919613E-01 0.16276758042E+02 0.11179150400E+01 0.11211834874E+01 0.90167178075E+00 0.10119558362E+01-0.24112736603E-02 0.15049941802E+01
 0.25329861111E+02 0.14692772942E-01 0.16278133194E+02 0.11179434196E+01 0.11212097315E+01 0.90160863925E+00 0.10119613366E+01-0.24105904463E-02 0.15049277965E+01
 0.25347222222E+02 0.14701227753E-01 0.16279572782E+02 0.11179726374E+01 0.11212368753E+01 0.90154833578E+00 0.10119665874E+01-0.24092998698E-02 0.15046781543E+01
 0.25364583333E+02 0.14710318868E-01 0.16280992031E+02 0.11180025013E+01 0.11212648550E+01 0.90148348932E+00 0.10119722312E+01-0.24079934737E-02 0.15044164801E+01
 0.25381944444E+02 0.14720658154E-01 0.16282367432E+02 0.11180322257E+01 0.11212928499E+01 0.90140973397E+00 0.10119786472E+01-0.24072894649E-02 0.15043313983E+01
 0.25399305556E+02 0.14732054060E-01 0.16283699394E+02 0.11180615848E+01 0.11213204701E+01 0.90132843410E+00 0.10119857156E+01-0.24073563193E-02 0.15044765794E+01
 0.25416666667E+02 0.14744358071E-01 0.16284971761E+02 0.11180911600E+01 0.11213480699E+01 0.90124064734E+00 0.10119933434E+01-0.24078254319E-02 0.15047415917E+01
 0.25434027778E+02 0.14756431469E-01 0.16286290759E+02 0.11181214655E+01 0.11213761735E+01 0.90115449752E+00 0.10120008243E+01-0.24080065505E-02 0.15049278088E+01
 0.25451388889E+02 0.14767289489E-01 0.16287669591E+02 0.11181523684E+01 0.11214048129E+01 0.90107701291E+00 0.10120075488E+01-0.24076155050E-02 0.15049485549E+01
 0.25468750000E+02 0.14777299337E-01 0.16289065800E+02 0.11181834699E+01 0.11214337854E+01 0.90100557501E+00 0.10120137452E+01-0.24067681674E-02 0.15048327274E+01
 0.25486111111E+02 0.14786705336E-01 0.16290511062E+02 0.11182142405E+01 0.11214626420E+01 0.90093844140E+00 0.10120195654E+01-0.24057841653E-02 0.15046801275E+01
 0.25503472222E+02 0.14795620682E-01 0.16291906501E+02 0.11182444775E+01 0.11214910957E+01 0.90087480506E+00 0.10120250797E+01-0.24050239657E-02 0.15045920848E+01
 0.25520833333E+02 0.14804738834E-01 0.16293234149E+02 0.11182747036E+01 0.11215196282E+01 0.90080971642E+00 0.10120307173E+01-0.24045827508E-02 0.15045948157E+01
 0.25538194444E+02 0.14814415808E-01 0.16294539943E+02 0.11183056668E+01 0.11215489527E+01 0.90074063350E+00 0.10120366980E+01-0.24044081371E-02 0.15046772015E+01
 0.25555555556E+02 0.14824564815E-01 0.16295886889E+02 0.11183375292E+01 0.11215791656E+01 0.90066817502E+00 0.10120429678E+01-0.24043726556E-02 0.15048055225E+01
 0.25572916667E+02 0.14835327874E-01 0.16297252078E+02 0.11183693575E+01 0.11216093994E+01 0.90059132610E+00 0.10120496138E+01-0.24043467326E-02 0.15049351497E+01
 0.25590277778E+02 0.14846565053E-01 0.16298618861E+02 0.11184000312E+01 0.11216386081E+01 0.90051108487E+00 0.10120565493E+01-0.24041511000E-02 0.15050087467E+01
 0.25607638889E+02 0.14857430250E-01 0.16300040666E+02 0.11184299949E+01 0.11216671810E+01 0.90043349296E+00 0.10120632520E+01-0.24035431384E-02 0.15049609047E+01
 0.25625000000E+02 0.14867295486E-01 0.16301534234E+02 0.11184602651E+01 0.11216962170E+01 0.90036303626E+00 0.10120693352E+01-0.24025233321E-02 0.15047938553E+01
