 0.26892361111E+02 0.15612170879E-01 0.16402175947E+02 0.11204859690E+01 0.11236340989E+01 0.89502719708E+00 0.10125212061E+01-0.23790674976E-02 0.15070464992E+01
 0.26909722222E+02 0.15622538818E-01 0.16403513628E+02 0.11205133255E+01 0.11236605937E+01 0.89495270579E+00 0.10125273923E+01-0.23790209632E-02 0.15071518323E+01
 0.26927083333E+02 0.15634147161E-01 0.16404824553E+02 0.11205404964E+01 0.11236869852E+01 0.89486929529E+00 0.10125343152E+01-0.23791588997E-02 0.15073062092E+01
 0.26944444444E+02 0.15646612028E-01 0.16406162248E+02 0.11205674753E+01 0.11237132776E+01 0.89477972191E+00 0.10125417449E+01-0.23791077922E-02 0.15074005399E+01
 0.26961805556E+02 0.15658914484E-01 0.16407577158E+02 0.11205949426E+01 0.11237401804E+01 0.89469130707E+00 0.10125490738E+01-0.23784008573E-02 0.15072988703E+01
 0.26979166667E+02 0.15670093334E-01 0.16409067743E+02 0.11206232916E+01 0.11237682317E+01 0.89461095994E+00 0.10125557299E+01-0.23773823044E-02 0.15071134162E+01
 0.26996527778E+02 0.15680061068E-01 0.16410529612E+02 0.11206516067E+01 0.11237965984E+01 0.89453931170E+00 0.10125616621E+01-0.23769118697E-02 0.15071039539E+01
 0.27013888889E+02 0.15689199077E-01 0.16411931734E+02 0.11206785378E+01 0.11238237826E+01 0.89447362264E+00 0.10125670981E+01-0.23771518396E-02 0.15073148725E+01
 0.27031250000E+02 0.15697744638E-01 0.16413311384E+02 0.11207041377E+01 0.11238495176E+01 0.89441218818E+00 0.10125721798E+01-0.23775117065E-02 0.15075608065E+01
 0.27048611111E+02 0.15706316347E-01 0.16414660324E+02 0.11207299200E+01 0.11238751111E+01 0.89435056162E+00 0.10125772750E+01-0.23775924945E-02 0.15077146966E+01
 0.27065972222E+02 0.15715507601E-01 0.16416008825E+02 0.11207569437E+01 0.11239018323E+01 0.89428447625E+00 0.10125827363E+01-0.23771534627E-02 0.15077032303E+01
 0.27083333333E+02 0.15725252384E-01 0.16417406889E+02 0.11207847927E+01 0.11239296749E+01 0.89421440583E+00 0.10125885241E+01-0.23762451886E-02 0.15075447129E+01
 0.27100694444E+02 0.15735567750E-01 0.16418813872E+02 0.11208121606E+01 0.11239574950E+01 0.89414022678E+00 0.10125946481E+01-0.23755645948E-02 0.15074527554E+01
 0.27118055556E+02 0.15746589772E-01 0.16420209843E+02 0.11208378320E+01 0.11239838182E+01 0.89406095949E+00 0.10126011884E+01-0.23756247419E-02 0.15075872384E+01
 0.27135416667E+02 0.15758041371E-01 0.16421610885E+02 0.11208618277E+01 0.11240082707E+01 0.89397859560E+00 0.10126079803E+01-0.23760446979E-02 0.15078315442E+01
 0.27152777778E+02 0.15769623374E-01 0.16423018706E+02 0.11208851042E+01 0.11240316543E+01 0.89389528632E+00 0.10126148460E+01-0.23761506996E-02 0.15079772164E+01
 0.27170138889E+02 0.15780786347E-01 0.16424413025E+02 0.11209087152E+01 0.11240552027E+01 0.89381498400E+00 0.10126214599E+01-0.23757314793E-02 0.15079597271E+01
 0.27187500000E+02 0.15791242847E-01 0.16425798903E+02 0.11209326858E+01 0.11240792457E+01 0.89373975745E+00 0.10126276523E+01-0.23750755550E-02 0.15078720219E+01
 0.27204861111E+02 0.15800679823E-01 0.16427200898E+02 0.11209561784E+01 0.11241031518E+01 0.89367186033E+00 0.10126332384E+01-0.23743613617E-02 0.15077694320E+01
 0.27222222222E+02 0.15809668299E-01 0.16428598008E+02 0.11209784567E+01 0.11241260817E+01 0.89360718544E+00 0.10126385568E+01-0.23739732949E-02 0.15077663961E+01
 0.27239583333E+02 0.15819088908E-01 0.16429997153E+02 0.11209994452E+01 0.11241476208E+01 0.89353939635E+00 0.10126441287E+01-0.23743209356E-02 0.15079909927E+01
 0.27256944444E+02 0.15829175550E-01 0.16431395161E+02 0.11210194451E+01 0.11241679174E+01 0.89346680908E+00 0.10126500919E+01-0.23749518971E-02 0.15083004065E+01
 0.27274305556E+02 0.15839739575E-01 0.16432780295E+02 0.11210390105E+01 0.11241876193E+01 0.89339078027E+00 0.10126563344E+01-0.23750337797E-02 0.15084316927E+01
 0.27291666667E+02 0.15850509899E-01 0.16434190935E+02 0.11210586810E+01 0.11242075149E+01 0.89331326030E+00 0.10126626958E+01-0.23744878608E-02 0.15083642768E+01
 0.27309027778E+02 0.15861555426E-01 0.16435590255E+02 0.11210780356E+01 0.11242273755E+01 0.89323375277E+00 0.10126692166E+01-0.23736183391E-02 0.15081897366E+01
 0.27326388889E+02 0.15872940649E-01 0.16436992879E+02 0.11210966325E+01 0.11242466624E+01 0.89315179290E+00 0.10126759345E+01-0.23725837397E-02 0.15079598729E+01
 0.27343750000E+02 0.15884289093E-01 0.16438403649E+02 0.11211149101E+01 0.11242655010E+01 0.89307009056E+00 0.10126826274E+01-0.23720289202E-02 0.15078837234E+01
 0.27361111111E+02 0.15895446414E-01 0.16439779457E+02 0.11211330294E+01 0.11242839371E+01 0.89298975714E+00 0.10126892042E+01-0.23724413889E-02 0.15081141205E+01
 0.27378472222E+02 0.15906163078E-01 0.16441138911E+02 0.11211511239E+01 0.11243021656E+01 0.89291258991E+00 0.10126955182E+01-0.23733856348E-02 0.15085172709E+01
 0.27395833333E+02 0.15915838655E-01 0.16442548707E+02 0.11211693229E+01 0.11243204140E+01 0.89284291367E+00 0.10127012162E+01-0.23740428105E-02 0.15088398879E+01
 0.27413194444E+02 0.15924740225E-01 0.16444024086E+02 0.11211876698E+01 0.11243388133E+01 0.89277880662E+00 0.10127064563E+01-0.23738243445E-02 0.15088917962E+01
 0.27430555556E+02 0.15933895685E-01 0.16445500422E+02 0.11212064284E+01 0.11243575513E+01 0.89271286646E+00 0.10127118436E+01-0.23724740262E-02 0.15085819060E+01
 0.27447916667E+02 0.15943733660E-01 0.16446936923E+02 0.11212258603E+01 0.11243768337E+01 0.89264200541E+00 0.10127176300E+01-0.23706142960E-02 0.15081043772E+01
 0.27465277778E+02 0.15954001538E-01 0.16448310125E+02 0.11212460100E+01 0.11243966367E+01 0.89256804205E+00 0.10127236666E+01-0.23695935123E-02 0.15078874314E+01
 0.27482638889E+02 0.15964599314E-01 0.16449627559E+02 0.11212663925E+01 0.11244164676E+01 0.89249169611E+00 0.10127298943E+01-0.23699248173E-02 0.15080944717E+01
 0.27500000000E+02 0.15975668220E-01 0.16450921389E+02 0.11212868979E+01 0.11244361827E+01 0.89241194943E+00 0.10127363956E+01-0.23712036635E-02 0.15085985894E+01
