 0.64236111111E+00 0.28543144332E-03 0.14689395821E+02 0.10318671748E+01 0.10341212358E+01 0.99820914891E+00 0.10002844565E+01-0.36008549254E-02 0.13441895671E+01
 0.65972222222E+00 0.29531060548E-03 0.14690241622E+02 0.10322710918E+01 0.10345893102E+01 0.99814708337E+00 0.10002942672E+01-0.35950364314E-02 0.13479782796E+01
 0.67708333333E+00 0.30519671515E-03 0.14691088196E+02 0.10326674549E+01 0.10350496577E+01 0.99808496869E+00 0.10003040825E+01-0.35897904398E-02 0.13516287597E+01
 0.69444444444E+00 0.31509914742E-03 0.14691935462E+02 0.10330561701E+01 0.10355021588E+01 0.99802274594E+00 0.10003139117E+01-0.35850583732E-02 0.13551481685E+01
 0.71180555556E+00 0.32500528967E-03 0.14692784936E+02 0.10334372434E+01 0.10359467646E+01 0.99796049436E+00 0.10003237422E+01-0.35807046891E-02 0.13585281144E+01
 0.72916666667E+00 0.33489594692E-03 0.14693637363E+02 0.10338107421E+01 0.10363834884E+01 0.99789833459E+00 0.10003335549E+01-0.35765561690E-02 0.13617512619E+01
 0.74652777778E+00 0.34476979996E-03 0.14694492371E+02 0.10341767089E+01 0.10368123542E+01 0.99783627494E+00 0.10003433487E+01-0.35725519643E-02 0.13648191727E+01
 0.76388888889E+00 0.35464686937E-03 0.14695347270E+02 0.10345351900E+01 0.10372334307E+01 0.99777418958E+00 0.10003531433E+01-0.35688366933E-02 0.13677708153E+01
 0.78125000000E+00 0.36454294281E-03 0.14696201726E+02 0.10348862329E+01 0.10376467411E+01 0.99771197926E+00 0.10003629544E+01-0.35656184660E-02 0.13706574353E+01
 0.79861111111E+00 0.37445063755E-03 0.14697058303E+02 0.10352299358E+01 0.10380522848E+01 0.99764969036E+00 0.10003727747E+01-0.35629477313E-02 0.13735005093E+01
 0.81597222222E+00 0.38435537012E-03 0.14697917190E+02 0.10355664016E+01 0.10384500499E+01 0.99758741455E+00 0.10003825897E+01-0.35606646541E-02 0.13762789540E+01
 0.83333333333E+00 0.39424854309E-03 0.14698778620E+02 0.10358957333E+01 0.10388400807E+01 0.99752520592E+00 0.10003923909E+01-0.35585416346E-02 0.13789577465E+01
 0.85069444444E+00 0.40414341559E-03 0.14699640138E+02 0.10362180837E+01 0.10392225297E+01 0.99746298108E+00 0.10004021914E+01-0.35564709023E-02 0.13815232333E+01
 0.86805555556E+00 0.41404979678E-03 0.14700502419E+02 0.10365335133E+01 0.10395975648E+01 0.99740067835E+00 0.10004120009E+01-0.35544964562E-02 0.13839902434E+01
 0.88541666667E+00 0.42395460264E-03 0.14701366605E+02 0.10368420272E+01 0.10399652119E+01 0.99733838000E+00 0.10004218065E+01-0.35526889981E-02 0.13863782610E+01
 0.90277777778E+00 0.43384873691E-03 0.14702233310E+02 0.10371438228E+01 0.10403255096E+01 0.99727614326E+00 0.10004315992E+01-0.35510709989E-02 0.13886994020E+01
 0.92013888889E+00 0.44373347747E-03 0.14703101974E+02 0.10374391766E+01 0.10406785647E+01 0.99721396009E+00 0.10004413803E+01-0.35497139205E-02 0.13909751754E+01
 0.93750000000E+00 0.45362443120E-03 0.14703969865E+02 0.10377282916E+01 0.10410245448E+01 0.99715173233E+00 0.10004511651E+01-0.35486455333E-02 0.13932167049E+01
 0.95486111111E+00 0.46354317078E-03 0.14704837117E+02 0.10380112974E+01 0.10413636148E+01 0.99708932423E+00 0.10004609751E+01-0.35477802767E-02 0.13954115442E+01
 0.97222222222E+00 0.47347193985E-03 0.14705706160E+02 0.10382882164E+01 0.10416958059E+01 0.99702684747E+00 0.10004707926E+01-0.35469913918E-02 0.13975389826E+01
 0.98958333333E+00 0.48338566096E-03 0.14706578897E+02 0.10385591816E+01 0.10420212397E+01 0.99696445985E+00 0.10004805929E+01-0.35462046830E-02 0.13995889551E+01
 0.10069444444E+01 0.49328257824E-03 0.14707454171E+02 0.10388243283E+01 0.10423399986E+01 0.99690217246E+00 0.10004903741E+01-0.35454447133E-02 0.14015703245E+01
 0.10243055556E+01 0.50317067606E-03 0.14708329185E+02 0.10390838055E+01 0.10426521205E+01 0.99683993506E+00 0.10005001443E+01-0.35448173830E-02 0.14035078189E+01
 0.10416666667E+01 0.51308001327E-03 0.14709202682E+02 0.10393377563E+01 0.10429577019E+01 0.99677755845E+00 0.10005099332E+01-0.35444013746E-02 0.14054206687E+01
 0.10590277778E+01 0.52301888074E-03 0.14710076105E+02 0.10395862876E+01 0.10432569189E+01 0.99671499040E+00 0.10005197488E+01-0.35441021543E-02 0.14072931495E+01
 0.10763888889E+01 0.53294371826E-03 0.14710954537E+02 0.10398295247E+01 0.10435499591E+01 0.99665250511E+00 0.10005295482E+01-0.35437615446E-02 0.14090971196E+01
 0.10937500000E+01 0.54282810726E-03 0.14711837565E+02 0.10400675028E+01 0.10438368172E+01 0.99659026896E+00 0.10005393052E+01-0.35433995952E-02 0.14108390017E+01
 0.11111111111E+01 0.55270094527E-03 0.14712720452E+02 0.10403003853E+01 0.10441176502E+01 0.99652810004E+00 0.10005490485E+01-0.35432125276E-02 0.14125600752E+01
 0.11284722222E+01 0.56260895357E-03 0.14713599591E+02 0.10405284054E+01 0.10443925973E+01 0.99646570413E+00 0.10005588242E+01-0.35433459172E-02 0.14142928072E+01
 0.11458333333E+01 0.57255443128E-03 0.14714478453E+02 0.10407516368E+01 0.10446617756E+01 0.99640306668E+00 0.10005686344E+01-0.35437249554E-02 0.14160250580E+01
 0.11631944444E+01 0.58251185473E-03 0.14715358961E+02 0.10409702104E+01 0.10449253495E+01 0.99634034842E+00 0.10005784541E+01-0.35440568882E-02 0.14177007147E+01
 0.11805555556E+01 0.59243070534E-03 0.14716245853E+02 0.10411842465E+01 0.10451834560E+01 0.99627786755E+00 0.10005882332E+01-0.35441388058E-02 0.14192817139E+01
 0.11979166667E+01 0.60229422266E-03 0.14717135742E+02 0.10413939569E+01 0.10454362280E+01 0.99621572973E+00 0.10005979555E+01-0.35440897858E-02 0.14207942367E+01
 0.12152777778E+01 0.61214527676E-03 0.14718025372E+02 0.10415994668E+01 0.10456838315E+01 0.99615366496E+00 0.10006076632E+01-0.35442170725E-02 0.14223010200E+01
 0.12326388889E+01 0.62203392162E-03 0.14718912847E+02 0.10418008197E+01 0.10459263043E+01 0.99609135784E+00 0.10006174055E+01-0.35446457360E-02 0.14238286734E+01
 0.12500000000E+01 0.63196577175E-03 0.14719798957E+02 0.10419981979E+01 0.10461637131E+01 0.99602877294E+00 0.10006271880E+01-0.35452318813E-02 0.14253513963E+01
