 0.26267361111E+02 0.15246704225E-01 0.16352161790E+02 0.11194592725E+01 0.11226695632E+01 0.89764911639E+00 0.10123013295E+01-0.23921736535E-02 0.15062871081E+01
 0.26284722222E+02 0.15256049292E-01 0.16353539861E+02 0.11194848411E+01 0.11226945227E+01 0.89758216751E+00 0.10123069958E+01-0.23920091038E-02 0.15063662249E+01
 0.26302083333E+02 0.15265306526E-01 0.16354917245E+02 0.11195115311E+01 0.11227203356E+01 0.89751584299E+00 0.10123126065E+01-0.23917699386E-02 0.15064262434E+01
 0.26319444444E+02 0.15274270584E-01 0.16356300395E+02 0.11195395261E+01 0.11227473630E+01 0.89745161433E+00 0.10123180373E+01-0.23914019540E-02 0.15064494944E+01
 0.26336805556E+02 0.15283459527E-01 0.16357691570E+02 0.11195681094E+01 0.11227750997E+01 0.89738576960E+00 0.10123236023E+01-0.23909445526E-02 0.15064432051E+01
 0.26354166667E+02 0.15293304228E-01 0.16359079120E+02 0.11195966643E+01 0.11228029615E+01 0.89731522062E+00 0.10123295618E+01-0.23904430055E-02 0.15064183197E+01
 0.26371527778E+02 0.15303783711E-01 0.16360509603E+02 0.11196250958E+01 0.11228307003E+01 0.89724011665E+00 0.10123359029E+01-0.23898515357E-02 0.15063642539E+01
 0.26388888889E+02 0.15315059209E-01 0.16361900984E+02 0.11196537842E+01 0.11228584830E+01 0.89715930086E+00 0.10123427223E+01-0.23892798919E-02 0.15063091736E+01
 0.26406250000E+02 0.15327136281E-01 0.16363225840E+02 0.11196833969E+01 0.11228868302E+01 0.89707273189E+00 0.10123500229E+01-0.23889271407E-02 0.15063187753E+01
 0.26423611111E+02 0.15338942494E-01 0.16364556894E+02 0.11197139346E+01 0.11229158169E+01 0.89698809646E+00 0.10123571560E+01-0.23888981592E-02 0.15064378184E+01
 0.26440972222E+02 0.15349774196E-01 0.16365913652E+02 0.11197443807E+01 0.11229446807E+01 0.89691044008E+00 0.10123636970E+01-0.23889644844E-02 0.15065945890E+01
 0.26458333333E+02 0.15359817353E-01 0.16367318936E+02 0.11197738957E+01 0.11229727447E+01 0.89683843113E+00 0.10123697591E+01-0.23886466545E-02 0.15066359401E+01
 0.26475694444E+02 0.15369397743E-01 0.16368752874E+02 0.11198026549E+01 0.11230001080E+01 0.89676973486E+00 0.10123755394E+01-0.23879518175E-02 0.15065606849E+01
 0.26493055556E+02 0.15378837988E-01 0.16370154107E+02 0.11198312566E+01 0.11230271201E+01 0.89670203843E+00 0.10123812328E+01-0.23871809604E-02 0.15064599528E+01
 0.26510416667E+02 0.15388038849E-01 0.16371564389E+02 0.11198602460E+01 0.11230541695E+01 0.89663605377E+00 0.10123867795E+01-0.23865214755E-02 0.15063973548E+01
 0.26527777778E+02 0.15397333032E-01 0.16372973120E+02 0.11198895349E+01 0.11230812288E+01 0.89656939499E+00 0.10123923802E+01-0.23860177296E-02 0.15063827796E+01
 0.26545138889E+02 0.15407264619E-01 0.16374355981E+02 0.11199189411E+01 0.11231082148E+01 0.89649815928E+00 0.10123983625E+01-0.23857678883E-02 0.15064413376E+01
 0.26562500000E+02 0.15418320997E-01 0.16375694028E+02 0.11199483847E+01 0.11231351475E+01 0.89641884928E+00 0.10124050193E+01-0.23858247187E-02 0.15065864980E+01
 0.26579861111E+02 0.15430444090E-01 0.16377050628E+02 0.11199775672E+01 0.11231617790E+01 0.89633187953E+00 0.10124123146E+01-0.23857829018E-02 0.15066973523E+01
 0.26597222222E+02 0.15442974308E-01 0.16378436708E+02 0.11200063354E+01 0.11231879765E+01 0.89624198038E+00 0.10124198508E+01-0.23853020790E-02 0.15066714939E+01
 0.26614583333E+02 0.15455051281E-01 0.16379816055E+02 0.11200349991E+01 0.11232140297E+01 0.89615532468E+00 0.10124271104E+01-0.23846798784E-02 0.15066047882E+01
 0.26631944444E+02 0.15466090490E-01 0.16381179402E+02 0.11200633059E+01 0.11232397702E+01 0.89607610802E+00 0.10124337429E+01-0.23841909081E-02 0.15065854564E+01
 0.26649305556E+02 0.15475718586E-01 0.16382589926E+02 0.11200915801E+01 0.11232654870E+01 0.89600701179E+00 0.10124395249E+01-0.23838082583E-02 0.15066111677E+01
 0.26666666667E+02 0.15484282396E-01 0.16384017149E+02 0.11201203205E+01 0.11232915132E+01 0.89594554905E+00 0.10124446658E+01-0.23835177358E-02 0.15066729673E+01
 0.26684027778E+02 0.15492580006E-01 0.16385429932E+02 0.11201496042E+01 0.11233180008E+01 0.89588599287E+00 0.10124496449E+01-0.23831640266E-02 0.15067148183E+01
 0.26701388889E+02 0.15501157240E-01 0.16386837934E+02 0.11201788103E+01 0.11233446483E+01 0.89582442560E+00 0.10124547900E+01-0.23826908206E-02 0.15067147479E+01
 0.26718750000E+02 0.15510335133E-01 0.16388242046E+02 0.11202074021E+01 0.11233710857E+01 0.89575854222E+00 0.10124602932E+01-0.23822330270E-02 0.15067111393E+01
 0.26736111111E+02 0.15520582756E-01 0.16389640215E+02 0.11202352761E+01 0.11233971310E+01 0.89568497418E+00 0.10124664352E+01-0.23819689647E-02 0.15067579167E+01
 0.26753472222E+02 0.15532234647E-01 0.16391007841E+02 0.11202625561E+01 0.11234226051E+01 0.89560131765E+00 0.10124734155E+01-0.23819237288E-02 0.15068618627E+01
 0.26770833333E+02 0.15545084016E-01 0.16392332894E+02 0.11202897198E+01 0.11234477479E+01 0.89550905478E+00 0.10124811090E+01-0.23819255912E-02 0.15069739933E+01
 0.26788194444E+02 0.15557883181E-01 0.16393675344E+02 0.11203173495E+01 0.11234732172E+01 0.89541714314E+00 0.10124887681E+01-0.23816905176E-02 0.15070192157E+01
 0.26805555556E+02 0.15569126233E-01 0.16395054524E+02 0.11203459212E+01 0.11234997797E+01 0.89533639843E+00 0.10124954925E+01-0.23810613508E-02 0.15069549638E+01
 0.26822916667E+02 0.15578623562E-01 0.16396481025E+02 0.11203748628E+01 0.11235271157E+01 0.89526818551E+00 0.10125011701E+01-0.23804071843E-02 0.15068946639E+01
 0.26840277778E+02 0.15587065841E-01 0.16397908315E+02 0.11204033080E+01 0.11235543011E+01 0.89520754604E+00 0.10125062150E+01-0.23800243926E-02 0.15069228020E+01
 0.26857638889E+02 0.15595017920E-01 0.16399342551E+02 0.11204310316E+01 0.11235810072E+01 0.89515042392E+00 0.10125109653E+01-0.23796655482E-02 0.15069577615E+01
 0.26875000000E+02 0.15603132495E-01 0.16400770205E+02 0.11204584847E+01 0.11236075356E+01 0.89509213089E+00 0.10125158109E+01-0.23792962844E-02 0.15069844844E+01
