 0.37673611111E+01 0.20745112369E-02 0.14854707450E+02 0.10550442023E+01 0.10599159364E+01 0.98687915999E+00 0.10020226345E+01-0.35481342719E-02 0.15125762245E+01
 0.37847222222E+01 0.20848103007E-02 0.14855650698E+02 0.10551122851E+01 0.10599788194E+01 0.98681340859E+00 0.10020324146E+01-0.35470721720E-02 0.15127756105E+01
 0.38020833333E+01 0.20953476687E-02 0.14856595136E+02 0.10551809471E+01 0.10600421967E+01 0.98674612948E+00 0.10020424183E+01-0.35460673886E-02 0.15129898211E+01
 0.38194444444E+01 0.21057520000E-02 0.14857549357E+02 0.10552500479E+01 0.10601059542E+01 0.98667969352E+00 0.10020522930E+01-0.35448453471E-02 0.15131614643E+01
 0.38368055556E+01 0.21158778411E-02 0.14858516334E+02 0.10553192424E+01 0.10601698074E+01 0.98661502986E+00 0.10020619009E+01-0.35433862701E-02 0.15132850285E+01
 0.38541666667E+01 0.21256491481E-02 0.14859479463E+02 0.10553883929E+01 0.10602336084E+01 0.98655262467E+00 0.10020711700E+01-0.35418001938E-02 0.15133812332E+01
 0.38715277778E+01 0.21352864792E-02 0.14860432203E+02 0.10554575552E+01 0.10602974545E+01 0.98649106974E+00 0.10020803097E+01-0.35403115785E-02 0.15134965371E+01
 0.38888888889E+01 0.21449400080E-02 0.14861391089E+02 0.10555266245E+01 0.10603612835E+01 0.98642940600E+00 0.10020894625E+01-0.35390171515E-02 0.15136518311E+01
 0.39062500000E+01 0.21547328460E-02 0.14862349550E+02 0.10555955675E+01 0.10604249562E+01 0.98636684691E+00 0.10020987450E+01-0.35377077922E-02 0.15138014316E+01
 0.39236111111E+01 0.21647929569E-02 0.14863310655E+02 0.10556645916E+01 0.10604886803E+01 0.98630257467E+00 0.10021082784E+01-0.35362694370E-02 0.15139220552E+01
 0.39409722222E+01 0.21751473189E-02 0.14864267741E+02 0.10557338262E+01 0.10605526886E+01 0.98623641643E+00 0.10021180881E+01-0.35348068629E-02 0.15140361298E+01
 0.39583333333E+01 0.21856387161E-02 0.14865219328E+02 0.10558030390E+01 0.10606166971E+01 0.98616937632E+00 0.10021280250E+01-0.35334634246E-02 0.15141742204E+01
 0.39756944444E+01 0.21959610511E-02 0.14866166725E+02 0.10558720310E+01 0.10606804974E+01 0.98610341034E+00 0.10021377990E+01-0.35322012403E-02 0.15143288159E+01
 0.39930555556E+01 0.22058472653E-02 0.14867126068E+02 0.10559407693E+01 0.10607441275E+01 0.98604022568E+00 0.10021471577E+01-0.35307448799E-02 0.15144423266E+01
 0.40104166667E+01 0.22154160135E-02 0.14868094130E+02 0.10560096017E+01 0.10608079449E+01 0.98597906465E+00 0.10021562135E+01-0.35291019726E-02 0.15145167513E+01
 0.40277777778E+01 0.22249737540E-02 0.14869059964E+02 0.10560788656E+01 0.10608723038E+01 0.98591796871E+00 0.10021652567E+01-0.35274102202E-02 0.15145810109E+01
 0.40451388889E+01 0.22347217754E-02 0.14870021879E+02 0.10561483301E+01 0.10609370232E+01 0.98585565101E+00 0.10021744776E+01-0.35258542915E-02 0.15146723513E+01
 0.40625000000E+01 0.22447894932E-02 0.14870974875E+02 0.10562176111E+01 0.10610017615E+01 0.98579128380E+00 0.10021839985E+01-0.35245717039E-02 0.15148177218E+01
 0.40798611111E+01 0.22551303536E-02 0.14871924836E+02 0.10562867947E+01 0.10610665379E+01 0.98572516420E+00 0.10021937751E+01-0.35233938466E-02 0.15149827380E+01
 0.40972222222E+01 0.22656040029E-02 0.14872877752E+02 0.10563563407E+01 0.10611317480E+01 0.98565818925E+00 0.10022036745E+01-0.35219671769E-02 0.15150954948E+01
 0.41145833333E+01 0.22759527928E-02 0.14873839829E+02 0.10564265509E+01 0.10611977090E+01 0.98559200653E+00 0.10022134533E+01-0.35201222893E-02 0.15151224243E+01
 0.41319444444E+01 0.22860026095E-02 0.14874803440E+02 0.10564972053E+01 0.10612642830E+01 0.98552772990E+00 0.10022229471E+01-0.35182687178E-02 0.15151497218E+01
 0.41493055556E+01 0.22957650498E-02 0.14875763582E+02 0.10565678666E+01 0.10613310393E+01 0.98546528569E+00 0.10022321670E+01-0.35167478383E-02 0.15152479151E+01
 0.41666666667E+01 0.23054224832E-02 0.14876734387E+02 0.10566384377E+01 0.10613978751E+01 0.98540350774E+00 0.10022412854E+01-0.35154388587E-02 0.15153910965E+01
 0.41840277778E+01 0.23151759725E-02 0.14877700252E+02 0.10567091574E+01 0.10614650413E+01 0.98534110987E+00 0.10022504922E+01-0.35140218744E-02 0.15155094347E+01
 0.42013888889E+01 0.23251216626E-02 0.14878667232E+02 0.10567803439E+01 0.10615328839E+01 0.98527747675E+00 0.10022598780E+01-0.35123452009E-02 0.15155718744E+01
 0.42187500000E+01 0.23352734483E-02 0.14879624559E+02 0.10568519966E+01 0.10616012952E+01 0.98521251913E+00 0.10022694558E+01-0.35105475861E-02 0.15156075635E+01
 0.42361111111E+01 0.23455771007E-02 0.14880576456E+02 0.10569238346E+01 0.10616699393E+01 0.98514658370E+00 0.10022791743E+01-0.35088997967E-02 0.15156743617E+01
 0.42534722222E+01 0.23559319152E-02 0.14881528210E+02 0.10569956807E+01 0.10617387461E+01 0.98508031469E+00 0.10022889384E+01-0.35074854999E-02 0.15157904531E+01
 0.42708333333E+01 0.23661411929E-02 0.14882491730E+02 0.10570674768E+01 0.10618077962E+01 0.98501497104E+00 0.10022985626E+01-0.35060715211E-02 0.15159069673E+01
 0.42881944444E+01 0.23760708719E-02 0.14883470746E+02 0.10571393273E+01 0.10618771219E+01 0.98495141117E+00 0.10023079209E+01-0.35044696285E-02 0.15159846775E+01
 0.43055555556E+01 0.23857953856E-02 0.14884456187E+02 0.10572115580E+01 0.10619468895E+01 0.98488915905E+00 0.10023170834E+01-0.35026759132E-02 0.15160233677E+01
 0.43229166667E+01 0.23954278825E-02 0.14885433976E+02 0.10572845716E+01 0.10620174343E+01 0.98482749060E+00 0.10023261569E+01-0.35008407585E-02 0.15160555431E+01
 0.43402777778E+01 0.24050952891E-02 0.14886406092E+02 0.10573581109E+01 0.10620885906E+01 0.98476559327E+00 0.10023352610E+01-0.34990816131E-02 0.15161044929E+01
 0.43576388889E+01 0.24149115132E-02 0.14887368520E+02 0.10574317166E+01 0.10621598830E+01 0.98470273759E+00 0.10023445028E+01-0.34973817794E-02 0.15161636540E+01
 0.43750000000E+01 0.24249954640E-02 0.14888312691E+02 0.10575054185E+01 0.10622311902E+01 0.98463816179E+00 0.10023539943E+01-0.34957789988E-02 0.15162410218E+01
