 0.21892361111E+02 0.12651173257E-01 0.16016365132E+02 0.11123594669E+01 0.11158071560E+01 0.91604878602E+00 0.10106378046E+01-0.24753834263E-02 0.14988627626E+01
 0.21909722222E+02 0.12661364317E-01 0.16017667607E+02 0.11123934985E+01 0.11158395182E+01 0.91597731185E+00 0.10106446872E+01-0.24751335174E-02 0.14989376261E+01
 0.21927083333E+02 0.12671167660E-01 0.16018960945E+02 0.11124276218E+01 0.11158719020E+01 0.91590855109E+00 0.10106513054E+01-0.24745912922E-02 0.14989255626E+01
 0.21944444444E+02 0.12680724538E-01 0.16020260822E+02 0.11124617948E+01 0.11159043545E+01 0.91584151359E+00 0.10106577548E+01-0.24737839285E-02 0.14988343128E+01
 0.21961805556E+02 0.12690312552E-01 0.16021569810E+02 0.11124962304E+01 0.11159370945E+01 0.91577425225E+00 0.10106642227E+01-0.24729890993E-02 0.14987475465E+01
 0.21979166667E+02 0.12700083142E-01 0.16022896598E+02 0.11125309584E+01 0.11159702458E+01 0.91570570452E+00 0.10106708112E+01-0.24723242718E-02 0.14987000258E+01
 0.21996527778E+02 0.12710348091E-01 0.16024197247E+02 0.11125657474E+01 0.11160035247E+01 0.91563368244E+00 0.10106777304E+01-0.24718314789E-02 0.14986981920E+01
 0.22013888889E+02 0.12721463394E-01 0.16025446167E+02 0.11126004279E+01 0.11160365434E+01 0.91555568698E+00 0.10106852196E+01-0.24715093720E-02 0.14987400691E+01
 0.22031250000E+02 0.12732862236E-01 0.16026671613E+02 0.11126351063E+01 0.11160693127E+01 0.91547569437E+00 0.10106928964E+01-0.24712631906E-02 0.14988045091E+01
 0.22048611111E+02 0.12743694301E-01 0.16027932950E+02 0.11126697120E+01 0.11161018868E+01 0.91539967206E+00 0.10107001883E+01-0.24708786999E-02 0.14988339015E+01
 0.22065972222E+02 0.12753846440E-01 0.16029229202E+02 0.11127041938E+01 0.11161344081E+01 0.91532841536E+00 0.10107070196E+01-0.24703925603E-02 0.14988384965E+01
 0.22083333333E+02 0.12763520878E-01 0.16030544744E+02 0.11127387005E+01 0.11161670988E+01 0.91526050592E+00 0.10107135270E+01-0.24699302132E-02 0.14988538946E+01
 0.22100694444E+02 0.12772930414E-01 0.16031845012E+02 0.11127731425E+01 0.11161997857E+01 0.91519445066E+00 0.10107198537E+01-0.24694038081E-02 0.14988493020E+01
 0.22118055556E+02 0.12782256676E-01 0.16033161839E+02 0.11128078193E+01 0.11162325008E+01 0.91512897483E+00 0.10107261222E+01-0.24686909320E-02 0.14987901989E+01
 0.22135416667E+02 0.12791839607E-01 0.16034479222E+02 0.11128425686E+01 0.11162651113E+01 0.91506169167E+00 0.10107325607E+01-0.24678246885E-02 0.14986822741E+01
 0.22152777778E+02 0.12802148312E-01 0.16035795364E+02 0.11128770344E+01 0.11162974029E+01 0.91498930670E+00 0.10107394841E+01-0.24669783957E-02 0.14985753450E+01
 0.22170138889E+02 0.12813121381E-01 0.16037088734E+02 0.11129113380E+01 0.11163296170E+01 0.91491224985E+00 0.10107468506E+01-0.24664505854E-02 0.14985588247E+01
 0.22187500000E+02 0.12824608127E-01 0.16038351718E+02 0.11129456250E+01 0.11163618439E+01 0.91483157815E+00 0.10107545585E+01-0.24663762772E-02 0.14986750753E+01
 0.22204861111E+02 0.12836253209E-01 0.16039589505E+02 0.11129797754E+01 0.11163938704E+01 0.91474978651E+00 0.10107623690E+01-0.24664801902E-02 0.14988444862E+01
 0.22222222222E+02 0.12847287144E-01 0.16040860418E+02 0.11130137958E+01 0.11164256532E+01 0.91467228000E+00 0.10107697663E+01-0.24663985027E-02 0.14989652140E+01
 0.22239583333E+02 0.12857352251E-01 0.16042145168E+02 0.11130473525E+01 0.11164568808E+01 0.91460157264E+00 0.10107765113E+01-0.24658123399E-02 0.14989383821E+01
 0.22256944444E+02 0.12866617989E-01 0.16043483018E+02 0.11130807174E+01 0.11164877990E+01 0.91453647557E+00 0.10107827181E+01-0.24646720738E-02 0.14987509334E+01
 0.22274305556E+02 0.12875532239E-01 0.16044828880E+02 0.11131145963E+01 0.11165191178E+01 0.91447384311E+00 0.10107886873E+01-0.24634183330E-02 0.14985312314E+01
 0.22291666667E+02 0.12884671967E-01 0.16046142743E+02 0.11131491286E+01 0.11165511097E+01 0.91440962155E+00 0.10107948053E+01-0.24626972588E-02 0.14984695178E+01
 0.22309027778E+02 0.12894369338E-01 0.16047435704E+02 0.11131836032E+01 0.11165832016E+01 0.91434147626E+00 0.10108012941E+01-0.24628023316E-02 0.14986526535E+01
 0.22326388889E+02 0.12904853170E-01 0.16048717264E+02 0.11132168238E+01 0.11166142203E+01 0.91426779810E+00 0.10108083064E+01-0.24630695225E-02 0.14988758259E+01
 0.22343750000E+02 0.12916173975E-01 0.16050008687E+02 0.11132490065E+01 0.11166441527E+01 0.91418823060E+00 0.10108158751E+01-0.24628942689E-02 0.14989590606E+01
 0.22361111111E+02 0.12928015125E-01 0.16051286860E+02 0.11132814521E+01 0.11166740102E+01 0.91410499780E+00 0.10108237881E+01-0.24623118205E-02 0.14989174603E+01
 0.22378472222E+02 0.12939796251E-01 0.16052536743E+02 0.11133150215E+01 0.11167047166E+01 0.91402217872E+00 0.10108316572E+01-0.24614446990E-02 0.14987924152E+01
 0.22395833333E+02 0.12950817463E-01 0.16053798208E+02 0.11133496301E+01 0.11167365888E+01 0.91394469428E+00 0.10108390154E+01-0.24605825909E-02 0.14986777390E+01
 0.22413194444E+02 0.12960583171E-01 0.16055110273E+02 0.11133840637E+01 0.11167686251E+01 0.91387603066E+00 0.10108455326E+01-0.24600200860E-02 0.14986636274E+01
 0.22430555556E+02 0.12969421853E-01 0.16056468754E+02 0.11134173939E+01 0.11167998041E+01 0.91381388019E+00 0.10108514290E+01-0.24596337828E-02 0.14987068254E+01
 0.22447916667E+02 0.12978182656E-01 0.16057815228E+02 0.11134498826E+01 0.11168300786E+01 0.91375227281E+00 0.10108572713E+01-0.24592142878E-02 0.14987356127E+01
 0.22465277778E+02 0.12987478226E-01 0.16059108440E+02 0.11134825828E+01 0.11168602859E+01 0.91368689991E+00 0.10108634681E+01-0.24589051912E-02 0.14987915790E+01
 0.22482638889E+02 0.12997286008E-01 0.16060399055E+02 0.11135159525E+01 0.11168910516E+01 0.91361791926E+00 0.10108700037E+01-0.24587536712E-02 0.14988935336E+01
 0.22500000000E+02 0.13007803018E-01 0.16061684208E+02 0.11135495904E+01 0.11169223499E+01 0.91354394414E+00 0.10108770092E+01-0.24583599607E-02 0.14989155615E+01
