 0.28142361111E+02 0.16358168963E-01 0.16503176679E+02 0.11221215332E+01 0.11252511337E+01 0.88965199104E+00 0.10129590885E+01-0.23626216912E-02 0.15102309283E+01
 0.28159722222E+02 0.16369073553E-01 0.16504659112E+02 0.11221454509E+01 0.11252751022E+01 0.88957318941E+00 0.10129653813E+01-0.23620562062E-02 0.15101688257E+01
 0.28177083333E+02 0.16380968475E-01 0.16506057879E+02 0.11221690080E+01 0.11252986908E+01 0.88948722373E+00 0.10129722419E+01-0.23617881094E-02 0.15101894112E+01
 0.28194444444E+02 0.16393196232E-01 0.16507418599E+02 0.11221910119E+01 0.11253208344E+01 0.88939884451E+00 0.10129792907E+01-0.23619370895E-02 0.15103381817E+01
 0.28211805556E+02 0.16404363203E-01 0.16508801117E+02 0.11222116005E+01 0.11253417140E+01 0.88931812521E+00 0.10129857246E+01-0.23619825233E-02 0.15104606465E+01
 0.28229166667E+02 0.16413775188E-01 0.16510263549E+02 0.11222320076E+01 0.11253624857E+01 0.88925008633E+00 0.10129911449E+01-0.23617114457E-02 0.15104966805E+01
 0.28246527778E+02 0.16422143051E-01 0.16511737137E+02 0.11222534012E+01 0.11253841145E+01 0.88918959127E+00 0.10129959618E+01-0.23613094658E-02 0.15104969463E+01
 0.28263888889E+02 0.16430694712E-01 0.16513171056E+02 0.11222761914E+01 0.11254068653E+01 0.88912776349E+00 0.10130008828E+01-0.23607470727E-02 0.15104431031E+01
 0.28281250000E+02 0.16440117811E-01 0.16514559172E+02 0.11222998431E+01 0.11254303244E+01 0.88905963063E+00 0.10130063029E+01-0.23602240442E-02 0.15103943520E+01
 0.28298611111E+02 0.16450568240E-01 0.16515922185E+02 0.11223233849E+01 0.11254537868E+01 0.88898406404E+00 0.10130123113E+01-0.23601446370E-02 0.15104797645E+01
 0.28315972222E+02 0.16461611371E-01 0.16517321973E+02 0.11223461072E+01 0.11254766636E+01 0.88890420514E+00 0.10130186573E+01-0.23604302772E-02 0.15106808113E+01
 0.28333333333E+02 0.16472791338E-01 0.16518793429E+02 0.11223683329E+01 0.11254990735E+01 0.88882334986E+00 0.10130250787E+01-0.23605780385E-02 0.15108414610E+01
 0.28350694444E+02 0.16484398446E-01 0.16520304260E+02 0.11223908829E+01 0.11255215994E+01 0.88873939818E+00 0.10130317420E+01-0.23602532856E-02 0.15108531960E+01
 0.28368055556E+02 0.16496487467E-01 0.16521811038E+02 0.11224142457E+01 0.11255447581E+01 0.88865195304E+00 0.10130386782E+01-0.23594226230E-02 0.15107042336E+01
 0.28385416667E+02 0.16508255618E-01 0.16523288232E+02 0.11224386957E+01 0.11255689703E+01 0.88856682119E+00 0.10130454266E+01-0.23585474375E-02 0.15105458810E+01
 0.28402777778E+02 0.16518602484E-01 0.16524720452E+02 0.11224636969E+01 0.11255938693E+01 0.88849196475E+00 0.10130513570E+01-0.23582651160E-02 0.15105818906E+01
 0.28420138889E+02 0.16527744027E-01 0.16526094940E+02 0.11224885034E+01 0.11256187844E+01 0.88842582357E+00 0.10130565942E+01-0.23586435875E-02 0.15108268688E+01
 0.28437500000E+02 0.16536820101E-01 0.16527434146E+02 0.11225126694E+01 0.11256431646E+01 0.88836015153E+00 0.10130617917E+01-0.23591509136E-02 0.15111065701E+01
 0.28454861111E+02 0.16546387383E-01 0.16528776763E+02 0.11225362867E+01 0.11256669300E+01 0.88829092033E+00 0.10130672682E+01-0.23591606218E-02 0.15112238682E+01
 0.28472222222E+02 0.16556230780E-01 0.16530163476E+02 0.11225601490E+01 0.11256907929E+01 0.88821968586E+00 0.10130729002E+01-0.23585286425E-02 0.15111402294E+01
 0.28489583333E+02 0.16565986221E-01 0.16531616711E+02 0.11225846936E+01 0.11257152652E+01 0.88814908264E+00 0.10130784795E+01-0.23576071271E-02 0.15109724286E+01
 0.28506944444E+02 0.16575635338E-01 0.16533143738E+02 0.11226098923E+01 0.11257404283E+01 0.88807924379E+00 0.10130839954E+01-0.23568669205E-02 0.15108705001E+01
 0.28524305556E+02 0.16585441945E-01 0.16534675652E+02 0.11226354806E+01 0.11257660941E+01 0.88800825981E+00 0.10130895988E+01-0.23566829237E-02 0.15109457741E+01
 0.28541666667E+02 0.16595756433E-01 0.16536162424E+02 0.11226611672E+01 0.11257920507E+01 0.88793359388E+00 0.10130954898E+01-0.23570302114E-02 0.15111823916E+01
 0.28559027778E+02 0.16607038406E-01 0.16537554133E+02 0.11226864693E+01 0.11258177807E+01 0.88785191770E+00 0.10131019301E+01-0.23575031881E-02 0.15114457834E+01
 0.28576388889E+02 0.16618573361E-01 0.16538938870E+02 0.11227110572E+01 0.11258428210E+01 0.88776840282E+00 0.10131085113E+01-0.23575350323E-02 0.15115679922E+01
 0.28593750000E+02 0.16629092340E-01 0.16540361105E+02 0.11227351629E+01 0.11258672340E+01 0.88769223740E+00 0.10131145098E+01-0.23568320950E-02 0.15114626327E+01
 0.28611111111E+02 0.16638891966E-01 0.16541786340E+02 0.11227592400E+01 0.11258914003E+01 0.88762127516E+00 0.10131200955E+01-0.23558391758E-02 0.15112660138E+01
 0.28628472222E+02 0.16648861710E-01 0.16543142070E+02 0.11227838756E+01 0.11259158845E+01 0.88754907564E+00 0.10131257756E+01-0.23553857646E-02 0.15112369797E+01
 0.28645833333E+02 0.16658928307E-01 0.16544475556E+02 0.11228090505E+01 0.11259408744E+01 0.88747616917E+00 0.10131315082E+01-0.23555524750E-02 0.15114072366E+01
 0.28663194444E+02 0.16668627617E-01 0.16545864212E+02 0.11228341798E+01 0.11259660803E+01 0.88740591749E+00 0.10131370291E+01-0.23557831512E-02 0.15116033081E+01
 0.28680555556E+02 0.16678280240E-01 0.16547306167E+02 0.11228584341E+01 0.11259908258E+01 0.88733599883E+00 0.10131425209E+01-0.23558667269E-02 0.15117535798E+01
 0.28697916667E+02 0.16688136775E-01 0.16548792959E+02 0.11228813303E+01 0.11260143711E+01 0.88726459785E+00 0.10131481263E+01-0.23557409124E-02 0.15118362879E+01
 0.28715277778E+02 0.16698246565E-01 0.16550328530E+02 0.11229034384E+01 0.11260369048E+01 0.88719135675E+00 0.10131538730E+01-0.23551674425E-02 0.15117760824E+01
 0.28732638889E+02 0.16708987957E-01 0.16551841679E+02 0.11229259289E+01 0.11260593869E+01 0.88711353381E+00 0.10131599757E+01-0.23543153357E-02 0.15116216631E+01
 0.28750000000E+02 0.16720635082E-01 0.16553286786E+02 0.11229493466E+01 0.11260825002E+01 0.88702914156E+00 0.10131665897E+01-0.23537817768E-02 0.15115621647E+01
