 0.13142361111E+02 0.75081051208E-02 0.15412838639E+02 0.10920052801E+01 0.10959380677E+01 0.95132662789E+00 0.10068120311E+01-0.27665326238E-02 0.14980163100E+01
 0.13159722222E+02 0.75187283511E-02 0.15413929349E+02 0.10920654605E+01 0.10959965169E+01 0.95125539933E+00 0.10068206531E+01-0.27654910787E-02 0.14979642924E+01
 0.13177083333E+02 0.75293481428E-02 0.15415012089E+02 0.10921253867E+01 0.10960547697E+01 0.95118418706E+00 0.10068292694E+01-0.27645185502E-02 0.14979302680E+01
 0.13194444444E+02 0.75395523428E-02 0.15416111012E+02 0.10921852865E+01 0.10961128524E+01 0.95111575519E+00 0.10068375457E+01-0.27636143592E-02 0.14979186459E+01
 0.13211805556E+02 0.75493498522E-02 0.15417253017E+02 0.10922455189E+01 0.10961712736E+01 0.95105004480E+00 0.10068454896E+01-0.27626516553E-02 0.14978976371E+01
 0.13229166667E+02 0.75588609660E-02 0.15418404117E+02 0.10923060364E+01 0.10962301511E+01 0.95098624970E+00 0.10068531988E+01-0.27616218006E-02 0.14978597467E+01
 0.13246527778E+02 0.75685030490E-02 0.15419546686E+02 0.10923668156E+01 0.10962894468E+01 0.95092157058E+00 0.10068610119E+01-0.27606551292E-02 0.14978365241E+01
 0.13263888889E+02 0.75786311670E-02 0.15420651246E+02 0.10924274756E+01 0.10963487063E+01 0.95085362512E+00 0.10068692161E+01-0.27597412367E-02 0.14978208023E+01
 0.13281250000E+02 0.75892137408E-02 0.15421743821E+02 0.10924875811E+01 0.10964073689E+01 0.95078262431E+00 0.10068777856E+01-0.27587898021E-02 0.14977901085E+01
 0.13298611111E+02 0.76000851513E-02 0.15422826397E+02 0.10925473206E+01 0.10964656169E+01 0.95070967861E+00 0.10068865860E+01-0.27578342135E-02 0.14977555959E+01
 0.13315972222E+02 0.76109361024E-02 0.15423933590E+02 0.10926069142E+01 0.10965238079E+01 0.95063686311E+00 0.10068953667E+01-0.27568527555E-02 0.14977162549E+01
 0.13333333333E+02 0.76215061887E-02 0.15425057822E+02 0.10926668000E+01 0.10965823324E+01 0.95056592554E+00 0.10069039172E+01-0.27558994557E-02 0.14976881221E+01
 0.13350694444E+02 0.76317919577E-02 0.15426190940E+02 0.10927268150E+01 0.10966410962E+01 0.95049688963E+00 0.10069122349E+01-0.27549589394E-02 0.14976660477E+01
 0.13368055556E+02 0.76416067756E-02 0.15427339219E+02 0.10927862533E+01 0.10966994240E+01 0.95043100871E+00 0.10069201691E+01-0.27540685711E-02 0.14976585110E+01
 0.13385416667E+02 0.76511777155E-02 0.15428469572E+02 0.10928447356E+01 0.10967568219E+01 0.95036675921E+00 0.10069279038E+01-0.27532220950E-02 0.14976582356E+01
 0.13402777778E+02 0.76609615157E-02 0.15429575656E+02 0.10929030509E+01 0.10968139805E+01 0.95030107509E+00 0.10069358080E+01-0.27522990499E-02 0.14976327363E+01
 0.13420138889E+02 0.76711450643E-02 0.15430679243E+02 0.10929619642E+01 0.10968716360E+01 0.95023270112E+00 0.10069440326E+01-0.27514296867E-02 0.14976216566E+01
 0.13437500000E+02 0.76815667300E-02 0.15431787316E+02 0.10930213763E+01 0.10969297794E+01 0.95016272194E+00 0.10069524466E+01-0.27505059953E-02 0.14975969261E+01
 0.13454861111E+02 0.76919896052E-02 0.15432904590E+02 0.10930809829E+01 0.10969881563E+01 0.95009272810E+00 0.10069608588E+01-0.27493705327E-02 0.14975160531E+01
 0.13472222222E+02 0.77022587950E-02 0.15434039487E+02 0.10931402132E+01 0.10970462412E+01 0.95002375993E+00 0.10069691441E+01-0.27481713528E-02 0.14974183637E+01
 0.13489583333E+02 0.77124727635E-02 0.15435165030E+02 0.10931986143E+01 0.10971035533E+01 0.94995515634E+00 0.10069773822E+01-0.27471463862E-02 0.14973646449E+01
 0.13506944444E+02 0.77226919624E-02 0.15436274522E+02 0.10932563342E+01 0.10971601911E+01 0.94988651134E+00 0.10069856217E+01-0.27464929325E-02 0.14974081803E+01
 0.13524305556E+02 0.77330140367E-02 0.15437382846E+02 0.10933139872E+01 0.10972166289E+01 0.94981716892E+00 0.10069939415E+01-0.27459871907E-02 0.14974927341E+01
 0.13541666667E+02 0.77429601466E-02 0.15438513983E+02 0.10933722362E+01 0.10972734060E+01 0.94975034611E+00 0.10070019555E+01-0.27451507389E-02 0.14974938907E+01
 0.13559027778E+02 0.77524565510E-02 0.15439652756E+02 0.10934311912E+01 0.10973306979E+01 0.94968653910E+00 0.10070096048E+01-0.27439784731E-02 0.14974068240E+01
 0.13576388889E+02 0.77622266282E-02 0.15440775531E+02 0.10934902868E+01 0.10973881705E+01 0.94962088760E+00 0.10070174721E+01-0.27428002004E-02 0.14973140100E+01
 0.13593750000E+02 0.77726008481E-02 0.15441885308E+02 0.10935490421E+01 0.10974454507E+01 0.94955117018E+00 0.10070258231E+01-0.27415858349E-02 0.14972060320E+01
 0.13611111111E+02 0.77832870924E-02 0.15442990057E+02 0.10936075060E+01 0.10975025937E+01 0.94947934911E+00 0.10070344223E+01-0.27404259342E-02 0.14971101526E+01
 0.13628472222E+02 0.77939412579E-02 0.15444080443E+02 0.10936658652E+01 0.10975595947E+01 0.94940773680E+00 0.10070429928E+01-0.27396036847E-02 0.14971057920E+01
 0.13645833333E+02 0.78043483222E-02 0.15445198952E+02 0.10937240470E+01 0.10976162078E+01 0.94933777879E+00 0.10070513616E+01-0.27392264371E-02 0.14972265668E+01
 0.13663194444E+02 0.78146242368E-02 0.15446314251E+02 0.10937822060E+01 0.10976724217E+01 0.94926869600E+00 0.10070596222E+01-0.27390431174E-02 0.14974017445E+01
 0.13680555556E+02 0.78248025728E-02 0.15447439414E+02 0.10938403294E+01 0.10977283767E+01 0.94920026295E+00 0.10070678016E+01-0.27383718264E-02 0.14974458285E+01
 0.13697916667E+02 0.78347868622E-02 0.15448580823E+02 0.10938987733E+01 0.10977847423E+01 0.94913312850E+00 0.10070758224E+01-0.27367721531E-02 0.14972389526E+01
 0.13715277778E+02 0.78445814182E-02 0.15449745730E+02 0.10939578665E+01 0.10978420747E+01 0.94906726398E+00 0.10070836883E+01-0.27346377096E-02 0.14968884528E+01
 0.13732638889E+02 0.78544494429E-02 0.15450900041E+02 0.10940169740E+01 0.10978996832E+01 0.94900089959E+00 0.10070916106E+01-0.27330261081E-02 0.14966772675E+01
 0.13750000000E+02 0.78647663731E-02 0.15452002145E+02 0.10940751833E+01 0.10979564019E+01 0.94893150995E+00 0.10070998906E+01-0.27326461856E-02 0.14967934571E+01
