 0.15017361111E+02 0.86027480522E-02 0.15535139074E+02 0.10976544659E+01 0.11014521910E+01 0.94395136855E+00 0.10076849127E+01-0.26801581848E-02 0.14965977118E+01
 0.15034722222E+02 0.86134066276E-02 0.15536301031E+02 0.10976940060E+01 0.11014909714E+01 0.94387920070E+00 0.10076932574E+01-0.26798491637E-02 0.14966779695E+01
 0.15052083333E+02 0.86236115724E-02 0.15537494491E+02 0.10977330642E+01 0.11015294121E+01 0.94381009791E+00 0.10077012441E+01-0.26791229549E-02 0.14966455386E+01
 0.15069444444E+02 0.86332387328E-02 0.15538702328E+02 0.10977709129E+01 0.11015668485E+01 0.94374490184E+00 0.10077087762E+01-0.26779375223E-02 0.14964850812E+01
 0.15086805556E+02 0.86423238567E-02 0.15539922484E+02 0.10978076719E+01 0.11016031211E+01 0.94368337137E+00 0.10077158819E+01-0.26767405420E-02 0.14963203852E+01
 0.15104166667E+02 0.86515592397E-02 0.15541088251E+02 0.10978443376E+01 0.11016389992E+01 0.94362081815E+00 0.10077231029E+01-0.26760381303E-02 0.14962863658E+01
 0.15121527778E+02 0.86616558363E-02 0.15542165563E+02 0.10978815621E+01 0.11016751384E+01 0.94355242587E+00 0.10077309948E+01-0.26761118865E-02 0.14964595320E+01
 0.15138888889E+02 0.86723190481E-02 0.15543213135E+02 0.10979186148E+01 0.11017111233E+01 0.94348018879E+00 0.10077393266E+01-0.26765661215E-02 0.14967353522E+01
 0.15156250000E+02 0.86826965535E-02 0.15544334650E+02 0.10979544584E+01 0.11017462094E+01 0.94340988062E+00 0.10077474324E+01-0.26764310181E-02 0.14968512664E+01
 0.15173611111E+02 0.86926558828E-02 0.15545545750E+02 0.10979889339E+01 0.11017801863E+01 0.94334239952E+00 0.10077552088E+01-0.26753569955E-02 0.14967095959E+01
 0.15190972222E+02 0.87025960635E-02 0.15546784265E+02 0.10980230356E+01 0.11018136673E+01 0.94327504220E+00 0.10077629677E+01-0.26738686489E-02 0.14964536232E+01
 0.15208333333E+02 0.87126097744E-02 0.15548013318E+02 0.10980577022E+01 0.11018473588E+01 0.94320718061E+00 0.10077707814E+01-0.26727154685E-02 0.14962921835E+01
 0.15225694444E+02 0.87227956640E-02 0.15549175716E+02 0.10980929436E+01 0.11018814483E+01 0.94313814599E+00 0.10077787267E+01-0.26723225633E-02 0.14963380043E+01
 0.15243055556E+02 0.87332157804E-02 0.15550283226E+02 0.10981280418E+01 0.11019154513E+01 0.94306751743E+00 0.10077868519E+01-0.26727595859E-02 0.14966093985E+01
 0.15260416667E+02 0.87437338402E-02 0.15551368253E+02 0.10981625182E+01 0.11019489736E+01 0.94299621837E+00 0.10077950506E+01-0.26732112037E-02 0.14968807950E+01
 0.15277777778E+02 0.87541648320E-02 0.15552491179E+02 0.10981962156E+01 0.11019819169E+01 0.94292550293E+00 0.10078031786E+01-0.26726523560E-02 0.14968709636E+01
 0.15295138889E+02 0.87643148594E-02 0.15553678017E+02 0.10982297341E+01 0.11020146744E+01 0.94285668597E+00 0.10078110849E+01-0.26712869884E-02 0.14966423695E+01
 0.15312500000E+02 0.87741221944E-02 0.15554864763E+02 0.10982633398E+01 0.11020473097E+01 0.94279018655E+00 0.10078187217E+01-0.26699716519E-02 0.14964293397E+01
 0.15329861111E+02 0.87839808692E-02 0.15556040944E+02 0.10982971029E+01 0.11020798360E+01 0.94272333319E+00 0.10078263959E+01-0.26693127822E-02 0.14963997385E+01
 0.15347222222E+02 0.87940282945E-02 0.15557204328E+02 0.10983310124E+01 0.11021122995E+01 0.94265519384E+00 0.10078342144E+01-0.26693233234E-02 0.14965562763E+01
 0.15364583333E+02 0.88043545309E-02 0.15558351947E+02 0.10983653295E+01 0.11021450970E+01 0.94258515733E+00 0.10078422471E+01-0.26695299678E-02 0.14967668187E+01
 0.15381944444E+02 0.88146980037E-02 0.15559484052E+02 0.10983999642E+01 0.11021783630E+01 0.94251499748E+00 0.10078502904E+01-0.26693266857E-02 0.14968618779E+01
 0.15399305556E+02 0.88248601357E-02 0.15560643054E+02 0.10984347238E+01 0.11022119387E+01 0.94244606139E+00 0.10078581900E+01-0.26685380104E-02 0.14967957952E+01
 0.15416666667E+02 0.88348961544E-02 0.15561811062E+02 0.10984698519E+01 0.11022457847E+01 0.94237797469E+00 0.10078659888E+01-0.26674674959E-02 0.14966526863E+01
 0.15434027778E+02 0.88451109429E-02 0.15562981930E+02 0.10985056322E+01 0.11022800159E+01 0.94230866895E+00 0.10078739239E+01-0.26664939775E-02 0.14965383838E+01
 0.15451388889E+02 0.88555022239E-02 0.15564173590E+02 0.10985419861E+01 0.11023145737E+01 0.94223815929E+00 0.10078819932E+01-0.26658281508E-02 0.14965137276E+01
 0.15468750000E+02 0.88659231863E-02 0.15565339600E+02 0.10985788135E+01 0.11023495019E+01 0.94216744169E+00 0.10078900828E+01-0.26654712766E-02 0.14965746915E+01
 0.15486111111E+02 0.88763659034E-02 0.15566493843E+02 0.10986157434E+01 0.11023846718E+01 0.94209656990E+00 0.10078981864E+01-0.26653519448E-02 0.14967010264E+01
 0.15503472222E+02 0.88867341628E-02 0.15567622176E+02 0.10986525669E+01 0.11024198610E+01 0.94202619693E+00 0.10079062293E+01-0.26650743803E-02 0.14967807103E+01
 0.15520833333E+02 0.88969187250E-02 0.15568741851E+02 0.10986894399E+01 0.11024550325E+01 0.94195706448E+00 0.10079141270E+01-0.26643986868E-02 0.14967498592E+01
 0.15538194444E+02 0.89067065818E-02 0.15569883138E+02 0.10987268541E+01 0.11024905472E+01 0.94189061896E+00 0.10079217145E+01-0.26633402117E-02 0.14966183258E+01
 0.15555555556E+02 0.89159350975E-02 0.15571082328E+02 0.10987648406E+01 0.11025265210E+01 0.94182796527E+00 0.10079288661E+01-0.26621315286E-02 0.14964536778E+01
 0.15572916667E+02 0.89249584309E-02 0.15572312370E+02 0.10988029049E+01 0.11025626284E+01 0.94176669964E+00 0.10079358565E+01-0.26613610279E-02 0.14964141987E+01
 0.15590277778E+02 0.89343924660E-02 0.15573503487E+02 0.10988400519E+01 0.11025980465E+01 0.94170264023E+00 0.10079431627E+01-0.26612150837E-02 0.14965405080E+01
 0.15607638889E+02 0.89444256099E-02 0.15574666187E+02 0.10988756419E+01 0.11026320674E+01 0.94163450684E+00 0.10079509304E+01-0.26611688834E-02 0.14966845683E+01
 0.15625000000E+02 0.89549961657E-02 0.15575822312E+02 0.10989105715E+01 0.11026653005E+01 0.94156271741E+00 0.10079591113E+01-0.26606865022E-02 0.14967005217E+01
