 0.19392361111E+02 0.11172221562E-01 0.15835256549E+02 0.11080392564E+01 0.11115814919E+01 0.92635587401E+00 0.10096096108E+01-0.25318128062E-02 0.14963119936E+01
 0.19409722222E+02 0.11183120402E-01 0.15836463206E+02 0.11080727444E+01 0.11116151934E+01 0.92628039578E+00 0.10096174011E+01-0.25313009594E-02 0.14962949536E+01
 0.19427083333E+02 0.11194170271E-01 0.15837659595E+02 0.11081065438E+01 0.11116493993E+01 0.92620386436E+00 0.10096252962E+01-0.25309864252E-02 0.14963358561E+01
 0.19444444444E+02 0.11204933082E-01 0.15838879302E+02 0.11081404581E+01 0.11116837063E+01 0.92612931409E+00 0.10096329830E+01-0.25309865264E-02 0.14964751424E+01
 0.19461805556E+02 0.11215119033E-01 0.15840156390E+02 0.11081736584E+01 0.11117172457E+01 0.92605875313E+00 0.10096402549E+01-0.25308826084E-02 0.14965898880E+01
 0.19479166667E+02 0.11224977824E-01 0.15841429854E+02 0.11082054452E+01 0.11117494471E+01 0.92599045260E+00 0.10096472907E+01-0.25302614708E-02 0.14965495148E+01
 0.19496527778E+02 0.11234519323E-01 0.15842718079E+02 0.11082362176E+01 0.11117806319E+01 0.92592434468E+00 0.10096540976E+01-0.25293313784E-02 0.14964170344E+01
 0.19513888889E+02 0.11244178060E-01 0.15843948762E+02 0.11082670212E+01 0.11118117850E+01 0.92585741892E+00 0.10096609856E+01-0.25286567210E-02 0.14963522706E+01
 0.19531250000E+02 0.11254617763E-01 0.15845134454E+02 0.11082981310E+01 0.11118432014E+01 0.92578507552E+00 0.10096684278E+01-0.25286329404E-02 0.14964726649E+01
 0.19548611111E+02 0.11265670348E-01 0.15846316851E+02 0.11083290089E+01 0.11118743807E+01 0.92570847795E+00 0.10096763037E+01-0.25290959727E-02 0.14967344411E+01
 0.19565972222E+02 0.11276781628E-01 0.15847531772E+02 0.11083590499E+01 0.11119047906E+01 0.92563146622E+00 0.10096842182E+01-0.25293223034E-02 0.14969281237E+01
 0.19583333333E+02 0.11287458665E-01 0.15848810758E+02 0.11083882457E+01 0.11119343840E+01 0.92555745722E+00 0.10096918203E+01-0.25287889344E-02 0.14969027995E+01
 0.19600694444E+02 0.11297797183E-01 0.15850103624E+02 0.11084169042E+01 0.11119633423E+01 0.92548578817E+00 0.10096991784E+01-0.25278266324E-02 0.14967517353E+01
 0.19618055556E+02 0.11308052553E-01 0.15851360541E+02 0.11084455229E+01 0.11119920302E+01 0.92541468917E+00 0.10097064746E+01-0.25270088510E-02 0.14966412866E+01
 0.19635416667E+02 0.11318238321E-01 0.15852591258E+02 0.11084744113E+01 0.11120207982E+01 0.92534406646E+00 0.10097137184E+01-0.25266120428E-02 0.14966542952E+01
 0.19652777778E+02 0.11328492776E-01 0.15853811267E+02 0.11085033274E+01 0.11120496121E+01 0.92527296121E+00 0.10097210084E+01-0.25266928232E-02 0.14968074045E+01
 0.19670138889E+02 0.11338767146E-01 0.15855026241E+02 0.11085316458E+01 0.11120779577E+01 0.92520171152E+00 0.10097283096E+01-0.25270399889E-02 0.14970371682E+01
 0.19687500000E+02 0.11349041628E-01 0.15856254782E+02 0.11085592481E+01 0.11121055830E+01 0.92513045470E+00 0.10097356082E+01-0.25270741487E-02 0.14971740818E+01
 0.19704861111E+02 0.11359248867E-01 0.15857532484E+02 0.11085867571E+01 0.11121329079E+01 0.92505965794E+00 0.10097428562E+01-0.25264076243E-02 0.14971081475E+01
 0.19722222222E+02 0.11369547092E-01 0.15858790589E+02 0.11086152059E+01 0.11121608854E+01 0.92498822374E+00 0.10097501660E+01-0.25254690927E-02 0.14969618178E+01
 0.19739583333E+02 0.11380053484E-01 0.15860028512E+02 0.11086441600E+01 0.11121893831E+01 0.92491533902E+00 0.10097576206E+01-0.25249441490E-02 0.14969369767E+01
 0.19756944444E+02 0.11390424082E-01 0.15861252368E+02 0.11086722910E+01 0.11122173874E+01 0.92484338983E+00 0.10097649760E+01-0.25250146797E-02 0.14970844942E+01
 0.19774305556E+02 0.11400815100E-01 0.15862463287E+02 0.11086986770E+01 0.11122438988E+01 0.92477129248E+00 0.10097723430E+01-0.25253016210E-02 0.14972897361E+01
 0.19791666667E+02 0.11411282595E-01 0.15863699541E+02 0.11087238310E+01 0.11122689971E+01 0.92469865794E+00 0.10097797613E+01-0.25251737389E-02 0.14973718016E+01
 0.19809027778E+02 0.11421713347E-01 0.15864956581E+02 0.11087494624E+01 0.11122940418E+01 0.92462627182E+00 0.10097871507E+01-0.25243536094E-02 0.14972544552E+01
 0.19826388889E+02 0.11431802544E-01 0.15866226470E+02 0.11087765425E+01 0.11123203711E+01 0.92455624977E+00 0.10097942954E+01-0.25233653593E-02 0.14970939487E+01
 0.19843750000E+02 0.11441683511E-01 0.15867500012E+02 0.11088040453E+01 0.11123475852E+01 0.92448766698E+00 0.10098012899E+01-0.25228329569E-02 0.14970681861E+01
 0.19861111111E+02 0.11451788608E-01 0.15868736708E+02 0.11088303570E+01 0.11123741784E+01 0.92441752246E+00 0.10098084405E+01-0.25228920980E-02 0.14972087534E+01
 0.19878472222E+02 0.11462030467E-01 0.15869953806E+02 0.11088551747E+01 0.11123993435E+01 0.92434642237E+00 0.10098156850E+01-0.25231916440E-02 0.14974153607E+01
 0.19895833333E+02 0.11472092499E-01 0.15871178827E+02 0.11088794737E+01 0.11124235292E+01 0.92427656453E+00 0.10098227996E+01-0.25231660478E-02 0.14975272629E+01
 0.19913194444E+02 0.11482085750E-01 0.15872419938E+02 0.11089046766E+01 0.11124480805E+01 0.92420717821E+00 0.10098298630E+01-0.25226890531E-02 0.14975102578E+01
 0.19930555556E+02 0.11492168714E-01 0.15873673523E+02 0.11089311633E+01 0.11124738644E+01 0.92413716293E+00 0.10098369870E+01-0.25220790767E-02 0.14974572473E+01
 0.19947916667E+02 0.11502427362E-01 0.15874925979E+02 0.11089581657E+01 0.11125005871E+01 0.92406592146E+00 0.10098442324E+01-0.25216306344E-02 0.14974504729E+01
 0.19965277778E+02 0.11512967088E-01 0.15876161505E+02 0.11089847218E+01 0.11125272660E+01 0.92399272147E+00 0.10098516734E+01-0.25212947425E-02 0.14974729055E+01
 0.19982638889E+02 0.11523403702E-01 0.15877408579E+02 0.11090106532E+01 0.11125534174E+01 0.92392023107E+00 0.10098590386E+01-0.25208539948E-02 0.14974643964E+01
 0.20000000000E+02 0.11533625396E-01 0.15878665252E+02 0.11090364072E+01 0.11125791825E+01 0.92384922713E+00 0.10098662494E+01-0.25202812184E-02 0.14974186586E+01
