 0.87673611111E+01 0.49612531909E-02 0.15141659050E+02 0.10766464708E+01 0.10809709222E+01 0.96820823775E+00 0.10046606010E+01-0.30561829449E-02 0.15089707424E+01
 0.87847222222E+01 0.49723212759E-02 0.15142666328E+02 0.10767126640E+01 0.10810363379E+01 0.96813570994E+00 0.10046703114E+01-0.30547320479E-02 0.15088953409E+01
 0.88020833333E+01 0.49828685883E-02 0.15143703617E+02 0.10767791120E+01 0.10811020473E+01 0.96806658793E+00 0.10046795619E+01-0.30529896993E-02 0.15087538362E+01
 0.88194444444E+01 0.49929336896E-02 0.15144761819E+02 0.10768455810E+01 0.10811677049E+01 0.96800061995E+00 0.10046883868E+01-0.30514046616E-02 0.15086554287E+01
 0.88368055556E+01 0.50025958138E-02 0.15145820933E+02 0.10769115997E+01 0.10812327831E+01 0.96793728749E+00 0.10046968560E+01-0.30501782258E-02 0.15086459102E+01
 0.88541666667E+01 0.50120007542E-02 0.15146878406E+02 0.10769771179E+01 0.10812972315E+01 0.96787563549E+00 0.10047050975E+01-0.30489873776E-02 0.15086440199E+01
 0.88715277778E+01 0.50213411041E-02 0.15147933448E+02 0.10770426542E+01 0.10813616912E+01 0.96781440170E+00 0.10047132802E+01-0.30476430648E-02 0.15086029558E+01
 0.88888888889E+01 0.50309568735E-02 0.15148954903E+02 0.10771087985E+01 0.10814267923E+01 0.96775135691E+00 0.10047217018E+01-0.30462596934E-02 0.15085480732E+01
 0.89062500000E+01 0.50413457107E-02 0.15149967589E+02 0.10771751920E+01 0.10814921878E+01 0.96768323742E+00 0.10047307979E+01-0.30448522824E-02 0.15084833219E+01
 0.89236111111E+01 0.50523064802E-02 0.15150992744E+02 0.10772414369E+01 0.10815573592E+01 0.96761136084E+00 0.10047403917E+01-0.30433984214E-02 0.15084068030E+01
 0.89409722222E+01 0.50630051392E-02 0.15152043588E+02 0.10773073803E+01 0.10816221330E+01 0.96754119622E+00 0.10047497531E+01-0.30420739874E-02 0.15083658195E+01
 0.89583333333E+01 0.50731440564E-02 0.15153113029E+02 0.10773732701E+01 0.10816867427E+01 0.96747469626E+00 0.10047586221E+01-0.30407880343E-02 0.15083379452E+01
 0.89756944444E+01 0.50830629296E-02 0.15154186910E+02 0.10774395826E+01 0.10817517738E+01 0.96740963365E+00 0.10047672960E+01-0.30393503455E-02 0.15082743375E+01
 0.89930555556E+01 0.50930034273E-02 0.15155231434E+02 0.10775064378E+01 0.10818174873E+01 0.96734442334E+00 0.10047759863E+01-0.30378812730E-02 0.15082009373E+01
 0.90104166667E+01 0.51029702833E-02 0.15156245798E+02 0.10775734179E+01 0.10818835424E+01 0.96727903424E+00 0.10047846972E+01-0.30364278053E-02 0.15081280770E+01
 0.90277777778E+01 0.51128249004E-02 0.15157256104E+02 0.10776399531E+01 0.10819491802E+01 0.96721437571E+00 0.10047933074E+01-0.30350067651E-02 0.15080615556E+01
 0.90451388889E+01 0.51225391700E-02 0.15158297790E+02 0.10777060459E+01 0.10820140950E+01 0.96715063239E+00 0.10048017926E+01-0.30336605693E-02 0.15080156105E+01
 0.90625000000E+01 0.51323546229E-02 0.15159351443E+02 0.10777721984E+01 0.10820788143E+01 0.96708621944E+00 0.10048103638E+01-0.30323351399E-02 0.15079753453E+01
 0.90798611111E+01 0.51424985074E-02 0.15160407177E+02 0.10778389977E+01 0.10821440808E+01 0.96701964519E+00 0.10048192191E+01-0.30309279144E-02 0.15079160490E+01
 0.90972222222E+01 0.51526866866E-02 0.15161467424E+02 0.10779066532E+01 0.10822103535E+01 0.96695277409E+00 0.10048281105E+01-0.30292877918E-02 0.15078012518E+01
 0.91145833333E+01 0.51628268520E-02 0.15162507630E+02 0.10779747110E+01 0.10822773621E+01 0.96688621202E+00 0.10048369573E+01-0.30277251995E-02 0.15077036103E+01
 0.91319444444E+01 0.51730737814E-02 0.15163531364E+02 0.10780422182E+01 0.10823439448E+01 0.96681894293E+00 0.10048458947E+01-0.30264306117E-02 0.15076680294E+01
 0.91493055556E+01 0.51834817599E-02 0.15164569033E+02 0.10781091116E+01 0.10824096663E+01 0.96675061021E+00 0.10048549697E+01-0.30251065444E-02 0.15076245799E+01
 0.91666666667E+01 0.51938405887E-02 0.15165623760E+02 0.10781763460E+01 0.10824753807E+01 0.96668259380E+00 0.10048639991E+01-0.30236141178E-02 0.15075439291E+01
 0.91840277778E+01 0.52037422729E-02 0.15166683920E+02 0.10782447693E+01 0.10825421683E+01 0.96661757306E+00 0.10048726275E+01-0.30219385009E-02 0.15074243967E+01
 0.92013888889E+01 0.52131782691E-02 0.15167745386E+02 0.10783140551E+01 0.10826099819E+01 0.96655560491E+00 0.10048808478E+01-0.30202880487E-02 0.15073140733E+01
 0.92187500000E+01 0.52226703625E-02 0.15168783858E+02 0.10783833476E+01 0.10826779429E+01 0.96649326304E+00 0.10048891146E+01-0.30189471915E-02 0.15072769727E+01
 0.92361111111E+01 0.52324608514E-02 0.15169806877E+02 0.10784522554E+01 0.10827454188E+01 0.96642895576E+00 0.10048976389E+01-0.30177519848E-02 0.15072722521E+01
 0.92534722222E+01 0.52424775532E-02 0.15170843068E+02 0.10785211190E+01 0.10828126692E+01 0.96636315676E+00 0.10049063576E+01-0.30162512556E-02 0.15071918531E+01
 0.92708333333E+01 0.52525768872E-02 0.15171909062E+02 0.10785907978E+01 0.10828806517E+01 0.96629680892E+00 0.10049151456E+01-0.30143823022E-02 0.15070245172E+01
 0.92881944444E+01 0.52627493075E-02 0.15172983690E+02 0.10786613030E+01 0.10829494498E+01 0.96622997483E+00 0.10049239946E+01-0.30125607819E-02 0.15068714288E+01
 0.93055555556E+01 0.52731624444E-02 0.15174041194E+02 0.10787318700E+01 0.10830183287E+01 0.96616155283E+00 0.10049330502E+01-0.30110657743E-02 0.15067967432E+01
 0.93229166667E+01 0.52837973797E-02 0.15175076753E+02 0.10788019233E+01 0.10830867653E+01 0.96609166681E+00 0.10049422959E+01-0.30098773889E-02 0.15067942703E+01
 0.93402777778E+01 0.52941728092E-02 0.15176093432E+02 0.10788716294E+01 0.10831548262E+01 0.96602347963E+00 0.10049513132E+01-0.30088547060E-02 0.15068324388E+01
 0.93576388889E+01 0.53039125435E-02 0.15177123329E+02 0.10789417218E+01 0.10832231953E+01 0.96595946441E+00 0.10049597754E+01-0.30075453977E-02 0.15068046587E+01
 0.93750000000E+01 0.53130038005E-02 0.15178179986E+02 0.10790125865E+01 0.10832924543E+01 0.96589970628E+00 0.10049676721E+01-0.30056632384E-02 0.15066397942E+01
