 0.27517361111E+02 0.15987345627E-01 0.16452244001E+02 0.11213075661E+01 0.11244558778E+01 0.89232781131E+00 0.10127432509E+01-0.23726182496E-02 0.15091480673E+01
 0.27534722222E+02 0.15998958713E-01 0.16453631781E+02 0.11213282331E+01 0.11244755346E+01 0.89224412906E+00 0.10127500648E+01-0.23730372105E-02 0.15093909952E+01
 0.27552083333E+02 0.16009552589E-01 0.16455164470E+02 0.11213489186E+01 0.11244952725E+01 0.89216778447E+00 0.10127562777E+01-0.23717816239E-02 0.15091214812E+01
 0.27569444444E+02 0.16018896402E-01 0.16456784635E+02 0.11213699468E+01 0.11245153918E+01 0.89210044322E+00 0.10127617550E+01-0.23694376213E-02 0.15085184983E+01
 0.27586805556E+02 0.16027849067E-01 0.16458322853E+02 0.11213914780E+01 0.11245359393E+01 0.89203591639E+00 0.10127670009E+01-0.23675361489E-02 0.15080485850E+01
 0.27604166667E+02 0.16037486978E-01 0.16459727953E+02 0.11214133580E+01 0.11245566685E+01 0.89196644559E+00 0.10127726459E+01-0.23673201483E-02 0.15080983415E+01
 0.27621527778E+02 0.16048272490E-01 0.16460988674E+02 0.11214349214E+01 0.11245769736E+01 0.89188869659E+00 0.10127789602E+01-0.23687456451E-02 0.15086509299E+01
 0.27638888889E+02 0.16059945692E-01 0.16462184829E+02 0.11214556854E+01 0.11245965240E+01 0.89180454120E+00 0.10127857908E+01-0.23704858397E-02 0.15092946403E+01
 0.27656250000E+02 0.16071145658E-01 0.16463459048E+02 0.11214761637E+01 0.11246158638E+01 0.89172379031E+00 0.10127923411E+01-0.23712148324E-02 0.15096281261E+01
 0.27673611111E+02 0.16081144560E-01 0.16464887103E+02 0.11214974511E+01 0.11246359647E+01 0.89165169306E+00 0.10127981862E+01-0.23704160141E-02 0.15094964712E+01
 0.27690972222E+02 0.16090613455E-01 0.16466404179E+02 0.11215200978E+01 0.11246573227E+01 0.89158341228E+00 0.10128037191E+01-0.23685871931E-02 0.15090503805E+01
 0.27708333333E+02 0.16099910117E-01 0.16467962702E+02 0.11215434408E+01 0.11246794280E+01 0.89151636860E+00 0.10128091490E+01-0.23667917861E-02 0.15086193802E+01
 0.27725694444E+02 0.16109524727E-01 0.16469449351E+02 0.11215665445E+01 0.11247014795E+01 0.89144702692E+00 0.10128147622E+01-0.23661065055E-02 0.15085303392E+01
 0.27743055556E+02 0.16120061827E-01 0.16470831080E+02 0.11215887764E+01 0.11247228142E+01 0.89137102620E+00 0.10128209113E+01-0.23668981986E-02 0.15088955517E+01
 0.27760416667E+02 0.16131185047E-01 0.16472175831E+02 0.11216100915E+01 0.11247433230E+01 0.89129079126E+00 0.10128273992E+01-0.23682043459E-02 0.15094172152E+01
 0.27777777778E+02 0.16142353153E-01 0.16473534268E+02 0.11216316047E+01 0.11247640155E+01 0.89121022560E+00 0.10128339101E+01-0.23687690484E-02 0.15097047179E+01
 0.27795138889E+02 0.16153396823E-01 0.16474927213E+02 0.11216544816E+01 0.11247860091E+01 0.89113055077E+00 0.10128403452E+01-0.23682347264E-02 0.15096490863E+01
 0.27812500000E+02 0.16164300945E-01 0.16476362846E+02 0.11216789679E+01 0.11248095910E+01 0.89105187603E+00 0.10128466959E+01-0.23670953067E-02 0.15094094044E+01
 0.27829861111E+02 0.16174728723E-01 0.16477796372E+02 0.11217040413E+01 0.11248338897E+01 0.89097663199E+00 0.10128527662E+01-0.23659994538E-02 0.15091869561E+01
 0.27847222222E+02 0.16184617922E-01 0.16479185248E+02 0.11217283481E+01 0.11248576967E+01 0.89090526861E+00 0.10128585204E+01-0.23655983346E-02 0.15091811727E+01
 0.27864583333E+02 0.16194358225E-01 0.16480534769E+02 0.11217511659E+01 0.11248802141E+01 0.89083497438E+00 0.10128641854E+01-0.23660467087E-02 0.15094393128E+01
 0.27881944444E+02 0.16204149095E-01 0.16481929708E+02 0.11217734279E+01 0.11249021444E+01 0.89076430991E+00 0.10128698774E+01-0.23665200926E-02 0.15097074158E+01
 0.27899305556E+02 0.16214240250E-01 0.16483364309E+02 0.11217966531E+01 0.11249249700E+01 0.89069147259E+00 0.10128757413E+01-0.23663192748E-02 0.15097641452E+01
 0.27916666667E+02 0.16224805893E-01 0.16484803176E+02 0.11218211305E+01 0.11249492705E+01 0.89061520440E+00 0.10128818781E+01-0.23655997929E-02 0.15096561481E+01
 0.27934027778E+02 0.16235535298E-01 0.16486225523E+02 0.11218456515E+01 0.11249740349E+01 0.89053774775E+00 0.10128881071E+01-0.23649053731E-02 0.15095536055E+01
 0.27951388889E+02 0.16246110386E-01 0.16487667341E+02 0.11218692200E+01 0.11249980199E+01 0.89046139889E+00 0.10128942435E+01-0.23645771377E-02 0.15095678934E+01
 0.27968750000E+02 0.16256598625E-01 0.16489127771E+02 0.11218917562E+01 0.11250207227E+01 0.89038567093E+00 0.10129003266E+01-0.23646116453E-02 0.15096968872E+01
 0.27986111111E+02 0.16267528115E-01 0.16490575871E+02 0.11219142053E+01 0.11250429590E+01 0.89030675055E+00 0.10129066626E+01-0.23648424932E-02 0.15098859158E+01
 0.28003472222E+02 0.16278705324E-01 0.16491941552E+02 0.11219374184E+01 0.11250659431E+01 0.89022603459E+00 0.10129131390E+01-0.23648278949E-02 0.15099908724E+01
 0.28020833333E+02 0.16289616275E-01 0.16493283336E+02 0.11219615929E+01 0.11250902502E+01 0.89014723474E+00 0.10129194579E+01-0.23643530908E-02 0.15099502878E+01
 0.28038194444E+02 0.16299813413E-01 0.16494655323E+02 0.11219860075E+01 0.11251151099E+01 0.89007358418E+00 0.10129253607E+01-0.23638057389E-02 0.15098928845E+01
 0.28055555556E+02 0.16309254480E-01 0.16496028735E+02 0.11220099636E+01 0.11251394277E+01 0.89000538935E+00 0.10129308234E+01-0.23634554003E-02 0.15099024627E+01
 0.28072916667E+02 0.16318068436E-01 0.16497457093E+02 0.11220332038E+01 0.11251626871E+01 0.88994171983E+00 0.10129359211E+01-0.23632349574E-02 0.15099590960E+01
 0.28090277778E+02 0.16327200554E-01 0.16498923601E+02 0.11220554069E+01 0.11251847462E+01 0.88987574750E+00 0.10129412007E+01-0.23629722265E-02 0.15099999146E+01
 0.28107638889E+02 0.16337194330E-01 0.16500340768E+02 0.11220768556E+01 0.11252061587E+01 0.88980354510E+00 0.10129469760E+01-0.23628306837E-02 0.15100691428E+01
 0.28125000000E+02 0.16347662490E-01 0.16501732136E+02 0.11220986455E+01 0.11252280838E+01 0.88972790951E+00 0.10129530226E+01-0.23628780404E-02 0.15101956565E+01
