 0.56423611111E+01 0.31566252428E-02 0.14959502756E+02 0.10632184258E+01 0.10678317799E+01 0.97993722377E+00 0.10030359057E+01-0.33598775474E-02 0.15171928132E+01
 0.56597222222E+01 0.31667531402E-02 0.14960497774E+02 0.10632987069E+01 0.10679123519E+01 0.97987193089E+00 0.10030452522E+01-0.33579299781E-02 0.15171597944E+01
 0.56770833333E+01 0.31773451853E-02 0.14961482886E+02 0.10633789443E+01 0.10679929098E+01 0.97980363934E+00 0.10030550242E+01-0.33557986565E-02 0.15170815406E+01
 0.56944444444E+01 0.31880690877E-02 0.14962456586E+02 0.10634594278E+01 0.10680738455E+01 0.97973449099E+00 0.10030649151E+01-0.33536306733E-02 0.15169939397E+01
 0.57118055556E+01 0.31985501068E-02 0.14963431167E+02 0.10635397276E+01 0.10681548081E+01 0.97966690230E+00 0.10030745792E+01-0.33516281853E-02 0.15169430277E+01
 0.57291666667E+01 0.32087283985E-02 0.14964402252E+02 0.10636191886E+01 0.10682349312E+01 0.97960125967E+00 0.10030839615E+01-0.33499480857E-02 0.15169619806E+01
 0.57465277778E+01 0.32186005370E-02 0.14965383622E+02 0.10636977845E+01 0.10683140188E+01 0.97953758575E+00 0.10030930592E+01-0.33484067350E-02 0.15170112900E+01
 0.57638888889E+01 0.32280971420E-02 0.14966380513E+02 0.10637759272E+01 0.10683924494E+01 0.97947632861E+00 0.10031018085E+01-0.33466594650E-02 0.15170147507E+01
 0.57812500000E+01 0.32374859994E-02 0.14967384579E+02 0.10638540550E+01 0.10684707198E+01 0.97941576132E+00 0.10031104563E+01-0.33446575938E-02 0.15169602999E+01
 0.57986111111E+01 0.32471776370E-02 0.14968386919E+02 0.10639321908E+01 0.10685490514E+01 0.97935323542E+00 0.10031193807E+01-0.33425417658E-02 0.15168763148E+01
 0.58159722222E+01 0.32574970256E-02 0.14969376064E+02 0.10640100412E+01 0.10686272139E+01 0.97928665355E+00 0.10031288806E+01-0.33405813968E-02 0.15168206200E+01
 0.58333333333E+01 0.32683864895E-02 0.14970340377E+02 0.10640873291E+01 0.10687048330E+01 0.97921638675E+00 0.10031389024E+01-0.33389466627E-02 0.15168322135E+01
 0.58506944444E+01 0.32791441310E-02 0.14971316206E+02 0.10641639870E+01 0.10687816990E+01 0.97914696379E+00 0.10031488000E+01-0.33373789817E-02 0.15168591172E+01
 0.58680555556E+01 0.32893460779E-02 0.14972307397E+02 0.10642400348E+01 0.10688577212E+01 0.97908112069E+00 0.10031581837E+01-0.33355879996E-02 0.15168366604E+01
 0.58854166667E+01 0.32991817409E-02 0.14973298107E+02 0.10643157477E+01 0.10689331779E+01 0.97901763583E+00 0.10031672279E+01-0.33335637101E-02 0.15167611817E+01
 0.59027777778E+01 0.33087500013E-02 0.14974291773E+02 0.10643913549E+01 0.10690083277E+01 0.97895587153E+00 0.10031760240E+01-0.33315466050E-02 0.15166883496E+01
 0.59201388889E+01 0.33180809231E-02 0.14975290516E+02 0.10644670868E+01 0.10690834042E+01 0.97889563413E+00 0.10031845997E+01-0.33296655063E-02 0.15166478661E+01
 0.59375000000E+01 0.33274869472E-02 0.14976289703E+02 0.10645430244E+01 0.10691586234E+01 0.97883490676E+00 0.10031932422E+01-0.33278652175E-02 0.15166248702E+01
 0.59548611111E+01 0.33373397347E-02 0.14977289775E+02 0.10646190984E+01 0.10692339540E+01 0.97877128946E+00 0.10032022929E+01-0.33260290434E-02 0.15165911344E+01
 0.59722222222E+01 0.33477885472E-02 0.14978286610E+02 0.10646950463E+01 0.10693090829E+01 0.97870381756E+00 0.10032118884E+01-0.33241114979E-02 0.15165350052E+01
 0.59895833333E+01 0.33586346701E-02 0.14979264784E+02 0.10647707443E+01 0.10693837236E+01 0.97863377335E+00 0.10032218459E+01-0.33220722503E-02 0.15164477210E+01
 0.60069444444E+01 0.33693119938E-02 0.14980248534E+02 0.10648465837E+01 0.10694580737E+01 0.97856481254E+00 0.10032316455E+01-0.33200253516E-02 0.15163621857E+01
 0.60243055556E+01 0.33794905201E-02 0.14981236598E+02 0.10649228040E+01 0.10695324253E+01 0.97849906708E+00 0.10032409847E+01-0.33181567613E-02 0.15163221958E+01
 0.60416666667E+01 0.33892594091E-02 0.14982232293E+02 0.10649991386E+01 0.10696067959E+01 0.97843596187E+00 0.10032499456E+01-0.33163789546E-02 0.15163055621E+01
 0.60590277778E+01 0.33987736910E-02 0.14983230673E+02 0.10650753536E+01 0.10696811487E+01 0.97837449603E+00 0.10032586706E+01-0.33145723515E-02 0.15162817136E+01
 0.60763888889E+01 0.34083296574E-02 0.14984221987E+02 0.10651517558E+01 0.10697556190E+01 0.97831275557E+00 0.10032674316E+01-0.33126166320E-02 0.15162231681E+01
 0.60937500000E+01 0.34180214062E-02 0.14985221717E+02 0.10652285297E+01 0.10698302287E+01 0.97825013239E+00 0.10032763147E+01-0.33104638224E-02 0.15161203905E+01
 0.61111111111E+01 0.34281943087E-02 0.14986212634E+02 0.10653054228E+01 0.10699047277E+01 0.97818439433E+00 0.10032856364E+01-0.33084249319E-02 0.15160405845E+01
 0.61284722222E+01 0.34389443199E-02 0.14987196912E+02 0.10653819911E+01 0.10699788183E+01 0.97811492039E+00 0.10032954840E+01-0.33067072123E-02 0.15160300365E+01
 0.61458333333E+01 0.34498228748E-02 0.14988191228E+02 0.10654581433E+01 0.10700525907E+01 0.97804460885E+00 0.10033054464E+01-0.33050861320E-02 0.15160403895E+01
 0.61631944444E+01 0.34603503490E-02 0.14989200401E+02 0.10655339553E+01 0.10701261733E+01 0.97797655986E+00 0.10033150845E+01-0.33034140005E-02 0.15160398231E+01
 0.61805555556E+01 0.34704461566E-02 0.14990201652E+02 0.10656096536E+01 0.10701996332E+01 0.97791129507E+00 0.10033243247E+01-0.33015389667E-02 0.15159925477E+01
 0.61979166667E+01 0.34802311463E-02 0.14991189898E+02 0.10656853679E+01 0.10702730258E+01 0.97784803389E+00 0.10033332781E+01-0.32994558119E-02 0.15158970641E+01
 0.62152777778E+01 0.34898090214E-02 0.14992176252E+02 0.10657609839E+01 0.10703462217E+01 0.97778610632E+00 0.10033420396E+01-0.32974468262E-02 0.15158184265E+01
 0.62326388889E+01 0.34992465284E-02 0.14993176634E+02 0.10658361425E+01 0.10704188966E+01 0.97772508108E+00 0.10033506705E+01-0.32956577221E-02 0.15157897727E+01
 0.62500000000E+01 0.35086482689E-02 0.14994189097E+02 0.10659106351E+01 0.10704909323E+01 0.97766428194E+00 0.10033592664E+01-0.32939852681E-02 0.15157848800E+01
