 0.25173611111E+01 0.13573673820E-02 0.14786605741E+02 0.10500422038E+01 0.10552175239E+01 0.99144260220E+00 0.10013352405E+01-0.35981119141E-02 0.14902592349E+01
 0.25347222222E+01 0.13675109441E-02 0.14787524157E+02 0.10501182830E+01 0.10552914314E+01 0.99137826011E+00 0.10013450511E+01-0.35981705801E-02 0.14907833391E+01
 0.25520833333E+01 0.13778108064E-02 0.14788440258E+02 0.10501939365E+01 0.10553650924E+01 0.99131292058E+00 0.10013550103E+01-0.35982339956E-02 0.14913043031E+01
 0.25694444444E+01 0.13880844086E-02 0.14789367186E+02 0.10502690328E+01 0.10554380454E+01 0.99124774161E+00 0.10013649414E+01-0.35982256210E-02 0.14918088897E+01
 0.25868055556E+01 0.13981416260E-02 0.14790321271E+02 0.10503436030E+01 0.10555102123E+01 0.99118392963E+00 0.10013746609E+01-0.35979809366E-02 0.14922651675E+01
 0.26041666667E+01 0.14079286555E-02 0.14791280728E+02 0.10504179588E+01 0.10555819353E+01 0.99112182642E+00 0.10013841170E+01-0.35976735284E-02 0.14927078892E+01
 0.26215277778E+01 0.14176354771E-02 0.14792220195E+02 0.10504921471E+01 0.10556535079E+01 0.99106022677E+00 0.10013934932E+01-0.35975831747E-02 0.14931912032E+01
 0.26388888889E+01 0.14274835284E-02 0.14793139409E+02 0.10505661638E+01 0.10557250107E+01 0.99099772539E+00 0.10014030034E+01-0.35975954124E-02 0.14936909731E+01
 0.26562500000E+01 0.14375178140E-02 0.14794057675E+02 0.10506398514E+01 0.10557961673E+01 0.99093403636E+00 0.10014126911E+01-0.35975614059E-02 0.14941778636E+01
 0.26736111111E+01 0.14476540970E-02 0.14794980762E+02 0.10507128328E+01 0.10558663221E+01 0.99086969411E+00 0.10014224747E+01-0.35974415767E-02 0.14946434925E+01
 0.26909722222E+01 0.14577500632E-02 0.14795925577E+02 0.10507850814E+01 0.10559352989E+01 0.99080560195E+00 0.10014322169E+01-0.35971297758E-02 0.14950680820E+01
 0.27083333333E+01 0.14677831719E-02 0.14796880334E+02 0.10508572971E+01 0.10560038763E+01 0.99074190307E+00 0.10014418960E+01-0.35967419690E-02 0.14954780654E+01
 0.27256944444E+01 0.14778027641E-02 0.14797812608E+02 0.10509296156E+01 0.10560723868E+01 0.99067828427E+00 0.10014515596E+01-0.35964803229E-02 0.14959122777E+01
 0.27430555556E+01 0.14877283432E-02 0.14798756713E+02 0.10510015189E+01 0.10561404179E+01 0.99061525674E+00 0.10014611301E+01-0.35962478961E-02 0.14963508158E+01
 0.27604166667E+01 0.14976116717E-02 0.14799690295E+02 0.10510729920E+01 0.10562078206E+01 0.99055249192E+00 0.10014706575E+01-0.35959207542E-02 0.14967657139E+01
 0.27777777778E+01 0.15075562945E-02 0.14800622432E+02 0.10511444270E+01 0.10562749331E+01 0.99048933222E+00 0.10014802415E+01-0.35955576295E-02 0.14971725009E+01
 0.27951388889E+01 0.15175130162E-02 0.14801561753E+02 0.10512157980E+01 0.10563418813E+01 0.99042609001E+00 0.10014898348E+01-0.35951175000E-02 0.14975630262E+01
 0.28125000000E+01 0.15274514273E-02 0.14802502617E+02 0.10512867643E+01 0.10564083712E+01 0.99036295847E+00 0.10014994080E+01-0.35945280219E-02 0.14979195635E+01
 0.28298611111E+01 0.15374062669E-02 0.14803446212E+02 0.10513573408E+01 0.10564743422E+01 0.99029971690E+00 0.10015089946E+01-0.35940194347E-02 0.14982902984E+01
 0.28472222222E+01 0.15473690708E-02 0.14804387813E+02 0.10514277135E+01 0.10565399842E+01 0.99023641908E+00 0.10015185865E+01-0.35936562118E-02 0.14986894260E+01
 0.28645833333E+01 0.15573225010E-02 0.14805332402E+02 0.10514979921E+01 0.10566054467E+01 0.99017317514E+00 0.10015281669E+01-0.35932432764E-02 0.14990774472E+01
 0.28819444444E+01 0.15672665055E-02 0.14806278003E+02 0.10515681170E+01 0.10566707665E+01 0.99010998544E+00 0.10015377358E+01-0.35927556012E-02 0.14994483784E+01
 0.28993055556E+01 0.15772179014E-02 0.14807220976E+02 0.10516380189E+01 0.10567358675E+01 0.99004674312E+00 0.10015473094E+01-0.35922164875E-02 0.14998063079E+01
 0.29166666667E+01 0.15872322864E-02 0.14808156568E+02 0.10517078454E+01 0.10568007342E+01 0.98998309477E+00 0.10015569411E+01-0.35916262560E-02 0.15001520477E+01
 0.29340277778E+01 0.15972935360E-02 0.14809087405E+02 0.10517778632E+01 0.10568656725E+01 0.98991914280E+00 0.10015666154E+01-0.35909810699E-02 0.15004868396E+01
 0.29513888889E+01 0.16072087532E-02 0.14810027619E+02 0.10518480101E+01 0.10569307077E+01 0.98985611338E+00 0.10015761469E+01-0.35901830162E-02 0.15007913503E+01
 0.29687500000E+01 0.16169781672E-02 0.14810981923E+02 0.10519177685E+01 0.10569955144E+01 0.98979400531E+00 0.10015855359E+01-0.35894304876E-02 0.15011033553E+01
 0.29861111111E+01 0.16267934676E-02 0.14811930161E+02 0.10519871433E+01 0.10570600015E+01 0.98973160003E+00 0.10015949666E+01-0.35889676006E-02 0.15014721626E+01
 0.30034722222E+01 0.16366857952E-02 0.14812873461E+02 0.10520567305E+01 0.10571245551E+01 0.98966869943E+00 0.10016044690E+01-0.35885447289E-02 0.15018493091E+01
 0.30208333333E+01 0.16467457061E-02 0.14813815336E+02 0.10521269644E+01 0.10571897351E+01 0.98960472751E+00 0.10016141298E+01-0.35879164422E-02 0.15021853189E+01
 0.30381944444E+01 0.16569151243E-02 0.14814753793E+02 0.10521975716E+01 0.10572555627E+01 0.98954005334E+00 0.10016238933E+01-0.35871175704E-02 0.15024850949E+01
 0.30555555556E+01 0.16670580805E-02 0.14815690222E+02 0.10522677048E+01 0.10573212226E+01 0.98947554156E+00 0.10016336289E+01-0.35862840604E-02 0.15027729890E+01
 0.30729166667E+01 0.16771064245E-02 0.14816637376E+02 0.10523369362E+01 0.10573860058E+01 0.98941162573E+00 0.10016432712E+01-0.35855460414E-02 0.15030765645E+01
 0.30902777778E+01 0.16870229223E-02 0.14817586613E+02 0.10524057163E+01 0.10574500916E+01 0.98934854289E+00 0.10016527845E+01-0.35849320854E-02 0.15034042866E+01
 0.31076388889E+01 0.16968632610E-02 0.14818536568E+02 0.10524748156E+01 0.10575143147E+01 0.98928593897E+00 0.10016622224E+01-0.35842521291E-02 0.15037198583E+01
 0.31250000000E+01 0.17067038288E-02 0.14819485389E+02 0.10525444979E+01 0.10575791754E+01 0.98922332804E+00 0.10016716582E+01-0.35833776978E-02 0.15039962420E+01
