 0.12673611111E+01 0.64192489270E-03 0.14720684683E+02 0.10421917393E+01 0.10463962122E+01 0.99596601060E+00 0.10006369949E+01-0.35458075988E-02 0.14268370939E+01
 0.12847222222E+01 0.65188498615E-03 0.14721574404E+02 0.10423812963E+01 0.10466237739E+01 0.99590323654E+00 0.10006468004E+01-0.35463354210E-02 0.14282777750E+01
 0.13020833333E+01 0.66183442061E-03 0.14722465963E+02 0.10425668869E+01 0.10468463235E+01 0.99584052407E+00 0.10006565930E+01-0.35468808390E-02 0.14296877556E+01
 0.13194444444E+01 0.67177302072E-03 0.14723358336E+02 0.10427486961E+01 0.10470639951E+01 0.99577787431E+00 0.10006663726E+01-0.35475003976E-02 0.14310803398E+01
 0.13368055556E+01 0.68169071773E-03 0.14724252370E+02 0.10429269055E+01 0.10472771430E+01 0.99571535076E+00 0.10006761292E+01-0.35481976034E-02 0.14324575334E+01
 0.13541666667E+01 0.69159740231E-03 0.14725145319E+02 0.10431013830E+01 0.10474857973E+01 0.99565289110E+00 0.10006858725E+01-0.35489189195E-02 0.14338075285E+01
 0.13715277778E+01 0.70149382281E-03 0.14726043239E+02 0.10432720363E+01 0.10476898611E+01 0.99559049061E+00 0.10006956034E+01-0.35496526835E-02 0.14351285692E+01
 0.13888888889E+01 0.71137921193E-03 0.14726943541E+02 0.10434389374E+01 0.10478892779E+01 0.99552815416E+00 0.10007053211E+01-0.35504632866E-02 0.14364345954E+01
 0.14062500000E+01 0.72128624593E-03 0.14727839999E+02 0.10436021726E+01 0.10480840899E+01 0.99546567568E+00 0.10007150577E+01-0.35513778576E-02 0.14377315783E+01
 0.14236111111E+01 0.73122080482E-03 0.14728735746E+02 0.10437620108E+01 0.10482746593E+01 0.99540301805E+00 0.10007248189E+01-0.35523365524E-02 0.14390099045E+01
 0.14409722222E+01 0.74115149771E-03 0.14729635412E+02 0.10439186380E+01 0.10484613801E+01 0.99534037923E+00 0.10007345740E+01-0.35532962716E-02 0.14402624518E+01
 0.14583333333E+01 0.75104371925E-03 0.14730536904E+02 0.10440719867E+01 0.10486442924E+01 0.99527797753E+00 0.10007442889E+01-0.35542813292E-02 0.14414936162E+01
 0.14756944444E+01 0.76092476144E-03 0.14731439173E+02 0.10442219181E+01 0.10488231771E+01 0.99521564084E+00 0.10007539904E+01-0.35552867259E-02 0.14427022819E+01
 0.14930555556E+01 0.77080780576E-03 0.14732342062E+02 0.10443683977E+01 0.10489978318E+01 0.99515328599E+00 0.10007636916E+01-0.35563143028E-02 0.14438896683E+01
 0.15104166667E+01 0.78071140302E-03 0.14733242848E+02 0.10445117044E+01 0.10491683593E+01 0.99509079593E+00 0.10007734105E+01-0.35573963281E-02 0.14450648004E+01
 0.15277777778E+01 0.79064079312E-03 0.14734144340E+02 0.10446523464E+01 0.10493352898E+01 0.99502813755E+00 0.10007831524E+01-0.35585348425E-02 0.14462317344E+01
 0.15451388889E+01 0.80060605233E-03 0.14735047293E+02 0.10447904810E+01 0.10494989770E+01 0.99496524722E+00 0.10007929271E+01-0.35597270515E-02 0.14473905708E+01
 0.15625000000E+01 0.81058111311E-03 0.14735950069E+02 0.10449259218E+01 0.10496594559E+01 0.99490228940E+00 0.10008027090E+01-0.35609139304E-02 0.14485275990E+01
 0.15798611111E+01 0.82052948625E-03 0.14736856048E+02 0.10450584049E+01 0.10498164146E+01 0.99483949442E+00 0.10008124623E+01-0.35619882041E-02 0.14496203640E+01
 0.15972222222E+01 0.83042620058E-03 0.14737764711E+02 0.10451880699E+01 0.10499697937E+01 0.99477701996E+00 0.10008221626E+01-0.35629595719E-02 0.14506727971E+01
 0.16145833333E+01 0.84029303946E-03 0.14738671770E+02 0.10453152980E+01 0.10501198947E+01 0.99471472857E+00 0.10008318313E+01-0.35639754154E-02 0.14517174195E+01
 0.16319444444E+01 0.85016899783E-03 0.14739577214E+02 0.10454403097E+01 0.10502669292E+01 0.99465237410E+00 0.10008415066E+01-0.35651507538E-02 0.14527793362E+01
 0.16493055556E+01 0.86008958870E-03 0.14740481695E+02 0.10455632741E+01 0.10504109084E+01 0.99458973226E+00 0.10008512232E+01-0.35664258864E-02 0.14538481970E+01
 0.16666666667E+01 0.87006527237E-03 0.14741388733E+02 0.10456842238E+01 0.10505520021E+01 0.99452673694E+00 0.10008609915E+01-0.35676385610E-02 0.14548910669E+01
 0.16840277778E+01 0.88006696745E-03 0.14742300194E+02 0.10458031810E+01 0.10506903942E+01 0.99446357170E+00 0.10008707827E+01-0.35686817136E-02 0.14558862608E+01
 0.17013888889E+01 0.89005451060E-03 0.14743211708E+02 0.10459200139E+01 0.10508259924E+01 0.99440049018E+00 0.10008805577E+01-0.35695924659E-02 0.14568402496E+01
 0.17187500000E+01 0.90001436882E-03 0.14744118253E+02 0.10460345665E+01 0.10509585483E+01 0.99433757789E+00 0.10008903033E+01-0.35704628830E-02 0.14577710816E+01
 0.17361111111E+01 0.90992420371E-03 0.14745027305E+02 0.10461469999E+01 0.10510879430E+01 0.99427497600E+00 0.10008999975E+01-0.35713475086E-02 0.14586931519E+01
 0.17534722222E+01 0.91977438249E-03 0.14745941527E+02 0.10462578429E+01 0.10512144908E+01 0.99421274545E+00 0.10009096310E+01-0.35723313541E-02 0.14596280046E+01
 0.17708333333E+01 0.92966937650E-03 0.14746855007E+02 0.10463674253E+01 0.10513387281E+01 0.99415022624E+00 0.10009193061E+01-0.35734545144E-02 0.14605841685E+01
 0.17881944444E+01 0.93964288863E-03 0.14747767651E+02 0.10464756250E+01 0.10514608455E+01 0.99408720532E+00 0.10009290555E+01-0.35745898475E-02 0.14615335592E+01
 0.18055555556E+01 0.94968850534E-03 0.14748677635E+02 0.10465819304E+01 0.10515806191E+01 0.99402372307E+00 0.10009388729E+01-0.35756360121E-02 0.14624513074E+01
 0.18229166667E+01 0.95972193230E-03 0.14749589008E+02 0.10466862083E+01 0.10516979130E+01 0.99396031215E+00 0.10009486761E+01-0.35765459528E-02 0.14633282391E+01
 0.18402777778E+01 0.96966250917E-03 0.14750506490E+02 0.10467888097E+01 0.10518127988E+01 0.99389748241E+00 0.10009583862E+01-0.35773330970E-02 0.14641709625E+01
 0.18576388889E+01 0.97955098691E-03 0.14751426047E+02 0.10468901433E+01 0.10519255282E+01 0.99383497640E+00 0.10009680430E+01-0.35781225484E-02 0.14650074185E+01
 0.18750000000E+01 0.98940458806E-03 0.14752345203E+02 0.10469902084E+01 0.10520362146E+01 0.99377268534E+00 0.10009776634E+01-0.35790009244E-02 0.14658542710E+01
