 0.43923611111E+01 0.24352443443E-02 0.14889253491E+02 0.10575794779E+01 0.10623028158E+01 0.98457252380E+00 0.10023636384E+01-0.34942326437E-02 0.15163313333E+01
 0.44097222222E+01 0.24454266235E-02 0.14890217233E+02 0.10576539956E+01 0.10623749535E+01 0.98450730634E+00 0.10023732173E+01-0.34925280861E-02 0.15163913901E+01
 0.44270833333E+01 0.24555043670E-02 0.14891196144E+02 0.10577287649E+01 0.10624474430E+01 0.98444275254E+00 0.10023826953E+01-0.34907195790E-02 0.15164308501E+01
 0.44444444444E+01 0.24655668130E-02 0.14892166458E+02 0.10578033265E+01 0.10625197845E+01 0.98437829087E+00 0.10023921564E+01-0.34889889035E-02 0.15164847811E+01
 0.44618055556E+01 0.24755028068E-02 0.14893141630E+02 0.10578775603E+01 0.10625916756E+01 0.98431463353E+00 0.10024014961E+01-0.34873315824E-02 0.15165540018E+01
 0.44791666667E+01 0.24852403211E-02 0.14894117576E+02 0.10579519475E+01 0.10626634072E+01 0.98425224227E+00 0.10024106469E+01-0.34856626644E-02 0.15166221279E+01
 0.44965277778E+01 0.24949991600E-02 0.14895073510E+02 0.10580270105E+01 0.10627356921E+01 0.98418970888E+00 0.10024198154E+01-0.34838188395E-02 0.15166524296E+01
 0.45138888889E+01 0.25049653789E-02 0.14896017303E+02 0.10581026649E+01 0.10628088307E+01 0.98412584094E+00 0.10024291763E+01-0.34818288097E-02 0.15166497098E+01
 0.45312500000E+01 0.25151295514E-02 0.14896969730E+02 0.10581785882E+01 0.10628825873E+01 0.98406069851E+00 0.10024387205E+01-0.34799992050E-02 0.15166813580E+01
 0.45486111111E+01 0.25254244918E-02 0.14897937235E+02 0.10582544804E+01 0.10629563662E+01 0.98399471191E+00 0.10024483850E+01-0.34784352697E-02 0.15167712536E+01
 0.45659722222E+01 0.25356969089E-02 0.14898917311E+02 0.10583302319E+01 0.10630298533E+01 0.98392886356E+00 0.10024580257E+01-0.34769955103E-02 0.15168890325E+01
 0.45833333333E+01 0.25458419618E-02 0.14899893091E+02 0.10584059473E+01 0.10631031787E+01 0.98386382565E+00 0.10024675442E+01-0.34755405386E-02 0.15170029963E+01
 0.46006944444E+01 0.25558844425E-02 0.14900857566E+02 0.10584818873E+01 0.10631766843E+01 0.98379943945E+00 0.10024769641E+01-0.34738468253E-02 0.15170643747E+01
 0.46180555556E+01 0.25658459685E-02 0.14901811013E+02 0.10585582734E+01 0.10632508067E+01 0.98373556652E+00 0.10024863055E+01-0.34717985420E-02 0.15170485278E+01
 0.46354166667E+01 0.25756233602E-02 0.14902778712E+02 0.10586349458E+01 0.10633255497E+01 0.98367286866E+00 0.10024954718E+01-0.34696284155E-02 0.15170073523E+01
 0.46527777778E+01 0.25853934165E-02 0.14903761892E+02 0.10587114739E+01 0.10634003472E+01 0.98361021233E+00 0.10025046289E+01-0.34676095056E-02 0.15169979308E+01
 0.46701388889E+01 0.25954351215E-02 0.14904747269E+02 0.10587876575E+01 0.10634747705E+01 0.98354580813E+00 0.10025140381E+01-0.34658824995E-02 0.15170489240E+01
 0.46875000000E+01 0.26057057109E-02 0.14905721611E+02 0.10588637827E+01 0.10635490133E+01 0.98347992990E+00 0.10025236592E+01-0.34644393782E-02 0.15171593035E+01
 0.47048611111E+01 0.26161241079E-02 0.14906680246E+02 0.10589400181E+01 0.10636232958E+01 0.98341309736E+00 0.10025334161E+01-0.34630685544E-02 0.15172837478E+01
 0.47222222222E+01 0.26264588723E-02 0.14907642591E+02 0.10590163461E+01 0.10636976940E+01 0.98334679510E+00 0.10025430920E+01-0.34615097949E-02 0.15173679556E+01
 0.47395833333E+01 0.26364584650E-02 0.14908616217E+02 0.10590929135E+01 0.10637724774E+01 0.98328263724E+00 0.10025524515E+01-0.34595964888E-02 0.15173768998E+01
 0.47569444444E+01 0.26461726060E-02 0.14909607430E+02 0.10591696526E+01 0.10638476462E+01 0.98322030530E+00 0.10025615415E+01-0.34573960968E-02 0.15173246907E+01
 0.47743055556E+01 0.26557982611E-02 0.14910601402E+02 0.10592464768E+01 0.10639230838E+01 0.98315853576E+00 0.10025705464E+01-0.34552725912E-02 0.15172885972E+01
 0.47916666667E+01 0.26654888948E-02 0.14911577965E+02 0.10593230678E+01 0.10639983684E+01 0.98309634382E+00 0.10025796098E+01-0.34535107137E-02 0.15173273303E+01
 0.48090277778E+01 0.26754110660E-02 0.14912537665E+02 0.10593991665E+01 0.10640730932E+01 0.98303266029E+00 0.10025888873E+01-0.34519820071E-02 0.15174115271E+01
 0.48263888889E+01 0.26856077294E-02 0.14913486295E+02 0.10594751652E+01 0.10641476509E+01 0.98296720905E+00 0.10025984189E+01-0.34504537519E-02 0.15174929323E+01
 0.48437500000E+01 0.26958716060E-02 0.14914454789E+02 0.10595516177E+01 0.10642226616E+01 0.98290132029E+00 0.10026080107E+01-0.34487542810E-02 0.15175402383E+01
 0.48611111111E+01 0.27059836796E-02 0.14915439151E+02 0.10596286120E+01 0.10642983457E+01 0.98283640007E+00 0.10026174581E+01-0.34468456295E-02 0.15175450841E+01
 0.48784722222E+01 0.27159513939E-02 0.14916426760E+02 0.10597057327E+01 0.10643742798E+01 0.98277240083E+00 0.10026267682E+01-0.34449254298E-02 0.15175478258E+01
 0.48958333333E+01 0.27258069911E-02 0.14917412046E+02 0.10597826341E+01 0.10644499607E+01 0.98270911581E+00 0.10026359711E+01-0.34431146954E-02 0.15175727820E+01
 0.49131944444E+01 0.27357603898E-02 0.14918380335E+02 0.10598594124E+01 0.10645254122E+01 0.98264519706E+00 0.10026452629E+01-0.34413743021E-02 0.15176098153E+01
 0.49305555556E+01 0.27458535458E-02 0.14919343181E+02 0.10599363922E+01 0.10646010746E+01 0.98258037496E+00 0.10026546826E+01-0.34395336646E-02 0.15176239945E+01
 0.49479166667E+01 0.27558719467E-02 0.14920310956E+02 0.10600136036E+01 0.10646771486E+01 0.98251602712E+00 0.10026640301E+01-0.34375273843E-02 0.15176022177E+01
 0.49652777778E+01 0.27657600093E-02 0.14921286691E+02 0.10600908371E+01 0.10647533539E+01 0.98245251073E+00 0.10026732535E+01-0.34355889340E-02 0.15175956988E+01
 0.49826388889E+01 0.27755651245E-02 0.14922270652E+02 0.10601679879E+01 0.10648294133E+01 0.98238952157E+00 0.10026823972E+01-0.34338448218E-02 0.15176320583E+01
 0.50000000000E+01 0.27854225074E-02 0.14923250490E+02 0.10602451261E+01 0.10649053085E+01 0.98232619100E+00 0.10026915872E+01-0.34321859545E-02 0.15176858901E+01
