 0.11267361111E+02 0.64152244358E-02 0.15294151331E+02 0.10858402066E+01 0.10899726672E+01 0.95861819084E+00 0.10059093456E+01-0.28745548903E-02 0.15016607336E+01
 0.11284722222E+02 0.64243600371E-02 0.15295266471E+02 0.10859029759E+01 0.10900349293E+01 0.95855753556E+00 0.10059170198E+01-0.28734111868E-02 0.15016212068E+01
 0.11302083333E+02 0.64335837269E-02 0.15296353299E+02 0.10859651608E+01 0.10900967812E+01 0.95849629035E+00 0.10059247657E+01-0.28727159336E-02 0.15016924628E+01
 0.11319444444E+02 0.64432246053E-02 0.15297426205E+02 0.10860267685E+01 0.10901580606E+01 0.95843226956E+00 0.10059328597E+01-0.28720502968E-02 0.15017659993E+01
 0.11336805556E+02 0.64533325057E-02 0.15298504461E+02 0.10860882164E+01 0.10902191025E+01 0.95836514150E+00 0.10059413432E+01-0.28709058981E-02 0.15017115480E+01
 0.11354166667E+02 0.64640413311E-02 0.15299574835E+02 0.10861495640E+01 0.10902800216E+01 0.95829401593E+00 0.10059503282E+01-0.28695031969E-02 0.15015854621E+01
 0.11371527778E+02 0.64751608641E-02 0.15300640192E+02 0.10862107054E+01 0.10903407467E+01 0.95822015527E+00 0.10059596546E+01-0.28683549285E-02 0.15015235608E+01
 0.11388888889E+02 0.64862343516E-02 0.15301714840E+02 0.10862715845E+01 0.10904012066E+01 0.95814659311E+00 0.10059689392E+01-0.28675459316E-02 0.15015513939E+01
 0.11406250000E+02 0.64969528721E-02 0.15302810761E+02 0.10863320531E+01 0.10904612891E+01 0.95807538204E+00 0.10059779232E+01-0.28669727734E-02 0.15016438496E+01
 0.11423611111E+02 0.65071064062E-02 0.15303918761E+02 0.10863917287E+01 0.10905206911E+01 0.95800791825E+00 0.10059864308E+01-0.28661889992E-02 0.15016829920E+01
 0.11440972222E+02 0.65164649137E-02 0.15305024109E+02 0.10864509117E+01 0.10905795709E+01 0.95794573146E+00 0.10059942700E+01-0.28648218280E-02 0.15015706764E+01
 0.11458333333E+02 0.65253619028E-02 0.15306115332E+02 0.10865103314E+01 0.10906384526E+01 0.95788660657E+00 0.10060017205E+01-0.28632861086E-02 0.15014145340E+01
 0.11475694444E+02 0.65344898044E-02 0.15307176189E+02 0.10865701465E+01 0.10906975690E+01 0.95782594224E+00 0.10060093622E+01-0.28621724497E-02 0.15013648394E+01
 0.11493055556E+02 0.65443364230E-02 0.15308211900E+02 0.10866296667E+01 0.10907563415E+01 0.95776049571E+00 0.10060176032E+01-0.28615546055E-02 0.15014387892E+01
 0.11510416667E+02 0.65546542042E-02 0.15309250921E+02 0.10866884557E+01 0.10908142992E+01 0.95769191134E+00 0.10060262358E+01-0.28610189709E-02 0.15015312255E+01
 0.11527777778E+02 0.65650939153E-02 0.15310363564E+02 0.10867470112E+01 0.10908719324E+01 0.95762251001E+00 0.10060349677E+01-0.28601410432E-02 0.15015400560E+01
 0.11545138889E+02 0.65755345845E-02 0.15311506206E+02 0.10868059675E+01 0.10909298893E+01 0.95755309581E+00 0.10060436975E+01-0.28586460613E-02 0.15013907541E+01
 0.11562500000E+02 0.65860651186E-02 0.15312631900E+02 0.10868654193E+01 0.10909882505E+01 0.95748307755E+00 0.10060524996E+01-0.28569049821E-02 0.15011761524E+01
 0.11579861111E+02 0.65966201047E-02 0.15313693704E+02 0.10869248016E+01 0.10910464604E+01 0.95741289008E+00 0.10060613193E+01-0.28557124082E-02 0.15010997056E+01
 0.11597222222E+02 0.66070285201E-02 0.15314733225E+02 0.10869834560E+01 0.10911038168E+01 0.95734367075E+00 0.10060700137E+01-0.28552026031E-02 0.15011998099E+01
 0.11614583333E+02 0.66170656789E-02 0.15315787036E+02 0.10870413778E+01 0.10911602499E+01 0.95727691428E+00 0.10060783953E+01-0.28546658343E-02 0.15012941784E+01
 0.11631944444E+02 0.66268008241E-02 0.15316858658E+02 0.10870995870E+01 0.10912167934E+01 0.95721216076E+00 0.10060865222E+01-0.28535831953E-02 0.15012488381E+01
 0.11649305556E+02 0.66365365679E-02 0.15317961558E+02 0.10871584523E+01 0.10912739625E+01 0.95714739760E+00 0.10060946471E+01-0.28522053805E-02 0.15011310733E+01
 0.11666666667E+02 0.66461582231E-02 0.15319097118E+02 0.10872173882E+01 0.10913313390E+01 0.95708338783E+00 0.10061026744E+01-0.28506209231E-02 0.15009613519E+01
 0.11684027778E+02 0.66559564919E-02 0.15320222865E+02 0.10872758185E+01 0.10913883086E+01 0.95701819743E+00 0.10061108467E+01-0.28492566181E-02 0.15008445852E+01
 0.11701388889E+02 0.66662262806E-02 0.15321293336E+02 0.10873340008E+01 0.10914449058E+01 0.95694986376E+00 0.10061194095E+01-0.28486468259E-02 0.15009184097E+01
 0.11718750000E+02 0.66768690053E-02 0.15322335263E+02 0.10873922281E+01 0.10915013619E+01 0.95687904198E+00 0.10061282803E+01-0.28482314115E-02 0.15010406297E+01
 0.11736111111E+02 0.66874290368E-02 0.15323425529E+02 0.10874506903E+01 0.10915580173E+01 0.95680876381E+00 0.10061370794E+01-0.28473866022E-02 0.15010555610E+01
 0.11753472222E+02 0.66977997491E-02 0.15324533489E+02 0.10875092910E+01 0.10916150206E+01 0.95673973911E+00 0.10061457178E+01-0.28461037159E-02 0.15009569999E+01
 0.11770833333E+02 0.67080954898E-02 0.15325648977E+02 0.10875676481E+01 0.10916720425E+01 0.95667120705E+00 0.10061542911E+01-0.28444546508E-02 0.15007610372E+01
 0.11788194444E+02 0.67183456945E-02 0.15326759017E+02 0.10876255920E+01 0.10917286897E+01 0.95660297181E+00 0.10061628237E+01-0.28428512637E-02 0.15005750685E+01
 0.11805555556E+02 0.67284717490E-02 0.15327844048E+02 0.10876832122E+01 0.10917849445E+01 0.95653555687E+00 0.10061712503E+01-0.28420776507E-02 0.15006049483E+01
 0.11822916667E+02 0.67385179299E-02 0.15328894968E+02 0.10877404289E+01 0.10918407198E+01 0.95646866765E+00 0.10061796078E+01-0.28420570637E-02 0.15008297332E+01
 0.11840277778E+02 0.67484987031E-02 0.15329971758E+02 0.10877975639E+01 0.10918963569E+01 0.95640220795E+00 0.10061879083E+01-0.28417453488E-02 0.15009802101E+01
 0.11857638889E+02 0.67584535465E-02 0.15331086095E+02 0.10878548930E+01 0.10919523233E+01 0.95633591498E+00 0.10061961846E+01-0.28404418329E-02 0.15008724366E+01
 0.11875000000E+02 0.67684061294E-02 0.15332232168E+02 0.10879121555E+01 0.10920085171E+01 0.95626963115E+00 0.10062044565E+01-0.28383848151E-02 0.15005667968E+01
