 0.62673611111E+01 0.35183716471E-02 0.14995198910E+02 0.10659847199E+01 0.10705626014E+01 0.97760139740E+00 0.10033681540E+01-0.32922815362E-02 0.15157682147E+01
 0.62847222222E+01 0.35285003565E-02 0.14996203620E+02 0.10660588766E+01 0.10706342420E+01 0.97753588557E+00 0.10033774097E+01-0.32904993521E-02 0.15157317503E+01
 0.63020833333E+01 0.35387314086E-02 0.14997208204E+02 0.10661331160E+01 0.10707058622E+01 0.97746970570E+00 0.10033867562E+01-0.32886516426E-02 0.15156798806E+01
 0.63194444444E+01 0.35489522466E-02 0.14998201803E+02 0.10662071747E+01 0.10707772544E+01 0.97740358580E+00 0.10033960908E+01-0.32868262050E-02 0.15156305566E+01
 0.63368055556E+01 0.35592107273E-02 0.14999184438E+02 0.10662808865E+01 0.10708483512E+01 0.97733721624E+00 0.10034054571E+01-0.32850247537E-02 0.15155841119E+01
 0.63541666667E+01 0.35691660071E-02 0.15000187969E+02 0.10663543147E+01 0.10709193011E+01 0.97727280242E+00 0.10034145440E+01-0.32832271669E-02 0.15155397229E+01
 0.63715277778E+01 0.35788351713E-02 0.15001182754E+02 0.10664275315E+01 0.10709901803E+01 0.97721023431E+00 0.10034233675E+01-0.32814489699E-02 0.15154977892E+01
 0.63888888889E+01 0.35884448696E-02 0.15002177078E+02 0.10665008890E+01 0.10710612421E+01 0.97714804559E+00 0.10034321343E+01-0.32797308212E-02 0.15154699195E+01
 0.64062500000E+01 0.35979409014E-02 0.15003177697E+02 0.10665744267E+01 0.10711325352E+01 0.97708658714E+00 0.10034407951E+01-0.32780732235E-02 0.15154566117E+01
 0.64236111111E+01 0.36075615379E-02 0.15004178134E+02 0.10666478612E+01 0.10712037973E+01 0.97702431688E+00 0.10034495673E+01-0.32763957688E-02 0.15154360887E+01
 0.64409722222E+01 0.36175321201E-02 0.15005187209E+02 0.10667211268E+01 0.10712749269E+01 0.97695977585E+00 0.10034586560E+01-0.32745930739E-02 0.15153842723E+01
 0.64583333333E+01 0.36277470132E-02 0.15006193611E+02 0.10667944123E+01 0.10713461612E+01 0.97689364733E+00 0.10034679649E+01-0.32727001557E-02 0.15153095665E+01
 0.64756944444E+01 0.36380285814E-02 0.15007192435E+02 0.10668680981E+01 0.10714178478E+01 0.97682708101E+00 0.10034773319E+01-0.32709505722E-02 0.15152675628E+01
 0.64930555556E+01 0.36484415273E-02 0.15008175935E+02 0.10669423508E+01 0.10714901101E+01 0.97675965780E+00 0.10034868159E+01-0.32692636124E-02 0.15152397145E+01
 0.65104166667E+01 0.36588562671E-02 0.15009162903E+02 0.10670168480E+01 0.10715627176E+01 0.97669221663E+00 0.10034962988E+01-0.32674327719E-02 0.15151796724E+01
 0.65277777778E+01 0.36689372907E-02 0.15010157560E+02 0.10670911773E+01 0.10716351835E+01 0.97662693041E+00 0.10035054752E+01-0.32655098082E-02 0.15150995777E+01
 0.65451388889E+01 0.36786064130E-02 0.15011170221E+02 0.10671652101E+01 0.10717073184E+01 0.97656430613E+00 0.10035142743E+01-0.32635811506E-02 0.15150195650E+01
 0.65625000000E+01 0.36880913512E-02 0.15012186536E+02 0.10672393864E+01 0.10717795252E+01 0.97650286945E+00 0.10035229035E+01-0.32617572787E-02 0.15149643289E+01
 0.65798611111E+01 0.36977024621E-02 0.15013191774E+02 0.10673141013E+01 0.10718522245E+01 0.97644061014E+00 0.10035316451E+01-0.32600905060E-02 0.15149449487E+01
 0.65972222222E+01 0.37076327759E-02 0.15014186050E+02 0.10673893189E+01 0.10719253861E+01 0.97637627740E+00 0.10035406747E+01-0.32584701202E-02 0.15149355019E+01
 0.66145833333E+01 0.37177421330E-02 0.15015183071E+02 0.10674646189E+01 0.10719985521E+01 0.97631077880E+00 0.10035498644E+01-0.32566781270E-02 0.15148853801E+01
 0.66319444444E+01 0.37280539500E-02 0.15016178248E+02 0.10675397518E+01 0.10720714149E+01 0.97624396231E+00 0.10035592356E+01-0.32546487730E-02 0.15147781357E+01
 0.66493055556E+01 0.37385304912E-02 0.15017183882E+02 0.10676148722E+01 0.10721440552E+01 0.97617607209E+00 0.10035687537E+01-0.32526028302E-02 0.15146676708E+01
 0.66666666667E+01 0.37489907196E-02 0.15018188114E+02 0.10676901904E+01 0.10722166456E+01 0.97610828116E+00 0.10035782542E+01-0.32507557332E-02 0.15146049066E+01
 0.66840277778E+01 0.37591977918E-02 0.15019195258E+02 0.10677660606E+01 0.10722895345E+01 0.97604212472E+00 0.10035875222E+01-0.32490970994E-02 0.15145900594E+01
 0.67013888889E+01 0.37691022385E-02 0.15020191906E+02 0.10678425439E+01 0.10723629414E+01 0.97597792389E+00 0.10035965128E+01-0.32473912344E-02 0.15145663653E+01
 0.67187500000E+01 0.37788720681E-02 0.15021196227E+02 0.10679192695E+01 0.10724365584E+01 0.97591459001E+00 0.10036053788E+01-0.32454873889E-02 0.15144983903E+01
 0.67361111111E+01 0.37885404191E-02 0.15022202600E+02 0.10679959538E+01 0.10725099906E+01 0.97585190848E+00 0.10036141504E+01-0.32433770285E-02 0.15143822641E+01
 0.67534722222E+01 0.37983056012E-02 0.15023215251E+02 0.10680727161E+01 0.10725832353E+01 0.97578859361E+00 0.10036230074E+01-0.32412239973E-02 0.15142562737E+01
 0.67708333333E+01 0.38083418792E-02 0.15024232317E+02 0.10681498916E+01 0.10726566352E+01 0.97572351520E+00 0.10036321077E+01-0.32392666942E-02 0.15141764780E+01
 0.67881944444E+01 0.38187160112E-02 0.15025234178E+02 0.10682275343E+01 0.10727304324E+01 0.97565623984E+00 0.10036415118E+01-0.32375189972E-02 0.15141442495E+01
 0.68055555556E+01 0.38292291079E-02 0.15026213077E+02 0.10683054676E+01 0.10728045780E+01 0.97558805686E+00 0.10036510390E+01-0.32357983292E-02 0.15141166830E+01
 0.68229166667E+01 0.38395488271E-02 0.15027204402E+02 0.10683837612E+01 0.10728790270E+01 0.97552112174E+00 0.10036603883E+01-0.32339628688E-02 0.15140657724E+01
 0.68402777778E+01 0.38496150950E-02 0.15028212266E+02 0.10684623390E+01 0.10729536068E+01 0.97545582452E+00 0.10036695053E+01-0.32319804012E-02 0.15139841561E+01
 0.68576388889E+01 0.38595558145E-02 0.15029229408E+02 0.10685410565E+01 0.10730282365E+01 0.97539133587E+00 0.10036785062E+01-0.32298863051E-02 0.15138779946E+01
 0.68750000000E+01 0.38694380112E-02 0.15030251774E+02 0.10686199034E+01 0.10731029811E+01 0.97532722113E+00 0.10036874516E+01-0.32278336947E-02 0.15137819147E+01
