   0.141255100E+03   0.177848524E+03   0.000000000E+00  -0.157355629E+00  -0.431393906E-01  -0.539244729E+02
   0.137853231E+03   0.173549905E+03   0.134883164E-04  -0.193131404E+00  -0.410982072E+00  -0.539249880E+02
   0.134471862E+03   0.169264244E+03  -0.284215100E-04   0.124121303E+00  -0.202472195E+00  -0.539298806E+02
   0.131117231E+03   0.165000047E+03  -0.159318721E-05   0.115295526E+00  -0.143159953E+00  -0.539322788E+02
   0.127792696E+03   0.160765626E+03   0.225417806E-04   0.167295744E-01  -0.989211899E-01  -0.539339627E+02
   0.124502020E+03   0.156569021E+03   0.256694731E-04  -0.576316173E-01  -0.611738888E-01  -0.539351159E+02
   0.121250165E+03   0.152417936E+03   0.138107353E-04  -0.181473543E-01  -0.407034337E-01  -0.539358213E+02
   0.118042556E+03   0.148319678E+03   0.100857006E-04   0.654146447E-01  -0.219408604E-01  -0.539362846E+02
   0.114884532E+03   0.144281099E+03   0.222612025E-04  -0.125194742E+00  -0.161951105E-01  -0.539365308E+02
   0.111782748E+03   0.140308553E+03  -0.926870191E-06  -0.532573570E-01  -0.119621977E-01  -0.539367095E+02
   0.108741613E+03   0.136407854E+03  -0.103120884E-04   0.758067469E-01   0.875128854E-03  -0.539368391E+02
   0.105763920E+03   0.132584252E+03   0.276015737E-05  -0.309815469E-01   0.156919306E-01  -0.539368298E+02
   0.102853748E+03   0.128842410E+03  -0.236457131E-05  -0.417689061E-01   0.253659122E-01  -0.539366667E+02
   0.100013913E+03   0.125186392E+03  -0.888006199E-05  -0.136680673E-01   0.201592662E-01  -0.539364091E+02
   0.972459508E+02   0.121619661E+03  -0.107660764E-04   0.411617012E-02   0.796083177E-02  -0.539362094E+02
   0.945505955E+02   0.118145082E+03  -0.998917089E-05  -0.138609920E+00  -0.933786602E-02  -0.539361325E+02
   0.919294205E+02   0.114764937E+03  -0.288919201E-04  -0.407871707E-02  -0.504008189E-02  -0.539362202E+02
   0.893830669E+02   0.111480937E+03  -0.289166915E-04   0.435392809E-01   0.125059512E-01  -0.539362662E+02
   0.869116452E+02   0.108294254E+03  -0.229500575E-04   0.132172504E-01   0.371343894E-01  -0.539361555E+02
   0.845165291E+02   0.105205541E+03  -0.209662950E-04   0.199860155E-01   0.546275772E-01  -0.539358369E+02
   0.821981853E+02   0.102214968E+03  -0.183331702E-04   0.107645567E+00   0.610383443E-01  -0.539353831E+02
   0.799557859E+02   0.993222558E+02  -0.641960979E-05   0.108943901E+00   0.582449383E-01  -0.539348926E+02
   0.777886852E+02   0.965267135E+02   0.484183169E-05  -0.151344624E+00   0.442154424E-01  -0.539344403E+02
   0.756956273E+02   0.938272751E+02  -0.993977949E-05  -0.159710913E+00   0.466917027E-01  -0.539341088E+02
   0.736754038E+02   0.912225389E+02  -0.244701339E-04  -0.414486513E-01   0.626825862E-01  -0.539337709E+02
   0.717266455E+02   0.887108051E+02  -0.276778495E-04   0.377269751E-01   0.776251640E-01  -0.539333336E+02
   0.698475854E+02   0.862901142E+02  -0.240979084E-04  -0.367353735E-01   0.102422427E+00  -0.539328116E+02
   0.680366758E+02   0.839582826E+02  -0.265626655E-04  -0.142661677E+00   0.134436933E+00  -0.539321482E+02
   0.662924020E+02   0.817129383E+02  -0.366669852E-04  -0.152380159E+00   0.164331202E+00  -0.539313097E+02
   0.646127540E+02   0.795515535E+02  -0.467154387E-04  -0.127333893E+00   0.195335174E+00  -0.539303231E+02
   0.629959681E+02   0.774714759E+02  -0.543579210E-04   0.138745895E+00   0.232985569E+00  -0.539291945E+02
   0.614399614E+02   0.754699574E+02  -0.447296558E-04   0.141563790E+00   0.269959134E+00  -0.539278991E+02
   0.599421728E+02   0.735441804E+02  -0.355755706E-04  -0.905218511E-01   0.322461346E+00  -0.539264550E+02
   0.585003711E+02   0.716912824E+02  -0.400597748E-04  -0.208533492E+00   0.384612872E+00  -0.539247953E+02
   0.571123650E+02   0.699083772E+02  -0.504710458E-04  -0.210595482E+00   0.450530535E+00  -0.539228905E+02
   0.557760423E+02   0.681925750E+02  -0.602397074E-04  -0.709654693E-01   0.524170859E+00  -0.539207432E+02
   0.544890473E+02   0.665409989E+02  -0.626702388E-04  -0.198977766E+00   0.605833549E+00  -0.539183385E+02
   0.532490309E+02   0.649508006E+02  -0.706876442E-04  -0.590863793E+00   0.688611954E+00  -0.539156624E+02
   0.520538967E+02   0.634191729E+02  -0.948793678E-04  -0.699724822E+00   0.781700802E+00  -0.539127327E+02
   0.509016939E+02   0.619433613E+02  -0.121778856E-03  -0.680186230E+00   0.872684518E+00  -0.539095281E+02
   0.497903948E+02   0.605206730E+02  -0.146071813E-03  -0.342028598E+00   0.957867365E+00  -0.539060793E+02
   0.487178734E+02   0.591484849E+02  -0.156376373E-03  -0.191792975E+00   0.102947891E+01  -0.539024283E+02
   0.476820645E+02   0.578242497E+02  -0.160762569E-03  -0.218156133E+00   0.110725676E+01  -0.538986414E+02
   0.466810840E+02   0.565455009E+02  -0.165680418E-03   0.731457364E-01   0.118945279E+01  -0.538947084E+02
   0.457131085E+02   0.553098568E+02  -0.160991747E-03  -0.141475545E+00   0.126852508E+01  -0.538906258E+02
   0.447763059E+02   0.541150224E+02  -0.162924450E-03  -0.178158039E-01   0.135071716E+01  -0.538864155E+02
   0.438689249E+02   0.529587919E+02  -0.161129296E-03   0.251373815E-01   0.144159666E+01  -0.538820774E+02
   0.429894159E+02   0.518390494E+02  -0.158217960E-03  -0.207572032E+00   0.153280738E+01  -0.538775934E+02
   0.421363308E+02   0.507537687E+02  -0.161511284E-03  -0.394129107E+00   0.162353733E+01  -0.538729725E+02
   0.413082720E+02   0.497010132E+02  -0.169225225E-03  -0.286639026E+00   0.171721741E+01  -0.538682248E+02
   0.405038275E+02   0.486789348E+02  -0.173846267E-03  -0.195747969E+00   0.181366132E+01  -0.538633494E+02
   0.397216276E+02   0.476857726E+02  -0.176030317E-03  -0.317556444E+00   0.191036337E+01  -0.538583459E+02
   0.389603808E+02   0.467198507E+02  -0.180688364E-03  -0.687350037E+00   0.200043462E+01  -0.538532202E+02
   0.382189283E+02   0.457795768E+02  -0.192831599E-03  -0.859246478E+00   0.209961517E+01  -0.538479953E+02
   0.374961585E+02   0.448634390E+02  -0.207729973E-03  -0.494666639E+00   0.220490225E+01  -0.538426522E+02
   0.367910342E+02   0.439700040E+02  -0.214597859E-03  -0.604820205E+00   0.231611723E+01  -0.538371801E+02
   0.361025310E+02   0.430979141E+02  -0.223054966E-03  -0.141962894E+00   0.243008701E+01  -0.538315694E+02
   0.354296525E+02   0.422458842E+02  -0.222521519E-03  -0.278341572E-02   0.254780093E+01  -0.538258180E+02
   0.347714315E+02   0.414126996E+02  -0.219475460E-03  -0.421840378E+00   0.266555564E+01  -0.538199213E+02
   0.341270040E+02   0.405972123E+02  -0.223595391E-03  -0.726165318E+00   0.278397916E+01  -0.538138832E+02
   0.334955364E+02   0.397983390E+02  -0.232417936E-03  -0.639675029E+00   0.289920869E+01  -0.538077053E+02
   0.328762065E+02   0.390150575E+02  -0.239387356E-03  -0.970052450E+00   0.301517620E+01  -0.538013973E+02
   0.322682285E+02   0.382464041E+02  -0.251025441E-03  -0.715793245E+00   0.313151065E+01  -0.537949594E+02
   0.316708893E+02   0.374914710E+02  -0.258284643E-03  -0.588263023E+00   0.324560777E+01  -0.537883925E+02
   0.310835123E+02   0.367494032E+02  -0.263257287E-03  -0.666984914E+00   0.335517721E+01  -0.537817023E+02
   0.305054719E+02   0.360193962E+02  -0.268946848E-03  -0.333766111E+00   0.347568639E+01  -0.537748987E+02
   0.299362088E+02   0.353006932E+02  -0.269700074E-03  -0.655811198E+00   0.358802152E+01  -0.537679599E+02
   0.293751994E+02   0.345925826E+02  -0.274472549E-03  -0.850048591E+00   0.370195247E+01  -0.537609023E+02
   0.288219279E+02   0.338943955E+02  -0.281332499E-03  -0.141538117E+01   0.381410579E+01  -0.537537227E+02
   0.282759285E+02   0.332055038E+02  -0.294745698E-03  -0.111396782E+01   0.391995760E+01  -0.537464241E+02
   0.277367319E+02   0.325253175E+02  -0.303797397E-03  -0.125616552E+01   0.402127933E+01  -0.537390177E+02
   0.272038705E+02   0.318532825E+02  -0.314011250E-03  -0.148905616E+01   0.411990021E+01  -0.537315109E+02
   0.266769362E+02   0.311888792E+02  -0.326344155E-03  -0.997200225E+00   0.421596849E+01  -0.537239074E+02
   0.261555440E+02   0.305316198E+02  -0.332572972E-03  -0.110953399E+01   0.430948456E+01  -0.537162102E+02
   0.256393366E+02   0.298810470E+02  -0.339655562E-03  -0.116414554E+01   0.439577755E+01  -0.537084223E+02
   0.251280046E+02   0.292367319E+02  -0.346863518E-03  -0.124873131E+01   0.447651676E+01  -0.537005549E+02
   0.246212456E+02   0.285982724E+02  -0.354414659E-03  -0.200504298E+01   0.455644459E+01  -0.536926158E+02
   0.241187839E+02   0.279652916E+02  -0.368999278E-03  -0.206851376E+01   0.463083085E+01  -0.536846043E+02
   0.236203726E+02   0.273374365E+02  -0.383292540E-03  -0.172858154E+01   0.471034503E+01  -0.536765280E+02
   0.231257761E+02   0.267143764E+02  -0.393398972E-03  -0.169899362E+01   0.479040232E+01  -0.536683757E+02
   0.226347667E+02   0.260958013E+02  -0.402444134E-03  -0.143312539E+01   0.486999403E+01  -0.536601445E+02
   0.221471360E+02   0.254814211E+02  -0.408279481E-03  -0.134581954E+01   0.494724467E+01  -0.536518333E+02
   0.216626829E+02   0.248709641E+02  -0.412682558E-03  -0.181172639E+01   0.501127374E+01  -0.536434442E+02
   0.211812318E+02   0.242641759E+02  -0.420560457E-03  -0.179594033E+01   0.507957385E+01  -0.536349976E+02
   0.207026127E+02   0.236608185E+02  -0.427557358E-03  -0.166637267E+01   0.514039213E+01  -0.536264842E+02
   0.202266648E+02   0.230606690E+02  -0.432714889E-03  -0.142529087E+01   0.520570598E+01  -0.536179148E+02
   0.197532229E+02   0.224635188E+02  -0.435171354E-03  -0.101890165E+01   0.527147924E+01  -0.536092798E+02
   0.192821399E+02   0.218691728E+02  -0.433773765E-03  -0.249308760E+01   0.532289530E+01  -0.536005768E+02
   0.188132928E+02   0.212774484E+02  -0.443128769E-03  -0.273135156E+01   0.536658855E+01  -0.535918277E+02
   0.183465983E+02   0.206881748E+02  -0.453185917E-03  -0.210041446E+01   0.541652115E+01  -0.535830433E+02
   0.178819475E+02   0.201011922E+02  -0.457508045E-03  -0.259298945E+01   0.546860928E+01  -0.535742116E+02
   0.174192667E+02   0.195163511E+02  -0.464310149E-03  -0.152383788E+01   0.552458809E+01  -0.535653275E+02
   0.169584813E+02   0.189335118E+02  -0.462634008E-03  -0.205778363E+01   0.557189683E+01  -0.535563832E+02
   0.164995233E+02   0.183525434E+02  -0.463666727E-03  -0.258834857E+01   0.561920168E+01  -0.535473913E+02
   0.160423165E+02   0.177733239E+02  -0.467054886E-03  -0.385652279E+01   0.566093182E+01  -0.535383503E+02
   0.155867908E+02   0.171957388E+02  -0.477040100E-03  -0.213350357E+01   0.571116290E+01  -0.535292679E+02
   0.151328733E+02   0.166196812E+02  -0.474976522E-03  -0.123516326E+01   0.575098677E+01  -0.535201291E+02
   0.146804648E+02   0.160450512E+02  -0.466697668E-03   0.129972614E+01   0.579101221E+01  -0.535109494E+02
   0.142294750E+02   0.154717554E+02  -0.443696328E-03   0.245791357E+01   0.582752943E+01  -0.535017273E+02
   0.137798326E+02   0.148997065E+02  -0.414924116E-03   0.261895181E+01   0.585870874E+01  -0.534924672E+02
   0.133315198E+02   0.143288227E+02  -0.386213032E-03   0.239870753E+01   0.588934819E+01  -0.534831766E+02
   0.128845268E+02   0.137590277E+02  -0.359501831E-03   0.545235511E+01   0.591798082E+01  -0.534738551E+02
   0.124388112E+02   0.131902502E+02  -0.319139061E-03   0.759044262E+01   0.594102102E+01  -0.534645051E+02
   0.119942876E+02   0.126224235E+02  -0.271182083E-03   0.108649571E+02   0.595542755E+01  -0.534551343E+02
   0.115508283E+02   0.120554853E+02  -0.212127207E-03   0.161795128E+02   0.596050471E+01  -0.534457555E+02
   0.111083106E+02   0.114893772E+02  -0.135722354E-03   0.241609735E+02   0.596792395E+01  -0.534363825E+02
   0.106666269E+02   0.109240448E+02  -0.349198077E-04   0.334376660E+02   0.596411051E+01  -0.534270107E+02
   0.102256274E+02   0.103594373E+02   0.901596126E-04   0.414057116E+02   0.593032264E+01  -0.534176568E+02
   0.978512172E+01   0.979550702E+01   0.229409155E-03   0.513783025E+02   0.587447513E+01  -0.534083671E+02
   0.934473231E+01   0.923220958E+01   0.384741630E-03   0.665828750E+02   0.578667126E+01  -0.533991753E+02
   0.890381560E+01   0.866950341E+01   0.566516012E-03   0.844058541E+02   0.565676767E+01  -0.533901303E+02
   0.846139885E+01   0.810734970E+01   0.773796323E-03   0.106690011E+03   0.548734718E+01  -0.533812970E+02
   0.801619199E+01   0.754571217E+01   0.100910855E-02   0.135162955E+03   0.528224686E+01  -0.533727362E+02
   0.756612070E+01   0.698455693E+01   0.127676629E-02   0.161586962E+03   0.501471073E+01  -0.533645024E+02
   0.710804799E+01   0.642385229E+01   0.155882794E-02   0.168928019E+03   0.466184443E+01  -0.533566919E+02
   0.663801306E+01   0.586356866E+01   0.180361842E-02   0.175872165E+03   0.427881336E+01  -0.533494365E+02
   0.615051470E+01   0.530367839E+01   0.201079197E-02   0.161096415E+03   0.381352844E+01  -0.533427819E+02
   0.563825251E+01   0.474415562E+01   0.214372791E-02   0.110225739E+03   0.324207334E+01  -0.533368548E+02
   0.509219720E+01   0.418497622E+01   0.215660099E-02   0.879281790E+01   0.255615391E+01  -0.533318189E+02
   0.450366470E+01   0.362611761E+01   0.200051648E-02  -0.120718901E+03   0.181166008E+01  -0.533278508E+02
   0.386781795E+01   0.306755872E+01   0.167839522E-02  -0.241653781E+03   0.109346994E+01  -0.533250399E+02
   0.318837230E+01   0.250927984E+01   0.124264507E-02  -0.305757039E+03   0.515100897E+00  -0.533233442E+02
   0.247907715E+01   0.195126258E+01   0.787863748E-03  -0.286035695E+03   0.144053035E+00  -0.533225458E+02
   0.175902704E+01   0.139348973E+01   0.411494481E-03  -0.201732166E+03  -0.221884475E-01  -0.533223226E+02
   0.104437761E+01   0.835945225E+00   0.167112963E-03  -0.112004159E+03  -0.650071269E-01  -0.533223569E+02
   0.343849942E+00   0.278614061E+00   0.390614053E-04  -0.401755416E+02  -0.431094816E+03  -0.533224576E+02
