   0.140256588E+03   0.177848524E+03   0.000000000E+00   0.266444920E+00  -0.132021063E-01  -0.827966454E+02
   0.136872409E+03   0.173549905E+03  -0.703657581E-04   0.134778881E+00  -0.276308260E+00  -0.827968030E+02
   0.133508543E+03   0.169264244E+03  -0.355485503E-04   0.450023247E-01  -0.109722474E+00  -0.828000924E+02
   0.130174932E+03   0.165000047E+03  -0.237391310E-04   0.136621577E+00  -0.840400981E-01  -0.828013920E+02
   0.126877063E+03   0.160765626E+03   0.106352153E-04  -0.714669235E-02  -0.729475850E-01  -0.828023805E+02
   0.123620573E+03   0.156569021E+03   0.874798238E-05  -0.312008295E-01  -0.655463408E-01  -0.828032309E+02
   0.120407910E+03   0.152417936E+03   0.120624569E-05  -0.899262016E-02  -0.624648658E-01  -0.828039867E+02
   0.117242758E+03   0.148319678E+03  -0.889935184E-06   0.434439750E-01  -0.671929365E-01  -0.828046978E+02
   0.114131165E+03   0.144281099E+03   0.882542122E-05  -0.666074509E-02  -0.665106248E-01  -0.828054516E+02
   0.111079707E+03   0.140308553E+03   0.721723324E-05  -0.112872135E+00  -0.604241317E-01  -0.828061855E+02
   0.108092338E+03   0.136407854E+03  -0.163186547E-04  -0.151504263E+00  -0.674185452E-01  -0.828068402E+02
   0.105169929E+03   0.132584252E+03  -0.462264316E-04   0.287728274E-01  -0.872987166E-01  -0.828075563E+02
   0.102313170E+03   0.128842410E+03  -0.398246513E-04   0.493760693E-01  -0.104183831E+00  -0.828084637E+02
   0.995229700E+02   0.125186392E+03  -0.299508438E-04   0.756575432E-01  -0.123211060E+00  -0.828095217E+02
   0.968022635E+02   0.121619661E+03  -0.160588393E-04   0.120890578E+00  -0.126802212E+00  -0.828107425E+02
   0.941538394E+02   0.118145082E+03   0.437611723E-05  -0.136604247E+00  -0.122158728E+00  -0.828119663E+02
   0.915784469E+02   0.114764937E+03  -0.172495822E-04  -0.308909658E-01  -0.126622200E+00  -0.828131133E+02
   0.890767440E+02   0.111480937E+03  -0.214949085E-04   0.135735346E+00  -0.121792283E+00  -0.828142684E+02
   0.866492579E+02   0.108294254E+03  -0.173411085E-05  -0.786286158E-01  -0.124643807E+00  -0.828153465E+02
   0.842961015E+02   0.105205541E+03  -0.122516642E-04  -0.101009063E+00  -0.124296635E+00  -0.828164159E+02
   0.820172208E+02   0.102214968E+03  -0.247909364E-04  -0.708409707E-01  -0.126090755E+00  -0.828174484E+02
   0.798125471E+02   0.993222558E+02  -0.326842137E-04  -0.713192877E-01  -0.123702268E+00  -0.828184616E+02
   0.776819459E+02   0.965267135E+02  -0.399511970E-04  -0.742972665E-01  -0.114925273E+00  -0.828194222E+02
   0.756250922E+02   0.938272751E+02  -0.469251647E-04  -0.319024672E+00  -0.956481095E-01  -0.828202840E+02
   0.736406478E+02   0.912225389E+02  -0.778507597E-04  -0.309989471E+00  -0.713886694E-01  -0.828209760E+02
   0.717263904E+02   0.887108051E+02  -0.105299252E-03  -0.205133732E+00  -0.531492291E-01  -0.828214741E+02
   0.698802159E+02   0.862901142E+02  -0.121109066E-03  -0.133076067E+00  -0.323600065E-01  -0.828218315E+02
   0.681009713E+02   0.839582826E+02  -0.129537206E-03  -0.190666408E-01  -0.109234109E-01  -0.828220411E+02
   0.663869803E+02   0.817129383E+02  -0.128177482E-03  -0.275248570E+00   0.823348598E-02  -0.828221092E+02
   0.647358085E+02   0.795515535E+02  -0.145739127E-03  -0.251880451E+00   0.364026616E-01  -0.828220598E+02
   0.631449968E+02   0.774714759E+02  -0.160198735E-03   0.652653691E-01   0.605492540E-01  -0.828218494E+02
   0.616125370E+02   0.754699574E+02  -0.152681906E-03  -0.226197381E+00   0.911166831E-01  -0.828215128E+02
   0.601367414E+02   0.735441804E+02  -0.163742570E-03   0.893443880E-01   0.125080168E+00  -0.828210254E+02
   0.587158469E+02   0.716912824E+02  -0.155215962E-03   0.216129424E+00   0.164397810E+00  -0.828203816E+02
   0.573476252E+02   0.699083772E+02  -0.140077245E-03   0.109567773E+00   0.205750574E+00  -0.828195674E+02
   0.560296791E+02   0.681925750E+02  -0.131458305E-03  -0.101814043E+00   0.264962950E+00  -0.828185868E+02
   0.547595208E+02   0.665409989E+02  -0.133751319E-03  -0.352117138E+00   0.318408537E+00  -0.828173712E+02
   0.535348520E+02   0.649508006E+02  -0.147403100E-03  -0.254450414E+00   0.374814035E+00  -0.828159647E+02
   0.523537706E+02   0.634191729E+02  -0.155703451E-03   0.139316182E+00   0.431843829E+00  -0.828143701E+02
   0.512144669E+02   0.619433613E+02  -0.146964467E-03   0.127029550E+00   0.492501751E+00  -0.828125997E+02
   0.501151150E+02   0.605206730E+02  -0.139159842E-03  -0.862794264E+00   0.545165953E+00  -0.828106534E+02
   0.490537891E+02   0.591484849E+02  -0.168399966E-03  -0.117240850E+01   0.601844577E+00  -0.828085755E+02
   0.480285984E+02   0.578242497E+02  -0.206349202E-03  -0.919968894E+00   0.666402832E+00  -0.828063616E+02
   0.470377602E+02   0.565455009E+02  -0.233134050E-03  -0.971071989E+00   0.736122368E+00  -0.828039945E+02
   0.460795209E+02   0.553098568E+02  -0.259392774E-03  -0.126259310E+01   0.802286747E+00  -0.828014679E+02
   0.451521727E+02   0.541150224E+02  -0.292348619E-03  -0.760860048E+00   0.861673746E+00  -0.827988051E+02
   0.442540095E+02   0.529587919E+02  -0.308855834E-03  -0.328382961E+00   0.924831858E+00  -0.827960376E+02
   0.433833815E+02   0.518390494E+02  -0.312685886E-03  -0.407824081E+00   0.989580603E+00  -0.827931610E+02
   0.425386931E+02   0.507537687E+02  -0.318279855E-03  -0.594897006E+00   0.104464299E+01  -0.827901778E+02
   0.417184714E+02   0.497010132E+02  -0.327939676E-03  -0.251924879E+00   0.111191089E+01  -0.827871229E+02
   0.409212994E+02   0.486789348E+02  -0.328687116E-03   0.212408204E+00   0.119331349E+01  -0.827839661E+02
   0.401458920E+02   0.476857726E+02  -0.318706575E-03  -0.106278590E+00   0.127245386E+01  -0.827806740E+02
   0.393910674E+02   0.467198507E+02  -0.315993502E-03  -0.262137797E+00   0.135323323E+01  -0.827772598E+02
   0.386557438E+02   0.457795768E+02  -0.316463108E-03  -0.157793886E+00   0.143459198E+01  -0.827737253E+02
   0.379388346E+02   0.448634390E+02  -0.314612881E-03  -0.307813659E+00   0.151867672E+01  -0.827700746E+02
   0.372392292E+02   0.439700040E+02  -0.315489072E-03  -0.590178595E+00   0.160263063E+01  -0.827663056E+02
   0.365558433E+02   0.430979141E+02  -0.321307694E-03  -0.777936587E+00   0.168967502E+01  -0.827624232E+02
   0.358876734E+02   0.422458842E+02  -0.329964831E-03  -0.634466638E+00   0.177447889E+01  -0.827584242E+02
   0.352338166E+02   0.414126996E+02  -0.335522898E-03  -0.331995488E+00   0.186281786E+01  -0.827543173E+02
   0.345933852E+02   0.405972123E+02  -0.335605136E-03  -0.227961322E+00   0.194965070E+01  -0.827500976E+02
   0.339655650E+02   0.397983390E+02  -0.333856707E-03  -0.110199241E+01   0.204171840E+01  -0.827457711E+02
   0.333496061E+02   0.390150575E+02  -0.345294811E-03  -0.137372044E+01   0.214112602E+01  -0.827413288E+02
   0.327448225E+02   0.382464041E+02  -0.359978848E-03  -0.133389928E+01   0.224200169E+01  -0.827367572E+02
   0.321505063E+02   0.374914710E+02  -0.373182522E-03  -0.146176162E+01   0.233468329E+01  -0.827320556E+02
   0.315659979E+02   0.367494032E+02  -0.387347446E-03  -0.124273273E+01   0.241662455E+01  -0.827272432E+02
   0.309907122E+02   0.360193962E+02  -0.397884072E-03  -0.592319801E+00   0.249861758E+01  -0.827223427E+02
   0.304240776E+02   0.353006932E+02  -0.399515479E-03  -0.862142558E+00   0.258027824E+01  -0.827173545E+02
   0.298655390E+02   0.345925826E+02  -0.404283960E-03  -0.195253854E+00   0.267174981E+01  -0.827122792E+02
   0.293146360E+02   0.338943955E+02  -0.400450218E-03  -0.126700585E+01   0.276038643E+01  -0.827070975E+02
   0.287709436E+02   0.332055038E+02  -0.408978406E-03  -0.161620951E+01   0.285008976E+01  -0.827018153E+02
   0.282340321E+02   0.325253175E+02  -0.420675076E-03  -0.191289922E+01   0.293865526E+01  -0.826964303E+02
   0.277034640E+02   0.318532825E+02  -0.434761203E-03  -0.234220685E+01   0.301614410E+01  -0.826909445E+02
   0.271788090E+02   0.311888792E+02  -0.452546094E-03  -0.247355360E+01   0.309179941E+01  -0.826853781E+02
   0.266596463E+02   0.305316198E+02  -0.470682117E-03  -0.202687569E+01   0.316008421E+01  -0.826797333E+02
   0.261455972E+02   0.298810470E+02  -0.483289486E-03  -0.689691519E+00   0.323420693E+01  -0.826740226E+02
   0.256363347E+02   0.292367319E+02  -0.481862924E-03  -0.165423198E+00   0.331472475E+01  -0.826682341E+02
   0.251315617E+02   0.285982724E+02  -0.475108968E-03  -0.410222985E+00   0.338842432E+01  -0.826623554E+02
   0.246309801E+02   0.279652916E+02  -0.470582143E-03  -0.963923099E+00   0.345937672E+01  -0.826563976E+02
   0.241343257E+02   0.273374365E+02  -0.470973350E-03  -0.253849748E+01   0.351774243E+01  -0.826503643E+02
   0.236413844E+02   0.267143764E+02  -0.485060760E-03  -0.154240540E+01   0.358279573E+01  -0.826442761E+02
   0.231519857E+02   0.260958013E+02  -0.489462008E-03  -0.541697138E+00   0.365392761E+01  -0.826381199E+02
   0.226659390E+02   0.254814211E+02  -0.484715375E-03  -0.465377692E+00   0.372269003E+01  -0.826318841E+02
   0.221830597E+02   0.248709641E+02  -0.478988193E-03  -0.596663693E+00   0.379051349E+01  -0.826255715E+02
   0.217031312E+02   0.242641759E+02  -0.473975186E-03  -0.171791207E+01   0.385173959E+01  -0.826191825E+02
   0.212259441E+02   0.236608185E+02  -0.477376262E-03  -0.273024022E+01   0.391775044E+01  -0.826127270E+02
   0.207513148E+02   0.230606690E+02  -0.487758876E-03  -0.201529383E+01   0.398295070E+01  -0.826061958E+02
   0.202790851E+02   0.224635188E+02  -0.491805334E-03  -0.166888575E+01   0.405081372E+01  -0.825995890E+02
   0.198091057E+02   0.218691728E+02  -0.492637177E-03   0.771498991E+00   0.412455364E+01  -0.825929013E+02
   0.193412293E+02   0.212774484E+02  -0.475722812E-03   0.189670365E+00   0.419622345E+01  -0.825861219E+02
   0.188753019E+02   0.206881748E+02  -0.462937738E-03  -0.334287137E+00   0.426696113E+01  -0.825792532E+02
   0.184111929E+02   0.201011922E+02  -0.453505445E-03  -0.284992386E+01   0.433297361E+01  -0.825722959E+02
   0.179487655E+02   0.195163511E+02  -0.459892200E-03  -0.496767648E+01   0.440253393E+01  -0.825652567E+02
   0.174878935E+02   0.189335118E+02  -0.478235451E-03  -0.447331726E+01   0.447534879E+01  -0.825581290E+02
   0.170284473E+02   0.183525434E+02  -0.491699502E-03  -0.195276074E+01   0.455043551E+01  -0.825509067E+02
   0.165703085E+02   0.177733239E+02  -0.488805073E-03   0.122341359E+00   0.461850890E+01  -0.825435853E+02
   0.161133808E+02   0.171957388E+02  -0.473443889E-03   0.152808095E+01   0.467807860E+01  -0.825361753E+02
   0.156575647E+02   0.166196812E+02  -0.450379982E-03   0.159598789E+01   0.473996274E+01  -0.825286897E+02
   0.152027603E+02   0.160450512E+02  -0.427383336E-03   0.256706937E+01   0.481013175E+01  -0.825211238E+02
   0.147488222E+02   0.154717554E+02  -0.399859275E-03   0.284761458E+01   0.487660501E+01  -0.825134637E+02
   0.142956217E+02   0.148997065E+02  -0.371730106E-03   0.395474830E+01   0.494686599E+01  -0.825057146E+02
   0.138430085E+02   0.143288227E+02  -0.339325021E-03   0.828755723E+01   0.502347658E+01  -0.824978700E+02
   0.133907661E+02   0.137590277E+02  -0.288814732E-03   0.147409544E+02   0.512080163E+01  -0.824899190E+02
   0.129386405E+02   0.131902502E+02  -0.213551439E-03   0.167103135E+02   0.519564372E+01  -0.824818284E+02
   0.124864046E+02   0.126224235E+02  -0.135664607E-03   0.193907282E+02   0.525530566E+01  -0.824736334E+02
   0.120337462E+02   0.120554853E+02  -0.535025855E-04   0.284965807E+02   0.531388789E+01  -0.824653572E+02
   0.115802464E+02   0.114893772E+02   0.554330850E-04   0.383678153E+02   0.536948260E+01  -0.824570010E+02
   0.111255607E+02   0.109240448E+02   0.188853411E-03   0.451568231E+02   0.539531150E+01  -0.824485689E+02
   0.106694101E+02   0.103594373E+02   0.331030588E-03   0.572508933E+02   0.540857953E+01  -0.824401071E+02
   0.102113128E+02   0.979550702E+01   0.495207873E-03   0.712508690E+02   0.539441203E+01  -0.824316347E+02
   0.975058759E+01   0.923220958E+01   0.680781593E-03   0.931165929E+02   0.535219131E+01  -0.824231940E+02
   0.928611020E+01   0.866950341E+01   0.903011112E-03   0.109404980E+03   0.525188051E+01  -0.824148282E+02
   0.881631490E+01   0.810734970E+01   0.113664797E-02   0.137572657E+03   0.510730832E+01  -0.824066271E+02
   0.833913255E+01   0.754571217E+01   0.140410215E-02   0.160031769E+03   0.488601040E+01  -0.823986592E+02
   0.785196114E+01   0.698455693E+01   0.168043576E-02   0.171452262E+03   0.458766111E+01  -0.823910431E+02
   0.735119706E+01   0.642385229E+01   0.193436094E-02   0.178914933E+03   0.424687917E+01  -0.823838977E+02
   0.683201666E+01   0.586356866E+01   0.215678611E-02   0.152842279E+03   0.380217039E+01  -0.823772881E+02
   0.628902995E+01   0.530367839E+01   0.228738973E-02   0.100976299E+03   0.328236856E+01  -0.823713748E+02
   0.571630698E+01   0.474415562E+01   0.229839799E-02   0.252290881E+02   0.269251571E+01  -0.823662732E+02
   0.510828117E+01   0.418497622E+01   0.217781561E-02  -0.917798723E+02   0.201210657E+01  -0.823620910E+02
   0.446310703E+01   0.362611761E+01   0.189519652E-02  -0.205033453E+03   0.134781475E+01  -0.823589675E+02
   0.378523761E+01   0.306755872E+01   0.149150873E-02  -0.281344380E+03   0.770283086E+00  -0.823568763E+02
   0.308618746E+01   0.250927984E+01   0.103848819E-02  -0.285744281E+03   0.365903148E+00  -0.823556817E+02
   0.238077258E+01   0.195126258E+01   0.630827433E-03  -0.232602098E+03   0.123433166E+00  -0.823551146E+02
   0.168159028E+01   0.139348973E+01   0.325371258E-03  -0.153981211E+03   0.239946450E-02  -0.823549233E+02
   0.996081509E+00   0.835945225E+00   0.134561110E-03  -0.861970621E+02  -0.436139716E-01  -0.823549196E+02
   0.327539854E+00   0.278614061E+00   0.322007855E-04  -0.263608095E+02  -0.328384737E+03  -0.823549871E+02
