  0.2388121849E-01  0.4735866927E-03  0.4735866927E-03 -0.9558383399E-05
  0.3576187290E-01  0.7084358591E-03  0.7084358591E-03 -0.1391480906E-04
  0.4757119892E-01  0.9895625254E-03  0.9895625254E-03 -0.2170595988E-04
  0.5928643660E-01  0.1296066294E-02  0.1296066294E-02 -0.3101260545E-04
  0.7088567167E-01  0.1559385823E-02  0.1559385823E-02 -0.3875383914E-04
  0.8234801635E-01  0.1789603240E-02  0.1789603240E-02 -0.4472635959E-04
  0.9365377120E-01  0.2019146773E-02  0.2019146773E-02 -0.5250460560E-04
  0.1047845656E+00  0.2290115814E-02  0.2290115814E-02 -0.6390063576E-04
  0.1157234751E+00  0.2588927902E-02  0.2588927902E-02 -0.7724397185E-04
  0.1264551145E+00  0.2890130908E-02  0.2890130908E-02 -0.8888146378E-04
  0.1369657066E+00  0.3257124567E-02  0.3257124567E-02 -0.9706722959E-04
  0.1472431257E+00  0.3695204165E-02  0.3695204165E-02 -0.1102402150E-03
  0.1572769180E+00  0.4135158106E-02  0.4135158106E-02 -0.1243136155E-03
  0.1670582996E+00  0.4591192835E-02  0.4591192835E-02 -0.1420137864E-03
  0.1765801332E+00  0.5108277136E-02  0.5108277136E-02 -0.1695366011E-03
  0.1858368862E+00  0.5679847270E-02  0.5679847270E-02 -0.2025760425E-03
  0.1948245728E+00  0.6206482574E-02  0.6206482574E-02 -0.2308374776E-03
  0.2035406814E+00  0.6706086103E-02  0.6706086103E-02 -0.2560538782E-03
  0.2119840907E+00  0.7248075868E-02  0.7248075868E-02 -0.2864292037E-03
  0.2201549768E+00  0.7816185757E-02  0.7816185757E-02 -0.3196638191E-03
  0.2280547133E+00  0.8392729287E-02  0.8392729287E-02 -0.3545266201E-03
  0.2356857674E+00  0.8948631735E-02  0.8948631735E-02 -0.3943594261E-03
  0.2430515931E+00  0.9547021815E-02  0.9547021815E-02 -0.4415406132E-03
  0.2501565244E+00  0.1013475818E-01  0.1013475818E-01 -0.4935371696E-03
  0.2570056694E+00  0.1067124612E-01  0.1067124612E-01 -0.5400580104E-03
  0.2636048075E+00  0.1124882085E-01  0.1124882085E-01 -0.5877386722E-03
  0.2699602893E+00  0.1197024536E-01  0.1197024536E-01 -0.6406350743E-03
  0.2760789424E+00  0.1276172954E-01  0.1276172954E-01 -0.7038479707E-03
  0.2819679824E+00  0.1352920784E-01  0.1352920784E-01 -0.7755176978E-03
  0.2876349290E+00  0.1423867847E-01  0.1423867847E-01 -0.8493638217E-03
  0.2930875299E+00  0.1486617569E-01  0.1486617569E-01 -0.9247018328E-03
  0.2983336900E+00  0.1540530524E-01  0.1540530524E-01 -0.9905085205E-03
  0.3033814079E+00  0.1592813405E-01  0.1592813405E-01 -0.1045627005E-02
  0.3082387186E+00  0.1661554005E-01  0.1661554005E-01 -0.1121053511E-02
  0.3129136426E+00  0.1742783843E-01  0.1742783843E-01 -0.1227979555E-02
  0.3174141412E+00  0.1827071030E-01  0.1827071030E-01 -0.1349385302E-02
  0.3217480778E+00  0.1907207702E-01  0.1907207702E-01 -0.1470403736E-02
  0.3259231839E+00  0.1982024266E-01  0.1982024266E-01 -0.1585206887E-02
  0.3299470312E+00  0.2054665246E-01  0.2054665246E-01 -0.1700594347E-02
  0.3338270078E+00  0.2123997576E-01  0.2123997576E-01 -0.1820262822E-02
  0.3375702985E+00  0.2192162557E-01  0.2192162557E-01 -0.1936041672E-02
  0.3411838699E+00  0.2264034647E-01  0.2264034647E-01 -0.2050624330E-02
  0.3446744581E+00  0.2339791271E-01  0.2339791271E-01 -0.2176922381E-02
  0.3480485599E+00  0.2417620638E-01  0.2417620638E-01 -0.2318234515E-02
  0.3513124270E+00  0.2502034018E-01  0.2502034018E-01 -0.2474933199E-02
  0.3544720624E+00  0.2596253898E-01  0.2596253898E-01 -0.2644119455E-02
  0.3575332189E+00  0.2697813944E-01  0.2697813944E-01 -0.2827689780E-02
  0.3605013997E+00  0.2799185311E-01  0.2799185311E-01 -0.3015767337E-02
  0.3633818605E+00  0.2896689517E-01  0.2896689517E-01 -0.3199500282E-02
  0.3661796128E+00  0.2991712711E-01  0.2991712711E-01 -0.3373540189E-02
  0.3688994285E+00  0.3087570550E-01  0.3087570550E-01 -0.3541094077E-02
  0.3715458452E+00  0.3190794834E-01  0.3190794834E-01 -0.3717030958E-02
  0.3741231726E+00  0.3299790132E-01  0.3299790132E-01 -0.3914458453E-02
  0.3766354994E+00  0.3411474747E-01  0.3411474747E-01 -0.4136090255E-02
  0.3790867003E+00  0.3523832252E-01  0.3523832252E-01 -0.4374324890E-02
  0.3814804437E+00  0.3639207799E-01  0.3639207799E-01 -0.4625309466E-02
  0.3838201996E+00  0.3754250247E-01  0.3754250247E-01 -0.4876176952E-02
  0.3861092473E+00  0.3870864982E-01  0.3870864982E-01 -0.5134892339E-02
  0.3883506841E+00  0.3993290362E-01  0.3993290362E-01 -0.5417594452E-02
  0.3905474323E+00  0.4124379521E-01  0.4124379521E-01 -0.5732698601E-02
  0.3927022481E+00  0.4264020293E-01  0.4264020293E-01 -0.6075088646E-02
  0.3948177289E+00  0.4410287183E-01  0.4410287183E-01 -0.6429909720E-02
  0.3968963211E+00  0.4563168708E-01  0.4563168708E-01 -0.6803461412E-02
  0.3989403277E+00  0.4725111939E-01  0.4725111939E-01 -0.7208854797E-02
  0.4009519155E+00  0.4895346683E-01  0.4895346683E-01 -0.7640600710E-02
  0.4029331223E+00  0.5074830467E-01  0.5074830467E-01 -0.8098396688E-02
  0.4048858635E+00  0.5265466265E-01  0.5265466265E-01 -0.8599561122E-02
  0.4068119391E+00  0.5467580623E-01  0.5467580623E-01 -0.9146562633E-02
  0.4087130396E+00  0.5682470557E-01  0.5682470557E-01 -0.9748213183E-02
  0.4105907523E+00  0.5909337403E-01  0.5909337403E-01 -0.1039485520E-01
  0.4124465670E+00  0.6145161581E-01  0.6145161581E-01 -0.1107698799E-01
  0.4142818818E+00  0.6386763812E-01  0.6386763812E-01 -0.1177482084E-01
  0.4160980079E+00  0.6637860759E-01  0.6637860759E-01 -0.1250886457E-01
  0.4178961752E+00  0.6898597768E-01  0.6898597768E-01 -0.1327308860E-01
  0.4196775365E+00  0.7171269019E-01  0.7171269019E-01 -0.1407636375E-01
  0.4214431726E+00  0.7454340619E-01  0.7454340619E-01 -0.1490667793E-01
  0.4231940963E+00  0.7754794637E-01  0.7754794637E-01 -0.1578066826E-01
  0.4249312563E+00  0.8076149327E-01  0.8076149327E-01 -0.1671434497E-01
  0.4266555416E+00  0.8418778650E-01  0.8418778650E-01 -0.1771476318E-01
  0.4283677847E+00  0.8785818539E-01  0.8785818539E-01 -0.1880147156E-01
  0.4300687649E+00  0.9178571227E-01  0.9178571227E-01 -0.1997933289E-01
  0.4317592124E+00  0.9601105131E-01  0.9601105131E-01 -0.2126636574E-01
  0.4334398102E+00  0.1005601632E+00  0.1005601632E+00 -0.2266756450E-01
  0.4351111980E+00  0.1054662430E+00  0.1054662430E+00 -0.2419161350E-01
  0.4367739742E+00  0.1107606435E+00  0.1107606435E+00 -0.2584819458E-01
  0.4384286990E+00  0.1164178812E+00  0.1164178812E+00 -0.2764115310E-01
  0.4400758964E+00  0.1224606831E+00  0.1224606831E+00 -0.2958726487E-01
  0.4417160568E+00  0.1289931408E+00  0.1289931408E+00 -0.3172107876E-01
  0.4433496387E+00  0.1360891973E+00  0.1360891973E+00 -0.3403433138E-01
  0.4449770713E+00  0.1438718379E+00  0.1438718379E+00 -0.3654773464E-01
  0.4465987558E+00  0.1524811936E+00  0.1524811936E+00 -0.3931199057E-01
  0.4482150676E+00  0.1619522752E+00  0.1619522752E+00 -0.4232470065E-01
  0.4498263576E+00  0.1724281653E+00  0.1724281653E+00 -0.4567939545E-01
  0.4514329541E+00  0.1840168663E+00  0.1840168663E+00 -0.4947002608E-01
  0.4530351639E+00  0.1968737015E+00  0.1968737015E+00 -0.5378217749E-01
  0.4546332739E+00  0.2112019542E+00  0.2112019542E+00 -0.5870742660E-01
  0.4562275526E+00  0.2271230031E+00  0.2271230031E+00 -0.6427328703E-01
  0.4578182505E+00  0.2447961570E+00  0.2447961570E+00 -0.7052360115E-01
  0.4594056023E+00  0.2644363125E+00  0.2644363125E+00 -0.7748723429E-01
  0.4609898272E+00  0.2863720142E+00  0.2863720142E+00 -0.8528604858E-01
  0.4625711299E+00  0.3109014879E+00  0.3109014879E+00 -0.9396331084E-01
  0.4641497021E+00  0.3384690932E+00  0.3384690932E+00 -0.1037168144E+00
  0.4657257228E+00  0.3697063998E+00  0.3697063998E+00 -0.1148753022E+00
  0.4672993591E+00  0.4051178980E+00  0.4051178980E+00 -0.1275287437E+00
  0.4688707677E+00  0.4452410926E+00  0.4452410926E+00 -0.1416321021E+00
  0.4704400945E+00  0.4905653073E+00  0.4905653073E+00 -0.1570186784E+00
  0.4720074762E+00  0.5420842228E+00  0.5420842228E+00 -0.1738694716E+00
  0.4735730404E+00  0.6007437204E+00  0.6007437204E+00 -0.1922270298E+00
  0.4751369064E+00  0.6673569421E+00  0.6673569421E+00 -0.2118400651E+00
  0.4766991858E+00  0.7430305458E+00  0.7430305458E+00 -0.2323140809E+00
  0.4782599826E+00  0.8284860324E+00  0.8284860324E+00 -0.2525929158E+00
  0.4798193942E+00  0.9244735603E+00  0.9244735603E+00 -0.2711914777E+00
  0.4813775117E+00  0.1031998010E+01  0.1031998010E+01 -0.2864944226E+00
  0.4829344200E+00  0.1151964163E+01  0.1151964163E+01 -0.2965448153E+00
  0.4844901985E+00  0.1286096429E+01  0.1286096429E+01 -0.3002712307E+00
  0.4860449215E+00  0.1437770084E+01  0.1437770084E+01 -0.2985457268E+00
  0.4875986583E+00  0.1615045283E+01  0.1615045283E+01 -0.2983455864E+00
  0.4891514738E+00  0.1825172030E+01  0.1825172030E+01 -0.3084027511E+00
  0.4907034284E+00  0.2075718469E+01  0.2075718469E+01 -0.3433889381E+00
  0.4922545787E+00  0.2359034077E+01  0.2359034077E+01 -0.4095887293E+00
  0.4938049777E+00  0.2626161263E+01  0.2626161263E+01 -0.4811977735E+00
  0.4953546747E+00  0.2781649746E+01  0.2781649746E+01 -0.4899236528E+00
  0.4969037158E+00  0.2760807563E+01  0.2760807563E+01 -0.3869943646E+00
  0.4984521441E+00  0.2636666026E+01  0.2636666026E+01 -0.2355968273E+00
  0.5000000000E+00  0.2532705526E+01  0.2532705526E+01 -0.1328015717E+00
