  0.1189236E+02 -0.9029219E-02  0.8225141E-01 -0.4543503E-02 -0.2642359E-01  0.7213524E-02  0.7427080E+00 -0.1160265E-03  0.1078830E-05  0.2540640E+00 -0.1316395E-01  0.1032962E+01
  0.1190972E+02 -0.9023114E-02  0.8229392E-01 -0.4549622E-02 -0.2645507E-01  0.6840218E-02  0.7777008E+00 -0.1244363E-03  0.3697060E-05  0.2537780E+00 -0.9534079E-02  0.1070930E+01
  0.1192708E+02 -0.9018728E-02  0.8233625E-01 -0.4555849E-02 -0.2648508E-01  0.7264884E-02  0.7952008E+00 -0.2939456E-04  0.5725734E-05  0.2536089E+00 -0.1397985E-01  0.1084348E+01
  0.1194444E+02 -0.9016761E-02  0.8237859E-01 -0.4562188E-02 -0.2651259E-01  0.8096469E-02  0.7782454E+00  0.1237116E-03  0.5332682E-05  0.2537579E+00 -0.2178508E-01  0.1060731E+01
  0.1196181E+02 -0.9014420E-02  0.8242082E-01 -0.4568288E-02 -0.2654030E-01  0.8723460E-02  0.7276398E+00  0.2017554E-03  0.3129201E-05  0.2541165E+00 -0.2472006E-01  0.1008262E+01
  0.1197917E+02 -0.9011542E-02  0.8246257E-01 -0.4574004E-02 -0.2656793E-01  0.8743299E-02  0.6737965E+00  0.1250383E-03  0.4062748E-06  0.2545552E+00 -0.2246095E-01  0.9570687E+00
  0.1199653E+02 -0.9007421E-02  0.8250399E-01 -0.4579426E-02 -0.2659648E-01  0.8189702E-02  0.6591212E+00 -0.3998485E-05 -0.3053928E-05  0.2549439E+00 -0.1962851E-01  0.9449399E+00
  0.1201389E+02 -0.9002756E-02  0.8254563E-01 -0.4584757E-02 -0.2662582E-01  0.7550234E-02  0.6986297E+00 -0.1896237E-03 -0.2711284E-05  0.2550566E+00 -0.1565045E-01  0.9877260E+00
  0.1203125E+02 -0.8998201E-02  0.8258786E-01 -0.4590239E-02 -0.2665581E-01  0.7402982E-02  0.7592284E+00 -0.2407693E-03  0.1465265E-05  0.2549216E+00 -0.1129128E-01  0.1052366E+01
  0.1204861E+02 -0.8993818E-02  0.8263016E-01 -0.4596076E-02 -0.2668590E-01  0.7910827E-02  0.7975802E+00 -0.7918947E-04  0.4276990E-05  0.2547160E+00 -0.1097944E-01  0.1091507E+01
  0.1206597E+02 -0.8988733E-02  0.8267181E-01 -0.4602166E-02 -0.2671640E-01  0.8583745E-02  0.7832192E+00  0.1550220E-03  0.3484050E-05  0.2544367E+00 -0.1272885E-01  0.1076034E+01
  0.1208333E+02 -0.8984756E-02  0.8271317E-01 -0.4608172E-02 -0.2674541E-01  0.8663584E-02  0.7372180E+00  0.2343682E-03  0.2042931E-05  0.2543621E+00 -0.1599756E-01  0.1026857E+01
  0.1210069E+02 -0.8982702E-02  0.8275512E-01 -0.4613959E-02 -0.2677244E-01  0.8035111E-02  0.6989737E+00  0.8352639E-04  0.7464466E-06  0.2546655E+00 -0.2108612E-01  0.9830584E+00
  0.1211806E+02 -0.8980908E-02  0.8279783E-01 -0.4619758E-02 -0.2679955E-01  0.7316575E-02  0.7010253E+00 -0.1002441E-03 -0.3573169E-05  0.2551068E+00 -0.2256464E-01  0.9831779E+00
  0.1213542E+02 -0.8977303E-02  0.8284083E-01 -0.4625659E-02 -0.2682874E-01  0.7212941E-02  0.7209427E+00 -0.1351060E-03 -0.6782048E-05  0.2554573E+00 -0.1826993E-01  0.1007610E+01
  0.1215278E+02 -0.8970747E-02  0.8288384E-01 -0.4631482E-02 -0.2686150E-01  0.7864599E-02  0.7471662E+00 -0.9890264E-04 -0.3448726E-05  0.2555518E+00 -0.1500979E-01  0.1037891E+01
  0.1217014E+02 -0.8964601E-02  0.8292674E-01 -0.4637363E-02 -0.2689396E-01  0.8750525E-02  0.7577779E+00  0.2671149E-04  0.1262192E-05  0.2555424E+00 -0.1562880E-01  0.1048901E+01
  0.1218750E+02 -0.8959952E-02  0.8296975E-01 -0.4643268E-02 -0.2692502E-01  0.9117690E-02  0.7485771E+00  0.1148789E-03  0.3246577E-05  0.2555302E+00 -0.1622172E-01  0.1039563E+01
  0.1220486E+02 -0.8957471E-02  0.8301314E-01 -0.4649036E-02 -0.2695387E-01  0.8703646E-02  0.7343090E+00  0.5088806E-04  0.2327783E-05  0.2554042E+00 -0.1495277E-01  0.1025970E+01
  0.1222222E+02 -0.8955679E-02  0.8305692E-01 -0.4654752E-02 -0.2698199E-01  0.7932850E-02  0.7213125E+00 -0.9719722E-05 -0.1348179E-05  0.2552400E+00 -0.1256906E-01  0.1014370E+01
  0.1223958E+02 -0.8952391E-02  0.8310120E-01 -0.4660577E-02 -0.2701199E-01  0.7420552E-02  0.7161248E+00 -0.5683668E-04 -0.4406006E-05  0.2552283E+00 -0.1231118E-01  0.1008877E+01
  0.1225694E+02 -0.8946715E-02  0.8314574E-01 -0.4666461E-02 -0.2704464E-01  0.7468469E-02  0.7254385E+00 -0.8865163E-05 -0.2031845E-05  0.2553747E+00 -0.1738222E-01  0.1013376E+01
  0.1227431E+02 -0.8940884E-02  0.8319023E-01 -0.4672273E-02 -0.2707753E-01  0.7865926E-02  0.7341900E+00  0.1305549E-04 -0.1242781E-05  0.2556314E+00 -0.2351298E-01  0.1016686E+01
  0.1229167E+02 -0.8937020E-02  0.8323472E-01 -0.4678056E-02 -0.2710846E-01  0.8130585E-02  0.7392961E+00  0.3853917E-04 -0.2023659E-05  0.2560477E+00 -0.2603491E-01  0.1019987E+01
  0.1230903E+02 -0.8935028E-02  0.8327923E-01 -0.4683849E-02 -0.2713744E-01  0.8108716E-02  0.7372714E+00 -0.1111964E-04  0.1373143E-05  0.2565463E+00 -0.2306223E-01  0.1021377E+01
  0.1232639E+02 -0.8932962E-02  0.8332365E-01 -0.4689621E-02 -0.2716656E-01  0.8085092E-02  0.7315945E+00 -0.5785561E-04  0.8811570E-06  0.2567020E+00 -0.1486909E-01  0.1023990E+01
  0.1234375E+02 -0.8928881E-02  0.8336813E-01 -0.4695434E-02 -0.2719784E-01  0.8307146E-02  0.7323244E+00 -0.5948824E-04 -0.1270714E-05  0.2563552E+00 -0.7915025E-02  0.1031557E+01
  0.1236111E+02 -0.8922409E-02  0.8341276E-01 -0.4701404E-02 -0.2723174E-01  0.8673600E-02  0.7341313E+00  0.5245989E-04 -0.2068104E-05  0.2557881E+00 -0.9731309E-02  0.1031469E+01
  0.1237847E+02 -0.8916711E-02  0.8345727E-01 -0.4707437E-02 -0.2726470E-01  0.8790397E-02  0.7255330E+00  0.1220851E-03 -0.3252601E-05  0.2554639E+00 -0.1756314E-01  0.1014911E+01
  0.1239583E+02 -0.8914287E-02  0.8350174E-01 -0.4713342E-02 -0.2729408E-01  0.8371935E-02  0.7118659E+00  0.6784011E-04  0.1867142E-06  0.2556448E+00 -0.2365944E-01  0.9948712E+00
  0.1241319E+02 -0.8914372E-02  0.8354626E-01 -0.4719219E-02 -0.2732060E-01  0.7588871E-02  0.7051590E+00 -0.3649533E-04  0.5714173E-05  0.2562618E+00 -0.2400186E-01  0.9875691E+00
  0.1243056E+02 -0.8911554E-02  0.8359070E-01 -0.4725090E-02 -0.2735029E-01  0.7010747E-02  0.7191776E+00 -0.1422139E-03  0.4916304E-05  0.2568062E+00 -0.1715896E-01  0.1008302E+01
  0.1244792E+02 -0.8904432E-02  0.8363471E-01 -0.4730988E-02 -0.2738452E-01  0.7178459E-02  0.7501380E+00 -0.1181319E-03  0.1114690E-05  0.2568736E+00 -0.1172046E-01  0.1044967E+01
  0.1246528E+02 -0.8897216E-02  0.8367807E-01 -0.4736897E-02 -0.2741873E-01  0.8021597E-02  0.7721395E+00  0.1553057E-04 -0.7869294E-06  0.2566732E+00 -0.1585567E-01  0.1063619E+01
  0.1248264E+02 -0.8892689E-02  0.8372136E-01 -0.4742621E-02 -0.2744989E-01  0.8912803E-02  0.7617276E+00  0.1503015E-03 -0.1531593E-05  0.2566171E+00 -0.2619449E-01  0.1043848E+01
  0.1250000E+02 -0.8891730E-02  0.8376515E-01 -0.4748106E-02 -0.2747735E-01  0.9222487E-02  0.7281379E+00  0.1432044E-03 -0.6256645E-06  0.2567770E+00 -0.3252676E-01  0.1004401E+01
