  0.2751736E+02 -0.6464185E+00  0.3804928E-01 -0.1114725E+00  0.1670618E+00 -0.4267016E-02 -0.5168797E-01  0.1019296E-02  0.5550073E-04 -0.5589290E-05  0.0000000E+00 -0.6076656E+00 -0.5722143E+00
  0.2753472E+02 -0.6584504E+00  0.3833015E-01 -0.1114457E+00  0.2068615E+00 -0.5885704E-03 -0.5166679E-01  0.1019033E-02  0.7516451E-04  0.1538735E-04  0.0000000E+00 -0.5758502E+00 -0.5723608E+00
  0.2755208E+02 -0.6671206E+00  0.3619341E-01 -0.1115597E+00  0.2591270E+00  0.3731736E-02 -0.5164881E-01  0.1018635E-02  0.8497552E-04  0.2607162E-05  0.0000000E+00 -0.5301708E+00 -0.5721188E+00
  0.2756944E+02 -0.6604978E+00  0.3241849E-01 -0.1117234E+00  0.2824497E+00  0.4514112E-02 -0.5164520E-01  0.1018560E-02 -0.1388316E-04 -0.1135535E-04  0.0000000E+00 -0.5034907E+00 -0.5716237E+00
  0.2758681E+02 -0.6439767E+00  0.2917854E-01 -0.1118544E+00  0.2536635E+00  0.2367420E-02 -0.5165821E-01  0.1019312E-02 -0.8324968E-04 -0.7940120E-05  0.0000000E+00 -0.5213517E+00 -0.5712286E+00
  0.2760417E+02 -0.6315739E+00  0.2827867E-01 -0.1119035E+00  0.1967476E+00 -0.3572304E-03 -0.5168003E-01  0.1020290E-02 -0.7948158E-04  0.7971166E-06  0.0000000E+00 -0.5695468E+00 -0.5712262E+00
  0.2762153E+02 -0.6291641E+00  0.3061502E-01 -0.1118334E+00  0.1466169E+00 -0.3112208E-02 -0.5169748E-01  0.1020380E-02 -0.4499848E-04  0.1465513E-04  0.0000000E+00 -0.6175852E+00 -0.5716051E+00
  0.2763889E+02 -0.6388901E+00  0.3497266E-01 -0.1116757E+00  0.1349325E+00 -0.4307462E-02 -0.5169979E-01  0.1019362E-02  0.3087610E-04  0.1574215E-04  0.0000000E+00 -0.6356018E+00 -0.5720547E+00
  0.2765625E+02 -0.6531279E+00  0.3926274E-01 -0.1115082E+00  0.1674417E+00 -0.3651137E-02 -0.5168456E-01  0.1017973E-02  0.6497208E-04 -0.3527064E-05  0.0000000E+00 -0.6121880E+00 -0.5722699E+00
  0.2767361E+02 -0.6612300E+00  0.4106960E-01 -0.1113964E+00  0.2085315E+00 -0.1399045E-02 -0.5166015E-01  0.1016996E-02  0.1124543E-04  0.2712541E-06  0.0000000E+00 -0.5750561E+00 -0.5721309E+00
  0.2769097E+02 -0.6602508E+00  0.3973792E-01 -0.1113820E+00  0.2371578E+00  0.2280793E-02 -0.5163949E-01  0.1016991E-02 -0.5546766E-05  0.1665768E-04  0.0000000E+00 -0.5430677E+00 -0.5717512E+00
  0.2770833E+02 -0.6537070E+00  0.3597931E-01 -0.1114355E+00  0.2492536E+00  0.4034114E-02 -0.5163241E-01  0.1018014E-02  0.9171600E-05 -0.8935848E-05  0.0000000E+00 -0.5264896E+00 -0.5713820E+00
  0.2772569E+02 -0.6444181E+00  0.3222085E-01 -0.1114860E+00  0.2328351E+00  0.1809220E-02 -0.5163847E-01  0.1019523E-02 -0.1010839E-04 -0.2835869E-04  0.0000000E+00 -0.5396963E+00 -0.5712728E+00
  0.2774306E+02 -0.6401204E+00  0.3004816E-01 -0.1115286E+00  0.2064674E+00 -0.9287831E-03 -0.5164971E-01  0.1020591E-02  0.1331687E-04 -0.7429317E-05  0.0000000E+00 -0.5666854E+00 -0.5715095E+00
  0.2776042E+02 -0.6456662E+00  0.3019778E-01 -0.1116012E+00  0.1961495E+00 -0.1614933E-02 -0.5165916E-01  0.1020644E-02  0.2747586E-04  0.1808144E-04  0.0000000E+00 -0.5831280E+00 -0.5718665E+00
  0.2777778E+02 -0.6523462E+00  0.3196279E-01 -0.1116791E+00  0.1956367E+00 -0.5967572E-03 -0.5166397E-01  0.1019740E-02 -0.8791019E-05  0.2333553E-04  0.0000000E+00 -0.5876523E+00 -0.5720459E+00
  0.2779514E+02 -0.6533987E+00  0.3453138E-01 -0.1117171E+00  0.1943807E+00  0.8244938E-03 -0.5166354E-01  0.1018345E-02 -0.2432706E-04  0.8733613E-05  0.0000000E+00 -0.5860400E+00 -0.5719627E+00
  0.2781250E+02 -0.6519374E+00  0.3663239E-01 -0.1117173E+00  0.1950387E+00  0.1793586E-02 -0.5165920E-01  0.1017235E-02 -0.2706656E-04  0.5371960E-05  0.0000000E+00 -0.5808537E+00 -0.5717374E+00
  0.2782986E+02 -0.6497259E+00  0.3795039E-01 -0.1116635E+00  0.1960161E+00  0.1658418E-02 -0.5165338E-01  0.1016974E-02 -0.3784942E-04 -0.2700581E-05  0.0000000E+00 -0.5764414E+00 -0.5715246E+00
  0.2784722E+02 -0.6460172E+00  0.3823526E-01 -0.1115039E+00  0.1908864E+00 -0.5157710E-03 -0.5164694E-01  0.1017345E-02 -0.2506684E-04 -0.1758044E-04  0.0000000E+00 -0.5795875E+00 -0.5714778E+00
  0.2786458E+02 -0.6473315E+00  0.3796877E-01 -0.1112739E+00  0.1906964E+00 -0.2070378E-02 -0.5163899E-01  0.1017810E-02  0.3255894E-04 -0.2119382E-04  0.0000000E+00 -0.5826203E+00 -0.5716340E+00
  0.2788194E+02 -0.6525291E+00  0.3686088E-01 -0.1111090E+00  0.2025502E+00 -0.1459515E-02 -0.5163118E-01  0.1018541E-02  0.5725698E-04 -0.1145247E-04  0.0000000E+00 -0.5762534E+00 -0.5717986E+00
  0.2789931E+02 -0.6543144E+00  0.3546380E-01 -0.1111184E+00  0.2113324E+00 -0.1974517E-04 -0.5162630E-01  0.1019781E-02  0.1405188E-04  0.1644318E-04  0.0000000E+00 -0.5692323E+00 -0.5718013E+00
  0.2791667E+02 -0.6530494E+00  0.3381418E-01 -0.1112823E+00  0.2118249E+00  0.1574601E-02 -0.5162601E-01  0.1020312E-02 -0.2070226E-04  0.2721248E-04  0.0000000E+00 -0.5677171E+00 -0.5716777E+00
  0.2793403E+02 -0.6514604E+00  0.3263828E-01 -0.1114853E+00  0.2141548E+00  0.2740985E-02 -0.5162891E-01  0.1019753E-02  0.3249747E-07  0.1829530E-04  0.0000000E+00 -0.5640025E+00 -0.5715592E+00
  0.2795139E+02 -0.6516961E+00  0.3195933E-01 -0.1116139E+00  0.2210108E+00  0.2577885E-02 -0.5163333E-01  0.1018794E-02  0.3653301E-04 -0.8925438E-05  0.0000000E+00 -0.5583489E+00 -0.5715311E+00
  0.2796875E+02 -0.6505335E+00  0.3232505E-01 -0.1116240E+00  0.2197137E+00 -0.2113741E-03 -0.5163798E-01  0.1017952E-02  0.2040314E-04 -0.2115979E-04  0.0000000E+00 -0.5609509E+00 -0.5715910E+00
  0.2798611E+02 -0.6467021E+00  0.3346987E-01 -0.1115317E+00  0.2032120E+00 -0.2542004E-02 -0.5164175E-01  0.1017800E-02 -0.5576966E-04  0.1363401E-04  0.0000000E+00 -0.5747601E+00 -0.5716957E+00
  0.2800347E+02 -0.6460690E+00  0.3543887E-01 -0.1114084E+00  0.1830328E+00 -0.1175492E-02 -0.5164347E-01  0.1018073E-02 -0.7157098E-04  0.1812121E-04  0.0000000E+00 -0.5908601E+00 -0.5717355E+00
  0.2802083E+02 -0.6495409E+00  0.3741097E-01 -0.1113024E+00  0.1766575E+00  0.1665253E-02 -0.5164137E-01  0.1017963E-02 -0.2142927E-05 -0.1171674E-04  0.0000000E+00 -0.5957468E+00 -0.5716643E+00
  0.2803819E+02 -0.6529240E+00  0.3921169E-01 -0.1112332E+00  0.1847121E+00  0.2906457E-02 -0.5163413E-01  0.1018550E-02 -0.2499430E-05 -0.1060262E-04  0.0000000E+00 -0.5879557E+00 -0.5715807E+00
  0.2805556E+02 -0.6546319E+00  0.3955104E-01 -0.1112106E+00  0.2009774E+00  0.2587679E-02 -0.5162226E-01  0.1019851E-02  0.7263791E-05  0.5945531E-05  0.0000000E+00 -0.5733156E+00 -0.5715482E+00
  0.2807292E+02 -0.6557380E+00  0.3846882E-01 -0.1112016E+00  0.2192116E+00  0.1634360E-02 -0.5160967E-01  0.1020062E-02  0.5644696E-04 -0.4242326E-05  0.0000000E+00 -0.5581623E+00 -0.5715518E+00
  0.2809028E+02 -0.6517872E+00  0.3599883E-01 -0.1111346E+00  0.2230921E+00 -0.1162713E-02 -0.5160184E-01  0.1019649E-02  0.2922813E-04 -0.1714421E-04  0.0000000E+00 -0.5555637E+00 -0.5715448E+00
  0.2810764E+02 -0.6462300E+00  0.3350076E-01 -0.1110454E+00  0.2150330E+00 -0.3896508E-02 -0.5160032E-01  0.1020102E-02 -0.1294802E-05  0.9255033E-05  0.0000000E+00 -0.5632105E+00 -0.5715609E+00
  0.2812500E+02 -0.6465917E+00  0.3112592E-01 -0.1110771E+00  0.2147247E+00 -0.2810936E-02 -0.5160454E-01  0.1021158E-02  0.2722440E-04  0.2754912E-04  0.0000000E+00 -0.5651577E+00 -0.5716203E+00
