  0.1314236E+02 -0.6515121E+00  0.2613172E-01 -0.1517641E+00  0.2068693E+00 -0.3325821E-02 -0.5526239E-01  0.7441925E-03 -0.1416508E-05  0.5074706E-04  0.0000000E+00 -0.6280699E+00 -0.6245998E+00
  0.1315972E+02 -0.6500068E+00  0.2544163E-01 -0.1517426E+00  0.2014792E+00 -0.3011740E-02 -0.5527089E-01  0.7455136E-03 -0.1770707E-04  0.3306521E-04  0.0000000E+00 -0.6323503E+00 -0.6244058E+00
  0.1317708E+02 -0.6503536E+00  0.2675191E-01 -0.1516971E+00  0.2030538E+00 -0.4587244E-02 -0.5527556E-01  0.7468827E-03 -0.2581426E-04  0.3080601E-05  0.0000000E+00 -0.6313836E+00 -0.6242278E+00
  0.1319444E+02 -0.6524518E+00  0.2930851E-01 -0.1515724E+00  0.2116325E+00 -0.6334006E-02 -0.5527072E-01  0.7471802E-03 -0.4363377E-05 -0.3477061E-04  0.0000000E+00 -0.6239798E+00 -0.6240683E+00
  0.1321181E+02 -0.6539002E+00  0.3195727E-01 -0.1513257E+00  0.2203229E+00 -0.7987793E-02 -0.5525533E-01  0.7468618E-03  0.2846456E-06 -0.4120030E-04  0.0000000E+00 -0.6154829E+00 -0.6239004E+00
  0.1322917E+02 -0.6539433E+00  0.3350312E-01 -0.1510090E+00  0.2214114E+00 -0.9107949E-02 -0.5523367E-01  0.7467775E-03 -0.1169719E-04 -0.1452061E-04  0.0000000E+00 -0.6136589E+00 -0.6237183E+00
  0.1324653E+02 -0.6527033E+00  0.3346077E-01 -0.1507434E+00  0.2127804E+00 -0.8275798E-02 -0.5521359E-01  0.7472689E-03 -0.2086538E-04  0.1724134E-04  0.0000000E+00 -0.6199514E+00 -0.6235484E+00
  0.1326389E+02 -0.6510398E+00  0.3234712E-01 -0.1506300E+00  0.2017905E+00 -0.6325147E-02 -0.5520008E-01  0.7483634E-03 -0.2899916E-05  0.2756471E-04  0.0000000E+00 -0.6282844E+00 -0.6233854E+00
  0.1328125E+02 -0.6511129E+00  0.3101037E-01 -0.1506805E+00  0.1955914E+00 -0.4973891E-02 -0.5519201E-01  0.7498470E-03  0.1341268E-04  0.2753457E-04  0.0000000E+00 -0.6345668E+00 -0.6232112E+00
  0.1329861E+02 -0.6532799E+00  0.2997917E-01 -0.1508280E+00  0.1963227E+00 -0.3336358E-02 -0.5518512E-01  0.7510095E-03  0.1575070E-04  0.2421528E-04  0.0000000E+00 -0.6355365E+00 -0.6230348E+00
  0.1331597E+02 -0.6553840E+00  0.2932414E-01 -0.1509683E+00  0.2027908E+00 -0.1873756E-02 -0.5517764E-01  0.7513366E-03  0.2287158E-04  0.9855182E-05  0.0000000E+00 -0.6305046E+00 -0.6228552E+00
  0.1333333E+02 -0.6546071E+00  0.2898224E-01 -0.1510042E+00  0.2093848E+00 -0.2398645E-02 -0.5517031E-01  0.7513123E-03  0.7641240E-05 -0.2414667E-05  0.0000000E+00 -0.6240566E+00 -0.6226844E+00
  0.1335069E+02 -0.6531660E+00  0.2902469E-01 -0.1508609E+00  0.2159092E+00 -0.4265559E-02 -0.5516377E-01  0.7512221E-03  0.1620499E-04 -0.1722293E-04  0.0000000E+00 -0.6177721E+00 -0.6225188E+00
  0.1336806E+02 -0.6523004E+00  0.2953932E-01 -0.1505226E+00  0.2212355E+00 -0.6869573E-02 -0.5515700E-01  0.7514780E-03 -0.3539861E-06 -0.1536304E-04  0.0000000E+00 -0.6133390E+00 -0.6223672E+00
  0.1338542E+02 -0.6513302E+00  0.3040493E-01 -0.1501144E+00  0.2180329E+00 -0.8586778E-02 -0.5514939E-01  0.7526673E-03 -0.3936582E-04  0.6905004E-05  0.0000000E+00 -0.6160228E+00 -0.6222241E+00
  0.1340278E+02 -0.6504997E+00  0.3143543E-01 -0.1498228E+00  0.2086417E+00 -0.8377711E-02 -0.5514117E-01  0.7542834E-03 -0.2934498E-04  0.6665045E-05  0.0000000E+00 -0.6230326E+00 -0.6220603E+00
  0.1342014E+02 -0.6507891E+00  0.3246485E-01 -0.1497257E+00  0.2016923E+00 -0.7143414E-02 -0.5513114E-01  0.7551156E-03 -0.8051749E-05  0.2505077E-07  0.0000000E+00 -0.6278851E+00 -0.6219070E+00
  0.1343750E+02 -0.6529915E+00  0.3314572E-01 -0.1497728E+00  0.1998831E+00 -0.5119853E-02 -0.5511806E-01  0.7551612E-03 -0.1106320E-04  0.1228801E-04  0.0000000E+00 -0.6292170E+00 -0.6217413E+00
  0.1345486E+02 -0.6545538E+00  0.3302824E-01 -0.1498863E+00  0.2018097E+00 -0.2726902E-02 -0.5510281E-01  0.7553094E-03  0.2252671E-05  0.2089852E-04  0.0000000E+00 -0.6266534E+00 -0.6215289E+00
  0.1347222E+02 -0.6542109E+00  0.3198741E-01 -0.1499920E+00  0.2046030E+00 -0.1455583E-02 -0.5508944E-01  0.7559256E-03  0.1030511E-04  0.2143848E-04  0.0000000E+00 -0.6233699E+00 -0.6213037E+00
  0.1348958E+02 -0.6524550E+00  0.3054573E-01 -0.1499989E+00  0.2057157E+00 -0.2153509E-02 -0.5508038E-01  0.7570157E-03  0.9260457E-05  0.2546744E-05  0.0000000E+00 -0.6226577E+00 -0.6211174E+00
  0.1350694E+02 -0.6517038E+00  0.2941146E-01 -0.1498572E+00  0.2053472E+00 -0.4160825E-02 -0.5507351E-01  0.7580693E-03  0.2548779E-04 -0.1777234E-04  0.0000000E+00 -0.6252709E+00 -0.6210134E+00
  0.1352431E+02 -0.6523964E+00  0.2886974E-01 -0.1496085E+00  0.2100060E+00 -0.6281094E-02 -0.5506651E-01  0.7586775E-03  0.4113110E-04 -0.2050621E-04  0.0000000E+00 -0.6236975E+00 -0.6209434E+00
  0.1354167E+02 -0.6530214E+00  0.2890946E-01 -0.1493398E+00  0.2200336E+00 -0.8285089E-02 -0.5506122E-01  0.7589476E-03  0.1928297E-04 -0.2167597E-04  0.0000000E+00 -0.6160078E+00 -0.6208022E+00
  0.1355903E+02 -0.6515129E+00  0.2960299E-01 -0.1491234E+00  0.2207039E+00 -0.9822490E-02 -0.5505803E-01  0.7593762E-03 -0.3810532E-04 -0.1024412E-04  0.0000000E+00 -0.6144988E+00 -0.6205859E+00
  0.1357639E+02 -0.6486070E+00  0.3091665E-01 -0.1490071E+00  0.2085796E+00 -0.8973111E-02 -0.5505361E-01  0.7601212E-03 -0.6353391E-04  0.1922057E-04  0.0000000E+00 -0.6214287E+00 -0.6203649E+00
  0.1359375E+02 -0.6482217E+00  0.3235486E-01 -0.1489868E+00  0.1958146E+00 -0.5600298E-02 -0.5504385E-01  0.7608856E-03 -0.4356209E-04  0.3479575E-04  0.0000000E+00 -0.6289311E+00 -0.6201327E+00
  0.1361111E+02 -0.6499105E+00  0.3323882E-01 -0.1489895E+00  0.1880533E+00 -0.2323795E-02 -0.5502934E-01  0.7615825E-03 -0.2764918E-04  0.3239740E-04  0.0000000E+00 -0.6341948E+00 -0.6199116E+00
  0.1362847E+02 -0.6525453E+00  0.3327103E-01 -0.1489240E+00  0.1887902E+00 -0.1110041E-02 -0.5501357E-01  0.7621407E-03  0.2736258E-04  0.5402784E-05  0.0000000E+00 -0.6347368E+00 -0.6197666E+00
  0.1364583E+02 -0.6538432E+00  0.3265550E-01 -0.1487645E+00  0.1972504E+00 -0.2594421E-02 -0.5499928E-01  0.7624282E-03  0.6252100E-04 -0.2622996E-04  0.0000000E+00 -0.6294968E+00 -0.6197252E+00
  0.1366319E+02 -0.6536780E+00  0.3164773E-01 -0.1485809E+00  0.2058394E+00 -0.5412397E-02 -0.5498696E-01  0.7628092E-03  0.4911806E-04 -0.2489828E-04  0.0000000E+00 -0.6243842E+00 -0.6197281E+00
  0.1368056E+02 -0.6541774E+00  0.3037822E-01 -0.1484796E+00  0.2149641E+00 -0.6925939E-02 -0.5497725E-01  0.7633663E-03  0.3207626E-04 -0.1239101E-04  0.0000000E+00 -0.6184348E+00 -0.6196221E+00
  0.1369792E+02 -0.6534422E+00  0.2914609E-01 -0.1484952E+00  0.2226624E+00 -0.7038787E-02 -0.5497154E-01  0.7643915E-03 -0.8164199E-05  0.3229032E-05  0.0000000E+00 -0.6113798E+00 -0.6193080E+00
  0.1371528E+02 -0.6492815E+00  0.2850505E-01 -0.1485611E+00  0.2218915E+00 -0.6601250E-02 -0.5497027E-01  0.7659057E-03 -0.4100716E-04  0.1819245E-04  0.0000000E+00 -0.6082745E+00 -0.6188748E+00
  0.1373264E+02 -0.6443240E+00  0.2897562E-01 -0.1485585E+00  0.2093793E+00 -0.6362833E-02 -0.5497058E-01  0.7669537E-03 -0.6807006E-04  0.2125450E-04  0.0000000E+00 -0.6151408E+00 -0.6185576E+00
  0.1375000E+02 -0.6431659E+00  0.3054571E-01 -0.1484079E+00  0.1937503E+00 -0.6599113E-02 -0.5496710E-01  0.7671926E-03 -0.3156469E-04  0.9837825E-05  0.0000000E+00 -0.6280986E+00 -0.6185131E+00
