  0.2564236E+02 -0.6385739E+00  0.3434465E-01 -0.1133264E+00  0.2179970E+00 -0.6218009E-02 -0.5187899E-01  0.1018211E-02 -0.5732207E-04 -0.2930708E-05  0.0000000E+00 -0.5566978E+00 -0.5738482E+00
  0.2565972E+02 -0.6328323E+00  0.3348943E-01 -0.1132169E+00  0.1910940E+00 -0.5856893E-02 -0.5188681E-01  0.1019839E-02 -0.3830044E-04  0.3763888E-04  0.0000000E+00 -0.5781903E+00 -0.5738273E+00
  0.2567708E+02 -0.6377134E+00  0.3388059E-01 -0.1132251E+00  0.1795055E+00 -0.3181437E-02 -0.5189381E-01  0.1020533E-02  0.1304710E-04  0.4303700E-04  0.0000000E+00 -0.5915510E+00 -0.5739869E+00
  0.2569444E+02 -0.6473671E+00  0.3526474E-01 -0.1133340E+00  0.1859250E+00  0.2777373E-03 -0.5189539E-01  0.1019715E-02  0.4216642E-04  0.1857315E-04  0.0000000E+00 -0.5900486E+00 -0.5741896E+00
  0.2571181E+02 -0.6554146E+00  0.3676698E-01 -0.1134875E+00  0.2027649E+00  0.3188079E-02 -0.5188934E-01  0.1018518E-02  0.1970984E-04  0.1894830E-04  0.0000000E+00 -0.5770143E+00 -0.5742493E+00
  0.2572917E+02 -0.6589977E+00  0.3733801E-01 -0.1136222E+00  0.2232733E+00  0.4811917E-02 -0.5187812E-01  0.1017877E-02  0.3028536E-05  0.1202322E-04  0.0000000E+00 -0.5580419E+00 -0.5740697E+00
  0.2574653E+02 -0.6542250E+00  0.3653751E-01 -0.1136852E+00  0.2283475E+00  0.4472567E-02 -0.5186726E-01  0.1018294E-02 -0.4686989E-04 -0.1005916E-04  0.0000000E+00 -0.5494585E+00 -0.5737629E+00
  0.2576389E+02 -0.6441020E+00  0.3480753E-01 -0.1136622E+00  0.2138868E+00  0.2526616E-02 -0.5186211E-01  0.1019231E-02 -0.3138781E-04 -0.3557103E-04  0.0000000E+00 -0.5574531E+00 -0.5735682E+00
  0.2578125E+02 -0.6363013E+00  0.3331670E-01 -0.1135065E+00  0.1975205E+00 -0.2243671E-02 -0.5186517E-01  0.1019530E-02  0.2874259E-04 -0.5752588E-04  0.0000000E+00 -0.5720887E+00 -0.5736268E+00
  0.2579861E+02 -0.6329953E+00  0.3320642E-01 -0.1131815E+00  0.1835221E+00 -0.8169820E-02 -0.5187266E-01  0.1018715E-02  0.2124255E-04 -0.3771746E-04  0.0000000E+00 -0.5884885E+00 -0.5738818E+00
  0.2581597E+02 -0.6372410E+00  0.3456883E-01 -0.1128201E+00  0.1748582E+00 -0.1008079E-01 -0.5187732E-01  0.1017736E-02  0.1586177E-04  0.8085921E-05  0.0000000E+00 -0.6015504E+00 -0.5741337E+00
  0.2583333E+02 -0.6454140E+00  0.3641362E-01 -0.1126732E+00  0.1800316E+00 -0.6578643E-02 -0.5187583E-01  0.1017691E-02 -0.5212467E-05  0.6296522E-04  0.0000000E+00 -0.5990210E+00 -0.5741950E+00
  0.2585069E+02 -0.6515484E+00  0.3769237E-01 -0.1128627E+00  0.1960843E+00  0.5145700E-03 -0.5187151E-01  0.1018667E-02 -0.4198998E-04  0.8968792E-04  0.0000000E+00 -0.5809250E+00 -0.5739785E+00
  0.2586806E+02 -0.6535112E+00  0.3803494E-01 -0.1132456E+00  0.2090031E+00  0.6773435E-02 -0.5186696E-01  0.1019944E-02 -0.4875780E-04  0.4841849E-04  0.0000000E+00 -0.5637926E+00 -0.5736367E+00
  0.2588542E+02 -0.6507876E+00  0.3759342E-01 -0.1135681E+00  0.2135435E+00  0.8337036E-02 -0.5186062E-01  0.1021361E-02 -0.8701915E-05 -0.1582142E-04  0.0000000E+00 -0.5557455E+00 -0.5734670E+00
  0.2590278E+02 -0.6488518E+00  0.3642321E-01 -0.1136923E+00  0.2219446E+00  0.6186675E-02 -0.5185150E-01  0.1021709E-02  0.6307491E-04 -0.6083004E-04  0.0000000E+00 -0.5488171E+00 -0.5735466E+00
  0.2592014E+02 -0.6485801E+00  0.3473464E-01 -0.1135932E+00  0.2277073E+00  0.1129424E-02 -0.5184420E-01  0.1020055E-02  0.6358981E-04 -0.8895552E-04  0.0000000E+00 -0.5494514E+00 -0.5737110E+00
  0.2593750E+02 -0.6452200E+00  0.3320398E-01 -0.1133048E+00  0.2170977E+00 -0.4178976E-02 -0.5184316E-01  0.1017606E-02  0.2214523E-04 -0.4896804E-04  0.0000000E+00 -0.5632544E+00 -0.5738311E+00
  0.2595486E+02 -0.6420303E+00  0.3249747E-01 -0.1129953E+00  0.2011534E+00 -0.6303004E-02 -0.5184880E-01  0.1016679E-02 -0.1284656E-04  0.1904256E-04  0.0000000E+00 -0.5785037E+00 -0.5738576E+00
  0.2597222E+02 -0.6413473E+00  0.3291447E-01 -0.1128277E+00  0.1893851E+00 -0.5965466E-02 -0.5185708E-01  0.1017700E-02 -0.3326796E-04  0.4603001E-04  0.0000000E+00 -0.5886674E+00 -0.5737683E+00
  0.2598958E+02 -0.6423866E+00  0.3438740E-01 -0.1128109E+00  0.1806938E+00 -0.3162169E-02 -0.5186256E-01  0.1018919E-02 -0.6051845E-04  0.6524946E-04  0.0000000E+00 -0.5941174E+00 -0.5736486E+00
  0.2600694E+02 -0.6459156E+00  0.3630351E-01 -0.1128969E+00  0.1773809E+00  0.1294957E-02 -0.5186241E-01  0.1019816E-02 -0.3918569E-04  0.4856921E-04  0.0000000E+00 -0.5946664E+00 -0.5735721E+00
  0.2602431E+02 -0.6486659E+00  0.3792715E-01 -0.1130284E+00  0.1838821E+00  0.4331155E-02 -0.5185690E-01  0.1020330E-02  0.7706664E-05 -0.6242249E-05  0.0000000E+00 -0.5863890E+00 -0.5735316E+00
  0.2604167E+02 -0.6497417E+00  0.3873158E-01 -0.1131515E+00  0.1937180E+00  0.4705279E-02 -0.5184823E-01  0.1020493E-02  0.1382578E-04 -0.3112881E-04  0.0000000E+00 -0.5765833E+00 -0.5735534E+00
  0.2605903E+02 -0.6512569E+00  0.3853691E-01 -0.1132378E+00  0.2065178E+00  0.3959887E-02 -0.5183876E-01  0.1020451E-02  0.3198514E-04 -0.1744957E-04  0.0000000E+00 -0.5662839E+00 -0.5736422E+00
  0.2607639E+02 -0.6525772E+00  0.3741409E-01 -0.1132887E+00  0.2197837E+00  0.2640918E-02 -0.5183029E-01  0.1020274E-02  0.1665370E-04 -0.1426564E-04  0.0000000E+00 -0.5568348E+00 -0.5736834E+00
  0.2609375E+02 -0.6500168E+00  0.3555945E-01 -0.1132940E+00  0.2265878E+00  0.2160306E-03 -0.5182359E-01  0.1020155E-02  0.2183376E-04 -0.1961667E-04  0.0000000E+00 -0.5517487E+00 -0.5736270E+00
  0.2611111E+02 -0.6473129E+00  0.3335900E-01 -0.1132360E+00  0.2284315E+00 -0.2080623E-02 -0.5182203E-01  0.1019725E-02  0.2570381E-04 -0.6588882E-05  0.0000000E+00 -0.5516222E+00 -0.5735536E+00
  0.2612847E+02 -0.6457770E+00  0.3175587E-01 -0.1131037E+00  0.2221615E+00 -0.2576297E-02 -0.5182871E-01  0.1018950E-02 -0.4145321E-05  0.1282702E-04  0.0000000E+00 -0.5583407E+00 -0.5735185E+00
  0.2614583E+02 -0.6446032E+00  0.3172481E-01 -0.1129400E+00  0.2081825E+00 -0.1184846E-02 -0.5183986E-01  0.1018412E-02 -0.1485331E-04  0.2055713E-04  0.0000000E+00 -0.5696364E+00 -0.5735193E+00
  0.2616319E+02 -0.6454607E+00  0.3335431E-01 -0.1128257E+00  0.1898994E+00  0.3673097E-03 -0.5184747E-01  0.1018685E-02 -0.4288735E-04  0.2840459E-04  0.0000000E+00 -0.5855086E+00 -0.5735606E+00
  0.2618056E+02 -0.6485108E+00  0.3572155E-01 -0.1128224E+00  0.1802957E+00  0.1426502E-02 -0.5184713E-01  0.1019850E-02 -0.8128003E-05  0.3600175E-05  0.0000000E+00 -0.5947212E+00 -0.5735985E+00
  0.2619792E+02 -0.6515095E+00  0.3787456E-01 -0.1128777E+00  0.1837189E+00  0.1108429E-02 -0.5184032E-01  0.1020949E-02  0.1555501E-04 -0.2877691E-04  0.0000000E+00 -0.5925179E+00 -0.5735536E+00
  0.2621528E+02 -0.6500878E+00  0.3915188E-01 -0.1129292E+00  0.1839369E+00 -0.1750831E-03 -0.5182956E-01  0.1021911E-02 -0.3871681E-04 -0.3676280E-05  0.0000000E+00 -0.5909534E+00 -0.5734532E+00
  0.2623264E+02 -0.6474937E+00  0.3913899E-01 -0.1129879E+00  0.1861396E+00 -0.1345678E-03 -0.5181803E-01  0.1022165E-02 -0.2263379E-04  0.2355989E-04  0.0000000E+00 -0.5861324E+00 -0.5733718E+00
  0.2625000E+02 -0.6484443E+00  0.3786183E-01 -0.1130642E+00  0.2042893E+00  0.1259497E-02 -0.5180899E-01  0.1021359E-02  0.3148987E-04  0.1365862E-04  0.0000000E+00 -0.5688404E+00 -0.5733477E+00
