  0.1267361E+01 -0.7389245E-02  0.4065047E-01 -0.7655980E-03 -0.2378235E-02 -0.6272471E-03  0.1165971E+01  0.5377838E-04  0.1216664E-06  0.4119099E-01 -0.2302906E+00  0.1006416E+01
  0.1284722E+01 -0.7461628E-02  0.4087667E-01 -0.7751675E-03 -0.2443551E-02 -0.6533384E-03  0.1163115E+01  0.5792283E-04 -0.2413586E-06  0.4213155E-01 -0.2292895E+00  0.1005558E+01
  0.1302083E+01 -0.7531649E-02  0.4109709E-01 -0.7846406E-03 -0.2507621E-02 -0.6740591E-03  0.1158924E+01  0.5600861E-04  0.1987228E-05  0.4309197E-01 -0.2273189E+00  0.1004354E+01
  0.1319444E+01 -0.7599581E-02  0.4131207E-01 -0.7940229E-03 -0.2570348E-02 -0.6902668E-03  0.1154058E+01  0.5585190E-04  0.4857476E-05  0.4405743E-01 -0.2247761E+00  0.1003057E+01
  0.1336806E+01 -0.7665858E-02  0.4152190E-01 -0.8033192E-03 -0.2631430E-02 -0.7014287E-03  0.1149404E+01  0.4912524E-04  0.4382101E-05  0.4501442E-01 -0.2222173E+00  0.1001974E+01
  0.1354167E+01 -0.7730402E-02  0.4172646E-01 -0.8125339E-03 -0.2690854E-02 -0.7141874E-03  0.1145713E+01  0.4839068E-04  0.3570973E-05  0.4597190E-01 -0.2204909E+00  0.1001025E+01
  0.1371528E+01 -0.7792633E-02  0.4192571E-01 -0.8216611E-03 -0.2749143E-02 -0.7452471E-03  0.1142557E+01  0.5573336E-04  0.4579800E-05  0.4693288E-01 -0.2189878E+00  0.1000380E+01
  0.1388889E+01 -0.7852918E-02  0.4211982E-01 -0.8306903E-03 -0.2806226E-02 -0.7893387E-03  0.1139934E+01  0.4301768E-04  0.1700787E-05  0.4786743E-01 -0.2168846E+00  0.1000802E+01
  0.1406250E+01 -0.7911934E-02  0.4230900E-01 -0.8396593E-03 -0.2861552E-02 -0.8217926E-03  0.1139242E+01  0.3427299E-04  0.8951713E-06  0.4878119E-01 -0.2153356E+00  0.1002597E+01
  0.1423611E+01 -0.7969366E-02  0.4249364E-01 -0.8485835E-03 -0.2915637E-02 -0.8342284E-03  0.1137685E+01  0.4628121E-04  0.2859511E-05  0.4974468E-01 -0.2141966E+00  0.1003208E+01
  0.1440972E+01 -0.8024789E-02  0.4267400E-01 -0.8574290E-03 -0.2968979E-02 -0.8407987E-03  0.1132359E+01  0.5844520E-04  0.3133529E-05  0.5074648E-01 -0.2118977E+00  0.1001251E+01
  0.1458333E+01 -0.8078473E-02  0.4285000E-01 -0.8661730E-03 -0.3021272E-02 -0.8551314E-03  0.1126456E+01  0.4689151E-04  0.3826850E-05  0.5171727E-01 -0.2087289E+00  0.9995241E+00
  0.1475694E+01 -0.8130612E-02  0.4302142E-01 -0.8748334E-03 -0.3072196E-02 -0.8776497E-03  0.1122425E+01  0.4117374E-04  0.5136325E-05  0.5266448E-01 -0.2056068E+00  0.9995952E+00
  0.1493056E+01 -0.8181302E-02  0.4318827E-01 -0.8834083E-03 -0.3121767E-02 -0.9031817E-03  0.1119804E+01  0.3488300E-04  0.4069056E-05  0.5360188E-01 -0.2026841E+00  0.1000860E+01
  0.1510417E+01 -0.8230837E-02  0.4335096E-01 -0.8919207E-03 -0.3169944E-02 -0.9340233E-03  0.1118862E+01  0.3572779E-04  0.2004221E-05  0.5453254E-01 -0.2007710E+00  0.1002786E+01
  0.1527778E+01 -0.8278908E-02  0.4351018E-01 -0.9003890E-03 -0.3217568E-02 -0.9691921E-03  0.1119050E+01  0.3258857E-04  0.1319679E-05  0.5548165E-01 -0.1997747E+00  0.1004935E+01
  0.1545139E+01 -0.8324902E-02  0.4366615E-01 -0.9088044E-03 -0.3265172E-02 -0.9965494E-03  0.1118620E+01  0.3308953E-04  0.1602651E-05  0.5645542E-01 -0.1987251E+00  0.1006556E+01
  0.1562500E+01 -0.8369280E-02  0.4381863E-01 -0.9171595E-03 -0.3312206E-02 -0.1002353E-02  0.1114643E+01  0.4245422E-04  0.4838365E-05  0.5745246E-01 -0.1967514E+00  0.1005609E+01
  0.1579861E+01 -0.8412121E-02  0.4396734E-01 -0.9254190E-03 -0.3358496E-02 -0.9934612E-03  0.1106934E+01  0.5403788E-04  0.6644262E-05  0.5841874E-01 -0.1932579E+00  0.1002433E+01
  0.1597222E+01 -0.8453619E-02  0.4411245E-01 -0.9335657E-03 -0.3403920E-02 -0.9979072E-03  0.1098836E+01  0.4989523E-04  0.4176537E-05  0.5933074E-01 -0.1891786E+00  0.9993658E+00
  0.1614583E+01 -0.8493966E-02  0.4425441E-01 -0.9416268E-03 -0.3448651E-02 -0.1036260E-02  0.1094757E+01  0.3443427E-04 -0.9547760E-06  0.6022369E-01 -0.1863305E+00  0.9990178E+00
  0.1631944E+01 -0.8533297E-02  0.4439348E-01 -0.9496460E-03 -0.3492716E-02 -0.1083809E-02  0.1095126E+01  0.1971132E-04 -0.3173825E-05  0.6114449E-01 -0.1849677E+00  0.1001653E+01
  0.1649306E+01 -0.8571148E-02  0.4452988E-01 -0.9576280E-03 -0.3536707E-02 -0.1112080E-02  0.1096873E+01  0.1550808E-04 -0.4644380E-06  0.6211243E-01 -0.1837303E+00  0.1005623E+01
  0.1666667E+01 -0.8607089E-02  0.4466370E-01 -0.9655568E-03 -0.3581025E-02 -0.1120114E-02  0.1096587E+01  0.2850086E-04  0.7990404E-06  0.6311447E-01 -0.1817237E+00  0.1008397E+01
  0.1684028E+01 -0.8641049E-02  0.4479497E-01 -0.9734103E-03 -0.3625865E-02 -0.1120590E-02  0.1092592E+01  0.3969732E-04 -0.3956361E-06  0.6409577E-01 -0.1785783E+00  0.1008582E+01
  0.1701389E+01 -0.8673643E-02  0.4492353E-01 -0.9811821E-03 -0.3670584E-02 -0.1118984E-02  0.1086325E+01  0.3930765E-04 -0.5970413E-06  0.6502645E-01 -0.1750030E+00  0.1006866E+01
  0.1718750E+01 -0.8705731E-02  0.4504920E-01 -0.9888984E-03 -0.3714160E-02 -0.1118930E-02  0.1079796E+01  0.4505355E-04  0.8618138E-06  0.6591949E-01 -0.1725535E+00  0.1003729E+01
  0.1736111E+01 -0.8737352E-02  0.4517212E-01 -0.9965506E-03 -0.3756561E-02 -0.1138061E-02  0.1073057E+01  0.5431098E-04  0.1074854E-05  0.6683475E-01 -0.1708910E+00  0.9995993E+00
  0.1753472E+01 -0.8767589E-02  0.4529295E-01 -0.1004091E-02 -0.3799222E-02 -0.1182420E-02  0.1069034E+01  0.2252981E-04 -0.2044235E-05  0.6776140E-01 -0.1679265E+00  0.9994286E+00
  0.1770833E+01 -0.8795711E-02  0.4541212E-01 -0.1011551E-02 -0.3843067E-02 -0.1228401E-02  0.1070171E+01  0.3695161E-05 -0.3020350E-05  0.6867959E-01 -0.1643355E+00  0.1005049E+01
  0.1788194E+01 -0.8822111E-02  0.4552958E-01 -0.1018980E-02 -0.3887692E-02 -0.1250264E-02  0.1072677E+01  0.4175236E-05 -0.6409461E-06  0.6958534E-01 -0.1614748E+00  0.1011341E+01
  0.1805556E+01 -0.8847535E-02  0.4564477E-01 -0.1026392E-02 -0.3932186E-02 -0.1249729E-02  0.1071873E+01  0.3184906E-04 -0.1181460E-06  0.7052921E-01 -0.1597859E+00  0.1013237E+01
  0.1822917E+01 -0.8872359E-02  0.4575749E-01 -0.1033769E-02 -0.3975750E-02 -0.1238646E-02  0.1064929E+01  0.6054285E-04 -0.8918669E-06  0.7152432E-01 -0.1593301E+00  0.1007819E+01
  0.1840278E+01 -0.8896319E-02  0.4586815E-01 -0.1041051E-02 -0.4018959E-02 -0.1235371E-02  0.1056083E+01  0.5013225E-04  0.4620490E-06  0.7248604E-01 -0.1579892E+00  0.1001307E+01
  0.1857639E+01 -0.8919313E-02  0.4597727E-01 -0.1048244E-02 -0.4062414E-02 -0.1249382E-02  0.1048498E+01  0.3785159E-04  0.1088417E-05  0.7337734E-01 -0.1544578E+00  0.9981541E+00
  0.1875000E+01 -0.8941149E-02  0.4608492E-01 -0.1055349E-02 -0.4106204E-02 -0.1270521E-02  0.1043950E+01  0.1366051E-04 -0.1050304E-05  0.7421193E-01 -0.1501692E+00  0.9987169E+00
