  0.3767361E+01 -0.6061692E+00 -0.3300085E-01 -0.2419398E+00  0.2346079E+00 -0.5376537E-01 -0.6474862E-01 -0.3401060E-05  0.1671129E-04  0.1543844E-04  0.0000000E+00 -0.7649872E+00 -0.7722366E+00
  0.3784722E+01 -0.6053425E+00 -0.3199004E-01 -0.2417284E+00  0.2271671E+00 -0.5500099E-01 -0.6476764E-01  0.2881762E-07 -0.7928264E-04  0.2660196E-04  0.0000000E+00 -0.7717150E+00 -0.7720505E+00
  0.3802083E+01 -0.6151147E+00 -0.2571692E-01 -0.2416295E+00  0.2199857E+00 -0.4885949E-01 -0.6477128E-01  0.3367156E-05 -0.1302419E-03  0.1446399E-04  0.0000000E+00 -0.7762186E+00 -0.7718769E+00
  0.3819444E+01 -0.6292525E+00 -0.1714761E-01 -0.2415554E+00  0.2151506E+00 -0.4013920E-01 -0.6474083E-01  0.6442697E-05 -0.1137923E-03 -0.6994321E-05  0.0000000E+00 -0.7777993E+00 -0.7716579E+00
  0.3836806E+01 -0.6391294E+00 -0.1046165E-01 -0.2414806E+00  0.2131537E+00 -0.3395874E-01 -0.6467572E-01  0.9200309E-05 -0.5929607E-04 -0.8385260E-05  0.0000000E+00 -0.7766109E+00 -0.7713902E+00
  0.3854167E+01 -0.6408820E+00 -0.8809264E-02 -0.2413907E+00  0.2139347E+00 -0.3237072E-01 -0.6459377E-01  0.1179795E-04  0.1191121E-04  0.1157596E-05  0.0000000E+00 -0.7740868E+00 -0.7710956E+00
  0.3871528E+01 -0.6363253E+00 -0.1276308E-01 -0.2412349E+00  0.2189950E+00 -0.3503916E-01 -0.6451902E-01  0.1454210E-04  0.1012588E-03  0.1249132E-05  0.0000000E+00 -0.7707693E+00 -0.7708214E+00
  0.3888889E+01 -0.6284631E+00 -0.2022815E-01 -0.2409727E+00  0.2286667E+00 -0.3982824E-01 -0.6447026E-01  0.1741368E-04  0.1380902E-03 -0.3326500E-05  0.0000000E+00 -0.7651436E+00 -0.7705897E+00
  0.3906250E+01 -0.6206385E+00 -0.2763829E-01 -0.2406275E+00  0.2368388E+00 -0.4475419E-01 -0.6445393E-01  0.2079079E-04  0.1019676E-03 -0.8290947E-06  0.0000000E+00 -0.7611517E+00 -0.7703536E+00
  0.3923611E+01 -0.6156948E+00 -0.3160718E-01 -0.2402978E+00  0.2390004E+00 -0.4841303E-01 -0.6446297E-01  0.2471230E-04  0.1898998E-04  0.8051956E-05  0.0000000E+00 -0.7614236E+00 -0.7700882E+00
  0.3940972E+01 -0.6155409E+00 -0.3024158E-01 -0.2400679E+00  0.2347068E+00 -0.4914276E-01 -0.6447952E-01  0.2838336E-04 -0.7350863E-04  0.1613526E-04  0.0000000E+00 -0.7647949E+00 -0.7698159E+00
  0.3958333E+01 -0.6218932E+00 -0.2393044E-01 -0.2399176E+00  0.2268577E+00 -0.4564914E-01 -0.6448155E-01  0.3121239E-04 -0.1323608E-03  0.1982718E-04  0.0000000E+00 -0.7690956E+00 -0.7695691E+00
  0.3975694E+01 -0.6325804E+00 -0.1536457E-01 -0.2397766E+00  0.2205499E+00 -0.3948266E-01 -0.6445342E-01  0.3327298E-04 -0.1283755E-03  0.7488001E-05  0.0000000E+00 -0.7711953E+00 -0.7693412E+00
  0.3993056E+01 -0.6411020E+00 -0.8323747E-02 -0.2396135E+00  0.2175545E+00 -0.3450331E-01 -0.6439415E-01  0.3524761E-04 -0.6957993E-04 -0.9740105E-05  0.0000000E+00 -0.7704264E+00 -0.7690740E+00
  0.4010417E+01 -0.6436576E+00 -0.5859075E-02 -0.2394548E+00  0.2164884E+00 -0.3290134E-01 -0.6431801E-01  0.3782800E-04  0.2345886E-05 -0.9617364E-05  0.0000000E+00 -0.7696719E+00 -0.7687678E+00
  0.4027778E+01 -0.6401462E+00 -0.8755582E-02 -0.2393091E+00  0.2183145E+00 -0.3451520E-01 -0.6424695E-01  0.4111994E-04  0.7900246E-04 -0.6519010E-05  0.0000000E+00 -0.7685450E+00 -0.7684502E+00
  0.4045139E+01 -0.6340809E+00 -0.1524224E-01 -0.2391080E+00  0.2233942E+00 -0.3844309E-01 -0.6419756E-01  0.4457462E-04  0.1190487E-03 -0.1123450E-05  0.0000000E+00 -0.7675151E+00 -0.7681603E+00
  0.4062500E+01 -0.6287103E+00 -0.2224062E-01 -0.2388288E+00  0.2299731E+00 -0.4305097E-01 -0.6417393E-01  0.4754000E-04  0.1057120E-03  0.7462066E-05  0.0000000E+00 -0.7668708E+00 -0.7679277E+00
  0.4079861E+01 -0.6256768E+00 -0.2686000E-01 -0.2385617E+00  0.2353727E+00 -0.4623130E-01 -0.6417129E-01  0.5008294E-04  0.4793655E-04  0.1546583E-04  0.0000000E+00 -0.7660150E+00 -0.7677165E+00
  0.4097222E+01 -0.6260157E+00 -0.2722816E-01 -0.2383724E+00  0.2375340E+00 -0.4638601E-01 -0.6417951E-01  0.5262576E-04 -0.3083191E-04  0.1363514E-04  0.0000000E+00 -0.7646123E+00 -0.7674514E+00
  0.4114583E+01 -0.6298027E+00 -0.2299465E-01 -0.2382199E+00  0.2355136E+00 -0.4358214E-01 -0.6418389E-01  0.5522733E-04 -0.9866093E-04  0.5602046E-05  0.0000000E+00 -0.7633075E+00 -0.7670970E+00
  0.4131944E+01 -0.6357326E+00 -0.1569774E-01 -0.2380360E+00  0.2290768E+00 -0.3951293E-01 -0.6416873E-01  0.5784807E-04 -0.1348155E-03  0.5807137E-05  0.0000000E+00 -0.7641423E+00 -0.7667423E+00
  0.4149306E+01 -0.6417536E+00 -0.8386354E-02 -0.2378036E+00  0.2219215E+00 -0.3604166E-01 -0.6412612E-01  0.6046388E-04 -0.9400417E-04  0.1551022E-05  0.0000000E+00 -0.7662218E+00 -0.7664607E+00
  0.4166667E+01 -0.6459792E+00 -0.4187685E-02 -0.2375490E+00  0.2172293E+00 -0.3454888E-01 -0.6406183E-01  0.6288877E-04 -0.2166166E-04 -0.2156594E-05  0.0000000E+00 -0.7690582E+00 -0.7662264E+00
  0.4184028E+01 -0.6454786E+00 -0.4710158E-02 -0.2372881E+00  0.2160911E+00 -0.3543271E-01 -0.6399235E-01  0.6511373E-04  0.4878139E-04 -0.2120065E-05  0.0000000E+00 -0.7706991E+00 -0.7659672E+00
  0.4201389E+01 -0.6414331E+00 -0.9395913E-02 -0.2370158E+00  0.2194128E+00 -0.3826778E-01 -0.6393474E-01  0.6745305E-04  0.9691190E-04 -0.3130264E-05  0.0000000E+00 -0.7704733E+00 -0.7656505E+00
  0.4218750E+01 -0.6357865E+00 -0.1610100E-01 -0.2367748E+00  0.2255693E+00 -0.4175928E-01 -0.6389880E-01  0.7008057E-04  0.9827749E-04  0.2942802E-05  0.0000000E+00 -0.7685798E+00 -0.7653055E+00
  0.4236111E+01 -0.6312596E+00 -0.2203545E-01 -0.2366325E+00  0.2325184E+00 -0.4376980E-01 -0.6388601E-01  0.7272371E-04  0.6938653E-04  0.1455045E-04  0.0000000E+00 -0.7649083E+00 -0.7649919E+00
  0.4253472E+01 -0.6314544E+00 -0.2468628E-01 -0.2365530E+00  0.2391016E+00 -0.4294355E-01 -0.6388984E-01  0.7530768E-04  0.1265986E-04  0.1862166E-04  0.0000000E+00 -0.7603188E+00 -0.7647295E+00
  0.4270833E+01 -0.6355779E+00 -0.2285536E-01 -0.2364442E+00  0.2435313E+00 -0.3988930E-01 -0.6389626E-01  0.7797553E-04 -0.4721608E-04  0.8532377E-05  0.0000000E+00 -0.7550924E+00 -0.7644695E+00
  0.4288194E+01 -0.6408569E+00 -0.1734738E-01 -0.2362688E+00  0.2425156E+00 -0.3650941E-01 -0.6388942E-01  0.8037198E-04 -0.9405687E-04  0.7583072E-06  0.0000000E+00 -0.7523692E+00 -0.7641712E+00
  0.4305556E+01 -0.6452631E+00 -0.1052732E-01 -0.2360376E+00  0.2350897E+00 -0.3399177E-01 -0.6386104E-01  0.8237211E-04 -0.1118059E-03  0.3224001E-06  0.0000000E+00 -0.7546202E+00 -0.7638324E+00
  0.4322917E+01 -0.6473794E+00 -0.5008371E-02 -0.2357638E+00  0.2250817E+00 -0.3330852E-01 -0.6381427E-01  0.8416971E-04 -0.7786582E-04 -0.6516250E-05  0.0000000E+00 -0.7601929E+00 -0.7634839E+00
  0.4340278E+01 -0.6470329E+00 -0.2484654E-02 -0.2354416E+00  0.2175992E+00 -0.3472076E-01 -0.6375784E-01  0.8622676E-04 -0.1151725E-04 -0.1046434E-04  0.0000000E+00 -0.7657744E+00 -0.7631507E+00
  0.4357639E+01 -0.6450147E+00 -0.3557245E-02 -0.2351336E+00  0.2144782E+00 -0.3698987E-01 -0.6370063E-01  0.8867764E-04  0.3902166E-04 -0.1027663E-05  0.0000000E+00 -0.7697912E+00 -0.7628284E+00
  0.4375000E+01 -0.6424228E+00 -0.7804298E-02 -0.2349414E+00  0.2164263E+00 -0.3887936E-01 -0.6365101E-01  0.9151261E-04  0.7563592E-04  0.1237244E-04  0.0000000E+00 -0.7710930E+00 -0.7625243E+00
