  0.2376736E+02 -0.6412836E+00  0.3161253E-01 -0.1156514E+00  0.1877772E+00  0.1958714E-02 -0.5212084E-01  0.9939252E-03 -0.4827540E-04  0.4511363E-04  0.0000000E+00 -0.5867166E+00 -0.5772348E+00
  0.2378472E+02 -0.6397225E+00  0.3243499E-01 -0.1157203E+00  0.1706759E+00  0.1910511E-02 -0.5213127E-01  0.9937241E-03 -0.4987802E-04  0.1630044E-04  0.0000000E+00 -0.6015925E+00 -0.5771808E+00
  0.2380208E+02 -0.6417497E+00  0.3472752E-01 -0.1156754E+00  0.1728528E+00  0.4746849E-03 -0.5213520E-01  0.9924487E-03  0.1109462E-04 -0.5365781E-04  0.0000000E+00 -0.6005554E+00 -0.5771934E+00
  0.2381944E+02 -0.6416077E+00  0.3764512E-01 -0.1155544E+00  0.1839105E+00 -0.2830542E-02 -0.5213004E-01  0.9921350E-03 -0.7854334E-05 -0.6195444E-04  0.0000000E+00 -0.5896448E+00 -0.5772727E+00
  0.2383681E+02 -0.6410959E+00  0.3980883E-01 -0.1154782E+00  0.1895095E+00 -0.4612679E-02 -0.5211724E-01  0.9931682E-03 -0.4277867E-04 -0.4344804E-05  0.0000000E+00 -0.5830396E+00 -0.5773921E+00
  0.2385417E+02 -0.6440134E+00  0.4041667E-01 -0.1154473E+00  0.1968611E+00 -0.3635356E-02 -0.5210196E-01  0.9936227E-03  0.1226615E-04  0.8625446E-05  0.0000000E+00 -0.5769058E+00 -0.5774347E+00
  0.2387153E+02 -0.6461486E+00  0.3955572E-01 -0.1153794E+00  0.2078252E+00 -0.2317035E-02 -0.5208845E-01  0.9931598E-03  0.5235402E-04 -0.1284647E-05  0.0000000E+00 -0.5675083E+00 -0.5773746E+00
  0.2388889E+02 -0.6459010E+00  0.3751409E-01 -0.1153194E+00  0.2134135E+00 -0.1302157E-02 -0.5207948E-01  0.9930702E-03  0.3824750E-04  0.2369736E-04  0.0000000E+00 -0.5626195E+00 -0.5772731E+00
  0.2390625E+02 -0.6445973E+00  0.3487451E-01 -0.1153286E+00  0.2082061E+00 -0.2385301E-03 -0.5207882E-01  0.9933421E-03  0.1113090E-04  0.3990500E-04  0.0000000E+00 -0.5681183E+00 -0.5771618E+00
  0.2392361E+02 -0.6413247E+00  0.3281214E-01 -0.1153950E+00  0.1915405E+00  0.1773568E-03 -0.5208762E-01  0.9941767E-03 -0.1540078E-04  0.2144705E-04  0.0000000E+00 -0.5832771E+00 -0.5770685E+00
  0.2394097E+02 -0.6374733E+00  0.3235282E-01 -0.1154921E+00  0.1721117E+00 -0.1570085E-04 -0.5209999E-01  0.9958476E-03 -0.3082349E-04  0.1079470E-04  0.0000000E+00 -0.5996408E+00 -0.5770612E+00
  0.2395833E+02 -0.6390113E+00  0.3355431E-01 -0.1155649E+00  0.1638355E+00  0.3593258E-03 -0.5210796E-01  0.9972147E-03 -0.3339830E-04  0.9995673E-05  0.0000000E+00 -0.6079612E+00 -0.5771519E+00
  0.2397569E+02 -0.6435627E+00  0.3563779E-01 -0.1155548E+00  0.1722647E+00  0.3606041E-03 -0.5210727E-01  0.9970899E-03  0.8588966E-06 -0.1763695E-04  0.0000000E+00 -0.6019815E+00 -0.5772370E+00
  0.2399306E+02 -0.6464315E+00  0.3754986E-01 -0.1154408E+00  0.1917804E+00 -0.1663891E-02 -0.5209786E-01  0.9955510E-03  0.3827691E-04 -0.4437245E-04  0.0000000E+00 -0.5853143E+00 -0.5772498E+00
  0.2401042E+02 -0.6460510E+00  0.3838400E-01 -0.1152743E+00  0.2096432E+00 -0.3380838E-02 -0.5208394E-01  0.9939675E-03  0.2183728E-04 -0.1092345E-04  0.0000000E+00 -0.5677580E+00 -0.5771914E+00
  0.2402778E+02 -0.6442302E+00  0.3792238E-01 -0.1151306E+00  0.2151492E+00 -0.2390613E-02 -0.5207312E-01  0.9940401E-03 -0.1642530E-04  0.4069912E-04  0.0000000E+00 -0.5597346E+00 -0.5770555E+00
  0.2404514E+02 -0.6436156E+00  0.3669223E-01 -0.1150738E+00  0.2110638E+00 -0.5975088E-03 -0.5206951E-01  0.9959743E-03 -0.1548958E-04  0.2843449E-04  0.0000000E+00 -0.5625914E+00 -0.5769299E+00
  0.2406250E+02 -0.6425647E+00  0.3555186E-01 -0.1150936E+00  0.2026547E+00 -0.3948078E-03 -0.5207128E-01  0.9980611E-03  0.7900761E-05 -0.1301992E-04  0.0000000E+00 -0.5709249E+00 -0.5769244E+00
  0.2407986E+02 -0.6411379E+00  0.3510381E-01 -0.1151389E+00  0.1881686E+00 -0.1418230E-02 -0.5207408E-01  0.9992701E-03  0.2909872E-07 -0.1337245E-04  0.0000000E+00 -0.5855107E+00 -0.5769886E+00
  0.2409722E+02 -0.6402535E+00  0.3522081E-01 -0.1152169E+00  0.1778896E+00 -0.2315922E-02 -0.5207378E-01  0.9993988E-03  0.1186666E-05  0.1446764E-04  0.0000000E+00 -0.5957346E+00 -0.5770243E+00
  0.2411458E+02 -0.6421620E+00  0.3529901E-01 -0.1153456E+00  0.1831519E+00 -0.1494345E-02 -0.5207036E-01  0.9982918E-03  0.4842516E-05  0.3447415E-04  0.0000000E+00 -0.5915838E+00 -0.5769987E+00
  0.2413194E+02 -0.6446150E+00  0.3508045E-01 -0.1154400E+00  0.1941727E+00  0.9302404E-03 -0.5206777E-01  0.9970738E-03 -0.3548407E-05  0.1882174E-04  0.0000000E+00 -0.5809271E+00 -0.5768835E+00
  0.2414931E+02 -0.6435867E+00  0.3498050E-01 -0.1153753E+00  0.1967979E+00  0.1767962E-02 -0.5206869E-01  0.9971557E-03 -0.4650544E-05 -0.7336783E-05  0.0000000E+00 -0.5764992E+00 -0.5767416E+00
  0.2416667E+02 -0.6399201E+00  0.3545485E-01 -0.1151620E+00  0.1908934E+00  0.4067627E-03 -0.5207055E-01  0.9988728E-03 -0.2084625E-04 -0.7330572E-06  0.0000000E+00 -0.5794204E+00 -0.5767308E+00
  0.2418403E+02 -0.6396953E+00  0.3635444E-01 -0.1149763E+00  0.1867845E+00 -0.7516879E-03 -0.5206943E-01  0.1000727E-02 -0.1879333E-04  0.9482531E-05  0.0000000E+00 -0.5833624E+00 -0.5768644E+00
  0.2420139E+02 -0.6450865E+00  0.3717272E-01 -0.1149299E+00  0.1982356E+00 -0.5100510E-03 -0.5206434E-01  0.1001185E-02  0.3577705E-04 -0.6523111E-05  0.0000000E+00 -0.5761520E+00 -0.5769732E+00
  0.2421875E+02 -0.6501778E+00  0.3757729E-01 -0.1149484E+00  0.2162009E+00 -0.5237372E-03 -0.5205733E-01  0.1000081E-02  0.2522217E-04 -0.1993966E-04  0.0000000E+00 -0.5629236E+00 -0.5769421E+00
  0.2423611E+02 -0.6482860E+00  0.3739774E-01 -0.1149599E+00  0.2181339E+00 -0.1837044E-02 -0.5205070E-01  0.9995837E-03 -0.2175111E-04 -0.1240894E-04  0.0000000E+00 -0.5606367E+00 -0.5768375E+00
  0.2425347E+02 -0.6433659E+00  0.3657725E-01 -0.1149938E+00  0.2102278E+00 -0.2249793E-02 -0.5204619E-01  0.1000488E-02  0.3772972E-05  0.1095020E-05  0.0000000E+00 -0.5648454E+00 -0.5767304E+00
  0.2427083E+02 -0.6404187E+00  0.3549653E-01 -0.1150565E+00  0.1992768E+00 -0.1869311E-02 -0.5204545E-01  0.1001458E-02  0.9633026E-05  0.8176918E-06  0.0000000E+00 -0.5736047E+00 -0.5766392E+00
  0.2428819E+02 -0.6376992E+00  0.3491371E-01 -0.1150765E+00  0.1822384E+00 -0.2497638E-02 -0.5204817E-01  0.1002072E-02 -0.1923335E-04  0.9602904E-05  0.0000000E+00 -0.5891769E+00 -0.5766176E+00
  0.2430556E+02 -0.6390266E+00  0.3517079E-01 -0.1150327E+00  0.1734551E+00 -0.1969300E-02 -0.5205102E-01  0.1002693E-02 -0.1200745E-04  0.4144246E-04  0.0000000E+00 -0.5984216E+00 -0.5767031E+00
  0.2432292E+02 -0.6438356E+00  0.3595616E-01 -0.1149765E+00  0.1784889E+00  0.8794503E-03 -0.5205302E-01  0.1003127E-02 -0.1038428E-04  0.4636471E-04  0.0000000E+00 -0.5945015E+00 -0.5767971E+00
  0.2434028E+02 -0.6464902E+00  0.3706348E-01 -0.1148964E+00  0.1847995E+00  0.2467345E-02 -0.5205403E-01  0.1002727E-02 -0.9593430E-05  0.6146159E-05  0.0000000E+00 -0.5881110E+00 -0.5767967E+00
  0.2435764E+02 -0.6464537E+00  0.3825632E-01 -0.1148027E+00  0.1908993E+00  0.1274099E-02 -0.5205085E-01  0.1002351E-02 -0.4753801E-05 -0.1996483E-04  0.0000000E+00 -0.5819000E+00 -0.5767681E+00
  0.2437500E+02 -0.6490729E+00  0.3881809E-01 -0.1147851E+00  0.2081889E+00  0.6330800E-03 -0.5204164E-01  0.1002585E-02  0.2788065E-04 -0.2485637E-04  0.0000000E+00 -0.5672540E+00 -0.5767496E+00
