  0.2814236E+02 -0.5647614E-02  0.1063491E+00 -0.8824230E-02 -0.4470985E-01  0.1307280E-01  0.6809475E+00  0.8458008E-05 -0.5313445E-06  0.3085687E+00 -0.2218089E-01  0.1027583E+01
  0.2815972E+02 -0.5646200E-02  0.1063649E+00 -0.8828578E-02 -0.4472109E-01  0.1289748E-01  0.7243367E+00 -0.2018527E-03 -0.1191413E-05  0.3086852E+00 -0.2181443E-01  0.1071071E+01
  0.2817708E+02 -0.5644032E-02  0.1063805E+00 -0.8833196E-02 -0.4473387E-01  0.1369159E-01  0.7570372E+00 -0.2031801E-03 -0.3018079E-05  0.3086723E+00 -0.1435522E-01  0.1112009E+01
  0.2819444E+02 -0.5639090E-02  0.1063950E+00 -0.8837429E-02 -0.4474890E-01  0.1472709E-01  0.7560024E+00  0.4441652E-04 -0.3057081E-05  0.3088472E+00 -0.1135927E-01  0.1115428E+01
  0.2821181E+02 -0.5632115E-02  0.1064086E+00 -0.8840561E-02 -0.4476531E-01  0.1593756E-01  0.6959260E+00  0.2330372E-03 -0.3188076E-06  0.3089295E+00 -0.7956500E-02  0.1060240E+01
  0.2822917E+02 -0.5625125E-02  0.1064220E+00 -0.8842647E-02 -0.4478133E-01  0.1666251E-01  0.6284221E+00  0.2214610E-03  0.2244602E-05  0.3086784E+00  0.1757396E-02  0.1002917E+01
  0.2824653E+02 -0.5620747E-02  0.1064361E+00 -0.8844176E-02 -0.4479480E-01  0.1667726E-01  0.6042452E+00  0.5327750E-04  0.3381329E-05  0.3083031E+00  0.6494268E-02  0.9829528E+00
  0.2826389E+02 -0.5619282E-02  0.1064512E+00 -0.8845741E-02 -0.4480588E-01  0.1550963E-01  0.6352171E+00 -0.1045835E-03  0.1781514E-05  0.3082882E+00 -0.1483704E-02  0.1004609E+01
  0.2828125E+02 -0.5619444E-02  0.1064669E+00 -0.8847983E-02 -0.4481565E-01  0.1420517E-01  0.6789494E+00 -0.2188581E-03 -0.1359315E-05  0.3086157E+00 -0.1089317E-01  0.1037841E+01
  0.2829861E+02 -0.5618308E-02  0.1064824E+00 -0.8851137E-02 -0.4482685E-01  0.1342434E-01  0.7034211E+00 -0.1351208E-03 -0.2233787E-05  0.3087722E+00 -0.1288709E-01  0.1059779E+01
  0.2831597E+02 -0.5614302E-02  0.1064974E+00 -0.8854890E-02 -0.4484092E-01  0.1374386E-01  0.7080529E+00  0.3793921E-04 -0.1422004E-05  0.3086663E+00 -0.1322441E-01  0.1064462E+01
  0.2833333E+02 -0.5608798E-02  0.1065121E+00 -0.8858960E-02 -0.4485670E-01  0.1425698E-01  0.7118435E+00  0.7630941E-04 -0.6810247E-06  0.3086486E+00 -0.1356621E-01  0.1068446E+01
  0.2835069E+02 -0.5603323E-02  0.1065270E+00 -0.8863204E-02 -0.4487288E-01  0.1473387E-01  0.7259469E+00  0.4241815E-04 -0.5778669E-06  0.3088165E+00 -0.1317162E-01  0.1083555E+01
  0.2836806E+02 -0.5598647E-02  0.1065425E+00 -0.8867583E-02 -0.4488870E-01  0.1469492E-01  0.7277827E+00  0.3795635E-04 -0.2178145E-05  0.3090142E+00 -0.1051554E-01  0.1088200E+01
  0.2838542E+02 -0.5594794E-02  0.1065587E+00 -0.8871807E-02 -0.4490388E-01  0.1471045E-01  0.6876772E+00  0.6599400E-04 -0.2811577E-05  0.3089842E+00 -0.4682402E-02  0.1053941E+01
  0.2840278E+02 -0.5592854E-02  0.1065752E+00 -0.8875564E-02 -0.4491652E-01  0.1469001E-01  0.6393250E+00 -0.7874281E-05 -0.8633564E-06  0.3087993E+00  0.5993647E-03  0.1010595E+01
  0.2842014E+02 -0.5591509E-02  0.1065916E+00 -0.8878590E-02 -0.4492796E-01  0.1528220E-01  0.6280617E+00 -0.7216031E-04  0.1464039E-05  0.3085077E+00  0.3546361E-02  0.1002521E+01
  0.2843750E+02 -0.5588825E-02  0.1066075E+00 -0.8880878E-02 -0.4494048E-01  0.1583936E-01  0.6600986E+00 -0.5450545E-04  0.2762818E-05  0.3082171E+00  0.1874463E-02  0.1033175E+01
  0.2845486E+02 -0.5584283E-02  0.1066231E+00 -0.8882696E-02 -0.4495493E-01  0.1625692E-01  0.6879144E+00  0.4299695E-04  0.1567701E-05  0.3082469E+00 -0.5700105E-02  0.1053964E+01
  0.2847222E+02 -0.5579447E-02  0.1066388E+00 -0.8884577E-02 -0.4497002E-01  0.1562324E-01  0.6867761E+00  0.1022351E-03 -0.9966775E-06  0.3087627E+00 -0.1628851E-01  0.1042180E+01
  0.2848958E+02 -0.5575510E-02  0.1066551E+00 -0.8886951E-02 -0.4498461E-01  0.1467593E-01  0.6623726E+00  0.6891086E-04 -0.2478761E-05  0.3094109E+00 -0.2324051E-01  0.1010493E+01
  0.2850694E+02 -0.5572359E-02  0.1066717E+00 -0.8889860E-02 -0.4499881E-01  0.1355432E-01  0.6463180E+00 -0.9785122E-05 -0.4347421E-05  0.3097594E+00 -0.2027031E-01  0.9965579E+00
  0.2852431E+02 -0.5569947E-02  0.1066886E+00 -0.8893364E-02 -0.4501242E-01  0.1331447E-01  0.6403650E+00 -0.1058770E-03 -0.6202896E-05  0.3095953E+00 -0.9268642E-02  0.1001107E+01
  0.2854167E+02 -0.5567466E-02  0.1067055E+00 -0.8897468E-02 -0.4502610E-01  0.1362691E-01  0.6647050E+00 -0.1442930E-03 -0.5772194E-05  0.3092124E+00  0.1037536E-02  0.1035646E+01
  0.2855903E+02 -0.5563554E-02  0.1067222E+00 -0.8901846E-02 -0.4504123E-01  0.1469856E-01  0.6889672E+00 -0.2211053E-04 -0.2372840E-05  0.3088140E+00  0.3752697E-02  0.1063423E+01
  0.2857639E+02 -0.5559080E-02  0.1067383E+00 -0.8906174E-02 -0.4505661E-01  0.1540583E-01  0.6845969E+00  0.1675556E-03  0.2863412E-05  0.3085849E+00 -0.1680563E-02  0.1054294E+01
  0.2859375E+02 -0.5555479E-02  0.1067542E+00 -0.8909924E-02 -0.4507072E-01  0.1590286E-01  0.6661638E+00  0.8633957E-04  0.5329925E-05  0.3085503E+00 -0.6504078E-02  0.1031423E+01
  0.2861111E+02 -0.5552594E-02  0.1067701E+00 -0.8912820E-02 -0.4508394E-01  0.1552492E-01  0.6856610E+00 -0.8619274E-04  0.3613291E-05  0.3086811E+00 -0.6975371E-02  0.1050030E+01
  0.2862847E+02 -0.5550221E-02  0.1067864E+00 -0.8915093E-02 -0.4509678E-01  0.1535533E-01  0.7129038E+00 -0.1226542E-03  0.6864108E-06  0.3091688E+00 -0.1069048E-01  0.1073840E+01
  0.2864583E+02 -0.5547467E-02  0.1068030E+00 -0.8917181E-02 -0.4511000E-01  0.1494353E-01  0.7091174E+00  0.8540445E-05 -0.3014437E-05  0.3098436E+00 -0.1660479E-01  0.1064534E+01
  0.2866319E+02 -0.5543431E-02  0.1068196E+00 -0.8919227E-02 -0.4512441E-01  0.1500214E-01  0.6810635E+00  0.5843760E-04 -0.8844801E-05  0.3101063E+00 -0.1390993E-01  0.1039544E+01
  0.2868056E+02 -0.5538717E-02  0.1068356E+00 -0.8921618E-02 -0.4513933E-01  0.1466949E-01  0.6539174E+00  0.6964162E-04 -0.1075839E-04  0.3099340E+00 -0.5705043E-02  0.1020111E+01
  0.2869792E+02 -0.5534938E-02  0.1068506E+00 -0.8924534E-02 -0.4515313E-01  0.1452551E-01  0.6431735E+00  0.9392131E-04 -0.4837381E-05  0.3096465E+00 -0.4202966E-02  0.1010470E+01
  0.2871528E+02 -0.5532451E-02  0.1068651E+00 -0.8927808E-02 -0.4516567E-01  0.1391232E-01  0.6592713E+00  0.1900120E-04  0.3298838E-05  0.3095256E+00 -0.6513532E-02  0.1023457E+01
  0.2873264E+02 -0.5530945E-02  0.1068799E+00 -0.8931505E-02 -0.4517762E-01  0.1377323E-01  0.6928227E+00 -0.1108660E-03  0.7072813E-05  0.3095243E+00 -0.5598072E-02  0.1057658E+01
  0.2875000E+02 -0.5529696E-02  0.1068955E+00 -0.8935613E-02 -0.4518978E-01  0.1344688E-01  0.7220090E+00 -0.1469458E-03  0.2843723E-05  0.3095458E+00 -0.3764639E-02  0.1088333E+01
