  0.1314236E+02 -0.8756752E-02  0.8528299E-01 -0.4962659E-02 -0.2853023E-01  0.8054924E-02  0.7568780E+00 -0.8661572E-04  0.3156704E-05  0.2592724E+00 -0.2294408E-01  0.1044211E+01
  0.1315972E+02 -0.8755119E-02  0.8532763E-01 -0.4969146E-02 -0.2855821E-01  0.7990148E-02  0.7781947E+00 -0.4935121E-04  0.1895319E-05  0.2594807E+00 -0.3000969E-01  0.1058654E+01
  0.1317708E+02 -0.8752935E-02  0.8537206E-01 -0.4975321E-02 -0.2858665E-01  0.8352448E-02  0.7702667E+00  0.3914314E-04  0.1727409E-05  0.2600120E+00 -0.3258505E-01  0.1049144E+01
  0.1319444E+02 -0.8749245E-02  0.8541649E-01 -0.4981023E-02 -0.2861679E-01  0.8902667E-02  0.7375458E+00  0.1016680E-03  0.8160954E-06  0.2605163E+00 -0.2880485E-01  0.1021332E+01
  0.1321181E+02 -0.8744423E-02  0.8546115E-01 -0.4986354E-02 -0.2864842E-01  0.9338905E-02  0.7038641E+00  0.1108205E-03 -0.9136175E-06  0.2606549E+00 -0.2012086E-01  0.9969289E+00
  0.1322917E+02 -0.8740504E-02  0.8550597E-01 -0.4991603E-02 -0.2867913E-01  0.9405340E-02  0.6868495E+00  0.1005162E-04 -0.2440318E-05  0.2604857E+00 -0.1347190E-01  0.9863710E+00
  0.1324653E+02 -0.8738231E-02  0.8555095E-01 -0.4997053E-02 -0.2870806E-01  0.9125116E-02  0.7048403E+00 -0.9177191E-04 -0.2276946E-05  0.2602916E+00 -0.1402930E-01  0.1003241E+01
  0.1326389E+02 -0.8736056E-02  0.8559580E-01 -0.5002918E-02 -0.2873672E-01  0.8818182E-02  0.7387091E+00 -0.1131290E-03 -0.9871504E-06  0.2602936E+00 -0.2018461E-01  0.1030642E+01
  0.1328125E+02 -0.8733866E-02  0.8564025E-01 -0.5009321E-02 -0.2876513E-01  0.8675900E-02  0.7653217E+00 -0.6954926E-04  0.7915953E-06  0.2605509E+00 -0.2539034E-01  0.1052221E+01
  0.1329861E+02 -0.8730372E-02  0.8568443E-01 -0.5016117E-02 -0.2879482E-01  0.8715067E-02  0.7748751E+00  0.2822567E-04  0.2407133E-05  0.2609153E+00 -0.2860833E-01  0.1059071E+01
  0.1331597E+02 -0.8726880E-02  0.8572847E-01 -0.5023025E-02 -0.2882450E-01  0.8770040E-02  0.7676588E+00  0.7612602E-04  0.3700780E-05  0.2612029E+00 -0.2938028E-01  0.1051485E+01
  0.1333333E+02 -0.8723619E-02  0.8577271E-01 -0.5029731E-02 -0.2885407E-01  0.8773227E-02  0.7515783E+00  0.4035728E-04  0.3223894E-05  0.2614265E+00 -0.2640466E-01  0.1038582E+01
  0.1335069E+02 -0.8720796E-02  0.8581701E-01 -0.5036006E-02 -0.2888322E-01  0.8826486E-02  0.7296449E+00  0.5079053E-04 -0.1286303E-05  0.2615774E+00 -0.2130104E-01  0.1021974E+01
  0.1336806E+02 -0.8717575E-02  0.8586085E-01 -0.5041584E-02 -0.2891241E-01  0.8957892E-02  0.7084530E+00  0.2478047E-04 -0.7082226E-05  0.2614541E+00 -0.1554210E-01  0.1006530E+01
  0.1338542E+02 -0.8713838E-02  0.8590396E-01 -0.5046702E-02 -0.2894165E-01  0.9044844E-02  0.7086888E+00 -0.2380755E-04 -0.6921415E-05  0.2611823E+00 -0.1641806E-01  0.1005669E+01
  0.1340278E+02 -0.8710881E-02  0.8594696E-01 -0.5051921E-02 -0.2896997E-01  0.9066000E-02  0.7296025E+00 -0.5311003E-04 -0.1445468E-06  0.2611421E+00 -0.2267987E-01  0.1020292E+01
  0.1342014E+02 -0.8707975E-02  0.8599041E-01 -0.5057433E-02 -0.2899857E-01  0.9129540E-02  0.7478558E+00 -0.2790353E-04  0.6496960E-05  0.2612809E+00 -0.2686528E-01  0.1034606E+01
  0.1343750E+02 -0.8705853E-02  0.8603422E-01 -0.5063259E-02 -0.2902644E-01  0.9196754E-02  0.7504710E+00  0.1121674E-04  0.6159254E-05  0.2614854E+00 -0.2817290E-01  0.1036236E+01
  0.1345486E+02 -0.8703552E-02  0.8607815E-01 -0.5069261E-02 -0.2905463E-01  0.9049813E-02  0.7428691E+00  0.4162848E-04  0.1355855E-05  0.2617552E+00 -0.2769518E-01  0.1029273E+01
  0.1347222E+02 -0.8701673E-02  0.8612178E-01 -0.5075394E-02 -0.2908214E-01  0.8694572E-02  0.7381689E+00  0.9354695E-07 -0.1338412E-05  0.2621016E+00 -0.2586302E-01  0.1026363E+01
  0.1348958E+02 -0.8699366E-02  0.8616477E-01 -0.5081637E-02 -0.2910970E-01  0.8543333E-02  0.7377904E+00 -0.4654049E-04 -0.2506367E-05  0.2624072E+00 -0.2239584E-01  0.1029570E+01
  0.1350694E+02 -0.8695634E-02  0.8620725E-01 -0.5087846E-02 -0.2913859E-01  0.8784547E-02  0.7394250E+00 -0.3078864E-04 -0.2058136E-05  0.2624564E+00 -0.1742979E-01  0.1036488E+01
  0.1352431E+02 -0.8690489E-02  0.8624970E-01 -0.5093804E-02 -0.2916921E-01  0.9165050E-02  0.7323158E+00  0.1056773E-03  0.1454836E-05  0.2622331E+00 -0.1496633E-01  0.1032151E+01
  0.1354167E+02 -0.8686886E-02  0.8629262E-01 -0.5099381E-02 -0.2919845E-01  0.9321741E-02  0.7081589E+00  0.9962421E-04  0.5613901E-05  0.2619812E+00 -0.1689466E-01  0.1005980E+01
  0.1355903E+02 -0.8685355E-02  0.8633609E-01 -0.5104650E-02 -0.2922566E-01  0.9208284E-02  0.7024397E+00 -0.4081531E-04  0.6546316E-05  0.2619282E+00 -0.2124565E-01  0.9956167E+00
  0.1357639E+02 -0.8684633E-02  0.8637964E-01 -0.5110090E-02 -0.2925191E-01  0.9021596E-02  0.7285384E+00 -0.1215252E-03  0.3337606E-05  0.2621402E+00 -0.2694703E-01  0.1015968E+01
  0.1359375E+02 -0.8683158E-02  0.8642289E-01 -0.5115940E-02 -0.2927871E-01  0.8878903E-02  0.7567905E+00 -0.6861941E-04 -0.2074337E-05  0.2624458E+00 -0.3001573E-01  0.1041374E+01
  0.1361111E+02 -0.8679394E-02  0.8646588E-01 -0.5121941E-02 -0.2930785E-01  0.8752046E-02  0.7681776E+00 -0.8096307E-05 -0.3484931E-05  0.2626910E+00 -0.2711239E-01  0.1055853E+01
  0.1362847E+02 -0.8674319E-02  0.8650880E-01 -0.5127869E-02 -0.2933850E-01  0.8744004E-02  0.7583417E+00  0.5036891E-04 -0.1484753E-05  0.2628269E+00 -0.2034364E-01  0.1052986E+01
  0.1364583E+02 -0.8669529E-02  0.8655162E-01 -0.5133719E-02 -0.2936896E-01  0.8995719E-02  0.7449774E+00  0.3950172E-04 -0.1634774E-06  0.2626859E+00 -0.1382154E-01  0.1046256E+01
  0.1366319E+02 -0.8666221E-02  0.8659448E-01 -0.5139640E-02 -0.2939801E-01  0.9454307E-02  0.7322338E+00  0.3381233E-04  0.6108752E-06  0.2623928E+00 -0.1216413E-01  0.1035342E+01
  0.1368056E+02 -0.8664613E-02  0.8663733E-01 -0.5145767E-02 -0.2942514E-01  0.9751117E-02  0.7213108E+00  0.5765431E-04  0.1831438E-05  0.2623637E+00 -0.1730071E-01  0.1019586E+01
  0.1369792E+02 -0.8663561E-02  0.8668039E-01 -0.5151947E-02 -0.2945147E-01  0.9503243E-02  0.7123116E+00  0.4245055E-04  0.4058409E-05  0.2627134E+00 -0.2514341E-01  0.1002845E+01
  0.1371528E+02 -0.8661869E-02  0.8672385E-01 -0.5157900E-02 -0.2947861E-01  0.8782628E-02  0.7177960E+00 -0.4513768E-04  0.2090292E-05  0.2631894E+00 -0.2890275E-01  0.1004248E+01
  0.1373264E+02 -0.8658687E-02  0.8676727E-01 -0.5163601E-02 -0.2950738E-01  0.8221294E-02  0.7358475E+00 -0.1290354E-03 -0.1670570E-05  0.2633898E+00 -0.2592782E-01  0.1024838E+01
  0.1375000E+02 -0.8654461E-02  0.8681001E-01 -0.5169331E-02 -0.2953710E-01  0.8356863E-02  0.7519076E+00 -0.6856939E-04 -0.9573870E-06  0.2632337E+00 -0.1907712E-01  0.1047801E+01
