  0.2376736E+02 -0.6571605E-02  0.1019671E+00 -0.7930949E-02 -0.4089160E-01  0.1187842E-01  0.7343675E+00 -0.1633541E-03 -0.2165303E-05  0.2970241E+00 -0.2126379E-01  0.1068414E+01
  0.2378472E+02 -0.6569443E-02  0.1019834E+00 -0.7934399E-02 -0.4090308E-01  0.1205509E-01  0.7610012E+00 -0.4868090E-04  0.3534179E-06  0.2976842E+00 -0.2145706E-01  0.1095812E+01
  0.2380208E+02 -0.6564237E-02  0.1020001E+00 -0.7938114E-02 -0.4091876E-01  0.1273834E-01  0.7437982E+00  0.7981137E-04  0.2291418E-05  0.2978452E+00 -0.1428933E-01  0.1086753E+01
  0.2381944E+02 -0.6557267E-02  0.1020169E+00 -0.7941997E-02 -0.4093650E-01  0.1361385E-01  0.7059296E+00  0.8527229E-04  0.3236251E-05  0.2974537E+00 -0.2877012E-02  0.1060790E+01
  0.2383681E+02 -0.6551736E-02  0.1020336E+00 -0.7946093E-02 -0.4095277E-01  0.1420855E-01  0.6802711E+00  0.7583245E-04  0.4377734E-05  0.2972201E+00 -0.2549411E-02  0.1035814E+01
  0.2385417E+02 -0.6549129E-02  0.1020497E+00 -0.7950426E-02 -0.4096569E-01  0.1442656E-01  0.6676906E+00  0.6901894E-04  0.2278545E-05  0.2973555E+00 -0.1016302E-01  0.1015965E+01
  0.2387153E+02 -0.6548733E-02  0.1020652E+00 -0.7954854E-02 -0.4097607E-01  0.1424170E-01  0.6580114E+00  0.8221078E-05 -0.2079425E-05  0.2974229E+00 -0.1252067E-01  0.1003747E+01
  0.2388889E+02 -0.6547867E-02  0.1020806E+00 -0.7959208E-02 -0.4098705E-01  0.1351943E-01  0.6621491E+00 -0.4956303E-04 -0.3302778E-05  0.2974097E+00 -0.1163195E-01  0.1007980E+01
  0.2390625E+02 -0.6545373E-02  0.1020963E+00 -0.7963269E-02 -0.4099994E-01  0.1248070E-01  0.6874823E+00 -0.7785811E-04 -0.2321086E-05  0.2974762E+00 -0.1204124E-01  0.1031906E+01
  0.2392361E+02 -0.6541433E-02  0.1021127E+00 -0.7966949E-02 -0.4101466E-01  0.1171078E-01  0.7234329E+00 -0.1014110E-03 -0.1794985E-05  0.2976628E+00 -0.1181606E-01  0.1067477E+01
  0.2394097E+02 -0.6536858E-02  0.1021293E+00 -0.7970346E-02 -0.4102994E-01  0.1162902E-01  0.7531797E+00 -0.7914136E-04  0.3074549E-07  0.2980099E+00 -0.1077348E-01  0.1098558E+01
  0.2395833E+02 -0.6532135E-02  0.1021456E+00 -0.7973631E-02 -0.4104519E-01  0.1228050E-01  0.7596500E+00  0.1719401E-04  0.2145865E-05  0.2984115E+00 -0.1256577E-01  0.1104390E+01
  0.2397569E+02 -0.6528238E-02  0.1021614E+00 -0.7977156E-02 -0.4105930E-01  0.1333617E-01  0.7340283E+00  0.1022871E-03  0.3424179E-05  0.2987359E+00 -0.1431753E-01  0.1078485E+01
  0.2399306E+02 -0.6525403E-02  0.1021767E+00 -0.7980859E-02 -0.4107206E-01  0.1423286E-01  0.6912221E+00  0.9699920E-04  0.3188595E-05  0.2988123E+00 -0.8763981E-02  0.1042202E+01
  0.2401042E+02 -0.6522465E-02  0.1021919E+00 -0.7984614E-02 -0.4108488E-01  0.1441518E-01  0.6584017E+00  0.9515166E-04  0.2102616E-05  0.2984897E+00 -0.3428600E-02  0.1014575E+01
  0.2402778E+02 -0.6519254E-02  0.1022074E+00 -0.7988354E-02 -0.4109836E-01  0.1382788E-01  0.6578405E+00  0.1645967E-04  0.8071495E-06  0.2979764E+00 -0.7423358E-02  0.1008840E+01
  0.2404514E+02 -0.6516539E-02  0.1022235E+00 -0.7992296E-02 -0.4111165E-01  0.1297329E-01  0.6672916E+00 -0.8464686E-04 -0.1351923E-05  0.2978058E+00 -0.1392021E-01  0.1010668E+01
  0.2406250E+02 -0.6513439E-02  0.1022401E+00 -0.7996488E-02 -0.4112548E-01  0.1244421E-01  0.6809058E+00 -0.1210927E-03 -0.2879661E-05  0.2979536E+00 -0.1367707E-01  0.1024107E+01
  0.2407986E+02 -0.6508938E-02  0.1022563E+00 -0.8000753E-02 -0.4114073E-01  0.1259243E-01  0.7109545E+00 -0.8010148E-04 -0.2459856E-05  0.2980985E+00 -0.7689913E-02  0.1060479E+01
  0.2409722E+02 -0.6503577E-02  0.1022719E+00 -0.8004802E-02 -0.4115684E-01  0.1313317E-01  0.7307809E+00  0.3511164E-04 -0.2318689E-05  0.2982982E+00 -0.4333000E-02  0.1084519E+01
  0.2411458E+02 -0.6499983E-02  0.1022872E+00 -0.8008552E-02 -0.4117087E-01  0.1338219E-01  0.7211322E+00  0.1267380E-03 -0.3722764E-05  0.2987534E+00 -0.9061164E-02  0.1070937E+01
  0.2413194E+02 -0.6497761E-02  0.1023029E+00 -0.8011877E-02 -0.4118345E-01  0.1308740E-01  0.7065647E+00  0.6645395E-04 -0.2426068E-05  0.2993045E+00 -0.1588946E-01  0.1049741E+01
  0.2414931E+02 -0.6495191E-02  0.1023195E+00 -0.8014942E-02 -0.4119679E-01  0.1260376E-01  0.7017078E+00 -0.7972058E-04  0.8942417E-06  0.2994485E+00 -0.1364287E-01  0.1046651E+01
  0.2416667E+02 -0.6490779E-02  0.1023365E+00 -0.8018156E-02 -0.4121223E-01  0.1256788E-01  0.7038537E+00 -0.8974968E-04 -0.1524794E-06  0.2990750E+00 -0.7869350E-02  0.1054153E+01
  0.2418403E+02 -0.6485505E-02  0.1023533E+00 -0.8021713E-02 -0.4122839E-01  0.1317687E-01  0.7025452E+00  0.1373354E-04 -0.2482011E-05  0.2986190E+00 -0.1053994E-01  0.1050430E+01
  0.2420139E+02 -0.6480960E-02  0.1023691E+00 -0.8025545E-02 -0.4124331E-01  0.1400242E-01  0.6811839E+00  0.1508154E-03 -0.6196542E-06  0.2984066E+00 -0.1664922E-01  0.1023713E+01
  0.2421875E+02 -0.6477135E-02  0.1023845E+00 -0.8029357E-02 -0.4125731E-01  0.1447634E-01  0.6515060E+00  0.1249156E-03 -0.9680478E-06  0.2983255E+00 -0.1619089E-01  0.9948616E+00
  0.2423611E+02 -0.6474897E-02  0.1024001E+00 -0.8033105E-02 -0.4126997E-01  0.1426391E-01  0.6451175E+00 -0.3982337E-04 -0.4845643E-05  0.2984320E+00 -0.1075066E-01  0.9936401E+00
  0.2425347E+02 -0.6473374E-02  0.1024163E+00 -0.8036964E-02 -0.4128221E-01  0.1345937E-01  0.6578111E+00 -0.1136580E-03 -0.4190450E-05  0.2989121E+00 -0.6564627E-02  0.1010124E+01
  0.2427083E+02 -0.6470112E-02  0.1024327E+00 -0.8040946E-02 -0.4129648E-01  0.1269408E-01  0.6893319E+00 -0.1090926E-03 -0.1855263E-05  0.2993990E+00 -0.2021794E-02  0.1045917E+01
  0.2428819E+02 -0.6465165E-02  0.1024488E+00 -0.8044989E-02 -0.4131246E-01  0.1251120E-01  0.7169014E+00 -0.8014734E-04 -0.2262875E-05  0.2993969E+00  0.1798229E-02  0.1077152E+01
  0.2430556E+02 -0.6460266E-02  0.1024650E+00 -0.8049004E-02 -0.4132822E-01  0.1278990E-01  0.7298831E+00  0.4765352E-04 -0.2144712E-05  0.2991070E+00 -0.4030174E-02  0.1084423E+01
  0.2432292E+02 -0.6456753E-02  0.1024812E+00 -0.8052830E-02 -0.4134244E-01  0.1316947E-01  0.7323661E+00  0.7418247E-04 -0.9269587E-06  0.2989917E+00 -0.1588139E-01  0.1075348E+01
  0.2434028E+02 -0.6453695E-02  0.1024976E+00 -0.8056427E-02 -0.4135628E-01  0.1373074E-01  0.7259367E+00 -0.1537968E-04 -0.8675672E-06  0.2990062E+00 -0.1970641E-01  0.1065582E+01
  0.2435764E+02 -0.6450355E-02  0.1025141E+00 -0.8059991E-02 -0.4137040E-01  0.1443490E-01  0.6980928E+00 -0.9543231E-05 -0.2685590E-05  0.2990321E+00 -0.1507546E-01  0.1043105E+01
  0.2437500E+02 -0.6446382E-02  0.1025306E+00 -0.8063545E-02 -0.4138493E-01  0.1489396E-01  0.6514760E+00  0.1079236E-03 -0.3479581E-05  0.2991612E+00 -0.1242772E-01  0.9998436E+00
