  0.6892361E+01 -0.6697194E+00  0.1356434E-01 -0.2033737E+00  0.2277923E+00 -0.1829761E-01 -0.6019762E-01  0.3755300E-03  0.1496002E-04 -0.1029016E-04  0.0000000E+00 -0.7098515E+00 -0.7103157E+00
  0.6909722E+01 -0.6663787E+00  0.1177752E-01 -0.2031963E+00  0.2220201E+00 -0.1862544E-01 -0.6017892E-01  0.3762495E-03 -0.5596192E-05  0.1381957E-04  0.0000000E+00 -0.7141972E+00 -0.7099741E+00
  0.6927083E+01 -0.6649353E+00  0.1043742E-01 -0.2030150E+00  0.2188007E+00 -0.1852143E-01 -0.6016691E-01  0.3772334E-03  0.8275801E-06  0.2737520E-04  0.0000000E+00 -0.7169951E+00 -0.7096384E+00
  0.6944444E+01 -0.6655978E+00  0.1011385E-01 -0.2028214E+00  0.2227436E+00 -0.1832196E-01 -0.6015693E-01  0.3785532E-03  0.3700483E-05  0.1515930E-04  0.0000000E+00 -0.7136433E+00 -0.7092959E+00
  0.6961806E+01 -0.6673119E+00  0.1086303E-01 -0.2025860E+00  0.2332134E+00 -0.1919512E-01 -0.6014347E-01  0.3805165E-03  0.1932631E-04 -0.1026464E-04  0.0000000E+00 -0.7047705E+00 -0.7089413E+00
  0.6979167E+01 -0.6692178E+00  0.1215261E-01 -0.2023040E+00  0.2443232E+00 -0.2091742E-01 -0.6012332E-01  0.3825364E-03  0.2236709E-04 -0.3158037E-04  0.0000000E+00 -0.6957134E+00 -0.7085595E+00
  0.6996528E+01 -0.6675219E+00  0.1318349E-01 -0.2020232E+00  0.2441015E+00 -0.2247418E-01 -0.6009784E-01  0.3840361E-03 -0.2965894E-04 -0.1969445E-04  0.0000000E+00 -0.6944975E+00 -0.7081486E+00
  0.7013889E+01 -0.6642896E+00  0.1346036E-01 -0.2018148E+00  0.2325268E+00 -0.2265816E-01 -0.6007253E-01  0.3850293E-03 -0.4067878E-04  0.8301774E-05  0.0000000E+00 -0.7024953E+00 -0.7077442E+00
  0.7031250E+01 -0.6626397E+00  0.1327098E-01 -0.2016713E+00  0.2208013E+00 -0.2125692E-01 -0.6005209E-01  0.3857645E-03 -0.2226060E-04  0.2098926E-04  0.0000000E+00 -0.7111633E+00 -0.7073737E+00
  0.7048611E+01 -0.6627385E+00  0.1326156E-01 -0.2015269E+00  0.2116273E+00 -0.1905399E-01 -0.6003524E-01  0.3867136E-03 -0.2440165E-04  0.2676652E-04  0.0000000E+00 -0.7180767E+00 -0.7070555E+00
  0.7065972E+01 -0.6655994E+00  0.1356352E-01 -0.2013862E+00  0.2098653E+00 -0.1678754E-01 -0.6001618E-01  0.3880828E-03  0.1006772E-04  0.2190674E-04  0.0000000E+00 -0.7199405E+00 -0.7067798E+00
  0.7083333E+01 -0.6706351E+00  0.1370576E-01 -0.2012694E+00  0.2230212E+00 -0.1530268E-01 -0.5999267E-01  0.3893572E-03  0.5451525E-04 -0.4361107E-05  0.0000000E+00 -0.7100333E+00 -0.7064773E+00
  0.7100694E+01 -0.6734105E+00  0.1331182E-01 -0.2011294E+00  0.2403737E+00 -0.1561169E-01 -0.5996862E-01  0.3904463E-03  0.3727424E-04 -0.2849016E-04  0.0000000E+00 -0.6960355E+00 -0.7060864E+00
  0.7118056E+01 -0.6704362E+00  0.1259065E-01 -0.2009135E+00  0.2474127E+00 -0.1784667E-01 -0.5994917E-01  0.3919803E-03  0.2043778E-05 -0.3095026E-04  0.0000000E+00 -0.6887790E+00 -0.7056403E+00
  0.7135417E+01 -0.6646320E+00  0.1218145E-01 -0.2006235E+00  0.2427592E+00 -0.2110750E-01 -0.5993458E-01  0.3938138E-03 -0.1799493E-04 -0.1210668E-04  0.0000000E+00 -0.6909932E+00 -0.7052482E+00
  0.7152778E+01 -0.6607351E+00  0.1248963E-01 -0.2003007E+00  0.2321339E+00 -0.2380423E-01 -0.5992062E-01  0.3953175E-03 -0.2788285E-04  0.1379683E-04  0.0000000E+00 -0.6997559E+00 -0.7049582E+00
  0.7170139E+01 -0.6603804E+00  0.1334431E-01 -0.2000022E+00  0.2217971E+00 -0.2436651E-01 -0.5990355E-01  0.3962224E-03 -0.2632545E-04  0.2604446E-04  0.0000000E+00 -0.7091152E+00 -0.7047052E+00
  0.7187500E+01 -0.6629417E+00  0.1431540E-01 -0.1997817E+00  0.2144934E+00 -0.2209601E-01 -0.5988289E-01  0.3966987E-03 -0.2006387E-04  0.3116339E-04  0.0000000E+00 -0.7154857E+00 -0.7044148E+00
  0.7204861E+01 -0.6672573E+00  0.1499468E-01 -0.1996637E+00  0.2145334E+00 -0.1770573E-01 -0.5985941E-01  0.3975221E-03 -0.3850001E-05  0.2770510E-04  0.0000000E+00 -0.7145367E+00 -0.7040626E+00
  0.7222222E+01 -0.6718624E+00  0.1505569E-01 -0.1996339E+00  0.2239573E+00 -0.1380712E-01 -0.5983390E-01  0.3989656E-03  0.2856353E-04 -0.2561453E-05  0.0000000E+00 -0.7056994E+00 -0.7036542E+00
  0.7239583E+01 -0.6732882E+00  0.1433744E-01 -0.1996083E+00  0.2347263E+00 -0.1310536E-01 -0.5980814E-01  0.4004663E-03  0.3300540E-04 -0.3488320E-04  0.0000000E+00 -0.6963477E+00 -0.7032426E+00
  0.7256944E+01 -0.6699777E+00  0.1302246E-01 -0.1994882E+00  0.2392980E+00 -0.1589309E-01 -0.5978564E-01  0.4018117E-03  0.2019163E-04 -0.3818704E-04  0.0000000E+00 -0.6924404E+00 -0.7028880E+00
  0.7274306E+01 -0.6653213E+00  0.1171594E-01 -0.1992278E+00  0.2387985E+00 -0.1979342E-01 -0.5976964E-01  0.4030323E-03  0.7546166E-05 -0.1258761E-04  0.0000000E+00 -0.6931997E+00 -0.7025991E+00
  0.7291667E+01 -0.6625615E+00  0.1127971E-01 -0.1988529E+00  0.2349738E+00 -0.2258812E-01 -0.5976079E-01  0.4039426E-03 -0.8479076E-05  0.1645187E-04  0.0000000E+00 -0.6970979E+00 -0.7023418E+00
  0.7309028E+01 -0.6618838E+00  0.1231437E-01 -0.1984436E+00  0.2275351E+00 -0.2358089E-01 -0.5975376E-01  0.4048935E-03 -0.2524538E-04  0.2904711E-04  0.0000000E+00 -0.7034039E+00 -0.7020445E+00
  0.7326389E+01 -0.6629046E+00  0.1449174E-01 -0.1981232E+00  0.2183989E+00 -0.2232092E-01 -0.5973998E-01  0.4063412E-03 -0.4374602E-04  0.3327560E-04  0.0000000E+00 -0.7098022E+00 -0.7016666E+00
  0.7343750E+01 -0.6666368E+00  0.1655854E-01 -0.1979865E+00  0.2149161E+00 -0.1852479E-01 -0.5971498E-01  0.4080390E-03 -0.3018558E-04  0.2492743E-04  0.0000000E+00 -0.7109857E+00 -0.7012480E+00
  0.7361111E+01 -0.6711573E+00  0.1733905E-01 -0.1979991E+00  0.2204904E+00 -0.1440839E-01 -0.5968275E-01  0.4091271E-03  0.7176974E-05 -0.6777092E-05  0.0000000E+00 -0.7050086E+00 -0.7008454E+00
  0.7378472E+01 -0.6723672E+00  0.1656684E-01 -0.1979780E+00  0.2264699E+00 -0.1338959E-01 -0.5965020E-01  0.4096811E-03  0.2238101E-04 -0.2388972E-04  0.0000000E+00 -0.6999401E+00 -0.7005068E+00
  0.7395833E+01 -0.6701630E+00  0.1463212E-01 -0.1978127E+00  0.2302863E+00 -0.1531867E-01 -0.5962252E-01  0.4105697E-03  0.4412169E-04 -0.1893273E-04  0.0000000E+00 -0.6975626E+00 -0.7002339E+00
  0.7413194E+01 -0.6671250E+00  0.1227549E-01 -0.1975684E+00  0.2352838E+00 -0.1819798E-01 -0.5960389E-01  0.4117286E-03  0.5369875E-04 -0.1219803E-04  0.0000000E+00 -0.6944827E+00 -0.6999561E+00
  0.7430556E+01 -0.6649526E+00  0.1056378E-01 -0.1973312E+00  0.2396224E+00 -0.2049187E-01 -0.5959583E-01  0.4131442E-03  0.3041557E-04 -0.1137706E-06  0.0000000E+00 -0.6917419E+00 -0.6996164E+00
  0.7447917E+01 -0.6637040E+00  0.1051181E-01 -0.1971186E+00  0.2384964E+00 -0.2173300E-01 -0.5959411E-01  0.4147385E-03 -0.2377095E-04  0.1452694E-04  0.0000000E+00 -0.6927361E+00 -0.6992240E+00
  0.7465278E+01 -0.6625500E+00  0.1237804E-01 -0.1969017E+00  0.2285484E+00 -0.2127260E-01 -0.5958925E-01  0.4163748E-03 -0.8371834E-04  0.3246601E-04  0.0000000E+00 -0.6990220E+00 -0.6988293E+00
  0.7482639E+01 -0.6639435E+00  0.1526470E-01 -0.1966709E+00  0.2172470E+00 -0.1828804E-01 -0.5957342E-01  0.4179480E-03 -0.7221344E-04  0.2746513E-04  0.0000000E+00 -0.7055910E+00 -0.6984627E+00
  0.7500000E+01 -0.6683643E+00  0.1780357E-01 -0.1964306E+00  0.2145817E+00 -0.1513945E-01 -0.5954599E-01  0.4190312E-03 -0.1286099E-04 -0.7141739E-05  0.0000000E+00 -0.7066960E+00 -0.6981237E+00
