  0.5642361E+01 -0.6604629E+00 -0.6915840E-02 -0.2190199E+00  0.2522050E+00 -0.2806206E-01 -0.6180167E-01  0.2353211E-03 -0.6905480E-04  0.1784267E-05  0.0000000E+00 -0.7238894E+00 -0.7363210E+00
  0.5659722E+01 -0.6633515E+00 -0.9264552E-03 -0.2185790E+00  0.2363283E+00 -0.2681203E-01 -0.6181062E-01  0.2368073E-03 -0.1402958E-03  0.1001124E-04  0.0000000E+00 -0.7350448E+00 -0.7359412E+00
  0.5677083E+01 -0.6672456E+00  0.7392090E-02 -0.2181879E+00  0.2187420E+00 -0.2574959E-01 -0.6179256E-01  0.2387423E-03 -0.1481590E-03  0.1134594E-04  0.0000000E+00 -0.7467397E+00 -0.7355186E+00
  0.5694444E+01 -0.6707874E+00  0.1452273E-01 -0.2178927E+00  0.2088678E+00 -0.2572797E-01 -0.6174404E-01  0.2413419E-03 -0.8692197E-04  0.3531377E-05  0.0000000E+00 -0.7526036E+00 -0.7350871E+00
  0.5711806E+01 -0.6719472E+00  0.1740875E-01 -0.2176835E+00  0.2089872E+00 -0.2702041E-01 -0.6167511E-01  0.2441890E-03  0.7586121E-05 -0.4117601E-05  0.0000000E+00 -0.7516826E+00 -0.7346932E+00
  0.5729167E+01 -0.6703534E+00  0.1480767E-01 -0.2175331E+00  0.2174228E+00 -0.2842280E-01 -0.6160513E-01  0.2464677E-03  0.9581166E-04  0.2153524E-05  0.0000000E+00 -0.7453395E+00 -0.7343711E+00
  0.5746528E+01 -0.6677165E+00  0.7853935E-02 -0.2174362E+00  0.2334279E+00 -0.2860089E-01 -0.6155521E-01  0.2479916E-03  0.1489600E-03  0.1193851E-04  0.0000000E+00 -0.7336180E+00 -0.7340821E+00
  0.5763889E+01 -0.6645524E+00 -0.2849509E-03 -0.2173701E+00  0.2502085E+00 -0.2756403E-01 -0.6153851E-01  0.2492272E-03  0.1249185E-03  0.1264006E-04  0.0000000E+00 -0.7207147E+00 -0.7337506E+00
  0.5781250E+01 -0.6624374E+00 -0.5790347E-02 -0.2172708E+00  0.2570385E+00 -0.2631092E-01 -0.6155288E-01  0.2507595E-03  0.4399149E-04  0.4224687E-05  0.0000000E+00 -0.7160249E+00 -0.7333633E+00
  0.5798611E+01 -0.6613889E+00 -0.5988398E-02 -0.2170662E+00  0.2497743E+00 -0.2601759E-01 -0.6158035E-01  0.2525334E-03 -0.5459884E-04 -0.5386168E-05  0.0000000E+00 -0.7220745E+00 -0.7329485E+00
  0.5815972E+01 -0.6624626E+00 -0.7762678E-03 -0.2167453E+00  0.2318837E+00 -0.2622486E-01 -0.6159566E-01  0.2547714E-03 -0.1392719E-03  0.8458813E-05  0.0000000E+00 -0.7357969E+00 -0.7325634E+00
  0.5833333E+01 -0.6676640E+00  0.7243029E-02 -0.2163873E+00  0.2170036E+00 -0.2521737E-01 -0.6158055E-01  0.2574884E-03 -0.1362177E-03  0.2262190E-04  0.0000000E+00 -0.7464586E+00 -0.7322464E+00
  0.5850694E+01 -0.6746957E+00  0.1436296E-01 -0.2160303E+00  0.2151748E+00 -0.2369295E-01 -0.6153417E-01  0.2600226E-03 -0.6583762E-04  0.6963580E-05  0.0000000E+00 -0.7462143E+00 -0.7319468E+00
  0.5868056E+01 -0.6770114E+00  0.1770745E-01 -0.2156570E+00  0.2191630E+00 -0.2396252E-01 -0.6147008E-01  0.2623012E-03 -0.4840429E-05 -0.8323025E-05  0.0000000E+00 -0.7409813E+00 -0.7316019E+00
  0.5885417E+01 -0.6730003E+00  0.1621595E-01 -0.2153213E+00  0.2242067E+00 -0.2581514E-01 -0.6140665E-01  0.2644195E-03  0.5942988E-04  0.2416864E-05  0.0000000E+00 -0.7347945E+00 -0.7312072E+00
  0.5902778E+01 -0.6677318E+00  0.1080399E-01 -0.2151239E+00  0.2340610E+00 -0.2725147E-01 -0.6136063E-01  0.2662599E-03  0.1079570E-03  0.1770654E-04  0.0000000E+00 -0.7262108E+00 -0.7308156E+00
  0.5920139E+01 -0.6640536E+00  0.4036029E-02 -0.2150787E+00  0.2450087E+00 -0.2753510E-01 -0.6134200E-01  0.2679631E-03  0.1005994E-03  0.1252836E-04  0.0000000E+00 -0.7185835E+00 -0.7304547E+00
  0.5937500E+01 -0.6622210E+00 -0.8565527E-03 -0.2150570E+00  0.2487182E+00 -0.2742307E-01 -0.6134882E-01  0.2698052E-03  0.4757596E-04 -0.1384834E-05  0.0000000E+00 -0.7178722E+00 -0.7301101E+00
  0.5954861E+01 -0.6625690E+00 -0.1577558E-02 -0.2149163E+00  0.2435103E+00 -0.2703678E-01 -0.6136558E-01  0.2721125E-03 -0.1784313E-04 -0.2186938E-05  0.0000000E+00 -0.7237029E+00 -0.7297552E+00
  0.5972222E+01 -0.6659849E+00  0.1871999E-02 -0.2146686E+00  0.2326125E+00 -0.2535687E-01 -0.6137208E-01  0.2748256E-03 -0.9071245E-04  0.1627470E-04  0.0000000E+00 -0.7326975E+00 -0.7293796E+00
  0.5989583E+01 -0.6716901E+00  0.7441380E-02 -0.2144113E+00  0.2233630E+00 -0.2238028E-01 -0.6135668E-01  0.2776157E-03 -0.1068563E-03  0.2598495E-04  0.0000000E+00 -0.7388372E+00 -0.7289748E+00
  0.6006944E+01 -0.6758854E+00  0.1262129E-01 -0.2141410E+00  0.2217737E+00 -0.2047186E-01 -0.6132048E-01  0.2799360E-03 -0.6270961E-04  0.1173556E-04  0.0000000E+00 -0.7371948E+00 -0.7285705E+00
  0.6024306E+01 -0.6764179E+00  0.1555706E-01 -0.2137981E+00  0.2246675E+00 -0.2140793E-01 -0.6127214E-01  0.2819881E-03 -0.5895437E-05 -0.3781154E-05  0.0000000E+00 -0.7323993E+00 -0.7282079E+00
  0.6041667E+01 -0.6733758E+00  0.1545714E-01 -0.2134040E+00  0.2292815E+00 -0.2411100E-01 -0.6122290E-01  0.2837689E-03  0.4754671E-04 -0.1180045E-04  0.0000000E+00 -0.7270555E+00 -0.7278675E+00
  0.6059028E+01 -0.6694455E+00  0.1268268E-01 -0.2130712E+00  0.2335931E+00 -0.2630061E-01 -0.6118299E-01  0.2854580E-03  0.5490366E-04  0.4450173E-05  0.0000000E+00 -0.7233798E+00 -0.7275215E+00
  0.6076389E+01 -0.6665677E+00  0.8521443E-02 -0.2128917E+00  0.2370633E+00 -0.2693345E-01 -0.6115827E-01  0.2876921E-03  0.5326882E-04  0.2058781E-04  0.0000000E+00 -0.7216048E+00 -0.7271417E+00
  0.6093750E+01 -0.6641088E+00  0.4744591E-02 -0.2128228E+00  0.2377688E+00 -0.2721018E-01 -0.6114835E-01  0.2904387E-03  0.3286702E-04  0.1667597E-04  0.0000000E+00 -0.7224367E+00 -0.7267178E+00
  0.6111111E+01 -0.6626663E+00  0.2867305E-02 -0.2127344E+00  0.2320277E+00 -0.2735804E-01 -0.6114637E-01  0.2933467E-03 -0.9663986E-05  0.1737479E-04  0.0000000E+00 -0.7287090E+00 -0.7263153E+00
  0.6128472E+01 -0.6645726E+00  0.3429136E-02 -0.2125727E+00  0.2272250E+00 -0.2596414E-01 -0.6114305E-01  0.2960190E-03 -0.1953057E-04  0.1115565E-04  0.0000000E+00 -0.7333108E+00 -0.7259810E+00
  0.6145833E+01 -0.6703465E+00  0.5898107E-02 -0.2123669E+00  0.2299815E+00 -0.2339105E-01 -0.6113190E-01  0.2979815E-03 -0.1638994E-04 -0.4701894E-05  0.0000000E+00 -0.7310799E+00 -0.7256694E+00
  0.6163194E+01 -0.6748667E+00  0.9137112E-02 -0.2121388E+00  0.2333433E+00 -0.2128250E-01 -0.6111148E-01  0.2993433E-03 -0.4344670E-04 -0.4959059E-05  0.0000000E+00 -0.7266681E+00 -0.7253499E+00
  0.6180556E+01 -0.6749313E+00  0.1200268E-01 -0.2118848E+00  0.2302779E+00 -0.1984983E-01 -0.6108384E-01  0.3007379E-03 -0.7241589E-04  0.1695365E-04  0.0000000E+00 -0.7252239E+00 -0.7249867E+00
  0.6197917E+01 -0.6734804E+00  0.1368203E-01 -0.2116121E+00  0.2256705E+00 -0.1878900E-01 -0.6105145E-01  0.3025717E-03 -0.4624040E-04  0.2610993E-04  0.0000000E+00 -0.7252979E+00 -0.7245777E+00
  0.6215278E+01 -0.6726542E+00  0.1378444E-01 -0.2113213E+00  0.2271551E+00 -0.1920504E-01 -0.6101668E-01  0.3050564E-03  0.1873502E-04  0.1149505E-04  0.0000000E+00 -0.7229224E+00 -0.7241856E+00
  0.6232639E+01 -0.6715364E+00  0.1234554E-01 -0.2110097E+00  0.2343456E+00 -0.2216601E-01 -0.6098286E-01  0.3080005E-03  0.6114957E-04 -0.1557049E-05  0.0000000E+00 -0.7186363E+00 -0.7238435E+00
  0.6250000E+01 -0.6683783E+00  0.9789000E-02 -0.2107282E+00  0.2392026E+00 -0.2628257E-01 -0.6095453E-01  0.3109153E-03  0.5082311E-04  0.3022197E-05  0.0000000E+00 -0.7169872E+00 -0.7235276E+00
