  0.3767361E+01 -0.9269224E-02  0.5434186E-01 -0.1701031E-02 -0.9063921E-02 -0.2484499E-03  0.8809373E+00 -0.1124593E-03  0.3091007E-05  0.1471981E+00 -0.4513352E-01  0.1016952E+01
  0.3784722E+01 -0.9267943E-02  0.5440855E-01 -0.1706738E-02 -0.9108610E-02 -0.2137420E-03  0.9083012E+00 -0.5803471E-04  0.2970325E-05  0.1477945E+00 -0.4906846E-01  0.1041084E+01
  0.3802083E+01 -0.9266219E-02  0.5447578E-01 -0.1712637E-02 -0.9154022E-02 -0.6299818E-04  0.9121412E+00  0.3578506E-04  0.1974797E-05  0.1485698E+00 -0.5245618E-01  0.1042572E+01
  0.3819444E+01 -0.9263566E-02  0.5454339E-01 -0.1718494E-02 -0.9200763E-02  0.1133899E-03  0.8932790E+00  0.7592508E-04  0.9877254E-06  0.1492942E+00 -0.5091924E-01  0.1026205E+01
  0.3836806E+01 -0.9260524E-02  0.5461106E-01 -0.1724161E-02 -0.9247971E-02  0.2093813E-03  0.8665736E+00  0.9152832E-04  0.7653944E-06  0.1498190E+00 -0.4646998E-01  0.1004603E+01
  0.3854167E+01 -0.9258170E-02  0.5467864E-01 -0.1729616E-02 -0.9294395E-02  0.2080835E-03  0.8483344E+00  0.1984721E-04 -0.7331879E-06  0.1501439E+00 -0.4371426E-01  0.9893877E+00
  0.3871528E+01 -0.9256526E-02  0.5474622E-01 -0.1734992E-02 -0.9340018E-02  0.1622787E-03  0.8460481E+00 -0.1205289E-04 -0.2594037E-05  0.1503899E+00 -0.4323145E-01  0.9877688E+00
  0.3888889E+01 -0.9254920E-02  0.5481371E-01 -0.1740346E-02 -0.9385506E-02  0.1115862E-03  0.8534047E+00 -0.2768964E-04 -0.1093016E-05  0.1506492E+00 -0.4406061E-01  0.9945091E+00
  0.3906250E+01 -0.9253039E-02  0.5488105E-01 -0.1745770E-02 -0.9431141E-02  0.7301548E-04  0.8669936E+00 -0.4642911E-04 -0.3799392E-07  0.1509520E+00 -0.4542598E-01  0.1006997E+01
  0.3923611E+01 -0.9250492E-02  0.5494843E-01 -0.1751381E-02 -0.9477530E-02  0.5173917E-04  0.8849399E+00 -0.5190605E-04 -0.6939659E-06  0.1514243E+00 -0.4640070E-01  0.1024432E+01
  0.3940972E+01 -0.9247860E-02  0.5501594E-01 -0.1757189E-02 -0.9524091E-02  0.9341991E-04  0.8974301E+00 -0.3099292E-04 -0.3178057E-06  0.1521051E+00 -0.4639714E-01  0.1037687E+01
  0.3958333E+01 -0.9245667E-02  0.5508341E-01 -0.1763091E-02 -0.9570191E-02  0.2132627E-03  0.8945440E+00  0.3088747E-04 -0.7702275E-06  0.1528037E+00 -0.4625529E-01  0.1035840E+01
  0.3975694E+01 -0.9244063E-02  0.5515065E-01 -0.1768923E-02 -0.9615644E-02  0.3585193E-03  0.8724410E+00  0.9577061E-04 -0.3274501E-05  0.1533870E+00 -0.4631860E-01  0.1014482E+01
  0.3993056E+01 -0.9242133E-02  0.5521764E-01 -0.1774494E-02 -0.9661109E-02  0.4436320E-03  0.8459956E+00  0.7801002E-04 -0.3184972E-05  0.1537936E+00 -0.4574613E-01  0.9891014E+00
  0.4010417E+01 -0.9240165E-02  0.5528468E-01 -0.1779851E-02 -0.9706636E-02  0.4353793E-03  0.8359065E+00  0.8679807E-05  0.3398752E-06  0.1540644E+00 -0.4530556E-01  0.9796678E+00
  0.4027778E+01 -0.9238746E-02  0.5535209E-01 -0.1785212E-02 -0.9751814E-02  0.3768218E-03  0.8428910E+00 -0.4233913E-04  0.1857305E-05  0.1543500E+00 -0.4459675E-01  0.9875569E+00
  0.4045139E+01 -0.9237446E-02  0.5541964E-01 -0.1790685E-02 -0.9796903E-02  0.3442393E-03  0.8606715E+00 -0.8598021E-04  0.5821352E-06  0.1547451E+00 -0.4226853E-01  0.1008002E+01
  0.4062500E+01 -0.9235384E-02  0.5548694E-01 -0.1796278E-02 -0.9842599E-02  0.3935017E-03  0.8804608E+00 -0.6418520E-04  0.6889479E-06  0.1551729E+00 -0.4011804E-01  0.1030458E+01
  0.4079861E+01 -0.9232777E-02  0.5555408E-01 -0.1801985E-02 -0.9888961E-02  0.4839104E-03  0.8928808E+00 -0.1685935E-04 -0.2332716E-06  0.1555799E+00 -0.4082034E-01  0.1042738E+01
  0.4097222E+01 -0.9230792E-02  0.5562154E-01 -0.1807830E-02 -0.9934520E-02  0.5367258E-03  0.8912010E+00  0.5410208E-04 -0.1367738E-05  0.1560783E+00 -0.4372596E-01  0.1038791E+01
  0.4114583E+01 -0.9229717E-02  0.5568961E-01 -0.1813703E-02 -0.9979563E-02  0.5242831E-03  0.8735124E+00  0.8014919E-04 -0.4393405E-06  0.1566650E+00 -0.4530339E-01  0.1020145E+01
  0.4131944E+01 -0.9229133E-02  0.5575808E-01 -0.1819483E-02 -0.1002433E-01  0.5072644E-03  0.8518676E+00  0.5383599E-04 -0.7751980E-06  0.1572041E+00 -0.4496228E-01  0.9993548E+00
  0.4149306E+01 -0.9228838E-02  0.5582650E-01 -0.1825122E-02 -0.1006870E-01  0.5612946E-03  0.8382284E+00  0.1112141E-04  0.2121637E-06  0.1576664E+00 -0.4411885E-01  0.9870524E+00
  0.4166667E+01 -0.9227691E-02  0.5589474E-01 -0.1830615E-02 -0.1011389E-01  0.6706379E-03  0.8391467E+00 -0.1976128E-04  0.3548312E-05  0.1580305E+00 -0.4233561E-01  0.9902186E+00
  0.4184028E+01 -0.9226152E-02  0.5596305E-01 -0.1836074E-02 -0.1015945E-01  0.7529530E-03  0.8486975E+00 -0.3468603E-04  0.3880072E-05  0.1583137E+00 -0.4031720E-01  0.1002158E+01
  0.4201389E+01 -0.9225176E-02  0.5603172E-01 -0.1841631E-02 -0.1020443E-01  0.7509021E-03  0.8640470E+00 -0.4687473E-04  0.1442740E-06  0.1585804E+00 -0.3944087E-01  0.1018651E+01
  0.4218750E+01 -0.9225005E-02  0.5610078E-01 -0.1847332E-02 -0.1024876E-01  0.7060769E-03  0.8766507E+00 -0.4223092E-04 -0.1678082E-05  0.1589117E+00 -0.3914123E-01  0.1031863E+01
  0.4236111E+01 -0.9224983E-02  0.5616997E-01 -0.1853140E-02 -0.1029313E-01  0.6816109E-03  0.8825247E+00 -0.9193845E-05 -0.1021331E-05  0.1593473E+00 -0.3948932E-01  0.1037853E+01
  0.4253472E+01 -0.9224272E-02  0.5623911E-01 -0.1859017E-02 -0.1033810E-01  0.7178605E-03  0.8765369E+00  0.4723528E-04 -0.1199192E-05  0.1598693E+00 -0.4180713E-01  0.1030181E+01
  0.4270833E+01 -0.9223218E-02  0.5630810E-01 -0.1864890E-02 -0.1038335E-01  0.7842149E-03  0.8596859E+00  0.8451971E-04  0.3139992E-07  0.1604618E+00 -0.4501110E-01  0.1010842E+01
  0.4288194E+01 -0.9222722E-02  0.5637703E-01 -0.1870682E-02 -0.1042785E-01  0.8363654E-03  0.8406329E+00  0.5730615E-04  0.2268126E-05  0.1610858E+00 -0.4638048E-01  0.9910899E+00
  0.4305556E+01 -0.9222425E-02  0.5644623E-01 -0.1876364E-02 -0.1047215E-01  0.8517216E-03  0.8295555E+00  0.1617879E-04  0.2744006E-05  0.1615862E+00 -0.4534848E-01  0.9815392E+00
  0.4322917E+01 -0.9221913E-02  0.5651615E-01 -0.1881950E-02 -0.1051719E-01  0.8414511E-03  0.8270556E+00 -0.1870561E-04  0.3511786E-05  0.1618906E+00 -0.4194799E-01  0.9827196E+00
  0.4340278E+01 -0.9221410E-02  0.5658649E-01 -0.1887483E-02 -0.1056248E-01  0.8694090E-03  0.8337373E+00 -0.4107835E-04  0.3678645E-05  0.1620112E+00 -0.3791241E-01  0.9935833E+00
  0.4357639E+01 -0.9221853E-02  0.5665680E-01 -0.1893072E-02 -0.1060671E-01  0.9657217E-03  0.8498934E+00 -0.7385593E-04  0.2905456E-05  0.1621445E+00 -0.3685909E-01  0.1011009E+01
  0.4375000E+01 -0.9223161E-02  0.5672712E-01 -0.1898831E-02 -0.1065010E-01  0.1059076E-02  0.8686063E+00 -0.4887949E-04  0.2778186E-05  0.1625147E+00 -0.3977260E-01  0.1027316E+01
