  0.1939236E+02 -0.7524810E-02  0.9676748E-01 -0.6857964E-02 -0.3666181E-01  0.9935763E-02  0.7791546E+00  0.4766787E-04 -0.2863704E-05  0.2851050E+00 -0.2379410E-01  0.1096169E+01
  0.1940972E+02 -0.7523331E-02  0.9679054E-01 -0.6862296E-02 -0.3667661E-01  0.1050419E-01  0.7868547E+00 -0.2944018E-04 -0.6276587E-05  0.2850073E+00 -0.2931370E-01  0.1098745E+01
  0.1942708E+02 -0.7520602E-02  0.9681379E-01 -0.6866723E-02 -0.3669329E-01  0.1148830E-01  0.7656785E+00  0.1563855E-04 -0.6820228E-05  0.2847918E+00 -0.2565253E-01  0.1082048E+01
  0.1944444E+02 -0.7516523E-02  0.9683712E-01 -0.6871365E-02 -0.3671133E-01  0.1246136E-01  0.7156203E+00  0.1036604E-03 -0.2079350E-05  0.2846973E+00 -0.1925353E-01  0.1039365E+01
  0.1946181E+02 -0.7511707E-02  0.9685997E-01 -0.6876058E-02 -0.3673000E-01  0.1288332E-01  0.6717219E+00  0.1216163E-03  0.1943759E-05  0.2847116E+00 -0.1237644E-01  0.1002806E+01
  0.1947917E+02 -0.7506271E-02  0.9688182E-01 -0.6880778E-02 -0.3674891E-01  0.1241203E-01  0.6472235E+00  0.1252346E-03  0.4319227E-05  0.2848676E+00 -0.1148034E-01  0.9788983E+00
  0.1949653E+02 -0.7503976E-02  0.9690296E-01 -0.6885630E-02 -0.3676406E-01  0.1121514E-01  0.6595764E+00 -0.2554322E-04  0.5251575E-05  0.2852578E+00 -0.1836763E-01  0.9834107E+00
  0.1951389E+02 -0.7504117E-02  0.9692414E-01 -0.6890539E-02 -0.3677662E-01  0.1007506E-01  0.7008337E+00 -0.2168327E-03  0.1763232E-05  0.2857052E+00 -0.2296173E-01  0.1019190E+01
  0.1953125E+02 -0.7501601E-02  0.9694553E-01 -0.6895442E-02 -0.3679209E-01  0.9728488E-02  0.7500379E+00 -0.1642074E-03 -0.2717827E-05  0.2858964E+00 -0.2191515E-01  0.1069337E+01
  0.1954861E+02 -0.7496346E-02  0.9696677E-01 -0.6900329E-02 -0.3681051E-01  0.1020749E-01  0.7710680E+00 -0.1032217E-04 -0.5350731E-05  0.2858527E+00 -0.2008981E-01  0.1092782E+01
  0.1956597E+02 -0.7490487E-02  0.9698742E-01 -0.6905062E-02 -0.3682923E-01  0.1096641E-01  0.7574395E+00  0.1431041E-03 -0.5656122E-05  0.2857143E+00 -0.1897430E-01  0.1081046E+01
  0.1958333E+02 -0.7485452E-02  0.9700747E-01 -0.6909313E-02 -0.3684669E-01  0.1157845E-01  0.7303675E+00  0.1371092E-03 -0.2534227E-05  0.2853004E+00 -0.1641498E-01  0.1056732E+01
  0.1960069E+02 -0.7481792E-02  0.9702717E-01 -0.6913284E-02 -0.3686249E-01  0.1190229E-01  0.7095743E+00  0.3858799E-04  0.3477029E-05  0.2847167E+00 -0.1490856E-01  0.1037096E+01
  0.1961806E+02 -0.7480398E-02  0.9704689E-01 -0.6917565E-02 -0.3687585E-01  0.1197339E-01  0.6978624E+00 -0.3722431E-04  0.6147980E-05  0.2844705E+00 -0.1869255E-01  0.1021356E+01
  0.1963542E+02 -0.7480052E-02  0.9706683E-01 -0.6922218E-02 -0.3688829E-01  0.1191383E-01  0.6961061E+00 -0.8240109E-04  0.2042700E-05  0.2846735E+00 -0.2033826E-01  0.1018051E+01
  0.1965278E+02 -0.7476972E-02  0.9708678E-01 -0.6927040E-02 -0.3690380E-01  0.1193238E-01  0.6944473E+00 -0.4159452E-04 -0.3099199E-05  0.2850404E+00 -0.1511920E-01  0.1022035E+01
  0.1967014E+02 -0.7471931E-02  0.9710629E-01 -0.6932001E-02 -0.3692123E-01  0.1202293E-01  0.6958408E+00  0.3872008E-04 -0.3892978E-05  0.2854271E+00 -0.1256799E-01  0.1026539E+01
  0.1968750E+02 -0.7466613E-02  0.9712531E-01 -0.6936953E-02 -0.3693865E-01  0.1186356E-01  0.6999552E+00  0.1201571E-03 -0.3245503E-05  0.2858684E+00 -0.1777489E-01  0.1025812E+01
  0.1970486E+02 -0.7462290E-02  0.9714430E-01 -0.6941600E-02 -0.3695494E-01  0.1118898E-01  0.7133968E+00  0.3450598E-04 -0.2264652E-05  0.2862015E+00 -0.2390010E-01  0.1032705E+01
  0.1972222E+02 -0.7460147E-02  0.9716399E-01 -0.6946087E-02 -0.3696925E-01  0.1023862E-01  0.7262653E+00 -0.1025824E-03 -0.1963171E-05  0.2861682E+00 -0.2469734E-01  0.1043659E+01
  0.1973958E+02 -0.7458717E-02  0.9718402E-01 -0.6950737E-02 -0.3698300E-01  0.9810448E-02  0.7310625E+00 -0.1046163E-03 -0.3140110E-05  0.2857793E+00 -0.2058230E-01  0.1051754E+01
  0.1975694E+02 -0.7456056E-02  0.9720343E-01 -0.6955368E-02 -0.3699772E-01  0.1050026E-01  0.7207307E+00 -0.6408666E-04 -0.2866145E-05  0.2850897E+00 -0.1318208E-01  0.1048866E+01
  0.1977431E+02 -0.7450965E-02  0.9722159E-01 -0.6959666E-02 -0.3701443E-01  0.1191942E-01  0.7166592E+00  0.7542690E-04 -0.9191402E-07  0.2844208E+00 -0.1005091E-01  0.1048820E+01
  0.1979167E+02 -0.7446269E-02  0.9723893E-01 -0.6963725E-02 -0.3703023E-01  0.1307907E-01  0.7189926E+00  0.1402424E-03  0.2106160E-05  0.2843319E+00 -0.1542446E-01  0.1046920E+01
  0.1980903E+02 -0.7443332E-02  0.9725669E-01 -0.6967725E-02 -0.3704443E-01  0.1333114E-01  0.7128721E+00  0.7453402E-04 -0.3045233E-06  0.2848845E+00 -0.2392198E-01  0.1033041E+01
  0.1982639E+02 -0.7441291E-02  0.9727548E-01 -0.6971762E-02 -0.3705816E-01  0.1275147E-01  0.6967553E+00 -0.5171156E-04 -0.3127225E-05  0.2857266E+00 -0.2705192E-01  0.1013931E+01
  0.1984375E+02 -0.7437727E-02  0.9729446E-01 -0.6976030E-02 -0.3707335E-01  0.1180711E-01  0.6908289E+00 -0.1189056E-03 -0.2755652E-05  0.2862552E+00 -0.1967504E-01  0.1014902E+01
  0.1986111E+02 -0.7432088E-02  0.9731252E-01 -0.6980689E-02 -0.3709031E-01  0.1099242E-01  0.6953321E+00 -0.3304337E-04 -0.1252711E-05  0.2862522E+00 -0.1128826E-01  0.1027064E+01
  0.1987847E+02 -0.7426617E-02  0.9732955E-01 -0.6985562E-02 -0.3710673E-01  0.1054854E-01  0.6965720E+00  0.1081235E-03  0.1936320E-05  0.2860489E+00 -0.1225396E-01  0.1026836E+01
  0.1989583E+02 -0.7423271E-02  0.9734630E-01 -0.6990246E-02 -0.3712092E-01  0.1045984E-01  0.6947964E+00  0.9767579E-04  0.6520781E-05  0.2857993E+00 -0.1803085E-01  0.1018941E+01
  0.1991319E+02 -0.7421262E-02  0.9736377E-01 -0.6994686E-02 -0.3713412E-01  0.1064158E-01  0.6961898E+00 -0.1751316E-04  0.3171145E-05  0.2854970E+00 -0.1975869E-01  0.1018369E+01
  0.1993056E+02 -0.7419068E-02  0.9738213E-01 -0.6999151E-02 -0.3714782E-01  0.1118750E-01  0.7014904E+00 -0.1018028E-03 -0.5468481E-05  0.2852215E+00 -0.1695198E-01  0.1026656E+01
  0.1994792E+02 -0.7415528E-02  0.9740075E-01 -0.7003638E-02 -0.3716300E-01  0.1211224E-01  0.7127149E+00 -0.1070098E-03 -0.7626520E-05  0.2850308E+00 -0.1414772E-01  0.1041414E+01
  0.1996528E+02 -0.7410178E-02  0.9741900E-01 -0.7008024E-02 -0.3717976E-01  0.1301527E-01  0.7169683E+00  0.1575238E-04 -0.3442359E-05  0.2852057E+00 -0.1601937E-01  0.1045003E+01
  0.1998264E+02 -0.7405193E-02  0.9743680E-01 -0.7012365E-02 -0.3719578E-01  0.1329173E-01  0.7094289E+00  0.7353339E-04  0.1903406E-05  0.2857469E+00 -0.1914309E-01  0.1035223E+01
  0.2000000E+02 -0.7400833E-02  0.9745453E-01 -0.7016582E-02 -0.3721120E-01  0.1275781E-01  0.7059011E+00  0.6173032E-04  0.4941180E-05  0.2863620E+00 -0.1980178E-01  0.1031112E+01
