  0.2064236E+02 -0.7252596E-02  0.9817357E-01 -0.7179827E-02 -0.3781538E-01  0.1342730E-01  0.6866791E+00  0.2473528E-03  0.1830847E-05  0.2879164E+00 -0.2134721E-01  0.1012851E+01
  0.2065972E+02 -0.7251151E-02  0.9819446E-01 -0.7183883E-02 -0.3782905E-01  0.1282987E-01  0.6361890E+00  0.5158615E-04 -0.3594269E-06  0.2880631E+00 -0.2415990E-01  0.9589037E+00
  0.2067708E+02 -0.7250953E-02  0.9821639E-01 -0.7187770E-02 -0.3784251E-01  0.1200875E-01  0.6206311E+00 -0.1232790E-03 -0.4939774E-06  0.2883216E+00 -0.1979266E-01  0.9469802E+00
  0.2069444E+02 -0.7247974E-02  0.9823879E-01 -0.7191671E-02 -0.3785920E-01  0.1162479E-01  0.6329656E+00 -0.1665177E-03 -0.2890182E-07  0.2883289E+00 -0.6171496E-02  0.9725212E+00
  0.2071181E+02 -0.7241142E-02  0.9826088E-01 -0.7195691E-02 -0.3787987E-01  0.1172121E-01  0.6712969E+00 -0.1186083E-03 -0.5995974E-06  0.2880639E+00  0.5107750E-02  0.1022015E+01
  0.2072917E+02 -0.7233230E-02  0.9828282E-01 -0.7199963E-02 -0.3790174E-01  0.1188999E-01  0.7200778E+00 -0.6636644E-04 -0.9358489E-06  0.2878543E+00  0.4390938E-02  0.1070094E+01
  0.2074653E+02 -0.7226390E-02  0.9830480E-01 -0.7204407E-02 -0.3792270E-01  0.1197247E-01  0.7678479E+00  0.1795648E-04  0.9988222E-06  0.2878040E+00 -0.7830441E-02  0.1105764E+01
  0.2076389E+02 -0.7223123E-02  0.9832719E-01 -0.7209150E-02 -0.3794020E-01  0.1216798E-01  0.7833260E+00  0.2939617E-04  0.3066142E-05  0.2879447E+00 -0.2121595E-01  0.1108210E+01
  0.2078125E+02 -0.7221828E-02  0.9835024E-01 -0.7214192E-02 -0.3795596E-01  0.1250403E-01  0.7631476E+00  0.4477366E-04  0.4012906E-05  0.2884091E+00 -0.2693473E-01  0.1083133E+01
  0.2079861E+02 -0.7220414E-02  0.9837365E-01 -0.7219248E-02 -0.3797189E-01  0.1270424E-01  0.7147892E+00  0.9009819E-04  0.3669330E-05  0.2891447E+00 -0.2559887E-01  0.1037095E+01
  0.2081597E+02 -0.7217370E-02  0.9839706E-01 -0.7223990E-02 -0.3798931E-01  0.1260630E-01  0.6564454E+00  0.1177905E-03  0.2434238E-05  0.2894992E+00 -0.1802154E-01  0.9866160E+00
  0.2083333E+02 -0.7212131E-02  0.9842038E-01 -0.7228235E-02 -0.3800896E-01  0.1224098E-01  0.6120419E+00  0.5214598E-04  0.1421699E-05  0.2891979E+00 -0.6643885E-02  0.9528614E+00
  0.2085069E+02 -0.7205482E-02  0.9844394E-01 -0.7232133E-02 -0.3803008E-01  0.1180193E-01  0.6093723E+00 -0.4105390E-04 -0.2227162E-05  0.2887196E+00  0.1988698E-03  0.9560257E+00
  0.2086806E+02 -0.7199719E-02  0.9846775E-01 -0.7235930E-02 -0.3805041E-01  0.1165863E-01  0.6529819E+00 -0.1352286E-03 -0.4029855E-05  0.2885583E+00 -0.2526687E-02  0.9965146E+00
  0.2088542E+02 -0.7195137E-02  0.9849152E-01 -0.7239921E-02 -0.3806971E-01  0.1203242E-01  0.7199420E+00 -0.1002113E-03 -0.2362627E-05  0.2886549E+00 -0.1032621E-01  0.1056187E+01
  0.2090278E+02 -0.7192223E-02  0.9851510E-01 -0.7244238E-02 -0.3808747E-01  0.1262741E-01  0.7720828E+00 -0.6376642E-04 -0.1923380E-05  0.2887902E+00 -0.1759797E-01  0.1101828E+01
  0.2092014E+02 -0.7190779E-02  0.9853838E-01 -0.7248903E-02 -0.3810358E-01  0.1294235E-01  0.7874320E+00  0.1195800E-04  0.1220325E-05  0.2890670E+00 -0.2220575E-01  0.1113244E+01
  0.2093750E+02 -0.7188885E-02  0.9856172E-01 -0.7253675E-02 -0.3812018E-01  0.1281853E-01  0.7709736E+00  0.3257883E-04  0.4102395E-05  0.2893300E+00 -0.2145333E-01  0.1097704E+01
  0.2095486E+02 -0.7185197E-02  0.9858541E-01 -0.7258655E-02 -0.3813868E-01  0.1245339E-01  0.7260560E+00  0.7845046E-04  0.1455889E-05  0.2894742E+00 -0.1534769E-01  0.1058719E+01
  0.2097222E+02 -0.7179811E-02  0.9860919E-01 -0.7263657E-02 -0.3815866E-01  0.1220552E-01  0.6740455E+00  0.8667022E-04 -0.6543987E-08  0.2894817E+00 -0.7907489E-02  0.1013919E+01
  0.2098958E+02 -0.7174239E-02  0.9863215E-01 -0.7268382E-02 -0.3817820E-01  0.1218243E-01  0.6357819E+00  0.6772498E-04  0.2510957E-06  0.2894756E+00 -0.6809952E-02  0.9767093E+00
  0.2100694E+02 -0.7169913E-02  0.9865406E-01 -0.7272821E-02 -0.3819589E-01  0.1208552E-01  0.6259842E+00  0.1136974E-03 -0.4685984E-06  0.2897261E+00 -0.1559284E-01  0.9583316E+00
  0.2102431E+02 -0.7167040E-02  0.9867560E-01 -0.7276841E-02 -0.3821209E-01  0.1174259E-01  0.6467221E+00  0.1610900E-04 -0.1742245E-05  0.2900469E+00 -0.2345108E-01  0.9710946E+00
  0.2104167E+02 -0.7165686E-02  0.9869736E-01 -0.7280660E-02 -0.3822699E-01  0.1153074E-01  0.6855785E+00 -0.1773048E-03 -0.1533518E-05  0.2902606E+00 -0.2375532E-01  0.1009460E+01
  0.2105903E+02 -0.7164184E-02  0.9871939E-01 -0.7284633E-02 -0.3824197E-01  0.1188626E-01  0.7153729E+00 -0.1777290E-03 -0.1269999E-05  0.2903704E+00 -0.1982660E-01  0.1043653E+01
  0.2107639E+02 -0.7159889E-02  0.9874111E-01 -0.7288773E-02 -0.3825964E-01  0.1281733E-01  0.7351393E+00 -0.4532624E-04 -0.2503918E-05  0.2902002E+00 -0.1266790E-01  0.1071474E+01
  0.2109375E+02 -0.7153860E-02  0.9876205E-01 -0.7293114E-02 -0.3827876E-01  0.1372750E-01  0.7382301E+00  0.2992689E-04 -0.2834951E-05  0.2897037E+00 -0.2778335E-02  0.1084946E+01
  0.2111111E+02 -0.7148671E-02  0.9878237E-01 -0.7297654E-02 -0.3829679E-01  0.1378290E-01  0.7293600E+00  0.1240231E-03 -0.3216219E-05  0.2893796E+00 -0.4540456E-02  0.1074142E+01
  0.2112847E+02 -0.7146212E-02  0.9880237E-01 -0.7302332E-02 -0.3831174E-01  0.1285424E-01  0.7157709E+00  0.1605562E-03 -0.2270078E-05  0.2896276E+00 -0.1979322E-01  0.1044660E+01
  0.2114583E+02 -0.7144668E-02  0.9882240E-01 -0.7307035E-02 -0.3832586E-01  0.1163392E-01  0.7083839E+00 -0.5749808E-05  0.1361640E-05  0.2901455E+00 -0.2812936E-01  0.1028074E+01
  0.2116319E+02 -0.7143742E-02  0.9884249E-01 -0.7311796E-02 -0.3833922E-01  0.1093339E-01  0.6955131E+00 -0.1126456E-03  0.3168749E-05  0.2908079E+00 -0.2635257E-01  0.1016840E+01
  0.2118056E+02 -0.7140614E-02  0.9886222E-01 -0.7316334E-02 -0.3835455E-01  0.1108411E-01  0.6848887E+00 -0.3904469E-04  0.4155238E-05  0.2914106E+00 -0.2082227E-01  0.1012577E+01
  0.2119792E+02 -0.7133985E-02  0.9888131E-01 -0.7320463E-02 -0.3837319E-01  0.1187781E-01  0.6728456E+00  0.5344307E-04  0.3846549E-05  0.2915814E+00 -0.1166569E-01  0.1010750E+01
  0.2121528E+02 -0.7127229E-02  0.9890017E-01 -0.7324409E-02 -0.3839199E-01  0.1264827E-01  0.6645357E+00  0.1008288E-03 -0.1756991E-05  0.2913419E+00 -0.4873656E-02  0.1009808E+01
  0.2123264E+02 -0.7123378E-02  0.9891917E-01 -0.7328319E-02 -0.3840780E-01  0.1298987E-01  0.6707120E+00  0.1140474E-04 -0.7480898E-05  0.2909622E+00 -0.8890349E-02  0.1011837E+01
  0.2125000E+02 -0.7122475E-02  0.9893825E-01 -0.7332243E-02 -0.3842062E-01  0.1295405E-01  0.7084593E+00 -0.8643042E-04 -0.9545617E-05  0.2906222E+00 -0.1962159E-01  0.1038381E+01
