  0.1501736E+02 -0.8445426E-02  0.8941473E-01 -0.5576429E-02 -0.3129995E-01  0.8711327E-02  0.7630202E+00  0.4241525E-04  0.4227632E-06  0.2680346E+00 -0.2602368E-01  0.1057878E+01
  0.1503472E+02 -0.8443114E-02  0.8944327E-01 -0.5582208E-02 -0.3131918E-01  0.8535711E-02  0.7319666E+00  0.6724079E-04  0.3125797E-05  0.2682047E+00 -0.2697483E-01  0.1025901E+01
  0.1505208E+02 -0.8439780E-02  0.8947143E-01 -0.5587768E-02 -0.3133927E-01  0.8437334E-02  0.6908751E+00  0.1029102E-03  0.3248879E-05  0.2686917E+00 -0.2583188E-01  0.9863830E+00
  0.1506944E+02 -0.8434600E-02  0.8949868E-01 -0.5592808E-02 -0.3136088E-01  0.8331880E-02  0.6579830E+00  0.1033557E-03 -0.6889698E-06  0.2692520E+00 -0.2404573E-01  0.9557341E+00
  0.1508681E+02 -0.8429473E-02  0.8952516E-01 -0.5597215E-02 -0.3138196E-01  0.8202770E-02  0.6638280E+00 -0.3694807E-04 -0.2620350E-05  0.2694384E+00 -0.2223721E-01  0.9633090E+00
  0.1510417E+02 -0.8426708E-02  0.8955161E-01 -0.5601372E-02 -0.3140071E-01  0.8273402E-02  0.7146479E+00 -0.2030264E-03 -0.4162756E-06  0.2692373E+00 -0.2055442E-01  0.1015524E+01
  0.1512153E+02 -0.8424852E-02  0.8957852E-01 -0.5605802E-02 -0.3141896E-01  0.8811121E-02  0.7722061E+00 -0.1688280E-03  0.2332122E-05  0.2689822E+00 -0.2156570E-01  0.1072396E+01
  0.1513889E+02 -0.8422551E-02  0.8960530E-01 -0.5610825E-02 -0.3143759E-01  0.9625094E-02  0.7724193E+00  0.4454965E-04  0.3299732E-05  0.2689142E+00 -0.2236540E-01  0.1072775E+01
  0.1515625E+02 -0.8418795E-02  0.8963115E-01 -0.5616297E-02 -0.3145699E-01  0.1005193E-01  0.7274928E+00  0.1600531E-03  0.2059444E-05  0.2689309E+00 -0.1925458E-01  0.1031522E+01
  0.1517361E+02 -0.8413300E-02  0.8965597E-01 -0.5621908E-02 -0.3147757E-01  0.9562055E-02  0.6972966E+00  0.1130699E-03 -0.9335500E-06  0.2690187E+00 -0.1656475E-01  0.1003568E+01
  0.1519097E+02 -0.8407157E-02  0.8968054E-01 -0.5627504E-02 -0.3149880E-01  0.8313446E-02  0.6942211E+00  0.3597125E-04 -0.2433555E-06  0.2694365E+00 -0.2055941E-01  0.9955944E+00
  0.1520833E+02 -0.8403192E-02  0.8970557E-01 -0.5633059E-02 -0.3151808E-01  0.7178367E-02  0.7109663E+00 -0.5879346E-04  0.3867876E-05  0.2701574E+00 -0.2800606E-01  0.1004392E+01
  0.1522569E+02 -0.8399759E-02  0.8973104E-01 -0.5638608E-02 -0.3153719E-01  0.7097961E-02  0.7262474E+00 -0.1231410E-03  0.5705784E-05  0.2707127E+00 -0.2657919E-01  0.1021517E+01
  0.1524306E+02 -0.8395230E-02  0.8975639E-01 -0.5643968E-02 -0.3155749E-01  0.8203529E-02  0.7361384E+00 -0.7866763E-04  0.3773571E-05  0.2707572E+00 -0.1705019E-01  0.1042134E+01
  0.1526042E+02 -0.8390883E-02  0.8978127E-01 -0.5648951E-02 -0.3157703E-01  0.9647087E-02  0.7361327E+00  0.6419373E-05  0.6966945E-06  0.2704604E+00 -0.1053102E-01  0.1049881E+01
  0.1527778E+02 -0.8385571E-02  0.8980555E-01 -0.5653381E-02 -0.3159731E-01  0.1032346E-01  0.7330778E+00  0.1149010E-03 -0.2000037E-05  0.2700249E+00 -0.1079347E-01  0.1046915E+01
  0.1529514E+02 -0.8380599E-02  0.8982970E-01 -0.5657473E-02 -0.3161696E-01  0.9894119E-02  0.7264519E+00  0.7729923E-04 -0.1438407E-05  0.2696287E+00 -0.1636700E-01  0.1033858E+01
  0.1531250E+02 -0.8378055E-02  0.8985394E-01 -0.5661789E-02 -0.3163408E-01  0.8892959E-02  0.7210111E+00 -0.4520028E-04  0.2369974E-05  0.2695687E+00 -0.2278740E-01  0.1020823E+01
  0.1532986E+02 -0.8375263E-02  0.8987835E-01 -0.5666696E-02 -0.3165180E-01  0.8162508E-02  0.7251272E+00 -0.6896570E-04  0.5397595E-05  0.2699035E+00 -0.2364130E-01  0.1023673E+01
  0.1534722E+02 -0.8368426E-02  0.8990290E-01 -0.5672070E-02 -0.3167419E-01  0.8089349E-02  0.7237278E+00 -0.2513651E-04  0.5260318E-05  0.2703675E+00 -0.1799910E-01  0.1028354E+01
  0.1536458E+02 -0.8360499E-02  0.8992775E-01 -0.5677819E-02 -0.3169797E-01  0.8458639E-02  0.7198197E+00  0.4175122E-04  0.3238233E-05  0.2708270E+00 -0.1465121E-01  0.1028691E+01
  0.1538194E+02 -0.8355577E-02  0.8995279E-01 -0.5683650E-02 -0.3171857E-01  0.8948190E-02  0.7084931E+00  0.6306972E-04  0.2681619E-05  0.2712604E+00 -0.1675943E-01  0.1016203E+01
  0.1539931E+02 -0.8352244E-02  0.8997787E-01 -0.5689234E-02 -0.3173720E-01  0.9332552E-02  0.7008073E+00  0.4596081E-04  0.1795119E-05  0.2715005E+00 -0.1952097E-01  0.1006366E+01
  0.1541667E+02 -0.8350857E-02  0.9000324E-01 -0.5694658E-02 -0.3175379E-01  0.9423712E-02  0.7047743E+00 -0.6247781E-04  0.7761715E-06  0.2716090E+00 -0.2086121E-01  0.1009088E+01
  0.1543403E+02 -0.8348241E-02  0.9002912E-01 -0.5699871E-02 -0.3177205E-01  0.9172284E-02  0.7195292E+00 -0.6445623E-04  0.2131758E-05  0.2715318E+00 -0.1741812E-01  0.1026962E+01
  0.1545139E+02 -0.8342377E-02  0.9005546E-01 -0.5704710E-02 -0.3179430E-01  0.8831849E-02  0.7340289E+00 -0.4600732E-04  0.3642398E-05  0.2710758E+00 -0.1013538E-01  0.1047973E+01
  0.1546875E+02 -0.8335296E-02  0.9008215E-01 -0.5709192E-02 -0.3181829E-01  0.8677356E-02  0.7407315E+00 -0.4372507E-04  0.1370532E-05  0.2703941E+00 -0.4740583E-02  0.1059239E+01
  0.1548611E+02 -0.8329343E-02  0.9010888E-01 -0.5713527E-02 -0.3184125E-01  0.8831579E-02  0.7468027E+00  0.2103242E-04 -0.2436938E-05  0.2698372E+00 -0.5886613E-02  0.1063828E+01
  0.1550347E+02 -0.8326068E-02  0.9013550E-01 -0.5718198E-02 -0.3186118E-01  0.9244995E-02  0.7396818E+00  0.5642711E-04 -0.2684252E-05  0.2698636E+00 -0.1476584E-01  0.1048308E+01
  0.1552083E+02 -0.8324087E-02  0.9016217E-01 -0.5723413E-02 -0.3187952E-01  0.9566847E-02  0.7215109E+00  0.1026573E-03  0.1013224E-05  0.2707437E+00 -0.2909439E-01  0.1017066E+01
  0.1553819E+02 -0.8322779E-02  0.9018926E-01 -0.5728998E-02 -0.3189703E-01  0.9496849E-02  0.6900800E+00  0.1074362E-03  0.5789595E-05  0.2721484E+00 -0.3948145E-01  0.9765974E+00
  0.1555556E+02 -0.8319807E-02  0.9021678E-01 -0.5734504E-02 -0.3191652E-01  0.9080688E-02  0.6572053E+00  0.2659764E-04  0.7629643E-05  0.2731571E+00 -0.3195880E-01  0.9517644E+00
  0.1557292E+02 -0.8314163E-02  0.9024434E-01 -0.5739649E-02 -0.3193906E-01  0.8716267E-02  0.6485227E+00 -0.9298495E-04  0.5775245E-05  0.2731380E+00 -0.1155000E-01  0.9629912E+00
  0.1559028E+02 -0.8306866E-02  0.9027120E-01 -0.5744653E-02 -0.3196327E-01  0.8627792E-02  0.6678080E+00 -0.9285367E-04  0.1268147E-05  0.2723152E+00  0.1698701E-02  0.9946145E+00
  0.1560764E+02 -0.8299922E-02  0.9029690E-01 -0.5749630E-02 -0.3198665E-01  0.8686224E-02  0.7103019E+00 -0.1780316E-04 -0.3353881E-05  0.2713655E+00 -0.1537562E-02  0.1033056E+01
  0.1562500E+02 -0.8296149E-02  0.9032216E-01 -0.5754592E-02 -0.3200646E-01  0.8657105E-02  0.7644197E+00 -0.4669636E-04 -0.3816964E-05  0.2707396E+00 -0.1397014E-01  0.1074061E+01
