  0.9392361E+01 -0.9353059E-02  0.7537197E-01 -0.3670878E-02 -0.2198302E-01  0.5743593E-02  0.7120338E+00 -0.9041885E-04 -0.1041975E-05  0.2349744E+00 -0.2670193E-01  0.9663234E+00
  0.9409722E+01 -0.9352742E-02  0.7542803E-01 -0.3676377E-02 -0.2201682E-01  0.5703482E-02  0.7357823E+00 -0.9741688E-04  0.9247331E-06  0.2349130E+00 -0.1977235E-01  0.9969120E+00
  0.9427083E+01 -0.9351374E-02  0.7548324E-01 -0.3681875E-02 -0.2205144E-01  0.6070704E-02  0.7688311E+00 -0.1078319E-03  0.3471907E-05  0.2346609E+00 -0.1804493E-01  0.1031812E+01
  0.9444444E+01 -0.9349497E-02  0.7553805E-01 -0.3687705E-02 -0.2208650E-01  0.6597563E-02  0.7989778E+00 -0.3101362E-04  0.2132890E-05  0.2344626E+00 -0.2319929E-01  0.1057224E+01
  0.9461806E+01 -0.9348282E-02  0.7559311E-01 -0.3693962E-02 -0.2212083E-01  0.6901528E-02  0.8154329E+00  0.6795973E-05 -0.2599891E-06  0.2345753E+00 -0.3207016E-01  0.1065276E+01
  0.9479167E+01 -0.9348464E-02  0.7564855E-01 -0.3700694E-02 -0.2215353E-01  0.6818981E-02  0.8049378E+00  0.7304462E-04 -0.1215529E-05  0.2350700E+00 -0.3853635E-01  0.1048808E+01
  0.9496528E+01 -0.9348705E-02  0.7570416E-01 -0.3707663E-02 -0.2218615E-01  0.6454223E-02  0.7659578E+00  0.1316325E-03 -0.1881055E-05  0.2358290E+00 -0.4113081E-01  0.1007702E+01
  0.9513889E+01 -0.9348545E-02  0.7575926E-01 -0.3714533E-02 -0.2221881E-01  0.6079491E-02  0.7263694E+00  0.7386643E-04 -0.1521908E-05  0.2365439E+00 -0.3975726E-01  0.9697852E+00
  0.9531250E+01 -0.9348489E-02  0.7581349E-01 -0.3721060E-02 -0.2225099E-01  0.5909213E-02  0.7110549E+00  0.1419985E-06 -0.2336344E-05  0.2368628E+00 -0.3174949E-01  0.9625681E+00
  0.9548611E+01 -0.9347191E-02  0.7586730E-01 -0.3727097E-02 -0.2228451E-01  0.5937851E-02  0.7173025E+00 -0.2557885E-04 -0.1052969E-05  0.2367146E+00 -0.2346926E-01  0.9769676E+00
  0.9565972E+01 -0.9345652E-02  0.7592128E-01 -0.3732870E-02 -0.2231826E-01  0.6046709E-02  0.7429258E+00 -0.7191618E-04  0.1096941E-06  0.2363350E+00 -0.2385498E-01  0.1001905E+01
  0.9583333E+01 -0.9344592E-02  0.7597568E-01 -0.3738671E-02 -0.2235176E-01  0.6176062E-02  0.7787585E+00 -0.1066624E-03  0.2672245E-05  0.2360079E+00 -0.2824942E-01  0.1033130E+01
  0.9600694E+01 -0.9344527E-02  0.7603010E-01 -0.3744701E-02 -0.2238410E-01  0.6299437E-02  0.8163157E+00 -0.1069626E-03  0.4730835E-05  0.2360215E+00 -0.3248109E-01  0.1066610E+01
  0.9618056E+01 -0.9346604E-02  0.7608383E-01 -0.3751051E-02 -0.2241362E-01  0.6447263E-02  0.8372858E+00 -0.3184431E-04  0.1985197E-06  0.2365377E+00 -0.3808132E-01  0.1082730E+01
  0.9635417E+01 -0.9348129E-02  0.7613675E-01 -0.3757600E-02 -0.2244319E-01  0.6624849E-02  0.8235423E+00  0.8365583E-04 -0.5549970E-05  0.2372971E+00 -0.3996122E-01  0.1068169E+01
  0.9652778E+01 -0.9346883E-02  0.7618931E-01 -0.3764080E-02 -0.2247556E-01  0.6742919E-02  0.7781399E+00  0.1619842E-03 -0.8343289E-05  0.2379246E+00 -0.3677383E-01  0.1026790E+01
  0.9670139E+01 -0.9344662E-02  0.7624189E-01 -0.3770466E-02 -0.2250900E-01  0.6641274E-02  0.7297105E+00  0.1501288E-03 -0.4695890E-05  0.2382226E+00 -0.3376117E-01  0.9815764E+00
  0.9687500E+01 -0.9342643E-02  0.7629463E-01 -0.3776772E-02 -0.2254239E-01  0.6278432E-02  0.7081550E+00  0.4891574E-04  0.1586667E-05  0.2381815E+00 -0.3130234E-01  0.9619960E+00
  0.9704861E+01 -0.9343352E-02  0.7634731E-01 -0.3783083E-02 -0.2257285E-01  0.5829006E-02  0.7248751E+00 -0.1129006E-03  0.6274502E-05  0.2380596E+00 -0.2954494E-01  0.9797602E+00
  0.9722222E+01 -0.9346577E-02  0.7639968E-01 -0.3789440E-02 -0.2260032E-01  0.5603294E-02  0.7685124E+00 -0.1866786E-03  0.8442481E-05  0.2380689E+00 -0.3110669E-01  0.1021563E+01
  0.9739583E+01 -0.9348448E-02  0.7645157E-01 -0.3795880E-02 -0.2262897E-01  0.5807631E-02  0.8058801E+00 -0.7969095E-04  0.4903509E-05  0.2381484E+00 -0.3491541E-01  0.1055524E+01
  0.9756944E+01 -0.9347198E-02  0.7650299E-01 -0.3802275E-02 -0.2266072E-01  0.6332659E-02  0.8122802E+00  0.4078361E-04 -0.2391161E-05  0.2382898E+00 -0.3652205E-01  0.1061112E+01
  0.9774306E+01 -0.9345209E-02  0.7655430E-01 -0.3808538E-02 -0.2269325E-01  0.6740522E-02  0.8014926E+00  0.7095413E-04 -0.6090615E-05  0.2386034E+00 -0.3524726E-01  0.1052361E+01
  0.9791667E+01 -0.9344546E-02  0.7660578E-01 -0.3814699E-02 -0.2272432E-01  0.6766781E-02  0.7795122E+00  0.1081240E-03 -0.4286174E-05  0.2391435E+00 -0.3397916E-01  0.1032269E+01
  0.9809028E+01 -0.9345293E-02  0.7665747E-01 -0.3820688E-02 -0.2275417E-01  0.6562948E-02  0.7516850E+00  0.5446845E-04  0.5614762E-06  0.2396161E+00 -0.3328551E-01  0.1005371E+01
  0.9826389E+01 -0.9346471E-02  0.7670922E-01 -0.3826631E-02 -0.2278355E-01  0.6357189E-02  0.7372505E+00 -0.3665324E-04  0.5021973E-05  0.2397515E+00 -0.3298192E-01  0.9910981E+00
  0.9843750E+01 -0.9347458E-02  0.7676088E-01 -0.3832786E-02 -0.2281316E-01  0.6201024E-02  0.7456706E+00 -0.2784828E-04  0.6653190E-05  0.2397393E+00 -0.3482041E-01  0.9975368E+00
  0.9861111E+01 -0.9347979E-02  0.7681217E-01 -0.3839236E-02 -0.2284306E-01  0.6056292E-02  0.7566025E+00 -0.1719988E-04  0.4206987E-05  0.2398011E+00 -0.3588779E-01  0.1007341E+01
  0.9878472E+01 -0.9347734E-02  0.7686300E-01 -0.3845815E-02 -0.2287340E-01  0.5894636E-02  0.7625754E+00  0.1188418E-04 -0.8780264E-06  0.2399068E+00 -0.3442001E-01  0.1014764E+01
  0.9895833E+01 -0.9347559E-02  0.7691365E-01 -0.3852304E-02 -0.2290344E-01  0.5765665E-02  0.7623808E+00  0.1372593E-04 -0.2794108E-05  0.2400685E+00 -0.3268164E-01  0.1016355E+01
  0.9913194E+01 -0.9346809E-02  0.7696437E-01 -0.3858643E-02 -0.2293428E-01  0.5783294E-02  0.7673778E+00 -0.3879915E-04 -0.8763328E-07  0.2402448E+00 -0.3066301E-01  0.1023529E+01
  0.9930556E+01 -0.9345967E-02  0.7701538E-01 -0.3864962E-02 -0.2296561E-01  0.6057106E-02  0.7817995E+00 -0.6213143E-04  0.2369500E-05  0.2405438E+00 -0.3086625E-01  0.1038313E+01
  0.9947917E+01 -0.9345506E-02  0.7706645E-01 -0.3871313E-02 -0.2299652E-01  0.6544495E-02  0.7902405E+00 -0.7228600E-05  0.2175928E-05  0.2409607E+00 -0.3313262E-01  0.1045461E+01
  0.9965278E+01 -0.9345479E-02  0.7711713E-01 -0.3877489E-02 -0.2302682E-01  0.6995932E-02  0.7733208E+00  0.7795969E-04  0.9850788E-06  0.2412291E+00 -0.3468291E-01  0.1027809E+01
  0.9982639E+01 -0.9345609E-02  0.7716717E-01 -0.3883389E-02 -0.2305637E-01  0.7040148E-02  0.7371921E+00  0.1363247E-03 -0.1235885E-05  0.2413091E+00 -0.3457303E-01  0.9919852E+00
  0.1000000E+02 -0.9344734E-02  0.7721680E-01 -0.3889062E-02 -0.2308661E-01  0.6531252E-02  0.7093774E+00  0.6905274E-04 -0.4393767E-05  0.2413414E+00 -0.3191254E-01  0.9662985E+00
