  0.1001736E+02 -0.9343658E-02  0.7726643E-01 -0.3894789E-02 -0.2311724E-01  0.5736479E-02  0.7174902E+00 -0.6473549E-04 -0.2789420E-05  0.2414357E+00 -0.2874061E-01  0.9767650E+00
  0.1003472E+02 -0.9343166E-02  0.7731643E-01 -0.3900951E-02 -0.2314748E-01  0.5154746E-02  0.7569410E+00 -0.1483964E-03  0.1845202E-05  0.2416025E+00 -0.2793382E-01  0.1016543E+01
  0.1005208E+02 -0.9342766E-02  0.7736683E-01 -0.3907592E-02 -0.2317799E-01  0.5137507E-02  0.7957095E+00 -0.1062143E-03  0.3200859E-05  0.2418006E+00 -0.3070378E-01  0.1052779E+01
  0.1006944E+02 -0.9341897E-02  0.7741700E-01 -0.3914365E-02 -0.2320882E-01  0.5635430E-02  0.8072003E+00 -0.1711349E-04  0.2728987E-05  0.2420153E+00 -0.3344119E-01  0.1062347E+01
  0.1008681E+02 -0.9339294E-02  0.7746631E-01 -0.3920908E-02 -0.2324093E-01  0.6352731E-02  0.7944406E+00  0.6471577E-04  0.1187419E-05  0.2422024E+00 -0.3181384E-01  0.1052213E+01
  0.1010417E+02 -0.9336152E-02  0.7751491E-01 -0.3927191E-02 -0.2327329E-01  0.6932777E-02  0.7687620E+00  0.1099554E-03 -0.3550247E-05  0.2423254E+00 -0.3014906E-01  0.1028956E+01
  0.1012153E+02 -0.9334600E-02  0.7756362E-01 -0.3933246E-02 -0.2330403E-01  0.7100395E-02  0.7386359E+00  0.1139806E-03 -0.7015193E-05  0.2424561E+00 -0.3216112E-01  0.9971300E+00
  0.1013889E+02 -0.9334020E-02  0.7761307E-01 -0.3938973E-02 -0.2333412E-01  0.6796836E-02  0.7161805E+00  0.5539164E-04 -0.5399906E-05  0.2426054E+00 -0.3298613E-01  0.9736526E+00
  0.1015625E+02 -0.9333254E-02  0.7766315E-01 -0.3944469E-02 -0.2336472E-01  0.6253013E-02  0.7096651E+00 -0.4531404E-04 -0.3494208E-05  0.2427467E+00 -0.2949085E-01  0.9701459E+00
  0.1017361E+02 -0.9331557E-02  0.7771305E-01 -0.3950002E-02 -0.2339619E-01  0.5721619E-02  0.7235042E+00 -0.8441436E-04 -0.1232049E-05  0.2428882E+00 -0.2581535E-01  0.9872484E+00
  0.1019097E+02 -0.9329384E-02  0.7776207E-01 -0.3955775E-02 -0.2342766E-01  0.5345873E-02  0.7574728E+00 -0.1181451E-03  0.1335432E-05  0.2430763E+00 -0.2454938E-01  0.1022278E+01
  0.1020833E+02 -0.9326029E-02  0.7781049E-01 -0.3961982E-02 -0.2346026E-01  0.5209666E-02  0.7997770E+00 -0.7349261E-04  0.1321603E-05  0.2433424E+00 -0.2518397E-01  0.1064135E+01
  0.1022569E+02 -0.9323452E-02  0.7785909E-01 -0.3968684E-02 -0.2349230E-01  0.5440991E-02  0.8194185E+00 -0.1200237E-04 -0.2347880E-05  0.2435651E+00 -0.2754776E-01  0.1081937E+01
  0.1024306E+02 -0.9321332E-02  0.7790810E-01 -0.3975516E-02 -0.2352416E-01  0.6008383E-02  0.8073844E+00  0.4436838E-04 -0.4862782E-05  0.2436880E+00 -0.3035313E-01  0.1067854E+01
  0.1026042E+02 -0.9319281E-02  0.7795717E-01 -0.3982085E-02 -0.2355588E-01  0.6666369E-02  0.7736494E+00  0.1230505E-03 -0.4970051E-05  0.2437166E+00 -0.3224055E-01  0.1033010E+01
  0.1027778E+02 -0.9317164E-02  0.7800598E-01 -0.3988269E-02 -0.2358725E-01  0.7089095E-02  0.7271564E+00  0.1266063E-03 -0.5867060E-05  0.2437980E+00 -0.3149595E-01  0.9877816E+00
  0.1029514E+02 -0.9314374E-02  0.7805459E-01 -0.3994092E-02 -0.2361921E-01  0.7042349E-02  0.6951493E+00  0.6781206E-04 -0.4655798E-05  0.2440046E+00 -0.2906748E-01  0.9583188E+00
  0.1031250E+02 -0.9310870E-02  0.7810312E-01 -0.3999570E-02 -0.2365181E-01  0.6526526E-02  0.6895265E+00  0.8319754E-05 -0.6807520E-06  0.2442561E+00 -0.2684240E-01  0.9546152E+00
  0.1032986E+02 -0.9307872E-02  0.7815178E-01 -0.4004844E-02 -0.2368417E-01  0.5804628E-02  0.7136572E+00 -0.1179252E-03  0.5425059E-06  0.2444245E+00 -0.2272653E-01  0.9821974E+00
  0.1034722E+02 -0.9305268E-02  0.7820042E-01 -0.4010331E-02 -0.2371639E-01  0.5280077E-02  0.7658930E+00 -0.2147784E-03 -0.1818447E-05  0.2445422E+00 -0.1882864E-01  0.1037839E+01
  0.1036458E+02 -0.9302680E-02  0.7824859E-01 -0.4016390E-02 -0.2374824E-01  0.5263455E-02  0.8200990E+00 -0.1335543E-03 -0.1407510E-05  0.2447419E+00 -0.2018265E-01  0.1090968E+01
  0.1038194E+02 -0.9299642E-02  0.7829618E-01 -0.4022936E-02 -0.2378032E-01  0.5676013E-02  0.8417856E+00  0.2111557E-04  0.1058335E-05  0.2450097E+00 -0.2534623E-01  0.1108341E+01
  0.1039931E+02 -0.9296379E-02  0.7834362E-01 -0.4029763E-02 -0.2381233E-01  0.6168010E-02  0.8237066E+00  0.1218223E-03  0.1381723E-05  0.2452063E+00 -0.2900965E-01  0.1087400E+01
  0.1041667E+02 -0.9292562E-02  0.7839135E-01 -0.4036532E-02 -0.2384491E-01  0.6471049E-02  0.7728341E+00  0.1991796E-03  0.1561426E-05  0.2453086E+00 -0.3010885E-01  0.1035923E+01
  0.1043403E+02 -0.9288989E-02  0.7843925E-01 -0.4042937E-02 -0.2387732E-01  0.6563587E-02  0.7082429E+00  0.1676642E-03 -0.7752820E-06  0.2454123E+00 -0.2774999E-01  0.9738657E+00
  0.1045139E+02 -0.9285631E-02  0.7848661E-01 -0.4048864E-02 -0.2390931E-01  0.6562903E-02  0.6696502E+00  0.1301672E-04 -0.3793675E-05  0.2454079E+00 -0.2108608E-01  0.9417870E+00
  0.1046875E+02 -0.9282813E-02  0.7853306E-01 -0.4054535E-02 -0.2394039E-01  0.6553462E-02  0.6828169E+00 -0.1173055E-03 -0.1846174E-05  0.2453833E+00 -0.1587178E-01  0.9600181E+00
  0.1048611E+02 -0.9280323E-02  0.7857890E-01 -0.4060099E-02 -0.2397089E-01  0.6492154E-02  0.7267607E+00 -0.1250421E-03  0.4001709E-06  0.2455401E+00 -0.1623340E-01  0.1003702E+01
  0.1050347E+02 -0.9277753E-02  0.7862483E-01 -0.4065632E-02 -0.2400147E-01  0.6282687E-02  0.7723665E+00 -0.9960092E-04  0.7265211E-06  0.2458426E+00 -0.2019727E-01  0.1045476E+01
  0.1052083E+02 -0.9274402E-02  0.7867110E-01 -0.4071292E-02 -0.2403304E-01  0.5943807E-02  0.8031537E+00 -0.3526176E-04  0.1083715E-05  0.2461200E+00 -0.2418953E-01  0.1072286E+01
  0.1053819E+02 -0.9270718E-02  0.7871717E-01 -0.4077196E-02 -0.2406468E-01  0.5635240E-02  0.8159667E+00  0.6387877E-05  0.1985134E-05  0.2462711E+00 -0.2604395E-01  0.1083142E+01
  0.1055556E+02 -0.9267736E-02  0.7876273E-01 -0.4083451E-02 -0.2409538E-01  0.5542203E-02  0.8142507E+00 -0.8504432E-05  0.1586868E-05  0.2463332E+00 -0.2615838E-01  0.1081277E+01
  0.1057292E+02 -0.9264845E-02  0.7880778E-01 -0.4090048E-02 -0.2412577E-01  0.5824388E-02  0.7929759E+00  0.7743856E-04 -0.1220947E-05  0.2464127E+00 -0.2604182E-01  0.1060575E+01
  0.1059028E+02 -0.9260840E-02  0.7885255E-01 -0.4096660E-02 -0.2415725E-01  0.6384966E-02  0.7445157E+00  0.1706508E-03 -0.2170968E-05  0.2464370E+00 -0.2305558E-01  0.1015788E+01
  0.1060764E+02 -0.9256297E-02  0.7889734E-01 -0.4102895E-02 -0.2418915E-01  0.6881352E-02  0.6931520E+00  0.1367885E-03  0.1069629E-05  0.2464371E+00 -0.1880003E-01  0.9691572E+00
  0.1062500E+02 -0.9253067E-02  0.7894227E-01 -0.4108763E-02 -0.2421964E-01  0.7029374E-02  0.6748655E+00  0.6500165E-05  0.1119500E-05  0.2466063E+00 -0.1837166E-01  0.9514979E+00
