  0.2189236E+02 -0.6985117E-02  0.9974516E-01 -0.7493581E-02 -0.3906439E-01  0.1175885E-01  0.7077510E+00  0.8842469E-04 -0.3018892E-05  0.2939382E+00 -0.6969617E-02  0.1052766E+01
  0.2190972E+02 -0.6980745E-02  0.9976861E-01 -0.7497614E-02 -0.3908318E-01  0.1216935E-01  0.6821755E+00  0.7824061E-04  0.6145880E-06  0.2934998E+00 -0.2598638E-02  0.1031532E+01
  0.2192708E+02 -0.6977697E-02  0.9979213E-01 -0.7501656E-02 -0.3910122E-01  0.1281052E-01  0.6569114E+00  0.4674409E-04  0.3521810E-05  0.2929851E+00 -0.4459988E-02  0.1004509E+01
  0.2194444E+02 -0.6974971E-02  0.9981568E-01 -0.7505798E-02 -0.3911871E-01  0.1331447E-01  0.6475309E+00 -0.1141201E-04  0.5560382E-05  0.2925373E+00 -0.6598980E-02  0.9929940E+00
  0.2196181E+02 -0.6971813E-02  0.9983940E-01 -0.7510081E-02 -0.3913662E-01  0.1349505E-01  0.6493388E+00 -0.3556066E-04  0.5625190E-05  0.2922887E+00 -0.7463840E-02  0.9938496E+00
  0.2197917E+02 -0.6967446E-02  0.9986330E-01 -0.7514455E-02 -0.3915583E-01  0.1342618E-01  0.6701633E+00 -0.7123572E-04  0.4048509E-05  0.2921661E+00 -0.9162449E-02  0.1012752E+01
  0.2199653E+02 -0.6963772E-02  0.9988723E-01 -0.7518974E-02 -0.3917420E-01  0.1322650E-01  0.7102061E+00 -0.1217051E-03  0.1637517E-05  0.2921772E+00 -0.1014008E-01  0.1051580E+01
  0.2201389E+02 -0.6959914E-02  0.9991111E-01 -0.7523637E-02 -0.3919300E-01  0.1290819E-01  0.7478071E+00 -0.4155094E-04 -0.1087323E-05  0.2925188E+00 -0.1272630E-01  0.1086700E+01
  0.2203125E+02 -0.6955997E-02  0.9993502E-01 -0.7528373E-02 -0.3921204E-01  0.1253002E-01  0.7490794E+00  0.5597056E-04 -0.2882224E-05  0.2933037E+00 -0.1762550E-01  0.1083579E+01
  0.2204861E+02 -0.6951815E-02  0.9995891E-01 -0.7532824E-02 -0.3923128E-01  0.1229129E-01  0.7182563E+00  0.6231296E-04 -0.3589864E-05  0.2940034E+00 -0.1447016E-01  0.1056383E+01
  0.2206597E+02 -0.6946652E-02  0.9998268E-01 -0.7536762E-02 -0.3925159E-01  0.1233673E-01  0.6793959E+00  0.6735937E-04 -0.1370260E-05  0.2940903E+00 -0.5114744E-02  0.1027022E+01
  0.2208333E+02 -0.6941024E-02  0.1000064E+00 -0.7540451E-02 -0.3927245E-01  0.1253156E-01  0.6547439E+00  0.7567117E-04  0.1511402E-05  0.2937835E+00 -0.3723604E-03  0.1007016E+01
  0.2210069E+02 -0.6936272E-02  0.1000302E+00 -0.7544206E-02 -0.3929216E-01  0.1272401E-01  0.6396803E+00  0.3774864E-04  0.2101543E-05  0.2934430E+00 -0.2158369E-02  0.9899864E+00
  0.2211806E+02 -0.6933485E-02  0.1000541E+00 -0.7548231E-02 -0.3930974E-01  0.1284422E-01  0.6429405E+00 -0.1385692E-04  0.2337067E-05  0.2932301E+00 -0.6809040E-02  0.9884568E+00
  0.2213542E+02 -0.6930920E-02  0.1000781E+00 -0.7552491E-02 -0.3932731E-01  0.1280735E-01  0.6692975E+00 -0.9205002E-04  0.2026715E-05  0.2930534E+00 -0.9520256E-02  0.1011815E+01
  0.2215278E+02 -0.6927028E-02  0.1001019E+00 -0.7556898E-02 -0.3934631E-01  0.1263666E-01  0.7107599E+00 -0.1042428E-03  0.7944329E-06  0.2928004E+00 -0.8621256E-02  0.1053744E+01
  0.2217014E+02 -0.6922231E-02  0.1001255E+00 -0.7561446E-02 -0.3936624E-01  0.1249673E-01  0.7402997E+00 -0.9320642E-04  0.4237146E-06  0.2925950E+00 -0.5320994E-02  0.1086253E+01
  0.2218750E+02 -0.6916838E-02  0.1001492E+00 -0.7566094E-02 -0.3938680E-01  0.1255122E-01  0.7574113E+00 -0.5356923E-04  0.8741535E-06  0.2926234E+00 -0.3248409E-02  0.1105564E+01
  0.2220486E+02 -0.6911182E-02  0.1001727E+00 -0.7570796E-02 -0.3940761E-01  0.1287788E-01  0.7417968E+00  0.7717955E-04  0.1731859E-06  0.2930069E+00 -0.4321997E-02  0.1089720E+01
  0.2222222E+02 -0.6904967E-02  0.1001962E+00 -0.7575294E-02 -0.3942899E-01  0.1327101E-01  0.7027615E+00  0.1574655E-03 -0.2300304E-05  0.2935485E+00 -0.6872925E-02  0.1049150E+01
  0.2223958E+02 -0.6900020E-02  0.1002194E+00 -0.7579378E-02 -0.3944875E-01  0.1335109E-01  0.6547712E+00  0.1519492E-03 -0.3892468E-05  0.2939711E+00 -0.1190083E-01  0.9966319E+00
  0.2225694E+02 -0.6896450E-02  0.1002425E+00 -0.7583034E-02 -0.3946707E-01  0.1288858E-01  0.6338598E+00  0.1023455E-03 -0.4232398E-05  0.2942382E+00 -0.1706822E-01  0.9703125E+00
  0.2227431E+02 -0.6893978E-02  0.1002660E+00 -0.7586533E-02 -0.3948444E-01  0.1214979E-01  0.6335452E+00 -0.8769575E-04 -0.1673766E-05  0.2943160E+00 -0.1424838E-01  0.9719743E+00
  0.2229167E+02 -0.6891700E-02  0.1002899E+00 -0.7590254E-02 -0.3950177E-01  0.1162935E-01  0.6492644E+00 -0.1832404E-03  0.2668522E-05  0.2941966E+00 -0.3414208E-02  0.9978018E+00
  0.2230903E+02 -0.6887413E-02  0.1003137E+00 -0.7594310E-02 -0.3952114E-01  0.1165863E-01  0.6756248E+00 -0.1129520E-03  0.5575393E-05  0.2937001E+00  0.8284321E-02  0.1035471E+01
  0.2232639E+02 -0.6880216E-02  0.1003366E+00 -0.7598620E-02 -0.3954333E-01  0.1220416E-01  0.7107322E+00 -0.3037870E-04  0.7370745E-05  0.2928120E+00  0.1376325E-01  0.1075803E+01
  0.2234375E+02 -0.6872072E-02  0.1003588E+00 -0.7603131E-02 -0.3956628E-01  0.1291167E-01  0.7479505E+00  0.1398642E-04  0.4152263E-05  0.2920274E+00  0.8698763E-02  0.1107924E+01
  0.2236111E+02 -0.6865886E-02  0.1003813E+00 -0.7607821E-02 -0.3958740E-01  0.1339410E-01  0.7704216E+00  0.2509230E-04 -0.2005100E-05  0.2919213E+00 -0.6954991E-02  0.1115125E+01
  0.2237847E+02 -0.6862516E-02  0.1004046E+00 -0.7612597E-02 -0.3960593E-01  0.1356271E-01  0.7604499E+00  0.4585996E-04 -0.7048272E-05  0.2927426E+00 -0.2458863E-01  0.1088529E+01
  0.2239583E+02 -0.6860594E-02  0.1004286E+00 -0.7617176E-02 -0.3962310E-01  0.1351762E-01  0.7087451E+00  0.1011200E-03 -0.7838310E-05  0.2939792E+00 -0.2977909E-01  0.1032884E+01
  0.2241319E+02 -0.6858492E-02  0.1004523E+00 -0.7621319E-02 -0.3964014E-01  0.1327983E-01  0.6385237E+00  0.1242556E-03 -0.1339893E-05  0.2948239E+00 -0.1904017E-01  0.9740425E+00
  0.2243056E+02 -0.6854630E-02  0.1004753E+00 -0.7624922E-02 -0.3965859E-01  0.1278691E-01  0.6026854E+00  0.5520261E-04  0.4960605E-05  0.2949072E+00 -0.3059967E-02  0.9537168E+00
  0.2244792E+02 -0.6849352E-02  0.1004977E+00 -0.7628297E-02 -0.3967839E-01  0.1214453E-01  0.6141581E+00 -0.7524812E-04  0.7812413E-05  0.2944230E+00  0.8574924E-02  0.9755748E+00
  0.2246528E+02 -0.6843046E-02  0.1005203E+00 -0.7631726E-02 -0.3969946E-01  0.1156631E-01  0.6477579E+00 -0.1190814E-03  0.7539927E-05  0.2937833E+00  0.1223976E-01  0.1011582E+01
  0.2248264E+02 -0.6836470E-02  0.1005434E+00 -0.7635354E-02 -0.3972095E-01  0.1138242E-01  0.6929612E+00 -0.9449000E-04  0.1860919E-05  0.2932012E+00  0.7455291E-02  0.1051258E+01
  0.2250000E+02 -0.6830506E-02  0.1005666E+00 -0.7639285E-02 -0.3974196E-01  0.1178779E-01  0.7465403E+00 -0.7121722E-04 -0.4425896E-05  0.2927254E+00 -0.1315277E-02  0.1096017E+01
