  0.6423611E+00 -0.3866768E+00 -0.9980158E-01 -0.2522065E+00  0.4154787E-01  0.7373437E-02 -0.7918296E-01 -0.6837264E-03  0.2609696E-05  0.2597948E-04  0.0000000E+00 -0.7696017E+00 -0.7754020E+00
  0.6597222E+00 -0.3970491E+00 -0.9870312E-01 -0.2526741E+00  0.5177945E-01  0.8475328E-02 -0.7894470E-01 -0.6944690E-03 -0.2705635E-04  0.2482968E-04  0.0000000E+00 -0.7678129E+00 -0.7741870E+00
  0.6770833E+00 -0.4076992E+00 -0.9643295E-01 -0.2529926E+00  0.6018786E-01  0.9207165E-02 -0.7870522E-01 -0.7045355E-03 -0.4143244E-04  0.2561180E-04  0.0000000E+00 -0.7671553E+00 -0.7730953E+00
  0.6944444E+00 -0.4167720E+00 -0.9387313E-01 -0.2530717E+00  0.6748137E-01  0.8555292E-02 -0.7846184E-01 -0.7139591E-03 -0.3194528E-04  0.2798301E-04  0.0000000E+00 -0.7668599E+00 -0.7721143E+00
  0.7118056E+00 -0.4232231E+00 -0.9189839E-01 -0.2530010E+00  0.7454584E-01  0.6300011E-02 -0.7821921E-01 -0.7227191E-03 -0.1027064E-04  0.2887427E-04  0.0000000E+00 -0.7662000E+00 -0.7712150E+00
  0.7291667E+00 -0.4262798E+00 -0.9062781E-01 -0.2529177E+00  0.8112943E-01  0.2184191E-02 -0.7798599E-01 -0.7307521E-03  0.2035892E-05  0.2814537E-04  0.0000000E+00 -0.7651983E+00 -0.7703602E+00
  0.7465278E+00 -0.4270210E+00 -0.8937759E-01 -0.2528958E+00  0.8617576E-01 -0.2920957E-02 -0.7776662E-01 -0.7380721E-03 -0.8378534E-05  0.2875438E-04  0.0000000E+00 -0.7645238E+00 -0.7695368E+00
  0.7638889E+00 -0.4286686E+00 -0.8745870E-01 -0.2530113E+00  0.8926527E-01 -0.6566113E-02 -0.7755758E-01 -0.7448221E-03 -0.3215875E-04  0.3055779E-04  0.0000000E+00 -0.7647434E+00 -0.7687755E+00
  0.7812500E+00 -0.4326298E+00 -0.8482805E-01 -0.2533221E+00  0.9146896E-01 -0.8061688E-02 -0.7735201E-01 -0.7511195E-03 -0.4626096E-04  0.3115429E-04  0.0000000E+00 -0.7654910E+00 -0.7681211E+00
  0.7986111E+00 -0.4383117E+00 -0.8204330E-01 -0.2537302E+00  0.9457823E-01 -0.8564297E-02 -0.7714489E-01 -0.7568635E-03 -0.4216664E-04  0.3018363E-04  0.0000000E+00 -0.7659849E+00 -0.7675848E+00
  0.8159722E+00 -0.4461433E+00 -0.7994783E-01 -0.2540621E+00  0.9985752E-01 -0.7754417E-02 -0.7693505E-01 -0.7619519E-03 -0.2190789E-04  0.2816167E-04  0.0000000E+00 -0.7657410E+00 -0.7671323E+00
  0.8333333E+00 -0.4559412E+00 -0.7915576E-01 -0.2542240E+00  0.1073011E+00 -0.5238697E-02 -0.7672610E-01 -0.7664297E-03  0.8728931E-06  0.2820687E-04  0.0000000E+00 -0.7647220E+00 -0.7667145E+00
  0.8506944E+00 -0.4643824E+00 -0.7956388E-01 -0.2542452E+00  0.1158809E+00 -0.3585412E-02 -0.7652415E-01 -0.7703512E-03  0.1509546E-04  0.3140231E-04  0.0000000E+00 -0.7631439E+00 -0.7663080E+00
  0.8680556E+00 -0.4680399E+00 -0.8041357E-01 -0.2542197E+00  0.1244489E+00 -0.5840800E-02 -0.7633255E-01 -0.7737789E-03  0.1879321E-04  0.3440279E-04  0.0000000E+00 -0.7611181E+00 -0.7659223E+00
  0.8854167E+00 -0.4675859E+00 -0.8089950E-01 -0.2542713E+00  0.1316509E+00 -0.1126067E-01 -0.7615088E-01 -0.7767117E-03  0.9249535E-05  0.3410235E-04  0.0000000E+00 -0.7592507E+00 -0.7655728E+00
  0.9027778E+00 -0.4658876E+00 -0.8043845E-01 -0.2544560E+00  0.1360159E+00 -0.1685266E-01 -0.7597846E-01 -0.7791338E-03 -0.1178231E-04  0.3038392E-04  0.0000000E+00 -0.7583578E+00 -0.7652644E+00
  0.9201389E+00 -0.4650656E+00 -0.7854373E-01 -0.2546636E+00  0.1368160E+00 -0.2097823E-01 -0.7581369E-01 -0.7811149E-03 -0.4228034E-04  0.2831030E-04  0.0000000E+00 -0.7590439E+00 -0.7650124E+00
  0.9375000E+00 -0.4668531E+00 -0.7518805E-01 -0.2547935E+00  0.1348835E+00 -0.2291205E-01 -0.7565099E-01 -0.7827241E-03 -0.6701923E-04  0.3199847E-04  0.0000000E+00 -0.7613320E+00 -0.7648225E+00
  0.9548611E+00 -0.4728569E+00 -0.7120053E-01 -0.2548871E+00  0.1329833E+00 -0.2179737E-01 -0.7548398E-01 -0.7839429E-03 -0.6821940E-04  0.3653063E-04  0.0000000E+00 -0.7640583E+00 -0.7646762E+00
  0.9722222E+00 -0.4824236E+00 -0.6782708E-01 -0.2550051E+00  0.1338385E+00 -0.1824864E-01 -0.7531092E-01 -0.7846986E-03 -0.4718351E-04  0.3578639E-04  0.0000000E+00 -0.7657729E+00 -0.7645466E+00
  0.9895833E+00 -0.4915758E+00 -0.6598484E-01 -0.2551121E+00  0.1378831E+00 -0.1530663E-01 -0.7513450E-01 -0.7848842E-03 -0.1594953E-04  0.3174657E-04  0.0000000E+00 -0.7659999E+00 -0.7644179E+00
  0.1006944E+01 -0.4958888E+00 -0.6601183E-01 -0.2551518E+00  0.1438629E+00 -0.1599915E-01 -0.7495923E-01 -0.7845595E-03  0.1452630E-04  0.2868136E-04  0.0000000E+00 -0.7648892E+00 -0.7642953E+00
  0.1024306E+01 -0.4945794E+00 -0.6766013E-01 -0.2551813E+00  0.1503850E+00 -0.2044499E-01 -0.7479125E-01 -0.7839677E-03  0.3394061E-04  0.3028321E-04  0.0000000E+00 -0.7629919E+00 -0.7642012E+00
  0.1041667E+01 -0.4913246E+00 -0.7000137E-01 -0.2553382E+00  0.1566564E+00 -0.2561823E-01 -0.7463665E-01 -0.7832044E-03  0.3259088E-04  0.3687051E-04  0.0000000E+00 -0.7609765E+00 -0.7641524E+00
  0.1059028E+01 -0.4909985E+00 -0.7163414E-01 -0.2556587E+00  0.1624643E+00 -0.2788806E-01 -0.7449661E-01 -0.7822109E-03  0.1370305E-04  0.4039966E-04  0.0000000E+00 -0.7589397E+00 -0.7641288E+00
  0.1076389E+01 -0.4947707E+00 -0.7147883E-01 -0.2560058E+00  0.1669322E+00 -0.2693730E-01 -0.7436441E-01 -0.7808760E-03 -0.1465871E-04  0.3664185E-04  0.0000000E+00 -0.7573837E+00 -0.7640969E+00
  0.1093750E+01 -0.4994243E+00 -0.6956902E-01 -0.2562126E+00  0.1682698E+00 -0.2558043E-01 -0.7423090E-01 -0.7790634E-03 -0.4234527E-04  0.3151115E-04  0.0000000E+00 -0.7575373E+00 -0.7640610E+00
  0.1111111E+01 -0.5018670E+00 -0.6682162E-01 -0.2562155E+00  0.1659277E+00 -0.2598494E-01 -0.7409338E-01 -0.7767722E-03 -0.5746296E-04  0.3037835E-04  0.0000000E+00 -0.7598586E+00 -0.7640628E+00
  0.1128472E+01 -0.5020703E+00 -0.6400791E-01 -0.2560265E+00  0.1620930E+00 -0.2845148E-01 -0.7395563E-01 -0.7742085E-03 -0.5636844E-04  0.3231327E-04  0.0000000E+00 -0.7632170E+00 -0.7641331E+00
  0.1145833E+01 -0.5024837E+00 -0.6135690E-01 -0.2557719E+00  0.1597135E+00 -0.3162286E-01 -0.7381997E-01 -0.7714664E-03 -0.4924121E-04  0.3613945E-04  0.0000000E+00 -0.7661263E+00 -0.7642562E+00
  0.1163194E+01 -0.5056189E+00 -0.5903984E-01 -0.2556681E+00  0.1603770E+00 -0.3302637E-01 -0.7368342E-01 -0.7685956E-03 -0.3551037E-04  0.3982360E-04  0.0000000E+00 -0.7674239E+00 -0.7643695E+00
  0.1180556E+01 -0.5110267E+00 -0.5763530E-01 -0.2558505E+00  0.1641101E+00 -0.3189056E-01 -0.7354141E-01 -0.7655754E-03 -0.1152834E-04  0.3869398E-04  0.0000000E+00 -0.7665727E+00 -0.7644297E+00
  0.1197917E+01 -0.5158725E+00 -0.5802805E-01 -0.2562772E+00  0.1697582E+00 -0.2988913E-01 -0.7339404E-01 -0.7622389E-03  0.2088000E-04  0.3351823E-04  0.0000000E+00 -0.7644106E+00 -0.7644622E+00
  0.1215278E+01 -0.5181637E+00 -0.6063567E-01 -0.2567395E+00  0.1763009E+00 -0.2863332E-01 -0.7324903E-01 -0.7585131E-03  0.5341196E-04  0.3128088E-04  0.0000000E+00 -0.7617941E+00 -0.7645327E+00
  0.1232639E+01 -0.5172847E+00 -0.6467514E-01 -0.2570406E+00  0.1828044E+00 -0.2914753E-01 -0.7311819E-01 -0.7545028E-03  0.6126367E-04  0.3337326E-04  0.0000000E+00 -0.7591216E+00 -0.7646677E+00
  0.1250000E+01 -0.5133490E+00 -0.6817246E-01 -0.2571063E+00  0.1873390E+00 -0.3235236E-01 -0.7300911E-01 -0.7504652E-03  0.3137446E-04  0.3582858E-04  0.0000000E+00 -0.7573336E+00 -0.7648364E+00
