  0.1814236E+02 -0.6452196E+00  0.3795500E-01 -0.1295825E+00  0.1951337E+00 -0.6087711E-02 -0.5332744E-01  0.9074157E-03 -0.2456605E-04  0.1309129E-04  0.0000000E+00 -0.6002327E+00 -0.5935246E+00
  0.1815972E+02 -0.6477396E+00  0.3982304E-01 -0.1294736E+00  0.1949189E+00 -0.3443977E-02 -0.5330485E-01  0.9070580E-03 -0.4640158E-04  0.3104064E-04  0.0000000E+00 -0.5983285E+00 -0.5934293E+00
  0.1817708E+02 -0.6471678E+00  0.3927958E-01 -0.1294946E+00  0.1960389E+00  0.2861406E-03 -0.5328402E-01  0.9070584E-03 -0.2435084E-04  0.2684102E-04  0.0000000E+00 -0.5934323E+00 -0.5932351E+00
  0.1819444E+02 -0.6449027E+00  0.3698003E-01 -0.1295411E+00  0.2011634E+00  0.2077668E-02 -0.5327196E-01  0.9079967E-03  0.4488850E-04 -0.9768887E-05  0.0000000E+00 -0.5865516E+00 -0.5930129E+00
  0.1821181E+02 -0.6422116E+00  0.3417916E-01 -0.1295312E+00  0.2066290E+00  0.1513466E-03 -0.5326928E-01  0.9098387E-03  0.5268465E-04 -0.2504800E-04  0.0000000E+00 -0.5831151E+00 -0.5928651E+00
  0.1822917E+02 -0.6399536E+00  0.3197432E-01 -0.1294859E+00  0.2048082E+00 -0.3485671E-02 -0.5327274E-01  0.9114778E-03  0.2463815E-04 -0.1345395E-04  0.0000000E+00 -0.5884927E+00 -0.5928569E+00
  0.1824653E+02 -0.6399086E+00  0.3107361E-01 -0.1294521E+00  0.1995623E+00 -0.6005805E-02 -0.5327843E-01  0.9121213E-03  0.1961681E-04  0.2730825E-05  0.0000000E+00 -0.5970746E+00 -0.5929293E+00
  0.1826389E+02 -0.6420313E+00  0.3167627E-01 -0.1294252E+00  0.1989778E+00 -0.6385997E-02 -0.5328266E-01  0.9119269E-03  0.9084478E-05  0.1130391E-04  0.0000000E+00 -0.5995387E+00 -0.5929763E+00
  0.1828125E+02 -0.6447658E+00  0.3335126E-01 -0.1293737E+00  0.2011834E+00 -0.4578292E-02 -0.5328164E-01  0.9116222E-03 -0.2864243E-04  0.2170244E-04  0.0000000E+00 -0.5965601E+00 -0.5929241E+00
  0.1829861E+02 -0.6469162E+00  0.3516081E-01 -0.1292994E+00  0.2045940E+00 -0.1199403E-02 -0.5327371E-01  0.9117492E-03 -0.4187551E-04  0.2742683E-04  0.0000000E+00 -0.5900366E+00 -0.5927658E+00
  0.1831597E+02 -0.6468252E+00  0.3629438E-01 -0.1291877E+00  0.2044122E+00  0.9401440E-03 -0.5326275E-01  0.9123681E-03 -0.2350169E-04 -0.2365693E-05  0.0000000E+00 -0.5867425E+00 -0.5925185E+00
  0.1833333E+02 -0.6430045E+00  0.3671949E-01 -0.1290066E+00  0.1951108E+00 -0.6820660E-03 -0.5325301E-01  0.9133941E-03 -0.4624437E-05 -0.2291255E-04  0.0000000E+00 -0.5932300E+00 -0.5922955E+00
  0.1835069E+02 -0.6401786E+00  0.3675450E-01 -0.1287880E+00  0.1825355E+00 -0.3775344E-02 -0.5324532E-01  0.9144968E-03 -0.3947093E-05 -0.5404664E-05  0.0000000E+00 -0.6057922E+00 -0.5922276E+00
  0.1836806E+02 -0.6416117E+00  0.3655452E-01 -0.1286370E+00  0.1760835E+00 -0.4794991E-02 -0.5323807E-01  0.9155056E-03  0.1078347E-04  0.2236376E-04  0.0000000E+00 -0.6146951E+00 -0.5922589E+00
  0.1838542E+02 -0.6448787E+00  0.3611175E-01 -0.1286156E+00  0.1828889E+00 -0.3869695E-02 -0.5323059E-01  0.9162327E-03  0.3749898E-04  0.2322345E-04  0.0000000E+00 -0.6106169E+00 -0.5922501E+00
  0.1840278E+02 -0.6467426E+00  0.3540153E-01 -0.1287038E+00  0.1970742E+00 -0.3624573E-02 -0.5322362E-01  0.9165943E-03  0.2361860E-04  0.3425357E-05  0.0000000E+00 -0.5988753E+00 -0.5921406E+00
  0.1842014E+02 -0.6460830E+00  0.3442935E-01 -0.1288358E+00  0.2100898E+00 -0.3758075E-02 -0.5321765E-01  0.9170187E-03  0.2055202E-04 -0.1436408E-04  0.0000000E+00 -0.5864522E+00 -0.5920167E+00
  0.1843750E+02 -0.6455850E+00  0.3337437E-01 -0.1289562E+00  0.2186515E+00 -0.2958041E-02 -0.5321426E-01  0.9173262E-03  0.1930056E-04 -0.2269808E-04  0.0000000E+00 -0.5777737E+00 -0.5918942E+00
  0.1845486E+02 -0.6447656E+00  0.3268857E-01 -0.1289685E+00  0.2183559E+00 -0.2689301E-02 -0.5321382E-01  0.9175038E-03  0.4697107E-05 -0.1339121E-04  0.0000000E+00 -0.5776840E+00 -0.5917243E+00
  0.1847222E+02 -0.6413720E+00  0.3274404E-01 -0.1288134E+00  0.2057283E+00 -0.3509550E-02 -0.5321461E-01  0.9179215E-03 -0.4341562E-04  0.2159274E-04  0.0000000E+00 -0.5875411E+00 -0.5915657E+00
  0.1848958E+02 -0.6397455E+00  0.3357328E-01 -0.1285361E+00  0.1877270E+00 -0.2868564E-02 -0.5321414E-01  0.9184304E-03 -0.4545219E-04  0.4417179E-04  0.0000000E+00 -0.6021468E+00 -0.5914577E+00
  0.1850694E+02 -0.6431668E+00  0.3502185E-01 -0.1282367E+00  0.1787509E+00 -0.1434784E-02 -0.5321189E-01  0.9187067E-03 -0.3328676E-06  0.1397112E-04  0.0000000E+00 -0.6113450E+00 -0.5913621E+00
  0.1852431E+02 -0.6454971E+00  0.3686899E-01 -0.1279899E+00  0.1796554E+00 -0.2802246E-02 -0.5320619E-01  0.9193262E-03  0.3781129E-05 -0.1626090E-04  0.0000000E+00 -0.6120641E+00 -0.5912967E+00
  0.1854167E+02 -0.6463076E+00  0.3842856E-01 -0.1278877E+00  0.1850639E+00 -0.4591247E-02 -0.5319447E-01  0.9206590E-03 -0.1024491E-04 -0.7538650E-05  0.0000000E+00 -0.6075858E+00 -0.5912838E+00
  0.1855903E+02 -0.6484830E+00  0.3881701E-01 -0.1279698E+00  0.1964511E+00 -0.3715466E-02 -0.5317855E-01  0.9216635E-03  0.9170827E-05  0.2210066E-05  0.0000000E+00 -0.5971456E+00 -0.5912180E+00
  0.1857639E+02 -0.6490577E+00  0.3774025E-01 -0.1281369E+00  0.2138936E+00 -0.1830430E-02 -0.5316357E-01  0.9220727E-03  0.3469169E-04 -0.1466938E-05  0.0000000E+00 -0.5795994E+00 -0.5910311E+00
  0.1859375E+02 -0.6469852E+00  0.3557668E-01 -0.1282806E+00  0.2227457E+00 -0.9826136E-03 -0.5315434E-01  0.9224196E-03  0.5589465E-05  0.3799862E-05  0.0000000E+00 -0.5701485E+00 -0.5907881E+00
  0.1861111E+02 -0.6429655E+00  0.3315532E-01 -0.1283676E+00  0.2187846E+00 -0.8790956E-03 -0.5315271E-01  0.9228197E-03  0.1129510E-05  0.8502833E-05  0.0000000E+00 -0.5724925E+00 -0.5905941E+00
  0.1862847E+02 -0.6404898E+00  0.3163451E-01 -0.1283481E+00  0.2098444E+00 -0.1424691E-02 -0.5315848E-01  0.9229597E-03  0.4526447E-05 -0.3900587E-05  0.0000000E+00 -0.5810186E+00 -0.5905031E+00
  0.1864583E+02 -0.6396462E+00  0.3186428E-01 -0.1281778E+00  0.1957897E+00 -0.2884223E-02 -0.5316620E-01  0.9234406E-03 -0.2129251E-04  0.2237794E-05  0.0000000E+00 -0.5953161E+00 -0.5905061E+00
  0.1866319E+02 -0.6410888E+00  0.3367829E-01 -0.1279077E+00  0.1885756E+00 -0.3646522E-02 -0.5316863E-01  0.9240300E-03 -0.1341691E-04  0.1816814E-04  0.0000000E+00 -0.6026290E+00 -0.5905385E+00
  0.1868056E+02 -0.6472946E+00  0.3604206E-01 -0.1276471E+00  0.1967133E+00 -0.2994233E-02 -0.5316210E-01  0.9241293E-03  0.9633953E-05  0.5630083E-05  0.0000000E+00 -0.5974032E+00 -0.5905112E+00
  0.1869792E+02 -0.6524511E+00  0.3780685E-01 -0.1274698E+00  0.2077360E+00 -0.1784903E-02 -0.5314867E-01  0.9241572E-03  0.1172035E-04 -0.2019900E-04  0.0000000E+00 -0.5883959E+00 -0.5903776E+00
  0.1871528E+02 -0.6504079E+00  0.3840185E-01 -0.1273665E+00  0.2055412E+00 -0.1843823E-02 -0.5313409E-01  0.9246500E-03 -0.2141821E-04 -0.2122899E-04  0.0000000E+00 -0.5879273E+00 -0.5901674E+00
  0.1873264E+02 -0.6439048E+00  0.3790273E-01 -0.1273188E+00  0.1920267E+00 -0.3009402E-02 -0.5312306E-01  0.9259723E-03 -0.4344969E-04  0.1098779E-04  0.0000000E+00 -0.5965331E+00 -0.5899683E+00
  0.1875000E+02 -0.6398201E+00  0.3680683E-01 -0.1273582E+00  0.1815558E+00 -0.3372016E-02 -0.5311733E-01  0.9273837E-03 -0.1821041E-04  0.1586727E-04  0.0000000E+00 -0.6043799E+00 -0.5898477E+00
