  0.1751736E+02 -0.7914480E-02  0.9371223E-01 -0.6325517E-02 -0.3441426E-01  0.1102265E-01  0.6924205E+00  0.9073515E-04  0.1116012E-05  0.2806845E+00 -0.2249534E-01  0.1006782E+01
  0.1753472E+02 -0.7910823E-02  0.9374029E-01 -0.6330863E-02 -0.3443408E-01  0.1064497E-01  0.6370565E+00  0.4996060E-04  0.1821321E-05  0.2806992E+00 -0.8827521E-02  0.9646894E+00
  0.1755208E+02 -0.7906262E-02  0.9376701E-01 -0.6335544E-02 -0.3445470E-01  0.1051244E-01  0.6223105E+00  0.4194326E-04 -0.5925040E-06  0.2802802E+00 -0.2704041E-02  0.9555110E+00
  0.1756944E+02 -0.7902960E-02  0.9379316E-01 -0.6339700E-02 -0.3447395E-01  0.1036225E-01  0.6392992E+00  0.4958159E-04 -0.3151829E-05  0.2799093E+00 -0.1203694E-01  0.9626569E+00
  0.1758681E+02 -0.7901487E-02  0.9382008E-01 -0.6343645E-02 -0.3449169E-01  0.1014279E-01  0.6614839E+00 -0.3656495E-04 -0.4302491E-05  0.2798524E+00 -0.2302281E-01  0.9734987E+00
  0.1760417E+02 -0.7899117E-02  0.9384804E-01 -0.6347690E-02 -0.3451089E-01  0.1005220E-01  0.7006515E+00 -0.1476277E-03 -0.2943408E-05  0.2798976E+00 -0.2562397E-01  0.1009917E+01
  0.1762153E+02 -0.7896800E-02  0.9387589E-01 -0.6352278E-02 -0.3452978E-01  0.1039335E-01  0.7511953E+00 -0.1994878E-03  0.6828579E-06  0.2798462E+00 -0.2068796E-01  0.1065645E+01
  0.1763889E+02 -0.7893237E-02  0.9390249E-01 -0.6357500E-02 -0.3454933E-01  0.1110635E-01  0.7943986E+00 -0.1430125E-03  0.3046637E-05  0.2798421E+00 -0.1280779E-01  0.1117502E+01
  0.1765625E+02 -0.7888900E-02  0.9392758E-01 -0.6363377E-02 -0.3456889E-01  0.1174898E-01  0.8054762E+00  0.6144912E-04  0.1616852E-05  0.2801038E+00 -0.1314143E-01  0.1129357E+01
  0.1767361E+02 -0.7885643E-02  0.9395203E-01 -0.6369636E-02 -0.3458689E-01  0.1199135E-01  0.7761366E+00  0.2074309E-03 -0.1940126E-05  0.2805702E+00 -0.1765087E-01  0.1096363E+01
  0.1769097E+02 -0.7882819E-02  0.9397702E-01 -0.6375603E-02 -0.3460488E-01  0.1176498E-01  0.7169438E+00  0.1449476E-03 -0.3985496E-05  0.2808713E+00 -0.1625792E-01  0.1038577E+01
  0.1770833E+02 -0.7880999E-02  0.9400288E-01 -0.6381059E-02 -0.3462228E-01  0.1104094E-01  0.6739680E+00  0.5464944E-04 -0.4267175E-05  0.2810650E+00 -0.1617146E-01  0.9950713E+00
  0.1772569E+02 -0.7879130E-02  0.9402893E-01 -0.6386005E-02 -0.3463980E-01  0.1004992E-01  0.6520714E+00  0.4421268E-04 -0.5457152E-05  0.2811784E+00 -0.1724395E-01  0.9712185E+00
  0.1774306E+02 -0.7875705E-02  0.9405423E-01 -0.6390436E-02 -0.3465858E-01  0.9360560E-02  0.6536699E+00 -0.4427781E-04 -0.2580948E-05  0.2808217E+00 -0.1386787E-01  0.9750669E+00
  0.1776042E+02 -0.7871078E-02  0.9407899E-01 -0.6394694E-02 -0.3467841E-01  0.9345183E-02  0.6816188E+00 -0.1302183E-03  0.3430160E-05  0.2802748E+00 -0.1111151E-01  0.1005135E+01
  0.1777778E+02 -0.7867188E-02  0.9410379E-01 -0.6399202E-02 -0.3469758E-01  0.9965173E-02  0.7245600E+00 -0.1321649E-03  0.4986978E-05  0.2800920E+00 -0.1370142E-01  0.1045928E+01
  0.1779514E+02 -0.7863584E-02  0.9412891E-01 -0.6404080E-02 -0.3471683E-01  0.1097869E-01  0.7640168E+00 -0.4044589E-04  0.2444854E-05  0.2802956E+00 -0.1772774E-01  0.1082670E+01
  0.1781250E+02 -0.7860196E-02  0.9415408E-01 -0.6409284E-02 -0.3473592E-01  0.1193938E-01  0.7806208E+00 -0.8335252E-05  0.6888090E-07  0.2804103E+00 -0.1603159E-01  0.1102079E+01
  0.1782986E+02 -0.7857018E-02  0.9417951E-01 -0.6414789E-02 -0.3475479E-01  0.1233368E-01  0.7734992E+00  0.6946592E-04 -0.1494066E-05  0.2804864E+00 -0.1600139E-01  0.1095539E+01
  0.1784722E+02 -0.7855070E-02  0.9420516E-01 -0.6420589E-02 -0.3477234E-01  0.1195950E-01  0.7337252E+00  0.1052653E-03 -0.2964577E-05  0.2809052E+00 -0.1945748E-01  0.1052392E+01
  0.1786458E+02 -0.7851326E-02  0.9423093E-01 -0.6426314E-02 -0.3479191E-01  0.1112406E-01  0.6832720E+00  0.9925507E-04 -0.3041948E-05  0.2813334E+00 -0.1760646E-01  0.1003381E+01
  0.1788194E+02 -0.7846263E-02  0.9425651E-01 -0.6431598E-02 -0.3481261E-01  0.1025257E-01  0.6558360E+00 -0.3978337E-05 -0.2797941E-05  0.2813903E+00 -0.1063506E-01  0.9820031E+00
  0.1789931E+02 -0.7840550E-02  0.9428176E-01 -0.6436317E-02 -0.3483394E-01  0.9642293E-02  0.6586852E+00 -0.2322117E-04 -0.2992598E-05  0.2811541E+00 -0.4861987E-02  0.9897643E+00
  0.1791667E+02 -0.7835348E-02  0.9430686E-01 -0.6440664E-02 -0.3485487E-01  0.9462026E-02  0.6821847E+00  0.5295141E-05 -0.3867888E-06  0.2809619E+00 -0.7117687E-02  0.1010672E+01
  0.1793403E+02 -0.7831792E-02  0.9433223E-01 -0.6444914E-02 -0.3487419E-01  0.9732933E-02  0.7039563E+00 -0.4116800E-04  0.1520386E-05  0.2811016E+00 -0.1684898E-01  0.1023083E+01
  0.1795139E+02 -0.7829566E-02  0.9435828E-01 -0.6449322E-02 -0.3489266E-01  0.1042101E-01  0.7304350E+00 -0.7360048E-04  0.1903859E-05  0.2812975E+00 -0.2281813E-01  0.1044450E+01
  0.1796875E+02 -0.7826438E-02  0.9438465E-01 -0.6454061E-02 -0.3491254E-01  0.1139780E-01  0.7447561E+00 -0.9385278E-04  0.3049244E-05  0.2811574E+00 -0.1645736E-01  0.1065955E+01
  0.1798611E+02 -0.7821911E-02  0.9441052E-01 -0.6459266E-02 -0.3493348E-01  0.1215523E-01  0.7365248E+00 -0.8688885E-05  0.1463261E-05  0.2809940E+00 -0.9665614E-02  0.1065197E+01
  0.1800347E+02 -0.7817083E-02  0.9443589E-01 -0.6464779E-02 -0.3495417E-01  0.1223986E-01  0.7154635E+00  0.1027798E-03 -0.1383878E-05  0.2810825E+00 -0.1057945E-01  0.1043508E+01
  0.1802083E+02 -0.7811444E-02  0.9446115E-01 -0.6470202E-02 -0.3497562E-01  0.1172194E-01  0.6936646E+00  0.1121669E-03 -0.2327470E-05  0.2811288E+00 -0.1214240E-01  0.1019687E+01
  0.1803819E+02 -0.7806865E-02  0.9448673E-01 -0.6475540E-02 -0.3499597E-01  0.1093012E-01  0.6745823E+00  0.6475661E-04 -0.3091966E-05  0.2811737E+00 -0.1428742E-01  0.9976686E+00
  0.1805556E+02 -0.7803842E-02  0.9451265E-01 -0.6480733E-02 -0.3501460E-01  0.1007436E-01  0.6675228E+00  0.3601521E-04 -0.3305350E-05  0.2815415E+00 -0.2146552E-01  0.9829194E+00
  0.1807292E+02 -0.7801565E-02  0.9453889E-01 -0.6485495E-02 -0.3503273E-01  0.9414467E-02  0.6855754E+00 -0.6905820E-04 -0.2750803E-05  0.2820971E+00 -0.2339097E-01  0.9988433E+00
  0.1809028E+02 -0.7797303E-02  0.9456535E-01 -0.6489856E-02 -0.3505330E-01  0.9335170E-02  0.7092712E+00 -0.1659868E-03 -0.3035760E-05  0.2823602E+00 -0.1385071E-01  0.1032172E+01
  0.1810764E+02 -0.7792064E-02  0.9459148E-01 -0.6494215E-02 -0.3507473E-01  0.1004471E-01  0.7202301E+00 -0.8808173E-04  0.1311035E-06  0.2821629E+00 -0.4611958E-02  0.1052968E+01
  0.1812500E+02 -0.7785782E-02  0.9461666E-01 -0.6498619E-02 -0.3509690E-01  0.1130449E-01  0.7156569E+00  0.5161421E-04  0.4877487E-05  0.2816391E+00 -0.2094579E-02  0.1051798E+01
