  0.5017361E+01 -0.6610491E+00  0.3065157E-02 -0.2271299E+00  0.2194520E+00 -0.2939876E-01 -0.6268663E-01  0.1718727E-03 -0.2210508E-04  0.2634086E-05  0.0000000E+00 -0.7575949E+00 -0.7500420E+00
  0.5034722E+01 -0.6612939E+00  0.2947800E-02 -0.2268809E+00  0.2183595E+00 -0.2939815E-01 -0.6264228E-01  0.1727733E-03  0.2432768E-04 -0.6955146E-05  0.0000000E+00 -0.7587178E+00 -0.7496530E+00
  0.5052083E+01 -0.6599919E+00  0.8548622E-03 -0.2267880E+00  0.2200769E+00 -0.2902813E-01 -0.6260545E-01  0.1739488E-03  0.3900733E-04 -0.3527759E-05  0.0000000E+00 -0.7572723E+00 -0.7492306E+00
  0.5069444E+01 -0.6575806E+00 -0.2103801E-02 -0.2267474E+00  0.2223571E+00 -0.2914529E-01 -0.6257893E-01  0.1758506E-03  0.3401016E-04  0.1500838E-04  0.0000000E+00 -0.7555741E+00 -0.7488575E+00
  0.5086806E+01 -0.6581746E+00 -0.4785499E-02 -0.2266613E+00  0.2292986E+00 -0.2932935E-01 -0.6255917E-01  0.1783578E-03  0.4216951E-04  0.2172743E-04  0.0000000E+00 -0.7519690E+00 -0.7485724E+00
  0.5104167E+01 -0.6608917E+00 -0.6501319E-02 -0.2265036E+00  0.2422796E+00 -0.2932533E-01 -0.6254176E-01  0.1811351E-03  0.5196626E-04  0.4762869E-05  0.0000000E+00 -0.7432463E+00 -0.7482718E+00
  0.5121528E+01 -0.6613920E+00 -0.6999683E-02 -0.2262678E+00  0.2516689E+00 -0.2998125E-01 -0.6252562E-01  0.1838275E-03  0.1104136E-04 -0.8451031E-05  0.0000000E+00 -0.7353110E+00 -0.7478714E+00
  0.5138889E+01 -0.6583443E+00 -0.6202642E-02 -0.2259625E+00  0.2487154E+00 -0.3136780E-01 -0.6251078E-01  0.1860071E-03 -0.4012523E-04 -0.1028103E-04  0.0000000E+00 -0.7355371E+00 -0.7473962E+00
  0.5156250E+01 -0.6548509E+00 -0.4055750E-02 -0.2256050E+00  0.2369405E+00 -0.3262698E-01 -0.6249578E-01  0.1872323E-03 -0.6436464E-04 -0.9071685E-06  0.0000000E+00 -0.7425719E+00 -0.7469383E+00
  0.5173611E+01 -0.6544944E+00 -0.8080903E-03 -0.2252072E+00  0.2251932E+00 -0.3266002E-01 -0.6247668E-01  0.1878434E-03 -0.6783244E-04  0.7835952E-05  0.0000000E+00 -0.7503254E+00 -0.7465632E+00
  0.5190972E+01 -0.6577123E+00  0.2731611E-02 -0.2248151E+00  0.2176386E+00 -0.3088113E-01 -0.6244906E-01  0.1885575E-03 -0.4808594E-04  0.5053013E-05  0.0000000E+00 -0.7553418E+00 -0.7462364E+00
  0.5208333E+01 -0.6634136E+00  0.5315459E-02 -0.2245201E+00  0.2154212E+00 -0.2745573E-01 -0.6241114E-01  0.1901558E-03 -0.1156693E-04  0.5244915E-05  0.0000000E+00 -0.7568801E+00 -0.7459035E+00
  0.5225694E+01 -0.6682226E+00  0.5822337E-02 -0.2243917E+00  0.2189203E+00 -0.2418675E-01 -0.6236630E-01  0.1927949E-03  0.2074441E-04  0.7061787E-05  0.0000000E+00 -0.7542042E+00 -0.7455303E+00
  0.5243056E+01 -0.6692905E+00  0.3839648E-02 -0.2243978E+00  0.2282590E+00 -0.2358620E-01 -0.6232071E-01  0.1958696E-03  0.6287114E-04  0.2304468E-05  0.0000000E+00 -0.7472355E+00 -0.7451071E+00
  0.5260417E+01 -0.6667271E+00 -0.1915095E-03 -0.2244174E+00  0.2437400E+00 -0.2613296E-01 -0.6228161E-01  0.1983172E-03  0.9984496E-04 -0.9064857E-05  0.0000000E+00 -0.7357215E+00 -0.7446522E+00
  0.5277778E+01 -0.6605673E+00 -0.4915498E-02 -0.2243139E+00  0.2548012E+00 -0.3032833E-01 -0.6225687E-01  0.1996498E-03  0.6392485E-04 -0.8711416E-05  0.0000000E+00 -0.7273258E+00 -0.7441829E+00
  0.5295139E+01 -0.6528985E+00 -0.8353878E-02 -0.2240425E+00  0.2522298E+00 -0.3351273E-01 -0.6225038E-01  0.2006408E-03  0.8181984E-05  0.6684586E-06  0.0000000E+00 -0.7286187E+00 -0.7437148E+00
  0.5312500E+01 -0.6489067E+00 -0.8595969E-02 -0.2236283E+00  0.2402827E+00 -0.3427149E-01 -0.6225755E-01  0.2017521E-03 -0.5186475E-04  0.1300813E-04  0.0000000E+00 -0.7372144E+00 -0.7432946E+00
  0.5329861E+01 -0.6516519E+00 -0.4820596E-02 -0.2230980E+00  0.2270696E+00 -0.3269808E-01 -0.6226427E-01  0.2032329E-03 -0.9750833E-04  0.2198115E-04  0.0000000E+00 -0.7473355E+00 -0.7429644E+00
  0.5347222E+01 -0.6595134E+00  0.1843624E-02 -0.2225461E+00  0.2195444E+00 -0.2977431E-01 -0.6225292E-01  0.2052090E-03 -0.9249660E-04  0.8779098E-05  0.0000000E+00 -0.7525772E+00 -0.7427019E+00
  0.5364583E+01 -0.6685498E+00  0.8526277E-02 -0.2221337E+00  0.2183856E+00 -0.2683099E-01 -0.6221360E-01  0.2074040E-03 -0.5753401E-04 -0.8951405E-05  0.0000000E+00 -0.7526752E+00 -0.7424087E+00
  0.5381944E+01 -0.6736744E+00  0.1202817E-01 -0.2219785E+00  0.2209989E+00 -0.2458785E-01 -0.6215134E-01  0.2095537E-03 -0.7820029E-05 -0.9700161E-05  0.0000000E+00 -0.7491729E+00 -0.7420101E+00
  0.5399306E+01 -0.6727441E+00  0.1058352E-01 -0.2220483E+00  0.2279910E+00 -0.2356632E-01 -0.6208397E-01  0.2115460E-03  0.5841415E-04 -0.7339456E-05  0.0000000E+00 -0.7416056E+00 -0.7414985E+00
  0.5416667E+01 -0.6669020E+00  0.4850661E-02 -0.2221713E+00  0.2371808E+00 -0.2480014E-01 -0.6203218E-01  0.2133169E-03  0.1009826E-03 -0.3992197E-05  0.0000000E+00 -0.7335639E+00 -0.7409412E+00
  0.5434028E+01 -0.6577834E+00 -0.2466173E-02 -0.2221543E+00  0.2407748E+00 -0.2829853E-01 -0.6200794E-01  0.2151165E-03  0.7894757E-04  0.1551236E-04  0.0000000E+00 -0.7316260E+00 -0.7404769E+00
  0.5451389E+01 -0.6516919E+00 -0.8047886E-02 -0.2219160E+00  0.2394792E+00 -0.3142110E-01 -0.6200974E-01  0.2169679E-03  0.4032214E-04  0.2720610E-04  0.0000000E+00 -0.7353230E+00 -0.7401768E+00
  0.5468750E+01 -0.6529036E+00 -0.9406571E-02 -0.2214944E+00  0.2402223E+00 -0.3226599E-01 -0.6202543E-01  0.2184921E-03  0.5960076E-05  0.6349581E-05  0.0000000E+00 -0.7376429E+00 -0.7399636E+00
  0.5486111E+01 -0.6584849E+00 -0.5858776E-02 -0.2209691E+00  0.2402926E+00 -0.3099293E-01 -0.6203757E-01  0.2198146E-03 -0.5996267E-04 -0.1205689E-04  0.0000000E+00 -0.7379029E+00 -0.7396957E+00
  0.5503472E+01 -0.6644815E+00  0.1123394E-02 -0.2204556E+00  0.2334323E+00 -0.2831874E-01 -0.6203077E-01  0.2214761E-03 -0.1258691E-03 -0.8548496E-05  0.0000000E+00 -0.7406438E+00 -0.7393157E+00
  0.5520833E+01 -0.6692991E+00  0.8655082E-02 -0.2200711E+00  0.2223750E+00 -0.2565577E-01 -0.6199831E-01  0.2234243E-03 -0.1132674E-03 -0.4698076E-05  0.0000000E+00 -0.7458887E+00 -0.7388653E+00
  0.5538194E+01 -0.6712275E+00  0.1377070E-01 -0.2198588E+00  0.2144315E+00 -0.2489242E-01 -0.6194346E-01  0.2253740E-03 -0.5013118E-04 -0.1630487E-06  0.0000000E+00 -0.7495449E+00 -0.7384120E+00
  0.5555556E+01 -0.6694553E+00  0.1445652E-01 -0.2197919E+00  0.2107446E+00 -0.2624111E-01 -0.6187712E-01  0.2272543E-03  0.1258576E-04  0.1277177E-04  0.0000000E+00 -0.7519117E+00 -0.7380142E+00
  0.5572917E+01 -0.6663256E+00  0.1030934E-01 -0.2198151E+00  0.2146507E+00 -0.2751037E-01 -0.6181578E-01  0.2291666E-03  0.8862845E-04  0.1864985E-04  0.0000000E+00 -0.7501703E+00 -0.7376720E+00
  0.5590278E+01 -0.6640916E+00  0.2989422E-02 -0.2198300E+00  0.2300611E+00 -0.2768906E-01 -0.6177647E-01  0.2309487E-03  0.1396317E-03  0.6912287E-05  0.0000000E+00 -0.7399591E+00 -0.7373382E+00
  0.5607639E+01 -0.6616417E+00 -0.4260070E-02 -0.2197207E+00  0.2485043E+00 -0.2793661E-01 -0.6176680E-01  0.2325622E-03  0.1190992E-03 -0.8637441E-05  0.0000000E+00 -0.7264786E+00 -0.7369980E+00
  0.5625000E+01 -0.6598310E+00 -0.8156389E-02 -0.2194338E+00  0.2574118E+00 -0.2844637E-01 -0.6178068E-01  0.2339626E-03  0.3777421E-04 -0.8718991E-05  0.0000000E+00 -0.7199734E+00 -0.7366614E+00
