  0.2251736E+02 -0.6826222E-02  0.1005895E+00 -0.7643795E-02 -0.3976184E-01  0.1254060E-01  0.7951822E+00 -0.2029943E-04 -0.5386744E-05  0.2925909E+00 -0.1182649E-01  0.1134819E+01
  0.2253472E+02 -0.6825348E-02  0.1006122E+00 -0.7648927E-02 -0.3977688E-01  0.1323336E-01  0.7984689E+00  0.4911006E-04 -0.6274982E-06  0.2930544E+00 -0.2229688E-01  0.1128869E+01
  0.2255208E+02 -0.6824987E-02  0.1006354E+00 -0.7654224E-02 -0.3979219E-01  0.1360988E-01  0.7517282E+00  0.1187015E-03  0.3786286E-05  0.2938147E+00 -0.2454396E-01  0.1081095E+01
  0.2256944E+02 -0.6822719E-02  0.1006591E+00 -0.7659107E-02 -0.3980950E-01  0.1370846E-01  0.6657989E+00  0.9778524E-04  0.5039904E-05  0.2942691E+00 -0.1383503E-01  0.1006412E+01
  0.2258681E+02 -0.6816917E-02  0.1006827E+00 -0.7663187E-02 -0.3983036E-01  0.1354622E-01  0.5990429E+00  0.9362737E-04  0.4192228E-05  0.2941901E+00  0.2895751E-02  0.9561450E+00
  0.2260417E+02 -0.6809446E-02  0.1007061E+00 -0.7666562E-02 -0.3985271E-01  0.1297296E-01  0.5736576E+00  0.4695821E-04  0.2047596E-06  0.2940129E+00  0.1112416E-01  0.9381921E+00
  0.2262153E+02 -0.6803174E-02  0.1007292E+00 -0.7669701E-02 -0.3987373E-01  0.1205509E-01  0.6061542E+00 -0.1441464E-04 -0.3408373E-05  0.2942095E+00  0.4104446E-02  0.9628880E+00
  0.2263889E+02 -0.6798883E-02  0.1007524E+00 -0.7672998E-02 -0.3989294E-01  0.1127598E-01  0.6634662E+00 -0.1097938E-03 -0.1533562E-05  0.2944424E+00 -0.6181895E-02  0.1009279E+01
  0.2265625E+02 -0.6796428E-02  0.1007758E+00 -0.7676624E-02 -0.3991023E-01  0.1106014E-01  0.7234514E+00 -0.1769734E-03  0.4211927E-06  0.2942546E+00 -0.7857409E-02  0.1067125E+01
  0.2267361E+02 -0.6793970E-02  0.1007989E+00 -0.7680602E-02 -0.3992743E-01  0.1146255E-01  0.7722290E+00 -0.1271744E-03  0.1586736E-06  0.2937869E+00 -0.7703934E-02  0.1116044E+01
  0.2269097E+02 -0.6791492E-02  0.1008216E+00 -0.7685049E-02 -0.3994439E-01  0.1223560E-01  0.7969484E+00 -0.1394141E-04  0.9699585E-06  0.2934535E+00 -0.1265944E-01  0.1136366E+01
  0.2270833E+02 -0.6788847E-02  0.1008438E+00 -0.7689939E-02 -0.3996141E-01  0.1310622E-01  0.7839854E+00  0.9370371E-04  0.3053745E-05  0.2933501E+00 -0.1712976E-01  0.1119812E+01
  0.2272569E+02 -0.6785466E-02  0.1008656E+00 -0.7695030E-02 -0.3997897E-01  0.1380066E-01  0.7295891E+00  0.1246719E-03  0.4367064E-05  0.2934689E+00 -0.1382686E-01  0.1069567E+01
  0.2274306E+02 -0.6780104E-02  0.1008871E+00 -0.7699995E-02 -0.3999843E-01  0.1408278E-01  0.6561063E+00  0.1765991E-03  0.2251486E-05  0.2937252E+00 -0.5667937E-02  0.1004834E+01
  0.2276042E+02 -0.6774224E-02  0.1009081E+00 -0.7704493E-02 -0.4001797E-01  0.1380805E-01  0.6046910E+00  0.8483811E-04 -0.1266254E-05  0.2940541E+00 -0.1572972E-02  0.9574751E+00
  0.2277778E+02 -0.6769128E-02  0.1009291E+00 -0.7708303E-02 -0.4003643E-01  0.1295724E-01  0.6012290E+00 -0.6115325E-05 -0.2744427E-05  0.2944858E+00 -0.3896655E-02  0.9511817E+00
  0.2279514E+02 -0.6765643E-02  0.1009500E+00 -0.7711559E-02 -0.4005302E-01  0.1191982E-01  0.6393485E+00 -0.8124390E-04 -0.2079987E-05  0.2947821E+00 -0.8400248E-02  0.9839867E+00
  0.2281250E+02 -0.6763823E-02  0.1009707E+00 -0.7714576E-02 -0.4006776E-01  0.1128242E-01  0.6980094E+00 -0.1544641E-03 -0.1903830E-05  0.2946382E+00 -0.1090836E-01  0.1039290E+01
  0.2282986E+02 -0.6762606E-02  0.1009907E+00 -0.7717717E-02 -0.4008169E-01  0.1125778E-01  0.7452891E+00 -0.1015672E-03 -0.2990284E-05  0.2943714E+00 -0.1398471E-01  0.1083258E+01
  0.2284722E+02 -0.6760439E-02  0.1010104E+00 -0.7721143E-02 -0.4009645E-01  0.1169393E-01  0.7713728E+00 -0.4450104E-04 -0.1857544E-06  0.2943018E+00 -0.1750043E-01  0.1106256E+01
  0.2286458E+02 -0.6755957E-02  0.1010301E+00 -0.7724885E-02 -0.4011377E-01  0.1246721E-01  0.7679490E+00  0.2993578E-04  0.5846479E-05  0.2942336E+00 -0.1546721E-01  0.1105654E+01
  0.2288194E+02 -0.6749470E-02  0.1010497E+00 -0.7729070E-02 -0.4013321E-01  0.1331522E-01  0.7351974E+00  0.9884277E-04  0.8154612E-05  0.2939778E+00 -0.7564079E-02  0.1081471E+01
  0.2289931E+02 -0.6742769E-02  0.1010689E+00 -0.7733773E-02 -0.4015255E-01  0.1387345E-01  0.6795956E+00  0.1641381E-03  0.5019522E-05  0.2936892E+00 -0.2229229E-02  0.1031538E+01
  0.2291667E+02 -0.6738372E-02  0.1010875E+00 -0.7738752E-02 -0.4016897E-01  0.1385593E-01  0.6364375E+00  0.1068226E-03  0.7337819E-06  0.2935822E+00 -0.3507172E-02  0.9869174E+00
  0.2293403E+02 -0.6736008E-02  0.1011061E+00 -0.7743739E-02 -0.4018309E-01  0.1325360E-01  0.6276698E+00 -0.9831995E-05 -0.4741609E-05  0.2937713E+00 -0.9632331E-02  0.9714910E+00
  0.2295139E+02 -0.6734617E-02  0.1011252E+00 -0.7748456E-02 -0.4019637E-01  0.1240189E-01  0.6549182E+00 -0.9895500E-04 -0.1033440E-04  0.2942393E+00 -0.1844443E-01  0.9894514E+00
  0.2296875E+02 -0.6733402E-02  0.1011447E+00 -0.7752554E-02 -0.4020951E-01  0.1185127E-01  0.6862356E+00 -0.7400809E-04 -0.9438320E-05  0.2948441E+00 -0.2289488E-01  0.1016402E+01
  0.2298611E+02 -0.6730530E-02  0.1011638E+00 -0.7755858E-02 -0.4022426E-01  0.1185538E-01  0.7083754E+00 -0.8877847E-04 -0.2177770E-05  0.2953566E+00 -0.1747041E-01  0.1044479E+01
  0.2300347E+02 -0.6724802E-02  0.1011821E+00 -0.7758595E-02 -0.4024152E-01  0.1222866E-01  0.7204718E+00 -0.3443130E-04  0.7578944E-05  0.2954403E+00 -0.7297206E-02  0.1067274E+01
  0.2302083E+02 -0.6717806E-02  0.1011995E+00 -0.7761305E-02 -0.4025979E-01  0.1269105E-01  0.7194944E+00  0.7410561E-04  0.1285226E-04  0.2950150E+00 -0.1310100E-02  0.1072438E+01
  0.2303819E+02 -0.6712551E-02  0.1012168E+00 -0.7764468E-02 -0.4027623E-01  0.1300996E-01  0.7006121E+00  0.6701127E-04  0.9527721E-05  0.2943136E+00 -0.9976362E-03  0.1053478E+01
  0.2305556E+02 -0.6709493E-02  0.1012346E+00 -0.7768245E-02 -0.4029072E-01  0.1292846E-01  0.6891297E+00  0.4902071E-04  0.1014352E-05  0.2938311E+00 -0.7233484E-02  0.1035172E+01
  0.2307292E+02 -0.6708274E-02  0.1012528E+00 -0.7772702E-02 -0.4030343E-01  0.1245281E-01  0.6835935E+00  0.6248492E-04 -0.5807547E-05  0.2939028E+00 -0.1774238E-01  0.1018732E+01
  0.2309028E+02 -0.6707976E-02  0.1012709E+00 -0.7777642E-02 -0.4031499E-01  0.1201044E-01  0.6811570E+00 -0.6660931E-04 -0.6263492E-05  0.2943371E+00 -0.2111281E-01  0.1012789E+01
  0.2310764E+02 -0.6706216E-02  0.1012886E+00 -0.7782780E-02 -0.4032775E-01  0.1206895E-01  0.6914974E+00 -0.1467739E-03 -0.2470607E-05  0.2947313E+00 -0.1314239E-01  0.1031478E+01
  0.2312500E+02 -0.6701162E-02  0.1013057E+00 -0.7787838E-02 -0.4034374E-01  0.1269403E-01  0.7077972E+00 -0.2105496E-04  0.3193297E-05  0.2949490E+00 -0.5041117E-02  0.1056854E+01
