  0.1251736E+02 -0.8892120E-02  0.8380941E-01 -0.4753526E-02 -0.2750334E-01  0.8738877E-02  0.6993675E+00  0.1466629E-05  0.8126267E-06  0.2568082E+00 -0.2724551E-01  0.9803318E+00
  0.1253472E+02 -0.8890536E-02  0.8385323E-01 -0.4759128E-02 -0.2753103E-01  0.7842804E-02  0.6969171E+00 -0.8891223E-04 -0.1172104E-05  0.2566213E+00 -0.1579135E-01  0.9881723E+00
  0.1255208E+02 -0.8884975E-02  0.8389605E-01 -0.4765041E-02 -0.2756265E-01  0.7216237E-02  0.7160300E+00 -0.9967796E-04 -0.3458775E-05  0.2564548E+00 -0.9078056E-02  0.1013203E+01
  0.1256944E+02 -0.8877601E-02  0.8393782E-01 -0.4771184E-02 -0.2759585E-01  0.7323005E-02  0.7399474E+00 -0.2067334E-04 -0.2681231E-05  0.2564079E+00 -0.1079538E-01  0.1035553E+01
  0.1258681E+02 -0.8871926E-02  0.8397923E-01 -0.4777304E-02 -0.2762728E-01  0.7977952E-02  0.7612798E+00  0.7702366E-05  0.1740463E-05  0.2565182E+00 -0.1963243E-01  0.1048856E+01
  0.1260417E+02 -0.8869878E-02  0.8402106E-01 -0.4783375E-02 -0.2765488E-01  0.8518020E-02  0.7749973E+00  0.3396307E-04  0.5961040E-05  0.2569306E+00 -0.3218096E-01  0.1051018E+01
  0.1262153E+02 -0.8870529E-02  0.8406332E-01 -0.4789458E-02 -0.2767965E-01  0.8558381E-02  0.7662397E+00  0.5105257E-04  0.4459269E-05  0.2575209E+00 -0.3780597E-01  0.1037292E+01
  0.1263889E+02 -0.8869827E-02  0.8410520E-01 -0.4795339E-02 -0.2770523E-01  0.8278650E-02  0.7319127E+00  0.2850755E-04  0.1607914E-05  0.2578420E+00 -0.3059491E-01  0.1010203E+01
  0.1265625E+02 -0.8865377E-02  0.8414605E-01 -0.4800759E-02 -0.2773425E-01  0.8015152E-02  0.7023838E+00  0.2048683E-04 -0.2889477E-05  0.2576530E+00 -0.1970392E-01  0.9911112E+00
  0.1267361E+02 -0.8859670E-02  0.8418589E-01 -0.4805807E-02 -0.2776416E-01  0.7950426E-02  0.6925850E+00  0.2513429E-04 -0.6245154E-05  0.2571887E+00 -0.1452560E-01  0.9859736E+00
  0.1269097E+02 -0.8854609E-02  0.8422535E-01 -0.4810796E-02 -0.2779358E-01  0.7989781E-02  0.7116191E+00 -0.1483479E-04 -0.4740075E-05  0.2567407E+00 -0.1525496E-01  0.1003841E+01
  0.1270833E+02 -0.8850455E-02  0.8426496E-01 -0.4816094E-02 -0.2782205E-01  0.8021607E-02  0.7399853E+00 -0.4300182E-04 -0.1757259E-05  0.2565792E+00 -0.1920094E-01  0.1028117E+01
  0.1272569E+02 -0.8849031E-02  0.8430465E-01 -0.4821887E-02 -0.2784768E-01  0.7997395E-02  0.7597812E+00 -0.5897869E-04  0.2006584E-05  0.2568190E+00 -0.2284760E-01  0.1044479E+01
  0.1274306E+02 -0.8848183E-02  0.8434413E-01 -0.4828140E-02 -0.2787235E-01  0.8014591E-02  0.7688024E+00 -0.5535899E-04  0.4494472E-05  0.2573175E+00 -0.2371751E-01  0.1053162E+01
  0.1276042E+02 -0.8844718E-02  0.8438349E-01 -0.4834629E-02 -0.2789969E-01  0.8190270E-02  0.7777662E+00 -0.4349169E-04  0.4990673E-05  0.2577313E+00 -0.2437188E-01  0.1062082E+01
  0.1277778E+02 -0.8839901E-02  0.8442249E-01 -0.4841147E-02 -0.2792810E-01  0.8486716E-02  0.7754562E+00  0.1812997E-04  0.3032234E-05  0.2581093E+00 -0.2501705E-01  0.1059870E+01
  0.1279514E+02 -0.8834018E-02  0.8446103E-01 -0.4847392E-02 -0.2795736E-01  0.8648535E-02  0.7483244E+00  0.1569919E-03 -0.1980055E-05  0.2584597E+00 -0.2416902E-01  0.1034241E+01
  0.1281250E+02 -0.8828863E-02  0.8449940E-01 -0.4853082E-02 -0.2798588E-01  0.8473463E-02  0.7071098E+00  0.1714723E-03 -0.3703929E-05  0.2583640E+00 -0.2118257E-01  0.9957641E+00
  0.1282986E+02 -0.8826659E-02  0.8453812E-01 -0.4858222E-02 -0.2801157E-01  0.8026420E-02  0.6874821E+00 -0.1838440E-04 -0.7658075E-06  0.2578337E+00 -0.1807896E-01  0.9780858E+00
  0.1284722E+02 -0.8825770E-02  0.8457760E-01 -0.4863204E-02 -0.2803631E-01  0.7637524E-02  0.7127087E+00 -0.1813047E-03  0.3763955E-06  0.2573365E+00 -0.1736810E-01  0.1002986E+01
  0.1286458E+02 -0.8822780E-02  0.8461746E-01 -0.4868426E-02 -0.2806348E-01  0.7694374E-02  0.7546137E+00 -0.1362751E-03  0.4350467E-06  0.2571617E+00 -0.1825293E-01  0.1043944E+01
  0.1288194E+02 -0.8817155E-02  0.8465704E-01 -0.4873914E-02 -0.2809306E-01  0.8216174E-02  0.7676713E+00  0.7924517E-05  0.4032194E-05  0.2573047E+00 -0.2089457E-01  0.1055182E+01
  0.1289931E+02 -0.8810603E-02  0.8469638E-01 -0.4879609E-02 -0.2812332E-01  0.8765048E-02  0.7537754E+00  0.1100423E-03  0.6708472E-05  0.2578153E+00 -0.2505983E-01  0.1038296E+01
  0.1291667E+02 -0.8805328E-02  0.8473586E-01 -0.4885550E-02 -0.2815235E-01  0.8948199E-02  0.7392643E+00  0.8495577E-04  0.4593882E-05  0.2584992E+00 -0.2740576E-01  0.1022288E+01
  0.1293403E+02 -0.8802992E-02  0.8477586E-01 -0.4891839E-02 -0.2817881E-01  0.8782965E-02  0.7323370E+00 -0.2223604E-04  0.3090606E-05  0.2590301E+00 -0.2629256E-01  0.1016741E+01
  0.1295139E+02 -0.8801587E-02  0.8481656E-01 -0.4898281E-02 -0.2820483E-01  0.8533857E-02  0.7263125E+00 -0.2458623E-04  0.1614724E-05  0.2592411E+00 -0.2209275E-01  0.1014884E+01
  0.1296875E+02 -0.8798034E-02  0.8485752E-01 -0.4904447E-02 -0.2823322E-01  0.8371178E-02  0.7132387E+00 -0.1655689E-04  0.9447373E-06  0.2589754E+00 -0.1564637E-01  0.1007845E+01
  0.1298611E+02 -0.8792072E-02  0.8489832E-01 -0.4910202E-02 -0.2826389E-01  0.8288789E-02  0.7100381E+00 -0.4057098E-05  0.2671419E-05  0.2583137E+00 -0.1115845E-01  0.1008413E+01
  0.1300347E+02 -0.8785880E-02  0.8493915E-01 -0.4915601E-02 -0.2829476E-01  0.8207803E-02  0.7269659E+00 -0.1851795E-04  0.4667808E-05  0.2577465E+00 -0.1451372E-01  0.1021336E+01
  0.1302083E+02 -0.8782172E-02  0.8498046E-01 -0.4920960E-02 -0.2832319E-01  0.8102864E-02  0.7562468E+00 -0.2795011E-04  0.3540142E-05  0.2578420E+00 -0.2588984E-01  0.1039232E+01
  0.1303819E+02 -0.8780340E-02  0.8502276E-01 -0.4926463E-02 -0.2835023E-01  0.8193067E-02  0.7626067E+00  0.6768262E-05 -0.2034437E-06  0.2585916E+00 -0.3399889E-01  0.1038365E+01
  0.1305556E+02 -0.8778048E-02  0.8506589E-01 -0.4931969E-02 -0.2837831E-01  0.8658662E-02  0.7433873E+00  0.9136924E-06  0.2047393E-05  0.2594034E+00 -0.3171472E-01  0.1022715E+01
  0.1307292E+02 -0.8773803E-02  0.8510891E-01 -0.4937526E-02 -0.2840839E-01  0.9290880E-02  0.7205080E+00  0.2034419E-04  0.3962575E-05  0.2598226E+00 -0.2372732E-01  0.1008908E+01
  0.1309028E+02 -0.8768042E-02  0.8515165E-01 -0.4943386E-02 -0.2843997E-01  0.9583456E-02  0.7094831E+00  0.4754270E-04  0.1835418E-05  0.2597970E+00 -0.1446163E-01  0.1007452E+01
  0.1310764E+02 -0.8762199E-02  0.8519468E-01 -0.4949607E-02 -0.2847183E-01  0.9275357E-02  0.7094437E+00  0.1874562E-04  0.5769175E-06  0.2595318E+00 -0.9381515E-02  0.1011900E+01
  0.1312500E+02 -0.8758628E-02  0.8523846E-01 -0.4956084E-02 -0.2850163E-01  0.8593370E-02  0.7273180E+00 -0.6248010E-04  0.2219964E-05  0.2593124E+00 -0.1376926E-01  0.1024416E+01
