  0.1751736E+02 -0.6493307E+00  0.3912500E-01 -0.1319728E+00  0.1958100E+00  0.3103357E-02 -0.5347012E-01  0.8914037E-03  0.7676805E-04 -0.1888487E-04  0.0000000E+00 -0.5957860E+00 -0.5961886E+00
  0.1753472E+02 -0.6475747E+00  0.3539149E-01 -0.1320845E+00  0.2165925E+00 -0.4533937E-03 -0.5345877E-01  0.8921048E-03  0.8399005E-04 -0.4553989E-04  0.0000000E+00 -0.5806568E+00 -0.5961025E+00
  0.1755208E+02 -0.6427403E+00  0.3176530E-01 -0.1320495E+00  0.2214814E+00 -0.5384666E-02 -0.5345643E-01  0.8915394E-03  0.3740637E-04  0.8437811E-06  0.0000000E+00 -0.5794544E+00 -0.5961568E+00
  0.1756944E+02 -0.6423183E+00  0.2917632E-01 -0.1319181E+00  0.2246656E+00 -0.6442329E-02 -0.5346211E-01  0.8907054E-03  0.3278314E-04  0.4027533E-04  0.0000000E+00 -0.5793352E+00 -0.5962209E+00
  0.1758681E+02 -0.6448659E+00  0.2834740E-01 -0.1317633E+00  0.2299828E+00 -0.4532596E-02 -0.5347452E-01  0.8902285E-03  0.1292464E-04  0.1952193E-04  0.0000000E+00 -0.5753834E+00 -0.5961608E+00
  0.1760417E+02 -0.6439464E+00  0.2981374E-01 -0.1315950E+00  0.2224478E+00 -0.3218358E-02 -0.5348832E-01  0.8901519E-03 -0.3651440E-04 -0.4894271E-05  0.0000000E+00 -0.5791378E+00 -0.5959962E+00
  0.1762153E+02 -0.6413127E+00  0.3323200E-01 -0.1313977E+00  0.1974694E+00 -0.3382427E-02 -0.5349488E-01  0.8914361E-03 -0.8337913E-04 -0.8856036E-05  0.0000000E+00 -0.5980871E+00 -0.5958116E+00
  0.1763889E+02 -0.6401989E+00  0.3721216E-01 -0.1312237E+00  0.1669083E+00 -0.3776166E-02 -0.5348742E-01  0.8938835E-03 -0.9101972E-04  0.3452572E-05  0.0000000E+00 -0.6237594E+00 -0.5956900E+00
  0.1765625E+02 -0.6431388E+00  0.3999195E-01 -0.1311568E+00  0.1520035E+00 -0.2294262E-02 -0.5346667E-01  0.8959455E-03 -0.2581267E-04  0.1792020E-04  0.0000000E+00 -0.6371730E+00 -0.5956616E+00
  0.1767361E+02 -0.6483414E+00  0.4048639E-01 -0.1312053E+00  0.1641301E+00 -0.2585200E-03 -0.5344083E-01  0.8967163E-03  0.4841018E-04  0.1350660E-04  0.0000000E+00 -0.6276710E+00 -0.5956377E+00
  0.1769097E+02 -0.6488967E+00  0.3865842E-01 -0.1312856E+00  0.1869055E+00 -0.7413332E-03 -0.5341746E-01  0.8969363E-03  0.3880011E-04  0.8362891E-05  0.0000000E+00 -0.6078331E+00 -0.5955786E+00
  0.1770833E+02 -0.6460067E+00  0.3500792E-01 -0.1313590E+00  0.2051528E+00 -0.2084571E-02 -0.5340170E-01  0.8969509E-03  0.3754371E-04  0.1124885E-04  0.0000000E+00 -0.5917455E+00 -0.5955150E+00
  0.1772569E+02 -0.6444389E+00  0.3067456E-01 -0.1314058E+00  0.2235380E+00 -0.2315723E-02 -0.5339895E-01  0.8959198E-03  0.8775100E-04 -0.1229445E-04  0.0000000E+00 -0.5763755E+00 -0.5954307E+00
  0.1774306E+02 -0.6424310E+00  0.2761152E-01 -0.1313225E+00  0.2341877E+00 -0.2706030E-02 -0.5341112E-01  0.8946191E-03  0.5292409E-04 -0.2783300E-04  0.0000000E+00 -0.5671517E+00 -0.5953027E+00
  0.1776042E+02 -0.6393244E+00  0.2734321E-01 -0.1310953E+00  0.2236912E+00 -0.4130532E-02 -0.5343062E-01  0.8952944E-03 -0.4478261E-04 -0.8580652E-05  0.0000000E+00 -0.5761045E+00 -0.5952079E+00
  0.1777778E+02 -0.6397242E+00  0.2991606E-01 -0.1308557E+00  0.2012792E+00 -0.4619129E-02 -0.5344492E-01  0.8977201E-03 -0.7430337E-04  0.1637598E-04  0.0000000E+00 -0.5966089E+00 -0.5951921E+00
  0.1779514E+02 -0.6435659E+00  0.3413564E-01 -0.1307044E+00  0.1845366E+00 -0.3207520E-02 -0.5344608E-01  0.8995192E-03 -0.5017117E-04  0.1051068E-04  0.0000000E+00 -0.6113918E+00 -0.5951662E+00
  0.1781250E+02 -0.6453127E+00  0.3837198E-01 -0.1306217E+00  0.1735013E+00 -0.2768205E-02 -0.5343299E-01  0.9001243E-03 -0.5133182E-04  0.1064329E-05  0.0000000E+00 -0.6194124E+00 -0.5950419E+00
  0.1782986E+02 -0.6451257E+00  0.4089868E-01 -0.1306026E+00  0.1671517E+00 -0.2861680E-02 -0.5340853E-01  0.9008153E-03 -0.5297000E-04  0.2879506E-04  0.0000000E+00 -0.6230715E+00 -0.5948726E+00
  0.1784722E+02 -0.6451882E+00  0.4051200E-01 -0.1306929E+00  0.1765217E+00 -0.2034879E-02 -0.5338066E-01  0.9015414E-03  0.1927331E-04  0.2663225E-04  0.0000000E+00 -0.6133156E+00 -0.5947437E+00
  0.1786458E+02 -0.6456661E+00  0.3742948E-01 -0.1308177E+00  0.2000491E+00 -0.1538312E-02 -0.5335882E-01  0.9012447E-03  0.9251701E-04 -0.1168491E-04  0.0000000E+00 -0.5929203E+00 -0.5946877E+00
  0.1788194E+02 -0.6447598E+00  0.3307770E-01 -0.1308320E+00  0.2179034E+00 -0.1933418E-02 -0.5335026E-01  0.9004220E-03  0.7621619E-04 -0.2990757E-04  0.0000000E+00 -0.5789476E+00 -0.5946730E+00
  0.1789931E+02 -0.6419986E+00  0.2924663E-01 -0.1307050E+00  0.2196004E+00 -0.2699925E-02 -0.5335547E-01  0.9004260E-03  0.4113544E-04 -0.1861119E-04  0.0000000E+00 -0.5789890E+00 -0.5946234E+00
  0.1791667E+02 -0.6405065E+00  0.2738122E-01 -0.1305301E+00  0.2161266E+00 -0.2934232E-02 -0.5337033E-01  0.9011250E-03  0.5174104E-05  0.7909205E-05  0.0000000E+00 -0.5829191E+00 -0.5945069E+00
  0.1793403E+02 -0.6417998E+00  0.2822358E-01 -0.1304095E+00  0.2123985E+00 -0.2414440E-02 -0.5338766E-01  0.9022144E-03 -0.4597265E-04  0.1864968E-04  0.0000000E+00 -0.5865143E+00 -0.5943624E+00
  0.1795139E+02 -0.6428837E+00  0.3160439E-01 -0.1303458E+00  0.2037422E+00 -0.2385582E-02 -0.5339790E-01  0.9035636E-03 -0.5597984E-04 -0.2612834E-06  0.0000000E+00 -0.5928191E+00 -0.5942265E+00
  0.1796875E+02 -0.6417138E+00  0.3619982E-01 -0.1302671E+00  0.1896926E+00 -0.4313085E-02 -0.5339298E-01  0.9046988E-03 -0.6766507E-04 -0.3343312E-05  0.0000000E+00 -0.6029608E+00 -0.5941076E+00
  0.1798611E+02 -0.6415839E+00  0.3980952E-01 -0.1301801E+00  0.1788540E+00 -0.5521766E-02 -0.5337168E-01  0.9053869E-03 -0.5511207E-04  0.2579756E-04  0.0000000E+00 -0.6111178E+00 -0.5940712E+00
  0.1800347E+02 -0.6451424E+00  0.4077092E-01 -0.1301358E+00  0.1815701E+00 -0.3534482E-02 -0.5334306E-01  0.9051156E-03  0.1867455E-04  0.2437316E-04  0.0000000E+00 -0.6088665E+00 -0.5940807E+00
  0.1802083E+02 -0.6478554E+00  0.3901449E-01 -0.1301008E+00  0.1945209E+00 -0.1041475E-02 -0.5331933E-01  0.9040009E-03  0.7158963E-04 -0.9863966E-05  0.0000000E+00 -0.5978159E+00 -0.5940242E+00
  0.1803819E+02 -0.6455645E+00  0.3557538E-01 -0.1300535E+00  0.2057261E+00 -0.8567569E-03 -0.5330703E-01  0.9034761E-03  0.4123397E-04 -0.1171419E-04  0.0000000E+00 -0.5875473E+00 -0.5939065E+00
  0.1805556E+02 -0.6434593E+00  0.3176427E-01 -0.1300659E+00  0.2134448E+00 -0.9100949E-03 -0.5330662E-01  0.9043341E-03  0.3406520E-04  0.8994895E-05  0.0000000E+00 -0.5815854E+00 -0.5937651E+00
  0.1807292E+02 -0.6419568E+00  0.2897073E-01 -0.1301487E+00  0.2155667E+00 -0.3948449E-03 -0.5331673E-01  0.9059413E-03  0.1414867E-04  0.1712436E-05  0.0000000E+00 -0.5803578E+00 -0.5935827E+00
  0.1809028E+02 -0.6380221E+00  0.2845278E-01 -0.1301775E+00  0.2048550E+00 -0.1872192E-02 -0.5333216E-01  0.9073412E-03 -0.3702690E-04 -0.7724084E-05  0.0000000E+00 -0.5892336E+00 -0.5934258E+00
  0.1810764E+02 -0.6378311E+00  0.3053743E-01 -0.1300462E+00  0.1944057E+00 -0.4480727E-02 -0.5334333E-01  0.9079300E-03 -0.2415905E-04  0.7622218E-06  0.0000000E+00 -0.5998737E+00 -0.5934180E+00
  0.1812500E+02 -0.6415856E+00  0.3429460E-01 -0.1298076E+00  0.1940569E+00 -0.6229345E-02 -0.5334217E-01  0.9078210E-03 -0.8899671E-05  0.3065823E-05  0.0000000E+00 -0.6017112E+00 -0.5935001E+00
