  0.2001736E+02 -0.6398753E+00  0.3971239E-01 -0.1236198E+00  0.1813604E+00  0.6140981E-03 -0.5279069E-01  0.9508145E-03  0.9602295E-06  0.2134318E-05  0.0000000E+00 -0.5936449E+00 -0.5862430E+00
  0.2003472E+02 -0.6369788E+00  0.3673977E-01 -0.1236083E+00  0.1786797E+00  0.6865763E-03 -0.5278145E-01  0.9503647E-03  0.5122283E-04 -0.4924886E-07  0.0000000E+00 -0.5962609E+00 -0.5862034E+00
  0.2005208E+02 -0.6373030E+00  0.3384968E-01 -0.1234709E+00  0.1870259E+00 -0.7185443E-03 -0.5278200E-01  0.9513034E-03  0.8593412E-04  0.6855994E-05  0.0000000E+00 -0.5923547E+00 -0.5862533E+00
  0.2006944E+02 -0.6408981E+00  0.3218026E-01 -0.1232715E+00  0.1991710E+00 -0.2244381E-02 -0.5279008E-01  0.9524543E-03  0.5585310E-04  0.1649139E-04  0.0000000E+00 -0.5868281E+00 -0.5863575E+00
  0.2008681E+02 -0.6443113E+00  0.3235030E-01 -0.1230436E+00  0.2079891E+00 -0.2872288E-02 -0.5280044E-01  0.9527021E-03  0.1451848E-04  0.1808396E-04  0.0000000E+00 -0.5817030E+00 -0.5864249E+00
  0.2010417E+02 -0.6467376E+00  0.3410990E-01 -0.1228755E+00  0.2161106E+00 -0.1891486E-02 -0.5280771E-01  0.9526574E-03 -0.2017522E-04  0.7939792E-05  0.0000000E+00 -0.5731514E+00 -0.5863512E+00
  0.2012153E+02 -0.6472757E+00  0.3665589E-01 -0.1228447E+00  0.2134189E+00  0.1181319E-03 -0.5280961E-01  0.9527843E-03 -0.8623696E-04 -0.6744985E-05  0.0000000E+00 -0.5718773E+00 -0.5861253E+00
  0.2013889E+02 -0.6434420E+00  0.3920021E-01 -0.1229445E+00  0.1931734E+00  0.1643226E-02 -0.5280556E-01  0.9534079E-03 -0.1056765E-03 -0.9534924E-05  0.0000000E+00 -0.5843370E+00 -0.5858594E+00
  0.2015625E+02 -0.6383855E+00  0.4112350E-01 -0.1230868E+00  0.1696591E+00  0.1685454E-02 -0.5279558E-01  0.9544495E-03 -0.5404626E-04 -0.4842963E-05  0.0000000E+00 -0.6009043E+00 -0.5857083E+00
  0.2017361E+02 -0.6363194E+00  0.4189772E-01 -0.1231377E+00  0.1528465E+00 -0.7043910E-04 -0.5277875E-01  0.9552834E-03 -0.2817517E-05  0.9267611E-06  0.0000000E+00 -0.6166087E+00 -0.5857837E+00
  0.2019097E+02 -0.6369018E+00  0.4100352E-01 -0.1230255E+00  0.1525915E+00 -0.2863354E-02 -0.5275676E-01  0.9555817E-03  0.6974851E-04  0.8970576E-05  0.0000000E+00 -0.6209181E+00 -0.5860202E+00
  0.2020833E+02 -0.6424617E+00  0.3826764E-01 -0.1227990E+00  0.1799188E+00 -0.3992248E-02 -0.5273765E-01  0.9552244E-03  0.1301286E-03  0.2048002E-04  0.0000000E+00 -0.6026984E+00 -0.5862138E+00
  0.2022569E+02 -0.6488759E+00  0.3458359E-01 -0.1225702E+00  0.2162768E+00 -0.2704962E-02 -0.5273244E-01  0.9543513E-03  0.9090534E-04  0.9219531E-05  0.0000000E+00 -0.5749686E+00 -0.5862045E+00
  0.2024306E+02 -0.6479212E+00  0.3171409E-01 -0.1224646E+00  0.2290084E+00 -0.6490748E-03 -0.5274390E-01  0.9542183E-03 -0.5437154E-05 -0.6785857E-05  0.0000000E+00 -0.5621143E+00 -0.5859701E+00
  0.2026042E+02 -0.6425417E+00  0.3102803E-01 -0.1225359E+00  0.2177564E+00  0.1439736E-02 -0.5276322E-01  0.9552136E-03 -0.5563931E-04 -0.1942793E-05  0.0000000E+00 -0.5667190E+00 -0.5856871E+00
  0.2027778E+02 -0.6388835E+00  0.3276888E-01 -0.1227018E+00  0.1986902E+00  0.2650622E-02 -0.5277910E-01  0.9560933E-03 -0.7960772E-04  0.4537924E-05  0.0000000E+00 -0.5793737E+00 -0.5854967E+00
  0.2029514E+02 -0.6373633E+00  0.3622753E-01 -0.1228110E+00  0.1761229E+00  0.1941538E-02 -0.5278414E-01  0.9564896E-03 -0.8076405E-04 -0.6228934E-05  0.0000000E+00 -0.5977970E+00 -0.5854735E+00
  0.2031250E+02 -0.6384273E+00  0.4007823E-01 -0.1227562E+00  0.1574923E+00 -0.4629797E-03 -0.5277533E-01  0.9569773E-03 -0.2953917E-04 -0.1584902E-04  0.0000000E+00 -0.6159397E+00 -0.5856390E+00
  0.2032986E+02 -0.6407357E+00  0.4277553E-01 -0.1225354E+00  0.1550728E+00 -0.2888792E-02 -0.5275411E-01  0.9572109E-03  0.5407220E-05  0.9435800E-05  0.0000000E+00 -0.6200937E+00 -0.5858350E+00
  0.2034722E+02 -0.6440568E+00  0.4301547E-01 -0.1222761E+00  0.1714193E+00 -0.3738250E-02 -0.5272736E-01  0.9569393E-03  0.4604907E-04  0.1400278E-04  0.0000000E+00 -0.6073467E+00 -0.5859038E+00
  0.2036458E+02 -0.6473815E+00  0.4047120E-01 -0.1221284E+00  0.1983725E+00 -0.2884152E-02 -0.5270523E-01  0.9565622E-03  0.8440360E-04 -0.1170137E-04  0.0000000E+00 -0.5852263E+00 -0.5857816E+00
  0.2038194E+02 -0.6471131E+00  0.3616579E-01 -0.1221415E+00  0.2221864E+00 -0.1177867E-02 -0.5269625E-01  0.9564359E-03  0.6990891E-04 -0.1197599E-04  0.0000000E+00 -0.5637622E+00 -0.5855630E+00
  0.2039931E+02 -0.6433363E+00  0.3198636E-01 -0.1222388E+00  0.2286753E+00  0.2694999E-03 -0.5270337E-01  0.9564053E-03  0.1603690E-04 -0.3393372E-05  0.0000000E+00 -0.5563782E+00 -0.5853678E+00
  0.2041667E+02 -0.6378996E+00  0.2986718E-01 -0.1223228E+00  0.2134412E+00  0.5033611E-03 -0.5272213E-01  0.9566840E-03 -0.4764703E-04  0.8831688E-06  0.0000000E+00 -0.5682228E+00 -0.5852624E+00
  0.2043403E+02 -0.6367106E+00  0.3075514E-01 -0.1223802E+00  0.1920216E+00  0.6993440E-03 -0.5274164E-01  0.9575823E-03 -0.5093646E-04  0.1212205E-04  0.0000000E+00 -0.5874375E+00 -0.5853025E+00
  0.2045139E+02 -0.6395086E+00  0.3416731E-01 -0.1224142E+00  0.1780482E+00  0.1480085E-02 -0.5275166E-01  0.9580699E-03 -0.5123208E-04  0.2043012E-04  0.0000000E+00 -0.6000516E+00 -0.5854061E+00
  0.2046875E+02 -0.6425985E+00  0.3849714E-01 -0.1223822E+00  0.1736504E+00  0.1143360E-02 -0.5274653E-01  0.9578057E-03 -0.3291180E-04  0.6378029E-05  0.0000000E+00 -0.6035051E+00 -0.5854596E+00
  0.2048611E+02 -0.6455867E+00  0.4174386E-01 -0.1222350E+00  0.1820508E+00 -0.4641413E-03 -0.5272693E-01  0.9570335E-03  0.1206052E-04 -0.1539506E-04  0.0000000E+00 -0.5962644E+00 -0.5854573E+00
  0.2050347E+02 -0.6475014E+00  0.4249371E-01 -0.1219873E+00  0.1978355E+00 -0.1695852E-02 -0.5270071E-01  0.9564775E-03  0.4036510E-04 -0.2166706E-04  0.0000000E+00 -0.5825809E+00 -0.5854273E+00
  0.2052083E+02 -0.6469808E+00  0.4053372E-01 -0.1217391E+00  0.2126023E+00 -0.2239583E-02 -0.5267936E-01  0.9566830E-03  0.4205599E-04 -0.2231784E-04  0.0000000E+00 -0.5695264E+00 -0.5853267E+00
  0.2053819E+02 -0.6425293E+00  0.3688735E-01 -0.1216213E+00  0.2203789E+00 -0.3001234E-02 -0.5267131E-01  0.9575757E-03  0.2483498E-04 -0.1243375E-04  0.0000000E+00 -0.5615869E+00 -0.5851113E+00
  0.2055556E+02 -0.6374868E+00  0.3327667E-01 -0.1217112E+00  0.2141763E+00 -0.3412789E-02 -0.5267770E-01  0.9585935E-03  0.3253246E-05  0.1217115E-04  0.0000000E+00 -0.5668615E+00 -0.5848819E+00
  0.2057292E+02 -0.6339627E+00  0.3139319E-01 -0.1219350E+00  0.1932098E+00 -0.2600019E-02 -0.5269297E-01  0.9592621E-03 -0.2863256E-04  0.2441064E-04  0.0000000E+00 -0.5856327E+00 -0.5847968E+00
  0.2059028E+02 -0.6343040E+00  0.3203331E-01 -0.1221149E+00  0.1704381E+00 -0.9891283E-03 -0.5270622E-01  0.9589403E-03 -0.2093105E-04  0.2588737E-04  0.0000000E+00 -0.6066789E+00 -0.5849077E+00
  0.2060764E+02 -0.6415012E+00  0.3451163E-01 -0.1221314E+00  0.1639321E+00  0.1317562E-02 -0.5270789E-01  0.9581912E-03 -0.6847672E-05  0.3258897E-04  0.0000000E+00 -0.6155953E+00 -0.5851321E+00
  0.2062500E+02 -0.6502120E+00  0.3719926E-01 -0.1220107E+00  0.1792765E+00  0.3526142E-02 -0.5269740E-01  0.9577255E-03  0.1870908E-04  0.1129729E-04  0.0000000E+00 -0.6039305E+00 -0.5852350E+00
