  0.5642361E+01 -0.9335137E-02  0.6200858E-01 -0.2333846E-02 -0.1384755E-01  0.2683240E-02  0.8083767E+00 -0.7810968E-04 -0.2289791E-05  0.1883211E+00 -0.3077127E-01  0.1005021E+01
  0.5659722E+01 -0.9338125E-02  0.6208044E-01 -0.2339955E-02 -0.1388855E-01  0.2893624E-02  0.8387845E+00 -0.1022783E-03 -0.2543917E-06  0.1883773E+00 -0.3484225E-01  0.1031624E+01
  0.5677083E+01 -0.9341382E-02  0.6215222E-01 -0.2346402E-02 -0.1392916E-01  0.3149270E-02  0.8621956E+00 -0.3795860E-04  0.7730744E-06  0.1886291E+00 -0.3886461E-01  0.1051607E+01
  0.5694444E+01 -0.9344013E-02  0.6222414E-01 -0.2352956E-02 -0.1397049E-01  0.3364547E-02  0.8590366E+00  0.3949086E-04  0.7446502E-06  0.1890948E+00 -0.3905823E-01  0.1049035E+01
  0.5711806E+01 -0.9345618E-02  0.6229581E-01 -0.2359393E-02 -0.1401275E-01  0.3484432E-02  0.8366939E+00  0.7031075E-04  0.2276234E-06  0.1896420E+00 -0.3371918E-01  0.1032750E+01
  0.5729167E+01 -0.9346503E-02  0.6236664E-01 -0.2365617E-02 -0.1405549E-01  0.3466596E-02  0.8118593E+00  0.7506393E-04  0.1255774E-05  0.1900807E+00 -0.2804253E-01  0.1014039E+01
  0.5746528E+01 -0.9347821E-02  0.6243665E-01 -0.2371685E-02 -0.1409710E-01  0.3277733E-02  0.7894339E+00  0.8917369E-04  0.2149997E-05  0.1903369E+00 -0.2738036E-01  0.9923795E+00
  0.5763889E+01 -0.9349993E-02  0.6250622E-01 -0.2377533E-02 -0.1413752E-01  0.2981064E-02  0.7762862E+00  0.3383426E-04  0.8583551E-06  0.1904206E+00 -0.3089008E-01  0.9754737E+00
  0.5781250E+01 -0.9352965E-02  0.6257576E-01 -0.2383293E-02 -0.1417706E-01  0.2737633E-02  0.7871622E+00 -0.5618435E-04  0.5101987E-06  0.1904749E+00 -0.3560129E-01  0.9813802E+00
  0.5798611E+01 -0.9356629E-02  0.6264527E-01 -0.2389201E-02 -0.1421579E-01  0.2728649E-02  0.8190223E+00 -0.1318875E-03 -0.7063274E-06  0.1905639E+00 -0.3659565E-01  0.1012270E+01
  0.5815972E+01 -0.9360102E-02  0.6271447E-01 -0.2395407E-02 -0.1425460E-01  0.2996144E-02  0.8572051E+00 -0.1316647E-03 -0.1058468E-05  0.1907182E+00 -0.3429550E-01  0.1053196E+01
  0.5833333E+01 -0.9362565E-02  0.6278310E-01 -0.2401897E-02 -0.1429424E-01  0.3410687E-02  0.8692474E+00  0.1811962E-04 -0.4043930E-07  0.1910984E+00 -0.3409298E-01  0.1066406E+01
  0.5850694E+01 -0.9363458E-02  0.6285111E-01 -0.2408363E-02 -0.1433503E-01  0.3745549E-02  0.8448948E+00  0.1266764E-03 -0.8612615E-06  0.1916651E+00 -0.3515889E-01  0.1042017E+01
  0.5868056E+01 -0.9363740E-02  0.6291853E-01 -0.2414566E-02 -0.1437618E-01  0.3832759E-02  0.8114399E+00  0.9456669E-04  0.1468493E-05  0.1921365E+00 -0.3363234E-01  0.1010637E+01
  0.5885417E+01 -0.9364879E-02  0.6298565E-01 -0.2420573E-02 -0.1441625E-01  0.3650134E-02  0.7895099E+00  0.6566790E-04  0.5183134E-05  0.1924112E+00 -0.3143229E-01  0.9909937E+00
  0.5902778E+01 -0.9367837E-02  0.6305266E-01 -0.2426444E-02 -0.1445443E-01  0.3329995E-02  0.7742141E+00  0.4742430E-04  0.3543629E-05  0.1925725E+00 -0.3127962E-01  0.9756919E+00
  0.5920139E+01 -0.9371774E-02  0.6311976E-01 -0.2432231E-02 -0.1449160E-01  0.3049289E-02  0.7702619E+00 -0.2487038E-04  0.5145832E-06  0.1926742E+00 -0.3185887E-01  0.9709263E+00
  0.5937500E+01 -0.9374048E-02  0.6318699E-01 -0.2438039E-02 -0.1453066E-01  0.2950572E-02  0.7884253E+00 -0.1027640E-03 -0.2903400E-05  0.1927449E+00 -0.3105103E-01  0.9898083E+00
  0.5954861E+01 -0.9374205E-02  0.6325430E-01 -0.2443978E-02 -0.1457203E-01  0.3112787E-02  0.8221063E+00 -0.1155721E-03 -0.4582843E-05  0.1928368E+00 -0.2983476E-01  0.1024965E+01
  0.5972222E+01 -0.9373835E-02  0.6332145E-01 -0.2450179E-02 -0.1461380E-01  0.3442341E-02  0.8542278E+00 -0.7161162E-04 -0.2347720E-05  0.1930526E+00 -0.3208513E-01  0.1055447E+01
  0.5989583E+01 -0.9375027E-02  0.6338837E-01 -0.2456672E-02 -0.1465390E-01  0.3722105E-02  0.8619936E+00  0.3524001E-04  0.1137351E-05  0.1935211E+00 -0.3720112E-01  0.1058975E+01
  0.6006944E+01 -0.9377503E-02  0.6345542E-01 -0.2463148E-02 -0.1469279E-01  0.3817864E-02  0.8395337E+00  0.9670947E-04  0.2530440E-05  0.1940747E+00 -0.3840506E-01  0.1036042E+01
  0.6024306E+01 -0.9379554E-02  0.6352281E-01 -0.2469333E-02 -0.1473260E-01  0.3771993E-02  0.8050909E+00  0.8561214E-04  0.1109619E-05  0.1944968E+00 -0.3366588E-01  0.1006722E+01
  0.6041667E+01 -0.9380077E-02  0.6359027E-01 -0.2475267E-02 -0.1477396E-01  0.3666926E-02  0.7787494E+00  0.6217285E-04 -0.7680640E-06  0.1947082E+00 -0.2760017E-01  0.9865467E+00
  0.6059028E+01 -0.9380514E-02  0.6365753E-01 -0.2481045E-02 -0.1481536E-01  0.3525167E-02  0.7725779E+00 -0.1000530E-04 -0.1611828E-05  0.1947431E+00 -0.2693870E-01  0.9808765E+00
  0.6076389E+01 -0.9382369E-02  0.6372490E-01 -0.2486876E-02 -0.1485524E-01  0.3390999E-02  0.7861261E+00 -0.2923981E-04 -0.1768671E-05  0.1948479E+00 -0.3224833E-01  0.9890861E+00
  0.6093750E+01 -0.9385004E-02  0.6379258E-01 -0.2492848E-02 -0.1489425E-01  0.3325489E-02  0.8112730E+00 -0.1048725E-03  0.2339403E-06  0.1950742E+00 -0.3547392E-01  0.1011115E+01
  0.6111111E+01 -0.9387194E-02  0.6386034E-01 -0.2499090E-02 -0.1493401E-01  0.3379169E-02  0.8446743E+00 -0.1237902E-03 -0.1609120E-05  0.1953196E+00 -0.3442206E-01  0.1045866E+01
  0.6128472E+01 -0.9387967E-02  0.6392778E-01 -0.2505618E-02 -0.1497523E-01  0.3559684E-02  0.8620810E+00 -0.1122666E-04 -0.6404333E-05  0.1956054E+00 -0.3306559E-01  0.1065222E+01
  0.6145833E+01 -0.9387324E-02  0.6399483E-01 -0.2512199E-02 -0.1501782E-01  0.3771902E-02  0.8454530E+00  0.1044249E-03 -0.3140057E-05  0.1958595E+00 -0.3255016E-01  0.1049713E+01
  0.6163194E+01 -0.9387047E-02  0.6406152E-01 -0.2518622E-02 -0.1505979E-01  0.3846607E-02  0.8164373E+00  0.1078615E-03 -0.7515630E-07  0.1961003E+00 -0.3316465E-01  0.1020423E+01
  0.6180556E+01 -0.9388656E-02  0.6412807E-01 -0.2524808E-02 -0.1509936E-01  0.3735523E-02  0.7991622E+00  0.4464790E-04 -0.3341870E-06  0.1964658E+00 -0.3640884E-01  0.1000114E+01
  0.6197917E+01 -0.9391866E-02  0.6419461E-01 -0.2530784E-02 -0.1513715E-01  0.3564193E-02  0.7938456E+00  0.4687295E-05 -0.1532539E-05  0.1969408E+00 -0.4041761E-01  0.9910710E+00
  0.6215278E+01 -0.9394652E-02  0.6426102E-01 -0.2536601E-02 -0.1517517E-01  0.3520670E-02  0.7862092E+00  0.1045527E-04 -0.4627735E-05  0.1973587E+00 -0.3976578E-01  0.9844832E+00
  0.6232639E+01 -0.9395588E-02  0.6432700E-01 -0.2542295E-02 -0.1521515E-01  0.3649766E-02  0.7757680E+00  0.1001453E-04 -0.2880716E-05  0.1975591E+00 -0.3388627E-01  0.9802717E+00
  0.6250000E+01 -0.9394824E-02  0.6439236E-01 -0.2547895E-02 -0.1525681E-01  0.3777056E-02  0.7788858E+00 -0.3790444E-04  0.8525537E-06  0.1976202E+00 -0.2916977E-01  0.9882690E+00
