  0.2314236E+02 -0.6694213E-02  0.1013226E+00 -0.7792419E-02 -0.4036232E-01  0.1343367E-01  0.7126625E+00  0.6964081E-04  0.4392168E-05  0.2950260E+00 -0.2058462E-02  0.1065611E+01
  0.2315972E+02 -0.6688020E-02  0.1013399E+00 -0.7796232E-02 -0.4037897E-01  0.1375373E-01  0.6967138E+00  0.7844425E-04  0.2230090E-05  0.2950691E+00 -0.4692086E-02  0.1047402E+01
  0.2317708E+02 -0.6684459E-02  0.1013578E+00 -0.7799358E-02 -0.4039390E-01  0.1345870E-01  0.6840199E+00  0.6641265E-04  0.4264561E-05  0.2951706E+00 -0.1223134E-01  0.1026969E+01
  0.2319444E+02 -0.6682415E-02  0.1013759E+00 -0.7801966E-02 -0.4040745E-01  0.1275782E-01  0.6784184E+00 -0.1403273E-04  0.5723131E-05  0.2951916E+00 -0.1401003E-01  0.1018834E+01
  0.2321181E+02 -0.6681253E-02  0.1013940E+00 -0.7804630E-02 -0.4042015E-01  0.1199196E-01  0.6800739E+00 -0.2201730E-04  0.5204723E-05  0.2951699E+00 -0.1166162E-01  0.1022045E+01
  0.2322917E+02 -0.6680792E-02  0.1014121E+00 -0.7807985E-02 -0.4043198E-01  0.1141407E-01  0.6880266E+00 -0.5208531E-04  0.3526416E-05  0.2951672E+00 -0.1025741E-01  0.1030793E+01
  0.2324653E+02 -0.6677680E-02  0.1014303E+00 -0.7812038E-02 -0.4044663E-01  0.1131026E-01  0.6997839E+00 -0.5443241E-04  0.1417151E-05  0.2949730E+00 -0.6621034E-02  0.1045887E+01
  0.2326389E+02 -0.6671740E-02  0.1014488E+00 -0.7816545E-02 -0.4046439E-01  0.1189468E-01  0.7040592E+00 -0.2822868E-04  0.3956707E-07  0.2947275E+00 -0.3355979E-02  0.1053793E+01
  0.2328125E+02 -0.6664785E-02  0.1014672E+00 -0.7821226E-02 -0.4048327E-01  0.1297658E-01  0.7099528E+00 -0.1921443E-04 -0.5468032E-06  0.2946336E+00 -0.3867857E-02  0.1060173E+01
  0.2329861E+02 -0.6659263E-02  0.1014853E+00 -0.7825991E-02 -0.4050059E-01  0.1414173E-01  0.7129146E+00  0.6546228E-04 -0.8913968E-06  0.2947284E+00 -0.7130846E-02  0.1061218E+01
  0.2331597E+02 -0.6655585E-02  0.1015032E+00 -0.7830645E-02 -0.4051609E-01  0.1477694E-01  0.6909824E+00  0.1597831E-03  0.2009159E-06  0.2949651E+00 -0.1207406E-01  0.1035311E+01
  0.2333333E+02 -0.6654038E-02  0.1015216E+00 -0.7834883E-02 -0.4052931E-01  0.1439862E-01  0.6527367E+00  0.7864016E-04  0.3800092E-05  0.2953067E+00 -0.1653613E-01  0.9924916E+00
  0.2335069E+02 -0.6653721E-02  0.1015405E+00 -0.7838464E-02 -0.4054126E-01  0.1322014E-01  0.6359224E+00 -0.3254547E-04  0.7113986E-05  0.2956496E+00 -0.1915019E-01  0.9721235E+00
  0.2336806E+02 -0.6652204E-02  0.1015596E+00 -0.7841365E-02 -0.4055444E-01  0.1196880E-01  0.6403165E+00 -0.9459095E-04  0.6910875E-05  0.2958751E+00 -0.1723245E-01  0.9773519E+00
  0.2338542E+02 -0.6647954E-02  0.1015782E+00 -0.7843853E-02 -0.4057024E-01  0.1132149E-01  0.6601473E+00 -0.1200698E-03  0.2456854E-05  0.2957509E+00 -0.9843969E-02  0.1003774E+01
  0.2340278E+02 -0.6642274E-02  0.1015960E+00 -0.7846608E-02 -0.4058738E-01  0.1150035E-01  0.7040179E+00 -0.9821217E-04 -0.1210515E-05  0.2954084E+00 -0.3913934E-02  0.1053433E+01
  0.2342014E+02 -0.6637233E-02  0.1016135E+00 -0.7850185E-02 -0.4060381E-01  0.1219977E-01  0.7341168E+00  0.7407415E-04 -0.3489946E-05  0.2952627E+00 -0.4446807E-02  0.1083725E+01
  0.2343750E+02 -0.6632829E-02  0.1016311E+00 -0.7854393E-02 -0.4061950E-01  0.1293332E-01  0.7261506E+00  0.1291751E-03 -0.5053611E-05  0.2953563E+00 -0.8123558E-02  0.1072965E+01
  0.2345486E+02 -0.6629417E-02  0.1016494E+00 -0.7858783E-02 -0.4063451E-01  0.1343264E-01  0.7154424E+00 -0.5310884E-04 -0.2081204E-05  0.2952776E+00 -0.9148375E-02  0.1061476E+01
  0.2347222E+02 -0.6626488E-02  0.1016683E+00 -0.7863400E-02 -0.4064934E-01  0.1372887E-01  0.7279044E+00 -0.1307091E-03  0.4941701E-05  0.2950844E+00 -0.1189372E-01  0.1071227E+01
  0.2348958E+02 -0.6623655E-02  0.1016867E+00 -0.7868343E-02 -0.4066378E-01  0.1391540E-01  0.7353700E+00 -0.6509129E-05  0.6980682E-05  0.2952347E+00 -0.1823447E-01  0.1072817E+01
  0.2350694E+02 -0.6620248E-02  0.1017042E+00 -0.7873279E-02 -0.4067837E-01  0.1392128E-01  0.7153672E+00  0.1090240E-03  0.5062025E-05  0.2957425E+00 -0.1984445E-01  0.1051833E+01
  0.2352431E+02 -0.6616939E-02  0.1017213E+00 -0.7877789E-02 -0.4069254E-01  0.1368347E-01  0.6758337E+00  0.1588877E-03  0.3691788E-05  0.2963453E+00 -0.1524871E-01  0.1017310E+01
  0.2354167E+02 -0.6614321E-02  0.1017388E+00 -0.7881532E-02 -0.4070614E-01  0.1317988E-01  0.6439531E+00  0.3410022E-04 -0.5107880E-06  0.2966351E+00 -0.4826961E-02  0.9955116E+00
  0.2355903E+02 -0.6610179E-02  0.1017571E+00 -0.7884424E-02 -0.4072163E-01  0.1255098E-01  0.6403867E+00 -0.6751864E-04 -0.3298277E-05  0.2964371E+00  0.4138791E-02  0.9999836E+00
  0.2357639E+02 -0.6605235E-02  0.1017755E+00 -0.7886994E-02 -0.4073804E-01  0.1202072E-01  0.6789502E+00 -0.1437095E-03 -0.1343323E-05  0.2960094E+00  0.2692499E-02  0.1036073E+01
  0.2359375E+02 -0.6600034E-02  0.1017936E+00 -0.7890035E-02 -0.4075458E-01  0.1187807E-01  0.7239634E+00 -0.4661881E-04 -0.3860802E-06  0.2956765E+00 -0.6726545E-02  0.1071293E+01
  0.2361111E+02 -0.6596553E-02  0.1018113E+00 -0.7893855E-02 -0.4076907E-01  0.1222717E-01  0.7564767E+00  0.2340208E-04 -0.1572568E-05  0.2956812E+00 -0.1910781E-01  0.1091851E+01
  0.2362847E+02 -0.6594886E-02  0.1018287E+00 -0.7898274E-02 -0.4078147E-01  0.1293940E-01  0.7592623E+00 -0.3833755E-05 -0.1534504E-06  0.2960157E+00 -0.2694226E-01  0.1087825E+01
  0.2364583E+02 -0.6593450E-02  0.1018461E+00 -0.7903027E-02 -0.4079359E-01  0.1364204E-01  0.7434023E+00  0.1399288E-04  0.3285348E-05  0.2964558E+00 -0.2455173E-01  0.1075522E+01
  0.2366319E+02 -0.6590798E-02  0.1018637E+00 -0.7907881E-02 -0.4080706E-01  0.1411589E-01  0.7078695E+00  0.5239217E-04  0.5467203E-05  0.2968555E+00 -0.1414112E-01  0.1051316E+01
  0.2368056E+02 -0.6586166E-02  0.1018814E+00 -0.7912650E-02 -0.4082282E-01  0.1426506E-01  0.6781898E+00  0.4831671E-04  0.3797915E-05  0.2969220E+00 -0.1077584E-02  0.1034911E+01
  0.2369792E+02 -0.6579839E-02  0.1018991E+00 -0.7917113E-02 -0.4084056E-01  0.1401666E-01  0.6522650E+00  0.7977120E-04  0.2207924E-05  0.2966631E+00  0.4541965E-02  0.1014130E+01
  0.2371528E+02 -0.6574939E-02  0.1019166E+00 -0.7921177E-02 -0.4085660E-01  0.1340460E-01  0.6425496E+00  0.7257934E-04  0.7679387E-06  0.2964079E+00 -0.3600414E-02  0.9953990E+00
  0.2373264E+02 -0.6572741E-02  0.1019338E+00 -0.7924749E-02 -0.4086948E-01  0.1267997E-01  0.6512566E+00 -0.2071678E-04 -0.2758779E-05  0.2963175E+00 -0.1456724E-01  0.9922302E+00
  0.2375000E+02 -0.6571928E-02  0.1019506E+00 -0.7927860E-02 -0.4088063E-01  0.1212124E-01  0.6907842E+00 -0.1177454E-03 -0.3466312E-05  0.2964726E+00 -0.1961772E-01  0.1026209E+01
