  0.8767361E+01 -0.9380560E-02  0.7341973E-01 -0.3447693E-02 -0.2078272E-01  0.5836419E-02  0.8468656E+00  0.1638854E-04  0.2285384E-05  0.2279728E+00 -0.3663772E-01  0.1083865E+01
  0.8784722E+01 -0.9382222E-02  0.7347308E-01 -0.3454559E-02 -0.2081270E-01  0.5859565E-02  0.8312338E+00  0.1057405E-03  0.5003944E-05  0.2284449E+00 -0.4265691E-01  0.1062816E+01
  0.8802083E+01 -0.9383664E-02  0.7352659E-01 -0.3461313E-02 -0.2084295E-01  0.5783209E-02  0.7915160E+00  0.1022445E-03  0.2570801E-05  0.2289758E+00 -0.4022467E-01  0.1025994E+01
  0.8819444E+01 -0.9382551E-02  0.7358010E-01 -0.3467783E-02 -0.2087624E-01  0.5696544E-02  0.7514804E+00  0.7404047E-04 -0.9728207E-06  0.2293847E+00 -0.3307763E-01  0.9934106E+00
  0.8836806E+01 -0.9380324E-02  0.7363326E-01 -0.3473976E-02 -0.2091052E-01  0.5639741E-02  0.7262275E+00  0.4145376E-04 -0.2829142E-05  0.2296620E+00 -0.2931717E-01  0.9721192E+00
  0.8854167E+01 -0.9378069E-02  0.7368602E-01 -0.3479791E-02 -0.2094484E-01  0.5633867E-02  0.7265475E+00  0.1579622E-05 -0.2571213E-05  0.2297445E+00 -0.2899456E-01  0.9728136E+00
  0.8871528E+01 -0.9377165E-02  0.7373877E-01 -0.3485267E-02 -0.2097768E-01  0.5695582E-02  0.7481728E+00 -0.7805486E-04  0.4310903E-06  0.2296053E+00 -0.3052746E-01  0.9927672E+00
  0.8888889E+01 -0.9378414E-02  0.7379197E-01 -0.3490799E-02 -0.2100827E-01  0.5799162E-02  0.7879615E+00 -0.1647399E-03  0.2724438E-05  0.2294646E+00 -0.3431347E-01  0.1028664E+01
  0.8906250E+01 -0.9379218E-02  0.7384533E-01 -0.3496839E-02 -0.2103932E-01  0.5927511E-02  0.8283153E+00 -0.9458218E-04  0.1804694E-05  0.2295334E+00 -0.3623204E-01  0.1067381E+01
  0.8923611E+01 -0.9377594E-02  0.7389857E-01 -0.3503291E-02 -0.2107297E-01  0.6038634E-02  0.8254836E+00  0.8567815E-04 -0.1529511E-05  0.2297074E+00 -0.3309367E-01  0.1068165E+01
  0.8940972E+01 -0.9375671E-02  0.7395159E-01 -0.3509750E-02 -0.2110689E-01  0.6058887E-02  0.7877345E+00  0.1524327E-03 -0.5168545E-05  0.2298638E+00 -0.2968442E-01  0.1034079E+01
  0.8958333E+01 -0.9374788E-02  0.7400457E-01 -0.3516103E-02 -0.2113984E-01  0.5988737E-02  0.7527045E+00  0.8337535E-04 -0.3995311E-05  0.2300657E+00 -0.2844260E-01  0.1000370E+01
  0.8975694E+01 -0.9374060E-02  0.7405787E-01 -0.3522474E-02 -0.2117274E-01  0.5880091E-02  0.7436725E+00 -0.1415522E-05  0.8284935E-06  0.2303382E+00 -0.2996244E-01  0.9899164E+00
  0.8993056E+01 -0.9374485E-02  0.7411157E-01 -0.3529001E-02 -0.2120445E-01  0.5797401E-02  0.7513071E+00 -0.6456321E-04  0.3727027E-05  0.2307577E+00 -0.3366108E-01  0.9941439E+00
  0.9010417E+01 -0.9375075E-02  0.7416530E-01 -0.3535510E-02 -0.2123591E-01  0.5817718E-02  0.7620943E+00 -0.4929065E-04  0.3584432E-05  0.2311736E+00 -0.3649331E-01  0.1002565E+01
  0.9027778E+01 -0.9374163E-02  0.7421864E-01 -0.3541698E-02 -0.2126876E-01  0.5931522E-02  0.7667243E+00  0.1594166E-05  0.3780836E-06  0.2314188E+00 -0.3640331E-01  0.1007707E+01
  0.9045139E+01 -0.9371924E-02  0.7427165E-01 -0.3547455E-02 -0.2130304E-01  0.6060553E-02  0.7686517E+00  0.1148278E-04 -0.6321952E-06  0.2314391E+00 -0.3166557E-01  0.1014546E+01
  0.9062500E+01 -0.9370192E-02  0.7432474E-01 -0.3553030E-02 -0.2133690E-01  0.6108301E-02  0.7739615E+00 -0.1946197E-04  0.1294765E-05  0.2313158E+00 -0.2641495E-01  0.1025017E+01
  0.9079861E+01 -0.9370265E-02  0.7437835E-01 -0.3558805E-02 -0.2136919E-01  0.6022172E-02  0.7806266E+00  0.1741729E-04  0.1386669E-05  0.2312900E+00 -0.2542414E-01  0.1032614E+01
  0.9097222E+01 -0.9371369E-02  0.7443259E-01 -0.3564787E-02 -0.2140053E-01  0.5901287E-02  0.7761626E+00 -0.1286882E-04 -0.3126784E-05  0.2313898E+00 -0.2540711E-01  0.1028126E+01
  0.9114583E+01 -0.9370812E-02  0.7448706E-01 -0.3570883E-02 -0.2143370E-01  0.5907000E-02  0.7743514E+00 -0.3941314E-04 -0.5144703E-05  0.2315262E+00 -0.2541222E-01  0.1026439E+01
  0.9131944E+01 -0.9368829E-02  0.7454103E-01 -0.3577288E-02 -0.2146811E-01  0.6125781E-02  0.7750916E+00 -0.4231038E-05 -0.1810838E-05  0.2317190E+00 -0.2667256E-01  0.1026385E+01
  0.9149306E+01 -0.9365962E-02  0.7459452E-01 -0.3583973E-02 -0.2150337E-01  0.6430353E-02  0.7721889E+00  0.5157910E-04  0.1341330E-05  0.2319336E+00 -0.2847656E-01  0.1022270E+01
  0.9166667E+01 -0.9364077E-02  0.7464832E-01 -0.3590696E-02 -0.2153782E-01  0.6516896E-02  0.7575247E+00  0.9778636E-04  0.3186182E-05  0.2322873E+00 -0.3207699E-01  0.1004509E+01
  0.9184028E+01 -0.9364263E-02  0.7470306E-01 -0.3597158E-02 -0.2157042E-01  0.6270039E-02  0.7383453E+00  0.4618145E-04  0.2654449E-05  0.2328351E+00 -0.3512867E-01  0.9825418E+00
  0.9201389E+01 -0.9364953E-02  0.7475844E-01 -0.3603236E-02 -0.2160271E-01  0.5908912E-02  0.7346452E+00 -0.6698910E-04 -0.8721450E-06  0.2332367E+00 -0.3206212E-01  0.9818484E+00
  0.9218750E+01 -0.9363472E-02  0.7481376E-01 -0.3609022E-02 -0.2163733E-01  0.5750171E-02  0.7497633E+00 -0.8670749E-04 -0.3323730E-05  0.2332977E+00 -0.2585748E-01  0.1003068E+01
  0.9236111E+01 -0.9360858E-02  0.7486877E-01 -0.3614707E-02 -0.2167310E-01  0.5885555E-02  0.7648799E+00 -0.2784209E-04 -0.2874216E-05  0.2331841E+00 -0.2270567E-01  0.1021433E+01
  0.9253472E+01 -0.9358555E-02  0.7492374E-01 -0.3620395E-02 -0.2170858E-01  0.6178560E-02  0.7686652E+00  0.4245260E-04 -0.3665711E-05  0.2329858E+00 -0.2156158E-01  0.1026543E+01
  0.9270833E+01 -0.9357689E-02  0.7497935E-01 -0.3626177E-02 -0.2174305E-01  0.6385116E-02  0.7664953E+00  0.2298872E-04 -0.1770505E-05  0.2328416E+00 -0.2198697E-01  0.1024009E+01
  0.9288194E+01 -0.9358686E-02  0.7503560E-01 -0.3632253E-02 -0.2177572E-01  0.6423506E-02  0.7713581E+00 -0.5035739E-04  0.2119571E-05  0.2329537E+00 -0.2507068E-01  0.1025885E+01
  0.9305556E+01 -0.9359499E-02  0.7509186E-01 -0.3638775E-02 -0.2180860E-01  0.6418942E-02  0.7822691E+00 -0.5720905E-04  0.2949090E-05  0.2333136E+00 -0.2830988E-01  0.1033922E+01
  0.9322917E+01 -0.9357577E-02  0.7514767E-01 -0.3645650E-02 -0.2184421E-01  0.6470158E-02  0.7798384E+00  0.3241362E-04 -0.8101673E-06  0.2337581E+00 -0.3022702E-01  0.1030171E+01
  0.9340278E+01 -0.9354479E-02  0.7520319E-01 -0.3652575E-02 -0.2188090E-01  0.6526199E-02  0.7543034E+00  0.1164731E-03 -0.4801336E-05  0.2342074E+00 -0.3233339E-01  0.1003130E+01
  0.9357639E+01 -0.9352396E-02  0.7525901E-01 -0.3659115E-02 -0.2191658E-01  0.6417614E-02  0.7217971E+00  0.1342099E-03 -0.2946167E-05  0.2346101E+00 -0.3471357E-01  0.9685733E+00
  0.9375000E+01 -0.9352325E-02  0.7531540E-01 -0.3665152E-02 -0.2195017E-01  0.6091952E-02  0.7041336E+00  0.8548472E-05 -0.1041134E-05  0.2348720E+00 -0.3350464E-01  0.9519482E+00
