  0.1689236E+02 -0.7994451E-02  0.9248905E-01 -0.6128624E-02 -0.3361670E-01  0.1046505E-01  0.6767454E+00 -0.1685295E-03  0.3462569E-05  0.2768949E+00 -0.2819424E-02  0.1005870E+01
  0.1690972E+02 -0.7988567E-02  0.9252628E-01 -0.6133950E-02 -0.3364438E-01  0.1123001E-01  0.7271178E+00 -0.6899058E-04  0.3183782E-05  0.2762470E+00  0.4078108E-02  0.1063366E+01
  0.1692708E+02 -0.7983513E-02  0.9256367E-01 -0.6139793E-02 -0.3367175E-01  0.1196030E-01  0.7824136E+00 -0.5417412E-05  0.1300071E-06  0.2758552E+00 -0.1988729E-02  0.1113004E+01
  0.1694444E+02 -0.7981522E-02  0.9260170E-01 -0.6146119E-02 -0.3369636E-01  0.1212573E-01  0.8210468E+00 -0.5741585E-05 -0.3448425E-05  0.2760315E+00 -0.1568980E-01  0.1138283E+01
  0.1696181E+02 -0.7982558E-02  0.9264033E-01 -0.6152938E-02 -0.3371795E-01  0.1173450E-01  0.8289268E+00 -0.8478540E-06 -0.5506115E-05  0.2767175E+00 -0.2579796E-01  0.1136361E+01
  0.1697917E+02 -0.7982774E-02  0.9267896E-01 -0.6159812E-02 -0.3374008E-01  0.1120364E-01  0.7994710E+00 -0.1278187E-04 -0.5840209E-05  0.2775033E+00 -0.2759524E-01  0.1105360E+01
  0.1699653E+02 -0.7979726E-02  0.9271710E-01 -0.6166205E-02 -0.3376530E-01  0.1095742E-01  0.7453162E+00  0.8431386E-04 -0.3598008E-05  0.2779678E+00 -0.2431871E-01  0.1054809E+01
  0.1701389E+02 -0.7973400E-02  0.9275448E-01 -0.6171756E-02 -0.3379350E-01  0.1122626E-01  0.6752556E+00  0.2144528E-03 -0.5705654E-07  0.2780282E+00 -0.1911913E-01  0.9904212E+00
  0.1703125E+02 -0.7968123E-02  0.9279111E-01 -0.6176437E-02 -0.3382014E-01  0.1172456E-01  0.6101011E+00  0.2211412E-03  0.1964089E-05  0.2777802E+00 -0.1533250E-01  0.9293229E+00
  0.1704861E+02 -0.7966777E-02  0.9282752E-01 -0.6180467E-02 -0.3384248E-01  0.1185118E-01  0.5923777E+00  0.1054264E-03  0.2434594E-05  0.2774799E+00 -0.1566239E-01  0.9109920E+00
  0.1706597E+02 -0.7968730E-02  0.9286447E-01 -0.6184384E-02 -0.3386178E-01  0.1131750E-01  0.6191948E+00 -0.9381946E-04  0.1839355E-06  0.2774092E+00 -0.1644091E-01  0.9362365E+00
  0.1708333E+02 -0.7970922E-02  0.9290218E-01 -0.6188819E-02 -0.3388139E-01  0.1052351E-01  0.6869625E+00 -0.3278509E-03 -0.4120511E-05  0.2774306E+00 -0.1136382E-01  0.1008082E+01
  0.1710069E+02 -0.7970035E-02  0.9293985E-01 -0.6194257E-02 -0.3390423E-01  0.1031892E-01  0.7756982E+00 -0.4091020E-03 -0.5468659E-05  0.2773860E+00 -0.5338408E-02  0.1102521E+01
  0.1711806E+02 -0.7964696E-02  0.9297641E-01 -0.6200702E-02 -0.3393126E-01  0.1100917E-01  0.8499138E+00 -0.9758103E-04 -0.5560033E-05  0.2773215E+00 -0.9268839E-02  0.1173752E+01
  0.1713542E+02 -0.7958825E-02  0.9301158E-01 -0.6207644E-02 -0.3395808E-01  0.1207492E-01  0.8603725E+00  0.2286498E-03 -0.4982309E-05  0.2775076E+00 -0.2269276E-01  0.1172373E+01
  0.1715278E+02 -0.7956301E-02  0.9304633E-01 -0.6214511E-02 -0.3398099E-01  0.1263341E-01  0.8053057E+00  0.3153317E-03 -0.2948908E-05  0.2780625E+00 -0.3418055E-01  0.1107028E+01
  0.1717014E+02 -0.7957151E-02  0.9308212E-01 -0.6220806E-02 -0.3400079E-01  0.1227375E-01  0.7115881E+00  0.2724730E-03  0.5208883E-06  0.2788647E+00 -0.3775758E-01  0.1010145E+01
  0.1718750E+02 -0.7958997E-02  0.9311858E-01 -0.6226216E-02 -0.3401983E-01  0.1141251E-01  0.6101493E+00  0.9972958E-04  0.1857848E-05  0.2793878E+00 -0.3009891E-01  0.9158659E+00
  0.1720486E+02 -0.7958528E-02  0.9315451E-01 -0.6230828E-02 -0.3404084E-01  0.1077227E-01  0.5446835E+00 -0.5423373E-04 -0.7582967E-06  0.2791108E+00 -0.1183804E-01  0.8675979E+00
  0.1722222E+02 -0.7954264E-02  0.9318907E-01 -0.6234802E-02 -0.3406513E-01  0.1059006E-01  0.5567979E+00 -0.9807755E-04 -0.4916304E-05  0.2783343E+00 -0.8633807E-03  0.8896907E+00
  0.1723958E+02 -0.7949871E-02  0.9322234E-01 -0.6238619E-02 -0.3408913E-01  0.1060532E-01  0.6347001E+00 -0.1057896E-03 -0.6459830E-05  0.2778183E+00 -0.7369116E-02  0.9605871E+00
  0.1725694E+02 -0.7947118E-02  0.9325523E-01 -0.6242819E-02 -0.3411145E-01  0.1061096E-01  0.7336304E+00 -0.9801196E-04 -0.2267596E-05  0.2778704E+00 -0.2167189E-01  0.1045293E+01
  0.1727431E+02 -0.7948300E-02  0.9328848E-01 -0.6247924E-02 -0.3412975E-01  0.1064851E-01  0.8139815E+00 -0.2066161E-03  0.3382716E-05  0.2783173E+00 -0.2963556E-01  0.1118071E+01
  0.1729167E+02 -0.7948968E-02  0.9332202E-01 -0.6253997E-02 -0.3414876E-01  0.1092955E-01  0.8607613E+00 -0.1782989E-03  0.5934524E-05  0.2787277E+00 -0.2587555E-01  0.1169341E+01
  0.1730903E+02 -0.7947324E-02  0.9335516E-01 -0.6260785E-02 -0.3416984E-01  0.1154307E-01  0.8514625E+00 -0.3327108E-04  0.1702254E-05  0.2790405E+00 -0.1769680E-01  0.1169295E+01
  0.1732639E+02 -0.7942525E-02  0.9338719E-01 -0.6267770E-02 -0.3419350E-01  0.1224062E-01  0.7889408E+00  0.2381105E-03 -0.4120612E-05  0.2793211E+00 -0.1308796E-01  0.1112632E+01
  0.1734375E+02 -0.7936507E-02  0.9341800E-01 -0.6274248E-02 -0.3421783E-01  0.1250687E-01  0.6984638E+00  0.3661970E-03 -0.7621616E-05  0.2795333E+00 -0.1303128E-01  0.1022821E+01
  0.1736111E+02 -0.7932424E-02  0.9344835E-01 -0.6279811E-02 -0.3423984E-01  0.1194751E-01  0.6191050E+00  0.2552116E-03 -0.7748905E-05  0.2796071E+00 -0.1627737E-01  0.9396260E+00
  0.1737847E+02 -0.7931953E-02  0.9347877E-01 -0.6284443E-02 -0.3425803E-01  0.1071420E-01  0.5832971E+00  0.4742297E-04 -0.3902670E-05  0.2796717E+00 -0.2148890E-01  0.8972419E+00
  0.1739583E+02 -0.7933349E-02  0.9350920E-01 -0.6288476E-02 -0.3427428E-01  0.9535109E-02  0.6019842E+00 -0.1951129E-03  0.5122493E-06  0.2796393E+00 -0.2121289E-01  0.9147643E+00
  0.1741319E+02 -0.7932478E-02  0.9353933E-01 -0.6292404E-02 -0.3429279E-01  0.9213817E-02  0.6692924E+00 -0.3201204E-03  0.3151687E-05  0.2793647E+00 -0.1340091E-01  0.9891747E+00
  0.1743056E+02 -0.7928950E-02  0.9356871E-01 -0.6296754E-02 -0.3431389E-01  0.9953067E-02  0.7359543E+00 -0.2065732E-03  0.2236756E-05  0.2790504E+00 -0.8466729E-02  0.1061316E+01
  0.1744792E+02 -0.7923564E-02  0.9359720E-01 -0.6301718E-02 -0.3433653E-01  0.1121213E-01  0.7855034E+00  0.2552366E-04  0.5906936E-06  0.2789896E+00 -0.1211666E-01  0.1108650E+01
  0.1746528E+02 -0.7918364E-02  0.9362533E-01 -0.6307225E-02 -0.3435886E-01  0.1221557E-01  0.8008448E+00  0.1176662E-03 -0.3310477E-05  0.2792057E+00 -0.1689389E-01  0.1120527E+01
  0.1748264E+02 -0.7915266E-02  0.9365388E-01 -0.6313216E-02 -0.3437908E-01  0.1237303E-01  0.7946493E+00  0.7980366E-04 -0.7155260E-05  0.2796033E+00 -0.2115467E-01  0.1110590E+01
  0.1750000E+02 -0.7915095E-02  0.9368311E-01 -0.6319490E-02 -0.3439635E-01  0.1175203E-01  0.7594753E+00  0.7066233E-04 -0.3985408E-05  0.2801842E+00 -0.2630708E-01  0.1070223E+01
