  0.3142361E+01 -0.9311229E-02  0.5192071E-01 -0.1499976E-02 -0.7447835E-02 -0.8783282E-03  0.9144907E+00 -0.1469624E-04 -0.1671350E-06  0.1277314E+00 -0.6622072E-01  0.1008770E+01
  0.3159722E+01 -0.9310098E-02  0.5199052E-01 -0.1505635E-02 -0.7494642E-02 -0.7586008E-03  0.9155403E+00 -0.1832474E-04 -0.1345537E-05  0.1284264E+00 -0.6247237E-01  0.1014396E+01
  0.3177083E+01 -0.9308573E-02  0.5205969E-01 -0.1511319E-02 -0.7541634E-02 -0.5750256E-03  0.9108339E+00  0.3234991E-04 -0.3122862E-05  0.1290272E+00 -0.5893528E-01  0.1014078E+01
  0.3194444E+01 -0.9307194E-02  0.5212866E-01 -0.1516974E-02 -0.7588330E-02 -0.4817006E-03  0.9018351E+00  0.4462260E-04 -0.4964537E-05  0.1295546E+00 -0.5859810E-01  0.1006066E+01
  0.3211806E+01 -0.9306723E-02  0.5219774E-01 -0.1522613E-02 -0.7633877E-02 -0.5632503E-03  0.8969499E+00  0.2055347E-04 -0.5491308E-05  0.1300670E+00 -0.6057502E-01  0.9996282E+00
  0.3229167E+01 -0.9307372E-02  0.5226687E-01 -0.1528270E-02 -0.7678148E-02 -0.7487659E-03  0.8980291E+00 -0.5218754E-05 -0.1584853E-05  0.1306648E+00 -0.6157934E-01  0.1000112E+01
  0.3246528E+01 -0.9307895E-02  0.5233579E-01 -0.1533903E-02 -0.7722452E-02 -0.8667511E-03  0.9009939E+00 -0.2141598E-04  0.1887973E-05  0.1313718E+00 -0.6084343E-01  0.1004408E+01
  0.3263889E+01 -0.9307270E-02  0.5240426E-01 -0.1539503E-02 -0.7767797E-02 -0.8090535E-03  0.9056694E+00 -0.2251266E-04  0.1497302E-05  0.1321339E+00 -0.6062605E-01  0.1010137E+01
  0.3281250E+01 -0.9305761E-02  0.5247252E-01 -0.1545119E-02 -0.7813971E-02 -0.6200108E-03  0.9079833E+00  0.3062558E-05 -0.1533659E-05  0.1328954E+00 -0.6169397E-01  0.1012374E+01
  0.3298611E+01 -0.9304436E-02  0.5254083E-01 -0.1550732E-02 -0.7859879E-02 -0.4367775E-03  0.9036182E+00  0.3407136E-04 -0.4310307E-05  0.1335149E+00 -0.6204955E-01  0.1008502E+01
  0.3315972E+01 -0.9304073E-02  0.5260916E-01 -0.1556318E-02 -0.7904638E-02 -0.3794145E-03  0.8950433E+00  0.3893112E-04 -0.3589157E-05  0.1339456E+00 -0.6018161E-01  0.1002307E+01
  0.3333333E+01 -0.9303827E-02  0.5267721E-01 -0.1561886E-02 -0.7948966E-02 -0.4746188E-03  0.8908934E+00  0.2828972E-05 -0.2140090E-05  0.1343040E+00 -0.5730313E-01  0.1001283E+01
  0.3350694E+01 -0.9302859E-02  0.5274485E-01 -0.1567500E-02 -0.7993915E-02 -0.6481450E-03  0.8993447E+00 -0.4565975E-04 -0.2647936E-05  0.1347419E+00 -0.5527802E-01  0.1011993E+01
  0.3368056E+01 -0.9301435E-02  0.5281208E-01 -0.1573247E-02 -0.8039111E-02 -0.7843264E-03  0.9139506E+00 -0.4097940E-04 -0.1802363E-05  0.1353816E+00 -0.5563334E-01  0.1026770E+01
  0.3385417E+01 -0.9300511E-02  0.5287902E-01 -0.1579095E-02 -0.8083615E-02 -0.7905286E-03  0.9243049E+00 -0.1687551E-04  0.1672801E-05  0.1362592E+00 -0.5936888E-01  0.1034305E+01
  0.3402778E+01 -0.9300345E-02  0.5294593E-01 -0.1584948E-02 -0.8127124E-02 -0.6470150E-03  0.9204079E+00  0.3907669E-04  0.4535714E-05  0.1371716E+00 -0.6320913E-01  0.1027700E+01
  0.3420139E+01 -0.9300289E-02  0.5301299E-01 -0.1590636E-02 -0.8170720E-02 -0.4226125E-03  0.8994138E+00  0.9357477E-04  0.4231026E-05  0.1378242E+00 -0.6347235E-01  0.1007392E+01
  0.3437500E+01 -0.9299511E-02  0.5308016E-01 -0.1596099E-02 -0.8214985E-02 -0.2532820E-03  0.8706349E+00  0.9609437E-04  0.3578186E-05  0.1382116E+00 -0.6088379E-01  0.9817786E+00
  0.3454861E+01 -0.9297266E-02  0.5314710E-01 -0.1601392E-02 -0.8260661E-02 -0.2755620E-03  0.8515454E+00  0.4838735E-04  0.2218300E-05  0.1384505E+00 -0.5617785E-01  0.9675810E+00
  0.3472222E+01 -0.9294728E-02  0.5321378E-01 -0.1606666E-02 -0.8306375E-02 -0.4688977E-03  0.8572622E+00 -0.6690838E-04 -0.2181291E-05  0.1387395E+00 -0.5199894E-01  0.9774708E+00
  0.3489583E+01 -0.9293244E-02  0.5328021E-01 -0.1612142E-02 -0.8350926E-02 -0.6711998E-03  0.8877578E+00 -0.1287457E-03 -0.2227529E-05  0.1392403E+00 -0.5031396E-01  0.1009906E+01
  0.3506944E+01 -0.9292684E-02  0.5334628E-01 -0.1617881E-02 -0.8394334E-02 -0.7071146E-03  0.9215995E+00 -0.1062001E-03  0.2025841E-05  0.1398937E+00 -0.5199034E-01  0.1042733E+01
  0.3524306E+01 -0.9292383E-02  0.5341237E-01 -0.1623839E-02 -0.8437571E-02 -0.5605232E-03  0.9351879E+00  0.8853100E-05  0.6048345E-05  0.1407007E+00 -0.5703966E-01  0.1052362E+01
  0.3541667E+01 -0.9291557E-02  0.5347872E-01 -0.1629803E-02 -0.8481353E-02 -0.3557492E-03  0.9148802E+00  0.1317651E-03  0.6960369E-05  0.1415888E+00 -0.6046628E-01  0.1029862E+01
  0.3559028E+01 -0.9289692E-02  0.5354533E-01 -0.1635468E-02 -0.8526201E-02 -0.2100950E-03  0.8738809E+00  0.1495209E-03  0.4148647E-05  0.1422643E+00 -0.5842061E-01  0.9917621E+00
  0.3576389E+01 -0.9287503E-02  0.5361181E-01 -0.1640790E-02 -0.8571366E-02 -0.1731023E-03  0.8413629E+00  0.5687213E-04  0.1218536E-05  0.1425443E+00 -0.5229676E-01  0.9656076E+00
  0.3593750E+01 -0.9285550E-02  0.5367797E-01 -0.1645965E-02 -0.8616341E-02 -0.2257573E-03  0.8353829E+00 -0.3059287E-04 -0.2324763E-06  0.1426317E+00 -0.4686487E-01  0.9650233E+00
  0.3611111E+01 -0.9283766E-02  0.5374400E-01 -0.1651191E-02 -0.8661100E-02 -0.3383601E-03  0.8513540E+00 -0.7500785E-04 -0.1503171E-06  0.1428378E+00 -0.4563050E-01  0.9822956E+00
  0.3628472E+01 -0.9282474E-02  0.5381020E-01 -0.1656619E-02 -0.8705426E-02 -0.4676352E-03  0.8818511E+00 -0.1041136E-03  0.1115745E-05  0.1432824E+00 -0.4853350E-01  0.1010195E+01
  0.3645833E+01 -0.9281664E-02  0.5387672E-01 -0.1662347E-02 -0.8749261E-02 -0.5120938E-03  0.9109564E+00 -0.7617724E-04  0.2778582E-05  0.1440159E+00 -0.5288084E-01  0.1035689E+01
  0.3663194E+01 -0.9280395E-02  0.5394308E-01 -0.1668235E-02 -0.8793388E-02 -0.3819081E-03  0.9171736E+00  0.2463880E-04  0.5197275E-05  0.1448891E+00 -0.5466737E-01  0.1041244E+01
  0.3680556E+01 -0.9278748E-02  0.5400896E-01 -0.1674050E-02 -0.8837849E-02 -0.1342948E-03  0.8955285E+00  0.1049286E-03  0.7205279E-05  0.1456124E+00 -0.5341264E-01  0.1021924E+01
  0.3697917E+01 -0.9277083E-02  0.5407490E-01 -0.1679673E-02 -0.8882353E-02  0.4548237E-04  0.8638909E+00  0.1014409E-03  0.5083062E-05  0.1461060E+00 -0.5019009E-01  0.9941946E+00
  0.3715278E+01 -0.9275138E-02  0.5414162E-01 -0.1685055E-02 -0.8927713E-02  0.5741869E-04  0.8429558E+00  0.3100823E-04  0.1261659E-06  0.1463708E+00 -0.4671694E-01  0.9769519E+00
  0.3732639E+01 -0.9272949E-02  0.5420865E-01 -0.1690327E-02 -0.8973506E-02 -0.5159977E-04  0.8391537E+00 -0.1466784E-04 -0.3419668E-05  0.1465482E+00 -0.4459256E-01  0.9753115E+00
  0.3750000E+01 -0.9270847E-02  0.5427539E-01 -0.1695602E-02 -0.9019011E-02 -0.1785991E-03  0.8517255E+00 -0.7059592E-04 -0.1016832E-05  0.1467914E+00 -0.4373075E-01  0.9888258E+00
