  0.1501736E+02 -0.6412539E+00  0.3011811E-01 -0.1421320E+00  0.1876209E+00 -0.2658377E-02 -0.5435344E-01  0.8208375E-03  0.4788924E-04  0.8605254E-05  0.0000000E+00 -0.6217814E+00 -0.6099328E+00
  0.1503472E+02 -0.6418705E+00  0.2870667E-01 -0.1421213E+00  0.2046445E+00 -0.3224659E-02 -0.5435191E-01  0.8206944E-03  0.4157612E-04 -0.7162801E-05  0.0000000E+00 -0.6073621E+00 -0.6099079E+00
  0.1505208E+02 -0.6427948E+00  0.2803672E-01 -0.1420903E+00  0.2217894E+00 -0.3628235E-02 -0.5435326E-01  0.8206460E-03  0.2097855E-04 -0.1180170E-04  0.0000000E+00 -0.5922106E+00 -0.6097926E+00
  0.1506944E+02 -0.6440336E+00  0.2823267E-01 -0.1420270E+00  0.2325093E+00 -0.3310641E-02 -0.5435479E-01  0.8205918E-03 -0.4326210E-05 -0.6155773E-05  0.0000000E+00 -0.5821740E+00 -0.6095764E+00
  0.1508681E+02 -0.6424494E+00  0.2929513E-01 -0.1419284E+00  0.2272955E+00 -0.3278750E-02 -0.5435539E-01  0.8208563E-03 -0.4707753E-04  0.8655970E-05  0.0000000E+00 -0.5846389E+00 -0.6093590E+00
  0.1510417E+02 -0.6367610E+00  0.3103675E-01 -0.1417920E+00  0.1991912E+00 -0.4129393E-02 -0.5435291E-01  0.8225022E-03 -0.9671795E-04  0.3546392E-04  0.0000000E+00 -0.6060461E+00 -0.6092475E+00
  0.1512153E+02 -0.6338985E+00  0.3285331E-01 -0.1416317E+00  0.1687532E+00 -0.3978904E-02 -0.5434302E-01  0.8247138E-03 -0.5432187E-04  0.3998936E-04  0.0000000E+00 -0.6314352E+00 -0.6093028E+00
  0.1513889E+02 -0.6403085E+00  0.3381758E-01 -0.1414729E+00  0.1683604E+00 -0.2453494E-02 -0.5432437E-01  0.8258341E-03  0.5839102E-04 -0.2584363E-06  0.0000000E+00 -0.6354973E+00 -0.6094421E+00
  0.1515625E+02 -0.6489753E+00  0.3322412E-01 -0.1413289E+00  0.1950114E+00 -0.1784918E-02 -0.5430225E-01  0.8257371E-03  0.1080819E-03 -0.3651811E-04  0.0000000E+00 -0.6172586E+00 -0.6094548E+00
  0.1517361E+02 -0.6487547E+00  0.3108770E-01 -0.1412226E+00  0.2172848E+00 -0.3111795E-02 -0.5428578E-01  0.8258345E-03  0.3911476E-04 -0.2248457E-04  0.0000000E+00 -0.5981599E+00 -0.6092614E+00
  0.1519097E+02 -0.6409387E+00  0.2830069E-01 -0.1412232E+00  0.2222754E+00 -0.4433189E-02 -0.5428231E-01  0.8269472E-03 -0.2154541E-04  0.2091202E-04  0.0000000E+00 -0.5894749E+00 -0.6089755E+00
  0.1520833E+02 -0.6348853E+00  0.2644745E-01 -0.1413297E+00  0.2157305E+00 -0.3535311E-02 -0.5429264E-01  0.8285375E-03 -0.4261179E-04  0.3915919E-04  0.0000000E+00 -0.5910399E+00 -0.6087644E+00
  0.1522569E+02 -0.6330921E+00  0.2693536E-01 -0.1414105E+00  0.2012720E+00 -0.2681520E-02 -0.5430726E-01  0.8295854E-03 -0.3601447E-04  0.1527093E-04  0.0000000E+00 -0.6024752E+00 -0.6087204E+00
  0.1524306E+02 -0.6350052E+00  0.2969370E-01 -0.1413386E+00  0.1870388E+00 -0.4014632E-02 -0.5431111E-01  0.8295531E-03 -0.1842297E-04 -0.1907160E-05  0.0000000E+00 -0.6171278E+00 -0.6088604E+00
  0.1526042E+02 -0.6402795E+00  0.3291603E-01 -0.1411305E+00  0.1810748E+00 -0.5344962E-02 -0.5429724E-01  0.8290343E-03 -0.6979002E-05 -0.6524193E-05  0.0000000E+00 -0.6262457E+00 -0.6090022E+00
  0.1527778E+02 -0.6454672E+00  0.3460470E-01 -0.1408821E+00  0.1855988E+00 -0.4809337E-02 -0.5427221E-01  0.8289441E-03  0.2191325E-04 -0.3577145E-05  0.0000000E+00 -0.6243800E+00 -0.6089174E+00
  0.1529514E+02 -0.6455406E+00  0.3404846E-01 -0.1406735E+00  0.1954462E+00 -0.3392577E-02 -0.5425005E-01  0.8299540E-03 -0.1206563E-05  0.1028169E-04  0.0000000E+00 -0.6135230E+00 -0.6086550E+00
  0.1531250E+02 -0.6410253E+00  0.3200417E-01 -0.1405466E+00  0.1990969E+00 -0.2350118E-02 -0.5423927E-01  0.8321265E-03 -0.1423039E-04  0.1809727E-04  0.0000000E+00 -0.6062242E+00 -0.6084046E+00
  0.1532986E+02 -0.6376367E+00  0.2986668E-01 -0.1405015E+00  0.1985179E+00 -0.2003788E-02 -0.5423844E-01  0.8346478E-03  0.2187606E-04  0.1219367E-04  0.0000000E+00 -0.6051272E+00 -0.6083024E+00
  0.1534722E+02 -0.6373198E+00  0.2864096E-01 -0.1404972E+00  0.1991457E+00 -0.2680910E-02 -0.5424132E-01  0.8365348E-03  0.3256733E-04  0.8877729E-05  0.0000000E+00 -0.6060745E+00 -0.6083508E+00
  0.1536458E+02 -0.6383302E+00  0.2858544E-01 -0.1404982E+00  0.1995024E+00 -0.3573104E-02 -0.5424346E-01  0.8373618E-03  0.4491134E-05  0.1354693E-04  0.0000000E+00 -0.6077017E+00 -0.6084422E+00
  0.1538194E+02 -0.6413384E+00  0.2950171E-01 -0.1405019E+00  0.2020043E+00 -0.3861155E-02 -0.5424275E-01  0.8373760E-03 -0.7772796E-06  0.1013778E-05  0.0000000E+00 -0.6076006E+00 -0.6084395E+00
  0.1539931E+02 -0.6433495E+00  0.3092491E-01 -0.1404872E+00  0.2060853E+00 -0.4150972E-02 -0.5423687E-01  0.8369234E-03 -0.8345262E-05 -0.5777487E-05  0.0000000E+00 -0.6043916E+00 -0.6083058E+00
  0.1541667E+02 -0.6426217E+00  0.3209989E-01 -0.1404397E+00  0.2036193E+00 -0.4245151E-02 -0.5422531E-01  0.8366074E-03 -0.3491664E-04  0.6810829E-06  0.0000000E+00 -0.6050104E+00 -0.6081085E+00
  0.1543403E+02 -0.6407525E+00  0.3239264E-01 -0.1403313E+00  0.1968463E+00 -0.3900752E-02 -0.5421069E-01  0.8373710E-03 -0.2824047E-05  0.4039639E-05  0.0000000E+00 -0.6091177E+00 -0.6079325E+00
  0.1545139E+02 -0.6387428E+00  0.3182921E-01 -0.1401231E+00  0.1920640E+00 -0.3763048E-02 -0.5419876E-01  0.8390386E-03  0.5070260E-05  0.9068889E-05  0.0000000E+00 -0.6120814E+00 -0.6078276E+00
  0.1546875E+02 -0.6377991E+00  0.3104060E-01 -0.1398488E+00  0.1872864E+00 -0.4548780E-02 -0.5419322E-01  0.8407890E-03  0.8074994E-05  0.8076321E-05  0.0000000E+00 -0.6172060E+00 -0.6077911E+00
  0.1548611E+02 -0.6379560E+00  0.3071552E-01 -0.1395971E+00  0.1859070E+00 -0.5519247E-02 -0.5419255E-01  0.8425065E-03  0.1797305E-04  0.9975563E-05  0.0000000E+00 -0.6197720E+00 -0.6078079E+00
  0.1550347E+02 -0.6405233E+00  0.3107190E-01 -0.1394644E+00  0.1892640E+00 -0.4981517E-02 -0.5419238E-01  0.8440062E-03 -0.6558251E-05  0.2186931E-04  0.0000000E+00 -0.6179663E+00 -0.6077873E+00
  0.1552083E+02 -0.6442332E+00  0.3170599E-01 -0.1395357E+00  0.1976249E+00 -0.2112019E-02 -0.5418749E-01  0.8449785E-03 -0.2215680E-04  0.3899004E-04  0.0000000E+00 -0.6098756E+00 -0.6076767E+00
  0.1553819E+02 -0.6471671E+00  0.3196727E-01 -0.1397797E+00  0.2125865E+00  0.1554102E-02 -0.5417750E-01  0.8455534E-03 -0.2148614E-05  0.2398738E-04  0.0000000E+00 -0.5941491E+00 -0.6074827E+00
  0.1555556E+02 -0.6470347E+00  0.3162664E-01 -0.1399946E+00  0.2260950E+00  0.1973086E-02 -0.5416557E-01  0.8458122E-03  0.3099982E-04 -0.1981411E-04  0.0000000E+00 -0.5806431E+00 -0.6072603E+00
  0.1557292E+02 -0.6416837E+00  0.3083913E-01 -0.1399699E+00  0.2259213E+00 -0.2313783E-02 -0.5415435E-01  0.8461003E-03  0.1653346E-04 -0.4064935E-04  0.0000000E+00 -0.5805393E+00 -0.6071397E+00
  0.1559028E+02 -0.6360989E+00  0.2981197E-01 -0.1397090E+00  0.2124143E+00 -0.7628100E-02 -0.5414558E-01  0.8469402E-03  0.6413976E-05 -0.1982102E-04  0.0000000E+00 -0.5945218E+00 -0.6071562E+00
  0.1560764E+02 -0.6352507E+00  0.2886928E-01 -0.1393823E+00  0.1981001E+00 -0.9483835E-02 -0.5414178E-01  0.8477562E-03  0.1325337E-04  0.4418972E-05  0.0000000E+00 -0.6104238E+00 -0.6071909E+00
  0.1562500E+02 -0.6355346E+00  0.2863880E-01 -0.1391002E+00  0.1833372E+00 -0.8061308E-02 -0.5414431E-01  0.8483145E-03 -0.3471167E-04  0.3296054E-04  0.0000000E+00 -0.6240178E+00 -0.6071228E+00
