  0.2939236E+02 -0.5409493E-02  0.1074261E+00 -0.9049417E-02 -0.4567754E-01  0.1481889E-01  0.6638634E+00 -0.2051761E-04  0.6962239E-05  0.3113126E+00 -0.1373936E-02  0.1035897E+01
  0.2940972E+02 -0.5404689E-02  0.1074384E+00 -0.9052558E-02 -0.4568988E-01  0.1489501E-01  0.6546068E+00  0.5866458E-04  0.1054636E-04  0.3109309E+00  0.1827943E-02  0.1029621E+01
  0.2942708E+02 -0.5398726E-02  0.1074510E+00 -0.9054954E-02 -0.4570465E-01  0.1646477E-01  0.6348006E+00  0.6852289E-04  0.4019835E-05  0.3103198E+00  0.5556476E-02  0.1014507E+01
  0.2944444E+02 -0.5394194E-02  0.1074637E+00 -0.9056893E-02 -0.4571792E-01  0.1531411E-01  0.6542769E+00  0.1239304E-05 -0.4355832E-05  0.3102680E+00  0.2276761E-02  0.1029427E+01
  0.2946181E+02 -0.5391223E-02  0.1074763E+00 -0.9058794E-02 -0.4572961E-01  0.1566790E-01  0.6890233E+00 -0.3124852E-04 -0.5199933E-05  0.3105787E+00 -0.8085220E-02  0.1054445E+01
  0.2947917E+02 -0.5389127E-02  0.1074887E+00 -0.9061145E-02 -0.4574043E-01  0.1400923E-01  0.7252225E+00 -0.3725651E-04 -0.4947123E-05  0.3112811E+00 -0.1906644E-01  0.1078702E+01
  0.2949653E+02 -0.5386831E-02  0.1075013E+00 -0.9064088E-02 -0.4575182E-01  0.1451039E-01  0.7304667E+00 -0.4442138E-04 -0.4076196E-05  0.3118910E+00 -0.2164067E-01  0.1082478E+01
  0.2951389E+02 -0.5383731E-02  0.1075148E+00 -0.9067496E-02 -0.4576458E-01  0.1382798E-01  0.6960309E+00 -0.1322798E-04 -0.7800696E-06  0.3123820E+00 -0.1151168E-01  0.1058014E+01
  0.2953125E+02 -0.5379809E-02  0.1075290E+00 -0.9070977E-02 -0.4577842E-01  0.1568454E-01  0.6492381E+00 -0.9398433E-06  0.1709536E-05  0.3123375E+00  0.3571210E-02  0.1028132E+01
  0.2954861E+02 -0.5375931E-02  0.1075428E+00 -0.9074321E-02 -0.4579192E-01  0.1528012E-01  0.6402654E+00 -0.4156190E-04  0.2672040E-05  0.3120132E+00  0.1280510E-01  0.1027626E+01
  0.2956597E+02 -0.5371846E-02  0.1075561E+00 -0.9077680E-02 -0.4580563E-01  0.1688367E-01  0.6480149E+00  0.1047926E-03  0.2966183E-05  0.3115140E+00  0.8561141E-02  0.1032382E+01
  0.2958333E+02 -0.5369056E-02  0.1075691E+00 -0.9081046E-02 -0.4581803E-01  0.1527921E-01  0.6614394E+00  0.1247940E-03  0.3879221E-05  0.3113633E+00 -0.6625695E-02  0.1028886E+01
  0.2960069E+02 -0.5367695E-02  0.1075829E+00 -0.9084166E-02 -0.4582952E-01  0.1585721E-01  0.6632959E+00 -0.4301854E-05  0.2666167E-05  0.3111309E+00 -0.1630441E-01  0.1021279E+01
  0.2961806E+02 -0.5365831E-02  0.1075979E+00 -0.9086825E-02 -0.4584219E-01  0.1437149E-01  0.6833240E+00 -0.1075922E-03 -0.1627390E-05  0.3112539E+00 -0.1543601E-01  0.1040707E+01
  0.2963542E+02 -0.5363178E-02  0.1076137E+00 -0.9089248E-02 -0.4585588E-01  0.1583740E-01  0.6878946E+00 -0.1309917E-03 -0.6000640E-05  0.3115009E+00 -0.1220386E-01  0.1050197E+01
  0.2965278E+02 -0.5359747E-02  0.1076292E+00 -0.9091661E-02 -0.4586996E-01  0.1519360E-01  0.6984102E+00 -0.3019269E-04 -0.8191518E-05  0.3119392E+00 -0.5636030E-02  0.1067176E+01
  0.2967014E+02 -0.5355611E-02  0.1076441E+00 -0.9094196E-02 -0.4588454E-01  0.1744234E-01  0.6837052E+00  0.5979399E-04 -0.7288641E-05  0.3117879E+00  0.2905990E-02  0.1063204E+01
  0.2968750E+02 -0.5352059E-02  0.1076584E+00 -0.9097151E-02 -0.4589838E-01  0.1638465E-01  0.6801885E+00  0.2436664E-04 -0.3017422E-05  0.3121255E+00  0.6048718E-02  0.1062080E+01
  0.2970486E+02 -0.5349400E-02  0.1076736E+00 -0.9100611E-02 -0.4591176E-01  0.1797119E-01  0.6658110E+00  0.4828021E-04  0.3229119E-05  0.3123724E+00 -0.1755175E-02  0.1041763E+01
  0.2972222E+02 -0.5347209E-02  0.1076882E+00 -0.9104088E-02 -0.4592447E-01  0.1574175E-01  0.6717201E+00  0.4533635E-04  0.5989953E-05  0.3130336E+00 -0.1363641E-01  0.1034223E+01
  0.2973958E+02 -0.5344933E-02  0.1077039E+00 -0.9107315E-02 -0.4593767E-01  0.1688973E-01  0.6596759E+00 -0.9235993E-05  0.4017236E-05  0.3128167E+00 -0.1680615E-01  0.1019885E+01
  0.2975694E+02 -0.5342435E-02  0.1077175E+00 -0.9110303E-02 -0.4595019E-01  0.1544720E-01  0.6677245E+00  0.4191168E-06  0.1763433E-05  0.3124714E+00 -0.1414431E-01  0.1028816E+01
  0.2977431E+02 -0.5339749E-02  0.1077325E+00 -0.9113312E-02 -0.4596362E-01  0.1744137E-01  0.6758285E+00 -0.2048395E-04 -0.8750984E-06  0.3118577E+00 -0.1275338E-01  0.1039669E+01
  0.2979167E+02 -0.5337241E-02  0.1077439E+00 -0.9116295E-02 -0.4597532E-01  0.1708562E-01  0.6723137E+00  0.1430195E-04 -0.4234823E-05  0.3120801E+00 -0.8121539E-02  0.1040683E+01
  0.2980903E+02 -0.5333273E-02  0.1077581E+00 -0.9119143E-02 -0.4598939E-01  0.1971090E-01  0.6679647E+00 -0.9422561E-04 -0.4923711E-05  0.3115600E+00 -0.5919080E-03  0.1045861E+01
  0.2982639E+02 -0.5330049E-02  0.1077671E+00 -0.9121975E-02 -0.4600016E-01  0.1929055E-01  0.6577431E+00  0.1537635E-03 -0.4541997E-05  0.3124182E+00  0.1921340E-02  0.1038837E+01
  0.2984375E+02 -0.5324881E-02  0.1077765E+00 -0.9124242E-02 -0.4601245E-01  0.2099596E-01  0.6790573E+00 -0.1205672E-03 -0.3052651E-05  0.3119444E+00 -0.5001740E-02  0.1054187E+01
  0.2986111E+02 -0.5323821E-02  0.1077866E+00 -0.9127133E-02 -0.4602129E-01  0.1870274E-01  0.6709294E+00  0.3686563E-03  0.8456268E-06  0.3136990E+00 -0.1101443E-01  0.1040001E+01
  0.2987847E+02 -0.5317305E-02  0.1077823E+00 -0.9128674E-02 -0.4602802E-01  0.1905271E-01  0.7221391E+00 -0.6670885E-03  0.2732633E-05  0.3125366E+00 -0.1593400E-01  0.1084438E+01
  0.2989583E+02 -0.5318562E-02  0.1078043E+00 -0.9133088E-02 -0.4604027E-01  0.1905810E-01  0.6592340E+00  0.9792865E-03  0.3556778E-05  0.3155417E+00 -0.2113640E-01  0.1020993E+01
  0.2991319E+02 -0.5312224E-02  0.1077646E+00 -0.9133636E-02 -0.4602836E-01  0.1913153E-01  0.6813907E+00 -0.9831567E-03  0.4028422E-05  0.3122680E+00 -0.7900716E-02  0.1051201E+01
  0.2993056E+02 -0.5314010E-02  0.1078014E+00 -0.9138110E-02 -0.4604738E-01  0.2315746E-01  0.5865017E+00  0.1157597E-02  0.4110159E-05  0.3177205E+00 -0.5001546E-02  0.9708417E+00
  0.2994792E+02 -0.5306499E-02  0.1077245E+00 -0.9137298E-02 -0.4601701E-01  0.2186066E-01  0.5305110E+00  0.3033797E-03  0.3640752E-05  0.3126527E+00  0.4098461E-01  0.9535797E+00
  0.2996528E+02 -0.5303211E-02  0.1077210E+00 -0.9137400E-02 -0.4602245E-01  0.2511333E-01  0.5033708E+00 -0.1120799E-02 -0.7377742E-06  0.3205263E+00  0.5155277E-01  0.9466996E+00
  0.2998264E+02 -0.5303180E-02  0.1076724E+00 -0.9140007E-02 -0.4599758E-01  0.2409604E-01  0.2765470E+00  0.6264925E-02 -0.2360098E-05  0.3192723E+00  0.2176667E+00  0.8910763E+00
  0.3000000E+02 -0.5285197E-02  0.1072955E+00 -0.9126081E-02 -0.4581930E-01  0.2569970E-01 -0.5340123E+03  0.5717927E+01 -0.1451318E-04  0.3343774E+00  0.2917051E+02 -0.4987167E+03
