  0.2001736E+02 -0.7397472E-02  0.9747254E-01 -0.7020620E-02 -0.3722645E-01  0.1177237E-01  0.7120441E+00 -0.7043139E-05  0.4389999E-05  0.2867523E+00 -0.1967903E-01  0.1036715E+01
  0.2003472E+02 -0.7395250E-02  0.9749107E-01 -0.7024795E-02 -0.3723981E-01  0.1093162E-01  0.7153704E+00 -0.4187092E-04  0.5811490E-06  0.2867013E+00 -0.1656797E-01  0.1042225E+01
  0.2005208E+02 -0.7393124E-02  0.9751006E-01 -0.7029310E-02 -0.3725401E-01  0.1069265E-01  0.7059095E+00 -0.2108365E-04 -0.3024320E-05  0.2862962E+00 -0.1201001E-01  0.1036698E+01
  0.2006944E+02 -0.7389482E-02  0.9752921E-01 -0.7033886E-02 -0.3727010E-01  0.1105360E-01  0.7004677E+00 -0.2886597E-04 -0.4015170E-05  0.2858370E+00 -0.1037505E-01  0.1032786E+01
  0.2008681E+02 -0.7384475E-02  0.9754810E-01 -0.7038351E-02 -0.3728734E-01  0.1173352E-01  0.6973564E+00  0.1356322E-04 -0.2757630E-05  0.2854701E+00 -0.1261529E-01  0.1027793E+01
  0.2010417E+02 -0.7378427E-02  0.9756679E-01 -0.7042780E-02 -0.3730525E-01  0.1224381E-01  0.6913146E+00  0.9462048E-04  0.1163913E-06  0.2854539E+00 -0.1851064E-01  0.1016437E+01
  0.2012153E+02 -0.7373679E-02  0.9758549E-01 -0.7047245E-02 -0.3732149E-01  0.1223592E-01  0.6925372E+00  0.7413206E-05  0.3034645E-05  0.2858585E+00 -0.2493145E-01  0.1011554E+01
  0.2013889E+02 -0.7370915E-02  0.9760425E-01 -0.7051759E-02 -0.3733557E-01  0.1190731E-01  0.7121505E+00 -0.5464112E-04  0.4129686E-05  0.2864930E+00 -0.2813092E-01  0.1028215E+01
  0.2015625E+02 -0.7369722E-02  0.9762306E-01 -0.7056295E-02 -0.3734815E-01  0.1179107E-01  0.7363780E+00 -0.1001450E-03  0.1554851E-05  0.2870775E+00 -0.2498842E-01  0.1056008E+01
  0.2017361E+02 -0.7367650E-02  0.9764190E-01 -0.7060795E-02 -0.3736204E-01  0.1217827E-01  0.7499760E+00 -0.1083672E-03 -0.2038969E-05  0.2873007E+00 -0.1420883E-01  0.1080987E+01
  0.2019097E+02 -0.7363050E-02  0.9766089E-01 -0.7065070E-02 -0.3737901E-01  0.1275055E-01  0.7448950E+00  0.1287251E-04 -0.1977630E-05  0.2870445E+00 -0.2121016E-02  0.1088434E+01
  0.2020833E+02 -0.7355729E-02  0.9768013E-01 -0.7068965E-02 -0.3739920E-01  0.1291524E-01  0.7102991E+00  0.1883135E-03  0.1775814E-05  0.2863985E+00  0.2010566E-02  0.1057670E+01
  0.2022569E+02 -0.7348300E-02  0.9769948E-01 -0.7072718E-02 -0.3741945E-01  0.1237613E-01  0.6740621E+00  0.1558818E-03  0.6158994E-05  0.2856347E+00 -0.4681207E-02  0.1013413E+01
  0.2024306E+02 -0.7344513E-02  0.9771882E-01 -0.7076918E-02 -0.3743551E-01  0.1139150E-01  0.6692366E+00 -0.1435973E-05  0.8048827E-05  0.2853881E+00 -0.1836391E-01  0.9935209E+00
  0.2026042E+02 -0.7343992E-02  0.9773797E-01 -0.7081649E-02 -0.3744767E-01  0.1054229E-01  0.6968767E+00 -0.8698646E-04  0.3107780E-05  0.2860159E+00 -0.3258088E-01  0.1006635E+01
  0.2027778E+02 -0.7343814E-02  0.9775691E-01 -0.7086584E-02 -0.3745920E-01  0.1032110E-01  0.7226084E+00 -0.1133244E-03 -0.2504156E-05  0.2869904E+00 -0.3708583E-01  0.1028586E+01
  0.2029514E+02 -0.7341004E-02  0.9777584E-01 -0.7091442E-02 -0.3747369E-01  0.1090154E-01  0.7413438E+00 -0.1398752E-03 -0.4263814E-06  0.2875725E+00 -0.2709172E-01  0.1058456E+01
  0.2031250E+02 -0.7335710E-02  0.9779497E-01 -0.7096207E-02 -0.3749106E-01  0.1210588E-01  0.7543449E+00 -0.6635857E-04  0.1939209E-05  0.2875315E+00 -0.1044610E-01  0.1089344E+01
  0.2032986E+02 -0.7328068E-02  0.9781424E-01 -0.7100690E-02 -0.3751139E-01  0.1344647E-01  0.7515708E+00  0.1051944E-03  0.2642138E-06  0.2870130E+00 -0.7748384E-03  0.1097235E+01
  0.2034722E+02 -0.7321361E-02  0.9783361E-01 -0.7104870E-02 -0.3753095E-01  0.1416009E-01  0.7260855E+00  0.1740342E-03  0.4649590E-06  0.2864772E+00 -0.4030729E-02  0.1068743E+01
  0.2036458E+02 -0.7318720E-02  0.9785290E-01 -0.7108926E-02 -0.3754606E-01  0.1372139E-01  0.6907133E+00  0.1465128E-03  0.4261264E-05  0.2862843E+00 -0.1257621E-01  0.1024173E+01
  0.2038194E+02 -0.7317274E-02  0.9787212E-01 -0.7112767E-02 -0.3755960E-01  0.1231299E-01  0.6642267E+00  0.2541080E-04  0.6489124E-05  0.2864043E+00 -0.1867202E-01  0.9901863E+00
  0.2039931E+02 -0.7315055E-02  0.9789117E-01 -0.7116650E-02 -0.3757373E-01  0.1070301E-01  0.6675215E+00 -0.9839409E-04  0.4640536E-05  0.2866585E+00 -0.2190774E-01  0.9887672E+00
  0.2041667E+02 -0.7311868E-02  0.9791034E-01 -0.7120987E-02 -0.3758900E-01  0.9770627E-02  0.6926850E+00 -0.1614873E-03  0.2130907E-05  0.2868853E+00 -0.2158197E-01  0.1013488E+01
  0.2043403E+02 -0.7306733E-02  0.9793013E-01 -0.7125901E-02 -0.3760661E-01  0.9911448E-02  0.7175292E+00 -0.5611596E-04  0.6048738E-06  0.2871611E+00 -0.2096157E-01  0.1039476E+01
  0.2045139E+02 -0.7301515E-02  0.9795050E-01 -0.7131021E-02 -0.3762472E-01  0.1098302E-01  0.7364937E+00  0.2743084E-04 -0.7590345E-06  0.2874431E+00 -0.2184525E-01  0.1058994E+01
  0.2046875E+02 -0.7297399E-02  0.9797099E-01 -0.7135845E-02 -0.3764191E-01  0.1249900E-01  0.7355834E+00  0.4812487E-04 -0.4141629E-06  0.2876110E+00 -0.2082779E-01  0.1060809E+01
  0.2048611E+02 -0.7294586E-02  0.9799128E-01 -0.7140319E-02 -0.3765748E-01  0.1371502E-01  0.7091741E+00  0.4501458E-04  0.1931484E-05  0.2876244E+00 -0.1633146E-01  0.1040128E+01
  0.2050347E+02 -0.7290457E-02  0.9801121E-01 -0.7144461E-02 -0.3767414E-01  0.1407513E-01  0.6755446E+00  0.6780918E-04  0.2635869E-05  0.2873635E+00 -0.1021865E-01  0.1012737E+01
  0.2052083E+02 -0.7285296E-02  0.9803099E-01 -0.7148385E-02 -0.3769185E-01  0.1346223E-01  0.6545070E+00  0.8413028E-04  0.1046061E-05  0.2869822E+00 -0.7817452E-02  0.9931246E+00
  0.2053819E+02 -0.7281676E-02  0.9805095E-01 -0.7152371E-02 -0.3770792E-01  0.1212676E-01  0.6478505E+00  0.2099281E-04 -0.1362842E-06  0.2868682E+00 -0.1067717E-01  0.9820981E+00
  0.2055556E+02 -0.7279699E-02  0.9807131E-01 -0.7156521E-02 -0.3772254E-01  0.1065734E-01  0.6739527E+00 -0.1087646E-03 -0.1218859E-05  0.2871740E+00 -0.1473059E-01  0.1002856E+01
  0.2057292E+02 -0.7277273E-02  0.9809209E-01 -0.7160892E-02 -0.3773807E-01  0.9926247E-02  0.7231409E+00 -0.2193269E-03 -0.3443680E-05  0.2876115E+00 -0.1484384E-01  0.1051528E+01
  0.2059028E+02 -0.7272761E-02  0.9811286E-01 -0.7165618E-02 -0.3775583E-01  0.1045274E-01  0.7621780E+00 -0.1683427E-03 -0.1193693E-05  0.2878409E+00 -0.1168310E-01  0.1094538E+01
  0.2060764E+02 -0.7265871E-02  0.9813329E-01 -0.7170566E-02 -0.3777586E-01  0.1185888E-01  0.7686172E+00  0.5633203E-04  0.4281695E-05  0.2878878E+00 -0.1183924E-01  0.1102506E+01
  0.2062500E+02 -0.7258395E-02  0.9815337E-01 -0.7175416E-02 -0.3779623E-01  0.1312304E-01  0.7374965E+00  0.2495403E-03  0.4572368E-05  0.2879080E+00 -0.1663466E-01  0.1068070E+01
