  0.1001736E+02 -0.6549170E+00  0.1663573E-01 -0.1732260E+00  0.2405243E+00 -0.1291661E-01 -0.5723784E-01  0.5990248E-03  0.5276376E-04 -0.4083615E-05  0.0000000E+00 -0.6404898E+00 -0.6591150E+00
  0.1003472E+02 -0.6500177E+00  0.1317776E-01 -0.1731175E+00  0.2291532E+00 -0.1243472E-01 -0.5725481E-01  0.6006211E-03 -0.1286300E-04  0.2021329E-04  0.0000000E+00 -0.6498858E+00 -0.6588370E+00
  0.1005208E+02 -0.6503838E+00  0.1378611E-01 -0.1729608E+00  0.2141537E+00 -0.9681910E-02 -0.5727636E-01  0.6018378E-03 -0.6007146E-04  0.3996027E-04  0.0000000E+00 -0.6617813E+00 -0.6586685E+00
  0.1006944E+02 -0.6567856E+00  0.1803854E-01 -0.1727606E+00  0.2063268E+00 -0.6698657E-02 -0.5728622E-01  0.6024295E-03 -0.6810786E-04  0.2242922E-04  0.0000000E+00 -0.6686090E+00 -0.6585286E+00
  0.1008681E+02 -0.6625808E+00  0.2393803E-01 -0.1725269E+00  0.2051172E+00 -0.5749565E-02 -0.5727507E-01  0.6025458E-03 -0.6211183E-04 -0.9503942E-05  0.0000000E+00 -0.6685461E+00 -0.6583394E+00
  0.1010417E+02 -0.6649124E+00  0.2888166E-01 -0.1722989E+00  0.2062501E+00 -0.6229777E-02 -0.5724326E-01  0.6027507E-03 -0.5846859E-04 -0.1654648E-04  0.0000000E+00 -0.6650248E+00 -0.6580988E+00
  0.1012153E+02 -0.6652180E+00  0.3073084E-01 -0.1721324E+00  0.2102887E+00 -0.7065952E-02 -0.5719970E-01  0.6033735E-03 -0.9733783E-05 -0.1702783E-04  0.0000000E+00 -0.6600198E+00 -0.6578362E+00
  0.1013889E+02 -0.6610700E+00  0.2875082E-01 -0.1720608E+00  0.2180092E+00 -0.9182530E-02 -0.5715761E-01  0.6045506E-03  0.5229068E-04 -0.9847482E-05  0.0000000E+00 -0.6520639E+00 -0.6575868E+00
  0.1015625E+02 -0.6546042E+00  0.2382172E-01 -0.1720660E+00  0.2249516E+00 -0.1221926E-01 -0.5712887E-01  0.6060447E-03  0.8201769E-04  0.1299168E-04  0.0000000E+00 -0.6465439E+00 -0.6573661E+00
  0.1017361E+02 -0.6507939E+00  0.1796599E-01 -0.1720911E+00  0.2285538E+00 -0.1348130E-01 -0.5711939E-01  0.6074652E-03  0.8059925E-04  0.2526379E-04  0.0000000E+00 -0.6462525E+00 -0.6571663E+00
  0.1019097E+02 -0.6494968E+00  0.1353144E-01 -0.1720997E+00  0.2256269E+00 -0.1198237E-01 -0.5712811E-01  0.6089087E-03  0.4264888E-04  0.1211639E-04  0.0000000E+00 -0.6508850E+00 -0.6569348E+00
  0.1020833E+02 -0.6495014E+00  0.1232257E-01 -0.1720401E+00  0.2160882E+00 -0.9429622E-02 -0.5714662E-01  0.6099851E-03 -0.1133946E-04  0.2818937E-05  0.0000000E+00 -0.6591055E+00 -0.6566704E+00
  0.1022569E+02 -0.6514702E+00  0.1487166E-01 -0.1718441E+00  0.2064705E+00 -0.7402829E-02 -0.5716178E-01  0.6103165E-03 -0.7474210E-04  0.7457098E-05  0.0000000E+00 -0.6659937E+00 -0.6564346E+00
  0.1024306E+02 -0.6562219E+00  0.2007030E-01 -0.1715136E+00  0.2014464E+00 -0.6035565E-02 -0.5716093E-01  0.6103662E-03 -0.8817348E-04  0.8171952E-05  0.0000000E+00 -0.6688849E+00 -0.6562691E+00
  0.1026042E+02 -0.6616743E+00  0.2563059E-01 -0.1711256E+00  0.2053493E+00 -0.5531558E-02 -0.5713933E-01  0.6106240E-03 -0.5079022E-04 -0.9362663E-06  0.0000000E+00 -0.6639320E+00 -0.6561279E+00
  0.1027778E+02 -0.6635202E+00  0.2924451E-01 -0.1708057E+00  0.2155495E+00 -0.6887928E-02 -0.5710258E-01  0.6114581E-03 -0.1599294E-04 -0.9077129E-05  0.0000000E+00 -0.6529360E+00 -0.6559069E+00
  0.1029514E+02 -0.6611691E+00  0.2958537E-01 -0.1706400E+00  0.2240011E+00 -0.9359884E-02 -0.5706102E-01  0.6127950E-03  0.1644324E-04 -0.2350538E-05  0.0000000E+00 -0.6440167E+00 -0.6556225E+00
  0.1031250E+02 -0.6566614E+00  0.2664553E-01 -0.1706446E+00  0.2287309E+00 -0.1104744E-01 -0.5702610E-01  0.6142410E-03  0.5665801E-04  0.2351225E-05  0.0000000E+00 -0.6393299E+00 -0.6553065E+00
  0.1032986E+02 -0.6499867E+00  0.2172764E-01 -0.1707625E+00  0.2268524E+00 -0.1229219E-01 -0.5700715E-01  0.6155077E-03  0.6880312E-04 -0.4404387E-05  0.0000000E+00 -0.6407886E+00 -0.6549767E+00
  0.1034722E+02 -0.6437824E+00  0.1691589E-01 -0.1708981E+00  0.2140556E+00 -0.1336396E-01 -0.5700586E-01  0.6169008E-03  0.3365690E-04  0.2435081E-05  0.0000000E+00 -0.6534258E+00 -0.6547430E+00
  0.1036458E+02 -0.6429322E+00  0.1410782E-01 -0.1709470E+00  0.1997444E+00 -0.1256237E-01 -0.5701589E-01  0.6181153E-03  0.1462714E-04  0.1839303E-04  0.0000000E+00 -0.6689541E+00 -0.6546353E+00
  0.1038194E+02 -0.6485361E+00  0.1427913E-01 -0.1708370E+00  0.1964200E+00 -0.9684597E-02 -0.5702726E-01  0.6186474E-03 -0.6774957E-05  0.2067512E-04  0.0000000E+00 -0.6747533E+00 -0.6545327E+00
  0.1039931E+02 -0.6550307E+00  0.1713437E-01 -0.1705793E+00  0.2019594E+00 -0.6611959E-02 -0.5703034E-01  0.6185128E-03 -0.5080395E-04  0.1459094E-04  0.0000000E+00 -0.6695762E+00 -0.6543342E+00
  0.1041667E+02 -0.6587874E+00  0.2131423E-01 -0.1702337E+00  0.2125894E+00 -0.4578096E-02 -0.5702043E-01  0.6186521E-03 -0.6407474E-04  0.1158964E-04  0.0000000E+00 -0.6561498E+00 -0.6540284E+00
  0.1043403E+02 -0.6603807E+00  0.2520207E-01 -0.1698678E+00  0.2248498E+00 -0.4844045E-02 -0.5699949E-01  0.6194255E-03 -0.4460839E-04 -0.8487014E-05  0.0000000E+00 -0.6414739E+00 -0.6536824E+00
  0.1045139E+02 -0.6573875E+00  0.2763886E-01 -0.1695451E+00  0.2274347E+00 -0.8366590E-02 -0.5697162E-01  0.6208328E-03 -0.2613477E-04 -0.2955630E-04  0.0000000E+00 -0.6366321E+00 -0.6534002E+00
  0.1046875E+02 -0.6514175E+00  0.2799597E-01 -0.1693346E+00  0.2171453E+00 -0.1284724E-01 -0.5694140E-01  0.6225025E-03 -0.1473577E-05 -0.1566955E-04  0.0000000E+00 -0.6447941E+00 -0.6532286E+00
  0.1048611E+02 -0.6473542E+00  0.2620177E-01 -0.1692664E+00  0.2054873E+00 -0.1530696E-01 -0.5691357E-01  0.6237136E-03  0.4224142E-04  0.8141424E-05  0.0000000E+00 -0.6564779E+00 -0.6531281E+00
  0.1050347E+02 -0.6468425E+00  0.2283266E-01 -0.1693104E+00  0.2008524E+00 -0.1468855E-01 -0.5689336E-01  0.6241710E-03  0.6254988E-04  0.1989172E-04  0.0000000E+00 -0.6633432E+00 -0.6530083E+00
  0.1052083E+02 -0.6475594E+00  0.1905735E-01 -0.1694133E+00  0.2019805E+00 -0.1176205E-01 -0.5688450E-01  0.6246463E-03  0.5286388E-04  0.2287317E-04  0.0000000E+00 -0.6638810E+00 -0.6527969E+00
  0.1053819E+02 -0.6478994E+00  0.1629836E-01 -0.1694926E+00  0.2045007E+00 -0.8808728E-02 -0.5688681E-01  0.6254924E-03  0.1927200E-04  0.2049381E-04  0.0000000E+00 -0.6616233E+00 -0.6524971E+00
  0.1055556E+02 -0.6482533E+00  0.1563999E-01 -0.1694731E+00  0.2035269E+00 -0.7058016E-02 -0.5689473E-01  0.6267414E-03 -0.3975821E-04  0.2268554E-04  0.0000000E+00 -0.6619026E+00 -0.6522139E+00
  0.1057292E+02 -0.6501406E+00  0.1733680E-01 -0.1693008E+00  0.2041455E+00 -0.5849908E-02 -0.5689917E-01  0.6278440E-03 -0.3855293E-04  0.7815692E-05  0.0000000E+00 -0.6601111E+00 -0.6520283E+00
  0.1059028E+02 -0.6544506E+00  0.2071066E-01 -0.1689618E+00  0.2137673E+00 -0.5916421E-02 -0.5689304E-01  0.6279658E-03 -0.3590936E-05 -0.2350100E-04  0.0000000E+00 -0.6511429E+00 -0.6519155E+00
  0.1060764E+02 -0.6571327E+00  0.2433461E-01 -0.1685237E+00  0.2246939E+00 -0.8219739E-02 -0.5687415E-01  0.6279665E-03 -0.2293463E-04 -0.2198171E-04  0.0000000E+00 -0.6411387E+00 -0.6518019E+00
  0.1062500E+02 -0.6552857E+00  0.2668967E-01 -0.1681246E+00  0.2261938E+00 -0.1105024E-01 -0.5684700E-01  0.6288252E-03 -0.3820200E-04  0.1714345E-05  0.0000000E+00 -0.6378317E+00 -0.6516092E+00
