  0.1876736E+02 -0.7645357E-02  0.9573673E-01 -0.6684834E-02 -0.3591911E-01  0.1112043E-01  0.7211054E+00 -0.6460995E-05 -0.2518001E-05  0.2832583E+00 -0.2013774E-01  0.1040825E+01
  0.1878472E+02 -0.7641355E-02  0.9576815E-01 -0.6690209E-02 -0.3594148E-01  0.1131174E-01  0.7232779E+00  0.2854254E-04  0.9823302E-07  0.2837102E+00 -0.2344039E-01  0.1040383E+01
  0.1880208E+02 -0.7636780E-02  0.9579916E-01 -0.6694885E-02 -0.3596472E-01  0.1179024E-01  0.7102508E+00  0.4162288E-04  0.5363794E-05  0.2837106E+00 -0.2408498E-01  0.1027216E+01
  0.1881944E+02 -0.7631614E-02  0.9583008E-01 -0.6699082E-02 -0.3598865E-01  0.1210998E-01  0.6839704E+00  0.1230196E-03  0.5766281E-05  0.2834549E+00 -0.1946276E-01  0.1005712E+01
  0.1883681E+02 -0.7627761E-02  0.9586098E-01 -0.6703070E-02 -0.3601100E-01  0.1180065E-01  0.6580510E+00  0.6871356E-04  0.1411515E-05  0.2832462E+00 -0.1171027E-01  0.9869769E+00
  0.1885417E+02 -0.7624419E-02  0.9589209E-01 -0.6707090E-02 -0.3603290E-01  0.1098870E-01  0.6616812E+00 -0.2929911E-04 -0.3926317E-05  0.2830667E+00 -0.6592033E-02  0.9946390E+00
  0.1887153E+02 -0.7622070E-02  0.9592340E-01 -0.6711549E-02 -0.3605367E-01  0.1041497E-01  0.7071962E+00 -0.2269558E-03 -0.7572206E-05  0.2828485E+00 -0.5534790E-02  0.1040227E+01
  0.1888889E+02 -0.7619826E-02  0.9595462E-01 -0.6716726E-02 -0.3607452E-01  0.1085040E-01  0.7702810E+00 -0.2381591E-03 -0.5829950E-05  0.2827279E+00 -0.8602226E-02  0.1100557E+01
  0.1890625E+02 -0.7616343E-02  0.9598554E-01 -0.6722563E-02 -0.3609680E-01  0.1221542E-01  0.8069263E+00 -0.1667889E-04 -0.1360476E-05  0.2828486E+00 -0.1607323E-01  0.1131449E+01
  0.1892361E+02 -0.7610745E-02  0.9601624E-01 -0.6728590E-02 -0.3612129E-01  0.1350699E-01  0.7781570E+00  0.2596188E-03  0.2153968E-05  0.2831314E+00 -0.2428204E-01  0.1096331E+01
  0.1894097E+02 -0.7606097E-02  0.9604706E-01 -0.6734361E-02 -0.3614475E-01  0.1355738E-01  0.7040917E+00  0.2890968E-03  0.2511826E-05  0.2835981E+00 -0.3051433E-01  0.1016586E+01
  0.1895833E+02 -0.7603640E-02  0.9607822E-01 -0.6739636E-02 -0.3616570E-01  0.1217512E-01  0.6317362E+00  0.1234490E-03 -0.7229236E-06  0.2840798E+00 -0.2990261E-01  0.9437805E+00
  0.1897569E+02 -0.7601391E-02  0.9610947E-01 -0.6744374E-02 -0.3618623E-01  0.1037855E-01  0.6031293E+00 -0.8301894E-04 -0.3525496E-05  0.2842991E+00 -0.2062042E-01  0.9226774E+00
  0.1899306E+02 -0.7597661E-02  0.9614025E-01 -0.6748799E-02 -0.3620815E-01  0.9467353E-02  0.6257375E+00 -0.1874444E-03 -0.2293464E-05  0.2842583E+00 -0.5960655E-02  0.9588984E+00
  0.1901042E+02 -0.7592963E-02  0.9617036E-01 -0.6753112E-02 -0.3623092E-01  0.9910553E-02  0.6855118E+00 -0.1521504E-03 -0.7320676E-06  0.2840498E+00  0.2448400E-02  0.1027361E+01
  0.1902778E+02 -0.7588886E-02  0.9620020E-01 -0.6757391E-02 -0.3625330E-01  0.1114995E-01  0.7487435E+00 -0.3677814E-04 -0.1029268E-05  0.2839123E+00 -0.4063515E-02  0.1085305E+01
  0.1904514E+02 -0.7585586E-02  0.9623021E-01 -0.6761685E-02 -0.3627515E-01  0.1231418E-01  0.7869642E+00  0.2050449E-04 -0.3702662E-05  0.2838499E+00 -0.1736407E-01  0.1111389E+01
  0.1906250E+02 -0.7583937E-02  0.9626044E-01 -0.6766109E-02 -0.3629519E-01  0.1281757E-01  0.7846639E+00  0.1258696E-04 -0.4303790E-05  0.2836969E+00 -0.2301941E-01  0.1103782E+01
  0.1907986E+02 -0.7581719E-02  0.9629046E-01 -0.6770868E-02 -0.3631544E-01  0.1259025E-01  0.7416275E+00  0.8832769E-04 -0.9392158E-06  0.2835821E+00 -0.2136703E-01  0.1062143E+01
  0.1909722E+02 -0.7578173E-02  0.9631964E-01 -0.6776072E-02 -0.3633643E-01  0.1196423E-01  0.6874622E+00  0.1248526E-03 -0.2411115E-06  0.2837228E+00 -0.1925878E-01  0.1009644E+01
  0.1911458E+02 -0.7574029E-02  0.9634786E-01 -0.6781572E-02 -0.3635755E-01  0.1133881E-01  0.6406090E+00  0.1143248E-03 -0.1594491E-05  0.2840626E+00 -0.1545959E-01  0.9662983E+00
  0.1913194E+02 -0.7570048E-02  0.9637589E-01 -0.6786947E-02 -0.3637861E-01  0.1089531E-01  0.6233779E+00  0.4452810E-04 -0.1961806E-05  0.2844002E+00 -0.1386421E-01  0.9504920E+00
  0.1914931E+02 -0.7566821E-02  0.9640404E-01 -0.6791922E-02 -0.3639912E-01  0.1075664E-01  0.6443961E+00 -0.7908903E-04 -0.1725874E-05  0.2846675E+00 -0.1584774E-01  0.9695380E+00
  0.1916667E+02 -0.7563909E-02  0.9643213E-01 -0.6796483E-02 -0.3641931E-01  0.1100319E-01  0.6859679E+00 -0.1314923E-03 -0.2628758E-05  0.2848204E+00 -0.1498967E-01  0.1012320E+01
  0.1918403E+02 -0.7561468E-02  0.9645979E-01 -0.6800826E-02 -0.3643850E-01  0.1139932E-01  0.7278197E+00 -0.9789368E-04 -0.1839815E-05  0.2848750E+00 -0.1215534E-01  0.1057498E+01
  0.1920139E+02 -0.7559322E-02  0.9648690E-01 -0.6805098E-02 -0.3645696E-01  0.1145950E-01  0.7521768E+00 -0.6130856E-05  0.1872300E-05  0.2848445E+00 -0.1385962E-01  0.1080282E+01
  0.1921875E+02 -0.7557494E-02  0.9651378E-01 -0.6809370E-02 -0.3647491E-01  0.1105876E-01  0.7552307E+00  0.4657900E-04  0.2751136E-05  0.2847057E+00 -0.1818534E-01  0.1078531E+01
  0.1923611E+02 -0.7554708E-02  0.9654057E-01 -0.6813697E-02 -0.3649389E-01  0.1065820E-01  0.7467694E+00 -0.3173527E-04  0.1031409E-05  0.2843583E+00 -0.1775195E-01  0.1069682E+01
  0.1925347E+02 -0.7550130E-02  0.9656703E-01 -0.6818288E-02 -0.3651466E-01  0.1078469E-01  0.7361860E+00  0.1098195E-04 -0.2214869E-05  0.2839291E+00 -0.1701216E-01  0.1059580E+01
  0.1927083E+02 -0.7544928E-02  0.9659280E-01 -0.6823173E-02 -0.3653585E-01  0.1146554E-01  0.7224693E+00  0.1002659E-03 -0.6881377E-05  0.2838800E+00 -0.2150953E-01  0.1042087E+01
  0.1928819E+02 -0.7541241E-02  0.9661796E-01 -0.6828377E-02 -0.3655488E-01  0.1218668E-01  0.6880288E+00  0.1517240E-03 -0.7330641E-05  0.2843308E+00 -0.2557526E-01  0.1004809E+01
  0.1930556E+02 -0.7539749E-02  0.9664318E-01 -0.6833723E-02 -0.3657136E-01  0.1236423E-01  0.6554080E+00  0.7677402E-04 -0.2634440E-05  0.2849051E+00 -0.2395609E-01  0.9744937E+00
  0.1932292E+02 -0.7538593E-02  0.9666887E-01 -0.6838890E-02 -0.3658772E-01  0.1183255E-01  0.6475927E+00 -0.6845308E-04  0.1386212E-05  0.2853591E+00 -0.1874126E-01  0.9716797E+00
  0.1934028E+02 -0.7536692E-02  0.9669469E-01 -0.6843866E-02 -0.3660489E-01  0.1092994E-01  0.6727347E+00 -0.1709425E-03  0.3971582E-05  0.2855737E+00 -0.1314296E-01  0.1001638E+01
  0.1935764E+02 -0.7532496E-02  0.9671996E-01 -0.6848681E-02 -0.3662445E-01  0.1019481E-01  0.7214897E+00 -0.1252251E-03  0.3993156E-05  0.2854286E+00 -0.9759838E-02  0.1052946E+01
  0.1937500E+02 -0.7527627E-02  0.9674419E-01 -0.6853415E-02 -0.3664431E-01  0.9856182E-02  0.7651613E+00  0.2096629E-04  0.5296605E-06  0.2851731E+00 -0.1345374E-01  0.1092477E+01
