  0.1892361E+01 -0.5385847E+00 -0.5039499E-01 -0.2565536E+00  0.1981837E+00 -0.5627204E-01 -0.6963354E-01 -0.5184885E-03  0.7210315E-04  0.3942603E-04  0.0000000E+00 -0.7736620E+00 -0.7739817E+00
  0.1909722E+01 -0.5337428E+00 -0.5541318E-01 -0.2564902E+00  0.2037486E+00 -0.5937540E-01 -0.6956944E-01 -0.5108168E-03  0.6209391E-04  0.4990979E-04  0.0000000E+00 -0.7712413E+00 -0.7742339E+00
  0.1927083E+01 -0.5349047E+00 -0.5850874E-01 -0.2564993E+00  0.2086900E+00 -0.5761704E-01 -0.6952557E-01 -0.5033307E-03  0.2438903E-04  0.4182436E-04  0.0000000E+00 -0.7688025E+00 -0.7744787E+00
  0.1944444E+01 -0.5410862E+00 -0.5830252E-01 -0.2565898E+00  0.2108864E+00 -0.5259318E-01 -0.6948536E-01 -0.4962897E-03 -0.2668358E-04  0.2191312E-04  0.0000000E+00 -0.7676717E+00 -0.7747156E+00
  0.1961806E+01 -0.5467788E+00 -0.5549293E-01 -0.2567808E+00  0.2083535E+00 -0.4884038E-01 -0.6943456E-01 -0.4895705E-03 -0.6367035E-04  0.1260708E-04  0.0000000E+00 -0.7695146E+00 -0.7749501E+00
  0.1979167E+01 -0.5484645E+00 -0.5176874E-01 -0.2569477E+00  0.2033710E+00 -0.4907162E-01 -0.6937046E-01 -0.4828201E-03 -0.6784094E-04  0.1809006E-04  0.0000000E+00 -0.7727846E+00 -0.7751705E+00
  0.1996528E+01 -0.5468328E+00 -0.4857719E-01 -0.2569042E+00  0.1987942E+00 -0.5205497E-01 -0.6929737E-01 -0.4757390E-03 -0.5939215E-04  0.2942442E-04  0.0000000E+00 -0.7753780E+00 -0.7753672E+00
  0.2013889E+01 -0.5442332E+00 -0.4682400E-01 -0.2566372E+00  0.1955913E+00 -0.5512648E-01 -0.6921983E-01 -0.4684016E-03 -0.3175886E-04  0.3818883E-04  0.0000000E+00 -0.7769113E+00 -0.7755518E+00
  0.2031250E+01 -0.5432965E+00 -0.4691810E-01 -0.2562980E+00  0.1955214E+00 -0.5629767E-01 -0.6914258E-01 -0.4610351E-03  0.8927960E-05  0.3918385E-04  0.0000000E+00 -0.7768443E+00 -0.7757489E+00
  0.2048611E+01 -0.5456357E+00 -0.4859393E-01 -0.2560421E+00  0.1993768E+00 -0.5486785E-01 -0.6907145E-01 -0.4538486E-03  0.3675521E-04  0.3285428E-04  0.0000000E+00 -0.7752185E+00 -0.7759759E+00
  0.2065972E+01 -0.5497058E+00 -0.5082360E-01 -0.2558766E+00  0.2049951E+00 -0.5214626E-01 -0.6901016E-01 -0.4471554E-03  0.3618112E-04  0.2040590E-04  0.0000000E+00 -0.7729579E+00 -0.7762159E+00
  0.2083333E+01 -0.5515765E+00 -0.5239466E-01 -0.2557351E+00  0.2080960E+00 -0.5164670E-01 -0.6895681E-01 -0.4407529E-03  0.1012797E-04  0.1306416E-04  0.0000000E+00 -0.7726312E+00 -0.7764377E+00
  0.2100694E+01 -0.5494611E+00 -0.5270482E-01 -0.2556915E+00  0.2076116E+00 -0.5461880E-01 -0.6890622E-01 -0.4341457E-03 -0.1888889E-04  0.1936368E-04  0.0000000E+00 -0.7742045E+00 -0.7766445E+00
  0.2118056E+01 -0.5468147E+00 -0.5179311E-01 -0.2558750E+00  0.2059137E+00 -0.5773800E-01 -0.6885490E-01 -0.4273294E-03 -0.3565608E-04  0.2574097E-04  0.0000000E+00 -0.7755993E+00 -0.7768402E+00
  0.2135417E+01 -0.5466915E+00 -0.5000685E-01 -0.2562003E+00  0.2045283E+00 -0.5800418E-01 -0.6880013E-01 -0.4205389E-03 -0.3721536E-04  0.2852835E-04  0.0000000E+00 -0.7756039E+00 -0.7770069E+00
  0.2152778E+01 -0.5488384E+00 -0.4806006E-01 -0.2564237E+00  0.2034647E+00 -0.5570856E-01 -0.6873906E-01 -0.4138198E-03 -0.2864839E-04  0.2932647E-04  0.0000000E+00 -0.7747182E+00 -0.7771520E+00
  0.2170139E+01 -0.5515932E+00 -0.4691011E-01 -0.2563815E+00  0.2016160E+00 -0.5307020E-01 -0.6867239E-01 -0.4071487E-03 -0.1628001E-04  0.2776647E-04  0.0000000E+00 -0.7754070E+00 -0.7773204E+00
  0.2187500E+01 -0.5537386E+00 -0.4709069E-01 -0.2560576E+00  0.2002720E+00 -0.5157683E-01 -0.6860580E-01 -0.4006044E-03  0.4678231E-05  0.2774803E-04  0.0000000E+00 -0.7771657E+00 -0.7775559E+00
  0.2204861E+01 -0.5561581E+00 -0.4821436E-01 -0.2555635E+00  0.2030416E+00 -0.5119327E-01 -0.6854665E-01 -0.3942708E-03  0.2282504E-04  0.2093390E-04  0.0000000E+00 -0.7769848E+00 -0.7778228E+00
  0.2222222E+01 -0.5574618E+00 -0.4911194E-01 -0.2550459E+00  0.2081618E+00 -0.5286967E-01 -0.6849759E-01 -0.3882327E-03  0.1363636E-04  0.5786289E-05  0.0000000E+00 -0.7751938E+00 -0.7780248E+00
  0.2239583E+01 -0.5551128E+00 -0.4879336E-01 -0.2546967E+00  0.2098352E+00 -0.5697970E-01 -0.6845260E-01 -0.3820914E-03 -0.2518423E-04  0.5165384E-05  0.0000000E+00 -0.7746021E+00 -0.7781311E+00
  0.2256944E+01 -0.5519582E+00 -0.4737485E-01 -0.2547185E+00  0.2064239E+00 -0.6037926E-01 -0.6840237E-01 -0.3755718E-03 -0.5382827E-04  0.2098728E-04  0.0000000E+00 -0.7768177E+00 -0.7782048E+00
  0.2274306E+01 -0.5527182E+00 -0.4586460E-01 -0.2550705E+00  0.2020039E+00 -0.5964659E-01 -0.6834194E-01 -0.3688331E-03 -0.3792425E-04  0.3388717E-04  0.0000000E+00 -0.7800108E+00 -0.7783286E+00
  0.2291667E+01 -0.5568164E+00 -0.4534309E-01 -0.2554545E+00  0.2007491E+00 -0.5592667E-01 -0.6827355E-01 -0.3624334E-03  0.8485690E-06  0.3649178E-04  0.0000000E+00 -0.7813902E+00 -0.7785364E+00
  0.2309028E+01 -0.5603270E+00 -0.4629084E-01 -0.2555744E+00  0.2039090E+00 -0.5279531E-01 -0.6820530E-01 -0.3564434E-03  0.3954953E-04  0.3107240E-04  0.0000000E+00 -0.7795697E+00 -0.7787583E+00
  0.2326389E+01 -0.5609064E+00 -0.4828449E-01 -0.2553713E+00  0.2104017E+00 -0.5167960E-01 -0.6814790E-01 -0.3506324E-03  0.5177215E-04  0.1707149E-04  0.0000000E+00 -0.7742698E+00 -0.7788891E+00
  0.2343750E+01 -0.5588743E+00 -0.5001195E-01 -0.2550085E+00  0.2156306E+00 -0.5257175E-01 -0.6810753E-01 -0.3448514E-03  0.2258960E-04  0.2138014E-05  0.0000000E+00 -0.7692637E+00 -0.7789215E+00
  0.2361111E+01 -0.5563937E+00 -0.4990644E-01 -0.2546742E+00  0.2151554E+00 -0.5501403E-01 -0.6807950E-01 -0.3388703E-03 -0.3812473E-04  0.7960244E-06  0.0000000E+00 -0.7692887E+00 -0.7789577E+00
  0.2378472E+01 -0.5564928E+00 -0.4727892E-01 -0.2544183E+00  0.2085578E+00 -0.5744420E-01 -0.6804885E-01 -0.3327677E-03 -0.8645558E-04  0.9731558E-05  0.0000000E+00 -0.7755348E+00 -0.7790662E+00
  0.2395833E+01 -0.5606526E+00 -0.4317641E-01 -0.2541950E+00  0.2008219E+00 -0.5780373E-01 -0.6799947E-01 -0.3266401E-03 -0.8167334E-04  0.2154038E-04  0.0000000E+00 -0.7833921E+00 -0.7792138E+00
  0.2413194E+01 -0.5669056E+00 -0.4000833E-01 -0.2540269E+00  0.1970681E+00 -0.5568934E-01 -0.6792684E-01 -0.3205865E-03 -0.3951438E-04  0.3573192E-04  0.0000000E+00 -0.7878132E+00 -0.7793350E+00
  0.2430556E+01 -0.5708153E+00 -0.3980505E-01 -0.2539724E+00  0.1988369E+00 -0.5286858E-01 -0.6784343E-01 -0.3148174E-03  0.1725910E-04  0.4304041E-04  0.0000000E+00 -0.7867223E+00 -0.7793958E+00
  0.2447917E+01 -0.5694384E+00 -0.4265671E-01 -0.2540413E+00  0.2053962E+00 -0.5169989E-01 -0.6777012E-01 -0.3093576E-03  0.6251484E-04  0.3632712E-04  0.0000000E+00 -0.7804206E+00 -0.7794173E+00
  0.2465278E+01 -0.5641827E+00 -0.4665123E-01 -0.2541450E+00  0.2144721E+00 -0.5294825E-01 -0.6772063E-01 -0.3041154E-03  0.8025663E-04  0.1024483E-04  0.0000000E+00 -0.7713894E+00 -0.7794369E+00
  0.2482639E+01 -0.5593614E+00 -0.4923720E-01 -0.2541367E+00  0.2208417E+00 -0.5597379E-01 -0.6769291E-01 -0.2988641E-03  0.4258374E-04 -0.1846153E-04  0.0000000E+00 -0.7658351E+00 -0.7794721E+00
  0.2500000E+01 -0.5575604E+00 -0.4893354E-01 -0.2539957E+00  0.2184830E+00 -0.5898734E-01 -0.6767205E-01 -0.2933196E-03 -0.3656606E-04 -0.1645416E-04  0.0000000E+00 -0.7690123E+00 -0.7795340E+00
