  0.2126736E+02 -0.7122065E-02  0.9895734E-01 -0.7336373E-02 -0.3843351E-01  0.1269962E-01  0.7386583E+00 -0.1017764E-03 -0.1018188E-04  0.2905690E+00 -0.2806259E-01  0.1059818E+01
  0.2128472E+02 -0.7120527E-02  0.9897646E-01 -0.7340849E-02 -0.3844644E-01  0.1238233E-01  0.7486541E+00 -0.6749144E-04 -0.5110178E-05  0.2907678E+00 -0.2578783E-01  0.1072012E+01
  0.2130208E+02 -0.7114867E-02  0.9899543E-01 -0.7345369E-02 -0.3846434E-01  0.1228311E-01  0.7405042E+00  0.3103886E-05  0.2499768E-05  0.2908665E+00 -0.1181502E-01  0.1077915E+01
  0.2131944E+02 -0.7107887E-02  0.9901428E-01 -0.7349964E-02 -0.3848351E-01  0.1234815E-01  0.7180599E+00  0.7225678E-04  0.4745737E-05  0.2908958E+00 -0.1438322E-02  0.1066015E+01
  0.2133681E+02 -0.7102827E-02  0.9903322E-01 -0.7354768E-02 -0.3850074E-01  0.1227182E-01  0.6975231E+00  0.8931637E-04  0.3999480E-05  0.2912307E+00 -0.6187428E-02  0.1041006E+01
  0.2135417E+02 -0.7100156E-02  0.9905251E-01 -0.7359522E-02 -0.3851553E-01  0.1200443E-01  0.6853494E+00  0.2823544E-04  0.6161755E-06  0.2918682E+00 -0.1839188E-01  0.1016936E+01
  0.2137153E+02 -0.7097602E-02  0.9907225E-01 -0.7363914E-02 -0.3853038E-01  0.1184232E-01  0.6799353E+00  0.9680199E-05 -0.4283935E-05  0.2924983E+00 -0.2801306E-01  0.1002349E+01
  0.2138889E+02 -0.7094558E-02  0.9909213E-01 -0.7368068E-02 -0.3854568E-01  0.1204214E-01  0.6795732E+00 -0.1148321E-04 -0.7271390E-05  0.2927360E+00 -0.3016848E-01  0.1000248E+01
  0.2140625E+02 -0.7090520E-02  0.9911222E-01 -0.7372055E-02 -0.3856235E-01  0.1250330E-01  0.6752698E+00  0.4922721E-05 -0.5901645E-05  0.2925138E+00 -0.2287805E-01  0.1003495E+01
  0.2142361E+02 -0.7085793E-02  0.9913272E-01 -0.7375896E-02 -0.3857995E-01  0.1282931E-01  0.6717653E+00 -0.2603983E-04 -0.2151985E-05  0.2919833E+00 -0.1162448E-01  0.1011016E+01
  0.2144097E+02 -0.7081757E-02  0.9915365E-01 -0.7379745E-02 -0.3859708E-01  0.1291613E-01  0.6828574E+00 -0.6592840E-04 -0.4565132E-06  0.2913347E+00 -0.4292311E-02  0.1028845E+01
  0.2145833E+02 -0.7078610E-02  0.9917492E-01 -0.7383920E-02 -0.3861351E-01  0.1297728E-01  0.7065701E+00 -0.9378163E-04 -0.2895237E-06  0.2907648E+00 -0.2781999E-02  0.1053535E+01
  0.2147569E+02 -0.7075411E-02  0.9919636E-01 -0.7388445E-02 -0.3863010E-01  0.1318609E-01  0.7253503E+00 -0.4871872E-04  0.1930380E-06  0.2905778E+00 -0.4086167E-02  0.1071082E+01
  0.2149306E+02 -0.7070489E-02  0.9921816E-01 -0.7392978E-02 -0.3864872E-01  0.1324939E-01  0.7277045E+00  0.3724028E-04  0.9849653E-06  0.2910925E+00 -0.9364446E-02  0.1068826E+01
  0.2151042E+02 -0.7065072E-02  0.9924039E-01 -0.7397573E-02 -0.3866806E-01  0.1280224E-01  0.7070736E+00  0.1270135E-03  0.2472570E-05  0.2921879E+00 -0.1747444E-01  0.1040828E+01
  0.2152778E+02 -0.7060612E-02  0.9926310E-01 -0.7402183E-02 -0.3868664E-01  0.1206027E-01  0.6830351E+00  0.7710594E-04  0.2531246E-05  0.2931840E+00 -0.1934872E-01  0.1015124E+01
  0.2154514E+02 -0.7056623E-02  0.9928602E-01 -0.7406627E-02 -0.3870502E-01  0.1153134E-01  0.6747108E+00 -0.3346161E-04  0.1891163E-05  0.2935260E+00 -0.1692235E-01  0.1008932E+01
  0.2156250E+02 -0.7054390E-02  0.9930883E-01 -0.7411028E-02 -0.3872150E-01  0.1137933E-01  0.6782294E+00 -0.3531736E-04  0.1058028E-05  0.2934397E+00 -0.1715075E-01  0.1011985E+01
  0.2157986E+02 -0.7052435E-02  0.9933168E-01 -0.7415375E-02 -0.3873782E-01  0.1167024E-01  0.6852875E+00 -0.1597473E-04 -0.2140316E-06  0.2929609E+00 -0.1620293E-01  0.1019826E+01
  0.2159722E+02 -0.7049665E-02  0.9935495E-01 -0.7419584E-02 -0.3875515E-01  0.1249469E-01  0.6829506E+00 -0.3891721E-04 -0.4122696E-06  0.2921598E+00 -0.1092456E-01  0.1022772E+01
  0.2161458E+02 -0.7045050E-02  0.9937850E-01 -0.7423632E-02 -0.3877457E-01  0.1361031E-01  0.6847913E+00 -0.4347703E-04 -0.1027114E-05  0.2914041E+00 -0.1382675E-02  0.1034514E+01
  0.2163194E+02 -0.7039212E-02  0.9940153E-01 -0.7427727E-02 -0.3879488E-01  0.1443374E-01  0.6801624E+00  0.6200077E-04 -0.6251871E-07  0.2911438E+00  0.1460085E-02  0.1033402E+01
  0.2164931E+02 -0.7034969E-02  0.9942374E-01 -0.7432106E-02 -0.3881298E-01  0.1439043E-01  0.6817756E+00  0.8959931E-04  0.4611195E-05  0.2914031E+00 -0.6758173E-02  0.1027049E+01
  0.2166667E+02 -0.7031909E-02  0.9944580E-01 -0.7436572E-02 -0.3882989E-01  0.1342288E-01  0.6936163E+00 -0.7368465E-05  0.7355694E-05  0.2920200E+00 -0.1462236E-01  0.1030584E+01
  0.2168403E+02 -0.7029057E-02  0.9946859E-01 -0.7441012E-02 -0.3884706E-01  0.1200335E-01  0.7198202E+00 -0.1052173E-03  0.6013367E-05  0.2928714E+00 -0.1866149E-01  0.1052086E+01
  0.2170139E+02 -0.7026667E-02  0.9949216E-01 -0.7445572E-02 -0.3886410E-01  0.1086072E-01  0.7411864E+00 -0.1173320E-03  0.1067405E-05  0.2937339E+00 -0.2349180E-01  0.1068329E+01
  0.2171875E+02 -0.7023797E-02  0.9951542E-01 -0.7450269E-02 -0.3888142E-01  0.1066638E-01  0.7396383E+00 -0.1090193E-05 -0.4261998E-05  0.2942432E+00 -0.2291207E-01  0.1067790E+01
  0.2173611E+02 -0.7018458E-02  0.9953784E-01 -0.7454718E-02 -0.3890102E-01  0.1154672E-01  0.7109229E+00  0.9747947E-04 -0.4431263E-05  0.2939998E+00 -0.9169704E-02  0.1053556E+01
  0.2175347E+02 -0.7012600E-02  0.9955980E-01 -0.7458867E-02 -0.3892090E-01  0.1283738E-01  0.6718440E+00  0.1366515E-03 -0.8315002E-06  0.2931507E+00  0.3435792E-02  0.1027571E+01
  0.2177083E+02 -0.7008739E-02  0.9958216E-01 -0.7462945E-02 -0.3893884E-01  0.1371087E-01  0.6388702E+00  0.1289877E-03  0.5113104E-05  0.2922304E+00  0.3578360E-02  0.9946956E+00
  0.2178819E+02 -0.7005219E-02  0.9960520E-01 -0.7466855E-02 -0.3895690E-01  0.1394705E-01  0.6362882E+00 -0.1805851E-04  0.9263916E-05  0.2915346E+00 -0.2372729E-02  0.9855646E+00
  0.2180556E+02 -0.7002620E-02  0.9962859E-01 -0.7470885E-02 -0.3897406E-01  0.1374909E-01  0.6530892E+00 -0.1166797E-03  0.8837629E-05  0.2913336E+00 -0.8251296E-02  0.9959938E+00
  0.2182292E+02 -0.7000652E-02  0.9965199E-01 -0.7475294E-02 -0.3899041E-01  0.1329785E-01  0.6913406E+00 -0.1216202E-03  0.3384418E-05  0.2918017E+00 -0.1433369E-01  0.1028174E+01
  0.2184028E+02 -0.6998583E-02  0.9967528E-01 -0.7480052E-02 -0.3900682E-01  0.1274674E-01  0.7354062E+00 -0.1391262E-03 -0.3159230E-05  0.2926636E+00 -0.1817839E-01  0.1068686E+01
  0.2185764E+02 -0.6994690E-02  0.9969852E-01 -0.7484865E-02 -0.3902507E-01  0.1219364E-01  0.7488324E+00  0.4161141E-05 -0.6122517E-05  0.2934916E+00 -0.1780011E-01  0.1082910E+01
  0.2187500E+02 -0.6989835E-02  0.9972182E-01 -0.7489385E-02 -0.3904440E-01  0.1178655E-01  0.7354860E+00  0.9276327E-04 -0.6078909E-05  0.2939836E+00 -0.1425074E-01  0.1073290E+01
