  0.1126736E+02 -0.9130816E-02  0.8063587E-01 -0.4329675E-02 -0.2535935E-01  0.7162487E-02  0.6994842E+00  0.6718680E-04  0.2513416E-05  0.2503675E+00 -0.2025087E-01  0.9786491E+00
  0.1128472E+02 -0.9126026E-02  0.8068369E-01 -0.4334946E-02 -0.2539240E-01  0.6929727E-02  0.6809830E+00 -0.1801075E-04  0.1609269E-05  0.2506032E+00 -0.1282706E-01  0.9675028E+00
  0.1130208E+02 -0.9121155E-02  0.8073102E-01 -0.4340188E-02 -0.2542536E-01  0.6887442E-02  0.6930825E+00 -0.4859589E-04  0.1834285E-06  0.2506839E+00 -0.1251445E-01  0.9799353E+00
  0.1131944E+02 -0.9118202E-02  0.8077789E-01 -0.4345848E-02 -0.2545595E-01  0.6954847E-02  0.7230122E+00 -0.4782884E-04 -0.2197601E-05  0.2508856E+00 -0.1937960E-01  0.1003281E+01
  0.1133681E+02 -0.9116713E-02  0.8082465E-01 -0.4351968E-02 -0.2548502E-01  0.7038383E-02  0.7592497E+00 -0.9341513E-04 -0.3821602E-05  0.2511541E+00 -0.2433745E-01  0.1034878E+01
  0.1135417E+02 -0.9115561E-02  0.8087132E-01 -0.4358465E-02 -0.2551379E-01  0.7121836E-02  0.7936349E+00 -0.8736304E-04 -0.5599824E-05  0.2512646E+00 -0.2510449E-01  0.1068707E+01
  0.1137153E+02 -0.9114877E-02  0.8091781E-01 -0.4365198E-02 -0.2554196E-01  0.7292318E-02  0.8040120E+00 -0.1624394E-04 -0.4616474E-05  0.2511475E+00 -0.2365597E-01  0.1080671E+01
  0.1138889E+02 -0.9113415E-02  0.8096410E-01 -0.4371918E-02 -0.2557089E-01  0.7596127E-02  0.7850126E+00  0.6111636E-04  0.2320803E-05  0.2509255E+00 -0.1849870E-01  0.1067007E+01
  0.1140625E+02 -0.9109339E-02  0.8101004E-01 -0.4378409E-02 -0.2560230E-01  0.7855281E-02  0.7487096E+00  0.1147703E-03  0.3246279E-05  0.2507852E+00 -0.1226865E-01  0.1037119E+01
  0.1142361E+02 -0.9104378E-02  0.8105534E-01 -0.4384479E-02 -0.2563423E-01  0.7850163E-02  0.7087210E+00  0.1649124E-03  0.7241228E-06  0.2508236E+00 -0.1201122E-01  0.9974814E+00
  0.1144097E+02 -0.9101046E-02  0.8110026E-01 -0.4389984E-02 -0.2566412E-01  0.7538917E-02  0.6782049E+00  0.8256106E-04 -0.7105209E-06  0.2510371E+00 -0.1643234E-01  0.9623755E+00
  0.1145833E+02 -0.9099892E-02  0.8114538E-01 -0.4395115E-02 -0.2569193E-01  0.7081380E-02  0.6788075E+00 -0.6270582E-04 -0.2798631E-05  0.2513996E+00 -0.2072349E-01  0.9584579E+00
  0.1147569E+02 -0.9099866E-02  0.8119081E-01 -0.4400351E-02 -0.2571874E-01  0.6810494E-02  0.7136356E+00 -0.1749898E-03 -0.3362912E-05  0.2518579E+00 -0.2400590E-01  0.9900916E+00
  0.1149306E+02 -0.9099294E-02  0.8123601E-01 -0.4406030E-02 -0.2574613E-01  0.7040962E-02  0.7523518E+00 -0.1150276E-03 -0.1715328E-05  0.2522930E+00 -0.2606805E-01  0.1027486E+01
  0.1151042E+02 -0.9096557E-02  0.8128065E-01 -0.4412085E-02 -0.2577542E-01  0.7626332E-02  0.7619871E+00  0.2182704E-04  0.6505453E-06  0.2524869E+00 -0.2429294E-01  0.1039826E+01
  0.1152778E+02 -0.9091621E-02  0.8132510E-01 -0.4418239E-02 -0.2580701E-01  0.8060281E-02  0.7563344E+00  0.8285127E-04  0.1518451E-05  0.2522561E+00 -0.1916058E-01  0.1039583E+01
  0.1154514E+02 -0.9087586E-02  0.8136986E-01 -0.4424390E-02 -0.2583779E-01  0.8044927E-02  0.7510812E+00  0.2209224E-04  0.9077688E-06  0.2517240E+00 -0.1468391E-01  0.1038209E+01
  0.1156250E+02 -0.9084848E-02  0.8141500E-01 -0.4430581E-02 -0.2586752E-01  0.7698716E-02  0.7556091E+00 -0.3290668E-04 -0.1640113E-05  0.2513560E+00 -0.1165104E-01  0.1045010E+01
  0.1157986E+02 -0.9083200E-02  0.8146009E-01 -0.4436969E-02 -0.2589610E-01  0.7388440E-02  0.7537456E+00 -0.3746067E-04 -0.5068638E-05  0.2514956E+00 -0.1215807E-01  0.1042473E+01
  0.1159722E+02 -0.9081528E-02  0.8150463E-01 -0.4443399E-02 -0.2592447E-01  0.7363171E-02  0.7462844E+00  0.3179045E-04 -0.4295722E-05  0.2519452E+00 -0.1706441E-01  0.1030611E+01
  0.1161458E+02 -0.9079633E-02  0.8154862E-01 -0.4449445E-02 -0.2595270E-01  0.7626396E-02  0.7348649E+00  0.5116492E-04 -0.1820321E-05  0.2523242E+00 -0.2246813E-01  0.1014464E+01
  0.1163194E+02 -0.9076661E-02  0.8159284E-01 -0.4454965E-02 -0.2598220E-01  0.7812224E-02  0.7285009E+00  0.1729056E-04  0.1240085E-05  0.2526221E+00 -0.2417407E-01  0.1006859E+01
  0.1164931E+02 -0.9072404E-02  0.8163755E-01 -0.4460229E-02 -0.2601314E-01  0.7690468E-02  0.7232878E+00  0.5387462E-04  0.5787895E-05  0.2529292E+00 -0.2552351E-01  0.1000535E+01
  0.1166667E+02 -0.9068044E-02  0.8168228E-01 -0.4465517E-02 -0.2604411E-01  0.7537776E-02  0.7195177E+00 -0.6429705E-05  0.3842291E-05  0.2530081E+00 -0.2509837E-01  0.9970672E+00
  0.1168403E+02 -0.9063918E-02  0.8172661E-01 -0.4471124E-02 -0.2607479E-01  0.7623810E-02  0.7327847E+00 -0.9892734E-04 -0.1822019E-05  0.2527672E+00 -0.1903677E-01  0.1016155E+01
  0.1170139E+02 -0.9061818E-02  0.8177075E-01 -0.4477238E-02 -0.2610351E-01  0.7851061E-02  0.7557569E+00 -0.7956898E-04 -0.5080430E-05  0.2526628E+00 -0.1572442E-01  0.1042590E+01
  0.1171875E+02 -0.9060589E-02  0.8181495E-01 -0.4483686E-02 -0.2613142E-01  0.8070498E-02  0.7636601E+00  0.4158902E-04 -0.4817502E-05  0.2528773E+00 -0.1639851E-01  0.1050385E+01
  0.1173611E+02 -0.9058551E-02  0.8185931E-01 -0.4490034E-02 -0.2616013E-01  0.8143808E-02  0.7494751E+00  0.5638882E-04 -0.1635417E-05  0.2530194E+00 -0.1374820E-01  0.1039095E+01
  0.1175347E+02 -0.9054837E-02  0.8190374E-01 -0.4496209E-02 -0.2619046E-01  0.7906543E-02  0.7368254E+00  0.3186926E-04  0.2628627E-05  0.2529785E+00 -0.1360986E-01  0.1026297E+01
  0.1177083E+02 -0.9050610E-02  0.8194792E-01 -0.4502381E-02 -0.2622090E-01  0.7410185E-02  0.7416510E+00  0.3701094E-05  0.4135664E-05  0.2529899E+00 -0.1924829E-01  0.1024985E+01
  0.1178819E+02 -0.9046547E-02  0.8199178E-01 -0.4508467E-02 -0.2625110E-01  0.7080906E-02  0.7438686E+00 -0.1372808E-04  0.1421194E-05  0.2531347E+00 -0.2161337E-01  0.1024644E+01
  0.1180556E+02 -0.9042833E-02  0.8203540E-01 -0.4514323E-02 -0.2628104E-01  0.7285920E-02  0.7428196E+00 -0.3593648E-04 -0.5895651E-06  0.2533406E+00 -0.2094136E-01  0.1024666E+01
  0.1182292E+02 -0.9040224E-02  0.8207871E-01 -0.4520024E-02 -0.2630969E-01  0.8014248E-02  0.7362575E+00  0.1104083E-04  0.8359837E-06  0.2536021E+00 -0.2156311E-01  0.1018531E+01
  0.1184028E+02 -0.9038233E-02  0.8212196E-01 -0.4525672E-02 -0.2633772E-01  0.8745022E-02  0.7273355E+00  0.5749598E-04  0.1180343E-05  0.2538384E+00 -0.2143681E-01  0.1010761E+01
  0.1185764E+02 -0.9036123E-02  0.8216533E-01 -0.4531415E-02 -0.2636568E-01  0.8835448E-02  0.7174627E+00  0.5465633E-04 -0.6758386E-06  0.2540102E+00 -0.1923067E-01  0.1003364E+01
  0.1187500E+02 -0.9032934E-02  0.8220859E-01 -0.4537368E-02 -0.2639449E-01  0.8127344E-02  0.7214590E+00 -0.1322873E-04 -0.8325324E-06  0.2541128E+00 -0.1721458E-01  0.1008714E+01
