  0.2876736E+02 -0.5526977E-02  0.1069111E+00 -0.8939969E-02 -0.4520434E-01  0.1406693E-01  0.7329142E+00 -0.7070012E-04 -0.2086681E-05  0.3095237E+00 -0.2859645E-02  0.1100812E+01
  0.2878472E+02 -0.5522080E-02  0.1069259E+00 -0.8944174E-02 -0.4521849E-01  0.1475338E-01  0.7365371E+00 -0.3399547E-04 -0.4468458E-05  0.3094159E+00 -0.6565255E-03  0.1107253E+01
  0.2880208E+02 -0.5516606E-02  0.1069396E+00 -0.8947893E-02 -0.4523342E-01  0.1610922E-01  0.7174368E+00  0.1074117E-03 -0.5198748E-05  0.3094149E+00 -0.2393270E-02  0.1087912E+01
  0.2881944E+02 -0.5512785E-02  0.1069527E+00 -0.8950908E-02 -0.4524604E-01  0.1647157E-01  0.6765681E+00  0.2232040E-03 -0.2658515E-05  0.3098236E+00 -0.1049624E-01  0.1039831E+01
  0.2883681E+02 -0.5510153E-02  0.1069662E+00 -0.8953078E-02 -0.4525747E-01  0.1635008E-01  0.6255327E+00  0.1754415E-03 -0.6611490E-06  0.3103191E+00 -0.1611301E-01  0.9835092E+00
  0.2885417E+02 -0.5508292E-02  0.1069806E+00 -0.8954704E-02 -0.4526863E-01  0.1487294E-01  0.5897767E+00  0.2537785E-04 -0.2626765E-07  0.3105761E+00 -0.1329610E-01  0.9492040E+00
  0.2887153E+02 -0.5506451E-02  0.1069957E+00 -0.8956428E-02 -0.4528022E-01  0.1366370E-01  0.5875681E+00 -0.1229165E-03  0.1393233E-05  0.3104930E+00 -0.5276492E-02  0.9535794E+00
  0.2888889E+02 -0.5504356E-02  0.1070109E+00 -0.8958860E-02 -0.4529242E-01  0.1244977E-01  0.6305717E+00 -0.2058634E-03  0.2957468E-05  0.3102757E+00  0.9740283E-03  0.1001324E+01
  0.2890625E+02 -0.5501538E-02  0.1070258E+00 -0.8962080E-02 -0.4530551E-01  0.1294384E-01  0.6873353E+00 -0.1318882E-03  0.3417735E-05  0.3099847E+00  0.4022482E-02  0.1061415E+01
  0.2892361E+02 -0.5497872E-02  0.1070404E+00 -0.8965801E-02 -0.4531959E-01  0.1370027E-01  0.7408618E+00 -0.3227281E-04 -0.8421447E-06  0.3097213E+00  0.1489142E-02  0.1112997E+01
  0.2894097E+02 -0.5494856E-02  0.1070552E+00 -0.8969782E-02 -0.4533318E-01  0.1519689E-01  0.7693340E+00  0.1726969E-04 -0.4964373E-05  0.3096416E+00 -0.6641633E-02  0.1134800E+01
  0.2895833E+02 -0.5492104E-02  0.1070705E+00 -0.8973850E-02 -0.4534679E-01  0.1564796E-01  0.7636478E+00  0.4258732E-04 -0.4475145E-05  0.3098746E+00 -0.1128454E-01  0.1125182E+01
  0.2897569E+02 -0.5488109E-02  0.1070864E+00 -0.8977799E-02 -0.4536200E-01  0.1626442E-01  0.7236654E+00  0.9195486E-04 -0.4245932E-05  0.3100651E+00 -0.1051419E-01  0.1086827E+01
  0.2899306E+02 -0.5483433E-02  0.1071028E+00 -0.8981427E-02 -0.4537806E-01  0.1563711E-01  0.6669042E+00  0.1422836E-03 -0.6617072E-06  0.3102245E+00 -0.9503579E-02  0.1030664E+01
  0.2901042E+02 -0.5479752E-02  0.1071193E+00 -0.8984429E-02 -0.4539273E-01  0.1523786E-01  0.6163543E+00  0.8102183E-04  0.3449253E-05  0.3104674E+00 -0.7640669E-02  0.9817657E+00
  0.2902778E+02 -0.5478134E-02  0.1071353E+00 -0.8986760E-02 -0.4540452E-01  0.1391363E-01  0.5922501E+00 -0.1928793E-04  0.1990451E-05  0.3108444E+00 -0.4378096E-02  0.9598786E+00
  0.2904514E+02 -0.5476292E-02  0.1071508E+00 -0.8988615E-02 -0.4541621E-01  0.1369640E-01  0.6017294E+00 -0.9474409E-04  0.3244046E-06  0.3108788E+00  0.1050567E-02  0.9745305E+00
  0.2906250E+02 -0.5473489E-02  0.1071658E+00 -0.8990497E-02 -0.4542878E-01  0.1328629E-01  0.6409198E+00 -0.9144477E-04 -0.7502802E-06  0.3105496E+00  0.4504100E-02  0.1016441E+01
  0.2907986E+02 -0.5470477E-02  0.1071804E+00 -0.8992916E-02 -0.4544180E-01  0.1412196E-01  0.6974205E+00 -0.1095994E-03 -0.1789581E-05  0.3100921E+00  0.2890993E-02  0.1071689E+01
  0.2909722E+02 -0.5466423E-02  0.1071950E+00 -0.8995934E-02 -0.4545625E-01  0.1423872E-01  0.7448431E+00 -0.2951627E-04 -0.1563823E-05  0.3097979E+00 -0.1496000E-02  0.1114629E+01
  0.2911458E+02 -0.5461609E-02  0.1072099E+00 -0.8999352E-02 -0.4547203E-01  0.1523186E-01  0.7501659E+00  0.6792851E-04 -0.1277238E-06  0.3096742E+00 -0.7703441E-02  0.1114713E+01
  0.2913194E+02 -0.5457824E-02  0.1072252E+00 -0.9003028E-02 -0.4548662E-01  0.1504759E-01  0.7262312E+00  0.4994334E-04  0.7149045E-06  0.3100221E+00 -0.1148167E-01  0.1087148E+01
  0.2914931E+02 -0.5455415E-02  0.1072401E+00 -0.9006768E-02 -0.4549937E-01  0.1554114E-01  0.6835423E+00  0.2185512E-04  0.7408496E-06  0.3106099E+00 -0.9479144E-02  0.1047515E+01
  0.2916667E+02 -0.5451913E-02  0.1072543E+00 -0.9010415E-02 -0.4551289E-01  0.1476858E-01  0.6448949E+00  0.8298838E-04  0.2263584E-05  0.3110741E+00 -0.3131137E-02  0.1014971E+01
  0.2918403E+02 -0.5447337E-02  0.1072677E+00 -0.9013938E-02 -0.4552721E-01  0.1490399E-01  0.6126313E+00  0.9273010E-04  0.2955361E-05  0.3110854E+00  0.2103202E-02  0.9880988E+00
  0.2920139E+02 -0.5443749E-02  0.1072809E+00 -0.9017190E-02 -0.4554015E-01  0.1396967E-01  0.6064246E+00  0.4828166E-04  0.1632152E-05  0.3109778E+00  0.2576087E-02  0.9812779E+00
  0.2921875E+02 -0.5441579E-02  0.1072944E+00 -0.9019896E-02 -0.4555157E-01  0.1427906E-01  0.6057063E+00 -0.3531940E-04  0.1460808E-05  0.3107908E+00 -0.3488441E-03  0.9776747E+00
  0.2923611E+02 -0.5439741E-02  0.1073084E+00 -0.9022107E-02 -0.4556267E-01  0.1373131E-01  0.6324249E+00 -0.1042047E-03  0.3547790E-05  0.3105648E+00 -0.2347775E-02  0.1001556E+01
  0.2925347E+02 -0.5436760E-02  0.1073225E+00 -0.9024072E-02 -0.4557499E-01  0.1470095E-01  0.6693627E+00 -0.1295768E-03  0.4502910E-05  0.3101172E+00 -0.1546048E-02  0.1039796E+01
  0.2927083E+02 -0.5433310E-02  0.1073362E+00 -0.9026315E-02 -0.4558768E-01  0.1468137E-01  0.7066277E+00 -0.6039778E-04  0.3380237E-05  0.3099922E+00 -0.2133250E-02  0.1076400E+01
  0.2928819E+02 -0.5428487E-02  0.1073493E+00 -0.9029043E-02 -0.4560188E-01  0.1591106E-01  0.7175262E+00  0.4713439E-04  0.1215922E-05  0.3101643E+00 -0.3697325E-02  0.1087243E+01
  0.2930556E+02 -0.5422413E-02  0.1073620E+00 -0.9032120E-02 -0.4561754E-01  0.1517490E-01  0.7196427E+00  0.9632115E-04 -0.2260214E-06  0.3107122E+00 -0.7597554E-02  0.1085318E+01
  0.2932292E+02 -0.5418315E-02  0.1073747E+00 -0.9035516E-02 -0.4563117E-01  0.1535093E-01  0.6896850E+00  0.1184325E-03 -0.1181164E-05  0.3111485E+00 -0.1290890E-01  0.1050682E+01
  0.2934028E+02 -0.5415740E-02  0.1073878E+00 -0.9038867E-02 -0.4564317E-01  0.1387973E-01  0.6552011E+00  0.3454472E-04 -0.8440280E-06  0.3114024E+00 -0.1169000E-01  0.1016117E+01
  0.2935764E+02 -0.5414193E-02  0.1074009E+00 -0.9042250E-02 -0.4565386E-01  0.1404597E-01  0.6379517E+00 -0.5186736E-04 -0.1639626E-06  0.3115466E+00 -0.6163751E-02  0.1004619E+01
  0.2937500E+02 -0.5412568E-02  0.1074137E+00 -0.9045795E-02 -0.4566443E-01  0.1336653E-01  0.6555733E+00 -0.1259387E-03  0.1419507E-05  0.3115558E+00 -0.2490725E-02  0.1025171E+01
