  0.1376736E+02 -0.8650000E-02  0.8685193E-01 -0.5175186E-02 -0.2956705E-01  0.9090596E-02  0.7493530E+00  0.8533818E-04  0.1105498E-05  0.2629193E+00 -0.1421557E-01  0.1050693E+01
  0.1378472E+02 -0.8646395E-02  0.8689341E-01 -0.5180985E-02 -0.2959543E-01  0.9801329E-02  0.7293108E+00  0.1387135E-03  0.4513141E-06  0.2626207E+00 -0.1553149E-01  0.1029811E+01
  0.1380208E+02 -0.8644233E-02  0.8693515E-01 -0.5186606E-02 -0.2962231E-01  0.9930249E-02  0.7117860E+00  0.7870318E-04  0.7800202E-07  0.2625680E+00 -0.2235020E-01  0.1005495E+01
  0.1381944E+02 -0.8643485E-02  0.8697747E-01 -0.5192155E-02 -0.2964771E-01  0.9531661E-02  0.7078625E+00 -0.3559357E-04 -0.2125768E-06  0.2628397E+00 -0.2890103E-01  0.9947912E+00
  0.1383681E+02 -0.8641766E-02  0.8701984E-01 -0.5197854E-02 -0.2967411E-01  0.9027680E-02  0.7115996E+00 -0.1148401E-03 -0.2076230E-05  0.2632610E+00 -0.2853070E-01  0.9987468E+00
  0.1385417E+02 -0.8638625E-02  0.8706150E-01 -0.5203878E-02 -0.2970182E-01  0.8674519E-02  0.7219268E+00 -0.2816064E-04 -0.1789004E-05  0.2638170E+00 -0.2572416E-01  0.1012181E+01
  0.1387153E+02 -0.8635580E-02  0.8710224E-01 -0.5210045E-02 -0.2972919E-01  0.8523275E-02  0.7241287E+00  0.5156587E-04  0.1618941E-06  0.2643083E+00 -0.2229910E-01  0.1018240E+01
  0.1388889E+02 -0.8631460E-02  0.8714254E-01 -0.5215901E-02 -0.2975774E-01  0.8644834E-02  0.7262841E+00  0.2369243E-04  0.1981694E-05  0.2642610E+00 -0.1654559E-01  0.1026207E+01
  0.1390625E+02 -0.8627508E-02  0.8718283E-01 -0.5221539E-02 -0.2978615E-01  0.9106972E-02  0.7221398E+00  0.2495218E-04  0.2952666E-05  0.2637695E+00 -0.1526571E-01  0.1023326E+01
  0.1392361E+02 -0.8624877E-02  0.8722295E-01 -0.5227165E-02 -0.2981262E-01  0.9622939E-02  0.7168985E+00  0.3353178E-04 -0.6055877E-06  0.2633037E+00 -0.2021634E-01  0.1013200E+01
  0.1394097E+02 -0.8623691E-02  0.8726258E-01 -0.5232940E-02 -0.2983700E-01  0.9684091E-02  0.7210451E+00 -0.1141924E-04 -0.6256706E-05  0.2631957E+00 -0.2572256E-01  0.1011754E+01
  0.1395833E+02 -0.8623149E-02  0.8730194E-01 -0.5238940E-02 -0.2986050E-01  0.9126892E-02  0.7415121E+00 -0.7504968E-04 -0.6734507E-05  0.2635235E+00 -0.2837089E-01  0.1029289E+01
  0.1397569E+02 -0.8621724E-02  0.8734135E-01 -0.5245040E-02 -0.2988503E-01  0.8442706E-02  0.7594334E+00 -0.7266032E-04 -0.2568627E-05  0.2640061E+00 -0.2627904E-01  0.1049118E+01
  0.1399306E+02 -0.8617687E-02  0.8738067E-01 -0.5250932E-02 -0.2991255E-01  0.8306510E-02  0.7599473E+00 -0.2187558E-04  0.2045222E-05  0.2642763E+00 -0.2108323E-01  0.1055027E+01
  0.1401042E+02 -0.8612132E-02  0.8741942E-01 -0.5256595E-02 -0.2994157E-01  0.8905875E-02  0.7394361E+00  0.9334870E-04  0.2918496E-05  0.2643310E+00 -0.1922198E-01  0.1037156E+01
  0.1402778E+02 -0.8608072E-02  0.8745738E-01 -0.5262131E-02 -0.2996859E-01  0.9748186E-02  0.7045461E+00  0.1790227E-03 -0.1053027E-05  0.2643183E+00 -0.2189440E-01  0.1000515E+01
  0.1404514E+02 -0.8606178E-02  0.8749498E-01 -0.5267617E-02 -0.2999287E-01  0.1000713E-01  0.6678914E+00  0.1295817E-03 -0.3982359E-05  0.2643994E+00 -0.2560800E-01  0.9604438E+00
  0.1406250E+02 -0.8605719E-02  0.8753245E-01 -0.5273167E-02 -0.3001514E-01  0.9320921E-02  0.6493363E+00  0.3677359E-04 -0.2966972E-05  0.2646212E+00 -0.2806600E-01  0.9388846E+00
  0.1407986E+02 -0.8604863E-02  0.8756979E-01 -0.5278735E-02 -0.3003770E-01  0.8290830E-02  0.6703638E+00 -0.1603447E-03  0.5768923E-06  0.2648091E+00 -0.2528775E-01  0.9616646E+00
  0.1409722E+02 -0.8601791E-02  0.8760707E-01 -0.5284347E-02 -0.3006284E-01  0.7855322E-02  0.7305357E+00 -0.2679874E-03  0.3420361E-05  0.2647820E+00 -0.1761901E-01  0.1028948E+01
  0.1411458E+02 -0.8597833E-02  0.8764409E-01 -0.5290181E-02 -0.3008923E-01  0.8329927E-02  0.7982601E+00 -0.1795592E-03  0.2508777E-05  0.2645238E+00 -0.1220131E-01  0.1102402E+01
  0.1413194E+02 -0.8593024E-02  0.8768047E-01 -0.5296157E-02 -0.3011636E-01  0.9315022E-02  0.8232505E+00  0.6334298E-04 -0.7568611E-06  0.2641221E+00 -0.1263756E-01  0.1127788E+01
  0.1414931E+02 -0.8588436E-02  0.8771619E-01 -0.5302025E-02 -0.3014271E-01  0.1012107E-01  0.7896279E+00  0.1953372E-03 -0.3367792E-05  0.2638614E+00 -0.1804775E-01  0.1089438E+01
  0.1416667E+02 -0.8586458E-02  0.8775146E-01 -0.5307635E-02 -0.3016555E-01  0.1018292E-01  0.7261081E+00  0.1997067E-03 -0.2935934E-05  0.2640775E+00 -0.2652290E-01  0.1017734E+01
  0.1418403E+02 -0.8585406E-02  0.8778693E-01 -0.5312881E-02 -0.3018721E-01  0.9552615E-02  0.6745385E+00  0.1379705E-03 -0.1610438E-05  0.2647240E+00 -0.3213211E-01  0.9605207E+00
  0.1420139E+02 -0.8583029E-02  0.8782279E-01 -0.5317829E-02 -0.3021051E-01  0.8772184E-02  0.6506044E+00 -0.4315803E-04 -0.9392695E-06  0.2652925E+00 -0.3088647E-01  0.9374499E+00
  0.1421875E+02 -0.8579413E-02  0.8785879E-01 -0.5322928E-02 -0.3023548E-01  0.8248422E-02  0.6598894E+00 -0.7566230E-04  0.1106130E-05  0.2655410E+00 -0.2574074E-01  0.9515845E+00
  0.1423611E+02 -0.8576114E-02  0.8789433E-01 -0.5328307E-02 -0.3026008E-01  0.8208865E-02  0.6816449E+00 -0.9492645E-04  0.3761009E-05  0.2654995E+00 -0.1674838E-01  0.9822436E+00
  0.1425347E+02 -0.8571372E-02  0.8792917E-01 -0.5333790E-02 -0.3028605E-01  0.8705781E-02  0.7221657E+00 -0.1419965E-03  0.4833789E-05  0.2651260E+00 -0.6180012E-02  0.1033418E+01
  0.1427083E+02 -0.8566243E-02  0.8796371E-01 -0.5339419E-02 -0.3031236E-01  0.9523370E-02  0.7666540E+00 -0.9244652E-04  0.2247816E-05  0.2644611E+00 -0.2646093E-02  0.1081648E+01
  0.1428819E+02 -0.8562097E-02  0.8799841E-01 -0.5345312E-02 -0.3033762E-01  0.1012814E-01  0.7898459E+00  0.3546262E-04 -0.1790358E-05  0.2638550E+00 -0.1041690E-01  0.1097199E+01
  0.1430556E+02 -0.8559536E-02  0.8803331E-01 -0.5351441E-02 -0.3036094E-01  0.1015654E-01  0.7799811E+00  0.1069121E-03 -0.3272124E-05  0.2637788E+00 -0.2347078E-01  0.1074311E+01
  0.1432292E+02 -0.8557562E-02  0.8806851E-01 -0.5357563E-02 -0.3038352E-01  0.9687182E-02  0.7514286E+00  0.7340125E-04 -0.1120453E-05  0.2642215E+00 -0.3112525E-01  0.1038054E+01
  0.1434028E+02 -0.8555832E-02  0.8810407E-01 -0.5363447E-02 -0.3040595E-01  0.9056935E-02  0.7250012E+00 -0.1598554E-05 -0.4809579E-06  0.2649302E+00 -0.3128184E-01  0.1011483E+01
  0.1435764E+02 -0.8553844E-02  0.8813995E-01 -0.5368910E-02 -0.3042881E-01  0.8649169E-02  0.7037138E+00 -0.6611560E-05 -0.1945246E-05  0.2656402E+00 -0.2718562E-01  0.9945974E+00
  0.1437500E+02 -0.8549168E-02  0.8817586E-01 -0.5373900E-02 -0.3045500E-01  0.8689214E-02  0.6716331E+00  0.8974758E-04 -0.1671488E-05  0.2659835E+00 -0.1833458E-01  0.9718570E+00
