  0.494023677688818       1.838652923480443E-003
  0.482083068444808       1.838418335957470E-003
  0.470178454307429       1.837972684583627E-003
  0.458333464089175       1.837309410309735E-003
  0.446571182235371       1.836478430338138E-003
  0.434913945861631       1.835522338924403E-003
  0.423383155988834       1.834457794549584E-003
  0.411999106226866       1.833285556460735E-003
  0.400780831609732       1.832000784707752E-003
  0.389745979670826       1.830557455337714E-003
  0.378910705195787       1.828949385175911E-003
  0.368289589429589       1.827200140055612E-003
  0.357895583870804       1.825291700542931E-003
  0.347739978183089       1.823225000622530E-003
  0.337832391211763       1.821024049166840E-003
  0.328180783626965       1.818725670719823E-003
  0.318791490334566       1.816333221289559E-003
  0.309669270506982       1.813865194772583E-003
  0.300817372888782       1.811346544617368E-003
  0.292237613923089       1.808753270245170E-003
  0.283930466217309       1.806075305989594E-003
  0.275895154911291       1.803333417752415E-003
  0.268129759616606       1.800533095595209E-003
  0.260631319750296       1.797690728116682E-003
  0.253395941278031       1.794814402068599E-003
  0.246418903098633       1.791910470812481E-003
  0.239694761533488       1.788992759093402E-003
  0.233217451621116       1.786060797408618E-003
  0.226980384150971       1.783106276878474E-003
  0.220976537594903       1.780134383240024E-003
  0.215198544304614       1.777135418347135E-003
  0.209638770535251       1.774109171797307E-003
  0.204289390026756       1.771075240186529E-003
  0.199142451024489       1.768038021366419E-003
  0.194189936748791       1.764998803944286E-003
  0.189423819430010       1.761954278051452E-003
  0.184836108112170       1.758912811190215E-003
  0.180418890496514       1.755884780106665E-003
  0.176164369147168       1.752869828709513E-003
  0.172064892417298       1.749860448274317E-003
  0.168112980477160       1.746854079081679E-003
  0.164301346837352       1.743856652670285E-003
  0.160622915763249       1.740874990806113E-003
  0.157070835971696       1.737909546101754E-003
  0.153638490990144       1.734960337758221E-003
  0.150319506542889       1.732030970150922E-003
  0.147107755310190       1.729124163397475E-003
  0.143997359384789       1.726235124335532E-003
  0.140982690727640       1.723356942003362E-003
  0.138058369901191       1.720482658743227E-003
  0.135219263334998       1.717609932690714E-003
  0.132460479355158       1.714738317455440E-003
  0.129777363186511       1.711866121926743E-003
  0.127165491114924       1.708986681652777E-003
  0.124620663976577       1.706093679998700E-003
  0.122138900121970       1.703179645152835E-003
  0.119716427984633       1.700239350504133E-003
  0.117349678368081       1.697268696212771E-003
  0.115035276549601       1.694265751517423E-003
  0.112770034285789       1.691225039292399E-003
  0.110550941792451       1.688141896196574E-003
  0.108375159760403       1.685014508466177E-003
  0.106240011458816       1.681842138503508E-003
  0.104142974968954       1.678621630886729E-003
  0.102081675583382       1.675350072829328E-003
  0.100053878398865       1.672023447834459E-003
  9.805748112521318E-002  1.668634733652352E-003
  9.609050712708822E-002  1.665175897466219E-003
  9.415109871129257E-002  1.661640813672404E-003
  9.223751066816444E-002  1.658021158472505E-003
  9.034810407238425E-002  1.654311516092629E-003
  8.848134034567023E-002  1.650509061035211E-003
  8.663577558146329E-002  1.646607211218063E-003
  8.481005512971024E-002  1.642599559094148E-003
  8.300290843820984E-002  1.638479502989553E-003
  8.121314414564174E-002  1.634236999423302E-003
  7.943964542031634E-002  1.629862412623964E-003
  7.768136553782978E-002  1.625344461475388E-003
  7.593732369014961E-002  1.620669907390945E-003
  7.420660101816801E-002  1.615824982011745E-003
  7.248833685941780E-002  1.610795876247016E-003
  7.078172520242082E-002  1.605567842341952E-003
  6.908601133902609E-002  1.600125817114700E-003
  6.740048870606113E-002  1.594452189583524E-003
  6.572449590766438E-002  1.588528823365161E-003
  6.405741390976866E-002  1.582336152528434E-003
  6.239866339835631E-002  1.575855103053451E-003
  6.074770229329696E-002  1.569062971367249E-003
  5.910402340980070E-002  1.561932688982636E-003
  5.746715225976262E-002  1.554429951561509E-003
  5.583664498553959E-002  1.546522866713626E-003
  5.421208641897379E-002  1.538172415215426E-003
  5.259308825876097E-002  1.529336965354758E-003
  5.097928735954965E-002  1.519970198083841E-003
  4.937034412644775E-002  1.510022397921764E-003
  4.776594100889892E-002  1.499437245414769E-003
  4.616578108817865E-002  1.488154176193926E-003
  4.456958675303846E-002  1.476111785686939E-003
  4.297709845830100E-002  1.463240304368671E-003
  4.138807356147611E-002  1.449458922605007E-003
  3.980228523272378E-002  1.434666351109739E-003
  3.821952143374341E-002  1.418744487498097E-003
  3.663958396140560E-002  1.401564938526282E-003
  3.506228755217522E-002  1.382988529186221E-003
  3.348745904359557E-002  1.362864841170832E-003
  3.191493658931466E-002  1.341021836138539E-003
  3.034456892433729E-002  1.317259904380390E-003
  2.877621467737718E-002  1.291353267781504E-003
  2.720974172736834E-002  1.263047167103049E-003
  2.564502660136703E-002  1.232077782747480E-003
  2.408195391124157E-002  1.198184053778288E-003
  2.252041582670189E-002  1.161129057786575E-003
  2.096031158237066E-002  1.120693801386331E-003
  1.940154701673513E-002  1.076771404757515E-003
  1.784403414095270E-002  1.029478186974169E-003
  1.628769073560682E-002  9.791050904861139E-004
  1.473243997362716E-002  9.262935983522781E-004
  1.317821006770015E-002  8.722101266507935E-004
  1.162493394059760E-002  8.187766829698972E-004
  1.007254891695297E-002  7.685874339954918E-004
  8.520996435103179E-003  7.245969958156238E-004
  6.970221777704344E-003  6.892810810734361E-004
  5.420173819908891E-003  6.636740618118438E-004
  3.870804793969951E-003  6.467968080237057E-004
  2.322070069209592E-003  6.361579576243734E-004
  7.739279463561122E-004  6.292799947521187E-004
