   176.171608872742       0.497929203311313     
   171.913520776075       0.510045207828065     
   167.668268735925       0.544987272201959     
   163.444278919092       0.589591775178435     
   159.249783368002       0.639794248389351     
   155.092747623117       0.692603909633657     
   150.980803408282       0.746270376042698     
   146.921187538379       0.799622343452657     
   142.920688013088       0.851213761748186     
   138.985598041603       0.899857293540989     
   135.121678510912       0.945131355938634     
   131.334129174596       0.987400006844298     
   127.627568609544        1.02740854194250     
   124.006022773012        1.06586640700054     
   120.472921799086        1.10328543074135     
   117.031104507297        1.13969107168720     
   113.682829960542        1.17467702998322     
   110.429795306344        1.20801296590948     
   107.273159065201        1.23983299126416     
   104.213568990900        1.27053728810634     
   101.251193617887        1.30058230311665     
   98.3857566266940        1.33024769085448     
   95.6165731960587        1.35954314910151     
   92.9425875655250        1.38821531368391     
   90.3624111006532        1.41594314363313     
   87.8743602303358        1.44253143082222     
   85.4764937083066        1.46789743676870     
   83.1666487353523        1.49205085095941     
   80.9424755621072        1.51508597420473     
   78.8014702723288        1.53711091438530     
   76.7410055213917        1.55820412614338     
   74.7583590731500        1.57843273729346     
   72.8507400394573        1.59787507237335     
   71.0153127800973        1.61660892337263     
   69.2492184665684        1.63468813558306     
   67.5495943512746        1.65214332821506     
   65.9135908145846        1.66899274925709     
   64.3383862864705        1.68525060837496     
   62.8212001576511        1.70092191208860     
   61.3593038080342        1.71599414650300     
   59.9500298884631        1.73044616168560     
   58.5907799960290        1.74426756035875     
   57.2790308841565        1.75747376874321     
   56.0123393469214        1.77010655000979     
   54.7883459131753        1.78221992096567     
   53.6047774805204        1.79386423631595     
   52.4594490124381        1.80507931634593     
   51.3502644142979        1.81589492924860     
   50.2752166958711        1.82632953382077     
   49.2323875196144        1.83638532287119     
   48.2199462255708        1.84604734230684     
   47.2361484154448        1.85529117373760     
   46.2793341703575        1.86409410275720     
   45.3479259690870        1.87244273429530     
   44.4404263663086        1.88033511012845     
   43.5554154835232        1.88777909447522     
   42.6915483590147        1.89478889056762     
   41.8475521973377        1.90138080572754     
   41.0222235534818        1.90756917460958     
   40.2144254820022        1.91336327628580     
   39.4230846770075        1.91876595896085     
   38.6471886249488        1.92377434098666     
   37.8857827886288        1.92838231298620     
   37.1379678377097        1.93258389552678     
   36.4028969382266        1.93637608595057     
   35.6797731111759        1.93976012585732     
   34.9678466681078        1.94274106471931     
   34.2664127297961        1.94532628735700     
   33.5748088324475        1.94752388106085     
   32.8924126245276        1.94934148037757     
   32.2186396560930        1.95078579642326     
   31.5529412615159        1.95186264189370     
   30.8948025356349        1.95257709188992     
   30.2437404026580        1.95293354674058     
   29.5993017765579        1.95293573783604     
   28.9610618112190        1.95258683486873     
   28.3286222382090        1.95188965407981     
   27.7016097897463        1.95084675977381     
   27.0796747041961        1.94946027452235     
   26.4624893112571        1.94773142886984     
   25.8497466938758        1.94566002685124     
   25.2411594238472        1.94324399544344     
   24.6364583680200        1.94047912720288     
   24.0353915620118        1.93735904942771     
   23.4377231483560        1.93387537695117     
   22.8432323760391        1.93001801187530     
   22.2517126584395        1.92577564766369     
   21.6629706867483        1.92113660109107     
   21.0768255960305        1.91608996267155     
   20.4931081811716        1.91062673913649     
   19.9116601600516        1.90474053363108     
   19.3323334813814        1.89842762976073     
   18.7549896747424        1.89168680016983     
   18.1794992404692        1.88451927478398     
   17.6057410771226        1.87692904203178     
   17.0336019443966        1.86892333936220     
   16.4629759594119        1.86051307020780     
   15.8937641244433        1.85171297796706     
   15.3258738842278        1.84254156905976     
   14.7592187110952        1.83302088405998     
   14.1937177162549        1.82317628101372     
   13.6292952856619        1.81303642809971     
   13.0658807389703        1.80263360097637     
   12.5034080101666        1.79200412732565     
   11.9418153485497        1.78118865944054     
   11.3810450388050        1.77023211546637     
   10.8210431389893        1.75918346879653     
   10.2617592353120        1.74809573830331     
   9.70314621266483        1.73702639721593     
   9.14516003991312        1.72603808661379     
   8.58775956902135        1.71519922815060     
   8.03090634714528        1.70458410790850     
   7.47456444087709        1.69427233230266     
   6.91870027188786        1.68434809517364     
   6.36328246326948        1.67489989664263     
   5.80828169593467        1.66602076301412     
   5.25367057447944        1.65780823308797     
   4.69942350191371        1.65036333179798     
   4.14551656254102        1.64378840919942     
   3.59192741192035        1.63818430911551     
   3.03863517221357        1.63364729507829     
   2.48562033069107        1.63026568234052     
   1.93286464011306        1.62811587682831     
   1.38035102473459        1.62725798418834     
  0.828063506189352        1.62773222232833     
  0.275987171819188        1.62955868321496     
