   140.256588104144        9.21765377032721     
   136.872409288670        9.21748618723127     
   133.508543250424        9.21792331088792     
   130.174931816394        9.21849680691957     
   126.877062590438        9.21906467156715     
   123.620572885836        9.21983244464298     
   120.407909542967        9.22064376338961     
   117.242757545053        9.22124029069314     
   114.131164681908        9.22166256222035     
   111.079707243993        9.22198660746145     
   108.092337578405        9.22221759665497     
   105.169928982995        9.22245446171573     
   102.313169616932        9.22277031796360     
   99.5229700133613        9.22312399354616     
   96.8022634892137        9.22355892754195     
   94.1538393786327        9.22392562560151     
   91.5784468666437        9.22424471762423     
   89.0767440033860        9.22445057321569     
   86.6492579000849        9.22473888288498     
   84.2961015015177        9.22502439070572     
   82.0172207929696        9.22527356649594     
   79.8125470570858        9.22551640394782     
   77.6819458555377        9.22583362492068     
   75.6250921659277        9.22615984428720     
   73.6406477646610        9.22662397017549     
   71.7263903556068        9.22714199380277     
   69.8802158975780        9.22780234395603     
   68.1009713081635        9.22841440755428     
   66.3869802834306        9.22905954172064     
   64.7358084856625        9.22963640406290     
   63.1449968198199        9.23019033644725     
   61.6125370074877        9.23079267925403     
   60.1367413993742        9.23136993921250     
   58.7158469081553        9.23192419711007     
   57.3476252213978        9.23242278738833     
   56.0296791274777        9.23288531778531     
   54.7595208076494        9.23330734069533     
   53.5348519683440        9.23367791598376     
   52.3537705579199        9.23402744441979     
   51.2144669146430        9.23441032694508     
   50.1151150298854        9.23482867699180     
   49.0537891316992        9.23527375932889     
   48.0285983886808        9.23579559612399     
   47.0377602301026        9.23639102273652     
   46.0795208688023        9.23703102977481     
   45.1521726944071        9.23771830212448     
   44.2540095158741        9.23846197325966     
   43.3833815064590        9.23925766768032     
   42.5386930595230        9.24006816698346     
   41.7184714491246        9.24087376583454     
   40.9212994421099        9.24165515841601     
   40.1458919619351        9.24242885444388     
   39.3910674381001        9.24321510424964     
   38.6557437736860        9.24398183197204     
   37.9388346405419        9.24472628352067     
   37.2392291516507        9.24545845161885     
   36.5558433046001        9.24616036398656     
   35.8876734092908        9.24684539522519     
   35.2338166162664        9.24752274752625     
   34.5933851916155        9.24820449170454     
   33.9655649864271        9.24889632459390     
   33.3496061424525        9.24956934183051     
   32.7448224909439        9.25023335665064     
   32.1505062744199        9.25090606144579     
   31.5659978640510        9.25157052768032     
   30.9907121621622        9.25222422395311     
   30.4240776236243        9.25287012511753     
   29.8655390224197        9.25350492872887     
   29.3146360385935        9.25412953095060     
   28.7709435915756        9.25472754985245     
   28.2340320618821        9.25530946471835     
   27.7034639618206        9.25586742012531     
   27.1788090386256        9.25639175868021     
   26.6596463247636        9.25688173389195     
   26.1455971821129        9.25736689773643     
   25.6363346946865        9.25782683833761     
   25.1315617202599        9.25828303900075     
   24.6309801138334        9.25873548294468     
   24.1343257104642        9.25919312505593     
   23.6413843505736        9.25963445513449     
   23.1519857122953        9.26007205099200     
   22.6659389653979        9.26051058913904     
   22.1830596691174        9.26096221497514     
   21.7031311643192        9.26141001816842     
   21.2259441264590        9.26183333365067     
   20.7513148442795        9.26224283778503     
   20.2790851391765        9.26263986646271     
   19.8091057273194        9.26302047515970     
   19.3412293450166        9.26335825149526     
   18.8753019461961        9.26365044171417     
   18.4111929328060        9.26392439674123     
   17.9487655009150        9.26419308035491     
   17.4878935374759        9.26444415485587     
   17.0284472602681        9.26466195456227     
   16.5703084643540        9.26484345555577     
   16.1133807511725        9.26500880448664     
   15.6575646742053        9.26516285941087     
   15.2027603277272        9.26529776817377     
   14.7488222485442        9.26542790748750     
   14.2956217492176        9.26552380217336     
   13.8430085284626        9.26557576160253     
   13.3907660671906        9.26556437296925     
   12.9386404976432        9.26552204210832     
   12.4864045566834        9.26544059220005     
   12.0337462411107        9.26528076903979     
   11.5802464028286        9.26505506032640     
   11.1255606677037        9.26476557539912     
   10.6694101499823        9.26438372482636     
   10.2113128137227        9.26390207462060     
   9.75058758709913        9.26333853264687     
   9.28611020197340        9.26271652822591     
   8.81631490398571        9.26199692042938     
   8.33913254583876        9.26118115464572     
   7.85196114053893        9.26032717294372     
   7.35119705533213        9.25943989680828     
   6.83201665767621        9.25857412893779     
   6.28902994907254        9.25774470245837     
   5.71630698215199        9.25694970904394     
   5.10828116816104        9.25621590264736     
   4.46310702978375        9.25557486278767     
   3.78523760821999        9.25503441521135     
   3.08618745565076        9.25460256896270     
   2.38077258258063        9.25428310756889     
   1.68159027799547        9.25409664024476     
  0.996081509315556        9.25405650490619     
  0.327539854170647        9.25417522240635     
