   0.976094711E+00   0.100504252E+01   0.897117861E+00
   0.952237563E+00   0.100506806E+01   0.897140655E+00
   0.928476254E+00   0.100510575E+01   0.897174302E+00
   0.904857602E+00   0.100515322E+01   0.897216674E+00
   0.881427127E+00   0.100520936E+01   0.897266783E+00
   0.858228657E+00   0.100527586E+01   0.897326142E+00
   0.835303967E+00   0.100535385E+01   0.897395762E+00
   0.812692458E+00   0.100544017E+01   0.897472813E+00
   0.790430869E+00   0.100553294E+01   0.897555623E+00
   0.768553050E+00   0.100563468E+01   0.897646434E+00
   0.747089771E+00   0.100574681E+01   0.897746525E+00
   0.726068587E+00   0.100586811E+01   0.897854796E+00
   0.705513749E+00   0.100599679E+01   0.897969659E+00
   0.685446164E+00   0.100613165E+01   0.898090035E+00
   0.665883401E+00   0.100627188E+01   0.898215212E+00
   0.646839734E+00   0.100641674E+01   0.898344510E+00
   0.628326228E+00   0.100656619E+01   0.898477918E+00
   0.610350854E+00   0.100672019E+01   0.898615379E+00
   0.592918637E+00   0.100687739E+01   0.898755698E+00
   0.576031819E+00   0.100703619E+01   0.898897442E+00
   0.559690046E+00   0.100719494E+01   0.899039149E+00
   0.543890573E+00   0.100735217E+01   0.899179494E+00
   0.528628465E+00   0.100750742E+01   0.899318072E+00
   0.513896814E+00   0.100766177E+01   0.899455849E+00
   0.499686951E+00   0.100781659E+01   0.899594045E+00
   0.485988661E+00   0.100797184E+01   0.899732623E+00
   0.472790385E+00   0.100812664E+01   0.899870797E+00
   0.460079421E+00   0.100828034E+01   0.900007999E+00
   0.447842115E+00   0.100843271E+01   0.900144000E+00
   0.436064035E+00   0.100858347E+01   0.900278575E+00
   0.424730142E+00   0.100873282E+01   0.900411884E+00
   0.413824940E+00   0.100888092E+01   0.900544078E+00
   0.403332620E+00   0.100902726E+01   0.900674707E+00
   0.393237184E+00   0.100917150E+01   0.900803455E+00
   0.383522563E+00   0.100931346E+01   0.900930175E+00
   0.374172715E+00   0.100945286E+01   0.901054605E+00
   0.365171718E+00   0.100958973E+01   0.901176778E+00
   0.356503844E+00   0.100972422E+01   0.901296829E+00
   0.348153632E+00   0.100985627E+01   0.901414695E+00
   0.340105938E+00   0.100998576E+01   0.901530279E+00
   0.332345984E+00   0.101011287E+01   0.901643743E+00
   0.324859403E+00   0.101023804E+01   0.901755467E+00
   0.317632260E+00   0.101036157E+01   0.901865733E+00
   0.310651084E+00   0.101048349E+01   0.901974561E+00
   0.303902880E+00   0.101060375E+01   0.902081914E+00
   0.297375146E+00   0.101072253E+01   0.902187936E+00
   0.291055875E+00   0.101084003E+01   0.902292818E+00
   0.284933562E+00   0.101095631E+01   0.902396611E+00
   0.278997201E+00   0.101107128E+01   0.902499237E+00
   0.273236279E+00   0.101118488E+01   0.902600633E+00
   0.267640774E+00   0.101129713E+01   0.902700834E+00
   0.262201143E+00   0.101140830E+01   0.902800064E+00
   0.256908310E+00   0.101151868E+01   0.902898588E+00
   0.251753655E+00   0.101162842E+01   0.902996545E+00
   0.246729001E+00   0.101173763E+01   0.903094026E+00
   0.241826599E+00   0.101184631E+01   0.903191036E+00
   0.237039113E+00   0.101195436E+01   0.903287486E+00
   0.232359601E+00   0.101206176E+01   0.903383357E+00
   0.227781505E+00   0.101216871E+01   0.903478817E+00
   0.223298632E+00   0.101227545E+01   0.903574096E+00
   0.218905135E+00   0.101238222E+01   0.903669402E+00
   0.214595504E+00   0.101248922E+01   0.903764909E+00
   0.210364542E+00   0.101259657E+01   0.903860736E+00
   0.206207358E+00   0.101270441E+01   0.903956993E+00
   0.202119345E+00   0.101281290E+01   0.904053835E+00
   0.198096169E+00   0.101292222E+01   0.904151415E+00
   0.194133755E+00   0.101303249E+01   0.904249842E+00
   0.190228273E+00   0.101314382E+01   0.904349220E+00
   0.186376122E+00   0.101325634E+01   0.904449652E+00
   0.182573921E+00   0.101337015E+01   0.904551247E+00
   0.178818495E+00   0.101348549E+01   0.904654197E+00
   0.175106866E+00   0.101360268E+01   0.904758805E+00
   0.171436236E+00   0.101372211E+01   0.904865412E+00
   0.167803984E+00   0.101384413E+01   0.904974327E+00
   0.164207650E+00   0.101396903E+01   0.905085817E+00
   0.160644927E+00   0.101409702E+01   0.905200060E+00
   0.157113655E+00   0.101422819E+01   0.905317149E+00
   0.153611807E+00   0.101436257E+01   0.905437096E+00
   0.150137487E+00   0.101450013E+01   0.905559888E+00
   0.146688917E+00   0.101464098E+01   0.905685606E+00
   0.143264431E+00   0.101478532E+01   0.905814446E+00
   0.139862470E+00   0.101493352E+01   0.905946737E+00
   0.136481575E+00   0.101508610E+01   0.906082933E+00
   0.133120380E+00   0.101524366E+01   0.906223574E+00
   0.129777604E+00   0.101540686E+01   0.906369246E+00
   0.126452052E+00   0.101557636E+01   0.906520548E+00
   0.123142602E+00   0.101575293E+01   0.906678153E+00
   0.119848207E+00   0.101593740E+01   0.906842815E+00
   0.116567886E+00   0.101613072E+01   0.907015375E+00
   0.113300723E+00   0.101633390E+01   0.907196741E+00
   0.110045857E+00   0.101654801E+01   0.907387857E+00
   0.106802488E+00   0.101677423E+01   0.907589784E+00
   0.103569865E+00   0.101701394E+01   0.907803750E+00
   0.100347285E+00   0.101726877E+01   0.908031219E+00
   0.971340918E-01   0.101754069E+01   0.908273939E+00
   0.939296722E-01   0.101783201E+01   0.908533976E+00
   0.907334521E-01   0.101814554E+01   0.908813839E+00
   0.875448949E-01   0.101848454E+01   0.909116437E+00
   0.843634989E-01   0.101885261E+01   0.909444979E+00
   0.811887953E-01   0.101925392E+01   0.909803201E+00
   0.780203456E-01   0.101969367E+01   0.910195721E+00
   0.748577401E-01   0.102017811E+01   0.910628140E+00
   0.717005957E-01   0.102071488E+01   0.911107276E+00
   0.685485545E-01   0.102131357E+01   0.911641676E+00
   0.654012817E-01   0.102198618E+01   0.912242058E+00
   0.622584647E-01   0.102274769E+01   0.912921792E+00
   0.591198110E-01   0.102361677E+01   0.913697550E+00
   0.559850477E-01   0.102461710E+01   0.914590459E+00
   0.528539192E-01   0.102577821E+01   0.915626887E+00
   0.497261872E-01   0.102713576E+01   0.916838662E+00
   0.466016285E-01   0.102873250E+01   0.918263935E+00
   0.434800348E-01   0.103062020E+01   0.919948933E+00
   0.403612115E-01   0.103286116E+01   0.921949251E+00
   0.372449766E-01   0.103552878E+01   0.924330415E+00
   0.341311600E-01   0.103870693E+01   0.927167281E+00
   0.310196029E-01   0.104248672E+01   0.930541185E+00
   0.279101570E-01   0.104696100E+01   0.934535001E+00
   0.248026833E-01   0.105221430E+01   0.939224188E+00
   0.216970524E-01   0.105830867E+01   0.944664123E+00
   0.185931432E-01   0.106526586E+01   0.950874229E+00
   0.154908425E-01   0.107305128E+01   0.957823624E+00
   0.123900446E-01   0.108157123E+01   0.965428676E+00
   0.929065068E-02   0.109068811E+01   0.973566560E+00
   0.619256849E-02   0.110024945E+01   0.982101168E+00
   0.309571179E-02   0.111011864E+01   0.990910575E+00
   0.000000000E+00   0.112030154E+01   0.100000000E+01
