   0.976094711E+00   0.100052704E+01   0.922566708E+00
   0.952237563E+00   0.100053580E+01   0.922574787E+00
   0.928476254E+00   0.100054953E+01   0.922587446E+00
   0.904857602E+00   0.100056829E+01   0.922604742E+00
   0.881427127E+00   0.100059261E+01   0.922627171E+00
   0.858228657E+00   0.100062249E+01   0.922654719E+00
   0.835303967E+00   0.100065793E+01   0.922687400E+00
   0.812692458E+00   0.100069912E+01   0.922725380E+00
   0.790430869E+00   0.100074558E+01   0.922768217E+00
   0.768553050E+00   0.100079630E+01   0.922814983E+00
   0.747089771E+00   0.100085038E+01   0.922864853E+00
   0.726068587E+00   0.100090764E+01   0.922917656E+00
   0.705513749E+00   0.100096888E+01   0.922974120E+00
   0.685446164E+00   0.100103486E+01   0.923034955E+00
   0.665883401E+00   0.100110491E+01   0.923099552E+00
   0.646839734E+00   0.100117775E+01   0.923166712E+00
   0.628326228E+00   0.100125293E+01   0.923236039E+00
   0.610350854E+00   0.100133091E+01   0.923307939E+00
   0.592918637E+00   0.100141239E+01   0.923383069E+00
   0.576031819E+00   0.100149707E+01   0.923461153E+00
   0.559690046E+00   0.100158433E+01   0.923541610E+00
   0.543890573E+00   0.100167415E+01   0.923624437E+00
   0.528628465E+00   0.100176646E+01   0.923709555E+00
   0.513896814E+00   0.100186073E+01   0.923796480E+00
   0.499686951E+00   0.100195617E+01   0.923884480E+00
   0.485988661E+00   0.100205210E+01   0.923972932E+00
   0.472790385E+00   0.100214852E+01   0.924061847E+00
   0.460079421E+00   0.100224599E+01   0.924151721E+00
   0.447842115E+00   0.100234457E+01   0.924242619E+00
   0.436064035E+00   0.100244373E+01   0.924334054E+00
   0.424730142E+00   0.100254321E+01   0.924425782E+00
   0.413824940E+00   0.100264327E+01   0.924518045E+00
   0.403332620E+00   0.100274399E+01   0.924610917E+00
   0.393237184E+00   0.100284500E+01   0.924704051E+00
   0.383522563E+00   0.100294580E+01   0.924796998E+00
   0.374172715E+00   0.100304621E+01   0.924889585E+00
   0.365171718E+00   0.100314630E+01   0.924981877E+00
   0.356503844E+00   0.100324617E+01   0.925073965E+00
   0.348153632E+00   0.100334570E+01   0.925165738E+00
   0.340105938E+00   0.100344460E+01   0.925256932E+00
   0.332345984E+00   0.100354274E+01   0.925347424E+00
   0.324859403E+00   0.100364013E+01   0.925437231E+00
   0.317632260E+00   0.100373679E+01   0.925526353E+00
   0.310651084E+00   0.100383264E+01   0.925614740E+00
   0.303902880E+00   0.100392763E+01   0.925702325E+00
   0.297375146E+00   0.100402168E+01   0.925789048E+00
   0.291055875E+00   0.100411492E+01   0.925875025E+00
   0.284933562E+00   0.100420773E+01   0.925960600E+00
   0.278997201E+00   0.100430051E+01   0.926046147E+00
   0.273236279E+00   0.100439343E+01   0.926131827E+00
   0.267640774E+00   0.100448650E+01   0.926217649E+00
   0.262201143E+00   0.100457968E+01   0.926303572E+00
   0.256908310E+00   0.100467288E+01   0.926389509E+00
   0.251753655E+00   0.100476597E+01   0.926475340E+00
   0.246729001E+00   0.100485884E+01   0.926560981E+00
   0.241826599E+00   0.100495154E+01   0.926646454E+00
   0.237039113E+00   0.100504417E+01   0.926731868E+00
   0.232359601E+00   0.100513695E+01   0.926817416E+00
   0.227781505E+00   0.100523010E+01   0.926903310E+00
   0.223298632E+00   0.100532384E+01   0.926989748E+00
   0.218905135E+00   0.100541835E+01   0.927076892E+00
   0.214595504E+00   0.100551374E+01   0.927164846E+00
   0.210364542E+00   0.100561006E+01   0.927253665E+00
   0.206207358E+00   0.100570736E+01   0.927343379E+00
   0.202119345E+00   0.100580570E+01   0.927434057E+00
   0.198096169E+00   0.100590516E+01   0.927525770E+00
   0.194133755E+00   0.100600579E+01   0.927618557E+00
   0.190228273E+00   0.100610761E+01   0.927712445E+00
   0.186376122E+00   0.100621065E+01   0.927807454E+00
   0.182573921E+00   0.100631492E+01   0.927903599E+00
   0.178818495E+00   0.100642047E+01   0.928000922E+00
   0.175106866E+00   0.100652743E+01   0.928099556E+00
   0.171436236E+00   0.100663601E+01   0.928199673E+00
   0.167803984E+00   0.100674638E+01   0.928301441E+00
   0.164207650E+00   0.100685872E+01   0.928405031E+00
   0.160644927E+00   0.100697325E+01   0.928510631E+00
   0.157113655E+00   0.100709020E+01   0.928618469E+00
   0.153611807E+00   0.100720986E+01   0.928728809E+00
   0.150137487E+00   0.100733257E+01   0.928841956E+00
   0.146688917E+00   0.100745872E+01   0.928958280E+00
   0.143264431E+00   0.100758877E+01   0.929078193E+00
   0.139862470E+00   0.100772319E+01   0.929202138E+00
   0.136481575E+00   0.100786250E+01   0.929330593E+00
   0.133120380E+00   0.100800719E+01   0.929464013E+00
   0.129777604E+00   0.100815773E+01   0.929602816E+00
   0.126452052E+00   0.100831454E+01   0.929747415E+00
   0.123142602E+00   0.100847808E+01   0.929898209E+00
   0.119848207E+00   0.100864875E+01   0.930055583E+00
   0.116567886E+00   0.100882703E+01   0.930219969E+00
   0.113300723E+00   0.100901346E+01   0.930391875E+00
   0.110045857E+00   0.100920868E+01   0.930571882E+00
   0.106802488E+00   0.100941337E+01   0.930760624E+00
   0.103569865E+00   0.100962823E+01   0.930958740E+00
   0.100347285E+00   0.100985397E+01   0.931166891E+00
   0.971340918E-01   0.101009145E+01   0.931385865E+00
   0.939296722E-01   0.101034176E+01   0.931616673E+00
   0.907334521E-01   0.101060633E+01   0.931860625E+00
   0.875448949E-01   0.101088692E+01   0.932119355E+00
   0.843634989E-01   0.101118558E+01   0.932394741E+00
   0.811887953E-01   0.101150462E+01   0.932688924E+00
   0.780203456E-01   0.101184682E+01   0.933004460E+00
   0.748577401E-01   0.101221541E+01   0.933344332E+00
   0.717005957E-01   0.101261416E+01   0.933712006E+00
   0.685485545E-01   0.101304760E+01   0.934111673E+00
   0.654012817E-01   0.101352133E+01   0.934548492E+00
   0.622584647E-01   0.101404210E+01   0.935028681E+00
   0.591198110E-01   0.101461824E+01   0.935559933E+00
   0.559850477E-01   0.101526051E+01   0.936152158E+00
   0.528539192E-01   0.101598229E+01   0.936817696E+00
   0.497261872E-01   0.101680040E+01   0.937572062E+00
   0.466016285E-01   0.101773656E+01   0.938435273E+00
   0.434800348E-01   0.101881806E+01   0.939432503E+00
   0.403612115E-01   0.102007957E+01   0.940595716E+00
   0.372449766E-01   0.102156564E+01   0.941965995E+00
   0.341311600E-01   0.102333304E+01   0.943595682E+00
   0.310196029E-01   0.102545348E+01   0.945550902E+00
   0.279101570E-01   0.102801528E+01   0.947913080E+00
   0.248026833E-01   0.103112112E+01   0.950776915E+00
   0.216970524E-01   0.103488446E+01   0.954247022E+00
   0.185931432E-01   0.103942189E+01   0.958430902E+00
   0.154908425E-01   0.104483359E+01   0.963420928E+00
   0.123900446E-01   0.105117545E+01   0.969268626E+00
   0.929065068E-02   0.105842763E+01   0.975955728E+00
   0.619256849E-02   0.106648332E+01   0.983383722E+00
   0.309571179E-02   0.107517540E+01   0.991398524E+00
   0.000000000E+00   0.108450374E+01   0.100000000E+01
