   0.976094711E+00   0.100013561E+01   0.930545369E+00
   0.952237563E+00   0.100014032E+01   0.930549756E+00
   0.928476254E+00   0.100014865E+01   0.930557503E+00
   0.904857602E+00   0.100016004E+01   0.930568099E+00
   0.881427127E+00   0.100017456E+01   0.930581613E+00
   0.858228657E+00   0.100019223E+01   0.930598052E+00
   0.835303967E+00   0.100021296E+01   0.930617337E+00
   0.812692458E+00   0.100023648E+01   0.930639223E+00
   0.790430869E+00   0.100026234E+01   0.930663280E+00
   0.768553050E+00   0.100029049E+01   0.930689471E+00
   0.747089771E+00   0.100032157E+01   0.930718387E+00
   0.726068587E+00   0.100035631E+01   0.930750709E+00
   0.705513749E+00   0.100039499E+01   0.930786705E+00
   0.685446164E+00   0.100043738E+01   0.930826145E+00
   0.665883401E+00   0.100048314E+01   0.930868722E+00
   0.646839734E+00   0.100053182E+01   0.930914015E+00
   0.628326228E+00   0.100058310E+01   0.930961726E+00
   0.610350854E+00   0.100063727E+01   0.931012121E+00
   0.592918637E+00   0.100069468E+01   0.931065537E+00
   0.576031819E+00   0.100075551E+01   0.931122135E+00
   0.559690046E+00   0.100081961E+01   0.931181780E+00
   0.543890573E+00   0.100088661E+01   0.931244113E+00
   0.528628465E+00   0.100095589E+01   0.931308577E+00
   0.513896814E+00   0.100102694E+01   0.931374684E+00
   0.499686951E+00   0.100109961E+01   0.931442289E+00
   0.485988661E+00   0.100117409E+01   0.931511594E+00
   0.472790385E+00   0.100125065E+01   0.931582823E+00
   0.460079421E+00   0.100132880E+01   0.931655533E+00
   0.447842115E+00   0.100140772E+01   0.931728969E+00
   0.436064035E+00   0.100148695E+01   0.931802678E+00
   0.424730142E+00   0.100156634E+01   0.931876549E+00
   0.413824940E+00   0.100164569E+01   0.931950376E+00
   0.403332620E+00   0.100172453E+01   0.932023733E+00
   0.393237184E+00   0.100180282E+01   0.932096576E+00
   0.383522563E+00   0.100188098E+01   0.932169295E+00
   0.374172715E+00   0.100195956E+01   0.932242410E+00
   0.365171718E+00   0.100203882E+01   0.932316155E+00
   0.356503844E+00   0.100211842E+01   0.932390214E+00
   0.348153632E+00   0.100219783E+01   0.932464097E+00
   0.340105938E+00   0.100227679E+01   0.932537567E+00
   0.332345984E+00   0.100235531E+01   0.932610623E+00
   0.324859403E+00   0.100243355E+01   0.932683414E+00
   0.317632260E+00   0.100251169E+01   0.932756117E+00
   0.310651084E+00   0.100258975E+01   0.932828752E+00
   0.303902880E+00   0.100266777E+01   0.932901343E+00
   0.297375146E+00   0.100274593E+01   0.932974057E+00
   0.291055875E+00   0.100282440E+01   0.933047071E+00
   0.284933562E+00   0.100290322E+01   0.933120405E+00
   0.278997201E+00   0.100298223E+01   0.933193920E+00
   0.273236279E+00   0.100306134E+01   0.933267524E+00
   0.267640774E+00   0.100314048E+01   0.933341162E+00
   0.262201143E+00   0.100321962E+01   0.933414788E+00
   0.256908310E+00   0.100329874E+01   0.933488407E+00
   0.251753655E+00   0.100337793E+01   0.933562082E+00
   0.246729001E+00   0.100345727E+01   0.933635910E+00
   0.241826599E+00   0.100353687E+01   0.933709969E+00
   0.237039113E+00   0.100361677E+01   0.933784307E+00
   0.232359601E+00   0.100369699E+01   0.933858948E+00
   0.227781505E+00   0.100377753E+01   0.933933882E+00
   0.223298632E+00   0.100385842E+01   0.934009143E+00
   0.218905135E+00   0.100393976E+01   0.934084822E+00
   0.214595504E+00   0.100402167E+01   0.934161035E+00
   0.210364542E+00   0.100410428E+01   0.934237897E+00
   0.206207358E+00   0.100418769E+01   0.934315502E+00
   0.202119345E+00   0.100427201E+01   0.934393958E+00
   0.198096169E+00   0.100435740E+01   0.934473399E+00
   0.194133755E+00   0.100444399E+01   0.934553966E+00
   0.190228273E+00   0.100453195E+01   0.934635810E+00
   0.186376122E+00   0.100462147E+01   0.934719096E+00
   0.182573921E+00   0.100471268E+01   0.934803965E+00
   0.178818495E+00   0.100480574E+01   0.934890549E+00
   0.175106866E+00   0.100490079E+01   0.934978989E+00
   0.171436236E+00   0.100499802E+01   0.935069452E+00
   0.167803984E+00   0.100509767E+01   0.935162161E+00
   0.164207650E+00   0.100520002E+01   0.935257391E+00
   0.160644927E+00   0.100530538E+01   0.935355419E+00
   0.157113655E+00   0.100541400E+01   0.935456487E+00
   0.153611807E+00   0.100552611E+01   0.935560791E+00
   0.150137487E+00   0.100564186E+01   0.935668492E+00
   0.146688917E+00   0.100576140E+01   0.935779712E+00
   0.143264431E+00   0.100588479E+01   0.935894519E+00
   0.139862470E+00   0.100601210E+01   0.936012970E+00
   0.136481575E+00   0.100614346E+01   0.936135184E+00
   0.133120380E+00   0.100627910E+01   0.936261392E+00
   0.129777604E+00   0.100641939E+01   0.936391915E+00
   0.126452052E+00   0.100656469E+01   0.936527105E+00
   0.123142602E+00   0.100671544E+01   0.936667373E+00
   0.119848207E+00   0.100687223E+01   0.936813250E+00
   0.116567886E+00   0.100703572E+01   0.936965368E+00
   0.113300723E+00   0.100720666E+01   0.937124408E+00
   0.110045857E+00   0.100738576E+01   0.937291046E+00
   0.106802488E+00   0.100757381E+01   0.937466015E+00
   0.103569865E+00   0.100777165E+01   0.937650087E+00
   0.100347285E+00   0.100798010E+01   0.937844038E+00
   0.971340918E-01   0.100820015E+01   0.938048776E+00
   0.939296722E-01   0.100843298E+01   0.938265401E+00
   0.907334521E-01   0.100867998E+01   0.938495214E+00
   0.875448949E-01   0.100894264E+01   0.938739603E+00
   0.843634989E-01   0.100922249E+01   0.938999973E+00
   0.811887953E-01   0.100952124E+01   0.939277941E+00
   0.780203456E-01   0.100984108E+01   0.939575526E+00
   0.748577401E-01   0.101018476E+01   0.939895289E+00
   0.717005957E-01   0.101055561E+01   0.940240340E+00
   0.685485545E-01   0.101095761E+01   0.940614370E+00
   0.654012817E-01   0.101139560E+01   0.941021878E+00
   0.622584647E-01   0.101187537E+01   0.941468271E+00
   0.591198110E-01   0.101240383E+01   0.941959959E+00
   0.559850477E-01   0.101298930E+01   0.942504688E+00
   0.528539192E-01   0.101364206E+01   0.943112029E+00
   0.497261872E-01   0.101437490E+01   0.943793877E+00
   0.466016285E-01   0.101520406E+01   0.944565347E+00
   0.434800348E-01   0.101615039E+01   0.945445831E+00
   0.403612115E-01   0.101724100E+01   0.946460549E+00
   0.372449766E-01   0.101851072E+01   0.947641922E+00
   0.341311600E-01   0.102000480E+01   0.949032049E+00
   0.310196029E-01   0.102178232E+01   0.950685881E+00
   0.279101570E-01   0.102391839E+01   0.952673323E+00
   0.248026833E-01   0.102650625E+01   0.955081115E+00
   0.216970524E-01   0.102965780E+01   0.958013383E+00
   0.185931432E-01   0.103349749E+01   0.961585898E+00
   0.154908425E-01   0.103814879E+01   0.965913562E+00
   0.123900446E-01   0.104371179E+01   0.971089481E+00
   0.929065068E-02   0.105022793E+01   0.977152223E+00
   0.619256849E-02   0.105764761E+01   0.984055641E+00
   0.309571179E-02   0.106582667E+01   0.991665591E+00
   0.000000000E+00   0.107478436E+01   0.100000000E+01
