  0.9880473554E+00  0.1059704852E-01
  0.9641661369E+00  0.2999547241E-01
  0.9403569086E+00  0.4992122948E-01
  0.9166669282E+00  0.6946254525E-01
  0.8931423645E+00  0.8864123437E-01
  0.8698278917E+00  0.1079807107E+00
  0.8467663120E+00  0.1277892739E+00
  0.8239982125E+00  0.1477679683E+00
  0.8015616632E+00  0.1676693739E+00
  0.7794919593E+00  0.1873689135E+00
  0.7578214104E+00  0.2069557279E+00
  0.7365791789E+00  0.2265896482E+00
  0.7157911677E+00  0.2465505540E+00
  0.6954799564E+00  0.2663039772E+00
  0.6756647824E+00  0.2852327399E+00
  0.6563615673E+00  0.3033811718E+00
  0.6375829807E+00  0.3207342264E+00
  0.6193385410E+00  0.3372654046E+00
  0.6016347458E+00  0.3532019631E+00
  0.5844752278E+00  0.3687067697E+00
  0.5678609324E+00  0.3840629601E+00
  0.5517903098E+00  0.3994919800E+00
  0.5362595192E+00  0.4150190406E+00
  0.5212626395E+00  0.4307884173E+00
  0.5067918826E+00  0.4471302887E+00
  0.4928378062E+00  0.4637124645E+00
  0.4793895231E+00  0.4800425726E+00
  0.4664349032E+00  0.4960671244E+00
  0.4539607683E+00  0.5119421513E+00
  0.4419530752E+00  0.5274248586E+00
  0.4303970886E+00  0.5420172391E+00
  0.4192775411E+00  0.5556000730E+00
  0.4085787801E+00  0.5683319205E+00
  0.3982849020E+00  0.5805015413E+00
  0.3883798735E+00  0.5921687502E+00
  0.3788476389E+00  0.6032444085E+00
  0.3696722162E+00  0.6137227815E+00
  0.3608377810E+00  0.6236719194E+00
  0.3523287383E+00  0.6334554601E+00
  0.3441297848E+00  0.6433365671E+00
  0.3362259610E+00  0.6533700104E+00
  0.3286026937E+00  0.6634309407E+00
  0.3212458315E+00  0.6733950749E+00
  0.3141416719E+00  0.6831168302E+00
  0.3072769820E+00  0.6923714391E+00
  0.3006390131E+00  0.7010512415E+00
  0.2942155106E+00  0.7091421903E+00
  0.2879947188E+00  0.7167237066E+00
  0.2819653815E+00  0.7239195108E+00
  0.2761167398E+00  0.7308942820E+00
  0.2704385267E+00  0.7377052742E+00
  0.2649209587E+00  0.7443864636E+00
  0.2595547264E+00  0.7509092739E+00
  0.2543309822E+00  0.7572800919E+00
  0.2492413280E+00  0.7635827579E+00
  0.2442778002E+00  0.7698596134E+00
  0.2394328560E+00  0.7760471639E+00
  0.2346993567E+00  0.7820815215E+00
  0.2300705531E+00  0.7879515919E+00
  0.2255400686E+00  0.7936283596E+00
  0.2211018836E+00  0.7990970050E+00
  0.2167503195E+00  0.8043261058E+00
  0.2124800229E+00  0.8092818604E+00
  0.2082859499E+00  0.8139728603E+00
  0.2041633512E+00  0.8184213962E+00
  0.2001077568E+00  0.8226624654E+00
  0.1961149623E+00  0.8267901090E+00
  0.1921810143E+00  0.8308918012E+00
  0.1883021974E+00  0.8350454924E+00
  0.1844750213E+00  0.8392837612E+00
  0.1806962081E+00  0.8435981883E+00
  0.1769626807E+00  0.8479345198E+00
  0.1732715512E+00  0.8522370075E+00
  0.1696201103E+00  0.8564499839E+00
  0.1660058169E+00  0.8605089227E+00
  0.1624262883E+00  0.8643487185E+00
  0.1588792908E+00  0.8679440438E+00
  0.1553627311E+00  0.8713045377E+00
  0.1518746474E+00  0.8744150207E+00
  0.1484132020E+00  0.8773226350E+00
  0.1449766737E+00  0.8801174118E+00
  0.1415634504E+00  0.8828380868E+00
  0.1381720227E+00  0.8855103992E+00
  0.1348009774E+00  0.8880929400E+00
  0.1314489918E+00  0.8905332202E+00
  0.1281148278E+00  0.8928141855E+00
  0.1247973268E+00  0.8949058645E+00
  0.1214954046E+00  0.8968017118E+00
  0.1182080468E+00  0.8985113591E+00
  0.1149343045E+00  0.9000516976E+00
  0.1116732900E+00  0.9014628698E+00
  0.1084241728E+00  0.9027240354E+00
  0.1051861765E+00  0.9037457033E+00
  0.1019585747E+00  0.9043657421E+00
  0.9874068825E-01  0.9044361164E+00
  0.9553188202E-01  0.9038322277E+00
  0.9233156218E-01  0.9024493920E+00
  0.8913917351E-01  0.9002630631E+00
  0.8595419692E-01  0.8972616113E+00
  0.8277614712E-01  0.8933673132E+00
  0.7960457047E-01  0.8884834802E+00
  0.7643904287E-01  0.8823936512E+00
  0.7327916792E-01  0.8748773898E+00
  0.7012457510E-01  0.8657590493E+00
  0.6697491809E-01  0.8548635588E+00
  0.6382987318E-01  0.8419889225E+00
  0.6068913785E-01  0.8268573465E+00
  0.5755242935E-01  0.8090351555E+00
  0.5441948345E-01  0.7879588845E+00
  0.5129005320E-01  0.7627889793E+00
  0.4816390782E-01  0.7326360062E+00
  0.4504083165E-01  0.6965876125E+00
  0.4192062316E-01  0.6537241356E+00
  0.3880309403E-01  0.6030531039E+00
  0.3568806828E-01  0.5437362138E+00
  0.3257538147E-01  0.4758796978E+00
  0.2946487995E-01  0.4007260711E+00
  0.2635642014E-01  0.3208132676E+00
  0.2324986788E-01  0.2404372039E+00
  0.2014509783E-01  0.1652454350E+00
  0.1704199287E-01  0.1017847245E+00
  0.1394044356E-01  0.5477253628E-01
  0.1084034764E-01  0.2514089592E-01
  0.7741609588E-02  0.9426967624E-02
  0.4644140138E-02  0.2557483485E-02
  0.1547855893E-02  0.3444553295E-03
