  0.9880473554E+00 -0.1659791072E-53
  0.9641661369E+00  0.7515930903E-53
  0.9403569086E+00  0.4901447173E-52
  0.9166669282E+00 -0.5919881679E-51
  0.8931423645E+00 -0.3710042411E-50
  0.8698278917E+00  0.4649585021E-49
  0.8467663120E+00  0.2547029630E-48
  0.8239982125E+00 -0.1838418472E-47
  0.8015616632E+00 -0.1244410055E-46
  0.7794919593E+00  0.4149542670E-46
  0.7578214104E+00  0.4290496488E-45
  0.7365791789E+00 -0.1305241923E-45
  0.7157911677E+00 -0.8495978699E-44
  0.6954799564E+00 -0.1571131861E-43
  0.6756647824E+00  0.6586566519E-43
  0.6563615673E+00  0.2430849710E-42
  0.6375829807E+00 -0.3220756477E-42
  0.6193385410E+00 -0.2274209528E-41
  0.6016347458E+00  0.2038298293E-40
  0.5844752278E+00  0.1514545371E-39
  0.5678609324E+00 -0.1122784941E-38
  0.5517903098E+00 -0.1115568113E-37
  0.5362595192E+00  0.3857385968E-37
  0.5212626395E+00  0.4886076158E-36
  0.5067918826E+00 -0.1652703863E-36
  0.4928378062E+00 -0.1086139070E-34
  0.4793895231E+00 -0.1981876626E-34
  0.4664349032E+00  0.1194583422E-33
  0.4539607683E+00  0.5226198029E-33
  0.4419530752E+00 -0.1291997905E-33
  0.4303970886E+00 -0.5183019649E-32
  0.4192775411E+00 -0.1095853814E-31
  0.4085787801E+00  0.9896405601E-32
  0.3982849020E+00  0.8950588550E-31
  0.3883798735E+00  0.1602410541E-30
  0.3788476389E+00 -0.5170504406E-31
  0.3696722162E+00 -0.8251004759E-30
  0.3608377810E+00 -0.1734491347E-29
  0.3523287383E+00 -0.1153441503E-29
  0.3441297848E+00  0.2534238663E-29
  0.3362259610E+00  0.8150414655E-29
  0.3286026937E+00  0.1083347070E-28
  0.3212458315E+00  0.6698926065E-29
  0.3141416719E+00 -0.6832419693E-30
  0.3072769820E+00 -0.1017207381E-29
  0.3006390131E+00  0.1563166921E-28
  0.2942155106E+00  0.5330560894E-28
  0.2879947188E+00  0.9434155241E-28
  0.2819653815E+00  0.3905970885E-28
  0.2761167398E+00 -0.3970283148E-27
  0.2704385267E+00 -0.1702102739E-26
  0.2649209587E+00 -0.4287051800E-26
  0.2595547264E+00 -0.7792979874E-26
  0.2543309822E+00 -0.1002279094E-25
  0.2492413280E+00 -0.5635674313E-26
  0.2442778002E+00  0.1497573425E-25
  0.2394328560E+00  0.6567095869E-25
  0.2346993567E+00  0.1609240834E-24
  0.2300705531E+00  0.3040861745E-24
  0.2255400686E+00  0.4640166222E-24
  0.2211018836E+00  0.5424882296E-24
  0.2167503195E+00  0.3431891958E-24
  0.2124800229E+00 -0.4420521563E-24
  0.2082859499E+00 -0.2219820878E-23
  0.2041633512E+00 -0.5456012747E-23
  0.2001077568E+00 -0.1059557264E-22
  0.1961149623E+00 -0.1785415204E-22
  0.1921810143E+00 -0.2677010917E-22
  0.1883021974E+00 -0.3567984745E-22
  0.1844750213E+00 -0.4190914763E-22
  0.1806962081E+00 -0.4369265086E-22
  0.1769626807E+00 -0.4304670853E-22
  0.1732715512E+00 -0.4312943027E-22
  0.1696201103E+00 -0.2510437224E-22
  0.1660058169E+00  0.1206575843E-21
  0.1624262883E+00  0.7749890100E-21
  0.1588792908E+00  0.3040331919E-20
  0.1553627311E+00  0.9718350486E-20
  0.1518746474E+00  0.2737934715E-19
  0.1484132020E+00  0.7057979478E-19
  0.1449766737E+00  0.1704719551E-18
  0.1415634504E+00  0.3906921718E-18
  0.1381720227E+00  0.8604947523E-18
  0.1348009774E+00  0.1844091681E-17
  0.1314489918E+00  0.3892851051E-17
  0.1281148278E+00  0.8102752092E-17
  0.1247973268E+00  0.1668160773E-16
  0.1214954046E+00  0.3407072428E-16
  0.1182080468E+00  0.6922861381E-16
  0.1149343045E+00  0.1399295982E-15
  0.1116732900E+00  0.2806005982E-15
  0.1084241728E+00  0.5565018120E-15
  0.1051861765E+00  0.1089082382E-14
  0.1019585747E+00  0.2101940118E-14
  0.9874068825E-01  0.4006569943E-14
  0.9553188202E-01  0.7563720318E-14
  0.9233156218E-01  0.1418960035E-13
  0.8913917351E-01  0.2653777569E-13
  0.8595419692E-01  0.4963821727E-13
  0.8277614712E-01  0.9313662491E-13
  0.7960457047E-01  0.1757242065E-12
  0.7643904287E-01  0.3340119179E-12
  0.7327916792E-01  0.6404085296E-12
  0.7012457510E-01  0.1239366637E-11
  0.6697491809E-01  0.2421330957E-11
  0.6382987318E-01  0.4773862427E-11
  0.6068913785E-01  0.9490142906E-11
  0.5755242935E-01  0.1899449724E-10
  0.5441948345E-01  0.3819330234E-10
  0.5129005320E-01  0.7692511315E-10
  0.4816390782E-01  0.1546214227E-09
  0.4504083165E-01  0.3088181670E-09
  0.4192062316E-01  0.6097288329E-09
  0.3880309403E-01  0.1182913290E-08
  0.3568806828E-01  0.2239301211E-08
  0.3257538147E-01  0.4102909933E-08
  0.2946487995E-01  0.7206806213E-08
  0.2635642014E-01  0.1199779798E-07
  0.2324986788E-01  0.1866862102E-07
  0.2014509783E-01  0.2668088617E-07
  0.1704199287E-01  0.3424190090E-07
  0.1394044356E-01  0.3826842463E-07
  0.1084034764E-01  0.3560341709E-07
  0.7741609588E-02  0.2558795490E-07
  0.4644140138E-02  0.1219167886E-07
  0.1547855893E-02  0.2688859924E-08
