  0.9880473554E+00  0.9426549676E-02
  0.9641661369E+00  0.2652701125E-01
  0.9403569086E+00  0.4366447160E-01
  0.9166669282E+00  0.6010704789E-01
  0.8931423645E+00  0.7655965021E-01
  0.8698278917E+00  0.9309477343E-01
  0.8467663120E+00  0.1093988417E+00
  0.8239982125E+00  0.1257555420E+00
  0.8015616632E+00  0.1422757391E+00
  0.7794919593E+00  0.1588502011E+00
  0.7578214104E+00  0.1752508367E+00
  0.7365791789E+00  0.1908345589E+00
  0.7157911677E+00  0.2059393212E+00
  0.6954799564E+00  0.2212892608E+00
  0.6756647824E+00  0.2368167412E+00
  0.6563615673E+00  0.2522662824E+00
  0.6375829807E+00  0.2678670176E+00
  0.6193385410E+00  0.2835381748E+00
  0.6016347458E+00  0.2986424088E+00
  0.5844752278E+00  0.3132084176E+00
  0.5678609324E+00  0.3277215030E+00
  0.5517903098E+00  0.3423625539E+00
  0.5362595192E+00  0.3569590213E+00
  0.5212626395E+00  0.3710305103E+00
  0.5067918826E+00  0.3842945628E+00
  0.4928378062E+00  0.3969906485E+00
  0.4793895231E+00  0.4092953679E+00
  0.4664349032E+00  0.4215240409E+00
  0.4539607683E+00  0.4339782328E+00
  0.4419530752E+00  0.4465857101E+00
  0.4303970886E+00  0.4592362268E+00
  0.4192775411E+00  0.4718391520E+00
  0.4085787801E+00  0.4842263126E+00
  0.3982849020E+00  0.4962425111E+00
  0.3883798735E+00  0.5077877318E+00
  0.3788476389E+00  0.5188497771E+00
  0.3696722162E+00  0.5294575998E+00
  0.3608377810E+00  0.5396719909E+00
  0.3523287383E+00  0.5495318689E+00
  0.3441297848E+00  0.5590749504E+00
  0.3362259610E+00  0.5684381961E+00
  0.3286026937E+00  0.5776846887E+00
  0.3212458315E+00  0.5868400308E+00
  0.3141416719E+00  0.5959052018E+00
  0.3072769820E+00  0.6048130625E+00
  0.3006390131E+00  0.6134431641E+00
  0.2942155106E+00  0.6217250541E+00
  0.2879947188E+00  0.6296609738E+00
  0.2819653815E+00  0.6373530447E+00
  0.2761167398E+00  0.6449089110E+00
  0.2704385267E+00  0.6523116511E+00
  0.2649209587E+00  0.6594908323E+00
  0.2595547264E+00  0.6663898905E+00
  0.2543309822E+00  0.6730395620E+00
  0.2492413280E+00  0.6794794389E+00
  0.2442778002E+00  0.6857483886E+00
  0.2394328560E+00  0.6918587861E+00
  0.2346993567E+00  0.6978039573E+00
  0.2300705531E+00  0.7035453623E+00
  0.2255400686E+00  0.7090767085E+00
  0.2211018836E+00  0.7144367634E+00
  0.2167503195E+00  0.7196580094E+00
  0.2124800229E+00  0.7248007631E+00
  0.2082859499E+00  0.7299334260E+00
  0.2041633512E+00  0.7350993659E+00
  0.2001077568E+00  0.7402668024E+00
  0.1961149623E+00  0.7454026042E+00
  0.1921810143E+00  0.7505056811E+00
  0.1883021974E+00  0.7555336618E+00
  0.1844750213E+00  0.7604727294E+00
  0.1806962081E+00  0.7652915299E+00
  0.1769626807E+00  0.7699466393E+00
  0.1732715512E+00  0.7744297278E+00
  0.1696201103E+00  0.7787164722E+00
  0.1660058169E+00  0.7828099053E+00
  0.1624262883E+00  0.7867620611E+00
  0.1588792908E+00  0.7906051827E+00
  0.1553627311E+00  0.7943589119E+00
  0.1518746474E+00  0.7980332431E+00
  0.1484132020E+00  0.8016537522E+00
  0.1449766737E+00  0.8052181592E+00
  0.1415634504E+00  0.8087213526E+00
  0.1381720227E+00  0.8121772961E+00
  0.1348009774E+00  0.8156072133E+00
  0.1314489918E+00  0.8190074700E+00
  0.1281148278E+00  0.8223453142E+00
  0.1247973268E+00  0.8255688408E+00
  0.1214954046E+00  0.8286407557E+00
  0.1182080468E+00  0.8315705251E+00
  0.1149343045E+00  0.8343798330E+00
  0.1116732900E+00  0.8370216201E+00
  0.1084241728E+00  0.8394623398E+00
  0.1051861765E+00  0.8416401795E+00
  0.1019585747E+00  0.8435017279E+00
  0.9874068825E-01  0.8449888153E+00
  0.9553188202E-01  0.8460298602E+00
  0.9233156218E-01  0.8465289382E+00
  0.8913917351E-01  0.8464069472E+00
  0.8595419692E-01  0.8455912977E+00
  0.8277614712E-01  0.8440468947E+00
  0.7960457047E-01  0.8418153910E+00
  0.7643904287E-01  0.8388803739E+00
  0.7327916792E-01  0.8351379104E+00
  0.7012457510E-01  0.8303304229E+00
  0.6697491809E-01  0.8241201458E+00
  0.6382987318E-01  0.8161160710E+00
  0.6068913785E-01  0.8059105179E+00
  0.5755242935E-01  0.7931046030E+00
  0.5441948345E-01  0.7772650151E+00
  0.5129005320E-01  0.7578578755E+00
  0.4816390782E-01  0.7341554521E+00
  0.4504083165E-01  0.7051275549E+00
  0.4192062316E-01  0.6695877760E+00
  0.3880309403E-01  0.6265058641E+00
  0.3568806828E-01  0.5751220514E+00
  0.3257538147E-01  0.5149618717E+00
  0.2946487995E-01  0.4463027637E+00
  0.2635642014E-01  0.3700840291E+00
  0.2324986788E-01  0.2889204216E+00
  0.2014509783E-01  0.2079184718E+00
  0.1704199287E-01  0.1340669262E+00
  0.1394044356E-01  0.7461035891E-01
  0.1084034764E-01  0.3421427366E-01
  0.7741609588E-02  0.1233756296E-01
  0.4644140138E-02  0.3189124829E-02
  0.1547855893E-02  0.4175929008E-03
