   0.149983261E+03  -0.516446075E-04  -0.108186529E-03  -0.516191264E-04   0.468462298E-04
   0.146361471E+03  -0.741718679E-04  -0.398553594E-04  -0.741051494E-04   0.167836299E-03
   0.142753315E+03   0.117686067E-03   0.276126629E-03   0.117864106E-03   0.511496541E-03
   0.139165866E+03   0.527939624E-03   0.782793566E-03   0.528221332E-03   0.105677945E-02
   0.135606413E+03   0.106523620E-02   0.135125009E-02   0.106556561E-02   0.164586830E-02
   0.132081706E+03   0.159283714E-02   0.183749937E-02   0.159315197E-02   0.210412254E-02
   0.128597401E+03   0.198342652E-02   0.213204225E-02   0.198367256E-02   0.233260480E-02
   0.125159003E+03   0.218333315E-02   0.223791262E-02   0.218344247E-02   0.234224218E-02
   0.121772020E+03   0.223152836E-02   0.222892094E-02   0.223142429E-02   0.221241550E-02
   0.118441967E+03   0.219217083E-02   0.215823432E-02   0.219180134E-02   0.199611805E-02
   0.115173732E+03   0.205987915E-02   0.196296996E-02   0.205925192E-02   0.166829967E-02
   0.111971474E+03   0.175709745E-02   0.155257313E-02   0.175633397E-02   0.118451590E-02
   0.108839432E+03   0.127410418E-02   0.998136268E-03   0.127331660E-02   0.603267457E-03
   0.105781279E+03   0.737167026E-03   0.478576795E-03   0.736418243E-03   0.829664724E-04
   0.102799572E+03   0.280379340E-03   0.863729678E-04   0.279726122E-03  -0.255912045E-03
   0.998964918E+02  -0.477693043E-04  -0.176827265E-03  -0.484153901E-04  -0.407181652E-03
   0.970740417E+02  -0.263039509E-03  -0.345391505E-03  -0.263864491E-03  -0.433239574E-03
   0.943336690E+02  -0.400322436E-03  -0.453555791E-03  -0.401423268E-03  -0.390282500E-03
   0.916757279E+02  -0.493815612E-03  -0.534197194E-03  -0.495176437E-03  -0.306900841E-03
   0.891003353E+02  -0.559587388E-03  -0.584556709E-03  -0.561157373E-03  -0.193758032E-03
   0.866076402E+02  -0.583296395E-03  -0.580307884E-03  -0.585145578E-03  -0.441521683E-04
   0.841973181E+02  -0.538963676E-03  -0.495179268E-03  -0.541344250E-03   0.158177736E-03
   0.818686175E+02  -0.406399511E-03  -0.314985533E-03  -0.409603012E-03   0.421944764E-03
   0.796203543E+02  -0.186844697E-03  -0.560227345E-04  -0.191159508E-03   0.732434242E-03
   0.774513873E+02   0.818327000E-04   0.221434629E-03   0.760481644E-04   0.104382023E-02
   0.753600981E+02   0.334213784E-03   0.447324811E-03   0.326681378E-03   0.129431093E-02
   0.733445421E+02   0.515444132E-03   0.584330200E-03   0.506061022E-03   0.144281229E-02
   0.714029777E+02   0.606407571E-03   0.630737391E-03   0.595239985E-03   0.148370141E-02
   0.695338395E+02   0.607460428E-03   0.587240027E-03   0.594675100E-03   0.142014380E-02
   0.677351050E+02   0.513358254E-03   0.442068614E-03   0.499129783E-03   0.124429782E-02
   0.660043408E+02   0.317084942E-03   0.193090502E-03   0.301538935E-03   0.952947094E-03
   0.643389810E+02   0.246724532E-04  -0.144612641E-03   0.784160509E-05   0.563465669E-03
   0.627363895E+02  -0.341388867E-03  -0.540092867E-03  -0.359512754E-03   0.112410978E-03
   0.611939429E+02  -0.745584157E-03  -0.953317841E-03  -0.765034488E-03  -0.354349256E-03
   0.597092220E+02  -0.114869288E-02  -0.134523761E-02  -0.116953700E-02  -0.792315600E-03
   0.582801973E+02  -0.151174614E-02  -0.167845925E-02  -0.153412912E-02  -0.116623054E-02
   0.569046899E+02  -0.180321158E-02  -0.192792971E-02  -0.182733868E-02  -0.145539474E-02
   0.555803280E+02  -0.200663649E-02  -0.208569778E-02  -0.203267515E-02  -0.165447674E-02
   0.543046470E+02  -0.212305441E-02  -0.216096323E-02  -0.215106407E-02  -0.177236062E-02
   0.530752317E+02  -0.216769804E-02  -0.217462788E-02  -0.219765594E-02  -0.182782670E-02
   0.518897920E+02  -0.216189266E-02  -0.214921356E-02  -0.219372710E-02  -0.184368986E-02
   0.507460843E+02  -0.212973365E-02  -0.211009205E-02  -0.216331800E-02  -0.184257155E-02
   0.496419775E+02  -0.209289415E-02  -0.207560414E-02  -0.212808899E-02  -0.184324579E-02
   0.485754810E+02  -0.206600497E-02  -0.205627508E-02  -0.210268259E-02  -0.185792101E-02
   0.475446606E+02  -0.205548277E-02  -0.205465553E-02  -0.209357376E-02  -0.189159325E-02
   0.465476224E+02  -0.206280676E-02  -0.207073639E-02  -0.210225995E-02  -0.194342295E-02
   0.455825988E+02  -0.208519769E-02  -0.209921502E-02  -0.212598726E-02  -0.200867686E-02
   0.446479251E+02  -0.211815449E-02  -0.213642453E-02  -0.216033156E-02  -0.208178881E-02
   0.437419677E+02  -0.215798467E-02  -0.217878862E-02  -0.220163544E-02  -0.215864949E-02
   0.428630837E+02  -0.220167107E-02  -0.222374322E-02  -0.224692867E-02  -0.223691022E-02
   0.420096722E+02  -0.224811607E-02  -0.227187062E-02  -0.229514647E-02  -0.231566034E-02
   0.411802292E+02  -0.229839864E-02  -0.232424423E-02  -0.234735471E-02  -0.239427303E-02
   0.403733549E+02  -0.235298533E-02  -0.238066600E-02  -0.240399874E-02  -0.247202723E-02
   0.395877745E+02  -0.241172345E-02  -0.244138790E-02  -0.246492386E-02  -0.254811169E-02
   0.388222522E+02  -0.247403268E-02  -0.250516627E-02  -0.252953906E-02  -0.262207858E-02
   0.380755877E+02  -0.253852352E-02  -0.257062131E-02  -0.259640152E-02  -0.269391432E-02
   0.373466305E+02  -0.260488194E-02  -0.263786838E-02  -0.266515547E-02  -0.276382232E-02
   0.366343109E+02  -0.267230473E-02  -0.270557726E-02  -0.273500339E-02  -0.283195502E-02
   0.359375945E+02  -0.273982818E-02  -0.277306700E-02  -0.280497695E-02  -0.289856534E-02
   0.352555153E+02  -0.280706318E-02  -0.284001492E-02  -0.287471138E-02  -0.296465878E-02
   0.345871851E+02  -0.287401119E-02  -0.290662229E-02  -0.294423439E-02  -0.303118768E-02
   0.339317792E+02  -0.294114623E-02  -0.297390880E-02  -0.301401360E-02  -0.309881639E-02
   0.332885176E+02  -0.300913187E-02  -0.304209279E-02  -0.308472862E-02  -0.316830588E-02
   0.326566541E+02  -0.307784656E-02  -0.311078126E-02  -0.315630036E-02  -0.323973321E-02
   0.320354814E+02  -0.314767187E-02  -0.318124333E-02  -0.322915185E-02  -0.331318474E-02
   0.314243435E+02  -0.321935189E-02  -0.325377712E-02  -0.330404537E-02  -0.338903543E-02
   0.308226174E+02  -0.329324719E-02  -0.332876199E-02  -0.338132933E-02  -0.346747295E-02
   0.302297217E+02  -0.336957265E-02  -0.340618144E-02  -0.346121033E-02  -0.354889812E-02
   0.296451135E+02  -0.344909154E-02  -0.348776254E-02  -0.354451851E-02  -0.363368296E-02
   0.290682806E+02  -0.353255904E-02  -0.357282739E-02  -0.363206592E-02  -0.372156442E-02
   0.284987426E+02  -0.361904547E-02  -0.366044160E-02  -0.372292486E-02  -0.381185276E-02
   0.279360442E+02  -0.370812642E-02  -0.375083708E-02  -0.381666839E-02  -0.390418023E-02
   0.273797427E+02  -0.379981144E-02  -0.384403452E-02  -0.391327989E-02  -0.399874887E-02
   0.268294097E+02  -0.389505122E-02  -0.394136972E-02  -0.401364667E-02  -0.409584914E-02
   0.262846539E+02  -0.399501271E-02  -0.404391798E-02  -0.411894921E-02  -0.419541184E-02
   0.257451064E+02  -0.410012260E-02  -0.415149425E-02  -0.422964492E-02  -0.429696136E-02
   0.252104254E+02  -0.421003730E-02  -0.426340995E-02  -0.434537632E-02  -0.439972389E-02
   0.246802822E+02  -0.432319046E-02  -0.437732965E-02  -0.446457075E-02  -0.450243093E-02
   0.241543905E+02  -0.443795799E-02  -0.449237403E-02  -0.458562547E-02  -0.460348587E-02
   0.236324883E+02  -0.455268971E-02  -0.460606990E-02  -0.470687437E-02  -0.470086337E-02
   0.231143268E+02  -0.466524372E-02  -0.471659811E-02  -0.482615687E-02  -0.479204154E-02
   0.225996775E+02  -0.477393134E-02  -0.482272040E-02  -0.494176767E-02  -0.487522241E-02
   0.220883263E+02  -0.487720633E-02  -0.492269056E-02  -0.505215909E-02  -0.494917788E-02
   0.215800766E+02  -0.497293602E-02  -0.501357803E-02  -0.515522145E-02  -0.501257997E-02
   0.210747437E+02  -0.505886508E-02  -0.509395788E-02  -0.524874074E-02  -0.506432568E-02
   0.205721551E+02  -0.513450356E-02  -0.516412050E-02  -0.533228138E-02  -0.510390632E-02
   0.200721542E+02  -0.520038359E-02  -0.522486092E-02  -0.540637426E-02  -0.513117904E-02
   0.195745807E+02  -0.525611406E-02  -0.527476413E-02  -0.547061447E-02  -0.514621735E-02
   0.190792786E+02  -0.530037289E-02  -0.531245524E-02  -0.552367231E-02  -0.514905519E-02
   0.185861153E+02  -0.533262720E-02  -0.533850765E-02  -0.556498855E-02  -0.513992380E-02
   0.180949775E+02  -0.535376665E-02  -0.535383373E-02  -0.559540824E-02  -0.511884917E-02
   0.176057834E+02  -0.536409312E-02  -0.535790528E-02  -0.561525190E-02  -0.508495363E-02
   0.171184736E+02  -0.536185169E-02  -0.534805510E-02  -0.562284825E-02  -0.503735268E-02
   0.166329889E+02  -0.534475965E-02  -0.532227135E-02  -0.561598553E-02  -0.497515837E-02
   0.161492849E+02  -0.531116490E-02  -0.527891439E-02  -0.559299753E-02  -0.489793152E-02
   0.156673172E+02  -0.525979544E-02  -0.521765974E-02  -0.555261594E-02  -0.480613615E-02
   0.151870498E+02  -0.519181229E-02  -0.514091452E-02  -0.549599659E-02  -0.470072549E-02
   0.147084580E+02  -0.510968344E-02  -0.505153624E-02  -0.542565091E-02  -0.458358279E-02
   0.142315192E+02  -0.501731413E-02  -0.495400747E-02  -0.534543727E-02  -0.445769008E-02
   0.137562070E+02  -0.491688067E-02  -0.484824022E-02  -0.525747820E-02  -0.432531051E-02
   0.132825021E+02  -0.480982713E-02  -0.473745504E-02  -0.516320540E-02  -0.418735082E-02
   0.128103947E+02  -0.469976589E-02  -0.462571160E-02  -0.506626462E-02  -0.404535605E-02
   0.123398935E+02  -0.458990827E-02  -0.451451759E-02  -0.496983422E-02  -0.390073791E-02
   0.118710370E+02  -0.447975102E-02  -0.440223548E-02  -0.487350865E-02  -0.375342620E-02
   0.114038812E+02  -0.436735149E-02  -0.428747588E-02  -0.477547080E-02  -0.360314095E-02
   0.109384669E+02  -0.425297091E-02  -0.417252629E-02  -0.467605918E-02  -0.345047279E-02
   0.104748316E+02  -0.413828533E-02  -0.405767411E-02  -0.457694781E-02  -0.329598434E-02
   0.100130112E+02  -0.402361134E-02  -0.394334472E-02  -0.447826983E-02  -0.313956530E-02
   0.955307935E+01  -0.390989933E-02  -0.383178028E-02  -0.438092740E-02  -0.298073987E-02
   0.909508973E+01  -0.379581373E-02  -0.371897471E-02  -0.428359875E-02  -0.281781496E-02
   0.863902967E+01  -0.367870206E-02  -0.360456000E-02  -0.418373248E-02  -0.265010952E-02
   0.818482996E+01  -0.355083076E-02  -0.347599544E-02  -0.407383453E-02  -0.247700937E-02
   0.773222218E+01  -0.340114088E-02  -0.332481760E-02  -0.394252012E-02  -0.229581474E-02
   0.728065408E+01  -0.322357237E-02  -0.314985925E-02  -0.378275532E-02  -0.210859254E-02
   0.682910162E+01  -0.301466018E-02  -0.294923087E-02  -0.359003014E-02  -0.192453888E-02
   0.637575653E+01  -0.277112769E-02  -0.271931627E-02  -0.335872522E-02  -0.175461472E-02
   0.591761418E+01  -0.248938919E-02  -0.245668717E-02  -0.308169467E-02  -0.161137822E-02
   0.545015442E+01  -0.217135961E-02  -0.216222802E-02  -0.275597007E-02  -0.150986308E-02
   0.496662095E+01  -0.181914972E-02  -0.182531833E-02  -0.237618905E-02  -0.146070037E-02
   0.445707183E+01  -0.144338975E-02  -0.145473143E-02  -0.194667152E-02  -0.146635724E-02
   0.390884474E+01  -0.108742118E-02  -0.107273975E-02  -0.150542994E-02  -0.149437835E-02
   0.330746944E+01  -0.803780133E-03  -0.711349793E-03  -0.110700802E-02  -0.145340145E-02
   0.264188007E+01  -0.611909664E-03  -0.403845266E-03  -0.789102587E-03  -0.122105397E-02
   0.191535716E+01  -0.441928761E-03  -0.175137376E-03  -0.515197204E-03  -0.773026259E-03
   0.115194067E+01  -0.223794242E-03  -0.431934269E-04  -0.241751498E-03  -0.308731675E-03
   0.381680921E+00  -0.499410651E-04   0.000000000E+00  -0.519594341E-04  -0.530676395E-04
