   0.20868E+03   0.14002E+03   0.98805E+00   0.19900E+02   0.19896E+02   0.13294E+02   0.13291E+02   0.38071E+02   0.19420E+02   0.19325E+02
   0.20364E+03   0.13665E+03   0.96417E+00   0.19894E+02   0.19889E+02   0.13289E+02   0.13286E+02   0.38052E+02   0.19420E+02   0.19317E+02
   0.19861E+03   0.13331E+03   0.94036E+00   0.19881E+02   0.19876E+02   0.13281E+02   0.13278E+02   0.38014E+02   0.19404E+02   0.19301E+02
   0.19360E+03   0.12999E+03   0.91667E+00   0.19863E+02   0.19858E+02   0.13269E+02   0.13265E+02   0.37960E+02   0.19380E+02   0.19277E+02
   0.18863E+03   0.12671E+03   0.89314E+00   0.19839E+02   0.19833E+02   0.13253E+02   0.13249E+02   0.37890E+02   0.19349E+02   0.19246E+02
   0.18371E+03   0.12347E+03   0.86983E+00   0.19811E+02   0.19805E+02   0.13234E+02   0.13230E+02   0.37808E+02   0.19312E+02   0.19209E+02
   0.17884E+03   0.12027E+03   0.84677E+00   0.19778E+02   0.19772E+02   0.13212E+02   0.13208E+02   0.37714E+02   0.19270E+02   0.19168E+02
   0.17403E+03   0.11711E+03   0.82400E+00   0.19741E+02   0.19735E+02   0.13188E+02   0.13183E+02   0.37606E+02   0.19223E+02   0.19120E+02
   0.16929E+03   0.11401E+03   0.80156E+00   0.19701E+02   0.19694E+02   0.13160E+02   0.13156E+02   0.37486E+02   0.19170E+02   0.19067E+02
   0.16463E+03   0.11098E+03   0.77949E+00   0.19657E+02   0.19649E+02   0.13131E+02   0.13126E+02   0.37352E+02   0.19113E+02   0.19009E+02
   0.16005E+03   0.10800E+03   0.75782E+00   0.19610E+02   0.19602E+02   0.13100E+02   0.13094E+02   0.37210E+02   0.19053E+02   0.18946E+02
   0.15557E+03   0.10508E+03   0.73658E+00   0.19561E+02   0.19552E+02   0.13067E+02   0.13061E+02   0.37060E+02   0.18990E+02   0.18881E+02
   0.15118E+03   0.10223E+03   0.71579E+00   0.19510E+02   0.19501E+02   0.13033E+02   0.13027E+02   0.36903E+02   0.18924E+02   0.18812E+02
   0.14689E+03   0.99452E+02   0.69548E+00   0.19458E+02   0.19448E+02   0.12998E+02   0.12991E+02   0.36738E+02   0.18857E+02   0.18741E+02
   0.14270E+03   0.96741E+02   0.67566E+00   0.19404E+02   0.19393E+02   0.12962E+02   0.12955E+02   0.36569E+02   0.18787E+02   0.18667E+02
   0.13863E+03   0.94101E+02   0.65636E+00   0.19349E+02   0.19338E+02   0.12925E+02   0.12918E+02   0.36395E+02   0.18716E+02   0.18591E+02
   0.13466E+03   0.91534E+02   0.63758E+00   0.19293E+02   0.19281E+02   0.12888E+02   0.12880E+02   0.36218E+02   0.18644E+02   0.18514E+02
   0.13081E+03   0.89038E+02   0.61934E+00   0.19237E+02   0.19224E+02   0.12851E+02   0.12842E+02   0.36039E+02   0.18572E+02   0.18437E+02
   0.12707E+03   0.86613E+02   0.60163E+00   0.19181E+02   0.19167E+02   0.12814E+02   0.12804E+02   0.35861E+02   0.18500E+02   0.18359E+02
   0.12344E+03   0.84261E+02   0.58448E+00   0.19126E+02   0.19111E+02   0.12776E+02   0.12766E+02   0.35684E+02   0.18429E+02   0.18282E+02
   0.11993E+03   0.81983E+02   0.56786E+00   0.19071E+02   0.19055E+02   0.12740E+02   0.12729E+02   0.35506E+02   0.18358E+02   0.18205E+02
   0.11654E+03   0.79780E+02   0.55179E+00   0.19015E+02   0.18998E+02   0.12703E+02   0.12691E+02   0.35326E+02   0.18287E+02   0.18126E+02
   0.11326E+03   0.77653E+02   0.53626E+00   0.18960E+02   0.18942E+02   0.12666E+02   0.12653E+02   0.35144E+02   0.18216E+02   0.18047E+02
   0.11009E+03   0.75600E+02   0.52126E+00   0.18904E+02   0.18885E+02   0.12628E+02   0.12615E+02   0.34959E+02   0.18144E+02   0.17967E+02
   0.10704E+03   0.73617E+02   0.50679E+00   0.18848E+02   0.18828E+02   0.12591E+02   0.12577E+02   0.34774E+02   0.18073E+02   0.17887E+02
   0.10409E+03   0.71704E+02   0.49284E+00   0.18792E+02   0.18770E+02   0.12554E+02   0.12539E+02   0.34590E+02   0.18001E+02   0.17807E+02
   0.10125E+03   0.69858E+02   0.47939E+00   0.18737E+02   0.18714E+02   0.12517E+02   0.12501E+02   0.34407E+02   0.17931E+02   0.17727E+02
   0.98513E+02   0.68078E+02   0.46643E+00   0.18683E+02   0.18659E+02   0.12481E+02   0.12464E+02   0.34227E+02   0.17861E+02   0.17649E+02
   0.95878E+02   0.66364E+02   0.45396E+00   0.18630E+02   0.18604E+02   0.12445E+02   0.12428E+02   0.34048E+02   0.17793E+02   0.17571E+02
   0.93342E+02   0.64712E+02   0.44195E+00   0.18578E+02   0.18550E+02   0.12410E+02   0.12392E+02   0.33872E+02   0.17727E+02   0.17494E+02
   0.90901E+02   0.63121E+02   0.43040E+00   0.18526E+02   0.18498E+02   0.12376E+02   0.12357E+02   0.33697E+02   0.17661E+02   0.17418E+02
   0.88553E+02   0.61590E+02   0.41928E+00   0.18476E+02   0.18446E+02   0.12342E+02   0.12322E+02   0.33525E+02   0.17597E+02   0.17343E+02
   0.86293E+02   0.60115E+02   0.40858E+00   0.18426E+02   0.18394E+02   0.12309E+02   0.12288E+02   0.33354E+02   0.17534E+02   0.17268E+02
   0.84119E+02   0.58694E+02   0.39828E+00   0.18377E+02   0.18344E+02   0.12276E+02   0.12254E+02   0.33185E+02   0.17471E+02   0.17195E+02
   0.82027E+02   0.57327E+02   0.38838E+00   0.18329E+02   0.18294E+02   0.12244E+02   0.12220E+02   0.33017E+02   0.17410E+02   0.17122E+02
   0.80014E+02   0.56009E+02   0.37885E+00   0.18281E+02   0.18244E+02   0.12212E+02   0.12187E+02   0.32852E+02   0.17349E+02   0.17049E+02
   0.78076E+02   0.54740E+02   0.36967E+00   0.18234E+02   0.18196E+02   0.12181E+02   0.12155E+02   0.32689E+02   0.17289E+02   0.16978E+02
   0.76210E+02   0.53515E+02   0.36084E+00   0.18188E+02   0.18148E+02   0.12150E+02   0.12123E+02   0.32529E+02   0.17231E+02   0.16908E+02
   0.74413E+02   0.52334E+02   0.35233E+00   0.18142E+02   0.18100E+02   0.12119E+02   0.12091E+02   0.32371E+02   0.17173E+02   0.16839E+02
   0.72681E+02   0.51195E+02   0.34413E+00   0.18097E+02   0.18054E+02   0.12089E+02   0.12060E+02   0.32217E+02   0.17116E+02   0.16770E+02
   0.71012E+02   0.50095E+02   0.33623E+00   0.18053E+02   0.18007E+02   0.12060E+02   0.12029E+02   0.32064E+02   0.17060E+02   0.16703E+02
   0.69402E+02   0.49033E+02   0.32860E+00   0.18009E+02   0.17962E+02   0.12030E+02   0.11999E+02   0.31913E+02   0.17005E+02   0.16637E+02
   0.67848E+02   0.48006E+02   0.32125E+00   0.17966E+02   0.17917E+02   0.12001E+02   0.11969E+02   0.31764E+02   0.16950E+02   0.16571E+02
   0.66348E+02   0.47014E+02   0.31414E+00   0.17923E+02   0.17872E+02   0.11973E+02   0.11939E+02   0.31617E+02   0.16896E+02   0.16506E+02
   0.64898E+02   0.46055E+02   0.30728E+00   0.17880E+02   0.17827E+02   0.11944E+02   0.11909E+02   0.31470E+02   0.16842E+02   0.16441E+02
   0.63496E+02   0.45127E+02   0.30064E+00   0.17838E+02   0.17783E+02   0.11916E+02   0.11879E+02   0.31325E+02   0.16789E+02   0.16376E+02
   0.62139E+02   0.44228E+02   0.29422E+00   0.17796E+02   0.17739E+02   0.11888E+02   0.11850E+02   0.31180E+02   0.16736E+02   0.16312E+02
   0.60826E+02   0.43357E+02   0.28799E+00   0.17754E+02   0.17695E+02   0.11860E+02   0.11821E+02   0.31037E+02   0.16683E+02   0.16248E+02
   0.59552E+02   0.42512E+02   0.28197E+00   0.17713E+02   0.17652E+02   0.11832E+02   0.11792E+02   0.30894E+02   0.16631E+02   0.16184E+02
   0.58317E+02   0.41691E+02   0.27612E+00   0.17671E+02   0.17608E+02   0.11805E+02   0.11763E+02   0.30752E+02   0.16579E+02   0.16121E+02
   0.57118E+02   0.40893E+02   0.27044E+00   0.17630E+02   0.17565E+02   0.11777E+02   0.11733E+02   0.30611E+02   0.16527E+02   0.16057E+02
   0.55952E+02   0.40118E+02   0.26492E+00   0.17589E+02   0.17521E+02   0.11749E+02   0.11705E+02   0.30470E+02   0.16475E+02   0.15994E+02
   0.54819E+02   0.39364E+02   0.25955E+00   0.17547E+02   0.17478E+02   0.11722E+02   0.11675E+02   0.30329E+02   0.16424E+02   0.15931E+02
   0.53716E+02   0.38629E+02   0.25433E+00   0.17506E+02   0.17434E+02   0.11694E+02   0.11646E+02   0.30188E+02   0.16372E+02   0.15867E+02
   0.52641E+02   0.37913E+02   0.24924E+00   0.17465E+02   0.17391E+02   0.11667E+02   0.11617E+02   0.30046E+02   0.16320E+02   0.15803E+02
   0.51592E+02   0.37215E+02   0.24428E+00   0.17423E+02   0.17346E+02   0.11639E+02   0.11588E+02   0.29904E+02   0.16268E+02   0.15739E+02
   0.50569E+02   0.36532E+02   0.23943E+00   0.17381E+02   0.17302E+02   0.11611E+02   0.11558E+02   0.29760E+02   0.16216E+02   0.15674E+02
   0.49569E+02   0.35865E+02   0.23470E+00   0.17339E+02   0.17257E+02   0.11583E+02   0.11528E+02   0.29616E+02   0.16163E+02   0.15608E+02
   0.48592E+02   0.35212E+02   0.23007E+00   0.17296E+02   0.17212E+02   0.11554E+02   0.11498E+02   0.29472E+02   0.16110E+02   0.15543E+02
   0.47635E+02   0.34573E+02   0.22554E+00   0.17253E+02   0.17166E+02   0.11525E+02   0.11467E+02   0.29327E+02   0.16056E+02   0.15476E+02
   0.46698E+02   0.33945E+02   0.22110E+00   0.17210E+02   0.17120E+02   0.11496E+02   0.11436E+02   0.29181E+02   0.16002E+02   0.15410E+02
   0.45778E+02   0.33330E+02   0.21675E+00   0.17166E+02   0.17073E+02   0.11467E+02   0.11405E+02   0.29035E+02   0.15947E+02   0.15342E+02
   0.44877E+02   0.32725E+02   0.21248E+00   0.17122E+02   0.17026E+02   0.11437E+02   0.11373E+02   0.28887E+02   0.15892E+02   0.15275E+02
   0.43991E+02   0.32131E+02   0.20829E+00   0.17077E+02   0.16978E+02   0.11408E+02   0.11341E+02   0.28738E+02   0.15837E+02   0.15206E+02
   0.43120E+02   0.31547E+02   0.20416E+00   0.17032E+02   0.16929E+02   0.11377E+02   0.11309E+02   0.28587E+02   0.15781E+02   0.15136E+02
   0.42263E+02   0.30972E+02   0.20011E+00   0.16986E+02   0.16880E+02   0.11347E+02   0.11276E+02   0.28434E+02   0.15724E+02   0.15065E+02
   0.41420E+02   0.30406E+02   0.19611E+00   0.16939E+02   0.16830E+02   0.11315E+02   0.11243E+02   0.28278E+02   0.15666E+02   0.14993E+02
   0.40589E+02   0.29848E+02   0.19218E+00   0.16891E+02   0.16779E+02   0.11284E+02   0.11209E+02   0.28120E+02   0.15607E+02   0.14920E+02
   0.39770E+02   0.29298E+02   0.18830E+00   0.16843E+02   0.16727E+02   0.11251E+02   0.11174E+02   0.27959E+02   0.15547E+02   0.14845E+02
   0.38962E+02   0.28755E+02   0.18448E+00   0.16794E+02   0.16674E+02   0.11218E+02   0.11138E+02   0.27795E+02   0.15486E+02   0.14769E+02
   0.38164E+02   0.28219E+02   0.18070E+00   0.16743E+02   0.16619E+02   0.11185E+02   0.11102E+02   0.27629E+02   0.15424E+02   0.14691E+02
   0.37375E+02   0.27689E+02   0.17696E+00   0.16691E+02   0.16563E+02   0.11150E+02   0.11064E+02   0.27458E+02   0.15360E+02   0.14611E+02
   0.36596E+02   0.27164E+02   0.17327E+00   0.16638E+02   0.16506E+02   0.11115E+02   0.11026E+02   0.27285E+02   0.15295E+02   0.14530E+02
   0.35824E+02   0.26645E+02   0.16962E+00   0.16584E+02   0.16447E+02   0.11078E+02   0.10987E+02   0.27107E+02   0.15228E+02   0.14446E+02
   0.35061E+02   0.26131E+02   0.16601E+00   0.16528E+02   0.16386E+02   0.11041E+02   0.10946E+02   0.26925E+02   0.15159E+02   0.14360E+02
   0.34305E+02   0.25622E+02   0.16243E+00   0.16470E+02   0.16324E+02   0.11002E+02   0.10905E+02   0.26739E+02   0.15089E+02   0.14272E+02
   0.33556E+02   0.25118E+02   0.15888E+00   0.16411E+02   0.16260E+02   0.10963E+02   0.10862E+02   0.26547E+02   0.15016E+02   0.14181E+02
   0.32813E+02   0.24617E+02   0.15536E+00   0.16349E+02   0.16193E+02   0.10922E+02   0.10817E+02   0.26350E+02   0.14941E+02   0.14087E+02
   0.32076E+02   0.24121E+02   0.15187E+00   0.16286E+02   0.16125E+02   0.10879E+02   0.10771E+02   0.26147E+02   0.14864E+02   0.13991E+02
   0.31345E+02   0.23629E+02   0.14841E+00   0.16221E+02   0.16054E+02   0.10836E+02   0.10724E+02   0.25938E+02   0.14784E+02   0.13891E+02
   0.30620E+02   0.23140E+02   0.14498E+00   0.16153E+02   0.15980E+02   0.10790E+02   0.10675E+02   0.25723E+02   0.14702E+02   0.13788E+02
   0.29899E+02   0.22654E+02   0.14156E+00   0.16083E+02   0.15904E+02   0.10744E+02   0.10624E+02   0.25501E+02   0.14617E+02   0.13681E+02
   0.29182E+02   0.22171E+02   0.13817E+00   0.16010E+02   0.15825E+02   0.10695E+02   0.10571E+02   0.25272E+02   0.14529E+02   0.13571E+02
   0.28470E+02   0.21691E+02   0.13480E+00   0.15935E+02   0.15743E+02   0.10645E+02   0.10517E+02   0.25035E+02   0.14437E+02   0.13456E+02
   0.27763E+02   0.21214E+02   0.13145E+00   0.15856E+02   0.15658E+02   0.10592E+02   0.10460E+02   0.24789E+02   0.14342E+02   0.13337E+02
   0.27058E+02   0.20740E+02   0.12811E+00   0.15774E+02   0.15569E+02   0.10537E+02   0.10400E+02   0.24535E+02   0.14244E+02   0.13213E+02
   0.26358E+02   0.20268E+02   0.12480E+00   0.15689E+02   0.15476E+02   0.10480E+02   0.10338E+02   0.24270E+02   0.14141E+02   0.13084E+02
   0.25660E+02   0.19798E+02   0.12150E+00   0.15600E+02   0.15379E+02   0.10421E+02   0.10273E+02   0.23995E+02   0.14034E+02   0.12950E+02
   0.24966E+02   0.19331E+02   0.11821E+00   0.15507E+02   0.15278E+02   0.10359E+02   0.10206E+02   0.23710E+02   0.13923E+02   0.12809E+02
   0.24275E+02   0.18865E+02   0.11493E+00   0.15409E+02   0.15171E+02   0.10294E+02   0.10135E+02   0.23413E+02   0.13806E+02   0.12663E+02
   0.23586E+02   0.18401E+02   0.11167E+00   0.15307E+02   0.15060E+02   0.10225E+02   0.10060E+02   0.23104E+02   0.13685E+02   0.12510E+02
   0.22900E+02   0.17939E+02   0.10842E+00   0.15200E+02   0.14943E+02   0.10154E+02   0.99825E+01   0.22782E+02   0.13557E+02   0.12350E+02
   0.22216E+02   0.17477E+02   0.10519E+00   0.15088E+02   0.14821E+02   0.10079E+02   0.99007E+01   0.22448E+02   0.13424E+02   0.12183E+02
   0.21534E+02   0.17018E+02   0.10196E+00   0.14970E+02   0.14692E+02   0.10000E+02   0.98148E+01   0.22099E+02   0.13285E+02   0.12008E+02
   0.20854E+02   0.16559E+02   0.98741E-01   0.14846E+02   0.14557E+02   0.99174E+01   0.97245E+01   0.21736E+02   0.13139E+02   0.11825E+02
   0.20177E+02   0.16102E+02   0.95532E-01   0.14716E+02   0.14415E+02   0.98302E+01   0.96294E+01   0.21355E+02   0.12986E+02   0.11633E+02
   0.19501E+02   0.15646E+02   0.92332E-01   0.14578E+02   0.14265E+02   0.97383E+01   0.95291E+01   0.20957E+02   0.12825E+02   0.11431E+02
   0.18827E+02   0.15191E+02   0.89139E-01   0.14433E+02   0.14106E+02   0.96412E+01   0.94232E+01   0.20540E+02   0.12656E+02   0.11218E+02
   0.18154E+02   0.14737E+02   0.85954E-01   0.14279E+02   0.13939E+02   0.95386E+01   0.93112E+01   0.20104E+02   0.12478E+02   0.10994E+02
   0.17483E+02   0.14284E+02   0.82776E-01   0.14116E+02   0.13761E+02   0.94300E+01   0.91925E+01   0.19646E+02   0.12291E+02   0.10757E+02
   0.16813E+02   0.13832E+02   0.79605E-01   0.13944E+02   0.13573E+02   0.93148E+01   0.90667E+01   0.19166E+02   0.12093E+02   0.10508E+02
   0.16144E+02   0.13379E+02   0.76439E-01   0.13761E+02   0.13373E+02   0.91925E+01   0.89330E+01   0.18662E+02   0.11884E+02   0.10244E+02
   0.15477E+02   0.12927E+02   0.73279E-01   0.13566E+02   0.13160E+02   0.90624E+01   0.87909E+01   0.18132E+02   0.11663E+02   0.99655E+01
   0.14811E+02   0.12475E+02   0.70125E-01   0.13359E+02   0.12933E+02   0.89238E+01   0.86394E+01   0.17576E+02   0.11429E+02   0.96703E+01
   0.14145E+02   0.12023E+02   0.66975E-01   0.13137E+02   0.12691E+02   0.87759E+01   0.84779E+01   0.16991E+02   0.11182E+02   0.93575E+01
   0.13481E+02   0.11571E+02   0.63830E-01   0.12901E+02   0.12433E+02   0.86178E+01   0.83054E+01   0.16376E+02   0.10919E+02   0.90260E+01
   0.12818E+02   0.11117E+02   0.60689E-01   0.12647E+02   0.12157E+02   0.84484E+01   0.81208E+01   0.15730E+02   0.10640E+02   0.86746E+01
   0.12155E+02   0.10662E+02   0.57552E-01   0.12375E+02   0.11861E+02   0.82667E+01   0.79230E+01   0.15052E+02   0.10344E+02   0.83025E+01
   0.11494E+02   0.10204E+02   0.54419E-01   0.12082E+02   0.11543E+02   0.80710E+01   0.77109E+01   0.14341E+02   0.10029E+02   0.79085E+01
   0.10833E+02   0.97439E+01   0.51290E-01   0.11766E+02   0.11202E+02   0.78598E+01   0.74829E+01   0.13596E+02   0.96928E+01   0.74914E+01
   0.10172E+02   0.92795E+01   0.48164E-01   0.11423E+02   0.10834E+02   0.76310E+01   0.72374E+01   0.12814E+02   0.93335E+01   0.70498E+01
   0.95128E+01   0.88100E+01   0.45041E-01   0.11051E+02   0.10438E+02   0.73820E+01   0.69727E+01   0.11996E+02   0.89487E+01   0.65828E+01
   0.88538E+01   0.83333E+01   0.41921E-01   0.10643E+02   0.10010E+02   0.71098E+01   0.66866E+01   0.11142E+02   0.85352E+01   0.60904E+01
   0.81954E+01   0.78465E+01   0.38803E-01   0.10195E+02   0.95460E+01   0.68105E+01   0.63769E+01   0.10256E+02   0.80897E+01   0.55739E+01
   0.75375E+01   0.73462E+01   0.35688E-01   0.96998E+01   0.90435E+01   0.64796E+01   0.60412E+01   0.93409E+01   0.76083E+01   0.50360E+01
   0.68800E+01   0.68275E+01   0.32575E-01   0.91494E+01   0.84984E+01   0.61119E+01   0.56771E+01   0.84048E+01   0.70870E+01   0.44813E+01
   0.62231E+01   0.62846E+01   0.29465E-01   0.85354E+01   0.79070E+01   0.57018E+01   0.52820E+01   0.74588E+01   0.65222E+01   0.39179E+01
   0.55666E+01   0.57113E+01   0.26356E-01   0.78502E+01   0.72660E+01   0.52440E+01   0.48538E+01   0.65170E+01   0.59120E+01   0.33567E+01
   0.49105E+01   0.51026E+01   0.23250E-01   0.70889E+01   0.65731E+01   0.47355E+01   0.43909E+01   0.55961E+01   0.52577E+01   0.28114E+01
   0.42547E+01   0.44570E+01   0.20145E-01   0.62537E+01   0.58275E+01   0.41776E+01   0.38928E+01   0.47131E+01   0.45664E+01   0.22973E+01
   0.35993E+01   0.37792E+01   0.17042E-01   0.53563E+01   0.50307E+01   0.35781E+01   0.33606E+01   0.38814E+01   0.38515E+01   0.18275E+01
   0.29443E+01   0.30807E+01   0.13940E-01   0.44166E+01   0.41871E+01   0.29504E+01   0.27970E+01   0.31052E+01   0.31300E+01   0.14088E+01
   0.22895E+01   0.23764E+01   0.10840E-01   0.34532E+01   0.33033E+01   0.23068E+01   0.22066E+01   0.23765E+01   0.24148E+01   0.10385E+01
   0.16351E+01   0.16784E+01   0.77416E-02   0.24775E+01   0.23871E+01   0.16550E+01   0.15946E+01   0.16809E+01   0.17115E+01   0.70824E+00
   0.98086E+00   0.99419E+00   0.46441E-02   0.14935E+01   0.14462E+01   0.99768E+00   0.96610E+00   0.10038E+01   0.10200E+01   0.40852E+00
   0.32691E+00   0.32691E+00   0.15479E-02   0.50113E+00   0.48682E+00   0.33476E+00   0.32520E+00   0.33476E+00   0.33780E+00   0.13180E+00
