   0.21903E+03   0.14107E+03   0.98805E+00   0.19310E+02   0.19307E+02   0.12914E+02   0.12912E+02   0.37713E+02   0.19120E+02   0.19081E+02
   0.21373E+03   0.13767E+03   0.96417E+00   0.19304E+02   0.19301E+02   0.12910E+02   0.12908E+02   0.37699E+02   0.19120E+02   0.19074E+02
   0.20845E+03   0.13428E+03   0.94036E+00   0.19291E+02   0.19288E+02   0.12902E+02   0.12900E+02   0.37668E+02   0.19104E+02   0.19060E+02
   0.20320E+03   0.13092E+03   0.91667E+00   0.19272E+02   0.19268E+02   0.12889E+02   0.12887E+02   0.37620E+02   0.19080E+02   0.19038E+02
   0.19799E+03   0.12759E+03   0.89314E+00   0.19246E+02   0.19242E+02   0.12872E+02   0.12869E+02   0.37557E+02   0.19047E+02   0.19008E+02
   0.19282E+03   0.12431E+03   0.86983E+00   0.19214E+02   0.19211E+02   0.12851E+02   0.12848E+02   0.37477E+02   0.19007E+02   0.18971E+02
   0.18771E+03   0.12106E+03   0.84677E+00   0.19178E+02   0.19174E+02   0.12826E+02   0.12823E+02   0.37382E+02   0.18960E+02   0.18928E+02
   0.18266E+03   0.11787E+03   0.82400E+00   0.19136E+02   0.19132E+02   0.12798E+02   0.12795E+02   0.37274E+02   0.18907E+02   0.18879E+02
   0.17769E+03   0.11472E+03   0.80156E+00   0.19090E+02   0.19085E+02   0.12767E+02   0.12764E+02   0.37155E+02   0.18849E+02   0.18824E+02
   0.17279E+03   0.11163E+03   0.77949E+00   0.19040E+02   0.19035E+02   0.12734E+02   0.12731E+02   0.37026E+02   0.18786E+02   0.18765E+02
   0.16799E+03   0.10859E+03   0.75782E+00   0.18987E+02   0.18982E+02   0.12698E+02   0.12695E+02   0.36890E+02   0.18718E+02   0.18703E+02
   0.16328E+03   0.10562E+03   0.73658E+00   0.18931E+02   0.18925E+02   0.12661E+02   0.12657E+02   0.36744E+02   0.18647E+02   0.18636E+02
   0.15867E+03   0.10272E+03   0.71579E+00   0.18872E+02   0.18866E+02   0.12622E+02   0.12617E+02   0.36591E+02   0.18572E+02   0.18566E+02
   0.15417E+03   0.99882E+02   0.69548E+00   0.18812E+02   0.18805E+02   0.12581E+02   0.12577E+02   0.36433E+02   0.18496E+02   0.18494E+02
   0.14978E+03   0.97118E+02   0.67566E+00   0.18750E+02   0.18743E+02   0.12540E+02   0.12535E+02   0.36269E+02   0.18417E+02   0.18420E+02
   0.14550E+03   0.94428E+02   0.65636E+00   0.18686E+02   0.18679E+02   0.12497E+02   0.12492E+02   0.36098E+02   0.18337E+02   0.18342E+02
   0.14134E+03   0.91814E+02   0.63758E+00   0.18621E+02   0.18613E+02   0.12454E+02   0.12448E+02   0.35923E+02   0.18254E+02   0.18263E+02
   0.13729E+03   0.89274E+02   0.61934E+00   0.18555E+02   0.18546E+02   0.12409E+02   0.12404E+02   0.35745E+02   0.18170E+02   0.18183E+02
   0.13337E+03   0.86810E+02   0.60163E+00   0.18489E+02   0.18479E+02   0.12365E+02   0.12359E+02   0.35565E+02   0.18086E+02   0.18101E+02
   0.12956E+03   0.84423E+02   0.58448E+00   0.18422E+02   0.18412E+02   0.12321E+02   0.12314E+02   0.35383E+02   0.18002E+02   0.18019E+02
   0.12588E+03   0.82112E+02   0.56786E+00   0.18356E+02   0.18345E+02   0.12276E+02   0.12269E+02   0.35201E+02   0.17919E+02   0.17937E+02
   0.12232E+03   0.79877E+02   0.55179E+00   0.18291E+02   0.18279E+02   0.12233E+02   0.12225E+02   0.35020E+02   0.17836E+02   0.17856E+02
   0.11888E+03   0.77715E+02   0.53626E+00   0.18226E+02   0.18214E+02   0.12190E+02   0.12182E+02   0.34840E+02   0.17755E+02   0.17775E+02
   0.11555E+03   0.75628E+02   0.52126E+00   0.18163E+02   0.18150E+02   0.12147E+02   0.12139E+02   0.34662E+02   0.17675E+02   0.17695E+02
   0.11234E+03   0.73612E+02   0.50679E+00   0.18101E+02   0.18087E+02   0.12106E+02   0.12097E+02   0.34486E+02   0.17597E+02   0.17616E+02
   0.10925E+03   0.71669E+02   0.49284E+00   0.18040E+02   0.18026E+02   0.12065E+02   0.12055E+02   0.34313E+02   0.17520E+02   0.17539E+02
   0.10627E+03   0.69794E+02   0.47939E+00   0.17981E+02   0.17966E+02   0.12026E+02   0.12015E+02   0.34142E+02   0.17445E+02   0.17463E+02
   0.10340E+03   0.67987E+02   0.46643E+00   0.17923E+02   0.17907E+02   0.11987E+02   0.11976E+02   0.33974E+02   0.17372E+02   0.17388E+02
   0.10063E+03   0.66247E+02   0.45396E+00   0.17866E+02   0.17849E+02   0.11949E+02   0.11937E+02   0.33808E+02   0.17301E+02   0.17314E+02
   0.97970E+02   0.64570E+02   0.44195E+00   0.17811E+02   0.17793E+02   0.11912E+02   0.11900E+02   0.33646E+02   0.17231E+02   0.17242E+02
   0.95408E+02   0.62956E+02   0.43040E+00   0.17757E+02   0.17737E+02   0.11876E+02   0.11863E+02   0.33486E+02   0.17163E+02   0.17170E+02
   0.92943E+02   0.61401E+02   0.41928E+00   0.17703E+02   0.17683E+02   0.11840E+02   0.11826E+02   0.33329E+02   0.17096E+02   0.17100E+02
   0.90572E+02   0.59904E+02   0.40858E+00   0.17651E+02   0.17630E+02   0.11805E+02   0.11791E+02   0.33174E+02   0.17030E+02   0.17032E+02
   0.88290E+02   0.58464E+02   0.39828E+00   0.17600E+02   0.17578E+02   0.11771E+02   0.11756E+02   0.33020E+02   0.16966E+02   0.16963E+02
   0.86094E+02   0.57078E+02   0.38838E+00   0.17550E+02   0.17527E+02   0.11737E+02   0.11722E+02   0.32869E+02   0.16903E+02   0.16896E+02
   0.83981E+02   0.55744E+02   0.37885E+00   0.17501E+02   0.17477E+02   0.11705E+02   0.11688E+02   0.32719E+02   0.16842E+02   0.16830E+02
   0.81947E+02   0.54459E+02   0.36967E+00   0.17453E+02   0.17427E+02   0.11672E+02   0.11655E+02   0.32571E+02   0.16781E+02   0.16764E+02
   0.79989E+02   0.53222E+02   0.36084E+00   0.17405E+02   0.17378E+02   0.11641E+02   0.11623E+02   0.32425E+02   0.16722E+02   0.16700E+02
   0.78102E+02   0.52029E+02   0.35233E+00   0.17359E+02   0.17330E+02   0.11609E+02   0.11590E+02   0.32280E+02   0.16663E+02   0.16636E+02
   0.76285E+02   0.50880E+02   0.34413E+00   0.17312E+02   0.17283E+02   0.11578E+02   0.11559E+02   0.32137E+02   0.16605E+02   0.16572E+02
   0.74533E+02   0.49771E+02   0.33623E+00   0.17267E+02   0.17236E+02   0.11548E+02   0.11527E+02   0.31995E+02   0.16548E+02   0.16510E+02
   0.72843E+02   0.48701E+02   0.32860E+00   0.17222E+02   0.17190E+02   0.11518E+02   0.11497E+02   0.31855E+02   0.16492E+02   0.16448E+02
   0.71212E+02   0.47667E+02   0.32125E+00   0.17178E+02   0.17144E+02   0.11488E+02   0.11466E+02   0.31717E+02   0.16437E+02   0.16386E+02
   0.69637E+02   0.46668E+02   0.31414E+00   0.17134E+02   0.17099E+02   0.11459E+02   0.11436E+02   0.31581E+02   0.16382E+02   0.16326E+02
   0.68116E+02   0.45702E+02   0.30728E+00   0.17091E+02   0.17055E+02   0.11430E+02   0.11406E+02   0.31447E+02   0.16329E+02   0.16266E+02
   0.66644E+02   0.44767E+02   0.30064E+00   0.17049E+02   0.17011E+02   0.11402E+02   0.11377E+02   0.31314E+02   0.16276E+02   0.16207E+02
   0.65220E+02   0.43860E+02   0.29422E+00   0.17006E+02   0.16967E+02   0.11374E+02   0.11348E+02   0.31184E+02   0.16223E+02   0.16149E+02
   0.63841E+02   0.42982E+02   0.28799E+00   0.16965E+02   0.16924E+02   0.11346E+02   0.11319E+02   0.31055E+02   0.16171E+02   0.16091E+02
   0.62505E+02   0.42129E+02   0.28197E+00   0.16924E+02   0.16881E+02   0.11318E+02   0.11290E+02   0.30927E+02   0.16120E+02   0.16034E+02
   0.61208E+02   0.41302E+02   0.27612E+00   0.16883E+02   0.16839E+02   0.11291E+02   0.11262E+02   0.30801E+02   0.16069E+02   0.15978E+02
   0.59949E+02   0.40498E+02   0.27044E+00   0.16842E+02   0.16797E+02   0.11264E+02   0.11234E+02   0.30675E+02   0.16019E+02   0.15922E+02
   0.58726E+02   0.39716E+02   0.26492E+00   0.16802E+02   0.16755E+02   0.11237E+02   0.11206E+02   0.30551E+02   0.15969E+02   0.15866E+02
   0.57537E+02   0.38955E+02   0.25955E+00   0.16762E+02   0.16714E+02   0.11211E+02   0.11178E+02   0.30427E+02   0.15919E+02   0.15810E+02
   0.56379E+02   0.38215E+02   0.25433E+00   0.16723E+02   0.16672E+02   0.11184E+02   0.11150E+02   0.30302E+02   0.15870E+02   0.15754E+02
   0.55251E+02   0.37493E+02   0.24924E+00   0.16683E+02   0.16631E+02   0.11157E+02   0.11123E+02   0.30178E+02   0.15821E+02   0.15699E+02
   0.54150E+02   0.36788E+02   0.24428E+00   0.16643E+02   0.16589E+02   0.11131E+02   0.11095E+02   0.30054E+02   0.15771E+02   0.15643E+02
   0.53076E+02   0.36100E+02   0.23943E+00   0.16603E+02   0.16548E+02   0.11104E+02   0.11067E+02   0.29930E+02   0.15722E+02   0.15587E+02
   0.52027E+02   0.35428E+02   0.23470E+00   0.16563E+02   0.16506E+02   0.11077E+02   0.11039E+02   0.29805E+02   0.15672E+02   0.15530E+02
   0.51001E+02   0.34770E+02   0.23007E+00   0.16523E+02   0.16464E+02   0.11050E+02   0.11011E+02   0.29679E+02   0.15623E+02   0.15473E+02
   0.49997E+02   0.34126E+02   0.22554E+00   0.16483E+02   0.16421E+02   0.11023E+02   0.10982E+02   0.29553E+02   0.15573E+02   0.15416E+02
   0.49013E+02   0.33495E+02   0.22110E+00   0.16442E+02   0.16378E+02   0.10996E+02   0.10954E+02   0.29425E+02   0.15522E+02   0.15359E+02
   0.48048E+02   0.32875E+02   0.21675E+00   0.16401E+02   0.16335E+02   0.10969E+02   0.10925E+02   0.29297E+02   0.15471E+02   0.15300E+02
   0.47101E+02   0.32267E+02   0.21248E+00   0.16359E+02   0.16291E+02   0.10941E+02   0.10895E+02   0.29168E+02   0.15420E+02   0.15242E+02
   0.46172E+02   0.31670E+02   0.20829E+00   0.16317E+02   0.16247E+02   0.10912E+02   0.10866E+02   0.29037E+02   0.15368E+02   0.15182E+02
   0.45258E+02   0.31083E+02   0.20416E+00   0.16274E+02   0.16202E+02   0.10884E+02   0.10836E+02   0.28904E+02   0.15315E+02   0.15122E+02
   0.44359E+02   0.30505E+02   0.20011E+00   0.16231E+02   0.16156E+02   0.10855E+02   0.10805E+02   0.28770E+02   0.15262E+02   0.15060E+02
   0.43474E+02   0.29936E+02   0.19611E+00   0.16187E+02   0.16109E+02   0.10825E+02   0.10774E+02   0.28633E+02   0.15207E+02   0.14998E+02
   0.42602E+02   0.29375E+02   0.19218E+00   0.16142E+02   0.16062E+02   0.10795E+02   0.10742E+02   0.28494E+02   0.15152E+02   0.14934E+02
   0.41742E+02   0.28822E+02   0.18830E+00   0.16096E+02   0.16014E+02   0.10765E+02   0.10710E+02   0.28353E+02   0.15096E+02   0.14870E+02
   0.40893E+02   0.28276E+02   0.18448E+00   0.16049E+02   0.15964E+02   0.10734E+02   0.10677E+02   0.28209E+02   0.15039E+02   0.14804E+02
   0.40056E+02   0.27737E+02   0.18070E+00   0.16002E+02   0.15914E+02   0.10702E+02   0.10643E+02   0.28062E+02   0.14980E+02   0.14736E+02
   0.39228E+02   0.27204E+02   0.17696E+00   0.15953E+02   0.15862E+02   0.10669E+02   0.10609E+02   0.27912E+02   0.14920E+02   0.14667E+02
   0.38410E+02   0.26677E+02   0.17327E+00   0.15903E+02   0.15809E+02   0.10636E+02   0.10573E+02   0.27759E+02   0.14859E+02   0.14596E+02
   0.37601E+02   0.26156E+02   0.16962E+00   0.15852E+02   0.15755E+02   0.10602E+02   0.10537E+02   0.27602E+02   0.14797E+02   0.14524E+02
   0.36799E+02   0.25640E+02   0.16601E+00   0.15800E+02   0.15699E+02   0.10567E+02   0.10500E+02   0.27441E+02   0.14732E+02   0.14449E+02
   0.36006E+02   0.25129E+02   0.16243E+00   0.15746E+02   0.15642E+02   0.10531E+02   0.10461E+02   0.27277E+02   0.14666E+02   0.14373E+02
   0.35220E+02   0.24622E+02   0.15888E+00   0.15690E+02   0.15583E+02   0.10494E+02   0.10422E+02   0.27107E+02   0.14599E+02   0.14294E+02
   0.34440E+02   0.24120E+02   0.15536E+00   0.15633E+02   0.15522E+02   0.10455E+02   0.10381E+02   0.26933E+02   0.14529E+02   0.14213E+02
   0.33667E+02   0.23622E+02   0.15187E+00   0.15574E+02   0.15460E+02   0.10416E+02   0.10339E+02   0.26754E+02   0.14457E+02   0.14129E+02
   0.32899E+02   0.23127E+02   0.14841E+00   0.15513E+02   0.15395E+02   0.10375E+02   0.10296E+02   0.26569E+02   0.14383E+02   0.14043E+02
   0.32138E+02   0.22637E+02   0.14498E+00   0.15451E+02   0.15328E+02   0.10333E+02   0.10251E+02   0.26379E+02   0.14307E+02   0.13953E+02
   0.31381E+02   0.22149E+02   0.14156E+00   0.15385E+02   0.15258E+02   0.10290E+02   0.10205E+02   0.26182E+02   0.14227E+02   0.13861E+02
   0.30629E+02   0.21665E+02   0.13817E+00   0.15318E+02   0.15186E+02   0.10244E+02   0.10156E+02   0.25978E+02   0.14145E+02   0.13765E+02
   0.29882E+02   0.21184E+02   0.13480E+00   0.15248E+02   0.15111E+02   0.10198E+02   0.10106E+02   0.25767E+02   0.14060E+02   0.13665E+02
   0.29139E+02   0.20705E+02   0.13145E+00   0.15175E+02   0.15033E+02   0.10149E+02   0.10054E+02   0.25548E+02   0.13972E+02   0.13562E+02
   0.28400E+02   0.20230E+02   0.12811E+00   0.15099E+02   0.14952E+02   0.10098E+02   0.10000E+02   0.25320E+02   0.13880E+02   0.13454E+02
   0.27664E+02   0.19757E+02   0.12480E+00   0.15020E+02   0.14868E+02   0.10045E+02   0.99435E+01   0.25084E+02   0.13785E+02   0.13342E+02
   0.26932E+02   0.19286E+02   0.12150E+00   0.14937E+02   0.14780E+02   0.99901E+01   0.98846E+01   0.24838E+02   0.13686E+02   0.13225E+02
   0.26204E+02   0.18817E+02   0.11821E+00   0.14851E+02   0.14688E+02   0.99325E+01   0.98230E+01   0.24581E+02   0.13582E+02   0.13102E+02
   0.25478E+02   0.18351E+02   0.11493E+00   0.14761E+02   0.14591E+02   0.98723E+01   0.97586E+01   0.24314E+02   0.13474E+02   0.12975E+02
   0.24755E+02   0.17887E+02   0.11167E+00   0.14667E+02   0.14490E+02   0.98093E+01   0.96911E+01   0.24035E+02   0.13361E+02   0.12841E+02
   0.24035E+02   0.17424E+02   0.10842E+00   0.14569E+02   0.14385E+02   0.97434E+01   0.96204E+01   0.23744E+02   0.13243E+02   0.12701E+02
   0.23317E+02   0.16963E+02   0.10519E+00   0.14465E+02   0.14274E+02   0.96741E+01   0.95461E+01   0.23440E+02   0.13120E+02   0.12554E+02
   0.22602E+02   0.16504E+02   0.10196E+00   0.14356E+02   0.14157E+02   0.96014E+01   0.94680E+01   0.23121E+02   0.12990E+02   0.12399E+02
   0.21888E+02   0.16047E+02   0.98741E-01   0.14242E+02   0.14034E+02   0.95250E+01   0.93859E+01   0.22787E+02   0.12854E+02   0.12237E+02
   0.21177E+02   0.15591E+02   0.95532E-01   0.14122E+02   0.13905E+02   0.94445E+01   0.92993E+01   0.22437E+02   0.12712E+02   0.12066E+02
   0.20468E+02   0.15136E+02   0.92332E-01   0.13995E+02   0.13768E+02   0.93597E+01   0.92080E+01   0.22069E+02   0.12562E+02   0.11885E+02
   0.19760E+02   0.14683E+02   0.89139E-01   0.13861E+02   0.13624E+02   0.92701E+01   0.91114E+01   0.21681E+02   0.12404E+02   0.11695E+02
   0.19054E+02   0.14232E+02   0.85954E-01   0.13720E+02   0.13471E+02   0.91755E+01   0.90093E+01   0.21273E+02   0.12238E+02   0.11493E+02
   0.18349E+02   0.13782E+02   0.82776E-01   0.13570E+02   0.13309E+02   0.90754E+01   0.89012E+01   0.20843E+02   0.12062E+02   0.11279E+02
   0.17646E+02   0.13334E+02   0.79605E-01   0.13411E+02   0.13138E+02   0.89692E+01   0.87864E+01   0.20388E+02   0.11877E+02   0.11052E+02
   0.16945E+02   0.12888E+02   0.76439E-01   0.13243E+02   0.12955E+02   0.88566E+01   0.86644E+01   0.19907E+02   0.11682E+02   0.10810E+02
   0.16244E+02   0.12443E+02   0.73279E-01   0.13064E+02   0.12761E+02   0.87369E+01   0.85347E+01   0.19397E+02   0.11475E+02   0.10553E+02
   0.15545E+02   0.11999E+02   0.70125E-01   0.12873E+02   0.12554E+02   0.86095E+01   0.83963E+01   0.18858E+02   0.11256E+02   0.10279E+02
   0.14847E+02   0.11556E+02   0.66975E-01   0.12670E+02   0.12334E+02   0.84737E+01   0.82487E+01   0.18288E+02   0.11024E+02   0.99869E+01
   0.14149E+02   0.11114E+02   0.63830E-01   0.12453E+02   0.12098E+02   0.83288E+01   0.80910E+01   0.17684E+02   0.10778E+02   0.96754E+01
   0.13453E+02   0.10673E+02   0.60689E-01   0.12222E+02   0.11845E+02   0.81739E+01   0.79221E+01   0.17044E+02   0.10517E+02   0.93429E+01
   0.12758E+02   0.10233E+02   0.57552E-01   0.11974E+02   0.11575E+02   0.80080E+01   0.77411E+01   0.16366E+02   0.10240E+02   0.89875E+01
   0.12063E+02   0.97928E+01   0.54419E-01   0.11707E+02   0.11284E+02   0.78299E+01   0.75466E+01   0.15649E+02   0.99448E+01   0.86076E+01
   0.11370E+02   0.93523E+01   0.51290E-01   0.11421E+02   0.10971E+02   0.76382E+01   0.73375E+01   0.14889E+02   0.96306E+01   0.82016E+01
   0.10677E+02   0.89108E+01   0.48164E-01   0.11111E+02   0.10634E+02   0.74311E+01   0.71120E+01   0.14086E+02   0.92950E+01   0.77677E+01
   0.99844E+01   0.84676E+01   0.45041E-01   0.10775E+02   0.10270E+02   0.72065E+01   0.68684E+01   0.13238E+02   0.89360E+01   0.73043E+01
   0.92928E+01   0.80212E+01   0.41921E-01   0.10409E+02   0.98755E+01   0.69617E+01   0.66046E+01   0.12343E+02   0.85506E+01   0.68099E+01
   0.86017E+01   0.75694E+01   0.38803E-01   0.10008E+02   0.94475E+01   0.66933E+01   0.63184E+01   0.11404E+02   0.81356E+01   0.62846E+01
   0.79111E+01   0.71093E+01   0.35688E-01   0.95653E+01   0.89822E+01   0.63972E+01   0.60072E+01   0.10424E+02   0.76870E+01   0.57293E+01
   0.72211E+01   0.66370E+01   0.32575E-01   0.90733E+01   0.84750E+01   0.60682E+01   0.56680E+01   0.94085E+01   0.72001E+01   0.51466E+01
   0.65316E+01   0.61471E+01   0.29465E-01   0.85227E+01   0.79213E+01   0.56999E+01   0.52977E+01   0.83659E+01   0.66698E+01   0.45422E+01
   0.58426E+01   0.56328E+01   0.26356E-01   0.79027E+01   0.73162E+01   0.52852E+01   0.48930E+01   0.73094E+01   0.60910E+01   0.39241E+01
   0.51539E+01   0.50852E+01   0.23250E-01   0.72033E+01   0.66554E+01   0.48175E+01   0.44511E+01   0.62587E+01   0.54608E+01   0.33060E+01
   0.44657E+01   0.44960E+01   0.20145E-01   0.64178E+01   0.59356E+01   0.42922E+01   0.39697E+01   0.52379E+01   0.47803E+01   0.27060E+01
   0.37778E+01   0.38606E+01   0.17042E-01   0.55468E+01   0.51552E+01   0.37096E+01   0.34478E+01   0.42695E+01   0.40571E+01   0.21433E+01
   0.30902E+01   0.31823E+01   0.13940E-01   0.46030E+01   0.43157E+01   0.30784E+01   0.28863E+01   0.33707E+01   0.33069E+01   0.16346E+01
   0.24030E+01   0.24744E+01   0.10840E-01   0.36105E+01   0.34222E+01   0.24147E+01   0.22888E+01   0.25456E+01   0.25507E+01   0.11883E+01
   0.17161E+01   0.17555E+01   0.77416E-02   0.25940E+01   0.24832E+01   0.17349E+01   0.16608E+01   0.17827E+01   0.18050E+01   0.80055E+00
   0.10295E+01   0.10422E+01   0.46441E-02   0.15655E+01   0.15091E+01   0.10470E+01   0.10093E+01   0.10583E+01   0.10744E+01   0.45790E+00
   0.34312E+00   0.34312E+00   0.15479E-02   0.52619E+00   0.50933E+00   0.35191E+00   0.34064E+00   0.35191E+00   0.35561E+00   0.14698E+00
