    0.98804736E+00    0.19900405E+02    0.19895760E+02    0.44619175E-02    0.44952906E-02
    0.96416614E+00    0.19893941E+02    0.19889189E+02    0.44778253E-02    0.45117856E-02
    0.94035691E+00    0.19881305E+02    0.19876412E+02    0.45081758E-02    0.45429806E-02
    0.91666693E+00    0.19862725E+02    0.19857607E+02    0.45515420E-02    0.45876033E-02
    0.89314236E+00    0.19838878E+02    0.19833442E+02    0.46083527E-02    0.46461083E-02
    0.86982789E+00    0.19810581E+02    0.19804764E+02    0.46747373E-02    0.47143232E-02
    0.84676631E+00    0.19778077E+02    0.19771839E+02    0.47505790E-02    0.47922044E-02
    0.82399821E+00    0.19741400E+02    0.19734725E+02    0.48384044E-02    0.48823101E-02
    0.80156166E+00    0.19700687E+02    0.19693563E+02    0.49405354E-02    0.49870575E-02
    0.77949196E+00    0.19656522E+02    0.19648893E+02    0.50569193E-02    0.51066691E-02
    0.75782141E+00    0.19609815E+02    0.19601603E+02    0.51842307E-02    0.52378315E-02
    0.73657918E+00    0.19561055E+02    0.19552207E+02    0.53208533E-02    0.53787013E-02
    0.71579117E+00    0.19510360E+02    0.19500845E+02    0.54667252E-02    0.55289331E-02
    0.69547996E+00    0.19457898E+02    0.19447723E+02    0.56224001E-02    0.56891061E-02
    0.67566478E+00    0.19404055E+02    0.19393228E+02    0.57857510E-02    0.58571134E-02
    0.65636157E+00    0.19349108E+02    0.19337572E+02    0.59550408E-02    0.60313453E-02
    0.63758298E+00    0.19293316E+02    0.19280968E+02    0.61296466E-02    0.62114908E-02
    0.61933854E+00    0.19237253E+02    0.19224017E+02    0.63072696E-02    0.63951835E-02
    0.60163475E+00    0.19181473E+02    0.19167314E+02    0.64858487E-02    0.65801299E-02
    0.58447523E+00    0.19126071E+02    0.19110969E+02    0.66651193E-02    0.67659066E-02
    0.56786093E+00    0.19070807E+02    0.19054724E+02    0.68478409E-02    0.69554070E-02
    0.55179031E+00    0.19015485E+02    0.18998376E+02    0.70361520E-02    0.71508368E-02
    0.53625952E+00    0.18959934E+02    0.18941731E+02    0.72305516E-02    0.73529359E-02
    0.52126264E+00    0.18904103E+02    0.18884715E+02    0.74300211E-02    0.75608366E-02
    0.50679188E+00    0.18848169E+02    0.18827528E+02    0.76311570E-02    0.77710212E-02
    0.49283781E+00    0.18792436E+02    0.18770478E+02    0.78327680E-02    0.79821824E-02
    0.47938952E+00    0.18737341E+02    0.18714035E+02    0.80342311E-02    0.81932619E-02
    0.46643490E+00    0.18683186E+02    0.18658556E+02    0.82362770E-02    0.84047964E-02
    0.45396077E+00    0.18629989E+02    0.18604040E+02    0.84395696E-02    0.86178271E-02
    0.44195308E+00    0.18577736E+02    0.18550431E+02    0.86430456E-02    0.88314644E-02
    0.43039709E+00    0.18526423E+02    0.18497688E+02    0.88466793E-02    0.90459057E-02
    0.41927754E+00    0.18475958E+02    0.18445718E+02    0.90502571E-02    0.92609646E-02
    0.40857878E+00    0.18426209E+02    0.18394414E+02    0.92534929E-02    0.94761346E-02
    0.39828490E+00    0.18377139E+02    0.18343748E+02    0.94567305E-02    0.96916825E-02
    0.38837987E+00    0.18328748E+02    0.18293742E+02    0.96598732E-02    0.99074357E-02
    0.37884764E+00    0.18281012E+02    0.18244358E+02    0.98618492E-02    0.10122532E-01
    0.36967222E+00    0.18233969E+02    0.18195628E+02    0.10061874E-01    0.10336053E-01
    0.36083778E+00    0.18187667E+02    0.18147595E+02    0.10259446E-01    0.10547429E-01
    0.35232874E+00    0.18142100E+02    0.18100266E+02    0.10454492E-01    0.10756392E-01
    0.34412978E+00    0.18097192E+02    0.18053582E+02    0.10647163E-01    0.10962848E-01
    0.33622596E+00    0.18052870E+02    0.18007481E+02    0.10837914E-01    0.11167226E-01
    0.32860269E+00    0.18009081E+02    0.17961910E+02    0.11026688E-01    0.11369637E-01
    0.32124583E+00    0.17965766E+02    0.17916784E+02    0.11213918E-01    0.11570977E-01
    0.31414167E+00    0.17922863E+02    0.17872010E+02    0.11400498E-01    0.11772506E-01
    0.30727698E+00    0.17880295E+02    0.17827495E+02    0.11586866E-01    0.11974740E-01
    0.30063901E+00    0.17838008E+02    0.17783211E+02    0.11772625E-01    0.12176794E-01
    0.29421551E+00    0.17795986E+02    0.17739172E+02    0.11957633E-01    0.12378225E-01
    0.28799472E+00    0.17754205E+02    0.17695360E+02    0.12142048E-01    0.12579228E-01
    0.28196538E+00    0.17712613E+02    0.17651716E+02    0.12326165E-01    0.12780294E-01
    0.27611674E+00    0.17671167E+02    0.17608184E+02    0.12510027E-01    0.12981578E-01
    0.27043853E+00    0.17629847E+02    0.17564738E+02    0.12693821E-01    0.13183270E-01
    0.26492096E+00    0.17588622E+02    0.17521337E+02    0.12878108E-01    0.13386012E-01
    0.25955473E+00    0.17547431E+02    0.17477913E+02    0.13063357E-01    0.13590457E-01
    0.25433098E+00    0.17506182E+02    0.17434363E+02    0.13249973E-01    0.13797063E-01
    0.24924133E+00    0.17464780E+02    0.17390584E+02    0.13438341E-01    0.14006210E-01
    0.24427780E+00    0.17423141E+02    0.17346487E+02    0.13628524E-01    0.14218031E-01
    0.23943286E+00    0.17381204E+02    0.17302008E+02    0.13820117E-01    0.14432198E-01
    0.23469936E+00    0.17338925E+02    0.17257097E+02    0.14012792E-01    0.14648480E-01
    0.23007055E+00    0.17296267E+02    0.17211725E+02    0.14206198E-01    0.14866431E-01
    0.22554007E+00    0.17253218E+02    0.17165890E+02    0.14400278E-01    0.15085684E-01
    0.22110188E+00    0.17209771E+02    0.17119596E+02    0.14595457E-01    0.15306599E-01
    0.21675032E+00    0.17165917E+02    0.17072822E+02    0.14792414E-01    0.15530033E-01
    0.21248002E+00    0.17121630E+02    0.17025533E+02    0.14991688E-01    0.15756779E-01
    0.20828595E+00    0.17076869E+02    0.16977676E+02    0.15193994E-01    0.15987830E-01
    0.20416335E+00    0.17031563E+02    0.16929177E+02    0.15399851E-01    0.16223795E-01
    0.20010776E+00    0.16985625E+02    0.16879943E+02    0.15609884E-01    0.16465413E-01
    0.19611496E+00    0.16938962E+02    0.16829870E+02    0.15824514E-01    0.16713148E-01
    0.19218101E+00    0.16891473E+02    0.16778848E+02    0.16043985E-01    0.16967299E-01
    0.18830220E+00    0.16843058E+02    0.16726766E+02    0.16268474E-01    0.17228084E-01
    0.18447502E+00    0.16793625E+02    0.16673526E+02    0.16498034E-01    0.17495596E-01
    0.18069621E+00    0.16743086E+02    0.16619040E+02    0.16732859E-01    0.17770111E-01
    0.17696268E+00    0.16691342E+02    0.16563207E+02    0.16973189E-01    0.18051956E-01
    0.17327155E+00    0.16638278E+02    0.16505909E+02    0.17219449E-01    0.18341722E-01
    0.16962011E+00    0.16583786E+02    0.16447024E+02    0.17472269E-01    0.18640285E-01
    0.16600582E+00    0.16527767E+02    0.16386434E+02    0.17732402E-01    0.18948554E-01
    0.16242629E+00    0.16470117E+02    0.16324024E+02    0.18000878E-01    0.19267794E-01
    0.15887929E+00    0.16410714E+02    0.16259670E+02    0.18278528E-01    0.19598984E-01
    0.15536273E+00    0.16349428E+02    0.16193239E+02    0.18565959E-01    0.19942901E-01
    0.15187465E+00    0.16286127E+02    0.16124602E+02    0.18863751E-01    0.20300216E-01
    0.14841320E+00    0.16220690E+02    0.16053623E+02    0.19172652E-01    0.20672005E-01
    0.14497667E+00    0.16152985E+02    0.15980150E+02    0.19493445E-01    0.21059416E-01
    0.14156345E+00    0.16082856E+02    0.15904016E+02    0.19827032E-01    0.21463571E-01
    0.13817202E+00    0.16010129E+02    0.15825036E+02    0.20174621E-01    0.21885992E-01
    0.13480098E+00    0.15934605E+02    0.15742996E+02    0.20537497E-01    0.22328376E-01
    0.13144899E+00    0.15856060E+02    0.15657651E+02    0.20917234E-01    0.22792754E-01
    0.12811483E+00    0.15774249E+02    0.15568736E+02    0.21315338E-01    0.23281108E-01
    0.12479733E+00    0.15688925E+02    0.15475966E+02    0.21733364E-01    0.23795727E-01
    0.12149540E+00    0.15599821E+02    0.15379034E+02    0.22172838E-01    0.24338930E-01
    0.11820805E+00    0.15506663E+02    0.15277631E+02    0.22635201E-01    0.24912685E-01
    0.11493430E+00    0.15409185E+02    0.15171443E+02    0.23122142E-01    0.25519531E-01
    0.11167329E+00    0.15307111E+02    0.15060166E+02    0.23635202E-01    0.26161591E-01
    0.10842417E+00    0.15200137E+02    0.14943483E+02    0.24176199E-01    0.26841099E-01
    0.10518618E+00    0.15087914E+02    0.14821048E+02    0.24748027E-01    0.27561381E-01
    0.10195857E+00    0.14970047E+02    0.14692460E+02    0.25354318E-01    0.28326818E-01
    0.98740688E-01    0.14846093E+02    0.14557253E+02    0.25999186E-01    0.29142594E-01
    0.95531882E-01    0.14715570E+02    0.14414893E+02    0.26687460E-01    0.30015079E-01
    0.92331562E-01    0.14577948E+02    0.14264773E+02    0.27424271E-01    0.30951741E-01
    0.89139174E-01    0.14432653E+02    0.14106229E+02    0.28214771E-01    0.31960368E-01
    0.85954197E-01    0.14279054E+02    0.13938551E+02    0.29064738E-01    0.33048984E-01
    0.82776147E-01    0.14116437E+02    0.13760957E+02    0.29980903E-01    0.34226647E-01
    0.79604570E-01    0.13944007E+02    0.13572583E+02    0.30971037E-01    0.35503542E-01
    0.76439043E-01    0.13760889E+02    0.13372502E+02    0.32044701E-01    0.36891449E-01
    0.73279168E-01    0.13566115E+02    0.13159696E+02    0.33213983E-01    0.38405356E-01
    0.70124575E-01    0.13358621E+02    0.12933028E+02    0.34493647E-01    0.40064100E-01
    0.66974918E-01    0.13137227E+02    0.12691244E+02    0.35899952E-01    0.41887446E-01
    0.63829873E-01    0.12900559E+02    0.12432952E+02    0.37451980E-01    0.43897298E-01
    0.60689138E-01    0.12647059E+02    0.12156620E+02    0.39170858E-01    0.46117111E-01
    0.57552429E-01    0.12374960E+02    0.11860586E+02    0.41082294E-01    0.48572651E-01
    0.54419483E-01    0.12082122E+02    0.11542976E+02    0.43220148E-01    0.51294372E-01
    0.51290053E-01    0.11765980E+02    0.11201663E+02    0.45628649E-01    0.54320131E-01
    0.48163908E-01    0.11423443E+02    0.10834217E+02    0.48364466E-01    0.57695279E-01
    0.45040832E-01    0.11050728E+02    0.10437896E+02    0.51495788E-01    0.61467939E-01
    0.41920623E-01    0.10643132E+02    0.10009609E+02    0.55102320E-01    0.65685502E-01
    0.38803094E-01    0.10195092E+02    0.95460047E+01    0.59273852E-01    0.70389448E-01
    0.35688068E-01    0.96998215E+01    0.90435355E+01    0.64117653E-01    0.75611983E-01
    0.32575381E-01    0.91493793E+01    0.84984141E+01    0.69740308E-01    0.81365473E-01
    0.29464880E-01    0.85354129E+01    0.79069648E+01    0.76222549E-01    0.87622837E-01
    0.26356420E-01    0.78501753E+01    0.72659597E+01    0.83588179E-01    0.94306543E-01
    0.23249868E-01    0.70889394E+01    0.65730533E+01    0.91737629E-01    0.10127869E+00
    0.20145098E-01    0.62537181E+01    0.58274607E+01    0.10037620E+00    0.10833358E+00
    0.17041993E-01    0.53563218E+01    0.50306842E+01    0.10901151E+00    0.11523216E+00
    0.13940444E-01    0.44166352E+01    0.41870636E+01    0.11709988E+00    0.12176221E+00
    0.10840348E-01    0.34531887E+01    0.33032777E+01    0.12432613E+00    0.12781789E+00
    0.77416096E-02    0.24775104E+01    0.23871376E+01    0.13067509E+00    0.13340452E+00
    0.46441401E-02    0.14934945E+01    0.14462269E+01    0.13633118E+00    0.13859089E+00
    0.15478559E-02    0.50112521E+00    0.48681716E+00    0.14151391E+00    0.14346031E+00
