   140.256588104144        25.6317237109937        25.6258227985036     
   136.872409288670        25.6238624660135        25.6178369631577     
   133.508543250424        25.6073295926156        25.6011009276354     
   130.174931816394        25.5816165683053        25.5750689797548     
   126.877062590438        25.5481798476827        25.5412711479166     
   123.620572885836        25.5083031128217        25.5010053021124     
   120.407909542967        25.4628627910934        25.4551246587958     
   117.242757545053        25.4120058331409        25.4037870056310     
   114.131164681908        25.3556648107234        25.3469363284067     
   111.079707243993        25.2938480503791        25.2845363198487     
   108.092337578405        25.2268729674593        25.2168711006003     
   105.169928982995        25.1557120495877        25.1449306746751     
   102.313169616932        25.0813057681274        25.0696964258568     
   99.5229700133613        25.0044984577994        24.9920504642149     
   96.8022634892137        24.9255016874952        24.9121913907992     
   94.1538393786327        24.8440356689164        24.8298053908723     
   91.5784468666437        24.7603235800714        24.7451009014099     
   89.0767440033860        24.6749791590477        24.6587073391865     
   86.6492579000849        24.5886022567237        24.5712387737867     
   84.2961015015177        24.5014674785007        24.4829678633271     
   82.0172207929696        24.4137522139704        24.3940938174998     
   79.8125470570858        24.3255676908020        24.3047266345917     
   77.6819458555377        24.2369711918537        24.2148743507227     
   75.6250921659277        24.1480592785080        24.1246124203402     
   73.6406477646610        24.0590611842793        24.0341664267807     
   71.7263903556068        23.9703634667477        23.9439291858439     
   69.8802158975780        23.8823046173716        23.8542559071658     
   68.1009713081635        23.7949442216197        23.7652083167590     
   66.3869802834306        23.7084309025814        23.6769283872099     
   64.7358084856625        23.6229963705818        23.5896479310595     
   63.1449968198199        23.5387806123403        23.5035151554584     
   61.6125370074877        23.4558264715193        23.4186019731918     
   60.1367413993742        23.3739421282017        23.3347317447015     
   58.7158469081553        23.2929524050599        23.2517268703146     
   57.3476252213978        23.2127817246646        23.1694986120320     
   56.0296791274777        23.1334264068162        23.0880159167195     
   54.7595208076494        23.0549605562275        23.0073540949804     
   53.5348519683440        22.9774751571523        22.9276355826934     
   52.3537705579199        22.9009753973514        22.8488807667031     
   51.2144669146430        22.8254104818051        22.7710405193853     
   50.1151150298854        22.7506806355307        22.6940002395595     
   49.0537891316992        22.6767079587539        22.6176658629877     
   48.0285983886808        22.6034263661614        22.5419641605147     
   47.0377602301026        22.5307461180910        22.4668089347264     
   46.0795208688023        22.4585348090763        22.3920768152038     
   45.1521726944071        22.3866870771502        22.3176557409978     
   44.2540095158741        22.3151922258314        22.2435325876357     
   43.3833815064590        22.2440796298871        22.1697529530263     
   42.5386930595230        22.1733752237537        22.0963547790927     
   41.7184714491246        22.1030598033186        22.0233166709026     
   40.9212994421099        22.0330785798319        21.9505791979395     
   40.1458919619351        21.9633211177346        21.8780268700255     
   39.3910674381001        21.8936582240403        21.8055254660528     
   38.6557437736860        21.8239507884975        21.7329224414248     
   37.9388346405419        21.7540718780934        21.6600782660282     
   37.2392291516507        21.6839168675331        21.5868734625551     
   36.5558433046001        21.6134074222017        21.5132258263896     
   35.8876734092908        21.5424805910404        21.4390754402694     
   35.2338166162664        21.4710473248839        21.3643341629599     
   34.5933851916155        21.3990293458281        21.2889241544869     
   33.9655649864271        21.3263457252904        21.2127547669726     
   33.3496061424525        21.2528961783432        21.1357207474245     
   32.7448224909439        21.1785601841865        21.0577001479517     
   32.1505062744199        21.1032387051051        20.9785904298499     
   31.5659978640510        21.0268486552047        20.8982962937208     
   30.9907121621622        20.9492979151635        20.8167187912541     
   30.4240776236243        20.8704854384248        20.7337564734708     
   29.8655390224197        20.7902984036073        20.6493047307235     
   29.3146360385935        20.7085690408737        20.5631919312364     
   28.7709435915756        20.6251041424494        20.4752125811711     
   28.2340320618821        20.5397167537314        20.3851641170387     
   27.7034639618206        20.4522386334764        20.2928623609211     
   27.1788090386256        20.3625202006514        20.1981410834791     
   26.6596463247636        20.2704250765406        20.1008541288835     
   26.1455971821129        20.1758088077817        20.0008545143303     
   25.6363346946865        20.0784981497109        19.8979722563782     
   25.1315617202599        19.9783033702799        19.7920164590346     
   24.6309801138334        19.8750291858349        19.6827853594116     
   24.1343257104642        19.7684569647047        19.5700548988276     
   23.6413843505736        19.6583354046541        19.4535597562034     
   23.1519857122953        19.5443700166243        19.3329836013328     
   22.6659389653979        19.4262522796932        19.2079965811687     
   22.1830596691174        19.3036616923176        19.0782568445884     
   21.7031311643192        19.1762929361356        18.9434421179241     
   21.2259441264590        19.0438437493585        18.8032335762960     
   20.7513148442795        18.9059886710651        18.6572884632025     
   20.2790851391765        18.7623683026955        18.5052307056303     
   19.8091057273194        18.6125979709958        18.3466632020329     
   19.3412293450166        18.4562490983073        18.1811455130363     
   18.8753019461961        18.2928578084438        18.0081963618269     
   18.4111929328060        18.1219009816935        17.8272603502817     
   17.9487655009150        17.9428123021481        17.6377320653745     
   17.4878935374759        17.7549812568350        17.4389553744936     
   17.0284472602681        17.5577745067459        17.2302591118495     
   16.5703084643540        17.3505224306249        17.0109538448274     
   16.1133807511725        17.1324794070798        16.7802718435046     
   15.6575646742053        16.9028284966152        16.5373717282706     
   15.2027603277272        16.6606488710441        16.2813131562538     
   14.7488222485442        16.4049419976500        16.0110749509291     
   14.2956217492176        16.1345806269945        15.7254991604257     
   13.8430085284626        15.8483376780793        15.4233203619027     
   13.3907660671906        15.5449204347030        15.1032237501323     
   12.9386404976432        15.2229620257051        14.7638453966775     
   12.4864045566834        14.8809128781439        14.4036450759537     
   12.0337462411107        14.5170727526972        14.0209645553306     
   11.5802464028286        14.1296622509016        13.6141278543176     
   11.1255606677037        13.7166517484091        13.1813065935109     
   10.6694101499823        13.2755561217556        12.7203411365905     
   10.2113128137227        12.8036620280805        12.2289594893755     
   9.75058758709913        12.2979917165764        11.7048108511510     
   9.28611020197340        11.7555141255607        11.1457526403310     
   8.81631490398571        11.1732255991495        10.5500469528335     
   8.33913254583876        10.5482615999950        9.91653050297216     
   7.85196114053893        9.87793790517981        9.24472060780346     
   7.35119705533213        9.16030732445467        8.53550220615087     
   6.83201665767621        8.39532334202564        7.79204754375139     
   6.28902994907254        7.58504297552207        7.01983964554504     
   5.71630698215199        6.73523758757834        6.22712192984404     
   5.10828116816104        5.85875516098194        5.42583961071877     
   4.46310702978375        4.97485836976644        4.62988290404740     
   3.78523760821999        4.10635878473351        3.85191580320444     
   3.08618745565076        3.27311080088743        3.09971871666123     
   2.38077258258063        2.48449580921701        2.37450719177488     
   1.68159027799547        1.73778528115416        1.67302595017101     
  0.996081509315556        1.02459579909738       0.991446729432458     
  0.327539854170647       0.337050505608130       0.327206086266960     
