   141.255099558152        24.4223451881476        24.4185551644018     
   137.853230832775        24.4123401004719        24.4083839608505     
   134.471861858277        24.3931968690147        24.3890466187467     
   131.117230982430        24.3645546705198        24.3601990631403     
   127.792696116640        24.3269385722009        24.3223499991360     
   124.502020359163        24.2813421003494        24.2764913254732     
   121.250165449247        24.2287393140288        24.2235996586534     
   118.042555872703        24.1701581584262        24.1646857838277     
   114.884532460103        24.1063527251940        24.1005019698039     
   111.782747642783        24.0376686607614        24.0313885840847     
   108.741612611136        23.9646480284835        23.9578779450368     
   105.763920271442        23.8882640446698        23.8809454084476     
   102.853748371975        23.8089873024622        23.8010763891455     
   100.013912721059        23.7269353859384        23.7184061928653     
   97.2459507650919        23.6422935413947        23.6331322780200     
   94.5505955406054        23.5554753751687        23.5456797495737     
   91.9294205122394        23.4668156449819        23.4563688009519     
   89.3830669380316        23.3767710557866        23.3656309243566     
   86.9116452369378        23.2860299114311        23.2741563113761     
   84.5165290879454        23.1950694253476        23.1824049668487     
   82.1981853201932        23.1042272969678        23.0907056641542     
   79.9557859191845        23.0139027804122        22.9994843612404     
   77.7886851819778        22.9243800055155        22.9090496518917     
   75.6956273019845        22.8360107812629        22.8197537345624     
   73.6754037808019        22.7489324409133        22.7317081390045     
   71.7266454696374        22.6631508494104        22.6449076731388     
   69.8475853741303        22.5787088909275        22.5594163146295     
   68.0366757994921        22.4955859905332        22.4752281006328     
   66.2924020425269        22.4137303620737        22.3922857002744     
   64.6127539518542        22.3332127752790        22.3106523861920     
   62.9959681385705        22.2539779923340        22.2302585638904     
   61.4399613796542        22.1759336322488        22.1510048409952     
   59.9421727606210        22.0991057048634        22.0729304660933     
   58.5003710623550        22.0234570905997        21.9959937633189     
   57.1123649796755        21.9489550090083        21.9201529602050     
   55.7760423214311        21.8755979077242        21.8453957540432     
   54.4890472963996        21.8034124631754        21.7717534026864     
   53.2490308866128        21.7323839692009        21.6992315181307     
   52.0538967258895        21.6624404164891        21.6277729886358     
   50.9016938829457        21.5934627122133        21.5572493035971     
   49.7903948128043        21.5253695587169        21.4875623617531     
   48.7178734161668        21.4581277920992        21.4186793999618     
   47.6820644550781        21.3917263186975        21.3506041641024     
   46.6810839877722        21.3261187592167        21.2833010107335     
   45.7131084624533        21.2612469401701        21.2167145206253     
   44.7763059195889        21.1970706219217        21.1508026424013     
   43.8689249333152        21.1335637153414        21.0855296167074     
   42.9894158978334        21.0706637958368        21.0208258592346     
   42.1363308494026        21.0082862506618        20.9566043264294     
   41.3082720232446        20.9463415232387        20.8927687213077     
   40.5038275318395        20.8847498599113        20.8292386920349     
   39.7216276120446        20.8234251975012        20.7659358955187     
   38.9603808216966        20.7622728955470        20.7027738073024     
   38.2189283096411        20.7011724948376        20.6396354081720     
   37.4961585362240        20.6399945200995        20.5763915838018     
   36.7910341996393        20.5786128164172        20.5129137814278     
   36.1025309513894        20.5169211675995        20.4490871559446     
   35.4296525110884        20.4548390418336        20.3848136827805     
   34.7714315257408        20.3923015989062        20.3200155963810     
   34.1270039541402        20.3292367904445        20.2546132998763     
   33.4955363910450        20.2655721260373        20.1885262224549     
   32.8762065223114        20.2012468728382        20.1216898342033     
   32.2682284903741        20.1362004273589        20.0540445331192     
   31.6708893174158        20.0703585287413        19.9855167996196     
   31.0835122617784        20.0036401587588        19.9160283010198     
   30.5054719059030        19.9359504397746        19.8454865146083     
   29.9362087797690        19.8671718357061        19.7737701962612     
   29.3751994463846        19.7971724515221        19.7007360780799     
   28.8219278985636        19.7258235003782        19.6262456462770     
   28.2759285183229        19.6529879036706        19.5501480111343     
   27.7367319101324        19.5785422332411        19.4723093643807     
   27.2038705329949        19.5023775043886        19.3926180718630     
   26.6769362078869        19.4243675413740        19.3109416200227     
   26.1555439921301        19.3443859053817        19.2271471604641     
   25.6393366132611        19.2623020977787        19.1411052486745     
   25.1280045900376        19.1779619876790        19.0526615487946     
   24.6212456482656        19.0911966171014        18.9616467658560     
   24.1187838831791        19.0018191923213        18.8678675293419     
   23.6203726170532        18.9096224924829        18.7711051009517     
   23.1257760996090        18.8143879813155        18.6711259609003     
   22.6347667217809        18.7158847777879        18.5676852047561     
   22.1471359922905        18.6138698883618        18.4605271791330     
   21.6626829270571        18.5080905602722        18.3493858083565     
   21.1812318368415        18.3982762387758        18.2339768457365     
   20.7026126924225        18.2841421620729        18.1140062234614     
   20.2266647899974        18.1653810627111        17.9891561921550     
   19.7532228567153        18.0416718245140        17.8590936130671     
   19.2821398603631        17.9126634955035        17.7234442519921     
   18.8132928216837        17.7779696373860        17.5817898406637     
   18.3465982531808        17.6371472247048        17.4336497276605     
   17.8819474724469        17.4897228352396        17.2785252727505     
   17.4192667439315        17.3351594756302        17.1158501695437     
   16.9584813177687        17.1728766391155        16.9450171195596     
   16.4995232897975        17.0022468416903        16.7653728655606     
   16.0423165254817        16.8225942666987        16.5762075513374     
   15.5867908427985        16.6331763491913        16.3767291967398     
   15.1328733247402        16.4331954854521        16.1660872476192     
   14.6804647598907        16.2218275459639        15.9434056642583     
   14.2294750185530        15.9981830359786        15.7077424853375     
   13.7798326019369        15.7612845572710        15.4580677730859     
   13.3315198354464        15.5100009795378        15.1931932499032     
   12.8845267815525        15.2430285227562        14.9117532080096     
   12.4388111601411        14.9589201602370        14.6122383770042     
   11.9942876358276        14.6561028236687        14.2930061109376     
   11.5508283337652        14.3328964628417        13.9522977793255     
   11.1083106079999        13.9874547557130        13.5882116359490     
   10.6666268986238        13.6176896004875        13.1986678760440     
   10.2256273774449        13.2212294392377        12.7813670018720     
   9.78512172219891        12.7953913938952        12.3338090044551     
   9.34473230861165        12.3371405850040        11.8533148051614     
   8.90381560432047        11.8431353752981        11.3370862482371     
   8.46139884704963        11.3098724548717        10.7824361543627     
   8.01619198945032        10.7335341392687        10.1868054166204     
   7.56612070420236        10.1102887610650        9.54814017383777     
   7.10804798843312        9.43701120088413        8.86574962852170     
   6.63801305524193        8.71086589902689        8.14024921624250     
   6.15051469870898        7.93034454498559        7.37422573423798     
   5.63825251204803        7.09715857264942        6.57344650227357     
   5.09219719542382        6.21871536383286        5.74811321035724     
   4.50366469802983        5.30981054954885        4.91272080284741     
   3.86781794893076        4.39300418296667        4.08429491492277     
   3.18837229502494        3.49535524742636        3.27808665834278     
   2.47907715187654        2.64019342428671        2.50283241169427     
   1.75902704252444        1.83706694762508        1.75873328045003     
   1.04437761257510        1.07936840112799        1.04057056540991     
  0.343849941876773       0.354573125704838       0.343254115508280     
