  0.1395206868E+03 -0.1149183502E-03  0.2496233770E-06 -0.3724167221E-04
  0.1360900656E+03 -0.5765943008E-04  0.4369014795E-06 -0.1119371538E-04
  0.1326893704E+03 -0.1015366040E-04  0.7610981085E-06  0.5960997768E-05
  0.1293231799E+03 -0.1037272512E-04  0.1212862550E-05  0.2645522060E-05
  0.1259946228E+03 -0.3522474313E-04  0.1793130523E-05 -0.5313969104E-05
  0.1227080200E+03 -0.4645106634E-04  0.2467628247E-05 -0.7718458436E-05
  0.1194694262E+03 -0.5907968148E-04  0.3295441794E-05 -0.8238632461E-05
  0.1162839555E+03 -0.6049868495E-04  0.4255531025E-05 -0.6389516193E-05
  0.1131569458E+03 -0.4993094614E-04  0.5323763522E-05 -0.5118947551E-05
  0.1100920533E+03 -0.2723000073E-04  0.6513978870E-05 -0.1568032494E-05
  0.1070932242E+03 -0.1021303506E-04  0.7921463331E-05  0.1902898420E-05
  0.1041639342E+03 -0.1493345194E-04  0.9607496262E-05  0.2413578256E-05
  0.1013067322E+03 -0.2200398460E-04  0.1143793155E-04  0.3563123995E-05
  0.9852236133E+02 -0.2333193751E-04  0.1322914958E-04  0.2259422804E-05
  0.9581140848E+02 -0.2422067083E-05  0.1496058046E-04  0.5871975062E-05
  0.9317468550E+02  0.2466881072E-04  0.1680146176E-04  0.1431377130E-04
  0.9061373348E+02  0.4831544975E-04  0.1898630838E-04  0.2704955872E-04
  0.8813058112E+02  0.5015720985E-04  0.2152080483E-04  0.3569934747E-04
  0.8572512422E+02  0.1812850039E-04  0.2417231003E-04  0.3589700541E-04
  0.8339599781E+02 -0.3946321881E-04  0.2694030076E-04  0.3237165707E-04
  0.8114291353E+02 -0.1031178450E-03  0.2980575449E-04  0.2295045553E-04
  0.7896515212E+02 -0.1728569550E-03  0.3265798387E-04  0.4787054220E-05
  0.7686123343E+02 -0.2387223079E-03  0.3551407206E-04 -0.1274523598E-04
  0.7482975420E+02 -0.3139634159E-03  0.3853341328E-04 -0.3240488301E-04
  0.7286965148E+02 -0.3745821833E-03  0.4165065163E-04 -0.5051454800E-04
  0.7097967125E+02 -0.3708510335E-03  0.4473641874E-04 -0.5096611370E-04
  0.6915830709E+02 -0.3144549518E-03  0.4788127521E-04 -0.3552977725E-04
  0.6740407307E+02 -0.2568738648E-03  0.5116632943E-04 -0.1909811329E-04
  0.6571484291E+02 -0.2220540179E-03  0.5455859686E-04 -0.7368652719E-05
  0.6408833968E+02 -0.2236109720E-03  0.5811837700E-04 -0.5180465004E-05
  0.6252248551E+02 -0.2488777778E-03  0.6180291460E-04 -0.9803724844E-05
  0.6101497398E+02 -0.2715404309E-03  0.6568192636E-04 -0.1272170824E-04
  0.5956392292E+02 -0.2938280887E-03  0.7001363443E-04 -0.1484420110E-04
  0.5816751604E+02 -0.3186872903E-03  0.7475283275E-04 -0.1940917209E-04
  0.5682365749E+02 -0.3271672706E-03  0.7970191757E-04 -0.1913676171E-04
  0.5552999367E+02 -0.3331187899E-03  0.8477970337E-04 -0.1803107164E-04
  0.5428407885E+02 -0.3543490300E-03  0.8982079897E-04 -0.2575995922E-04
  0.5308347954E+02 -0.3664617637E-03  0.9476521578E-04 -0.3375718297E-04
  0.5192599657E+02 -0.3554227268E-03  0.9988006393E-04 -0.3355117170E-04
  0.5080974141E+02 -0.3494884704E-03  0.1054616508E-03 -0.3277574603E-04
  0.4973289306E+02 -0.3665700378E-03  0.1116808854E-03 -0.3780677826E-04
  0.4869370202E+02 -0.3984290740E-03  0.1185311622E-03 -0.4641297726E-04
  0.4769035663E+02 -0.4286317417E-03  0.1258295394E-03 -0.5345942608E-04
  0.4672096641E+02 -0.4645877345E-03  0.1333363052E-03 -0.6131239291E-04
  0.4578352268E+02 -0.5045707718E-03  0.1408240073E-03 -0.6860992057E-04
  0.4487608835E+02 -0.5279551178E-03  0.1483852108E-03 -0.6947614579E-04
  0.4399701864E+02 -0.5423405679E-03  0.1562423470E-03 -0.6707777261E-04
  0.4314477921E+02 -0.5493489606E-03  0.1643710288E-03 -0.6409347845E-04
  0.4231787109E+02 -0.5418613015E-03  0.1725119885E-03 -0.6066623683E-04
  0.4151476017E+02 -0.5304176703E-03  0.1805991546E-03 -0.6019716983E-04
  0.4073405069E+02 -0.5121954809E-03  0.1887903180E-03 -0.5972038196E-04
  0.3997447963E+02 -0.4717166179E-03  0.1971662603E-03 -0.5370775339E-04
  0.3923484686E+02 -0.4159246939E-03  0.2058536858E-03 -0.4236377199E-04
  0.3851399309E+02 -0.3638355318E-03  0.2150930657E-03 -0.2816042421E-04
  0.3781083884E+02 -0.3258330183E-03  0.2251065440E-03 -0.1309153691E-04
  0.3712438238E+02 -0.3139505417E-03  0.2358949824E-03 -0.2575725163E-05
  0.3645364053E+02 -0.3221879254E-03  0.2472875141E-03  0.2567932044E-05
  0.3579769659E+02 -0.3345476996E-03  0.2592229785E-03  0.4411867384E-05
  0.3515570041E+02 -0.3442259324E-03  0.2717857163E-03  0.5223141272E-05
  0.3452686107E+02 -0.3488264255E-03  0.2850781603E-03  0.6717882136E-05
  0.3391041616E+02 -0.3523322281E-03  0.2991799914E-03  0.8549497459E-05
  0.3330562905E+02 -0.3578712947E-03  0.3141321950E-03  0.9869136783E-05
  0.3271178205E+02 -0.3696313177E-03  0.3298574928E-03  0.9808456830E-05
  0.3212816575E+02 -0.3956617176E-03  0.3462137010E-03  0.5546184398E-05
  0.3155409029E+02 -0.4292251536E-03  0.3631511921E-03 -0.2128498204E-05
  0.3098893198E+02 -0.4584250755E-03  0.3809398195E-03 -0.9329023454E-05
  0.3043215156E+02 -0.4966285657E-03  0.3999500863E-03 -0.1780517203E-04
  0.2988326608E+02 -0.5359594625E-03  0.4202816942E-03 -0.2517455972E-04
  0.2934182184E+02 -0.5623048250E-03  0.4419110373E-03 -0.2828379138E-04
  0.2880739375E+02 -0.5856196270E-03  0.4647898181E-03 -0.3056517139E-04
  0.2827953239E+02 -0.6111736077E-03  0.4889415140E-03 -0.3400491683E-04
  0.2775784601E+02 -0.6427434159E-03  0.5145906524E-03 -0.3936967032E-04
  0.2724198760E+02 -0.6727270125E-03  0.5419207614E-03 -0.4382122675E-04
  0.2673163593E+02 -0.6819460974E-03  0.5710446250E-03 -0.4256322713E-04
  0.2622649187E+02 -0.6693081642E-03  0.6020723441E-03 -0.3578172158E-04
  0.2572625170E+02 -0.6468529935E-03  0.6350694727E-03 -0.2615989374E-04
  0.2523061910E+02 -0.6258070464E-03  0.6702514097E-03 -0.1461042391E-04
  0.2473930498E+02 -0.6277876093E-03  0.7083466265E-03 -0.3153114125E-05
  0.2425209167E+02 -0.6702094012E-03  0.7501714942E-03  0.5507819074E-05
  0.2376880037E+02 -0.7621522474E-03  0.7960666369E-03  0.9310374402E-05
  0.2328924845E+02 -0.8970401379E-03  0.8457264592E-03  0.7895519362E-05
  0.2281320090E+02 -0.1042629936E-02  0.8984466756E-03  0.4855696116E-05
  0.2234039744E+02 -0.1176116794E-02  0.9540086608E-03  0.2422232731E-05
  0.2187057587E+02 -0.1292627634E-02  0.1012658381E-02 -0.1409853873E-05
  0.2140352148E+02 -0.1407537985E-02  0.1074999346E-02 -0.7030499176E-05
  0.2093904504E+02 -0.1525180724E-02  0.1141648256E-02 -0.1320899898E-04
  0.2047699367E+02 -0.1626881461E-02  0.1213141089E-02 -0.1856382643E-04
  0.2001720916E+02 -0.1699354923E-02  0.1289553573E-02 -0.2118823498E-04
  0.1955948858E+02 -0.1734657983E-02  0.1370646976E-02 -0.1820925635E-04
  0.1910357255E+02 -0.1723684292E-02  0.1457123619E-02 -0.6795751861E-05
  0.1864927690E+02 -0.1690659215E-02  0.1550797086E-02  0.1354894888E-04
  0.1819641987E+02 -0.1655702191E-02  0.1653244315E-02  0.4205790985E-04
  0.1774485210E+02 -0.1642264284E-02  0.1766409282E-02  0.7343911740E-04
  0.1729444653E+02 -0.1656810787E-02  0.1891376850E-02  0.1036512877E-03
  0.1684502079E+02 -0.1712108260E-02  0.2029676374E-02  0.1303718960E-03
  0.1639642458E+02 -0.1836940727E-02  0.2183982369E-02  0.1525897879E-03
  0.1594851408E+02 -0.2044057525E-02  0.2356287436E-02  0.1680971108E-03
  0.1550105690E+02 -0.2343283208E-02  0.2547182526E-02  0.1773198441E-03
  0.1505371163E+02 -0.2679904314E-02  0.2755215573E-02  0.1795528518E-03
  0.1460599163E+02 -0.3016720981E-02  0.2980267571E-02  0.1739541780E-03
  0.1415741700E+02 -0.3327572894E-02  0.3222258247E-02  0.1636953697E-03
  0.1370735809E+02 -0.3537401375E-02  0.3479318084E-02  0.1546839026E-03
  0.1325508384E+02 -0.3656162665E-02  0.3754055443E-02  0.1491376455E-03
  0.1279986340E+02 -0.3715456652E-02  0.4049410469E-02  0.1427048737E-03
  0.1234094072E+02 -0.3760322323E-02  0.4368905162E-02  0.1332186936E-03
  0.1187749818E+02 -0.3803474101E-02  0.4716742842E-02  0.1280914473E-03
  0.1140866581E+02 -0.3968385186E-02  0.5103182878E-02  0.1259612634E-03
  0.1093339037E+02 -0.4451129781E-02  0.5531116306E-02  0.1228202510E-03
  0.1045015192E+02 -0.5212105351E-02  0.5979818992E-02  0.1210041971E-03
  0.9956680785E+01 -0.5981468731E-02  0.6403247980E-02  0.1226921570E-03
  0.9449942325E+01 -0.6379173952E-02  0.6749923549E-02  0.1355326829E-03
  0.8926733242E+01 -0.6208782690E-02  0.6982789312E-02  0.1457526631E-03
  0.8383577108E+01 -0.5748276838E-02  0.7046051415E-02  0.1315417532E-03
  0.7816470352E+01 -0.5036634901E-02  0.6859227721E-02  0.1408681352E-03
  0.7221250319E+01 -0.4077094924E-02  0.6359001769E-02  0.1899504846E-03
  0.6594678922E+01 -0.2875678707E-02  0.5551506008E-02  0.2051120614E-03
  0.5935904005E+01 -0.1431442633E-02  0.4459806559E-02  0.1112155113E-03
  0.5246935858E+01 -0.2918076861E-03  0.3200738586E-02 -0.3119534837E-05
  0.4534629715E+01  0.5160042704E-03  0.2014320981E-02 -0.1036071509E-03
  0.3809992597E+01  0.6934480106E-03  0.1095757022E-02 -0.1142136924E-03
  0.3085094475E+01  0.2976741268E-03  0.5184182797E-03 -0.6383111593E-04
  0.2369762923E+01 -0.2021020379E-03  0.2194527050E-03 -0.1938603883E-04
  0.1669837057E+01 -0.3779166478E-03  0.8233571783E-04 -0.2646267822E-05
  0.9878560448E+00 -0.2877714085E-03  0.2400073106E-04 -0.2416486705E-06
  0.3246079901E+00 -0.1063816641E-03  0.3822463661E-05  0.2805747613E-07
