  0.1515747242E+03  0.3205805929E-05  0.1447250030E-07  0.5564090867E-06
  0.1478392596E+03  0.4742321491E-05  0.3852873667E-07  0.1373832852E-05
  0.1441251185E+03  0.3821950095E-05  0.7231991429E-07  0.9760247188E-06
  0.1404384592E+03  0.1828721008E-05  0.1131822393E-06  0.5811764494E-07
  0.1367860295E+03  0.1146688281E-05  0.1652238654E-06 -0.2022390855E-06
  0.1331751690E+03  0.5416648095E-06  0.2331678046E-06 -0.6021459106E-06
  0.1296124040E+03 -0.4034975361E-06  0.3186643370E-06 -0.1415718373E-05
  0.1261035755E+03  0.3848082088E-06  0.4238245489E-06 -0.1461272824E-05
  0.1226540550E+03 -0.2348275671E-06  0.5565029085E-06 -0.2065009010E-05
  0.1192687884E+03 -0.1475611102E-05  0.7226580236E-06 -0.2774442694E-05
  0.1159523386E+03 -0.4675194313E-05  0.9249259554E-06 -0.4225684541E-05
  0.1127084995E+03 -0.7415444038E-05  0.1162229291E-05 -0.5627785675E-05
  0.1095407072E+03 -0.1122865662E-04  0.1456165756E-05 -0.7714527178E-05
  0.1064517794E+03 -0.1559406776E-04  0.1836947792E-05 -0.9587249042E-05
  0.1034447784E+03 -0.2128530637E-04  0.2309439237E-05 -0.1177259775E-04
  0.1005215131E+03 -0.2506997751E-04  0.2828402433E-05 -0.1327007368E-04
  0.9768288307E+02 -0.2304880508E-04  0.3374188549E-05 -0.1223219370E-04
  0.9492944842E+02 -0.1904143037E-04  0.3930287795E-05 -0.1066411431E-04
  0.9226122249E+02 -0.1395985943E-04  0.4503890017E-05 -0.8708959009E-05
  0.8967817363E+02 -0.1224043607E-04  0.5163320701E-05 -0.8144700588E-05
  0.8718044508E+02 -0.1626750612E-04  0.5974036028E-05 -0.1004825687E-04
  0.8476778421E+02 -0.2275828789E-04  0.6908256174E-05 -0.1291604673E-04
  0.8243876816E+02 -0.2646422154E-04  0.7844345639E-05 -0.1465032940E-04
  0.8019146245E+02 -0.2910414258E-04  0.8740660210E-05 -0.1604623980E-04
  0.7802404521E+02 -0.2814576094E-04  0.9599339968E-05 -0.1598140988E-04
  0.7593476261E+02 -0.1919631925E-04  0.1054661661E-04 -0.1182968606E-04
  0.7392229723E+02 -0.7078354022E-05  0.1172602462E-04 -0.5700315518E-05
  0.7198503447E+02  0.1522805298E-05  0.1310670008E-04 -0.1198308937E-05
  0.7012072621E+02  0.5007276468E-05  0.1457716806E-04  0.6633755189E-06
  0.6832679555E+02  0.6591747783E-05  0.1610231974E-04  0.1495008761E-05
  0.6660077524E+02  0.8639532868E-05  0.1775889469E-04  0.3285140692E-05
  0.6494032167E+02  0.8631325268E-05  0.1956193179E-04  0.4785734447E-05
  0.6334284399E+02  0.1685195777E-05  0.2142112775E-04  0.2969368529E-05
  0.6180561099E+02 -0.1083102361E-04  0.2326749225E-04 -0.1868665979E-05
  0.6032596718E+02 -0.2361848383E-04  0.2510217385E-04 -0.6861515870E-05
  0.5890138677E+02 -0.3339954947E-04  0.2690728606E-04 -0.1029401569E-04
  0.5752935138E+02 -0.3716437444E-04  0.2864250998E-04 -0.1178415049E-04
  0.5620743863E+02 -0.3273459479E-04  0.3029314427E-04 -0.1129844508E-04
  0.5493325891E+02 -0.1835785572E-04  0.3191782608E-04 -0.7578443542E-05
  0.5370454561E+02 -0.8549358660E-06  0.3365810622E-04 -0.2644409735E-05
  0.5251914166E+02  0.1644728272E-04  0.3556034422E-04  0.2717116953E-05
  0.5137489555E+02  0.2964372052E-04  0.3761290516E-04  0.6690088706E-05
  0.5026969573E+02  0.3779521318E-04  0.3985792567E-04  0.8970654931E-05
  0.4920157080E+02  0.4359545551E-04  0.4231636787E-04  0.1085342675E-04
  0.4816859229E+02  0.4628521300E-04  0.4495092929E-04  0.1175193666E-04
  0.4716888708E+02  0.4789252690E-04  0.4766884651E-04  0.1200058244E-04
  0.4620059029E+02  0.4760788254E-04  0.5041910471E-04  0.1112029261E-04
  0.4526191945E+02  0.4516401658E-04  0.5325229348E-04  0.9325742372E-05
  0.4435121499E+02  0.3930552014E-04  0.5628954045E-04  0.6491546510E-05
  0.4346695130E+02  0.2936842675E-04  0.5965235852E-04  0.2500223442E-05
  0.4260768734E+02  0.1366630317E-04  0.6338582273E-04 -0.3102091251E-05
  0.4177202582E+02 -0.8031954654E-05  0.6746831659E-04 -0.1002460255E-04
  0.4095860995E+02 -0.3630649500E-04  0.7183100644E-04 -0.1867740161E-04
  0.4016611275E+02 -0.6953397104E-04  0.7630861130E-04 -0.2942015977E-04
  0.3939322602E+02 -0.1030915078E-03  0.8074873800E-04 -0.4083319797E-04
  0.3863870340E+02 -0.1349865983E-03  0.8515497963E-04 -0.5233290915E-04
  0.3790141493E+02 -0.1649047623E-03  0.8960858770E-04 -0.6365209254E-04
  0.3718031014E+02 -0.1922068578E-03  0.9419957192E-04 -0.7389417425E-04
  0.3647441742E+02 -0.2181423628E-03  0.9902646706E-04 -0.8338936347E-04
  0.3578282635E+02 -0.2420573787E-03  0.1040973882E-03 -0.9194839319E-04
  0.3510465907E+02 -0.2619735914E-03  0.1093982317E-03 -0.9857824857E-04
  0.3443909512E+02 -0.2776817398E-03  0.1149184473E-03 -0.1034796388E-03
  0.3378535011E+02 -0.2869940869E-03  0.1206282954E-03 -0.1059796889E-03
  0.3314269488E+02 -0.2911702157E-03  0.1265452988E-03 -0.1064796066E-03
  0.3251043676E+02 -0.2908173016E-03  0.1326902078E-03 -0.1049620359E-03
  0.3188792739E+02 -0.2839807159E-03  0.1390567654E-03 -0.1005291067E-03
  0.3127454484E+02 -0.2710584116E-03  0.1456511306E-03 -0.9337538455E-04
  0.3066970355E+02 -0.2551918236E-03  0.1525392717E-03 -0.8450073048E-04
  0.3007286378E+02 -0.2403135119E-03  0.1598121085E-03 -0.7554852711E-04
  0.2948352193E+02 -0.2303061889E-03  0.1675299704E-03 -0.6834645357E-04
  0.2890121016E+02 -0.2273991209E-03  0.1757206437E-03 -0.6459224534E-04
  0.2832548828E+02 -0.2293580889E-03  0.1843766436E-03 -0.6431749428E-04
  0.2775593911E+02 -0.2346791119E-03  0.1934263237E-03 -0.6665331083E-04
  0.2719214431E+02 -0.2405222073E-03  0.2028301821E-03 -0.7006683543E-04
  0.2663371416E+02 -0.2453733357E-03  0.2126679923E-03 -0.7387608498E-04
  0.2608028656E+02 -0.2496142962E-03  0.2231066404E-03 -0.7815150933E-04
  0.2553154678E+02 -0.2540554568E-03  0.2343087905E-03 -0.8330723813E-04
  0.2498720046E+02 -0.2584186623E-03  0.2463477177E-03 -0.8845420386E-04
  0.2444697619E+02 -0.2621618924E-03  0.2593226501E-03 -0.9282147297E-04
  0.2391062837E+02 -0.2615806493E-03  0.2732683438E-03 -0.9548191989E-04
  0.2337792381E+02 -0.2526446622E-03  0.2881749316E-03 -0.9472013145E-04
  0.2284863833E+02 -0.2340149891E-03  0.3041308205E-03 -0.8960157908E-04
  0.2232256472E+02 -0.2066880055E-03  0.3213037295E-03 -0.8021390796E-04
  0.2179951979E+02 -0.1773042237E-03  0.3399194249E-03 -0.6941760506E-04
  0.2127932901E+02 -0.1491697871E-03  0.3600704693E-03 -0.5941863054E-04
  0.2076182301E+02 -0.1263537596E-03  0.3820402695E-03 -0.5154852589E-04
  0.2024686236E+02 -0.1127909269E-03  0.4061666058E-03 -0.4708364351E-04
  0.1973431303E+02 -0.1085582262E-03  0.4328190171E-03 -0.4491476829E-04
  0.1922406873E+02 -0.1167228892E-03  0.4623878349E-03 -0.4561424274E-04
  0.1871602606E+02 -0.1342786078E-03  0.4951620206E-03 -0.4776955980E-04
  0.1821009322E+02 -0.1628213929E-03  0.5316389599E-03 -0.5163499624E-04
  0.1770619307E+02 -0.2022184558E-03  0.5722643043E-03 -0.5727621012E-04
  0.1720424802E+02 -0.2501212183E-03  0.6173310536E-03 -0.6423124909E-04
  0.1670418035E+02 -0.3089088295E-03  0.6671879434E-03 -0.7333294364E-04
  0.1620591726E+02 -0.3756666832E-03  0.7223387639E-03 -0.8440740508E-04
  0.1570939665E+02 -0.4471315744E-03  0.7833780667E-03 -0.9571694341E-04
  0.1521455532E+02 -0.5193870229E-03  0.8512403407E-03 -0.1039027306E-03
  0.1472136094E+02 -0.5907206087E-03  0.9273180360E-03 -0.1071448772E-03
  0.1422981375E+02 -0.6646909036E-03  0.1013411555E-02 -0.1072651598E-03
  0.1373995059E+02 -0.7479281044E-03  0.1111313851E-02 -0.1072510589E-03
  0.1325180946E+02 -0.8447355957E-03  0.1222594897E-02 -0.1072498250E-03
  0.1276541879E+02 -0.9461860627E-03  0.1348973089E-02 -0.1029053900E-03
  0.1228081611E+02 -0.1056537498E-02  0.1492892688E-02 -0.9581469729E-04
  0.1179806478E+02 -0.1192074037E-02  0.1657167553E-02 -0.9134743214E-04
  0.1131721110E+02 -0.1359463850E-02  0.1844818211E-02 -0.9030025166E-04
  0.1083830175E+02 -0.1547585925E-02  0.2059374194E-02 -0.8849813942E-04
  0.1036136489E+02 -0.1750884239E-02  0.2306221756E-02 -0.8007602106E-04
  0.9886481148E+01 -0.2010694620E-02  0.2593088845E-02 -0.6892191239E-04
  0.9413738053E+01 -0.2351863148E-02  0.2926770829E-02 -0.5604401973E-04
  0.8943141145E+01 -0.2743188019E-02  0.3313450406E-02 -0.2968718749E-04
  0.8474597517E+01 -0.3207071070E-02  0.3759340184E-02  0.6006628720E-05
  0.8007796191E+01 -0.3771676944E-02  0.4266146897E-02  0.3852609920E-04
  0.7542046547E+01 -0.4364492605E-02  0.4827406046E-02  0.7579877607E-04
  0.7076113380E+01 -0.4906327537E-02  0.5438583121E-02  0.1363777941E-03
  0.6608291072E+01 -0.5513047596E-02  0.6086127827E-02  0.1927693748E-03
  0.6135714032E+01 -0.6204692885E-02  0.6714560089E-02  0.2486295359E-03
  0.5653510602E+01 -0.6769465565E-02  0.7212924287E-02  0.2914074905E-03
  0.5154201383E+01 -0.6839366054E-02  0.7402484915E-02  0.2868956945E-03
  0.4627004305E+01 -0.5984471330E-02  0.7061392330E-02  0.2399825315E-03
  0.4058092932E+01 -0.4368906878E-02  0.6009539961E-02  0.1600406548E-03
  0.3432129594E+01 -0.2309223164E-02  0.4267018752E-02  0.8678555995E-04
  0.2738979528E+01 -0.6882958379E-03  0.2277573288E-02  0.1245597902E-04
  0.1983917581E+01 -0.3606688346E-03  0.7905055572E-03 -0.2949538513E-05
  0.1192283703E+01 -0.4576608511E-03  0.1623913276E-03 -0.1011052568E-05
  0.3948719843E+00 -0.2271132990E-03  0.1807964152E-04  0.1883362848E-07
