  0.1427930682E+03  0.1913422188E-04  0.1318561405E-06  0.9122346719E-05
  0.1392838792E+03  0.2328611062E-04  0.3037648306E-06  0.1277196907E-04
  0.1358009801E+03  0.9989299662E-05  0.6159831361E-06  0.9820153225E-05
  0.1323518243E+03 -0.2465036636E-04  0.1093346596E-05 -0.1810548205E-05
  0.1289420902E+03 -0.5994040706E-04  0.1684040382E-05 -0.1411529309E-04
  0.1255757781E+03 -0.8147325070E-04  0.2321117616E-05 -0.2191782423E-04
  0.1222564778E+03 -0.8884243674E-04  0.2975205789E-05 -0.2479212422E-04
  0.1189879941E+03 -0.8449268309E-04  0.3648323012E-05 -0.2265648441E-04
  0.1157744620E+03 -0.8120068253E-04  0.4395176087E-05 -0.2056075449E-04
  0.1126212456E+03 -0.7098262181E-04  0.5261310986E-05 -0.1513674640E-04
  0.1095332011E+03 -0.6142348182E-04  0.6265078176E-05 -0.9516560742E-05
  0.1065141913E+03 -0.5361988205E-04  0.7448982003E-05 -0.4361895794E-05
  0.1035679279E+03 -0.5623532335E-04  0.8893455695E-05 -0.1429612284E-05
  0.1006970820E+03 -0.8422741882E-04  0.1056370865E-04 -0.7673574409E-05
  0.9790290045E+02 -0.1356137995E-03  0.1225057022E-04 -0.2667385919E-04
  0.9518542601E+02 -0.1700285912E-03  0.1382382288E-04 -0.4093376013E-04
  0.9254509781E+02 -0.1850616471E-03  0.1542445430E-04 -0.4596835713E-04
  0.8998300654E+02 -0.1921835698E-03  0.1708249886E-04 -0.4945235705E-04
  0.8749965880E+02 -0.1881773704E-03  0.1874091806E-04 -0.5121762260E-04
  0.8509487921E+02 -0.1779024112E-03  0.2037583785E-04 -0.5128739972E-04
  0.8276796332E+02 -0.1611205860E-03  0.2200226100E-04 -0.4899008622E-04
  0.8051818281E+02 -0.1419118596E-03  0.2373645334E-04 -0.4620745903E-04
  0.7834514126E+02 -0.1141190769E-03  0.2569578090E-04 -0.3867141437E-04
  0.7624789328E+02 -0.8555636230E-04  0.2789089743E-04 -0.2735938470E-04
  0.7422492367E+02 -0.7855765267E-04  0.3035817404E-04 -0.2245229908E-04
  0.7227498363E+02 -0.9724066963E-04  0.3316952264E-04 -0.2681033743E-04
  0.7039670830E+02 -0.1183076456E-03  0.3607589560E-04 -0.3245383070E-04
  0.6858763211E+02 -0.1400433753E-03  0.3881021752E-04 -0.3773999220E-04
  0.6684503006E+02 -0.1746096879E-03  0.4136772523E-04 -0.4842484727E-04
  0.6516653143E+02 -0.2009642062E-03  0.4390345424E-04 -0.5564517953E-04
  0.6355021933E+02 -0.2150425873E-03  0.4668108003E-04 -0.5657914087E-04
  0.6199431241E+02 -0.2266763108E-03  0.4986199389E-04 -0.5617817563E-04
  0.6049699942E+02 -0.2346307317E-03  0.5354686305E-04 -0.5454788032E-04
  0.5905639170E+02 -0.2410503894E-03  0.5766835699E-04 -0.5188468185E-04
  0.5767015317E+02 -0.2515591575E-03  0.6186176710E-04 -0.5080546117E-04
  0.5633553950E+02 -0.2564097832E-03  0.6571827737E-04 -0.4867327352E-04
  0.5504974508E+02 -0.2604542145E-03  0.6928730194E-04 -0.4700016515E-04
  0.5381042113E+02 -0.2626971667E-03  0.7286207358E-04 -0.4397116279E-04
  0.5261544407E+02 -0.2582663274E-03  0.7659679818E-04 -0.3738849351E-04
  0.5146283134E+02 -0.2594438829E-03  0.8059721180E-04 -0.3297275953E-04
  0.5035063546E+02 -0.2721053386E-03  0.8478738435E-04 -0.3533843670E-04
  0.4927685975E+02 -0.2890798597E-03  0.8902594559E-04 -0.4310358520E-04
  0.4823951244E+02 -0.2976466084E-03  0.9317533749E-04 -0.5000934220E-04
  0.4723656965E+02 -0.2948061363E-03  0.9738830885E-04 -0.5152465856E-04
  0.4626627610E+02 -0.2908353986E-03  0.1019856583E-03 -0.4977432051E-04
  0.4532699715E+02 -0.2879777769E-03  0.1069505327E-03 -0.4669225641E-04
  0.4441706004E+02 -0.2777545047E-03  0.1120857963E-03 -0.4009028825E-04
  0.4353481567E+02 -0.2593661341E-03  0.1173250585E-03 -0.3048468769E-04
  0.4267868912E+02 -0.2431664416E-03  0.1226774959E-03 -0.2214036212E-04
  0.4184719005E+02 -0.2283680210E-03  0.1281752566E-03 -0.1532726699E-04
  0.4103893524E+02 -0.2184446948E-03  0.1338643267E-03 -0.1110036421E-04
  0.4025259381E+02 -0.2125741814E-03  0.1397702596E-03 -0.9258260016E-05
  0.3948691410E+02 -0.2075127530E-03  0.1459293347E-03 -0.8589329452E-05
  0.3874070760E+02 -0.1980398242E-03  0.1523237069E-03 -0.7181729973E-05
  0.3801283256E+02 -0.1850411121E-03  0.1589465043E-03 -0.5002895246E-05
  0.3730219665E+02 -0.1670358757E-03  0.1657378853E-03 -0.1465837532E-05
  0.3660774629E+02 -0.1468252397E-03  0.1726618570E-03  0.2882938791E-05
  0.3592846454E+02 -0.1279370684E-03  0.1797847739E-03  0.7591650565E-05
  0.3526341471E+02 -0.1095599768E-03  0.1871324609E-03  0.1376909709E-04
  0.3461166347E+02 -0.9649484045E-04  0.1947600217E-03  0.2056128346E-04
  0.3397236893E+02 -0.9731194637E-04  0.2028117784E-03  0.2506464612E-04
  0.3334473805E+02 -0.1136409137E-03  0.2113307855E-03  0.2583062409E-04
  0.3272805480E+02 -0.1447556883E-03  0.2204788913E-03  0.2181538869E-04
  0.3212169559E+02 -0.1907080796E-03  0.2303333948E-03  0.1235340151E-04
  0.3152505214E+02 -0.2442060367E-03  0.2409062624E-03 -0.1476239221E-06
  0.3093757550E+02 -0.2975399053E-03  0.2523701418E-03 -0.1229574228E-04
  0.3035875814E+02 -0.3453957260E-03  0.2647853753E-03 -0.2136887131E-04
  0.2978812040E+02 -0.3873969126E-03  0.2781321574E-03 -0.2770160608E-04
  0.2922520142E+02 -0.4275413524E-03  0.2924186267E-03 -0.3322715899E-04
  0.2866957362E+02 -0.4690010712E-03  0.3075713235E-03 -0.4051130548E-04
  0.2812080155E+02 -0.5069432585E-03  0.3234255933E-03 -0.4925077034E-04
  0.2757845478E+02 -0.5382588233E-03  0.3399272030E-03 -0.5798985098E-04
  0.2704211992E+02 -0.5574273313E-03  0.3572329303E-03 -0.6432470056E-04
  0.2651143518E+02 -0.5719717127E-03  0.3756527397E-03 -0.6882961633E-04
  0.2598605353E+02 -0.5877466532E-03  0.3954282109E-03 -0.7308409193E-04
  0.2546565604E+02 -0.6084411258E-03  0.4167598539E-03 -0.7701306867E-04
  0.2494993048E+02 -0.6300371679E-03  0.4395826397E-03 -0.7944054980E-04
  0.2443856450E+02 -0.6453306527E-03  0.4638219202E-03 -0.7859073202E-04
  0.2393126631E+02 -0.6503436163E-03  0.4894962600E-03 -0.7427957183E-04
  0.2342774479E+02 -0.6480460160E-03  0.5167289804E-03 -0.6646012041E-04
  0.2292774880E+02 -0.6493424816E-03  0.5459837040E-03 -0.5910115814E-04
  0.2243108877E+02 -0.6653496140E-03  0.5776355905E-03 -0.5764679626E-04
  0.2193759612E+02 -0.6951763583E-03  0.6115966021E-03 -0.6433823715E-04
  0.2144708244E+02 -0.7199743160E-03  0.6475743370E-03 -0.7503613074E-04
  0.2095936207E+02 -0.7215623601E-03  0.6856650617E-03 -0.8353634796E-04
  0.2047427946E+02 -0.6942959377E-03  0.7263805747E-03 -0.8637985419E-04
  0.1999170596E+02 -0.6417851799E-03  0.7704064177E-03 -0.8276984794E-04
  0.1951152986E+02 -0.5735225897E-03  0.8186404830E-03 -0.7319485299E-04
  0.1903365317E+02 -0.5109373230E-03  0.8721610536E-03 -0.5998010279E-04
  0.1855799591E+02 -0.4759315359E-03  0.9319241520E-03 -0.4673293754E-04
  0.1808448510E+02 -0.4701485999E-03  0.9983233131E-03 -0.3624010493E-04
  0.1761303398E+02 -0.4820657561E-03  0.1071164173E-02 -0.2894471743E-04
  0.1714352159E+02 -0.5210703728E-03  0.1150929569E-02 -0.2638447092E-04
  0.1667584894E+02 -0.5775960749E-03  0.1238338115E-02 -0.2527381583E-04
  0.1620992728E+02 -0.6558708951E-03  0.1334226814E-02 -0.2675607544E-04
  0.1574567610E+02 -0.7654120897E-03  0.1439597438E-02 -0.3338064997E-04
  0.1528301676E+02 -0.8886109356E-03  0.1554934793E-02 -0.4205177379E-04
  0.1482183297E+02 -0.9916933164E-03  0.1680432160E-02 -0.4617531978E-04
  0.1436194487E+02 -0.1056959684E-02  0.1817827215E-02 -0.3878700984E-04
  0.1390322723E+02 -0.1119802445E-02  0.1971506075E-02 -0.2059945995E-04
  0.1344563501E+02 -0.1182249399E-02  0.2145347615E-02  0.6448252499E-05
  0.1298913820E+02 -0.1250414227E-02  0.2342789892E-02  0.3718574925E-04
  0.1253368612E+02 -0.1343851301E-02  0.2566596647E-02  0.6823974702E-04
  0.1207914921E+02 -0.1470500665E-02  0.2820771384E-02  0.1039795692E-03
  0.1162539695E+02 -0.1675742410E-02  0.3112200865E-02  0.1483438480E-03
  0.1117231965E+02 -0.2050274487E-02  0.3447044972E-02  0.1987156634E-03
  0.1071963742E+02 -0.2616816691E-02  0.3827604494E-02  0.2429941961E-03
  0.1026695240E+02 -0.3374392647E-02  0.4258771503E-02  0.2780803098E-03
  0.9813786078E+01 -0.4312168599E-02  0.4743029972E-02  0.3067559905E-03
  0.9359279980E+01 -0.5297922274E-02  0.5267025791E-02  0.3313347582E-03
  0.8901966851E+01 -0.6166322327E-02  0.5811929605E-02  0.3412460654E-03
  0.8439916361E+01 -0.6850000203E-02  0.6354372728E-02  0.3182891885E-03
  0.7970457007E+01 -0.7265881143E-02  0.6849958315E-02  0.2786122359E-03
  0.7490005552E+01 -0.7262354352E-02  0.7242957470E-02  0.2462492866E-03
  0.6993915022E+01 -0.6915529071E-02  0.7453276107E-02  0.2197754681E-03
  0.6475862087E+01 -0.6172199243E-02  0.7359577255E-02  0.1800117040E-03
  0.5927749633E+01 -0.4961690567E-02  0.6816697904E-02  0.1167320384E-03
  0.5340423426E+01 -0.3381510025E-02  0.5751987780E-02  0.8781904364E-04
  0.4706213421E+01 -0.1591421497E-02  0.4255711143E-02  0.2568529308E-04
  0.4023248034E+01 -0.3262288072E-03  0.2614809882E-02 -0.2578705260E-04
  0.3300277107E+01 -0.1055154463E-03  0.1287253172E-02 -0.2170570161E-04
  0.2555583741E+01 -0.2925287925E-03  0.5085365212E-03 -0.1845489470E-04
  0.1808592195E+01 -0.4049931833E-03  0.1651426106E-03 -0.1447310152E-04
  0.1072355955E+01 -0.3528873349E-03  0.4212279598E-04 -0.5585803043E-05
  0.3528096031E+00 -0.1250083637E-03  0.6182311892E-05 -0.1238659576E-05
