 0.31423611111E+01 0.17320793343E-02 0.14831470918E+02 0.10521417121E+01 0.10570896578E+01 0.98906185000E+00 0.10016959788E+01-0.38065026465E-02 0.15495310455E+01
 0.31597222222E+01 0.17421058682E-02 0.14832433063E+02 0.10522149147E+01 0.10571593955E+01 0.98899803558E+00 0.10017055842E+01-0.38058374634E-02 0.15498903719E+01
 0.31770833333E+01 0.17522334840E-02 0.14833390834E+02 0.10522878822E+01 0.10572289650E+01 0.98893357198E+00 0.10017152840E+01-0.38050322815E-02 0.15502179909E+01
 0.31944444444E+01 0.17623610826E-02 0.14834347415E+02 0.10523607152E+01 0.10572982753E+01 0.98886910262E+00 0.10017249812E+01-0.38041902983E-02 0.15505370179E+01
 0.32118055556E+01 0.17723198786E-02 0.14835308908E+02 0.10524334153E+01 0.10573673350E+01 0.98880570207E+00 0.10017345143E+01-0.38033761114E-02 0.15508617229E+01
 0.32291666667E+01 0.17821115786E-02 0.14836273260E+02 0.10525060954E+01 0.10574362943E+01 0.98874335976E+00 0.10017438851E+01-0.38024973586E-02 0.15511731431E+01
 0.32465277778E+01 0.17919558696E-02 0.14837234127E+02 0.10525788303E+01 0.10575052619E+01 0.98868067708E+00 0.10017533039E+01-0.38015237841E-02 0.15514642009E+01
 0.32638888889E+01 0.18018356001E-02 0.14838194645E+02 0.10526515692E+01 0.10575742925E+01 0.98861776315E+00 0.10017627542E+01-0.38005649962E-02 0.15517569161E+01
 0.32812500000E+01 0.18117830557E-02 0.14839148042E+02 0.10527240669E+01 0.10576430232E+01 0.98855441230E+00 0.10017722668E+01-0.37998797142E-02 0.15521021631E+01
 0.32986111111E+01 0.18218697967E-02 0.14840095834E+02 0.10527963080E+01 0.10577112756E+01 0.98849016861E+00 0.10017819102E+01-0.37995489354E-02 0.15525172171E+01
 0.33159722222E+01 0.18320030193E-02 0.14841044917E+02 0.10528684023E+01 0.10577792707E+01 0.98842562300E+00 0.10017915955E+01-0.37991135722E-02 0.15529101578E+01
 0.33333333333E+01 0.18420149083E-02 0.14842013714E+02 0.10529404704E+01 0.10578471801E+01 0.98836184447E+00 0.10018011624E+01-0.37980921730E-02 0.15531856865E+01
 0.33506944444E+01 0.18518437617E-02 0.14842996287E+02 0.10530126075E+01 0.10579151031E+01 0.98829922634E+00 0.10018105520E+01-0.37965692057E-02 0.15533604095E+01
 0.33680555556E+01 0.18616589519E-02 0.14843967210E+02 0.10530847706E+01 0.10579830133E+01 0.98823668972E+00 0.10018199261E+01-0.37951275939E-02 0.15535494932E+01
 0.33854166667E+01 0.18716250477E-02 0.14844922738E+02 0.10531567938E+01 0.10580507637E+01 0.98817318597E+00 0.10018294420E+01-0.37942793185E-02 0.15538557350E+01
 0.34027777778E+01 0.18817532977E-02 0.14845863488E+02 0.10532286316E+01 0.10581182629E+01 0.98810864314E+00 0.10018391103E+01-0.37939575236E-02 0.15542658314E+01
 0.34201388889E+01 0.18919662713E-02 0.14846805036E+02 0.10533003951E+01 0.10581856132E+01 0.98804355444E+00 0.10018488568E+01-0.37936145238E-02 0.15546709405E+01
 0.34375000000E+01 0.19019829336E-02 0.14847767908E+02 0.10533722567E+01 0.10582530434E+01 0.98797971105E+00 0.10018584136E+01-0.37928137406E-02 0.15549852764E+01
 0.34548611111E+01 0.19117523113E-02 0.14848745833E+02 0.10534444210E+01 0.10583208136E+01 0.98791743824E+00 0.10018677320E+01-0.37915466404E-02 0.15552069454E+01
 0.34722222222E+01 0.19214848989E-02 0.14849723453E+02 0.10535168902E+01 0.10583890191E+01 0.98785539449E+00 0.10018770130E+01-0.37900870184E-02 0.15553892514E+01
 0.34895833333E+01 0.19313052109E-02 0.14850698091E+02 0.10535896492E+01 0.10584575786E+01 0.98779278600E+00 0.10018863753E+01-0.37887339265E-02 0.15555930789E+01
 0.35069444444E+01 0.19411832055E-02 0.14851669611E+02 0.10536622533E+01 0.10585261215E+01 0.98772980418E+00 0.10018957903E+01-0.37877344587E-02 0.15558656557E+01
 0.35243055556E+01 0.19513427052E-02 0.14852617657E+02 0.10537344302E+01 0.10585942879E+01 0.98766502164E+00 0.10019054710E+01-0.37870479107E-02 0.15561952515E+01
 0.35416666667E+01 0.19617535945E-02 0.14853559391E+02 0.10538065241E+01 0.10586622039E+01 0.98759862996E+00 0.10019153887E+01-0.37863665544E-02 0.15565242311E+01
 0.35590277778E+01 0.19720781434E-02 0.14854506592E+02 0.10538790756E+01 0.10587304587E+01 0.98753278274E+00 0.10019252215E+01-0.37855764130E-02 0.15568346189E+01
 0.35763888889E+01 0.19820639952E-02 0.14855468937E+02 0.10539522454E+01 0.10587995078E+01 0.98746908981E+00 0.10019347293E+01-0.37845993336E-02 0.15571119682E+01
 0.35937500000E+01 0.19916812805E-02 0.14856453387E+02 0.10540256203E+01 0.10588691026E+01 0.98740774231E+00 0.10019438838E+01-0.37832510639E-02 0.15573158594E+01
 0.36111111111E+01 0.20011476597E-02 0.14857453091E+02 0.10540988482E+01 0.10589386447E+01 0.98734735222E+00 0.10019528925E+01-0.37817381863E-02 0.15574856254E+01
 0.36284722222E+01 0.20107744908E-02 0.14858432144E+02 0.10541719920E+01 0.10590079453E+01 0.98728593327E+00 0.10019620516E+01-0.37804939986E-02 0.15577064678E+01
 0.36458333333E+01 0.20208069911E-02 0.14859384052E+02 0.10542452494E+01 0.10590771718E+01 0.98722192049E+00 0.10019715943E+01-0.37795712871E-02 0.15579893410E+01
 0.36631944444E+01 0.20311888678E-02 0.14860331053E+02 0.10543188658E+01 0.10591466124E+01 0.98715567241E+00 0.10019814667E+01-0.37787574595E-02 0.15582948337E+01
 0.36805555556E+01 0.20417234809E-02 0.14861273171E+02 0.10543927229E+01 0.10592162610E+01 0.98708844337E+00 0.10019914816E+01-0.37777628659E-02 0.15585638566E+01
 0.36979166667E+01 0.20520716488E-02 0.14862235244E+02 0.10544668036E+01 0.10592861258E+01 0.98702239796E+00 0.10020013166E+01-0.37764562541E-02 0.15587731903E+01
 0.37152777778E+01 0.20619521678E-02 0.14863212198E+02 0.10545412561E+01 0.10593562458E+01 0.98695933150E+00 0.10020107048E+01-0.37750524119E-02 0.15589680133E+01
 0.37326388889E+01 0.20714786567E-02 0.14864189457E+02 0.10546160758E+01 0.10594265839E+01 0.98689851947E+00 0.10020197542E+01-0.37738000484E-02 0.15591967670E+01
 0.37500000000E+01 0.20810027244E-02 0.14865167077E+02 0.10546909039E+01 0.10594968294E+01 0.98683771767E+00 0.10020287992E+01-0.37727065301E-02 0.15594574430E+01
