 0.21267361111E+02 0.12300218051E-01 0.15988234443E+02 0.11335945286E+01 0.11367428468E+01 0.91850643121E+00 0.10103990980E+01-0.26004683755E-02 0.15863296119E+01
 0.21284722222E+02 0.12310543704E-01 0.15989517302E+02 0.11336619807E+01 0.11368104267E+01 0.91843422764E+00 0.10104061680E+01-0.26003594025E-02 0.15865097676E+01
 0.21302083333E+02 0.12319848850E-01 0.15990838699E+02 0.11337287613E+01 0.11368769836E+01 0.91836915469E+00 0.10104125368E+01-0.26000523586E-02 0.15866374573E+01
 0.21319444444E+02 0.12328695523E-01 0.15992188587E+02 0.11337964013E+01 0.11369440268E+01 0.91830728319E+00 0.10104185897E+01-0.25994209677E-02 0.15866730484E+01
 0.21336805556E+02 0.12337559183E-01 0.15993503569E+02 0.11338657051E+01 0.11370125380E+01 0.91824528822E+00 0.10104246521E+01-0.25982907649E-02 0.15865566064E+01
 0.21354166667E+02 0.12346679199E-01 0.15994832278E+02 0.11339362247E+01 0.11370822508E+01 0.91818149536E+00 0.10104308876E+01-0.25970884614E-02 0.15864177708E+01
 0.21371527778E+02 0.12356831440E-01 0.15996102526E+02 0.11340066011E+01 0.11371518963E+01 0.91811047648E+00 0.10104378263E+01-0.25964715578E-02 0.15864441130E+01
 0.21388888889E+02 0.12368261427E-01 0.15997324968E+02 0.11340759493E+01 0.11372205867E+01 0.91803051194E+00 0.10104456350E+01-0.25963782602E-02 0.15866176864E+01
 0.21406250000E+02 0.12380194802E-01 0.15998508639E+02 0.11341446743E+01 0.11372884845E+01 0.91794701743E+00 0.10104537839E+01-0.25963494340E-02 0.15868068684E+01
 0.21423611111E+02 0.12391603280E-01 0.15999744435E+02 0.11342138287E+01 0.11373564801E+01 0.91786718758E+00 0.10104615708E+01-0.25959209874E-02 0.15868851308E+01
 0.21440972222E+02 0.12402137420E-01 0.16001028562E+02 0.11342840968E+01 0.11374253438E+01 0.91779346899E+00 0.10104687578E+01-0.25950553989E-02 0.15868430763E+01
 0.21458333333E+02 0.12411780411E-01 0.16002381061E+02 0.11343555100E+01 0.11374952681E+01 0.91772598095E+00 0.10104753342E+01-0.25939124058E-02 0.15867289829E+01
 0.21475694444E+02 0.12421025878E-01 0.16003717323E+02 0.11344273184E+01 0.11375656227E+01 0.91766126986E+00 0.10104816372E+01-0.25932757002E-02 0.15867697766E+01
 0.21493055556E+02 0.12430259970E-01 0.16005004283E+02 0.11344981261E+01 0.11376351695E+01 0.91759663335E+00 0.10104879302E+01-0.25935525260E-02 0.15870833332E+01
 0.21510416667E+02 0.12439301639E-01 0.16006317040E+02 0.11345670033E+01 0.11377031367E+01 0.91753333885E+00 0.10104940898E+01-0.25937346246E-02 0.15873656021E+01
 0.21527777778E+02 0.12448484088E-01 0.16007686553E+02 0.11346349385E+01 0.11377703398E+01 0.91746905389E+00 0.10105003431E+01-0.25927373102E-02 0.15872853314E+01
 0.21545138889E+02 0.12458801160E-01 0.16009005213E+02 0.11347039252E+01 0.11378384845E+01 0.91739681965E+00 0.10105073664E+01-0.25908120023E-02 0.15869109652E+01
 0.21562500000E+02 0.12470326247E-01 0.16010184606E+02 0.11347749621E+01 0.11379084842E+01 0.91731612011E+00 0.10105152087E+01-0.25891480996E-02 0.15866023096E+01
 0.21579861111E+02 0.12482491068E-01 0.16011313903E+02 0.11348463595E+01 0.11379789393E+01 0.91723093258E+00 0.10105234825E+01-0.25889064806E-02 0.15867247319E+01
 0.21597222222E+02 0.12493962847E-01 0.16012499366E+02 0.11349155626E+01 0.11380475808E+01 0.91715059024E+00 0.10105312813E+01-0.25901974832E-02 0.15873218420E+01
 0.21614583333E+02 0.12504321195E-01 0.16013741554E+02 0.11349821950E+01 0.11381140486E+01 0.91707803910E+00 0.10105383202E+01-0.25917929072E-02 0.15880177523E+01
 0.21631944444E+02 0.12513610028E-01 0.16015102005E+02 0.11350479372E+01 0.11381797662E+01 0.91701297356E+00 0.10105446298E+01-0.25918767080E-02 0.15882666181E+01
 0.21649305556E+02 0.12521856976E-01 0.16016600274E+02 0.11351152345E+01 0.11382469587E+01 0.91695520184E+00 0.10105502298E+01-0.25895981891E-02 0.15878118364E+01
 0.21666666667E+02 0.12530001480E-01 0.16018103224E+02 0.11351853930E+01 0.11383168533E+01 0.91689814382E+00 0.10105557585E+01-0.25862497290E-02 0.15870321942E+01
 0.21684027778E+02 0.12539105335E-01 0.16019489515E+02 0.11352570877E+01 0.11383882788E+01 0.91683436021E+00 0.10105619363E+01-0.25839689056E-02 0.15865631042E+01
 0.21701388889E+02 0.12549783822E-01 0.16020658875E+02 0.11353277721E+01 0.11384588371E+01 0.91675953813E+00 0.10105691799E+01-0.25840302834E-02 0.15867782904E+01
 0.21718750000E+02 0.12562295806E-01 0.16021656390E+02 0.11353961274E+01 0.11385272469E+01 0.91667186051E+00 0.10105776633E+01-0.25861343889E-02 0.15875910542E+01
 0.21736111111E+02 0.12575348445E-01 0.16022684922E+02 0.11354631779E+01 0.11385943536E+01 0.91658038438E+00 0.10105865088E+01-0.25885307121E-02 0.15884963074E+01
 0.21753472222E+02 0.12587133142E-01 0.16023905431E+02 0.11355309398E+01 0.11386619063E+01 0.91649778565E+00 0.10105944913E+01-0.25889179474E-02 0.15888169990E+01
 0.21770833333E+02 0.12596873166E-01 0.16025373480E+02 0.11356011267E+01 0.11387316350E+01 0.91642951179E+00 0.10106010859E+01-0.25865318230E-02 0.15883271906E+01
 0.21788194444E+02 0.12605087855E-01 0.16026910323E+02 0.11356738500E+01 0.11388039043E+01 0.91637192559E+00 0.10106066459E+01-0.25830770316E-02 0.15875264709E+01
 0.21805555556E+02 0.12612791062E-01 0.16028412097E+02 0.11357472827E+01 0.11388771277E+01 0.91631792133E+00 0.10106118580E+01-0.25807207379E-02 0.15870585935E+01
 0.21822916667E+02 0.12621185239E-01 0.16029748282E+02 0.11358192353E+01 0.11389490811E+01 0.91625906894E+00 0.10106175359E+01-0.25802013922E-02 0.15871278292E+01
 0.21840277778E+02 0.12631269693E-01 0.16030920827E+02 0.11358895040E+01 0.11390192064E+01 0.91618836035E+00 0.10106243545E+01-0.25812121807E-02 0.15876380006E+01
 0.21857638889E+02 0.12643104706E-01 0.16032030961E+02 0.11359590661E+01 0.11390882142E+01 0.91610536980E+00 0.10106323535E+01-0.25827625807E-02 0.15883006208E+01
 0.21875000000E+02 0.12655603129E-01 0.16033164559E+02 0.11360296082E+01 0.11391578439E+01 0.91601771822E+00 0.10106407967E+01-0.25833189172E-02 0.15886624880E+01
