 0.11267361111E+02 0.64271756170E-02 0.15308799779E+02 0.10905060952E+01 0.10945598878E+01 0.95853884068E+00 0.10059193845E+01-0.30909311864E-02 0.15743620178E+01
 0.11284722222E+02 0.64380897046E-02 0.15309827738E+02 0.10905776292E+01 0.10946312960E+01 0.95846636885E+00 0.10059285490E+01-0.30897778632E-02 0.15743379390E+01
 0.11302083333E+02 0.64488584878E-02 0.15310864453E+02 0.10906488033E+01 0.10947023207E+01 0.95839485487E+00 0.10059375885E+01-0.30889167755E-02 0.15743899091E+01
 0.11319444444E+02 0.64591040059E-02 0.15311954773E+02 0.10907195636E+01 0.10947728696E+01 0.95832680937E+00 0.10059461860E+01-0.30882119460E-02 0.15744882115E+01
 0.11336805556E+02 0.64689872729E-02 0.15313074551E+02 0.10907900731E+01 0.10948431707E+01 0.95826116380E+00 0.10059544769E+01-0.30872996737E-02 0.15745373822E+01
 0.11354166667E+02 0.64785692405E-02 0.15314219745E+02 0.10908602622E+01 0.10949133671E+01 0.95819751391E+00 0.10059625127E+01-0.30861058416E-02 0.15745162901E+01
 0.11371527778E+02 0.64881237113E-02 0.15315346032E+02 0.10909297459E+01 0.10949831041E+01 0.95813404120E+00 0.10059705230E+01-0.30846469083E-02 0.15744213437E+01
 0.11388888889E+02 0.64980715110E-02 0.15316443121E+02 0.10909982235E+01 0.10950519155E+01 0.95806794970E+00 0.10059788606E+01-0.30832987632E-02 0.15743452653E+01
 0.11406250000E+02 0.65085531528E-02 0.15317497155E+02 0.10910655958E+01 0.10951194751E+01 0.95799830504E+00 0.10059876429E+01-0.30826839641E-02 0.15744463479E+01
 0.11423611111E+02 0.65194119577E-02 0.15318540223E+02 0.10911323833E+01 0.10951862056E+01 0.95792614742E+00 0.10059967381E+01-0.30823775280E-02 0.15746229807E+01
 0.11440972222E+02 0.65302885179E-02 0.15319602473E+02 0.10911995065E+01 0.10952532009E+01 0.95785386474E+00 0.10060058452E+01-0.30816057289E-02 0.15746847099E+01
 0.11458333333E+02 0.65407704427E-02 0.15320678318E+02 0.10912675519E+01 0.10953212406E+01 0.95778419802E+00 0.10060146190E+01-0.30805809857E-02 0.15746887662E+01
 0.11475694444E+02 0.65504559307E-02 0.15321788600E+02 0.10913360212E+01 0.10953899184E+01 0.95771981888E+00 0.10060227236E+01-0.30793685409E-02 0.15746522320E+01
 0.11493055556E+02 0.65596719313E-02 0.15322914945E+02 0.10914036538E+01 0.10954579954E+01 0.95765855520E+00 0.10060304331E+01-0.30777992159E-02 0.15745231421E+01
 0.11510416667E+02 0.65690446013E-02 0.15324039151E+02 0.10914698562E+01 0.10955246258E+01 0.95759624486E+00 0.10060382713E+01-0.30765499864E-02 0.15744687988E+01
 0.11527777778E+02 0.65790014231E-02 0.15325127895E+02 0.10915350701E+01 0.10955899634E+01 0.95753004528E+00 0.10060465957E+01-0.30758706682E-02 0.15745512646E+01
 0.11545138889E+02 0.65895483348E-02 0.15326210574E+02 0.10916005840E+01 0.10956552574E+01 0.95745991595E+00 0.10060554105E+01-0.30751800017E-02 0.15746298987E+01
 0.11562500000E+02 0.66003177488E-02 0.15327291478E+02 0.10916674944E+01 0.10957217341E+01 0.95738830029E+00 0.10060644084E+01-0.30743878094E-02 0.15746860995E+01
 0.11579861111E+02 0.66112651746E-02 0.15328365345E+02 0.10917354391E+01 0.10957893532E+01 0.95731549378E+00 0.10060735518E+01-0.30735216202E-02 0.15747254393E+01
 0.11597222222E+02 0.66219866595E-02 0.15329449238E+02 0.10918030220E+01 0.10958569327E+01 0.95724418298E+00 0.10060825036E+01-0.30723528812E-02 0.15746880357E+01
 0.11614583333E+02 0.66321480953E-02 0.15330539704E+02 0.10918694973E+01 0.10959235438E+01 0.95717659086E+00 0.10060909850E+01-0.30710853674E-02 0.15746246755E+01
 0.11631944444E+02 0.66417954417E-02 0.15331622487E+02 0.10919355077E+01 0.10959894718E+01 0.95711241269E+00 0.10060990349E+01-0.30700572406E-02 0.15746228175E+01
 0.11649305556E+02 0.66513312706E-02 0.15332718990E+02 0.10920016327E+01 0.10960552668E+01 0.95704897093E+00 0.10061069893E+01-0.30691459154E-02 0.15746532126E+01
 0.11666666667E+02 0.66609588090E-02 0.15333845139E+02 0.10920680176E+01 0.10961213452E+01 0.95698491353E+00 0.10061150179E+01-0.30681317199E-02 0.15746604972E+01
 0.11684027778E+02 0.66705662236E-02 0.15334970838E+02 0.10921348414E+01 0.10961879310E+01 0.95692098452E+00 0.10061230272E+01-0.30670500266E-02 0.15746503320E+01
 0.11701388889E+02 0.66805205607E-02 0.15336059058E+02 0.10922022679E+01 0.10962550844E+01 0.95685474123E+00 0.10061313233E+01-0.30660197936E-02 0.15746487770E+01
 0.11718750000E+02 0.66910751612E-02 0.15337143570E+02 0.10922699055E+01 0.10963223776E+01 0.95678449691E+00 0.10061401168E+01-0.30650887945E-02 0.15746696536E+01
 0.11736111111E+02 0.67021276972E-02 0.15338217570E+02 0.10923375509E+01 0.10963897502E+01 0.95671093154E+00 0.10061493220E+01-0.30642256619E-02 0.15747049523E+01
 0.11753472222E+02 0.67131873207E-02 0.15339280905E+02 0.10924049793E+01 0.10964570971E+01 0.95663731170E+00 0.10061585300E+01-0.30632443634E-02 0.15747085372E+01
 0.11770833333E+02 0.67238225850E-02 0.15340370083E+02 0.10924722438E+01 0.10965243048E+01 0.95656650977E+00 0.10061673817E+01-0.30620932953E-02 0.15746731947E+01
 0.11788194444E+02 0.67338306104E-02 0.15341488904E+02 0.10925395739E+01 0.10965913619E+01 0.95649987739E+00 0.10061757087E+01-0.30608672159E-02 0.15746255940E+01
 0.11805555556E+02 0.67432585832E-02 0.15342621773E+02 0.10926073331E+01 0.10966586143E+01 0.95643710146E+00 0.10061835507E+01-0.30596986408E-02 0.15745981863E+01
 0.11822916667E+02 0.67524439048E-02 0.15343731552E+02 0.10926756183E+01 0.10967262803E+01 0.95637593611E+00 0.10061911886E+01-0.30587373621E-02 0.15746233529E+01
 0.11840277778E+02 0.67618765796E-02 0.15344815967E+02 0.10927442598E+01 0.10967943296E+01 0.95631311838E+00 0.10061990299E+01-0.30578998276E-02 0.15746767150E+01
 0.11857638889E+02 0.67716765797E-02 0.15345904450E+02 0.10928126079E+01 0.10968622459E+01 0.95624784878E+00 0.10062071741E+01-0.30569795349E-02 0.15747048488E+01
 0.11875000000E+02 0.67820633294E-02 0.15346981291E+02 0.10928803363E+01 0.10969296503E+01 0.95617866506E+00 0.10062158032E+01-0.30559323026E-02 0.15746933807E+01
