 0.27517361111E+02 0.16011213800E-01 0.16472364594E+02 0.11640424205E+01 0.11667509445E+01 0.89215581242E+00 0.10127572517E+01-0.24065763138E-02 0.16106901606E+01
 0.27534722222E+02 0.16022068460E-01 0.16473808134E+02 0.11641289413E+01 0.11668360769E+01 0.89207758095E+00 0.10127636139E+01-0.24060009835E-02 0.16107351351E+01
 0.27552083333E+02 0.16031817390E-01 0.16475336006E+02 0.11642158504E+01 0.11669215756E+01 0.89200731304E+00 0.10127693255E+01-0.24051314201E-02 0.16106943172E+01
 0.27569444444E+02 0.16041336777E-01 0.16476832632E+02 0.11643027991E+01 0.11670071317E+01 0.89193869447E+00 0.10127749001E+01-0.24043914189E-02 0.16106943393E+01
 0.27586805556E+02 0.16050863937E-01 0.16478283995E+02 0.11643891409E+01 0.11670921501E+01 0.89187001478E+00 0.10127804769E+01-0.24039170269E-02 0.16107772157E+01
 0.27604166667E+02 0.16060573809E-01 0.16479726198E+02 0.11644749444E+01 0.11671767559E+01 0.89180001271E+00 0.10127861582E+01-0.24035526993E-02 0.16108911902E+01
 0.27621527778E+02 0.16070980339E-01 0.16481119605E+02 0.11645605586E+01 0.11672613220E+01 0.89172498231E+00 0.10127922444E+01-0.24032294583E-02 0.16110100107E+01
 0.27638888889E+02 0.16081668571E-01 0.16482524841E+02 0.11646461731E+01 0.11673459837E+01 0.89164791453E+00 0.10127984925E+01-0.24028822906E-02 0.16111200745E+01
 0.27656250000E+02 0.16092547752E-01 0.16483887686E+02 0.11647320984E+01 0.11674309260E+01 0.89156946333E+00 0.10128048490E+01-0.24024490210E-02 0.16111956967E+01
 0.27673611111E+02 0.16103800362E-01 0.16485243357E+02 0.11648184811E+01 0.11675162592E+01 0.89148831233E+00 0.10128114205E+01-0.24020636240E-02 0.16112873776E+01
 0.27690972222E+02 0.16114780401E-01 0.16486646220E+02 0.11649050113E+01 0.11676016912E+01 0.89140912021E+00 0.10128178296E+01-0.24019506845E-02 0.16114778835E+01
 0.27708333333E+02 0.16125329910E-01 0.16488075587E+02 0.11649916150E+01 0.11676871177E+01 0.89133302689E+00 0.10128239845E+01-0.24018451224E-02 0.16116765258E+01
 0.27725694444E+02 0.16135552434E-01 0.16489556786E+02 0.11650786593E+01 0.11677729213E+01 0.89125928618E+00 0.10128299457E+01-0.24012967515E-02 0.16117347771E+01
 0.27743055556E+02 0.16145302349E-01 0.16491021391E+02 0.11651667990E+01 0.11678597435E+01 0.89118894921E+00 0.10128356289E+01-0.24004227111E-02 0.16116874872E+01
 0.27760416667E+02 0.16154576849E-01 0.16492440283E+02 0.11652561957E+01 0.11679476826E+01 0.89112203704E+00 0.10128410326E+01-0.23997983823E-02 0.16117224873E+01
 0.27777777778E+02 0.16164265784E-01 0.16493841967E+02 0.11653459852E+01 0.11680359320E+01 0.89105212973E+00 0.10128466754E+01-0.23995855380E-02 0.16118912858E+01
 0.27795138889E+02 0.16174587467E-01 0.16495305072E+02 0.11654354553E+01 0.11681239015E+01 0.89097765130E+00 0.10128526840E+01-0.23992771755E-02 0.16120297946E+01
 0.27812500000E+02 0.16185248912E-01 0.16496730702E+02 0.11655244460E+01 0.11682115544E+01 0.89090071502E+00 0.10128588875E+01-0.23987442468E-02 0.16120853803E+01
 0.27829861111E+02 0.16196268517E-01 0.16498081918E+02 0.11656133977E+01 0.11682992351E+01 0.89082118749E+00 0.10128652962E+01-0.23981952023E-02 0.16121276826E+01
 0.27847222222E+02 0.16207117366E-01 0.16499464879E+02 0.11657028320E+01 0.11683872773E+01 0.89074288571E+00 0.10128716025E+01-0.23975388729E-02 0.16121395282E+01
 0.27864583333E+02 0.16217753205E-01 0.16500916859E+02 0.11657931335E+01 0.11684759646E+01 0.89066611498E+00 0.10128777821E+01-0.23968501269E-02 0.16121491687E+01
 0.27881944444E+02 0.16228471034E-01 0.16502326637E+02 0.11658841193E+01 0.11685651643E+01 0.89058874610E+00 0.10128840063E+01-0.23967042791E-02 0.16123388058E+01
 0.27899305556E+02 0.16239134629E-01 0.16503689446E+02 0.11659749541E+01 0.11686543036E+01 0.89051176239E+00 0.10128901960E+01-0.23972230037E-02 0.16127498374E+01
 0.27916666667E+02 0.16249151399E-01 0.16505107691E+02 0.11660649097E+01 0.11687428285E+01 0.89043944257E+00 0.10128960075E+01-0.23976203268E-02 0.16131266579E+01
 0.27934027778E+02 0.16258647910E-01 0.16506627895E+02 0.11661541290E+01 0.11688307994E+01 0.89037087382E+00 0.10129015148E+01-0.23971070908E-02 0.16132068304E+01
 0.27951388889E+02 0.16268016462E-01 0.16508175415E+02 0.11662430318E+01 0.11689185053E+01 0.89030322411E+00 0.10129069456E+01-0.23956605438E-02 0.16129733980E+01
 0.27968750000E+02 0.16277868112E-01 0.16509637903E+02 0.11663319058E+01 0.11690061549E+01 0.89023208074E+00 0.10129126540E+01-0.23939867471E-02 0.16126512986E+01
 0.27986111111E+02 0.16288374771E-01 0.16511007192E+02 0.11664206224E+01 0.11690935705E+01 0.89015620132E+00 0.10129187391E+01-0.23927822653E-02 0.16124736659E+01
 0.28003472222E+02 0.16299523391E-01 0.16512316245E+02 0.11665091530E+01 0.11691807209E+01 0.89007567898E+00 0.10129251928E+01-0.23923755814E-02 0.16125552022E+01
 0.28020833333E+02 0.16310953238E-01 0.16513622005E+02 0.11665973592E+01 0.11692675957E+01 0.88999311834E+00 0.10129318060E+01-0.23930249253E-02 0.16129906482E+01
 0.28038194444E+02 0.16322271159E-01 0.16514912810E+02 0.11666846644E+01 0.11693538532E+01 0.88991135905E+00 0.10129383511E+01-0.23944082682E-02 0.16136717638E+01
 0.28055555556E+02 0.16333114586E-01 0.16516304885E+02 0.11667708276E+01 0.11694393658E+01 0.88983302084E+00 0.10129446187E+01-0.23953691109E-02 0.16142222619E+01
 0.28072916667E+02 0.16342967074E-01 0.16517895018E+02 0.11668562712E+01 0.11695244554E+01 0.88976183605E+00 0.10129503108E+01-0.23949233142E-02 0.16143207418E+01
 0.28090277778E+02 0.16352138243E-01 0.16519554968E+02 0.11669418921E+01 0.11696096766E+01 0.88969556902E+00 0.10129556071E+01-0.23931765387E-02 0.16139901126E+01
 0.28107638889E+02 0.16361254094E-01 0.16521153873E+02 0.11670278299E+01 0.11696949932E+01 0.88962969711E+00 0.10129608692E+01-0.23910150963E-02 0.16135131915E+01
 0.28125000000E+02 0.16370906395E-01 0.16522665668E+02 0.11671139510E+01 0.11697803400E+01 0.88955994380E+00 0.10129664386E+01-0.23892592261E-02 0.16131601098E+01
