 0.25017361111E+02 0.14521057516E-01 0.16272929857E+02 0.11511591757E+01 0.11540280951E+01 0.90283250167E+00 0.10118542841E+01-0.24752398123E-02 0.15983864361E+01
 0.25034722222E+02 0.14531443335E-01 0.16274183466E+02 0.11512437333E+01 0.11541117155E+01 0.90275852729E+00 0.10118607810E+01-0.24747908063E-02 0.15984660588E+01
 0.25052083333E+02 0.14542146852E-01 0.16275449588E+02 0.11513286057E+01 0.11541955940E+01 0.90268228357E+00 0.10118674737E+01-0.24743170200E-02 0.15985386823E+01
 0.25069444444E+02 0.14552910584E-01 0.16276793380E+02 0.11514131097E+01 0.11542791361E+01 0.90260560428E+00 0.10118742011E+01-0.24737839310E-02 0.15985986313E+01
 0.25086805556E+02 0.14563530425E-01 0.16278174334E+02 0.11514965559E+01 0.11543617988E+01 0.90252994350E+00 0.10118808355E+01-0.24735762749E-02 0.15987658820E+01
 0.25104166667E+02 0.14573947103E-01 0.16279566838E+02 0.11515788783E+01 0.11544435812E+01 0.90245572386E+00 0.10118873400E+01-0.24736628477E-02 0.15990273180E+01
 0.25121527778E+02 0.14584279801E-01 0.16281020522E+02 0.11516606589E+01 0.11545250284E+01 0.90238209643E+00 0.10118937894E+01-0.24734544582E-02 0.15991983901E+01
 0.25138888889E+02 0.14594420898E-01 0.16282496734E+02 0.11517431289E+01 0.11546071930E+01 0.90230982830E+00 0.10119001164E+01-0.24726926781E-02 0.15991940393E+01
 0.25156250000E+02 0.14604525697E-01 0.16283837314E+02 0.11518267922E+01 0.11546905187E+01 0.90223781297E+00 0.10119064180E+01-0.24717903969E-02 0.15991345870E+01
 0.25173611111E+02 0.14614395342E-01 0.16285122156E+02 0.11519108499E+01 0.11547742847E+01 0.90216746787E+00 0.10119125704E+01-0.24709867259E-02 0.15991035921E+01
 0.25190972222E+02 0.14624070093E-01 0.16286417336E+02 0.11519941050E+01 0.11548573645E+01 0.90209850643E+00 0.10119185988E+01-0.24702645658E-02 0.15990967667E+01
 0.25208333333E+02 0.14634189408E-01 0.16287728294E+02 0.11520763878E+01 0.11549395630E+01 0.90202637040E+00 0.10119249016E+01-0.24698449767E-02 0.15991837397E+01
 0.25225694444E+02 0.14644807053E-01 0.16289040548E+02 0.11521583907E+01 0.11550214530E+01 0.90195067568E+00 0.10119315118E+01-0.24697985245E-02 0.15993898222E+01
 0.25243055556E+02 0.14655466092E-01 0.16290410764E+02 0.11522411237E+01 0.11551039170E+01 0.90187467934E+00 0.10119381448E+01-0.24697977823E-02 0.15996180911E+01
 0.25260416667E+02 0.14666193448E-01 0.16291828525E+02 0.11523248476E+01 0.11551872606E+01 0.90179818932E+00 0.10119448172E+01-0.24696402056E-02 0.15998020957E+01
 0.25277777778E+02 0.14676896213E-01 0.16293286417E+02 0.11524088100E+01 0.11552709761E+01 0.90172186807E+00 0.10119514713E+01-0.24691901674E-02 0.15998961932E+01
 0.25295138889E+02 0.14687289676E-01 0.16294742989E+02 0.11524921257E+01 0.11553543091E+01 0.90164774616E+00 0.10119579302E+01-0.24685501308E-02 0.15999273335E+01
 0.25312500000E+02 0.14697619468E-01 0.16296105877E+02 0.11525744936E+01 0.11554368660E+01 0.90157407217E+00 0.10119643467E+01-0.24677675109E-02 0.15999014629E+01
 0.25329861111E+02 0.14707852033E-01 0.16297428309E+02 0.11526565510E+01 0.11555190498E+01 0.90150108559E+00 0.10119707000E+01-0.24668577531E-02 0.15998303352E+01
 0.25347222222E+02 0.14717992750E-01 0.16298712531E+02 0.11527390925E+01 0.11556015589E+01 0.90142874822E+00 0.10119769935E+01-0.24660518892E-02 0.15997906963E+01
 0.25364583333E+02 0.14728123318E-01 0.16299999475E+02 0.11528223171E+01 0.11556847546E+01 0.90135647736E+00 0.10119832780E+01-0.24655744241E-02 0.15998590162E+01
 0.25381944444E+02 0.14738221410E-01 0.16301327203E+02 0.11529053995E+01 0.11557680103E+01 0.90128443232E+00 0.10119895396E+01-0.24654465305E-02 0.16000436848E+01
 0.25399305556E+02 0.14748346293E-01 0.16302686564E+02 0.11529876836E+01 0.11558506768E+01 0.90121219028E+00 0.10119958150E+01-0.24655364879E-02 0.16002994937E+01
 0.25416666667E+02 0.14758566442E-01 0.16304099704E+02 0.11530689952E+01 0.11559323325E+01 0.90113926254E+00 0.10120021468E+01-0.24656364528E-02 0.16005619720E+01
 0.25434027778E+02 0.14768755258E-01 0.16305570520E+02 0.11531497963E+01 0.11560132611E+01 0.90106655242E+00 0.10120084563E+01-0.24654190852E-02 0.16007257193E+01
 0.25451388889E+02 0.14779254527E-01 0.16307009041E+02 0.11532309183E+01 0.11560942981E+01 0.90099162061E+00 0.10120149552E+01-0.24647405083E-02 0.16007357949E+01
 0.25468750000E+02 0.14790102834E-01 0.16308420216E+02 0.11533130516E+01 0.11561762812E+01 0.90091419113E+00 0.10120216671E+01-0.24636158580E-02 0.16005992951E+01
 0.25486111111E+02 0.14800932638E-01 0.16309772140E+02 0.11533963395E+01 0.11562594755E+01 0.90083688699E+00 0.10120283643E+01-0.24623312930E-02 0.16004066450E+01
 0.25503472222E+02 0.14811853903E-01 0.16311080882E+02 0.11534802112E+01 0.11563432475E+01 0.90075892320E+00 0.10120351149E+01-0.24615046328E-02 0.16003586997E+01
 0.25520833333E+02 0.14822803089E-01 0.16312333359E+02 0.11535634892E+01 0.11564263168E+01 0.90068075322E+00 0.10120418796E+01-0.24614097432E-02 0.16005446299E+01
 0.25538194444E+02 0.14833185708E-01 0.16313677060E+02 0.11536456668E+01 0.11565081200E+01 0.90060662183E+00 0.10120482913E+01-0.24616715088E-02 0.16008573332E+01
 0.25555555556E+02 0.14842896539E-01 0.16315048626E+02 0.11537273985E+01 0.11565893216E+01 0.90053728139E+00 0.10120542855E+01-0.24616208865E-02 0.16010743921E+01
 0.25572916667E+02 0.14852212197E-01 0.16316440379E+02 0.11538101299E+01 0.11566712659E+01 0.90047075762E+00 0.10120600334E+01-0.24611435761E-02 0.16011581841E+01
 0.25590277778E+02 0.14861582438E-01 0.16317835335E+02 0.11538943405E+01 0.11567544200E+01 0.90040383905E+00 0.10120658127E+01-0.24605574588E-02 0.16012101747E+01
 0.25607638889E+02 0.14871139129E-01 0.16319288625E+02 0.11539793036E+01 0.11568382212E+01 0.90033558377E+00 0.10120717045E+01-0.24598429139E-02 0.16012246893E+01
 0.25625000000E+02 0.14881373796E-01 0.16320731153E+02 0.11540644855E+01 0.11569222880E+01 0.90026248049E+00 0.10120780116E+01-0.24589077868E-02 0.16011613231E+01
