 0.43923611111E+01 0.24507259150E-02 0.14901064073E+02 0.10575648030E+01 0.10622037590E+01 0.98447336203E+00 0.10023782015E+01-0.37158351511E-02 0.15654961715E+01
 0.44097222222E+01 0.24611139459E-02 0.14902047046E+02 0.10576462472E+01 0.10622830591E+01 0.98440681738E+00 0.10023879699E+01-0.37137215319E-02 0.15655305676E+01
 0.44270833333E+01 0.24711329731E-02 0.14903045310E+02 0.10577276695E+01 0.10623626998E+01 0.98434263063E+00 0.10023973888E+01-0.37117176966E-02 0.15655886766E+01
 0.44444444444E+01 0.24809907778E-02 0.14904033655E+02 0.10578091195E+01 0.10624424691E+01 0.98427947108E+00 0.10024066537E+01-0.37100899546E-02 0.15657248461E+01
 0.44618055556E+01 0.24907367858E-02 0.14905010201E+02 0.10578907077E+01 0.10625222704E+01 0.98421702231E+00 0.10024158111E+01-0.37087157556E-02 0.15659144296E+01
 0.44791666667E+01 0.25003433895E-02 0.14905982451E+02 0.10579725301E+01 0.10626021344E+01 0.98415546141E+00 0.10024248353E+01-0.37072425914E-02 0.15660836136E+01
 0.44965277778E+01 0.25101031684E-02 0.14906958551E+02 0.10580546720E+01 0.10626822777E+01 0.98409291347E+00 0.10024340010E+01-0.37055432272E-02 0.15662048644E+01
 0.45138888889E+01 0.25202005381E-02 0.14907930852E+02 0.10581368284E+01 0.10627625676E+01 0.98402819621E+00 0.10024434813E+01-0.37035650048E-02 0.15662639627E+01
 0.45312500000E+01 0.25305627845E-02 0.14908899839E+02 0.10582189428E+01 0.10628430039E+01 0.98396177513E+00 0.10024532076E+01-0.37014675621E-02 0.15662953623E+01
 0.45486111111E+01 0.25408840632E-02 0.14909876061E+02 0.10583011718E+01 0.10629236607E+01 0.98389561049E+00 0.10024628928E+01-0.36995896082E-02 0.15663740126E+01
 0.45659722222E+01 0.25510442450E-02 0.14910845905E+02 0.10583834940E+01 0.10630043205E+01 0.98383047254E+00 0.10024724243E+01-0.36981425896E-02 0.15665442577E+01
 0.45833333333E+01 0.25610377002E-02 0.14911823714E+02 0.10584658634E+01 0.10630848342E+01 0.98376639767E+00 0.10024817968E+01-0.36969348166E-02 0.15667672320E+01
 0.46006944444E+01 0.25708135494E-02 0.14912812051E+02 0.10585482136E+01 0.10631651981E+01 0.98370371243E+00 0.10024909629E+01-0.36954918888E-02 0.15669420154E+01
 0.46180555556E+01 0.25804982462E-02 0.14913809454E+02 0.10586306116E+01 0.10632454957E+01 0.98364160623E+00 0.10025000411E+01-0.36935356885E-02 0.15670089171E+01
 0.46354166667E+01 0.25902459950E-02 0.14914800116E+02 0.10587132175E+01 0.10633260552E+01 0.98357909021E+00 0.10025091761E+01-0.36912065913E-02 0.15669950038E+01
 0.46527777778E+01 0.26002673601E-02 0.14915763734E+02 0.10587959736E+01 0.10634070516E+01 0.98351481365E+00 0.10025185651E+01-0.36890647455E-02 0.15670156582E+01
 0.46701388889E+01 0.26104629728E-02 0.14916728763E+02 0.10588784443E+01 0.10634880599E+01 0.98344941352E+00 0.10025281147E+01-0.36874484242E-02 0.15671440910E+01
 0.46875000000E+01 0.26207415504E-02 0.14917692907E+02 0.10589602481E+01 0.10635684914E+01 0.98338347511E+00 0.10025377395E+01-0.36862534238E-02 0.15673574434E+01
 0.47048611111E+01 0.26309999286E-02 0.14918668406E+02 0.10590415934E+01 0.10636482875E+01 0.98331766018E+00 0.10025473427E+01-0.36850720520E-02 0.15675731952E+01
 0.47222222222E+01 0.26410292486E-02 0.14919665500E+02 0.10591231774E+01 0.10637280455E+01 0.98325330894E+00 0.10025567289E+01-0.36834513146E-02 0.15677001656E+01
 0.47395833333E+01 0.26508711046E-02 0.14920665126E+02 0.10592053749E+01 0.10638084063E+01 0.98319015487E+00 0.10025659373E+01-0.36814135895E-02 0.15677410827E+01
 0.47569444444E+01 0.26607427327E-02 0.14921648231E+02 0.10592877284E+01 0.10638892639E+01 0.98312680412E+00 0.10025751711E+01-0.36793870628E-02 0.15677807620E+01
 0.47743055556E+01 0.26706921990E-02 0.14922616021E+02 0.10593694937E+01 0.10639699044E+01 0.98306294813E+00 0.10025844753E+01-0.36776532712E-02 0.15678758286E+01
 0.47916666667E+01 0.26806364634E-02 0.14923584623E+02 0.10594505700E+01 0.10640499896E+01 0.98299911980E+00 0.10025937722E+01-0.36761031675E-02 0.15680055581E+01
 0.48090277778E+01 0.26904988162E-02 0.14924571422E+02 0.10595313826E+01 0.10641297910E+01 0.98293581158E+00 0.10026029900E+01-0.36745196438E-02 0.15681278004E+01
 0.48263888889E+01 0.27004548903E-02 0.14925558915E+02 0.10596123141E+01 0.10642096868E+01 0.98287189602E+00 0.10026122930E+01-0.36728729042E-02 0.15682352879E+01
 0.48437500000E+01 0.27107018397E-02 0.14926538304E+02 0.10596935340E+01 0.10642900057E+01 0.98280610712E+00 0.10026218653E+01-0.36711509965E-02 0.15683249402E+01
 0.48611111111E+01 0.27210400830E-02 0.14927520671E+02 0.10597746293E+01 0.10643704820E+01 0.98273972591E+00 0.10026315202E+01-0.36694567408E-02 0.15684181977E+01
 0.48784722222E+01 0.27312788511E-02 0.14928500264E+02 0.10598553054E+01 0.10644507044E+01 0.98267397732E+00 0.10026410795E+01-0.36679937938E-02 0.15685577540E+01
 0.48958333333E+01 0.27413205860E-02 0.14929479313E+02 0.10599357039E+01 0.10645306072E+01 0.98260948809E+00 0.10026504524E+01-0.36665842738E-02 0.15687075217E+01
 0.49131944444E+01 0.27511491672E-02 0.14930460466E+02 0.10600161715E+01 0.10646105587E+01 0.98254636209E+00 0.10026596239E+01-0.36649705974E-02 0.15688142230E+01
 0.49305555556E+01 0.27608005040E-02 0.14931457717E+02 0.10600966937E+01 0.10646906969E+01 0.98248436903E+00 0.10026686277E+01-0.36630743853E-02 0.15688615853E+01
 0.49479166667E+01 0.27703364838E-02 0.14932455697E+02 0.10601770870E+01 0.10647708900E+01 0.98242311164E+00 0.10026775216E+01-0.36610660050E-02 0.15688825899E+01
 0.49652777778E+01 0.27800312344E-02 0.14933434225E+02 0.10602572331E+01 0.10648508978E+01 0.98236082892E+00 0.10026865613E+01-0.36592548965E-02 0.15689402074E+01
 0.49826388889E+01 0.27901182313E-02 0.14934402448E+02 0.10603373174E+01 0.10649307358E+01 0.98229602048E+00 0.10026959642E+01-0.36577084216E-02 0.15690507677E+01
 0.50000000000E+01 0.28005969857E-02 0.14935376120E+02 0.10604176898E+01 0.10650108388E+01 0.98222868877E+00 0.10027057296E+01-0.36563004291E-02 0.15691907938E+01
