 0.12673611111E+01 0.65798178187E-03 0.14729599283E+02 0.10418634299E+01 0.10459637161E+01 0.99586480838E+00 0.10006528014E+01-0.37248999735E-02 0.14612637444E+01
 0.12847222222E+01 0.66790674634E-03 0.14730526327E+02 0.10420431299E+01 0.10461785746E+01 0.99580224673E+00 0.10006625685E+01-0.37263522881E-02 0.14628734219E+01
 0.13020833333E+01 0.67781096621E-03 0.14731454539E+02 0.10422191895E+01 0.10463889534E+01 0.99573981031E+00 0.10006723127E+01-0.37276590739E-02 0.14644216956E+01
 0.13194444444E+01 0.68771964229E-03 0.14732381502E+02 0.10423917042E+01 0.10465947828E+01 0.99567734026E+00 0.10006820590E+01-0.37290847080E-02 0.14659621426E+01
 0.13368055556E+01 0.69762620670E-03 0.14733308715E+02 0.10425609959E+01 0.10467963919E+01 0.99561487798E+00 0.10006918008E+01-0.37307072340E-02 0.14675131122E+01
 0.13541666667E+01 0.70753583609E-03 0.14734235190E+02 0.10427272442E+01 0.10469941324E+01 0.99555239083E+00 0.10007015432E+01-0.37323884339E-02 0.14690485009E+01
 0.13715277778E+01 0.71746265257E-03 0.14735163161E+02 0.10428902524E+01 0.10471879581E+01 0.99548978974E+00 0.10007113002E+01-0.37340376078E-02 0.14705490297E+01
 0.13888888889E+01 0.72739087148E-03 0.14736093628E+02 0.10430498779E+01 0.10473777123E+01 0.99542717424E+00 0.10007210561E+01-0.37356575544E-02 0.14720147497E+01
 0.14062500000E+01 0.73732661551E-03 0.14737023104E+02 0.10432060751E+01 0.10475632402E+01 0.99536450571E+00 0.10007308170E+01-0.37373389685E-02 0.14734637604E+01
 0.14236111111E+01 0.74726753701E-03 0.14737949471E+02 0.10433590808E+01 0.10477447186E+01 0.99530179894E+00 0.10007405807E+01-0.37391107175E-02 0.14749039009E+01
 0.14409722222E+01 0.75721080651E-03 0.14738877437E+02 0.10435091572E+01 0.10479225871E+01 0.99523907177E+00 0.10007503442E+01-0.37408903786E-02 0.14763209792E+01
 0.14583333333E+01 0.76713831685E-03 0.14739806483E+02 0.10436564335E+01 0.10480971267E+01 0.99517643845E+00 0.10007600899E+01-0.37426521585E-02 0.14777108045E+01
 0.14756944444E+01 0.77705484326E-03 0.14740735078E+02 0.10438008379E+01 0.10482682546E+01 0.99511386886E+00 0.10007698224E+01-0.37443527514E-02 0.14790649365E+01
 0.14930555556E+01 0.78696718344E-03 0.14741667864E+02 0.10439422623E+01 0.10484356943E+01 0.99505132013E+00 0.10007795484E+01-0.37460080294E-02 0.14803874272E+01
 0.15104166667E+01 0.79687732575E-03 0.14742600777E+02 0.10440807620E+01 0.10485993189E+01 0.99498877971E+00 0.10007892699E+01-0.37477615539E-02 0.14817072941E+01
 0.15277777778E+01 0.80679781596E-03 0.14743532236E+02 0.10442166826E+01 0.10487594612E+01 0.99492616843E+00 0.10007989992E+01-0.37496710505E-02 0.14830380794E+01
 0.15451388889E+01 0.81674189657E-03 0.14744462109E+02 0.10443503512E+01 0.10489166798E+01 0.99486340267E+00 0.10008087493E+01-0.37516017095E-02 0.14843548078E+01
 0.15625000000E+01 0.82671693181E-03 0.14745390453E+02 0.10444817204E+01 0.10490710801E+01 0.99480043591E+00 0.10008185273E+01-0.37534457437E-02 0.14856355788E+01
 0.15798611111E+01 0.83669628021E-03 0.14746316954E+02 0.10446105217E+01 0.10492223980E+01 0.99473743629E+00 0.10008283071E+01-0.37551698022E-02 0.14868723529E+01
 0.15972222222E+01 0.84663557534E-03 0.14747249785E+02 0.10447367618E+01 0.10493705597E+01 0.99467468393E+00 0.10008380453E+01-0.37567078693E-02 0.14880539036E+01
 0.16145833333E+01 0.85651345048E-03 0.14748189439E+02 0.10448608580E+01 0.10495157970E+01 0.99461231381E+00 0.10008477209E+01-0.37581669283E-02 0.14892053226E+01
 0.16319444444E+01 0.86636938957E-03 0.14749128455E+02 0.10449831134E+01 0.10496583436E+01 0.99455007668E+00 0.10008573727E+01-0.37597358769E-02 0.14903655297E+01
 0.16493055556E+01 0.87626579544E-03 0.14750059252E+02 0.10451036523E+01 0.10497982099E+01 0.99448757849E+00 0.10008670618E+01-0.37614775098E-02 0.14915472571E+01
 0.16666666667E+01 0.88625757163E-03 0.14750984436E+02 0.10452225153E+01 0.10499355545E+01 0.99442447238E+00 0.10008768419E+01-0.37632787574E-02 0.14927281496E+01
 0.16840277778E+01 0.89628910158E-03 0.14751914343E+02 0.10453397041E+01 0.10500706169E+01 0.99436110951E+00 0.10008866585E+01-0.37649296841E-02 0.14938673787E+01
 0.17013888889E+01 0.90627786283E-03 0.14752850050E+02 0.10454551909E+01 0.10502034860E+01 0.99429801112E+00 0.10008964308E+01-0.37663544224E-02 0.14949500168E+01
 0.17187500000E+01 0.91618937672E-03 0.14753789714E+02 0.10455688471E+01 0.10503339820E+01 0.99423539511E+00 0.10009061252E+01-0.37676932458E-02 0.14960033267E+01
 0.17361111111E+01 0.92606635005E-03 0.14754725344E+02 0.10456805664E+01 0.10504617155E+01 0.99417299177E+00 0.10009157834E+01-0.37690787003E-02 0.14970533734E+01
 0.17534722222E+01 0.93593907242E-03 0.14755661538E+02 0.10457906169E+01 0.10505866752E+01 0.99411060976E+00 0.10009254351E+01-0.37705135969E-02 0.14981037372E+01
 0.17708333333E+01 0.94584598334E-03 0.14756596817E+02 0.10458993741E+01 0.10507093943E+01 0.99404800617E+00 0.10009351180E+01-0.37719355345E-02 0.14991434110E+01
 0.17881944444E+01 0.95580706087E-03 0.14757530772E+02 0.10460070780E+01 0.10508304635E+01 0.99398505469E+00 0.10009448514E+01-0.37733012999E-02 0.15001640959E+01
 0.18055555556E+01 0.96581112166E-03 0.14758464174E+02 0.10461132753E+01 0.10509497163E+01 0.99392182590E+00 0.10009546244E+01-0.37747434326E-02 0.15011884051E+01
 0.18229166667E+01 0.97582094524E-03 0.14759395664E+02 0.10462175008E+01 0.10510667364E+01 0.99385855500E+00 0.10009644006E+01-0.37763207563E-02 0.15022252867E+01
 0.18402777778E+01 0.98576470501E-03 0.14760334057E+02 0.10463197515E+01 0.10511812762E+01 0.99379569606E+00 0.10009741099E+01-0.37778471267E-02 0.15032396847E+01
 0.18576388889E+01 0.99566588594E-03 0.14761273920E+02 0.10464205969E+01 0.10512936261E+01 0.99373310071E+00 0.10009837753E+01-0.37791493535E-02 0.15042012320E+01
 0.18750000000E+01 0.10055480124E-02 0.14762216989E+02 0.10465203654E+01 0.10514041521E+01 0.99367062027E+00 0.10009934198E+01-0.37803078180E-02 0.15051275929E+01
