 0.14392361111E+02 0.82536978165E-02 0.15509448459E+02 0.11040772674E+01 0.11078280367E+01 0.94631096099E+00 0.10074099943E+01-0.28993271325E-02 0.15747175075E+01
 0.14409722222E+02 0.82649847202E-02 0.15510570557E+02 0.11041479126E+01 0.11078967269E+01 0.94623477592E+00 0.10074189342E+01-0.28987175095E-02 0.15748002790E+01
 0.14427083333E+02 0.82762206264E-02 0.15511691938E+02 0.11042186974E+01 0.11079654907E+01 0.94615892746E+00 0.10074278303E+01-0.28982946701E-02 0.15749357569E+01
 0.14444444444E+02 0.82869609988E-02 0.15512832952E+02 0.11042894121E+01 0.11080342949E+01 0.94608641701E+00 0.10074363309E+01-0.28977016691E-02 0.15750296690E+01
 0.14461805556E+02 0.82969759199E-02 0.15513971920E+02 0.11043599890E+01 0.11081031262E+01 0.94601879797E+00 0.10074442547E+01-0.28966821540E-02 0.15750103971E+01
 0.14479166667E+02 0.83063439861E-02 0.15515137104E+02 0.11044306295E+01 0.11081720655E+01 0.94595554092E+00 0.10074516643E+01-0.28953270344E-02 0.15749047015E+01
 0.14496527778E+02 0.83154802728E-02 0.15516305901E+02 0.11045016080E+01 0.11082412618E+01 0.94589384385E+00 0.10074588883E+01-0.28941039579E-02 0.15748365422E+01
 0.14513888889E+02 0.83247379319E-02 0.15517490736E+02 0.11045731095E+01 0.11083108252E+01 0.94583132202E+00 0.10074662060E+01-0.28929386231E-02 0.15747859819E+01
 0.14531250000E+02 0.83343697008E-02 0.15518667831E+02 0.11046452054E+01 0.11083809602E+01 0.94576626816E+00 0.10074738171E+01-0.28916667315E-02 0.15747030122E+01
 0.14548611111E+02 0.83449685990E-02 0.15519778680E+02 0.11047177107E+01 0.11084517062E+01 0.94569467576E+00 0.10074821896E+01-0.28908972564E-02 0.15747453167E+01
 0.14565972222E+02 0.83563105192E-02 0.15520845565E+02 0.11047898931E+01 0.11085223138E+01 0.94561805697E+00 0.10074911458E+01-0.28907503923E-02 0.15749501739E+01
 0.14583333333E+02 0.83674419515E-02 0.15521962873E+02 0.11048610266E+01 0.11085919115E+01 0.94554285257E+00 0.10074999324E+01-0.28904241539E-02 0.15751097588E+01
 0.14600694444E+02 0.83782033955E-02 0.15523089204E+02 0.11049320076E+01 0.11086611552E+01 0.94547014073E+00 0.10075084239E+01-0.28893934187E-02 0.15750809213E+01
 0.14618055556E+02 0.83885158432E-02 0.15524259610E+02 0.11050038925E+01 0.11087311498E+01 0.94540045608E+00 0.10075165583E+01-0.28878603598E-02 0.15749258095E+01
 0.14635416667E+02 0.83979664196E-02 0.15525467556E+02 0.11050767923E+01 0.11088022188E+01 0.94533658975E+00 0.10075240104E+01-0.28862241636E-02 0.15747517360E+01
 0.14652777778E+02 0.84070383951E-02 0.15526664819E+02 0.11051501791E+01 0.11088740675E+01 0.94527527693E+00 0.10075311618E+01-0.28849066101E-02 0.15746630307E+01
 0.14670138889E+02 0.84165256817E-02 0.15527801597E+02 0.11052230336E+01 0.11089457261E+01 0.94521115192E+00 0.10075386382E+01-0.28845591167E-02 0.15748271406E+01
 0.14687500000E+02 0.84266779726E-02 0.15528904278E+02 0.11052945435E+01 0.11090161370E+01 0.94514252611E+00 0.10075466360E+01-0.28846755625E-02 0.15751083160E+01
 0.14704861111E+02 0.84371098857E-02 0.15530057112E+02 0.11053653102E+01 0.11090856436E+01 0.94507200370E+00 0.10075548514E+01-0.28839483137E-02 0.15751615034E+01
 0.14722222222E+02 0.84476816044E-02 0.15531212175E+02 0.11054368625E+01 0.11091557362E+01 0.94500052947E+00 0.10075631739E+01-0.28824085002E-02 0.15749943777E+01
 0.14739583333E+02 0.84584275549E-02 0.15532350406E+02 0.11055096326E+01 0.11092269878E+01 0.94492787038E+00 0.10075716306E+01-0.28809560769E-02 0.15748525566E+01
 0.14756944444E+02 0.84689879190E-02 0.15533475618E+02 0.11055827228E+01 0.11092987265E+01 0.94485645936E+00 0.10075799382E+01-0.28799437778E-02 0.15748306098E+01
 0.14774305556E+02 0.84793741720E-02 0.15534601885E+02 0.11056550646E+01 0.11093699831E+01 0.94478621916E+00 0.10075881061E+01-0.28795705725E-02 0.15749818049E+01
 0.14791666667E+02 0.84893744266E-02 0.15535718905E+02 0.11057261407E+01 0.11094401335E+01 0.94471858324E+00 0.10075959677E+01-0.28795592579E-02 0.15752298271E+01
 0.14809027778E+02 0.84988702922E-02 0.15536886274E+02 0.11057966769E+01 0.11095096625E+01 0.94465435315E+00 0.10076034304E+01-0.28789616244E-02 0.15753238986E+01
 0.14826388889E+02 0.85080310766E-02 0.15538143302E+02 0.11058680259E+01 0.11095798670E+01 0.94459238440E+00 0.10076106276E+01-0.28774114906E-02 0.15751684227E+01
 0.14843750000E+02 0.85174834389E-02 0.15539357078E+02 0.11059406615E+01 0.11096513234E+01 0.94452843795E+00 0.10076180515E+01-0.28753737794E-02 0.15748756448E+01
 0.14861111111E+02 0.85276050385E-02 0.15540491855E+02 0.11060137258E+01 0.11097232673E+01 0.94445995805E+00 0.10076259984E+01-0.28741104247E-02 0.15747832009E+01
 0.14878472222E+02 0.85385028348E-02 0.15541554597E+02 0.11060856597E+01 0.11097942072E+01 0.94438621972E+00 0.10076345517E+01-0.28742846343E-02 0.15750707060E+01
 0.14895833333E+02 0.85496907052E-02 0.15542630283E+02 0.11061556147E+01 0.11098632085E+01 0.94431051121E+00 0.10076433295E+01-0.28746994849E-02 0.15754204166E+01
 0.14913194444E+02 0.85605270746E-02 0.15543745486E+02 0.11062246064E+01 0.11099311423E+01 0.94423717412E+00 0.10076518284E+01-0.28743125823E-02 0.15755545414E+01
 0.14930555556E+02 0.85708892862E-02 0.15544919850E+02 0.11062943737E+01 0.11099996916E+01 0.94416703937E+00 0.10076599526E+01-0.28731567605E-02 0.15754895641E+01
 0.14947916667E+02 0.85805765054E-02 0.15546170124E+02 0.11063657227E+01 0.11100698182E+01 0.94410146732E+00 0.10076675450E+01-0.28713976831E-02 0.15752737047E+01
 0.14965277778E+02 0.85897918316E-02 0.15547408127E+02 0.11064378858E+01 0.11101410205E+01 0.94403908424E+00 0.10076747652E+01-0.28695939256E-02 0.15750460424E+01
 0.14982638889E+02 0.85991419374E-02 0.15548581016E+02 0.11065091328E+01 0.11102116024E+01 0.94397578354E+00 0.10076820888E+01-0.28685578553E-02 0.15750163571E+01
 0.15000000000E+02 0.86091450218E-02 0.15549657365E+02 0.11065783083E+01 0.11102801405E+01 0.94390805631E+00 0.10076899213E+01-0.28683677892E-02 0.15752002689E+01
