 0.20642361111E+02 0.11926823983E-01 0.15942471933E+02 0.11310753083E+01 0.11342102287E+01 0.92111318506E+00 0.10101415170E+01-0.26192990478E-02 0.15843064350E+01
 0.20659722222E+02 0.11937543754E-01 0.15943658532E+02 0.11311514081E+01 0.11342854780E+01 0.92103846341E+00 0.10101489639E+01-0.26197426868E-02 0.15846610530E+01
 0.20677083333E+02 0.11949233282E-01 0.15944874043E+02 0.11312254586E+01 0.11343589465E+01 0.92095697431E+00 0.10101570810E+01-0.26199095872E-02 0.15849255918E+01
 0.20694444444E+02 0.11961270749E-01 0.15946184662E+02 0.11312991802E+01 0.11344320724E+01 0.92087305118E+00 0.10101654358E+01-0.26190472302E-02 0.15848894523E+01
 0.20711805556E+02 0.11972376379E-01 0.15947584504E+02 0.11313742195E+01 0.11345062634E+01 0.92079561701E+00 0.10101731405E+01-0.26173301614E-02 0.15846122732E+01
 0.20729166667E+02 0.11982620398E-01 0.15948947407E+02 0.11314505788E+01 0.11345815854E+01 0.92072418391E+00 0.10101802445E+01-0.26158244361E-02 0.15844022234E+01
 0.20746527778E+02 0.11992412239E-01 0.15950225280E+02 0.11315267041E+01 0.11346568926E+01 0.92065589809E+00 0.10101870322E+01-0.26153001030E-02 0.15844819631E+01
 0.20763888889E+02 0.12001873881E-01 0.15951433782E+02 0.11316010989E+01 0.11347309538E+01 0.92058990956E+00 0.10101935887E+01-0.26155300118E-02 0.15847783017E+01
 0.20781250000E+02 0.12011458533E-01 0.15952610800E+02 0.11316735628E+01 0.11348034954E+01 0.92052305770E+00 0.10102002279E+01-0.26158223997E-02 0.15850845575E+01
 0.20798611111E+02 0.12020991931E-01 0.15953789782E+02 0.11317451697E+01 0.11348752916E+01 0.92045655789E+00 0.10102068292E+01-0.26155166963E-02 0.15852082017E+01
 0.20815972222E+02 0.12030515656E-01 0.15955062755E+02 0.11318173093E+01 0.11349474193E+01 0.92039012016E+00 0.10102134214E+01-0.26144546055E-02 0.15851122509E+01
 0.20833333333E+02 0.12040434515E-01 0.15956409425E+02 0.11318900474E+01 0.11350200203E+01 0.92032092023E+00 0.10102202845E+01-0.26131406393E-02 0.15849445935E+01
 0.20850694444E+02 0.12051236140E-01 0.15957727475E+02 0.11319621556E+01 0.11350921599E+01 0.92024555492E+00 0.10102277554E+01-0.26124529311E-02 0.15849571469E+01
 0.20868055556E+02 0.12062719605E-01 0.15959002918E+02 0.11320326527E+01 0.11351630456E+01 0.92016542467E+00 0.10102356945E+01-0.26123626769E-02 0.15851407125E+01
 0.20885416667E+02 0.12074062973E-01 0.15960299572E+02 0.11321016945E+01 0.11352328081E+01 0.92008626429E+00 0.10102435333E+01-0.26121773546E-02 0.15852944412E+01
 0.20902777778E+02 0.12085093220E-01 0.15961587802E+02 0.11321704421E+01 0.11353023492E+01 0.92000928170E+00 0.10102511524E+01-0.26116813746E-02 0.15853540568E+01
 0.20920138889E+02 0.12095711023E-01 0.15962831642E+02 0.11322400693E+01 0.11353726296E+01 0.91993517082E+00 0.10102584835E+01-0.26110457357E-02 0.15853727027E+01
 0.20937500000E+02 0.12105605899E-01 0.15964047675E+02 0.11323102146E+01 0.11354433514E+01 0.91986609984E+00 0.10102653128E+01-0.26105043741E-02 0.15854227835E+01
 0.20954861111E+02 0.12114856028E-01 0.15965283602E+02 0.11323796453E+01 0.11355134987E+01 0.91980152423E+00 0.10102716947E+01-0.26100427068E-02 0.15854995508E+01
 0.20972222222E+02 0.12123844520E-01 0.15966585578E+02 0.11324475403E+01 0.11355823253E+01 0.91973877025E+00 0.10102778939E+01-0.26095982656E-02 0.15855841478E+01
 0.20989583333E+02 0.12132914771E-01 0.15967886883E+02 0.11325145268E+01 0.11356503229E+01 0.91967544061E+00 0.10102841473E+01-0.26091401666E-02 0.15856603719E+01
 0.21006944444E+02 0.12142573079E-01 0.15969199567E+02 0.11325818479E+01 0.11357186114E+01 0.91960799968E+00 0.10102908037E+01-0.26084839237E-02 0.15856738902E+01
 0.21024305556E+02 0.12153068139E-01 0.15970482035E+02 0.11326502003E+01 0.11357879570E+01 0.91953470971E+00 0.10102980339E+01-0.26076987392E-02 0.15856424464E+01
 0.21041666667E+02 0.12164291538E-01 0.15971768362E+02 0.11327187342E+01 0.11358576550E+01 0.91945632629E+00 0.10103057627E+01-0.26071774543E-02 0.15856879946E+01
 0.21059027778E+02 0.12175826691E-01 0.15973011103E+02 0.11327862595E+01 0.11359263895E+01 0.91937575780E+00 0.10103137026E+01-0.26070773735E-02 0.15858541936E+01
 0.21076388889E+02 0.12187356175E-01 0.15974246612E+02 0.11328526667E+01 0.11359938644E+01 0.91929522101E+00 0.10103216351E+01-0.26068597398E-02 0.15859841204E+01
 0.21093750000E+02 0.12198275089E-01 0.15975526965E+02 0.11329188023E+01 0.11360609570E+01 0.91921894194E+00 0.10103291442E+01-0.26060760944E-02 0.15859497111E+01
 0.21111111111E+02 0.12208401184E-01 0.15976804813E+02 0.11329856491E+01 0.11361287335E+01 0.91914819515E+00 0.10103361052E+01-0.26053031589E-02 0.15859246484E+01
 0.21128472222E+02 0.12217674594E-01 0.15978080961E+02 0.11330531511E+01 0.11361972469E+01 0.91908340037E+00 0.10103424776E+01-0.26048491647E-02 0.15860016149E+01
 0.21145833333E+02 0.12226522737E-01 0.15979365037E+02 0.11331207787E+01 0.11362659613E+01 0.91902157224E+00 0.10103485557E+01-0.26043677864E-02 0.15860715931E+01
 0.21163194444E+02 0.12235524811E-01 0.15980658134E+02 0.11331881278E+01 0.11363343278E+01 0.91895866371E+00 0.10103547374E+01-0.26039398263E-02 0.15861561572E+01
 0.21180555556E+02 0.12245043801E-01 0.15981934555E+02 0.11332549243E+01 0.11364019191E+01 0.91889213762E+00 0.10103612716E+01-0.26035486105E-02 0.15862464314E+01
 0.21197916667E+02 0.12255238130E-01 0.15983254089E+02 0.11333213720E+01 0.11364688657E+01 0.91882088578E+00 0.10103682668E+01-0.26029354075E-02 0.15862689560E+01
 0.21215277778E+02 0.12266185543E-01 0.15984554542E+02 0.11333884048E+01 0.11365361216E+01 0.91874436348E+00 0.10103757756E+01-0.26021080230E-02 0.15862226112E+01
 0.21232638889E+02 0.12277590772E-01 0.15985807695E+02 0.11334567564E+01 0.11366046192E+01 0.91866463349E+00 0.10103835950E+01-0.26012766389E-02 0.15861721581E+01
 0.21250000000E+02 0.12288995580E-01 0.15987048243E+02 0.11335258577E+01 0.11366739375E+01 0.91858489873E+00 0.10103914107E+01-0.26006983966E-02 0.15861991636E+01
