 0.19392361111E+02 0.11192354999E-01 0.15852347292E+02 0.11254149494E+01 0.11286541926E+01 0.92621643744E+00 0.10096239994E+01-0.26688794027E-02 0.15815524375E+01
 0.19409722222E+02 0.11201777271E-01 0.15853654867E+02 0.11254920813E+01 0.11287303551E+01 0.92615117402E+00 0.10096307294E+01-0.26677390332E-02 0.15814685757E+01
 0.19427083333E+02 0.11211064905E-01 0.15854924994E+02 0.11255692402E+01 0.11288064790E+01 0.92608683796E+00 0.10096373609E+01-0.26668641241E-02 0.15814577366E+01
 0.19444444444E+02 0.11221044984E-01 0.15856109002E+02 0.11256464565E+01 0.11288825074E+01 0.92601769954E+00 0.10096444843E+01-0.26665910578E-02 0.15816136061E+01
 0.19461805556E+02 0.11231648839E-01 0.15857278134E+02 0.11257237593E+01 0.11289584838E+01 0.92594423329E+00 0.10096520500E+01-0.26663668911E-02 0.15817819170E+01
 0.19479166667E+02 0.11242112524E-01 0.15858514129E+02 0.11258012861E+01 0.11290347251E+01 0.92587173156E+00 0.10096595128E+01-0.26656910990E-02 0.15818242888E+01
 0.19496527778E+02 0.11252303886E-01 0.15859783843E+02 0.11258789737E+01 0.11291113208E+01 0.92580111042E+00 0.10096667785E+01-0.26647098030E-02 0.15817797135E+01
 0.19513888889E+02 0.11262451535E-01 0.15861062533E+02 0.11259567777E+01 0.11291880631E+01 0.92573078600E+00 0.10096740104E+01-0.26637416547E-02 0.15817389639E+01
 0.19531250000E+02 0.11272929051E-01 0.15862280741E+02 0.11260346543E+01 0.11292647163E+01 0.92565816908E+00 0.10096814744E+01-0.26629945093E-02 0.15817566929E+01
 0.19548611111E+02 0.11283680968E-01 0.15863497379E+02 0.11261128460E+01 0.11293414736E+01 0.92558364350E+00 0.10096891309E+01-0.26625669496E-02 0.15818701622E+01
 0.19565972222E+02 0.11294264592E-01 0.15864732726E+02 0.11261909140E+01 0.11294181091E+01 0.92551027765E+00 0.10096966645E+01-0.26623597799E-02 0.15820517434E+01
 0.19583333333E+02 0.11304575176E-01 0.15866011223E+02 0.11262681861E+01 0.11294941557E+01 0.92543879804E+00 0.10097040009E+01-0.26619865527E-02 0.15821877172E+01
 0.19600694444E+02 0.11314446710E-01 0.15867318379E+02 0.11263451866E+01 0.11295700793E+01 0.92537035621E+00 0.10097110223E+01-0.26609557205E-02 0.15821306128E+01
 0.19618055556E+02 0.11324505128E-01 0.15868575550E+02 0.11264228759E+01 0.11296466696E+01 0.92530061265E+00 0.10097181739E+01-0.26593837400E-02 0.15819073334E+01
 0.19635416667E+02 0.11334994751E-01 0.15869818483E+02 0.11265017831E+01 0.11297243350E+01 0.92522787269E+00 0.10097256292E+01-0.26581117169E-02 0.15817731257E+01
 0.19652777778E+02 0.11345497986E-01 0.15871001899E+02 0.11265812748E+01 0.11298025033E+01 0.92515503170E+00 0.10097330913E+01-0.26578334877E-02 0.15819308673E+01
 0.19670138889E+02 0.11355765909E-01 0.15872168490E+02 0.11266597863E+01 0.11298797949E+01 0.92508381622E+00 0.10097403833E+01-0.26583500013E-02 0.15823226357E+01
 0.19687500000E+02 0.11365680468E-01 0.15873384336E+02 0.11267364599E+01 0.11299555189E+01 0.92501504554E+00 0.10097474217E+01-0.26586967826E-02 0.15826653115E+01
 0.19704861111E+02 0.11375435157E-01 0.15874675093E+02 0.11268123511E+01 0.11300306053E+01 0.92494737800E+00 0.10097543441E+01-0.26581497473E-02 0.15827473017E+01
 0.19722222222E+02 0.11385272469E-01 0.15876028082E+02 0.11268891052E+01 0.11301064253E+01 0.92487913153E+00 0.10097613225E+01-0.26564928371E-02 0.15825064162E+01
 0.19739583333E+02 0.11395244359E-01 0.15877369724E+02 0.11269677168E+01 0.11301838591E+01 0.92480994548E+00 0.10097683938E+01-0.26542323900E-02 0.15820875407E+01
 0.19756944444E+02 0.11405606400E-01 0.15878633708E+02 0.11270470779E+01 0.11302620969E+01 0.92473804619E+00 0.10097757390E+01-0.26527187592E-02 0.15818816072E+01
 0.19774305556E+02 0.11416501435E-01 0.15879805735E+02 0.11271254177E+01 0.11303395726E+01 0.92466244165E+00 0.10097834588E+01-0.26527885918E-02 0.15821323409E+01
 0.19791666667E+02 0.11427842527E-01 0.15880939295E+02 0.11272021795E+01 0.11304155555E+01 0.92458373420E+00 0.10097914914E+01-0.26538330830E-02 0.15826653332E+01
 0.19809027778E+02 0.11439021743E-01 0.15882096323E+02 0.11272783605E+01 0.11304908048E+01 0.92450614261E+00 0.10097994060E+01-0.26544529504E-02 0.15830765476E+01
 0.19826388889E+02 0.11449355889E-01 0.15883361362E+02 0.11273550864E+01 0.11305664027E+01 0.92443440973E+00 0.10098067193E+01-0.26540787455E-02 0.15832094235E+01
 0.19843750000E+02 0.11458605964E-01 0.15884690372E+02 0.11274326368E+01 0.11306428007E+01 0.92437019634E+00 0.10098132630E+01-0.26526660621E-02 0.15830458638E+01
 0.19861111111E+02 0.11467219718E-01 0.15886068453E+02 0.11275106446E+01 0.11307198583E+01 0.92431039562E+00 0.10098193545E+01-0.26504181242E-02 0.15826388266E+01
 0.19878472222E+02 0.11476044583E-01 0.15887416497E+02 0.11275883024E+01 0.11307968295E+01 0.92424912467E+00 0.10098255933E+01-0.26483372403E-02 0.15822723931E+01
 0.19895833333E+02 0.11485906488E-01 0.15888622464E+02 0.11276654002E+01 0.11308732102E+01 0.92418064803E+00 0.10098325628E+01-0.26476363928E-02 0.15822955330E+01
 0.19913194444E+02 0.11497161856E-01 0.15889745908E+02 0.11277420876E+01 0.11309488721E+01 0.92410248870E+00 0.10098405139E+01-0.26484587555E-02 0.15827593336E+01
 0.19930555556E+02 0.11509209462E-01 0.15890877120E+02 0.11278185501E+01 0.11310240124E+01 0.92401881951E+00 0.10098490208E+01-0.26494890318E-02 0.15832846366E+01
 0.19947916667E+02 0.11521140144E-01 0.15892091906E+02 0.11278950962E+01 0.11310991753E+01 0.92393595379E+00 0.10098574415E+01-0.26495577932E-02 0.15835344742E+01
 0.19965277778E+02 0.11532084453E-01 0.15893391414E+02 0.11279723092E+01 0.11311751394E+01 0.92385993153E+00 0.10098651626E+01-0.26484018297E-02 0.15834341668E+01
 0.19982638889E+02 0.11541826515E-01 0.15894745582E+02 0.11280504202E+01 0.11312522120E+01 0.92379225440E+00 0.10098720328E+01-0.26464669936E-02 0.15831132397E+01
 0.20000000000E+02 0.11550746989E-01 0.15896111113E+02 0.11281288844E+01 0.11313297721E+01 0.92373027977E+00 0.10098783215E+01-0.26445312017E-02 0.15827953372E+01
