 0.28142361111E+02 0.16381354545E-01 0.16524025142E+02 0.11672001219E+01 0.11698658346E+01 0.88948443344E+00 0.10129724645E+01-0.23885444693E-02 0.16131361831E+01
 0.28159722222E+02 0.16393010333E-01 0.16525209036E+02 0.11672860735E+01 0.11699513552E+01 0.88940018820E+00 0.10129791836E+01-0.23891889008E-02 0.16135457204E+01
 0.28177083333E+02 0.16405619910E-01 0.16526329833E+02 0.11673716926E+01 0.11700366941E+01 0.88930904081E+00 0.10129864485E+01-0.23907833538E-02 0.16142674917E+01
 0.28194444444E+02 0.16417732471E-01 0.16527569331E+02 0.11674569406E+01 0.11701216552E+01 0.88922147783E+00 0.10129934231E+01-0.23921160668E-02 0.16149194266E+01
 0.28211805556E+02 0.16428171884E-01 0.16529008147E+02 0.11675419975E+01 0.11702062841E+01 0.88914600374E+00 0.10129994312E+01-0.23921600250E-02 0.16151665331E+01
 0.28229166667E+02 0.16437030284E-01 0.16530647450E+02 0.11676274424E+01 0.11702911015E+01 0.88908195525E+00 0.10130045272E+01-0.23909356312E-02 0.16150148799E+01
 0.28246527778E+02 0.16444819405E-01 0.16532392801E+02 0.11677133032E+01 0.11703763198E+01 0.88902563436E+00 0.10130090064E+01-0.23890135495E-02 0.16146407437E+01
 0.28263888889E+02 0.16452875389E-01 0.16534081121E+02 0.11677991072E+01 0.11704616338E+01 0.88896738034E+00 0.10130136374E+01-0.23870691564E-02 0.16142469813E+01
 0.28281250000E+02 0.16462193150E-01 0.16535672734E+02 0.11678845195E+01 0.11705467552E+01 0.88889999779E+00 0.10130189915E+01-0.23857851157E-02 0.16140552491E+01
 0.28298611111E+02 0.16473239386E-01 0.16537046906E+02 0.11679696582E+01 0.11706317707E+01 0.88882010937E+00 0.10130253360E+01-0.23856155084E-02 0.16142055554E+01
 0.28315972222E+02 0.16486304000E-01 0.16538162151E+02 0.11680544413E+01 0.11707165038E+01 0.88872561501E+00 0.10130328356E+01-0.23864827883E-02 0.16146724411E+01
 0.28333333333E+02 0.16499931428E-01 0.16539239615E+02 0.11681383848E+01 0.11708004132E+01 0.88862703991E+00 0.10130406535E+01-0.23877041496E-02 0.16152553194E+01
 0.28350694444E+02 0.16512656719E-01 0.16540442859E+02 0.11682214590E+01 0.11708834347E+01 0.88853498128E+00 0.10130479495E+01-0.23885235610E-02 0.16157222204E+01
 0.28368055556E+02 0.16523527320E-01 0.16541867821E+02 0.11683035051E+01 0.11709655174E+01 0.88845633300E+00 0.10130541787E+01-0.23884627143E-02 0.16159236725E+01
 0.28385416667E+02 0.16532264750E-01 0.16543447270E+02 0.11683844368E+01 0.11710466542E+01 0.88839311339E+00 0.10130591833E+01-0.23874550129E-02 0.16158301663E+01
 0.28402777778E+02 0.16539221515E-01 0.16545161100E+02 0.11684649299E+01 0.11711275288E+01 0.88834277478E+00 0.10130631666E+01-0.23858219196E-02 0.16155436497E+01
 0.28420138889E+02 0.16545756963E-01 0.16546885925E+02 0.11685455940E+01 0.11712087439E+01 0.88829548236E+00 0.10130669074E+01-0.23842671634E-02 0.16152793437E+01
 0.28437500000E+02 0.16553967136E-01 0.16548462443E+02 0.11686261506E+01 0.11712900125E+01 0.88823606782E+00 0.10130716053E+01-0.23833644139E-02 0.16152078345E+01
 0.28454861111E+02 0.16564304725E-01 0.16549895285E+02 0.11687062673E+01 0.11713709054E+01 0.88816125253E+00 0.10130775180E+01-0.23831502078E-02 0.16153406587E+01
 0.28472222222E+02 0.16576810416E-01 0.16551165914E+02 0.11687858429E+01 0.11714512646E+01 0.88807073840E+00 0.10130846670E+01-0.23836059833E-02 0.16156703037E+01
 0.28489583333E+02 0.16591094607E-01 0.16552320170E+02 0.11688649224E+01 0.11715310576E+01 0.88796734126E+00 0.10130928276E+01-0.23845486299E-02 0.16161481083E+01
 0.28506944444E+02 0.16605207052E-01 0.16553500654E+02 0.11689438796E+01 0.11716106062E+01 0.88786517632E+00 0.10131008849E+01-0.23853340441E-02 0.16165818747E+01
 0.28524305556E+02 0.16617646540E-01 0.16554854077E+02 0.11690230223E+01 0.11716903003E+01 0.88777511342E+00 0.10131079827E+01-0.23853438328E-02 0.16167839908E+01
 0.28541666667E+02 0.16627460233E-01 0.16556367071E+02 0.11691025952E+01 0.11717703484E+01 0.88770405549E+00 0.10131135793E+01-0.23844428086E-02 0.16167091131E+01
 0.28559027778E+02 0.16635331306E-01 0.16557979260E+02 0.11691831241E+01 0.11718510976E+01 0.88764705965E+00 0.10131180663E+01-0.23830961409E-02 0.16165048769E+01
 0.28576388889E+02 0.16642151840E-01 0.16559654266E+02 0.11692646621E+01 0.11719326126E+01 0.88759766820E+00 0.10131219531E+01-0.23818872058E-02 0.16163580150E+01
 0.28593750000E+02 0.16649282143E-01 0.16561242847E+02 0.11693467711E+01 0.11720146675E+01 0.88754603080E+00 0.10131260151E+01-0.23810515001E-02 0.16163237436E+01
 0.28611111111E+02 0.16658000372E-01 0.16562704626E+02 0.11694286591E+01 0.11720967223E+01 0.88748288990E+00 0.10131309799E+01-0.23806183653E-02 0.16164005635E+01
 0.28628472222E+02 0.16668734676E-01 0.16564058323E+02 0.11695098460E+01 0.11721781361E+01 0.88740514203E+00 0.10131370900E+01-0.23806987039E-02 0.16166263148E+01
 0.28645833333E+02 0.16681507453E-01 0.16565306503E+02 0.11695908747E+01 0.11722589910E+01 0.88731262140E+00 0.10131443565E+01-0.23811731670E-02 0.16169668858E+01
 0.28663194444E+02 0.16695319737E-01 0.16566596030E+02 0.11696727596E+01 0.11723400799E+01 0.88721256094E+00 0.10131522096E+01-0.23815363702E-02 0.16172755992E+01
 0.28680555556E+02 0.16708687623E-01 0.16567946915E+02 0.11697560482E+01 0.11724221665E+01 0.88711570986E+00 0.10131598052E+01-0.23815461003E-02 0.16174796144E+01
 0.28697916667E+02 0.16720850484E-01 0.16569348124E+02 0.11698404149E+01 0.11725053724E+01 0.88702758074E+00 0.10131667120E+01-0.23812014068E-02 0.16175811881E+01
 0.28715277778E+02 0.16730903058E-01 0.16570897521E+02 0.11699248277E+01 0.11725889680E+01 0.88695473612E+00 0.10131724175E+01-0.23804056607E-02 0.16175554978E+01
 0.28732638889E+02 0.16739061303E-01 0.16572518321E+02 0.11700085086E+01 0.11726720693E+01 0.88689561443E+00 0.10131770459E+01-0.23791622466E-02 0.16173916352E+01
 0.28750000000E+02 0.16746253695E-01 0.16574120692E+02 0.11700919214E+01 0.11727547456E+01 0.88684348911E+00 0.10131811250E+01-0.23778713952E-02 0.16172106768E+01
