 0.87673611111E+01 0.49758893513E-02 0.15155500949E+02 0.10786737803E+01 0.10829693958E+01 0.96811232723E+00 0.10046734411E+01-0.32790031395E-02 0.15724496167E+01
 0.87847222222E+01 0.49860166279E-02 0.15156528260E+02 0.10787543790E+01 0.10830472088E+01 0.96804595591E+00 0.10046823223E+01-0.32782641499E-02 0.15726250174E+01
 0.88020833333E+01 0.49961393492E-02 0.15157568422E+02 0.10788340867E+01 0.10831242427E+01 0.96797960838E+00 0.10046911970E+01-0.32768007179E-02 0.15726246560E+01
 0.88194444444E+01 0.50060938969E-02 0.15158642352E+02 0.10789137007E+01 0.10832012593E+01 0.96791435719E+00 0.10046999217E+01-0.32747177576E-02 0.15724780744E+01
 0.88368055556E+01 0.50160760529E-02 0.15159707349E+02 0.10789940282E+01 0.10832790511E+01 0.96784891914E+00 0.10047086680E+01-0.32727776285E-02 0.15723658950E+01
 0.88541666667E+01 0.50262900811E-02 0.15160747080E+02 0.10790750309E+01 0.10833575215E+01 0.96778195493E+00 0.10047176149E+01-0.32714282332E-02 0.15723940944E+01
 0.88715277778E+01 0.50365914426E-02 0.15161777765E+02 0.10791560549E+01 0.10834360697E+01 0.96771441190E+00 0.10047266356E+01-0.32705000759E-02 0.15725221568E+01
 0.88888888889E+01 0.50467663439E-02 0.15162797659E+02 0.10792364800E+01 0.10835141098E+01 0.96764769185E+00 0.10047355428E+01-0.32695752599E-02 0.15726481896E+01
 0.89062500000E+01 0.50567116275E-02 0.15163838405E+02 0.10793161990E+01 0.10835914169E+01 0.96758247155E+00 0.10047442466E+01-0.32682540897E-02 0.15726795032E+01
 0.89236111111E+01 0.50664516073E-02 0.15164907969E+02 0.10793958993E+01 0.10836686391E+01 0.96751859193E+00 0.10047527682E+01-0.32663403613E-02 0.15725717136E+01
 0.89409722222E+01 0.50760618799E-02 0.15165999929E+02 0.10794763258E+01 0.10837465861E+01 0.96745555747E+00 0.10047611739E+01-0.32642882235E-02 0.15724347719E+01
 0.89583333333E+01 0.50857547630E-02 0.15167068862E+02 0.10795574967E+01 0.10838253533E+01 0.96739197563E+00 0.10047696495E+01-0.32626690213E-02 0.15724006094E+01
 0.89756944444E+01 0.50957107278E-02 0.15168108927E+02 0.10796388596E+01 0.10839044618E+01 0.96732666226E+00 0.10047783527E+01-0.32614811841E-02 0.15724651387E+01
 0.89930555556E+01 0.51061344755E-02 0.15169129139E+02 0.10797198617E+01 0.10839833433E+01 0.96725827384E+00 0.10047874621E+01-0.32604406051E-02 0.15725593742E+01
 0.90104166667E+01 0.51166885142E-02 0.15170152015E+02 0.10798002166E+01 0.10840617097E+01 0.96718902403E+00 0.10047966825E+01-0.32593152908E-02 0.15726307080E+01
 0.90277777778E+01 0.51270218954E-02 0.15171183668E+02 0.10798803147E+01 0.10841398070E+01 0.96712121565E+00 0.10048057074E+01-0.32579662669E-02 0.15726493805E+01
 0.90451388889E+01 0.51370344534E-02 0.15172243552E+02 0.10799607596E+01 0.10842180894E+01 0.96705550650E+00 0.10048144495E+01-0.32563777660E-02 0.15726162246E+01
 0.90625000000E+01 0.51467051388E-02 0.15173336751E+02 0.10800418445E+01 0.10842968285E+01 0.96699203530E+00 0.10048228906E+01-0.32546758406E-02 0.15725626702E+01
 0.90798611111E+01 0.51561652578E-02 0.15174409186E+02 0.10801232450E+01 0.10843760066E+01 0.96692994074E+00 0.10048311457E+01-0.32529754622E-02 0.15725074709E+01
 0.90972222222E+01 0.51658039373E-02 0.15175451702E+02 0.10802043784E+01 0.10844552466E+01 0.96686666868E+00 0.10048395542E+01-0.32514799078E-02 0.15724949034E+01
 0.91145833333E+01 0.51757089656E-02 0.15176483855E+02 0.10802850763E+01 0.10845341927E+01 0.96680164246E+00 0.10048481926E+01-0.32502495158E-02 0.15725414342E+01
 0.91319444444E+01 0.51859410539E-02 0.15177518905E+02 0.10803661564E+01 0.10846133670E+01 0.96673446298E+00 0.10048571136E+01-0.32492168189E-02 0.15726363530E+01
 0.91493055556E+01 0.51963067213E-02 0.15178559199E+02 0.10804477011E+01 0.10846928455E+01 0.96666640015E+00 0.10048661484E+01-0.32481355055E-02 0.15727219783E+01
 0.91666666667E+01 0.52065781224E-02 0.15179609960E+02 0.10805291988E+01 0.10847722911E+01 0.96659895000E+00 0.10048750982E+01-0.32466784460E-02 0.15727177802E+01
 0.91840277778E+01 0.52166471355E-02 0.15180691841E+02 0.10806102303E+01 0.10848514375E+01 0.96653282282E+00 0.10048838691E+01-0.32450100099E-02 0.15726636598E+01
 0.92013888889E+01 0.52265368624E-02 0.15181749354E+02 0.10806911619E+01 0.10849305931E+01 0.96646786722E+00 0.10048924813E+01-0.32433257466E-02 0.15726023238E+01
 0.92187500000E+01 0.52364851670E-02 0.15182798165E+02 0.10807726579E+01 0.10850103111E+01 0.96640252103E+00 0.10049011420E+01-0.32419038288E-02 0.15726048563E+01
 0.92361111111E+01 0.52464599694E-02 0.15183826162E+02 0.10808545982E+01 0.10850905245E+01 0.96633699490E+00 0.10049098232E+01-0.32408568750E-02 0.15726972682E+01
 0.92534722222E+01 0.52563907565E-02 0.15184863716E+02 0.10809360010E+01 0.10851704236E+01 0.96627175203E+00 0.10049184636E+01-0.32398524791E-02 0.15727986415E+01
 0.92708333333E+01 0.52661314242E-02 0.15185927743E+02 0.10810167107E+01 0.10852497216E+01 0.96620775253E+00 0.10049269361E+01-0.32386283502E-02 0.15728466876E+01
 0.92881944444E+01 0.52758842183E-02 0.15187006594E+02 0.10810974645E+01 0.10853289703E+01 0.96614366770E+00 0.10049354167E+01-0.32371706695E-02 0.15728385597E+01
 0.93055555556E+01 0.52859063347E-02 0.15188058050E+02 0.10811787732E+01 0.10854087222E+01 0.96607780730E+00 0.10049441290E+01-0.32356334069E-02 0.15728088638E+01
 0.93229166667E+01 0.52960695076E-02 0.15189096912E+02 0.10812606879E+01 0.10854892144E+01 0.96601101386E+00 0.10049529613E+01-0.32341653582E-02 0.15727953611E+01
 0.93402777778E+01 0.53062630141E-02 0.15190146765E+02 0.10813426238E+01 0.10855700713E+01 0.96594401490E+00 0.10049618173E+01-0.32328600351E-02 0.15728205099E+01
 0.93576388889E+01 0.53165597172E-02 0.15191189273E+02 0.10814239773E+01 0.10856505870E+01 0.96587633140E+00 0.10049707602E+01-0.32316129705E-02 0.15728555906E+01
 0.93750000000E+01 0.53268636750E-02 0.15192234877E+02 0.10815048505E+01 0.10857305627E+01 0.96580859391E+00 0.10049797067E+01-0.32304983875E-02 0.15729218416E+01
