 0.16267361111E+02 0.93495342867E-02 0.15634955550E+02 0.11117677231E+01 0.11153506310E+01 0.93887841538E+00 0.10082623365E+01-0.28080959273E-02 0.15767079767E+01
 0.16284722222E+02 0.93594985730E-02 0.15636109401E+02 0.11118413580E+01 0.11154234981E+01 0.93881050037E+00 0.10082699412E+01-0.28071860991E-02 0.15767013882E+01
 0.16302083333E+02 0.93693107034E-02 0.15637300791E+02 0.11119141557E+01 0.11154955545E+01 0.93874361659E+00 0.10082774271E+01-0.28068169694E-02 0.15768477811E+01
 0.16319444444E+02 0.93792960536E-02 0.15638520281E+02 0.11119863923E+01 0.11155669404E+01 0.93867554611E+00 0.10082850427E+01-0.28065157727E-02 0.15770132139E+01
 0.16336805556E+02 0.93896652035E-02 0.15639705101E+02 0.11120585962E+01 0.11156381768E+01 0.93860485289E+00 0.10082929481E+01-0.28060888409E-02 0.15771387823E+01
 0.16354166667E+02 0.94001204497E-02 0.15640865360E+02 0.11121310631E+01 0.11157095754E+01 0.93853356615E+00 0.10083009164E+01-0.28054344565E-02 0.15772001379E+01
 0.16371527778E+02 0.94101386145E-02 0.15642054418E+02 0.11122038127E+01 0.11157812131E+01 0.93846525337E+00 0.10083085488E+01-0.28043917895E-02 0.15771573067E+01
 0.16388888889E+02 0.94200707159E-02 0.15643246138E+02 0.11122767600E+01 0.11158530266E+01 0.93839752147E+00 0.10083161130E+01-0.28031557337E-02 0.15770597110E+01
 0.16406250000E+02 0.94303258066E-02 0.15644408783E+02 0.11123495748E+01 0.11159246237E+01 0.93832758072E+00 0.10083239205E+01-0.28021503331E-02 0.15770228436E+01
 0.16423611111E+02 0.94406467620E-02 0.15645580798E+02 0.11124222589E+01 0.11159960277E+01 0.93825718437E+00 0.10083317753E+01-0.28013009271E-02 0.15770307404E+01
 0.16440972222E+02 0.94508205280E-02 0.15646769300E+02 0.11124949573E+01 0.11160674579E+01 0.93818778568E+00 0.10083395154E+01-0.28005907073E-02 0.15770797739E+01
 0.16458333333E+02 0.94608725766E-02 0.15647940300E+02 0.11125679640E+01 0.11161391745E+01 0.93811921114E+00 0.10083471602E+01-0.28002968488E-02 0.15772454427E+01
 0.16475694444E+02 0.94709053460E-02 0.15649101169E+02 0.11126412478E+01 0.11162111509E+01 0.93805076206E+00 0.10083547876E+01-0.27999710705E-02 0.15774020821E+01
 0.16493055556E+02 0.94809607659E-02 0.15650291960E+02 0.11127145237E+01 0.11162830439E+01 0.93798215235E+00 0.10083624297E+01-0.27989774751E-02 0.15773732665E+01
 0.16510416667E+02 0.94911630701E-02 0.15651502019E+02 0.11127878630E+01 0.11163549037E+01 0.93791253421E+00 0.10083701806E+01-0.27975642385E-02 0.15772277327E+01
 0.16527777778E+02 0.95013345589E-02 0.15652707384E+02 0.11128615475E+01 0.11164270751E+01 0.93784312010E+00 0.10083779054E+01-0.27964224371E-02 0.15771592185E+01
 0.16545138889E+02 0.95114058810E-02 0.15653890908E+02 0.11129353015E+01 0.11164994435E+01 0.93777438343E+00 0.10083855515E+01-0.27957941187E-02 0.15772320371E+01
 0.16562500000E+02 0.95218320565E-02 0.15655047126E+02 0.11130089996E+01 0.11165719313E+01 0.93770321845E+00 0.10083934641E+01-0.27955172045E-02 0.15773986393E+01
 0.16579861111E+02 0.95324919198E-02 0.15656208343E+02 0.11130824492E+01 0.11166442351E+01 0.93763045165E+00 0.10084015511E+01-0.27952899998E-02 0.15775790827E+01
 0.16597222222E+02 0.95428543352E-02 0.15657390833E+02 0.11131558638E+01 0.11167163523E+01 0.93755970873E+00 0.10084094096E+01-0.27944340996E-02 0.15775871742E+01
 0.16614583333E+02 0.95526921429E-02 0.15658625920E+02 0.11132299715E+01 0.11167889396E+01 0.93749254127E+00 0.10084168676E+01-0.27929374585E-02 0.15774236862E+01
 0.16631944444E+02 0.95623207400E-02 0.15659848128E+02 0.11133046603E+01 0.11168621232E+01 0.93742679654E+00 0.10084241645E+01-0.27914963943E-02 0.15772750663E+01
 0.16649305556E+02 0.95722976000E-02 0.15660993601E+02 0.11133793328E+01 0.11169355239E+01 0.93735866795E+00 0.10084317228E+01-0.27906716454E-02 0.15772897615E+01
 0.16666666667E+02 0.95826383397E-02 0.15662124547E+02 0.11134535684E+01 0.11170086202E+01 0.93728804823E+00 0.10084395540E+01-0.27905210845E-02 0.15774906214E+01
 0.16684027778E+02 0.95931038505E-02 0.15663250333E+02 0.11135273890E+01 0.11170811985E+01 0.93721656986E+00 0.10084474768E+01-0.27905553443E-02 0.15777420568E+01
 0.16701388889E+02 0.96036304920E-02 0.15664435973E+02 0.11136011175E+01 0.11171534461E+01 0.93714466732E+00 0.10084554429E+01-0.27902141498E-02 0.15778947617E+01
 0.16718750000E+02 0.96137559367E-02 0.15665693384E+02 0.11136752378E+01 0.11172258405E+01 0.93707549887E+00 0.10084631027E+01-0.27888967334E-02 0.15777822349E+01
 0.16736111111E+02 0.96235729119E-02 0.15667001911E+02 0.11137501172E+01 0.11172989520E+01 0.93700843173E+00 0.10084705265E+01-0.27868494511E-02 0.15774702406E+01
 0.16753472222E+02 0.96334163419E-02 0.15668226319E+02 0.11138255930E+01 0.11173728234E+01 0.93694117802E+00 0.10084779678E+01-0.27852318731E-02 0.15772712087E+01
 0.16770833333E+02 0.96435268930E-02 0.15669353581E+02 0.11139011504E+01 0.11174468176E+01 0.93687209318E+00 0.10084856083E+01-0.27847670160E-02 0.15773868788E+01
 0.16788194444E+02 0.96540240837E-02 0.15670431595E+02 0.11139763080E+01 0.11175202476E+01 0.93680035994E+00 0.10084935382E+01-0.27850390690E-02 0.15777040976E+01
 0.16805555556E+02 0.96648144225E-02 0.15671541677E+02 0.11140510356E+01 0.11175930795E+01 0.93672661654E+00 0.10085016864E+01-0.27850671150E-02 0.15779547108E+01
 0.16822916667E+02 0.96753528713E-02 0.15672731806E+02 0.11141252428E+01 0.11176654293E+01 0.93665458784E+00 0.10085096415E+01-0.27842867064E-02 0.15779844781E+01
 0.16840277778E+02 0.96855029079E-02 0.15673982581E+02 0.11141992196E+01 0.11177376550E+01 0.93658520756E+00 0.10085173006E+01-0.27827664175E-02 0.15778114617E+01
 0.16857638889E+02 0.96953186555E-02 0.15675248337E+02 0.11142734790E+01 0.11178101646E+01 0.93651810640E+00 0.10085247049E+01-0.27810532211E-02 0.15775875104E+01
 0.16875000000E+02 0.97047928568E-02 0.15676507769E+02 0.11143481205E+01 0.11178830116E+01 0.93645333457E+00 0.10085318491E+01-0.27797114026E-02 0.15774692730E+01
