 0.13767361111E+02 0.78916424495E-02 0.15468508196E+02 0.11014117679E+01 0.11052485881E+01 0.94875071668E+00 0.10071214473E+01-0.29340634431E-02 0.15743693035E+01
 0.13784722222E+02 0.79018427050E-02 0.15469644151E+02 0.11014902359E+01 0.11053248259E+01 0.94868208898E+00 0.10071296237E+01-0.29331114067E-02 0.15743998433E+01
 0.13802083333E+02 0.79112000290E-02 0.15470786357E+02 0.11015672723E+01 0.11053998156E+01 0.94861912705E+00 0.10071371221E+01-0.29323867126E-02 0.15744910367E+01
 0.13819444444E+02 0.79200385526E-02 0.15471937074E+02 0.11016426672E+01 0.11054732119E+01 0.94855965110E+00 0.10071442026E+01-0.29317474754E-02 0.15746042975E+01
 0.13836805556E+02 0.79284070956E-02 0.15473125892E+02 0.11017178327E+01 0.11055461799E+01 0.94850333339E+00 0.10071509047E+01-0.29305205819E-02 0.15745638531E+01
 0.13854166667E+02 0.79370716887E-02 0.15474286712E+02 0.11017947781E+01 0.11056206156E+01 0.94844501892E+00 0.10071578420E+01-0.29288081695E-02 0.15743914361E+01
 0.13871527778E+02 0.79468983916E-02 0.15475395445E+02 0.11018734788E+01 0.11056967032E+01 0.94837887774E+00 0.10071657073E+01-0.29274047208E-02 0.15742943115E+01
 0.13888888889E+02 0.79580809516E-02 0.15476450432E+02 0.11019521848E+01 0.11057730016E+01 0.94830360355E+00 0.10071746548E+01-0.29267357234E-02 0.15743820746E+01
 0.13906250000E+02 0.79701640237E-02 0.15477514873E+02 0.11020291674E+01 0.11058478084E+01 0.94822225920E+00 0.10071843192E+01-0.29266769487E-02 0.15746270607E+01
 0.13923611111E+02 0.79821488938E-02 0.15478652308E+02 0.11021043511E+01 0.11059207692E+01 0.94814156727E+00 0.10071939012E+01-0.29262730328E-02 0.15747853022E+01
 0.13940972222E+02 0.79929782977E-02 0.15479861407E+02 0.11021795312E+01 0.11059934138E+01 0.94806864745E+00 0.10072025562E+01-0.29249195651E-02 0.15747025909E+01
 0.13958333333E+02 0.80026603160E-02 0.15481063580E+02 0.11022563972E+01 0.11060675278E+01 0.94800344758E+00 0.10072102915E+01-0.29229675844E-02 0.15744678576E+01
 0.13975694444E+02 0.80117513086E-02 0.15482223093E+02 0.11023349121E+01 0.11061432323E+01 0.94794222261E+00 0.10072175524E+01-0.29210776124E-02 0.15742518287E+01
 0.13993055556E+02 0.80205784781E-02 0.15483335497E+02 0.11024135744E+01 0.11062191702E+01 0.94788276965E+00 0.10072246006E+01-0.29200665429E-02 0.15742678027E+01
 0.14010416667E+02 0.80295121009E-02 0.15484405310E+02 0.11024907093E+01 0.11062937171E+01 0.94782259492E+00 0.10072317316E+01-0.29200587319E-02 0.15745435450E+01
 0.14027777778E+02 0.80389981204E-02 0.15485503295E+02 0.11025659478E+01 0.11063663892E+01 0.94775869413E+00 0.10072393013E+01-0.29200746394E-02 0.15748199860E+01
 0.14045138889E+02 0.80491067031E-02 0.15486666203E+02 0.11026404315E+01 0.11064381599E+01 0.94769059359E+00 0.10072473651E+01-0.29191103887E-02 0.15748332712E+01
 0.14062500000E+02 0.80599309948E-02 0.15487846505E+02 0.11027155688E+01 0.11065104408E+01 0.94761766457E+00 0.10072559970E+01-0.29174012168E-02 0.15746450441E+01
 0.14079861111E+02 0.80714482921E-02 0.15488974586E+02 0.11027916812E+01 0.11065837344E+01 0.94754005866E+00 0.10072651781E+01-0.29157118994E-02 0.15744569879E+01
 0.14097222222E+02 0.80830524735E-02 0.15490086169E+02 0.11028676673E+01 0.11066570750E+01 0.94746185923E+00 0.10072744249E+01-0.29145058418E-02 0.15743977448E+01
 0.14114583333E+02 0.80940726396E-02 0.15491193883E+02 0.11029421709E+01 0.11067290040E+01 0.94738758792E+00 0.10072832031E+01-0.29139680070E-02 0.15745182759E+01
 0.14131944444E+02 0.81041913767E-02 0.15492319148E+02 0.11030150231E+01 0.11067992854E+01 0.94731938543E+00 0.10072912604E+01-0.29136388678E-02 0.15746977585E+01
 0.14149305556E+02 0.81133208450E-02 0.15493498826E+02 0.11030869557E+01 0.11068686338E+01 0.94725784553E+00 0.10072985276E+01-0.29129215141E-02 0.15747796207E+01
 0.14166666667E+02 0.81218026906E-02 0.15494674614E+02 0.11031588519E+01 0.11069379400E+01 0.94720066663E+00 0.10073052774E+01-0.29117241201E-02 0.15747323954E+01
 0.14184027778E+02 0.81304636975E-02 0.15495853305E+02 0.11032311050E+01 0.11070076865E+01 0.94714227548E+00 0.10073121678E+01-0.29105179012E-02 0.15746795426E+01
 0.14201388889E+02 0.81401852116E-02 0.15496953671E+02 0.11033033382E+01 0.11070775020E+01 0.94707672917E+00 0.10073198995E+01-0.29096737141E-02 0.15747101440E+01
 0.14218750000E+02 0.81510792145E-02 0.15498030353E+02 0.11033748402E+01 0.11071466523E+01 0.94700327072E+00 0.10073285608E+01-0.29089834849E-02 0.15747727994E+01
 0.14236111111E+02 0.81625920994E-02 0.15499126312E+02 0.11034454159E+01 0.11072148665E+01 0.94692563137E+00 0.10073377108E+01-0.29080429640E-02 0.15747651047E+01
 0.14253472222E+02 0.81741752996E-02 0.15500282937E+02 0.11035154299E+01 0.11072825300E+01 0.94684750978E+00 0.10073469131E+01-0.29068763209E-02 0.15747017001E+01
 0.14270833333E+02 0.81851879711E-02 0.15501448090E+02 0.11035854813E+01 0.11073503376E+01 0.94677322856E+00 0.10073556588E+01-0.29058467501E-02 0.15746793885E+01
 0.14288194444E+02 0.81954755537E-02 0.15502594548E+02 0.11036559145E+01 0.11074186264E+01 0.94670383152E+00 0.10073638259E+01-0.29051964959E-02 0.15747625918E+01
 0.14305555556E+02 0.82050150840E-02 0.15503741405E+02 0.11037264370E+01 0.11074870178E+01 0.94663947494E+00 0.10073713965E+01-0.29047415761E-02 0.15749020764E+01
 0.14322916667E+02 0.82141731252E-02 0.15504891892E+02 0.11037968596E+01 0.11075552726E+01 0.94657768683E+00 0.10073786622E+01-0.29040842379E-02 0.15749879819E+01
 0.14340277778E+02 0.82232423159E-02 0.15506044866E+02 0.11038670149E+01 0.11076233301E+01 0.94651649322E+00 0.10073858552E+01-0.29029792655E-02 0.15749512972E+01
 0.14357638889E+02 0.82325755207E-02 0.15507189543E+02 0.11039370221E+01 0.11076913910E+01 0.94645351302E+00 0.10073932553E+01-0.29015519677E-02 0.15748217854E+01
 0.14375000000E+02 0.82427664027E-02 0.15508320156E+02 0.11040070226E+01 0.11077596023E+01 0.94638473924E+00 0.10074013329E+01-0.29002900715E-02 0.15747304214E+01
