 0.18923611111E+01 0.10154556012E-02 0.14763153638E+02 0.10466189573E+01 0.10515130546E+01 0.99360797328E+00 0.10010030868E+01-0.37815017215E-02 0.15060515417E+01
 0.19097222222E+01 0.10254138096E-02 0.14764086426E+02 0.10467161527E+01 0.10516203431E+01 0.99354500061E+00 0.10010128007E+01-0.37828220948E-02 0.15069894984E+01
 0.19270833333E+01 0.10353932098E-02 0.14765020697E+02 0.10468118608E+01 0.10517259120E+01 0.99348188827E+00 0.10010225330E+01-0.37842696045E-02 0.15079419898E+01
 0.19444444444E+01 0.10453687764E-02 0.14765960448E+02 0.10469062770E+01 0.10518298648E+01 0.99341879454E+00 0.10010322591E+01-0.37856818770E-02 0.15088789347E+01
 0.19618055556E+01 0.10552915744E-02 0.14766904228E+02 0.10469995227E+01 0.10519322269E+01 0.99335602895E+00 0.10010419314E+01-0.37869310827E-02 0.15097756735E+01
 0.19791666667E+01 0.10652361754E-02 0.14767845085E+02 0.10470915039E+01 0.10520329264E+01 0.99329311983E+00 0.10010516226E+01-0.37880460326E-02 0.15106362901E+01
 0.19965277778E+01 0.10752319522E-02 0.14768782065E+02 0.10471822505E+01 0.10521319005E+01 0.99322988133E+00 0.10010613613E+01-0.37891228462E-02 0.15114803782E+01
 0.20138888889E+01 0.10852222331E-02 0.14769715127E+02 0.10472719897E+01 0.10522295426E+01 0.99316667192E+00 0.10010710922E+01-0.37902672048E-02 0.15123299068E+01
 0.20312500000E+01 0.10951843716E-02 0.14770654631E+02 0.10473608660E+01 0.10523262542E+01 0.99310363493E+00 0.10010807933E+01-0.37914817020E-02 0.15131868729E+01
 0.20486111111E+01 0.11051453028E-02 0.14771596511E+02 0.10474486845E+01 0.10524219064E+01 0.99304059994E+00 0.10010904908E+01-0.37927389130E-02 0.15140443752E+01
 0.20659722222E+01 0.11150809139E-02 0.14772543966E+02 0.10475353039E+01 0.10525161716E+01 0.99297771957E+00 0.10011001613E+01-0.37939674333E-02 0.15148886135E+01
 0.20833333333E+01 0.11249413264E-02 0.14773493002E+02 0.10476208445E+01 0.10526088708E+01 0.99291530956E+00 0.10011097563E+01-0.37950432470E-02 0.15156960328E+01
 0.21006944444E+01 0.11348646375E-02 0.14774431541E+02 0.10477054353E+01 0.10526999945E+01 0.99285249587E+00 0.10011194100E+01-0.37959234767E-02 0.15164574729E+01
 0.21180555556E+01 0.11449311471E-02 0.14775364833E+02 0.10477894720E+01 0.10527900629E+01 0.99278877003E+00 0.10011292007E+01-0.37968412929E-02 0.15172222107E+01
 0.21354166667E+01 0.11550330488E-02 0.14776300119E+02 0.10478730129E+01 0.10528793993E+01 0.99272481436E+00 0.10011390233E+01-0.37979045238E-02 0.15180126308E+01
 0.21527777778E+01 0.11650436458E-02 0.14777248165E+02 0.10479557769E+01 0.10529679429E+01 0.99266143101E+00 0.10011487547E+01-0.37989362602E-02 0.15187924117E+01
 0.21701388889E+01 0.11749098001E-02 0.14778204496E+02 0.10480374913E+01 0.10530553926E+01 0.99259895664E+00 0.10011583433E+01-0.37998476198E-02 0.15195421501E+01
 0.21875000000E+01 0.11847113273E-02 0.14779153383E+02 0.10481181915E+01 0.10531415474E+01 0.99253688603E+00 0.10011678667E+01-0.38008105940E-02 0.15202952762E+01
 0.22048611111E+01 0.11945904994E-02 0.14780091553E+02 0.10481980836E+01 0.10532263067E+01 0.99247431818E+00 0.10011774633E+01-0.38019301580E-02 0.15210743548E+01
 0.22222222222E+01 0.12045527356E-02 0.14781023510E+02 0.10482773966E+01 0.10533099000E+01 0.99241121864E+00 0.10011871381E+01-0.38030615809E-02 0.15218521485E+01
 0.22395833333E+01 0.12145571964E-02 0.14781964045E+02 0.10483562515E+01 0.10533927318E+01 0.99234784597E+00 0.10011968515E+01-0.38040018686E-02 0.15225892343E+01
 0.22569444444E+01 0.12245480695E-02 0.14782919197E+02 0.10484345627E+01 0.10534748800E+01 0.99228455369E+00 0.10012065492E+01-0.38045561307E-02 0.15232462996E+01
 0.22743055556E+01 0.12345340197E-02 0.14783877607E+02 0.10485123114E+01 0.10535563399E+01 0.99222128693E+00 0.10012162398E+01-0.38048969093E-02 0.15238568682E+01
 0.22916666667E+01 0.12445057312E-02 0.14784827978E+02 0.10485894539E+01 0.10536368199E+01 0.99215810471E+00 0.10012259141E+01-0.38055327192E-02 0.15245223126E+01
 0.23090277778E+01 0.12545048033E-02 0.14785758877E+02 0.10486660620E+01 0.10537161829E+01 0.99209474345E+00 0.10012356126E+01-0.38066684112E-02 0.15252836298E+01
 0.23263888889E+01 0.12644953114E-02 0.14786690123E+02 0.10487422077E+01 0.10537946235E+01 0.99203143077E+00 0.10012453002E+01-0.38078225071E-02 0.15260467539E+01
 0.23437500000E+01 0.12743697919E-02 0.14787631673E+02 0.10488179422E+01 0.10538722417E+01 0.99196884781E+00 0.10012548730E+01-0.38084541330E-02 0.15267046958E+01
 0.23611111111E+01 0.12841543694E-02 0.14788589470E+02 0.10488934250E+01 0.10539491672E+01 0.99190682917E+00 0.10012643563E+01-0.38086988188E-02 0.15272859342E+01
 0.23784722222E+01 0.12939402562E-02 0.14789552508E+02 0.10489687785E+01 0.10540254733E+01 0.99184479678E+00 0.10012738385E+01-0.38090856580E-02 0.15278956324E+01
 0.23958333333E+01 0.13039015327E-02 0.14790501111E+02 0.10490441020E+01 0.10541012171E+01 0.99178164699E+00 0.10012834883E+01-0.38097911445E-02 0.15285675300E+01
 0.24131944444E+01 0.13140520673E-02 0.14791442993E+02 0.10491194275E+01 0.10541766275E+01 0.99171729159E+00 0.10012933189E+01-0.38105185168E-02 0.15292426895E+01
 0.24305555556E+01 0.13242608533E-02 0.14792379908E+02 0.10491947907E+01 0.10542519993E+01 0.99165256095E+00 0.10013032033E+01-0.38108883102E-02 0.15298455514E+01
 0.24479166667E+01 0.13343314584E-02 0.14793322746E+02 0.10492701022E+01 0.10543271632E+01 0.99158870065E+00 0.10013129515E+01-0.38109453993E-02 0.15303866690E+01
 0.24652777778E+01 0.13442208371E-02 0.14794267929E+02 0.10493450929E+01 0.10544017495E+01 0.99152598393E+00 0.10013225218E+01-0.38111591928E-02 0.15309584026E+01
 0.24826388889E+01 0.13540353943E-02 0.14795218618E+02 0.10494198539E+01 0.10544757138E+01 0.99146373621E+00 0.10013320174E+01-0.38117210283E-02 0.15316001548E+01
 0.25000000000E+01 0.13637939728E-02 0.14796175260E+02 0.10494945311E+01 0.10545492340E+01 0.99140183808E+00 0.10013414564E+01-0.38123482312E-02 0.15322553578E+01
