 0.64236111111E+00 0.30150065479E-03 0.14696461416E+02 0.10322311279E+01 0.10344927400E+01 0.99810819177E+00 0.10003004132E+01-0.37152438352E-02 0.13707170813E+01
 0.65972222222E+00 0.31137765705E-03 0.14697377568E+02 0.10326088186E+01 0.10349320195E+01 0.99804613088E+00 0.10003102180E+01-0.37122840241E-02 0.13746856627E+01
 0.67708333333E+00 0.32126120827E-03 0.14698293116E+02 0.10329791922E+01 0.10353636870E+01 0.99798402334E+00 0.10003200269E+01-0.37098228309E-02 0.13785336348E+01
 0.69444444444E+00 0.33116600060E-03 0.14699207694E+02 0.10333422139E+01 0.10357876805E+01 0.99792177682E+00 0.10003298546E+01-0.37078374934E-02 0.13822714350E+01
 0.71180555556E+00 0.34108023675E-03 0.14700122770E+02 0.10336979370E+01 0.10362040261E+01 0.99785946541E+00 0.10003396893E+01-0.37061734718E-02 0.13858847350E+01
 0.72916666667E+00 0.35097669854E-03 0.14701039598E+02 0.10340464547E+01 0.10366127691E+01 0.99779726021E+00 0.10003495041E+01-0.37045989177E-02 0.13893431455E+01
 0.74652777778E+00 0.36085056961E-03 0.14701958275E+02 0.10343877949E+01 0.10370139135E+01 0.99773519150E+00 0.10003592940E+01-0.37030172472E-02 0.13926387809E+01
 0.76388888889E+00 0.37072402524E-03 0.14702875962E+02 0.10347219986E+01 0.10374075457E+01 0.99767311992E+00 0.10003690812E+01-0.37016130544E-02 0.13958154088E+01
 0.78125000000E+00 0.38062016383E-03 0.14703791550E+02 0.10350490934E+01 0.10377936895E+01 0.99761090024E+00 0.10003788886E+01-0.37006925756E-02 0.13989399083E+01
 0.79861111111E+00 0.39053418127E-03 0.14704707871E+02 0.10353692571E+01 0.10381723941E+01 0.99754856261E+00 0.10003887113E+01-0.37003400370E-02 0.14020389998E+01
 0.81597222222E+00 0.40044500132E-03 0.14705625442E+02 0.10356825669E+01 0.10385436764E+01 0.99748623955E+00 0.10003985285E+01-0.37003297731E-02 0.14050780926E+01
 0.83333333333E+00 0.41034091033E-03 0.14706544304E+02 0.10359891220E+01 0.10389075502E+01 0.99742400475E+00 0.10004083285E+01-0.37003528178E-02 0.14080060198E+01
 0.85069444444E+00 0.42023336022E-03 0.14707462964E+02 0.10362890717E+01 0.10392641463E+01 0.99736178618E+00 0.10004181228E+01-0.37003026223E-02 0.14108084755E+01
 0.86805555556E+00 0.43013326961E-03 0.14708381016E+02 0.10365824871E+01 0.10396137225E+01 0.99729951518E+00 0.10004279221E+01-0.37002828326E-02 0.14135101165E+01
 0.88541666667E+00 0.44003635948E-03 0.14709299791E+02 0.10368693723E+01 0.10399563443E+01 0.99723721866E+00 0.10004377222E+01-0.37004207479E-02 0.14161399716E+01
 0.90277777778E+00 0.44993486066E-03 0.14710219592E+02 0.10371498882E+01 0.10402920046E+01 0.99717494547E+00 0.10004475154E+01-0.37007421768E-02 0.14187098317E+01
 0.92013888889E+00 0.45982214200E-03 0.14711140934E+02 0.10374243577E+01 0.10406208208E+01 0.99711273736E+00 0.10004572951E+01-0.37012795220E-02 0.14212334155E+01
 0.93750000000E+00 0.46971047375E-03 0.14712060412E+02 0.10376930396E+01 0.10409429807E+01 0.99705051714E+00 0.10004670736E+01-0.37020328440E-02 0.14237162139E+01
 0.95486111111E+00 0.47962113203E-03 0.14712979212E+02 0.10379561061E+01 0.10412587479E+01 0.99698815090E+00 0.10004768717E+01-0.37029055158E-02 0.14261435543E+01
 0.97222222222E+00 0.48953938288E-03 0.14713898602E+02 0.10382135221E+01 0.10415681688E+01 0.99692573134E+00 0.10004866750E+01-0.37037861109E-02 0.14284966496E+01
 0.98958333333E+00 0.49945188004E-03 0.14714819748E+02 0.10384653565E+01 0.10418712956E+01 0.99686334245E+00 0.10004964702E+01-0.37046375050E-02 0.14307720173E+01
 0.10069444444E+01 0.50935480759E-03 0.14715742745E+02 0.10387117461E+01 0.10421681376E+01 0.99680100827E+00 0.10005062535E+01-0.37054921821E-02 0.14329799277E+01
 0.10243055556E+01 0.51924297221E-03 0.14716665359E+02 0.10389529500E+01 0.10424588593E+01 0.99673876149E+00 0.10005160200E+01-0.37064196208E-02 0.14351382717E+01
 0.10416666667E+01 0.52913576871E-03 0.14717586765E+02 0.10391892179E+01 0.10427436475E+01 0.99667648004E+00 0.10005257886E+01-0.37074632457E-02 0.14372595977E+01
 0.10590277778E+01 0.53904959653E-03 0.14718506857E+02 0.10394206335E+01 0.10430226600E+01 0.99661406065E+00 0.10005355757E+01-0.37085775670E-02 0.14393374309E+01
 0.10763888889E+01 0.54896540295E-03 0.14719429383E+02 0.10396472775E+01 0.10432960281E+01 0.99655162326E+00 0.10005453623E+01-0.37096852810E-02 0.14413593566E+01
 0.10937500000E+01 0.55886306167E-03 0.14720354260E+02 0.10398692080E+01 0.10435637774E+01 0.99648929462E+00 0.10005551286E+01-0.37107924607E-02 0.14433286892E+01
 0.11111111111E+01 0.56875050448E-03 0.14721280313E+02 0.10400865663E+01 0.10438260812E+01 0.99642702479E+00 0.10005648825E+01-0.37119973269E-02 0.14452668589E+01
 0.11284722222E+01 0.57865830628E-03 0.14722202536E+02 0.10402996342E+01 0.10440831098E+01 0.99636462121E+00 0.10005746541E+01-0.37133817790E-02 0.14471932960E+01
 0.11458333333E+01 0.58858774610E-03 0.14723124673E+02 0.10405085080E+01 0.10443349521E+01 0.99630207579E+00 0.10005844447E+01-0.37148956377E-02 0.14491007953E+01
 0.11631944444E+01 0.59851722301E-03 0.14724047112E+02 0.10407132556E+01 0.10445817474E+01 0.99623952458E+00 0.10005942329E+01-0.37163644707E-02 0.14509569071E+01
 0.11805555556E+01 0.60842670480E-03 0.14724972931E+02 0.10409140260E+01 0.10448236776E+01 0.99617709379E+00 0.10006039990E+01-0.37176398437E-02 0.14527349307E+01
 0.11979166667E+01 0.61830379013E-03 0.14725899674E+02 0.10411109614E+01 0.10450607655E+01 0.99611486158E+00 0.10006137308E+01-0.37187653048E-02 0.14544453835E+01
 0.12152777778E+01 0.62817997577E-03 0.14726826551E+02 0.10413042239E+01 0.10452932120E+01 0.99605262954E+00 0.10006234594E+01-0.37199896063E-02 0.14561386186E+01
 0.12326388889E+01 0.63808439447E-03 0.14727751828E+02 0.10414939226E+01 0.10455211314E+01 0.99599021407E+00 0.10006332134E+01-0.37215012027E-02 0.14578534269E+01
 0.12500000000E+01 0.64802414723E-03 0.14728676050E+02 0.10416802800E+01 0.10457445743E+01 0.99592757037E+00 0.10006429998E+01-0.37232177615E-02 0.14595770314E+01
