 0.22517361111E+02 0.13033380539E-01 0.16081285370E+02 0.11391322211E+01 0.11421923214E+01 0.91336400838E+00 0.10108940342E+01-0.25554525611E-02 0.15892696595E+01
 0.22534722222E+02 0.13043935112E-01 0.16082553692E+02 0.11392239883E+01 0.11422816094E+01 0.91328974660E+00 0.10109010545E+01-0.25556261734E-02 0.15895860176E+01
 0.22552083333E+02 0.13053846935E-01 0.16083902933E+02 0.11393145459E+01 0.11423698234E+01 0.91322000123E+00 0.10109076445E+01-0.25553326544E-02 0.15897651179E+01
 0.22569444444E+02 0.13063334884E-01 0.16085265159E+02 0.11394052746E+01 0.11424583180E+01 0.91315323306E+00 0.10109139503E+01-0.25543246233E-02 0.15897236741E+01
 0.22586805556E+02 0.13073029202E-01 0.16086570818E+02 0.11394971148E+01 0.11425479132E+01 0.91308500718E+00 0.10109203908E+01-0.25529048807E-02 0.15895501522E+01
 0.22604166667E+02 0.13082809955E-01 0.16087882433E+02 0.11395900342E+01 0.11426385294E+01 0.91301616739E+00 0.10109268861E+01-0.25514593529E-02 0.15893706011E+01
 0.22621527778E+02 0.13092670344E-01 0.16089196565E+02 0.11396824389E+01 0.11427287682E+01 0.91294676139E+00 0.10109334318E+01-0.25505091910E-02 0.15893415523E+01
 0.22638888889E+02 0.13103033761E-01 0.16090450882E+02 0.11397727112E+01 0.11428171219E+01 0.91287380849E+00 0.10109403085E+01-0.25501638333E-02 0.15894863079E+01
 0.22656250000E+02 0.13114011674E-01 0.16091679128E+02 0.11398607902E+01 0.11429033769E+01 0.91279652297E+00 0.10109475900E+01-0.25502761854E-02 0.15897637200E+01
 0.22673611111E+02 0.13125182292E-01 0.16092911177E+02 0.11399477802E+01 0.11429884350E+01 0.91271787352E+00 0.10109549959E+01-0.25504035564E-02 0.15900448666E+01
 0.22690972222E+02 0.13136068446E-01 0.16094235047E+02 0.11400351259E+01 0.11430737058E+01 0.91264121985E+00 0.10109622101E+01-0.25501880222E-02 0.15902319191E+01
 0.22708333333E+02 0.13146313693E-01 0.16095644460E+02 0.11401233489E+01 0.11431598749E+01 0.91256907269E+00 0.10109689966E+01-0.25494793838E-02 0.15902794280E+01
 0.22725694444E+02 0.13155798860E-01 0.16097055465E+02 0.11402118502E+01 0.11432465606E+01 0.91250227254E+00 0.10109752772E+01-0.25481346480E-02 0.15901314346E+01
 0.22743055556E+02 0.13165068082E-01 0.16098419721E+02 0.11402996085E+01 0.11433327589E+01 0.91243698808E+00 0.10109814125E+01-0.25464992289E-02 0.15898843691E+01
 0.22760416667E+02 0.13174795672E-01 0.16099714908E+02 0.11403859515E+01 0.11434176954E+01 0.91236846983E+00 0.10109878487E+01-0.25452475978E-02 0.15897433977E+01
 0.22777777778E+02 0.13185059091E-01 0.16100938026E+02 0.11404709104E+01 0.11435012944E+01 0.91229617135E+00 0.10109946368E+01-0.25447830149E-02 0.15898345171E+01
 0.22795138889E+02 0.13195822317E-01 0.16102114145E+02 0.11405551294E+01 0.11435840893E+01 0.91222034543E+00 0.10110017524E+01-0.25450091179E-02 0.15901333753E+01
 0.22812500000E+02 0.13206830039E-01 0.16103312793E+02 0.11406395536E+01 0.11436669137E+01 0.91214279003E+00 0.10110090264E+01-0.25454366989E-02 0.15904975105E+01
 0.22829861111E+02 0.13217865574E-01 0.16104572898E+02 0.11407246781E+01 0.11437503402E+01 0.91206503153E+00 0.10110163156E+01-0.25456148815E-02 0.15907938806E+01
 0.22847222222E+02 0.13228194908E-01 0.16105977036E+02 0.11408100611E+01 0.11438340875E+01 0.91199224258E+00 0.10110231354E+01-0.25451812852E-02 0.15909180424E+01
 0.22864583333E+02 0.13237724914E-01 0.16107454252E+02 0.11408951031E+01 0.11439176304E+01 0.91192508078E+00 0.10110294250E+01-0.25439018959E-02 0.15907865054E+01
 0.22881944444E+02 0.13247148531E-01 0.16108905340E+02 0.11409800674E+01 0.11440011474E+01 0.91185866352E+00 0.10110356420E+01-0.25420469443E-02 0.15904704194E+01
 0.22899305556E+02 0.13257014725E-01 0.16110263102E+02 0.11410654168E+01 0.11440850445E+01 0.91178912141E+00 0.10110421484E+01-0.25404205488E-02 0.15902137318E+01
 0.22916666667E+02 0.13267489218E-01 0.16111498960E+02 0.11411509483E+01 0.11441691059E+01 0.91171528543E+00 0.10110490531E+01-0.25397278829E-02 0.15902330305E+01
 0.22934027778E+02 0.13278700149E-01 0.16112626549E+02 0.11412360456E+01 0.11442527362E+01 0.91163625108E+00 0.10110564401E+01-0.25399291322E-02 0.15905180631E+01
 0.22951388889E+02 0.13290125916E-01 0.16113810685E+02 0.11413206870E+01 0.11443358277E+01 0.91155569460E+00 0.10110639652E+01-0.25403970029E-02 0.15908916759E+01
 0.22968750000E+02 0.13301267529E-01 0.16115079734E+02 0.11414049999E+01 0.11444185174E+01 0.91147713415E+00 0.10110712999E+01-0.25405585793E-02 0.15911800810E+01
 0.22986111111E+02 0.13311710899E-01 0.16116431072E+02 0.11414894016E+01 0.11445012795E+01 0.91140349047E+00 0.10110781718E+01-0.25403392005E-02 0.15913629287E+01
 0.23003472222E+02 0.13321158168E-01 0.16117851461E+02 0.11415737334E+01 0.11445841391E+01 0.91133686549E+00 0.10110843858E+01-0.25395075602E-02 0.15913648672E+01
 0.23020833333E+02 0.13330023450E-01 0.16119281269E+02 0.11416577132E+01 0.11446669588E+01 0.91127434010E+00 0.10110902149E+01-0.25379639278E-02 0.15911436399E+01
 0.23038194444E+02 0.13339079785E-01 0.16120666536E+02 0.11417413830E+01 0.11447496338E+01 0.91121046249E+00 0.10110961673E+01-0.25363775768E-02 0.15908997039E+01
 0.23055555556E+02 0.13348983038E-01 0.16121986092E+02 0.11418249829E+01 0.11448321534E+01 0.91114060575E+00 0.10111026740E+01-0.25352257618E-02 0.15907797610E+01
 0.23072916667E+02 0.13359935469E-01 0.16123246242E+02 0.11419086885E+01 0.11449145013E+01 0.91106334150E+00 0.10111098669E+01-0.25346632611E-02 0.15908332786E+01
 0.23090277778E+02 0.13371868348E-01 0.16124452998E+02 0.11419923036E+01 0.11449965162E+01 0.91097915265E+00 0.10111177001E+01-0.25348707474E-02 0.15911203863E+01
 0.23107638889E+02 0.13383851267E-01 0.16125700478E+02 0.11420751039E+01 0.11450777902E+01 0.91089460236E+00 0.10111255623E+01-0.25356707693E-02 0.15915974673E+01
 0.23125000000E+02 0.13395210600E-01 0.16126975350E+02 0.11421567505E+01 0.11451582222E+01 0.91081444426E+00 0.10111330119E+01-0.25361104950E-02 0.15919657741E+01
