 0.25642361111E+02 0.14892517404E-01 0.16322121298E+02 0.11541499942E+01 0.11570066783E+01 0.90018287810E+00 0.10120848757E+01-0.24578831373E-02 0.16010593535E+01
 0.25659722222E+02 0.14904243229E-01 0.16323450064E+02 0.11542359721E+01 0.11570914399E+01 0.90009910907E+00 0.10120920949E+01-0.24571734689E-02 0.16010534431E+01
 0.25677083333E+02 0.14915913774E-01 0.16324763917E+02 0.11543224832E+01 0.11571766027E+01 0.90001572717E+00 0.10120992763E+01-0.24568475971E-02 0.16011742979E+01
 0.25694444444E+02 0.14927061157E-01 0.16326087380E+02 0.11544094431E+01 0.11572620160E+01 0.89993607580E+00 0.10121061325E+01-0.24567939190E-02 0.16013893433E+01
 0.25711805556E+02 0.14937747547E-01 0.16327407283E+02 0.11544965986E+01 0.11573474219E+01 0.89985971170E+00 0.10121127020E+01-0.24568720702E-02 0.16016518134E+01
 0.25729166667E+02 0.14947657844E-01 0.16328769477E+02 0.11545837726E+01 0.11574327017E+01 0.89978888767E+00 0.10121187917E+01-0.24567745363E-02 0.16018672169E+01
 0.25746527778E+02 0.14956612261E-01 0.16330187107E+02 0.11546715117E+01 0.11575184402E+01 0.89972489002E+00 0.10121242918E+01-0.24560903402E-02 0.16019030592E+01
 0.25763888889E+02 0.14965073336E-01 0.16331661514E+02 0.11547603161E+01 0.11576053117E+01 0.89966441410E+00 0.10121294869E+01-0.24547684390E-02 0.16017377769E+01
 0.25781250000E+02 0.14974010281E-01 0.16333131913E+02 0.11548500544E+01 0.11576933576E+01 0.89960053245E+00 0.10121349721E+01-0.24532914097E-02 0.16015168224E+01
 0.25798611111E+02 0.14984001920E-01 0.16334526319E+02 0.11549399920E+01 0.11577818280E+01 0.89952910639E+00 0.10121411022E+01-0.24523226564E-02 0.16014465093E+01
 0.25815972222E+02 0.14995234982E-01 0.16335801960E+02 0.11550294741E+01 0.11578698449E+01 0.89944879912E+00 0.10121479907E+01-0.24522279787E-02 0.16016419457E+01
 0.25833333333E+02 0.15007492459E-01 0.16337050249E+02 0.11551183996E+01 0.11579570658E+01 0.89936115990E+00 0.10121555037E+01-0.24528228510E-02 0.16020567073E+01
 0.25850694444E+02 0.15019631529E-01 0.16338389421E+02 0.11552071062E+01 0.11580438169E+01 0.89927435883E+00 0.10121629401E+01-0.24532354925E-02 0.16024249800E+01
 0.25868055556E+02 0.15030732649E-01 0.16339824277E+02 0.11552963267E+01 0.11581310696E+01 0.89919497232E+00 0.10121697373E+01-0.24527827892E-02 0.16025265740E+01
 0.25885416667E+02 0.15041030562E-01 0.16341275289E+02 0.11553866579E+01 0.11582195878E+01 0.89912132343E+00 0.10121760397E+01-0.24515149152E-02 0.16023700933E+01
 0.25902777778E+02 0.15050569255E-01 0.16342750951E+02 0.11554779341E+01 0.11583092364E+01 0.89905309896E+00 0.10121818750E+01-0.24498954235E-02 0.16021058563E+01
 0.25920138889E+02 0.15059578788E-01 0.16344164127E+02 0.11555696649E+01 0.11583993577E+01 0.89898865448E+00 0.10121873844E+01-0.24486659001E-02 0.16019647857E+01
 0.25937500000E+02 0.15068672950E-01 0.16345496621E+02 0.11556612220E+01 0.11584892196E+01 0.89892359997E+00 0.10121929434E+01-0.24482312934E-02 0.16020728576E+01
 0.25954861111E+02 0.15078512489E-01 0.16346735590E+02 0.11557523361E+01 0.11585785431E+01 0.89885320814E+00 0.10121989555E+01-0.24485762990E-02 0.16024214375E+01
 0.25972222222E+02 0.15089166935E-01 0.16347990328E+02 0.11558432421E+01 0.11586675648E+01 0.89877698027E+00 0.10122054627E+01-0.24492439907E-02 0.16028742212E+01
 0.25989583333E+02 0.15099944704E-01 0.16349357515E+02 0.11559346630E+01 0.11587569712E+01 0.89869986350E+00 0.10122120422E+01-0.24494260285E-02 0.16031809938E+01
 0.26006944444E+02 0.15110500719E-01 0.16350881409E+02 0.11560268164E+01 0.11588470722E+01 0.89862432700E+00 0.10122184833E+01-0.24485340637E-02 0.16031538948E+01
 0.26024305556E+02 0.15120937506E-01 0.16352446592E+02 0.11561197786E+01 0.11589380249E+01 0.89854963743E+00 0.10122248488E+01-0.24468663047E-02 0.16028777714E+01
 0.26041666667E+02 0.15131458150E-01 0.16353917555E+02 0.11562134916E+01 0.11590297890E+01 0.89847434148E+00 0.10122312626E+01-0.24453131903E-02 0.16026299818E+01
 0.26059027778E+02 0.15142175043E-01 0.16355252404E+02 0.11563074744E+01 0.11591218786E+01 0.89839763449E+00 0.10122377929E+01-0.24443799909E-02 0.16025710290E+01
 0.26076388889E+02 0.15153087395E-01 0.16356531220E+02 0.11564016307E+01 0.11592141023E+01 0.89831952179E+00 0.10122444393E+01-0.24441468504E-02 0.16027349917E+01
 0.26093750000E+02 0.15164212459E-01 0.16357792705E+02 0.11564960545E+01 0.11593065229E+01 0.89823987948E+00 0.10122512120E+01-0.24445842252E-02 0.16031171759E+01
 0.26111111111E+02 0.15175213098E-01 0.16359025804E+02 0.11565904696E+01 0.11593989402E+01 0.89816112098E+00 0.10122579058E+01-0.24453837611E-02 0.16036188307E+01
 0.26128472222E+02 0.15185269317E-01 0.16360348580E+02 0.11566847319E+01 0.11594912462E+01 0.89808911798E+00 0.10122640221E+01-0.24457033864E-02 0.16039786154E+01
 0.26145833333E+02 0.15194171813E-01 0.16361844134E+02 0.11567793185E+01 0.11595838835E+01 0.89802537090E+00 0.10122694344E+01-0.24446786500E-02 0.16039201310E+01
 0.26163194444E+02 0.15202575303E-01 0.16363483529E+02 0.11568747178E+01 0.11596773000E+01 0.89796519286E+00 0.10122745415E+01-0.24426427144E-02 0.16035450842E+01
 0.26180555556E+02 0.15211307960E-01 0.16365055911E+02 0.11569711869E+01 0.11597717365E+01 0.89790265338E+00 0.10122798466E+01-0.24407149706E-02 0.16031957417E+01
 0.26197916667E+02 0.15221230526E-01 0.16366413897E+02 0.11570682525E+01 0.11598668359E+01 0.89783158703E+00 0.10122858722E+01-0.24398027914E-02 0.16031509492E+01
 0.26215277778E+02 0.15232733197E-01 0.16367630766E+02 0.11571646376E+01 0.11599615112E+01 0.89774919682E+00 0.10122928541E+01-0.24400409355E-02 0.16034600245E+01
 0.26232638889E+02 0.15245129790E-01 0.16368836011E+02 0.11572597988E+01 0.11600552144E+01 0.89766039530E+00 0.10123003747E+01-0.24408151436E-02 0.16039377206E+01
 0.26250000000E+02 0.15257615961E-01 0.16370073288E+02 0.11573542278E+01 0.11601482315E+01 0.89757094327E+00 0.10123079455E+01-0.24415071379E-02 0.16043917295E+01
