 0.26267361111E+02 0.15269503194E-01 0.16371426334E+02 0.11574489629E+01 0.11602414381E+01 0.89748577387E+00 0.10123151493E+01-0.24415509708E-02 0.16046518510E+01
 0.26284722222E+02 0.15279923280E-01 0.16372945666E+02 0.11575445910E+01 0.11603354944E+01 0.89741110967E+00 0.10123214609E+01-0.24403737230E-02 0.16045380837E+01
 0.26302083333E+02 0.15288822871E-01 0.16374531580E+02 0.11576410268E+01 0.11604305096E+01 0.89734733555E+00 0.10123268493E+01-0.24382927752E-02 0.16041411761E+01
 0.26319444444E+02 0.15297016911E-01 0.16376082776E+02 0.11577373793E+01 0.11605257114E+01 0.89728861341E+00 0.10123318087E+01-0.24365431094E-02 0.16038486542E+01
 0.26336805556E+02 0.15305631813E-01 0.16377449057E+02 0.11578330419E+01 0.11606203527E+01 0.89722687109E+00 0.10123370208E+01-0.24359487642E-02 0.16039119928E+01
 0.26354166667E+02 0.15315278021E-01 0.16378719042E+02 0.11579280350E+01 0.11607142134E+01 0.89715773247E+00 0.10123428546E+01-0.24364373849E-02 0.16043147005E+01
 0.26371527778E+02 0.15326002786E-01 0.16379933912E+02 0.11580230683E+01 0.11608078586E+01 0.89708085718E+00 0.10123493378E+01-0.24372118718E-02 0.16048005744E+01
 0.26388888889E+02 0.15337727996E-01 0.16381181681E+02 0.11581190903E+01 0.11609022949E+01 0.89699680322E+00 0.10123564223E+01-0.24373196997E-02 0.16050696032E+01
 0.26406250000E+02 0.15349446179E-01 0.16382575750E+02 0.11582163728E+01 0.11609979813E+01 0.89691279185E+00 0.10123634990E+01-0.24364132873E-02 0.16050242080E+01
 0.26423611111E+02 0.15360267407E-01 0.16384123161E+02 0.11583143995E+01 0.11610945556E+01 0.89683520413E+00 0.10123700307E+01-0.24349340248E-02 0.16048102204E+01
 0.26440972222E+02 0.15370464014E-01 0.16385661165E+02 0.11584121901E+01 0.11611911110E+01 0.89676208884E+00 0.10123761826E+01-0.24336403708E-02 0.16046573408E+01
 0.26458333333E+02 0.15380547128E-01 0.16387137486E+02 0.11585089470E+01 0.11612867957E+01 0.89668978157E+00 0.10123822633E+01-0.24329699265E-02 0.16047006757E+01
 0.26475694444E+02 0.15390852015E-01 0.16388506612E+02 0.11586050659E+01 0.11613817743E+01 0.89661587799E+00 0.10123884750E+01-0.24329069589E-02 0.16049308933E+01
 0.26493055556E+02 0.15401467444E-01 0.16389750094E+02 0.11587014434E+01 0.11614767378E+01 0.89653974101E+00 0.10123948709E+01-0.24328926062E-02 0.16051673563E+01
 0.26510416667E+02 0.15411624528E-01 0.16391052321E+02 0.11587988268E+01 0.11615723875E+01 0.89646688545E+00 0.10124009879E+01-0.24324891220E-02 0.16052864469E+01
 0.26527777778E+02 0.15421441405E-01 0.16392421846E+02 0.11588972468E+01 0.11616689449E+01 0.89639646460E+00 0.10124068974E+01-0.24317380029E-02 0.16053005365E+01
 0.26545138889E+02 0.15431277948E-01 0.16393855352E+02 0.11589959071E+01 0.11617659689E+01 0.89632589722E+00 0.10124128162E+01-0.24309426546E-02 0.16053050932E+01
 0.26562500000E+02 0.15441179845E-01 0.16395287636E+02 0.11590936053E+01 0.11618624330E+01 0.89625485546E+00 0.10124187718E+01-0.24305061221E-02 0.16054249441E+01
 0.26579861111E+02 0.15451017393E-01 0.16396717125E+02 0.11591898568E+01 0.11619576829E+01 0.89618426988E+00 0.10124246860E+01-0.24303395582E-02 0.16056302062E+01
 0.26597222222E+02 0.15460910469E-01 0.16398148530E+02 0.11592852601E+01 0.11620519552E+01 0.89611328038E+00 0.10124306311E+01-0.24300155905E-02 0.16057811204E+01
 0.26614583333E+02 0.15471188518E-01 0.16399570555E+02 0.11593809599E+01 0.11621461323E+01 0.89603952258E+00 0.10124368048E+01-0.24292988645E-02 0.16057991089E+01
 0.26631944444E+02 0.15482299351E-01 0.16400955973E+02 0.11594774918E+01 0.11622408844E+01 0.89595978180E+00 0.10124434755E+01-0.24282550230E-02 0.16057026203E+01
 0.26649305556E+02 0.15494061668E-01 0.16402297333E+02 0.11595742678E+01 0.11623360017E+01 0.89587535781E+00 0.10124505339E+01-0.24273534540E-02 0.16056466074E+01
 0.26666666667E+02 0.15505810877E-01 0.16403638351E+02 0.11596704596E+01 0.11624308580E+01 0.89579102013E+00 0.10124575807E+01-0.24269592789E-02 0.16057586751E+01
 0.26684027778E+02 0.15516778159E-01 0.16405027120E+02 0.11597656500E+01 0.11625250283E+01 0.89571228820E+00 0.10124641552E+01-0.24270406603E-02 0.16060346914E+01
 0.26701388889E+02 0.15526897097E-01 0.16406404857E+02 0.11598597371E+01 0.11626182061E+01 0.89563964036E+00 0.10124702184E+01-0.24273171284E-02 0.16063770783E+01
 0.26718750000E+02 0.15536313626E-01 0.16407806065E+02 0.11599530870E+01 0.11627105384E+01 0.89557203020E+00 0.10124758583E+01-0.24272670794E-02 0.16066171015E+01
 0.26736111111E+02 0.15545081499E-01 0.16409233970E+02 0.11600464340E+01 0.11628026889E+01 0.89550907285E+00 0.10124811075E+01-0.24265712086E-02 0.16066498432E+01
 0.26753472222E+02 0.15553480398E-01 0.16410729315E+02 0.11601399048E+01 0.11628949416E+01 0.89544876085E+00 0.10124861340E+01-0.24254136954E-02 0.16065355566E+01
 0.26770833333E+02 0.15562407127E-01 0.16412201184E+02 0.11602332953E+01 0.11629872703E+01 0.89538465418E+00 0.10124914743E+01-0.24243918957E-02 0.16064571917E+01
 0.26788194444E+02 0.15572521216E-01 0.16413601238E+02 0.11603261926E+01 0.11630794057E+01 0.89531201514E+00 0.10124975223E+01-0.24237265478E-02 0.16064792373E+01
 0.26805555556E+02 0.15584149066E-01 0.16414947560E+02 0.11604181092E+01 0.11631709125E+01 0.89522849720E+00 0.10125044722E+01-0.24231898932E-02 0.16065264046E+01
 0.26822916667E+02 0.15597033746E-01 0.16416239076E+02 0.11605094156E+01 0.11632618880E+01 0.89513594309E+00 0.10125121692E+01-0.24228846087E-02 0.16066390602E+01
 0.26840277778E+02 0.15610020744E-01 0.16417527235E+02 0.11606006975E+01 0.11633526446E+01 0.89504264455E+00 0.10125199228E+01-0.24230776223E-02 0.16069206751E+01
 0.26857638889E+02 0.15621840212E-01 0.16418872347E+02 0.11606917405E+01 0.11634429972E+01 0.89495772530E+00 0.10125269755E+01-0.24234720627E-02 0.16072832980E+01
 0.26875000000E+02 0.15632246723E-01 0.16420289567E+02 0.11607819065E+01 0.11635325220E+01 0.89488295120E+00 0.10125331820E+01-0.24236692716E-02 0.16075944234E+01
