 0.12517361111E+02 0.71604977555E-02 0.15387823642E+02 0.10956373774E+01 0.10996224988E+01 0.95365358888E+00 0.10065282856E+01-0.30126547985E-02 0.15740207269E+01
 0.12534722222E+02 0.71702263260E-02 0.15388891757E+02 0.10957187653E+01 0.10997009845E+01 0.95358856233E+00 0.10065362695E+01-0.30118612782E-02 0.15741193820E+01
 0.12552083333E+02 0.71795915897E-02 0.15389978905E+02 0.10958007849E+01 0.10997797652E+01 0.95352595878E+00 0.10065439531E+01-0.30108661899E-02 0.15741710059E+01
 0.12569444444E+02 0.71889447036E-02 0.15391105578E+02 0.10958843130E+01 0.10998598380E+01 0.95346343119E+00 0.10065516243E+01-0.30095208925E-02 0.15741382427E+01
 0.12586805556E+02 0.71988558800E-02 0.15392248255E+02 0.10959690591E+01 0.10999412514E+01 0.95339716710E+00 0.10065597508E+01-0.30078788243E-02 0.15740286521E+01
 0.12604166667E+02 0.72094668275E-02 0.15393384448E+02 0.10960535327E+01 0.11000227786E+01 0.95332621795E+00 0.10065684482E+01-0.30063255194E-02 0.15739361335E+01
 0.12621527778E+02 0.72204010440E-02 0.15394497305E+02 0.10961365101E+01 0.11001030333E+01 0.95325310023E+00 0.10065774076E+01-0.30050815216E-02 0.15739168204E+01
 0.12638888889E+02 0.72310478933E-02 0.15395608167E+02 0.10962184679E+01 0.11001821280E+01 0.95318189725E+00 0.10065861285E+01-0.30040168083E-02 0.15739429042E+01
 0.12656250000E+02 0.72414455112E-02 0.15396689504E+02 0.10963012932E+01 0.11002616734E+01 0.95311235449E+00 0.10065946424E+01-0.30029989405E-02 0.15739826188E+01
 0.12673611111E+02 0.72518227247E-02 0.15397756527E+02 0.10963855061E+01 0.11003424211E+01 0.95304294173E+00 0.10066031368E+01-0.30019887561E-02 0.15740277985E+01
 0.12690972222E+02 0.72619684886E-02 0.15398840856E+02 0.10964698279E+01 0.11004236048E+01 0.95297507089E+00 0.10066114390E+01-0.30008654574E-02 0.15740464274E+01
 0.12708333333E+02 0.72714710868E-02 0.15399982438E+02 0.10965525489E+01 0.11005037413E+01 0.95291149694E+00 0.10066192125E+01-0.29995130279E-02 0.15740066203E+01
 0.12725694444E+02 0.72806514740E-02 0.15401157264E+02 0.10966335035E+01 0.11005822329E+01 0.95285007350E+00 0.10066267202E+01-0.29978688975E-02 0.15738874238E+01
 0.12743055556E+02 0.72902008792E-02 0.15402320915E+02 0.10967145438E+01 0.11006604700E+01 0.95278617569E+00 0.10066345274E+01-0.29963182710E-02 0.15737897090E+01
 0.12760416667E+02 0.73003313669E-02 0.15403422776E+02 0.10967967949E+01 0.11007395659E+01 0.95271838371E+00 0.10066428070E+01-0.29953932156E-02 0.15738513470E+01
 0.12777777778E+02 0.73109761895E-02 0.15404486100E+02 0.10968791514E+01 0.11008189320E+01 0.95264714322E+00 0.10066515042E+01-0.29947243654E-02 0.15739741231E+01
 0.12795138889E+02 0.73217438998E-02 0.15405558637E+02 0.10969601383E+01 0.11008974937E+01 0.95257507339E+00 0.10066602987E+01-0.29938666222E-02 0.15740420272E+01
 0.12812500000E+02 0.73323531885E-02 0.15406648967E+02 0.10970394591E+01 0.11009747980E+01 0.95250405709E+00 0.10066689609E+01-0.29928602297E-02 0.15740678065E+01
 0.12829861111E+02 0.73426255992E-02 0.15407767894E+02 0.10971178913E+01 0.11010511571E+01 0.95243528935E+00 0.10066773452E+01-0.29915875843E-02 0.15740256570E+01
 0.12847222222E+02 0.73526107032E-02 0.15408929626E+02 0.10971967082E+01 0.11011275332E+01 0.95236843887E+00 0.10066854925E+01-0.29900206924E-02 0.15739134362E+01
 0.12864583333E+02 0.73623858063E-02 0.15410078180E+02 0.10972763150E+01 0.11012044927E+01 0.95230298857E+00 0.10066934658E+01-0.29887132804E-02 0.15738711637E+01
 0.12881944444E+02 0.73721368353E-02 0.15411194702E+02 0.10973560745E+01 0.11012817755E+01 0.95223769373E+00 0.10067014171E+01-0.29878223043E-02 0.15739348209E+01
 0.12899305556E+02 0.73819503248E-02 0.15412309514E+02 0.10974351086E+01 0.11013587270E+01 0.95217197488E+00 0.10067094167E+01-0.29868464159E-02 0.15739715686E+01
 0.12916666667E+02 0.73919402138E-02 0.15413419423E+02 0.10975133468E+01 0.11014351392E+01 0.95210506878E+00 0.10067175576E+01-0.29857211313E-02 0.15739641410E+01
 0.12934027778E+02 0.74021384667E-02 0.15414509591E+02 0.10975912078E+01 0.11015112236E+01 0.95203676101E+00 0.10067258657E+01-0.29847863030E-02 0.15740024101E+01
 0.12951388889E+02 0.74125418083E-02 0.15415608580E+02 0.10976689906E+01 0.11015870838E+01 0.95196707312E+00 0.10067343380E+01-0.29838101434E-02 0.15740305323E+01
 0.12968750000E+02 0.74228556691E-02 0.15416744777E+02 0.10977473820E+01 0.11016631511E+01 0.95189797820E+00 0.10067427346E+01-0.29826040055E-02 0.15740047738E+01
 0.12986111111E+02 0.74330627290E-02 0.15417860802E+02 0.10978267233E+01 0.11017399326E+01 0.95182959248E+00 0.10067510416E+01-0.29814788291E-02 0.15740023515E+01
 0.13003472222E+02 0.74430415768E-02 0.15418986178E+02 0.10979065441E+01 0.11018173650E+01 0.95176272970E+00 0.10067591602E+01-0.29803719271E-02 0.15740069913E+01
 0.13020833333E+02 0.74528863220E-02 0.15420098068E+02 0.10979861306E+01 0.11018950367E+01 0.95169675960E+00 0.10067671672E+01-0.29790333679E-02 0.15739466469E+01
 0.13038194444E+02 0.74628940999E-02 0.15421228909E+02 0.10980654141E+01 0.11019727381E+01 0.95162969104E+00 0.10067753041E+01-0.29777136738E-02 0.15738897333E+01
 0.13055555556E+02 0.74731221972E-02 0.15422359428E+02 0.10981445302E+01 0.11020502142E+01 0.95156113976E+00 0.10067836176E+01-0.29768419038E-02 0.15739496130E+01
 0.13072916667E+02 0.74835463773E-02 0.15423469531E+02 0.10982237605E+01 0.11021274598E+01 0.95149126782E+00 0.10067920875E+01-0.29762588620E-02 0.15740845067E+01
 0.13090277778E+02 0.74940231021E-02 0.15424584538E+02 0.10983034045E+01 0.11022048823E+01 0.95142103709E+00 0.10068005974E+01-0.29754618565E-02 0.15741652034E+01
 0.13107638889E+02 0.75043581360E-02 0.15425713051E+02 0.10983834470E+01 0.11022827775E+01 0.95135174973E+00 0.10068089893E+01-0.29742225608E-02 0.15741315909E+01
 0.13125000000E+02 0.75144573621E-02 0.15426838968E+02 0.10984636858E+01 0.11023611315E+01 0.95128403705E+00 0.10068171871E+01-0.29725856942E-02 0.15739933093E+01
