 0.56423611111E+01 0.31717453977E-02 0.14971885233E+02 0.10635048548E+01 0.10681050028E+01 0.97983974444E+00 0.10030498583E+01-0.35889652433E-02 0.15711379089E+01
 0.56597222222E+01 0.31825244404E-02 0.14972854389E+02 0.10635926963E+01 0.10681924951E+01 0.97977024404E+00 0.10030598015E+01-0.35873196119E-02 0.15712305620E+01
 0.56770833333E+01 0.31929013430E-02 0.14973868885E+02 0.10636806060E+01 0.10682800195E+01 0.97970333014E+00 0.10030693710E+01-0.35852489829E-02 0.15712368382E+01
 0.56944444444E+01 0.32027282549E-02 0.14974905810E+02 0.10637685201E+01 0.10683677320E+01 0.97963995699E+00 0.10030784309E+01-0.35828216459E-02 0.15711680065E+01
 0.57118055556E+01 0.32122210764E-02 0.14975934932E+02 0.10638564020E+01 0.10684555496E+01 0.97957873304E+00 0.10030871805E+01-0.35803863083E-02 0.15710959834E+01
 0.57291666667E+01 0.32216902515E-02 0.14976939253E+02 0.10639441815E+01 0.10685431508E+01 0.97951765636E+00 0.10030959060E+01-0.35781868399E-02 0.15710715955E+01
 0.57465277778E+01 0.32313639190E-02 0.14977916431E+02 0.10640316639E+01 0.10686301496E+01 0.97945525529E+00 0.10031048177E+01-0.35763477568E-02 0.15711201382E+01
 0.57638888889E+01 0.32415801619E-02 0.14978861471E+02 0.10641189181E+01 0.10687166612E+01 0.97938934837E+00 0.10031142267E+01-0.35748360167E-02 0.15712336959E+01
 0.57812500000E+01 0.32521881742E-02 0.14979822194E+02 0.10642061438E+01 0.10688031463E+01 0.97932090764E+00 0.10031239937E+01-0.35733763566E-02 0.15713585317E+01
 0.57986111111E+01 0.32627446775E-02 0.14980815549E+02 0.10642933324E+01 0.10688898306E+01 0.97925279272E+00 0.10031337105E+01-0.35716075987E-02 0.15714179354E+01
 0.58159722222E+01 0.32730397817E-02 0.14981838613E+02 0.10643803194E+01 0.10689764780E+01 0.97918635820E+00 0.10031431840E+01-0.35693899905E-02 0.15713809669E+01
 0.58333333333E+01 0.32829835627E-02 0.14982871359E+02 0.10644669634E+01 0.10690626765E+01 0.97912218491E+00 0.10031523318E+01-0.35669330365E-02 0.15712915922E+01
 0.58506944444E+01 0.32927157497E-02 0.14983883028E+02 0.10645534627E+01 0.10691483691E+01 0.97905937158E+00 0.10031612825E+01-0.35646557287E-02 0.15712394399E+01
 0.58680555556E+01 0.33025319356E-02 0.14984869752E+02 0.10646401676E+01 0.10692339345E+01 0.97899601052E+00 0.10031703080E+01-0.35628375953E-02 0.15712862698E+01
 0.58854166667E+01 0.33124634342E-02 0.14985848427E+02 0.10647269017E+01 0.10693195251E+01 0.97893189942E+00 0.10031794372E+01-0.35612370858E-02 0.15713788469E+01
 0.59027777778E+01 0.33224804155E-02 0.14986816857E+02 0.10648133697E+01 0.10694049984E+01 0.97886723068E+00 0.10031886424E+01-0.35595401821E-02 0.15714463351E+01
 0.59201388889E+01 0.33325994744E-02 0.14987806599E+02 0.10648995468E+01 0.10694901537E+01 0.97880189699E+00 0.10031979388E+01-0.35575504809E-02 0.15714495778E+01
 0.59375000000E+01 0.33426351372E-02 0.14988826164E+02 0.10649856380E+01 0.10695750747E+01 0.97873709586E+00 0.10032071562E+01-0.35551650004E-02 0.15713681043E+01
 0.59548611111E+01 0.33526679511E-02 0.14989848766E+02 0.10650718055E+01 0.10696597949E+01 0.97867230724E+00 0.10032163684E+01-0.35527360971E-02 0.15712774239E+01
 0.59722222222E+01 0.33628133803E-02 0.14990862081E+02 0.10651582861E+01 0.10697445405E+01 0.97860678543E+00 0.10032256814E+01-0.35505638412E-02 0.15712433774E+01
 0.59895833333E+01 0.33730221360E-02 0.14991856256E+02 0.10652451388E+01 0.10698295843E+01 0.97854084857E+00 0.10032350500E+01-0.35486250014E-02 0.15712596988E+01
 0.60069444444E+01 0.33832366856E-02 0.14992834935E+02 0.10653321279E+01 0.10699148288E+01 0.97847486820E+00 0.10032444213E+01-0.35469351164E-02 0.15713294913E+01
 0.60243055556E+01 0.33933403158E-02 0.14993810090E+02 0.10654188622E+01 0.10699998392E+01 0.97840959833E+00 0.10032536882E+01-0.35452825962E-02 0.15714062104E+01
 0.60416666667E+01 0.34032863711E-02 0.14994802397E+02 0.10655052452E+01 0.10700844134E+01 0.97834534057E+00 0.10032628082E+01-0.35433161617E-02 0.15714144217E+01
 0.60590277778E+01 0.34129503281E-02 0.14995815103E+02 0.10655915675E+01 0.10701686966E+01 0.97828289981E+00 0.10032716670E+01-0.35409562218E-02 0.15713382620E+01
 0.60763888889E+01 0.34225134764E-02 0.14996845325E+02 0.10656782999E+01 0.10702531211E+01 0.97822110504E+00 0.10032804312E+01-0.35383783630E-02 0.15712171671E+01
 0.60937500000E+01 0.34321722941E-02 0.14997872553E+02 0.10657654965E+01 0.10703378920E+01 0.97815868665E+00 0.10032892807E+01-0.35359077565E-02 0.15711195860E+01
 0.61111111111E+01 0.34421950918E-02 0.14998876885E+02 0.10658528842E+01 0.10704229030E+01 0.97809391035E+00 0.10032984613E+01-0.35339432230E-02 0.15711294028E+01
 0.61284722222E+01 0.34527543437E-02 0.14999849366E+02 0.10659400551E+01 0.10705078447E+01 0.97802566065E+00 0.10033081305E+01-0.35324614354E-02 0.15712390839E+01
 0.61458333333E+01 0.34635852098E-02 0.15000822851E+02 0.10660269504E+01 0.10705924872E+01 0.97795564861E+00 0.10033180455E+01-0.35309893126E-02 0.15713492865E+01
 0.61631944444E+01 0.34741652396E-02 0.15001812331E+02 0.10661137708E+01 0.10706768883E+01 0.97788725139E+00 0.10033277280E+01-0.35291793993E-02 0.15713877964E+01
 0.61805555556E+01 0.34841665890E-02 0.15002823842E+02 0.10662007178E+01 0.10707612291E+01 0.97782258919E+00 0.10033368784E+01-0.35268859679E-02 0.15713242927E+01
 0.61979166667E+01 0.34936424818E-02 0.15003857398E+02 0.10662878348E+01 0.10708456321E+01 0.97776131885E+00 0.10033455457E+01-0.35242017012E-02 0.15711782043E+01
 0.62152777778E+01 0.35028237196E-02 0.15004893986E+02 0.10663751813E+01 0.10709302178E+01 0.97770194872E+00 0.10033539413E+01-0.35216300090E-02 0.15710579797E+01
 0.62326388889E+01 0.35121574708E-02 0.15005896372E+02 0.10664626763E+01 0.10710149737E+01 0.97764158733E+00 0.10033624742E+01-0.35197255734E-02 0.15710810531E+01
 0.62500000000E+01 0.35219525266E-02 0.15006880516E+02 0.10665502623E+01 0.10710997722E+01 0.97757823719E+00 0.10033714266E+01-0.35183816240E-02 0.15712245664E+01
