   0.176460465E+03   0.177848524E+03   0.000000000E+00   0.107850711E-09  -0.260911354E+00  -0.704753278E+00
   0.172195395E+03   0.173549905E+03  -0.198316091E-13  -0.634237208E-10  -0.701309769E+00  -0.707868719E+00
   0.167943182E+03   0.169264244E+03  -0.312953621E-13  -0.166549994E-09  -0.537722827E+00  -0.716217541E+00
   0.163712267E+03   0.165000047E+03  -0.606426255E-13   0.186765747E-09  -0.563869080E+00  -0.722586863E+00
   0.159510894E+03   0.160765626E+03  -0.270031273E-13   0.603762899E-10  -0.605298617E+00  -0.729219250E+00
   0.155347042E+03   0.156569021E+03  -0.162929557E-13  -0.427330987E-09  -0.644685179E+00  -0.736275359E+00
   0.151228356E+03   0.152417936E+03  -0.866630258E-13   0.491713708E-09  -0.695511112E+00  -0.743709088E+00
   0.147162084E+03   0.148319678E+03  -0.621945676E-14   0.250542183E-09  -0.758333401E+00  -0.751626821E+00
   0.143155025E+03   0.144281099E+03   0.324384331E-13  -0.337255519E-09  -0.813401024E+00  -0.760134014E+00
   0.139213483E+03   0.140308553E+03  -0.181738537E-13   0.493303475E-09  -0.841721086E+00  -0.769109774E+00
   0.135343228E+03   0.136407854E+03   0.523082465E-13  -0.817726765E-09  -0.848587372E+00  -0.778230053E+00
   0.131549468E+03   0.132584252E+03  -0.599702059E-13   0.651624142E-10  -0.860752296E+00  -0.787242997E+00
   0.127836830E+03   0.128842410E+03  -0.499995760E-13   0.573915815E-09  -0.889332162E+00  -0.796189661E+00
   0.124209346E+03   0.125186392E+03   0.219853549E-13  -0.392206023E-10  -0.923949112E+00  -0.805221368E+00
   0.120670452E+03   0.121619661E+03   0.168602234E-13   0.490947423E-10  -0.960306232E+00  -0.814375474E+00
   0.117222992E+03   0.118145082E+03   0.219292629E-13  -0.206106203E-09  -0.100358531E+01  -0.823643973E+00
   0.113869227E+03   0.114764937E+03  -0.437935022E-15  -0.157619848E-09  -0.106146575E+01  -0.833066930E+00
   0.110610859E+03   0.111480937E+03  -0.162326555E-13  -0.117384835E-09  -0.113852947E+01  -0.842749854E+00
   0.107449047E+03   0.108294254E+03  -0.269808921E-13   0.246558847E-09  -0.123631875E+01  -0.852828000E+00
   0.104384440E+03   0.105205541E+03  -0.419426194E-14   0.450736085E-10  -0.135218362E+01  -0.863435317E+00
   0.101417208E+03   0.102214968E+03  -0.265429004E-15   0.152762013E-11  -0.147299253E+01  -0.874668106E+00
   0.985470726E+02   0.993222558E+02  -0.136557023E-15   0.119505529E-10  -0.157463361E+01  -0.886504060E+00
   0.957733487E+02   0.965267135E+02   0.774931400E-15  -0.505584163E-09  -0.164042080E+01  -0.898731712E+00
   0.930949788E+02   0.938272751E+02  -0.355658984E-13   0.648648589E-09  -0.166908829E+01  -0.911032309E+00
   0.905105718E+02   0.912225389E+02   0.920715468E-14   0.549519200E-10  -0.166675705E+01  -0.923108794E+00
   0.880184414E+02   0.887108051E+02   0.125495081E-13  -0.399663206E-09  -0.164694191E+01  -0.934737822E+00
   0.856166433E+02   0.862901142E+02  -0.119353454E-13   0.176926365E-09  -0.162604079E+01  -0.945812093E+00
   0.833030110E+02   0.839582826E+02  -0.156544044E-14   0.546272058E-10  -0.161014108E+01  -0.956344463E+00
   0.810751911E+02   0.817129383E+02   0.142662278E-14  -0.199433577E-09  -0.159335998E+01  -0.966387021E+00
   0.789306753E+02   0.795515535E+02  -0.882516171E-14   0.119326176E-09  -0.156775600E+01  -0.975953310E+00
   0.768668322E+02   0.774714759E+02  -0.288382927E-14   0.323371854E-09  -0.152829518E+01  -0.985011794E+00
   0.748809349E+02   0.754699574E+02   0.119706732E-13  -0.772660728E-09  -0.147287014E+01  -0.993508769E+00
   0.729701881E+02   0.735441804E+02  -0.216531559E-13   0.494417217E-09  -0.140292949E+01  -0.100138771E+01
   0.711317514E+02   0.716912824E+02  -0.106749051E-14   0.663252665E-10  -0.132258001E+01  -0.100860850E+01
   0.693627614E+02   0.699083772E+02   0.151196769E-14  -0.117660565E-09  -0.123607559E+01  -0.101515860E+01
   0.676603505E+02   0.681925750E+02  -0.281279107E-14  -0.279500141E-09  -0.114526104E+01  -0.102104988E+01
   0.660216645E+02   0.665409989E+02  -0.124448915E-13   0.526390181E-09  -0.104860074E+01  -0.102630401E+01
   0.644438773E+02   0.649508006E+02   0.502239429E-14  -0.891121056E-09  -0.942662890E+00  -0.103093591E+01
   0.629242035E+02   0.634191729E+02  -0.227855338E-13   0.713171714E-09  -0.824862658E+00  -0.103494649E+01
   0.614599102E+02   0.619433613E+02  -0.138031279E-14   0.504890183E-09  -0.695111728E+00  -0.103832799E+01
   0.600483256E+02   0.605206730E+02   0.128064770E-13  -0.456370789E-09  -0.555421044E+00  -0.104107501E+01
   0.586868470E+02   0.591484849E+02   0.449240516E-15   0.224942226E-09  -0.408556003E+00  -0.104319207E+01
   0.573729471E+02   0.578242497E+02   0.615610594E-14  -0.628052367E-09  -0.256777612E+00  -0.104469492E+01
   0.561041787E+02   0.565455009E+02  -0.912217710E-14  -0.573359141E-09  -0.101112460E+00  -0.104560701E+01
   0.548781784E+02   0.553098568E+02  -0.222248355E-13   0.963256437E-09   0.585888604E-01  -0.104595407E+01
   0.536926693E+02   0.541150224E+02  -0.730812079E-15   0.418682851E-09   0.223123711E+00  -0.104575961E+01
   0.525454630E+02   0.529587919E+02   0.807664464E-14  -0.234251835E-09   0.393476469E+00  -0.104504299E+01
   0.514344597E+02   0.518390494E+02   0.326555064E-14  -0.560136451E-09   0.570616243E+00  -0.104381912E+01
   0.503576493E+02   0.507537687E+02  -0.753289003E-14  -0.666316702E-10   0.755256383E+00  -0.104209891E+01
   0.493131103E+02   0.497010132E+02  -0.865701147E-14   0.994603858E-09   0.947471214E+00  -0.103989029E+01
   0.482990090E+02   0.486789348E+02   0.896858042E-14   0.173244472E-09   0.114663380E+01  -0.103720032E+01
   0.473135981E+02   0.476857726E+02   0.117785551E-13  -0.638306312E-09   0.135179096E+01  -0.103403701E+01
   0.463552150E+02   0.467198507E+02   0.127804087E-14  -0.854108229E-09   0.156198485E+01  -0.103041000E+01
   0.454222797E+02   0.457795768E+02  -0.120497994E-13   0.117106628E-08   0.177628825E+01  -0.102633029E+01
   0.445132921E+02   0.448634390E+02   0.566152470E-14   0.112133074E-09   0.199377063E+01  -0.102180994E+01
   0.436268301E+02   0.439700040E+02   0.721077539E-14  -0.756674675E-09   0.221354305E+01  -0.101686188E+01
   0.427615466E+02   0.430979141E+02  -0.341386697E-14  -0.387014726E-09   0.243483131E+01  -0.101149963E+01
   0.419161666E+02   0.422458842E+02  -0.857358711E-14   0.105671740E-08   0.265703814E+01  -0.100573699E+01
   0.410894847E+02   0.414126996E+02   0.524972111E-14  -0.113779869E-08   0.287981243E+01  -0.999587540E+00
   0.402803622E+02   0.405972123E+02  -0.909901543E-14   0.145732118E-08   0.310310896E+01  -0.993064067E+00
   0.394877238E+02   0.397983390E+02   0.871959268E-14  -0.193726473E-09   0.332716207E+01  -0.986177981E+00
   0.387105556E+02   0.390150575E+02   0.633350797E-14   0.663240686E-09   0.355234429E+01  -0.978938802E+00
   0.379479014E+02   0.382464041E+02   0.138218313E-13  -0.844783224E-09   0.377899204E+01  -0.971354020E+00
   0.371988603E+02   0.374914710E+02   0.430234594E-14  -0.219073600E-09   0.400730033E+01  -0.963429336E+00
   0.364625841E+02   0.367494032E+02   0.189551516E-14   0.188439582E-08   0.423731493E+01  -0.955169090E+00
   0.357382746E+02   0.360193962E+02   0.215286067E-13  -0.290503843E-08   0.446897034E+01  -0.946576675E+00
   0.350251809E+02   0.353006932E+02  -0.820047831E-14   0.103966959E-08   0.470210107E+01  -0.937654834E+00
   0.343225969E+02   0.345925826E+02   0.215791660E-14   0.279078712E-09   0.493640450E+01  -0.928405924E+00
   0.336298590E+02   0.338943955E+02   0.480912308E-14  -0.103403799E-08   0.517138944E+01  -0.918832219E+00
   0.329463439E+02   0.332055038E+02  -0.492013203E-14  -0.594662674E-09   0.540635807E+01  -0.908936310E+00
   0.322714662E+02   0.325253175E+02  -0.102731334E-13   0.149750396E-08   0.564044214E+01  -0.898721502E+00
   0.316046763E+02   0.318532825E+02   0.316314142E-14  -0.660891882E-09   0.587267803E+01  -0.888192129E+00
   0.309454585E+02   0.311888792E+02  -0.260471034E-14   0.286423325E-09   0.610210151E+01  -0.877353721E+00
   0.302933289E+02   0.305316198E+02  -0.147988775E-15  -0.623558949E-09   0.632785496E+01  -0.866212990E+00
   0.296478336E+02   0.298810470E+02  -0.529176256E-14   0.151039681E-08   0.654928549E+01  -0.854777628E+00
   0.290085472E+02   0.292367319E+02   0.695364410E-14  -0.516432490E-09   0.676598684E+01  -0.843055950E+00
   0.283750706E+02   0.285982724E+02   0.278939677E-14  -0.949593148E-09   0.697775817E+01  -0.831056481E+00
   0.277470301E+02   0.279652916E+02  -0.455265958E-14   0.125798650E-08   0.718451360E+01  -0.818787630E+00
   0.271240753E+02   0.273374365E+02   0.496567475E-14  -0.176887156E-08   0.738619603E+01  -0.806257537E+00
   0.265058779E+02   0.267143764E+02  -0.809400857E-14   0.871076909E-09   0.758271016E+01  -0.793474080E+00
   0.258921306E+02   0.260958013E+02  -0.171887938E-14  -0.876743952E-09   0.777385929E+01  -0.780444981E+00
   0.252825455E+02   0.254814211E+02  -0.783492646E-14   0.180996562E-08   0.795927971E+01  -0.767178022E+00
   0.246768530E+02   0.248709641E+02   0.468824134E-14  -0.672921642E-09   0.813839423E+01  -0.753681361E+00
   0.240748006E+02   0.242641759E+02   0.106678313E-15  -0.374788824E-09   0.831041296E+01  -0.739963914E+00
   0.234761523E+02   0.236608185E+02  -0.234397949E-14   0.164136935E-08   0.847437710E+01  -0.726035721E+00
   0.228806868E+02   0.230606690E+02   0.817184290E-14  -0.150522602E-08   0.862920641E+01  -0.711908240E+00
   0.222881972E+02   0.224635188E+02  -0.135863555E-14  -0.387338939E-09   0.877371643E+01  -0.697594539E+00
   0.216984899E+02   0.218691728E+02  -0.368731483E-14  -0.109469771E-08   0.890661466E+01  -0.683109475E+00
   0.211113837E+02   0.212774484E+02  -0.101064317E-13   0.173404188E-08   0.902651480E+01  -0.668469860E+00
   0.205267092E+02   0.206881748E+02   0.133670132E-15  -0.138610596E-08   0.913198654E+01  -0.653694619E+00
   0.199443079E+02   0.201011922E+02  -0.768132736E-14   0.161080006E-09   0.922161228E+01  -0.638804848E+00
   0.193640313E+02   0.195163511E+02  -0.662327189E-14   0.198744355E-08   0.929400861E+01  -0.623823799E+00
   0.187857409E+02   0.189335118E+02   0.414649936E-14  -0.309349890E-09   0.934780599E+01  -0.608776816E+00
   0.182093068E+02   0.183525434E+02   0.243809899E-14   0.379239673E-09   0.938162336E+01  -0.593691318E+00
   0.176346079E+02   0.177733239E+02   0.428747545E-14  -0.725343089E-09   0.939408162E+01  -0.578596819E+00
   0.170615307E+02   0.171957388E+02   0.623126027E-15   0.858905849E-09   0.938386507E+01  -0.563524925E+00
   0.164899691E+02   0.166196812E+02   0.467944111E-14   0.253319214E-08   0.934979188E+01  -0.548509240E+00
   0.159198240E+02   0.160450512E+02   0.161782215E-13  -0.704953230E-09   0.929083690E+01  -0.533585156E+00
   0.153510026E+02   0.154717554E+02   0.125551588E-13   0.405563916E-08   0.920608513E+01  -0.518789607E+00
   0.147834183E+02   0.148997065E+02   0.295769525E-13   0.555151478E-08   0.909465566E+01  -0.504160908E+00
   0.142169901E+02   0.143288227E+02   0.516315186E-13   0.119728118E-07   0.895566500E+01  -0.489738709E+00
   0.136516423E+02   0.137590277E+02   0.977762247E-13   0.259133762E-07   0.878826778E+01  -0.475564007E+00
   0.130873039E+02   0.131902502E+02   0.194254002E-12   0.590669838E-07   0.859175679E+01  -0.461679093E+00
   0.125239089E+02   0.126224235E+02   0.406518059E-12   0.131751357E-06   0.836567445E+01  -0.448127346E+00
   0.119613955E+02   0.120554853E+02   0.862082704E-12   0.295216027E-06   0.810988777E+01  -0.434952844E+00
   0.113997057E+02   0.114893772E+02   0.184348722E-11   0.689630965E-06   0.782459597E+01  -0.422199863E+00
   0.108387856E+02   0.109240448E+02   0.404916592E-11   0.161510761E-05   0.751027777E+01  -0.409912370E+00
   0.102785847E+02   0.103594373E+02   0.901423539E-11   0.383846591E-05   0.716762354E+01  -0.398133594E+00
   0.971905576E+01   0.979550702E+01   0.203568081E-10   0.919861213E-05   0.679749646E+01  -0.386905706E+00
   0.916015469E+01   0.923220958E+01   0.464877834E-10   0.221540633E-04   0.640094368E+01  -0.376269561E+00
   0.860184029E+01   0.866950341E+01   0.107014475E-09   0.533854947E-04   0.597926362E+01  -0.366264420E+00
   0.804407404E+01   0.810734970E+01   0.247389912E-09   0.128106045E-03   0.553411538E+01  -0.356927572E+00
   0.748681994E+01   0.754571217E+01   0.571937248E-09   0.304518054E-03   0.506762718E+01  -0.348293776E+00
   0.693004436E+01   0.698455693E+01   0.131631269E-08   0.712794350E-03   0.458246210E+01  -0.340394538E+00
   0.637371588E+01   0.642385229E+01   0.300059361E-08   0.163172802E-02   0.408187881E+01  -0.333257294E+00
   0.581780512E+01   0.586356866E+01   0.673606928E-08   0.362360501E-02   0.356993729E+01  -0.326904489E+00
   0.526228465E+01   0.530367839E+01   0.147942890E-07   0.772906818E-02   0.305199070E+01  -0.321352341E+00
   0.470712883E+01   0.474415562E+01   0.315414924E-07   0.156347565E-01   0.253541668E+01  -0.316608846E+00
   0.415231372E+01   0.418497622E+01   0.646602485E-07   0.294840112E-01   0.203034139E+01  -0.312670644E+00
   0.359781693E+01   0.362611761E+01   0.125932169E-06   0.505538377E-01   0.155008881E+01  -0.309518772E+00
   0.304361756E+01   0.306755872E+01   0.229353268E-06   0.756382122E-01   0.111117831E+01  -0.307113728E+00
   0.248969608E+01   0.250927984E+01   0.382118028E-06   0.908784461E-01   0.732669080E+00  -0.305390541E+00
   0.193603417E+01   0.195126258E+01   0.563533020E-06   0.674954930E-01   0.434396053E+00  -0.304254869E+00
   0.138261470E+01   0.139348973E+01   0.695754911E-06  -0.265074785E-01   0.233201389E+00  -0.303581829E+00
   0.829421587E+00   0.835945225E+00   0.638283015E-06  -0.180359820E+00   0.135809289E+00  -0.303220662E+00
   0.276439841E+00   0.278614061E+00   0.274582038E-06  -0.137655928E+00  -0.410159479E+03  -0.303010410E+00
