   0.155325288E+03   0.177848524E+03   0.000000000E+00  -0.350201585E-01  -0.118753772E+00  -0.908397402E+02
   0.151574724E+03   0.173549905E+03   0.201551319E-04  -0.586303856E-01  -0.456803069E+00  -0.908411582E+02
   0.147839260E+03   0.169264244E+03   0.960212143E-05  -0.126249331E-01  -0.197311459E+00  -0.908465963E+02
   0.144125118E+03   0.165000047E+03   0.728799398E-05   0.176903417E-03  -0.159883779E+00  -0.908489335E+02
   0.140438459E+03   0.160765626E+03   0.722127819E-05  -0.126314314E-01  -0.157964180E+00  -0.908508141E+02
   0.136786029E+03   0.156569021E+03   0.497500242E-05  -0.112101624E-01  -0.168038517E+00  -0.908526555E+02
   0.133175169E+03   0.152417936E+03   0.305259062E-05   0.998894848E-02  -0.183105441E+00  -0.908545931E+02
   0.129612404E+03   0.148319678E+03   0.457677268E-05   0.371647524E-01  -0.200924399E+00  -0.908566776E+02
   0.126103576E+03   0.144281099E+03   0.101793094E-04  -0.514167961E-01  -0.220336501E+00  -0.908589316E+02
   0.122654055E+03   0.140308553E+03   0.238817497E-05  -0.169385042E-01  -0.225262459E+00  -0.908613630E+02
   0.119268788E+03   0.136407854E+03  -0.686397791E-07   0.246690132E-01  -0.229343472E+00  -0.908638038E+02
   0.115952339E+03   0.132584252E+03   0.331359964E-05   0.482018189E-01  -0.224426270E+00  -0.908662396E+02
   0.112708499E+03   0.128842410E+03   0.959382040E-05   0.664127893E-01  -0.217832236E+00  -0.908685723E+02
   0.109540707E+03   0.125186392E+03   0.177580007E-04  -0.853611394E-01  -0.227889093E+00  -0.908707846E+02
   0.106451779E+03   0.121619661E+03   0.711873918E-05  -0.915310908E-01  -0.243925783E+00  -0.908730424E+02
   0.103444778E+03   0.118145082E+03  -0.353430526E-05  -0.359986867E-01  -0.259556555E+00  -0.908753967E+02
   0.100521513E+03   0.114764937E+03  -0.742748416E-05   0.314839199E-02  -0.267734126E+00  -0.908778337E+02
   0.976828831E+02   0.111480937E+03  -0.697543395E-05  -0.325616108E-01  -0.248593523E+00  -0.908802760E+02
   0.949294484E+02   0.108294254E+03  -0.101323417E-04   0.456962744E-01  -0.209239674E+00  -0.908824766E+02
   0.922612225E+02   0.105205541E+03  -0.560261915E-05  -0.183445241E-01  -0.150877621E+00  -0.908842718E+02
   0.896781736E+02   0.102214968E+03  -0.718829359E-05   0.437374760E-01  -0.103375518E+00  -0.908855252E+02
   0.871804451E+02   0.993222558E+02  -0.327918613E-05   0.365909694E-01  -0.722060166E-01  -0.908863558E+02
   0.847677842E+02   0.965267135E+02  -0.203952773E-06   0.810890530E-01  -0.502971983E-01  -0.908869165E+02
   0.824387682E+02   0.938272751E+02   0.619171723E-05  -0.312270897E-01  -0.246764429E-01  -0.908872937E+02
   0.801914624E+02   0.912225389E+02   0.376818344E-05  -0.388833743E-01   0.165163519E-01  -0.908874722E+02
   0.780240452E+02   0.887108051E+02   0.940609709E-06   0.117012878E+00   0.776116835E-01  -0.908873570E+02
   0.759347626E+02   0.862901142E+02   0.891069471E-05   0.799685531E-01   0.141429722E+00  -0.908868351E+02
   0.739222972E+02   0.839582826E+02   0.140009973E-04  -0.119189743E+00   0.213579671E+00  -0.908859190E+02
   0.719850345E+02   0.817129383E+02   0.647027739E-05  -0.242979308E+00   0.295891799E+00  -0.908845869E+02
   0.701207262E+02   0.795515535E+02  -0.788646144E-05  -0.527136973E-01   0.382117941E+00  -0.908828104E+02
   0.683267955E+02   0.774714759E+02  -0.107390482E-04  -0.290560860E-02   0.470425164E+00  -0.908806025E+02
   0.666007752E+02   0.754699574E+02  -0.107726150E-04  -0.623153472E-01   0.558952393E+00  -0.908779871E+02
   0.649403217E+02   0.735441804E+02  -0.138072933E-04  -0.807727465E-01   0.654458234E+00  -0.908749970E+02
   0.633428440E+02   0.716912824E+02  -0.175432746E-04  -0.286366871E-01   0.744983279E+00  -0.908716286E+02
   0.618056110E+02   0.699083772E+02  -0.186608580E-04  -0.734405471E-01   0.830828137E+00  -0.908679390E+02
   0.603259672E+02   0.681925750E+02  -0.216632079E-04  -0.157017829E+00   0.903556578E+00  -0.908639792E+02
   0.589013868E+02   0.665409989E+02  -0.279646400E-04  -0.218006983E+00   0.968022140E+00  -0.908598340E+02
   0.575293514E+02   0.649508006E+02  -0.363218854E-04  -0.570826798E-01   0.103781298E+01  -0.908555580E+02
   0.562074386E+02   0.634191729E+02  -0.381298747E-04   0.119868449E+00   0.111400319E+01  -0.908511426E+02
   0.549332589E+02   0.619433613E+02  -0.334531690E-04   0.750753976E-02   0.119556290E+01  -0.908465758E+02
   0.537045456E+02   0.605206730E+02  -0.328898146E-04   0.537787436E-01   0.128856911E+01  -0.908418510E+02
   0.525191417E+02   0.591484849E+02  -0.308160413E-04   0.830290184E-01   0.140218415E+01  -0.908369395E+02
   0.513748955E+02   0.578242497E+02  -0.279129959E-04   0.636534071E-02   0.152066997E+01  -0.908317816E+02
   0.502696957E+02   0.565455009E+02  -0.274576175E-04  -0.467760776E-01   0.164711672E+01  -0.908263801E+02
   0.492015708E+02   0.553098568E+02  -0.285476558E-04   0.251640785E-01   0.178567486E+01  -0.908207266E+02
   0.481685923E+02   0.541150224E+02  -0.275850030E-04  -0.722745488E-01   0.192549087E+01  -0.908148000E+02
   0.471688871E+02   0.529587919E+02  -0.292380652E-04  -0.113296377E+00   0.206597885E+01  -0.908086158E+02
   0.462005903E+02   0.518390494E+02  -0.318413632E-04  -0.125153760E+00   0.221018983E+01  -0.908021898E+02
   0.452619194E+02   0.507537687E+02  -0.346011157E-04  -0.147889881E+00   0.234940429E+01  -0.907955268E+02
   0.443512150E+02   0.497010132E+02  -0.377569319E-04  -0.306161155E-01   0.249078806E+01  -0.907886564E+02
   0.434669513E+02   0.486789348E+02  -0.381112736E-04   0.170863881E+00   0.263618325E+01  -0.907815848E+02
   0.426076873E+02   0.476857726E+02  -0.340574535E-04   0.437332914E-01   0.278274253E+01  -0.907743121E+02
   0.417720258E+02   0.467198507E+02  -0.328274764E-04  -0.174233055E+00   0.293297329E+01  -0.907668457E+02
   0.409586099E+02   0.457795768E+02  -0.360301128E-04  -0.561874248E+00   0.308441732E+01  -0.907591851E+02
   0.401661128E+02   0.448634390E+02  -0.466171421E-04  -0.624945833E+00   0.323680221E+01  -0.907513358E+02
   0.393932260E+02   0.439700040E+02  -0.579082695E-04  -0.745357780E+00   0.338998739E+01  -0.907433028E+02
   0.386387034E+02   0.430979141E+02  -0.708881158E-04  -0.438555664E+00   0.354303792E+01  -0.907350907E+02
   0.379014149E+02   0.422458842E+02  -0.779123073E-04  -0.198495352E+00   0.370032666E+01  -0.907267052E+02
   0.371803101E+02   0.414126996E+02  -0.805361770E-04  -0.170164731E+00   0.385709214E+01  -0.907181412E+02
   0.364744174E+02   0.405972123E+02  -0.825545442E-04  -0.391975446E+00   0.401201000E+01  -0.907094039E+02
   0.357828263E+02   0.397983390E+02  -0.880061451E-04  -0.454664994E+00   0.416630493E+01  -0.907005009E+02
   0.351046591E+02   0.390150575E+02  -0.941791972E-04  -0.560601969E+00   0.432037123E+01  -0.906914359E+02
   0.344390951E+02   0.382464041E+02  -0.101674012E-03  -0.878216664E+00   0.447394331E+01  -0.906822113E+02
   0.337853501E+02   0.374914710E+02  -0.113505259E-03  -0.686783847E+00   0.462378191E+01  -0.906728293E+02
   0.331426949E+02   0.367494032E+02  -0.122128437E-03  -0.552212059E+00   0.477451353E+01  -0.906632983E+02
   0.325104368E+02   0.360193962E+02  -0.128531764E-03  -0.376593366E+00   0.492746625E+01  -0.906536165E+02
   0.318879274E+02   0.353006932E+02  -0.132295109E-03  -0.489577518E+00   0.507407250E+01  -0.906437793E+02
   0.312745448E+02   0.345925826E+02  -0.137383455E-03  -0.445381743E+00   0.521760068E+01  -0.906337988E+02
   0.306697035E+02   0.338943955E+02  -0.141688740E-03  -0.687390014E+00   0.536058805E+01  -0.906236797E+02
   0.300728638E+02   0.332055038E+02  -0.148845522E-03  -0.651011716E+00   0.550929436E+01  -0.906134218E+02
   0.294835219E+02   0.325253175E+02  -0.155261860E-03  -0.465872464E+00   0.566492063E+01  -0.906030125E+02
   0.289012102E+02   0.318532825E+02  -0.159174114E-03  -0.884906575E+00   0.582074840E+01  -0.905924374E+02
   0.283254883E+02   0.311888792E+02  -0.167789501E-03  -0.101338623E+01   0.597135049E+01  -0.905816948E+02
   0.277559391E+02   0.305316198E+02  -0.177501808E-03  -0.629193019E+00   0.612212907E+01  -0.905707928E+02
   0.271921443E+02   0.298810470E+02  -0.182482928E-03  -0.484352102E+00   0.627095513E+01  -0.905597292E+02
   0.266337142E+02   0.292367319E+02  -0.185609262E-03  -0.546027035E+00   0.641960291E+01  -0.905485057E+02
   0.260802866E+02   0.285982724E+02  -0.189191635E-03  -0.140731918E+01   0.655972015E+01  -0.905371205E+02
   0.255315468E+02   0.279652916E+02  -0.201602173E-03  -0.144005756E+01   0.669973728E+01  -0.905255867E+02
   0.249872005E+02   0.273374365E+02  -0.213800902E-03  -0.150215720E+01   0.683924502E+01  -0.905139021E+02
   0.244469762E+02   0.267143764E+02  -0.226063302E-03  -0.169034741E+01   0.696825701E+01  -0.905020652E+02
   0.239106284E+02   0.260958013E+02  -0.239597284E-03  -0.114269120E+01   0.709077963E+01  -0.904900919E+02
   0.233779238E+02   0.254814211E+02  -0.247188952E-03  -0.576419507E+00   0.721608726E+01  -0.904779907E+02
   0.228486383E+02   0.248709641E+02  -0.248961603E-03  -0.353110821E+00   0.733771608E+01  -0.904657543E+02
   0.223225647E+02   0.242641759E+02  -0.248398410E-03  -0.216815715E+00   0.745446716E+01  -0.904533864E+02
   0.217995198E+02   0.236608185E+02  -0.246401287E-03  -0.543948267E+00   0.756340541E+01  -0.904408928E+02
   0.212793290E+02   0.230606690E+02  -0.247136685E-03  -0.622598579E+00   0.766352052E+01  -0.904282840E+02
   0.207618230E+02   0.224635188E+02  -0.248262171E-03  -0.125843713E+01   0.775352513E+01  -0.904155721E+02
   0.202468624E+02   0.218691728E+02  -0.254450643E-03  -0.114940670E+01   0.784743347E+01  -0.904027713E+02
   0.197343130E+02   0.212774484E+02  -0.259195826E-03  -0.116817397E+01   0.793500953E+01  -0.903898727E+02
   0.192240687E+02   0.206881748E+02  -0.263590441E-03  -0.499519915E+00   0.801541964E+01  -0.903768841E+02
   0.187160261E+02   0.201011922E+02  -0.262186341E-03  -0.657027111E+00   0.808898208E+01  -0.903638149E+02
   0.182100932E+02   0.195163511E+02  -0.261670254E-03  -0.131504958E+01   0.815109689E+01  -0.903506739E+02
   0.177061931E+02   0.189335118E+02  -0.265675038E-03  -0.208037288E+01   0.820488133E+01  -0.903374773E+02
   0.172042480E+02   0.183525434E+02  -0.274585963E-03  -0.245452139E+01   0.824490382E+01  -0.903242362E+02
   0.167041804E+02   0.177733239E+02  -0.285166029E-03  -0.294526062E+01   0.827228188E+01  -0.903109706E+02
   0.162059173E+02   0.171957388E+02  -0.297968900E-03  -0.238956708E+01   0.828875323E+01  -0.902976986E+02
   0.157093967E+02   0.166196812E+02  -0.305688748E-03  -0.104973398E+01   0.830038325E+01  -0.902844352E+02
   0.152145553E+02   0.160450512E+02  -0.303579791E-03   0.506882062E+00   0.830093277E+01  -0.902711862E+02
   0.147213609E+02   0.154717554E+02  -0.291110119E-03  -0.288221716E+00   0.827998190E+01  -0.902579671E+02
   0.142298138E+02   0.148997065E+02  -0.283441969E-03  -0.144619494E+01   0.824018634E+01  -0.902448100E+02
   0.137399506E+02   0.143288227E+02  -0.282173074E-03  -0.161770278E+01   0.818354761E+01  -0.902317428E+02
   0.132518095E+02   0.137590277E+02  -0.281029205E-03  -0.407317614E+00   0.811469721E+01  -0.902187901E+02
   0.127654188E+02   0.131902502E+02  -0.272490712E-03   0.156642612E+01   0.803131184E+01  -0.902059694E+02
   0.122808161E+02   0.126224235E+02  -0.253464971E-03   0.388228738E+01   0.793525811E+01  -0.901933017E+02
   0.117980648E+02   0.120554853E+02  -0.223606992E-03   0.743696560E+01   0.783143829E+01  -0.901808050E+02
   0.113172111E+02   0.114893772E+02  -0.178675025E-03   0.794573015E+01   0.770338930E+01  -0.901684899E+02
   0.108383018E+02   0.109240448E+02  -0.134727301E-03   0.109538703E+02   0.754328995E+01  -0.901563927E+02
   0.103613649E+02   0.103594373E+02  -0.815634319E-04   0.188062752E+02   0.736736328E+01  -0.901445622E+02
   0.988648115E+01   0.979550702E+01  -0.180553083E-05   0.243306263E+02   0.716784745E+01  -0.901330214E+02
   0.941373805E+01   0.923220958E+01   0.904146935E-04   0.304393972E+02   0.694466776E+01  -0.901218058E+02
   0.894314114E+01   0.866950341E+01   0.193435463E-03   0.433956467E+02   0.669858021E+01  -0.901109507E+02
   0.847459752E+01   0.810734970E+01   0.325975895E-03   0.608062663E+02   0.643494746E+01  -0.901004907E+02
   0.800779619E+01   0.754571217E+01   0.493214470E-03   0.793549045E+02   0.614105720E+01  -0.900904515E+02
   0.754204655E+01   0.698455693E+01   0.686932460E-03   0.106979204E+03   0.582176633E+01  -0.900808790E+02
   0.707611338E+01   0.642385229E+01   0.919546128E-03   0.130707861E+03   0.545451381E+01  -0.900718115E+02
   0.660829107E+01   0.586356866E+01   0.116450982E-02   0.165926796E+03   0.508573158E+01  -0.900633224E+02
   0.613571403E+01   0.530367839E+01   0.143397782E-02   0.180667251E+03   0.465007488E+01  -0.900554128E+02
   0.565351060E+01   0.474415562E+01   0.166765339E-02   0.184044580E+03   0.417710494E+01  -0.900481856E+02
   0.515420138E+01   0.418497622E+01   0.184139426E-02   0.161832891E+03   0.361443057E+01  -0.900416974E+02
   0.462700430E+01   0.362611761E+01   0.191974767E-02   0.904830645E+02   0.293567789E+01  -0.900360864E+02
   0.405809293E+01   0.306755872E+01   0.185298161E-02  -0.460089965E+02   0.211921968E+01  -0.900315315E+02
   0.343212959E+01   0.250927984E+01   0.159998692E-02  -0.229789068E+03   0.122467496E+01  -0.900282451E+02
   0.273897953E+01   0.195126258E+01   0.116809248E-02  -0.357727939E+03   0.454991805E+00  -0.900263468E+02
   0.198391758E+01   0.139348973E+01   0.677322335E-03  -0.346771004E+03  -0.590075890E-02  -0.900256418E+02
   0.119228370E+01   0.835945225E+00   0.281473245E-03  -0.216803647E+03  -0.119148275E+00  -0.900256510E+02
   0.394871984E+00   0.278614061E+00   0.622995076E-04  -0.663898089E+02  -0.676861728E+03  -0.900258354E+02
