   0.146321081E+03   0.177848524E+03   0.000000000E+00  -0.101249848E-01  -0.177474001E-01  -0.190092839E+03
   0.142793068E+03   0.173549905E+03   0.925917260E-04  -0.141172411E+00  -0.301817656E+00  -0.190093050E+03
   0.139283879E+03   0.169264244E+03   0.603052367E-04  -0.238110253E-01  -0.887197954E-01  -0.190096643E+03
   0.135800980E+03   0.165000047E+03   0.544667628E-04  -0.479660968E-01  -0.536623920E-01  -0.190097694E+03
   0.132351824E+03   0.160765626E+03   0.431970263E-04  -0.953380663E-01  -0.602383784E-01  -0.190098326E+03
   0.128942090E+03   0.156569021E+03   0.218656759E-04  -0.153475278E+00  -0.679230251E-01  -0.190099028E+03
   0.125575778E+03   0.152417936E+03  -0.111350499E-04  -0.118659322E+00  -0.679052275E-01  -0.190099811E+03
   0.122256478E+03   0.148319678E+03  -0.356572891E-04   0.149659147E-01  -0.702439168E-01  -0.190100584E+03
   0.118987994E+03   0.144281099E+03  -0.322202850E-04   0.398229748E-01  -0.526551308E-01  -0.190101372E+03
   0.115774462E+03   0.140308553E+03  -0.240057364E-04   0.122052670E+00  -0.184744412E-01  -0.190101953E+03
   0.112621246E+03   0.136407854E+03  -0.411264912E-06   0.119921936E+00   0.291060673E-01  -0.190102153E+03
   0.109533201E+03   0.132584252E+03   0.217028816E-04  -0.379057612E-01   0.606229887E-01  -0.190101844E+03
   0.106514191E+03   0.128842410E+03   0.146505274E-04  -0.115835103E+00   0.872333905E-01  -0.190101214E+03
   0.103567928E+03   0.125186392E+03  -0.539038561E-05  -0.138251601E+00   0.117821519E+00  -0.190100328E+03
   0.100697082E+03   0.121619661E+03  -0.280128832E-04  -0.200496259E+00   0.134356226E+00  -0.190099161E+03
   0.979029005E+02   0.118145082E+03  -0.592114695E-04   0.238561740E-01   0.156894930E+00  -0.190097864E+03
   0.951854260E+02   0.114764937E+03  -0.547822559E-04  -0.631125708E-02   0.182481011E+00  -0.190096391E+03
   0.925450978E+02   0.111480937E+03  -0.549342771E-04  -0.513152134E-01   0.192394541E+00  -0.190094726E+03
   0.899830065E+02   0.108294254E+03  -0.612580737E-04   0.817849450E-01   0.197161899E+00  -0.190093023E+03
   0.874996588E+02   0.105205541E+03  -0.495551957E-04   0.273614399E-01   0.205072824E+00  -0.190091332E+03
   0.850948792E+02   0.102214968E+03  -0.454132414E-04  -0.309444882E-01   0.222774352E+00  -0.190089628E+03
   0.827679633E+02   0.993222558E+02  -0.485252961E-04   0.426847370E-01   0.233212069E+00  -0.190087838E+03
   0.805181828E+02   0.965267135E+02  -0.429235918E-04  -0.251087444E-01   0.248881007E+00  -0.190086027E+03
   0.783451413E+02   0.938272751E+02  -0.450215605E-04   0.127832726E+00   0.268821451E+00  -0.190084161E+03
   0.762478933E+02   0.912225389E+02  -0.310717309E-04   0.134429138E-01   0.285021522E+00  -0.190082216E+03
   0.742249237E+02   0.887108051E+02  -0.292898524E-04   0.408866648E-01   0.311559421E+00  -0.190080227E+03
   0.722749836E+02   0.862901142E+02  -0.250246379E-04  -0.569919708E-01   0.333645647E+00  -0.190078132E+03
   0.703967083E+02   0.839582826E+02  -0.297177693E-04   0.936458945E-01   0.369961394E+00  -0.190075971E+03
   0.685876321E+02   0.817129383E+02  -0.213777081E-04  -0.385346277E+00   0.413573955E+00  -0.190073664E+03
   0.668450301E+02   0.795515535E+02  -0.518953901E-04  -0.285592112E+00   0.459768330E+00  -0.190071181E+03
   0.651665314E+02   0.774714759E+02  -0.728434689E-04  -0.307304425E+00   0.501517102E+00  -0.190068524E+03
   0.635502193E+02   0.754699574E+02  -0.939893731E-04   0.764062136E-01   0.549027051E+00  -0.190065736E+03
   0.619943124E+02   0.735441804E+02  -0.874835522E-04   0.109570910E+00   0.596652340E+00  -0.190062799E+03
   0.604969994E+02   0.716912824E+02  -0.791394553E-04  -0.986470464E-02   0.647791867E+00  -0.190059728E+03
   0.590563917E+02   0.699083772E+02  -0.785662494E-04  -0.266672981E+00   0.702336686E+00  -0.190056520E+03
   0.576701532E+02   0.681925750E+02  -0.928862674E-04  -0.277736735E+00   0.753425032E+00  -0.190053172E+03
   0.563355395E+02   0.665409989E+02  -0.106836402E-03  -0.245460570E+00   0.796492133E+00  -0.190049716E+03
   0.550497451E+02   0.649508006E+02  -0.118187196E-03  -0.101801337E+00   0.854570080E+00  -0.190046197E+03
   0.538104211E+02   0.634191729E+02  -0.121609903E-03  -0.207622252E+00   0.916754369E+00  -0.190042562E+03
   0.526154441E+02   0.619433613E+02  -0.129750880E-03  -0.323667542E+00   0.988312205E+00  -0.190038803E+03
   0.514628313E+02   0.605206730E+02  -0.142520554E-03  -0.945411480E-01   0.106085064E+01  -0.190034898E+03
   0.503506355E+02   0.591484849E+02  -0.144606868E-03  -0.383848420E+00   0.114170266E+01  -0.190030854E+03
   0.492768597E+02   0.578242497E+02  -0.158243498E-03  -0.415619770E+00   0.121970063E+01  -0.190026654E+03
   0.482395124E+02   0.565455009E+02  -0.172195472E-03  -0.243010428E+00   0.129386109E+01  -0.190022322E+03
   0.472365696E+02   0.553098568E+02  -0.178857651E-03   0.466817231E-01   0.136804274E+01  -0.190017881E+03
   0.462662761E+02   0.541150224E+02  -0.174814358E-03   0.793735191E-01   0.144691262E+01  -0.190013340E+03
   0.453269972E+02   0.529587919E+02  -0.169781010E-03   0.262707185E+00   0.153833805E+01  -0.190008693E+03
   0.444170600E+02   0.518390494E+02  -0.159028940E-03  -0.217652118E-02   0.162593241E+01  -0.190003908E+03
   0.435348157E+02   0.507537687E+02  -0.156946220E-03  -0.208950037E+00   0.171900616E+01  -0.189999007E+03
   0.426786891E+02   0.497010132E+02  -0.160974334E-03  -0.896778831E+00   0.181283021E+01  -0.189993980E+03
   0.418471900E+02   0.486789348E+02  -0.184061659E-03  -0.849568586E+00   0.190861626E+01  -0.189988833E+03
   0.410389352E+02   0.476857726E+02  -0.204512214E-03  -0.349774819E+00   0.200602255E+01  -0.189983568E+03
   0.402525938E+02   0.467198507E+02  -0.210796635E-03  -0.173221074E+00   0.210697837E+01  -0.189978185E+03
   0.394869141E+02   0.457795768E+02  -0.212218361E-03  -0.540446454E+00   0.220140346E+01  -0.189972682E+03
   0.387407076E+02   0.448634390E+02  -0.222195753E-03  -0.519484712E+00   0.229357021E+01  -0.189967080E+03
   0.380128326E+02   0.439700040E+02  -0.231016608E-03  -0.676521530E+00   0.237743884E+01  -0.189961388E+03
   0.373021967E+02   0.430979141E+02  -0.242736234E-03  -0.549758243E+00   0.245184124E+01  -0.189955629E+03
   0.366077463E+02   0.422458842E+02  -0.251065810E-03  -0.175876517E+00   0.253371652E+01  -0.189949826E+03
   0.359284645E+02   0.414126996E+02  -0.251194556E-03  -0.191770055E+00   0.261133147E+01  -0.189943962E+03
   0.352634147E+02   0.405972123E+02  -0.251524247E-03  -0.472866353E+00   0.268904871E+01  -0.189938046E+03
   0.346116635E+02   0.397983390E+02  -0.257127447E-03  -0.541653034E+00   0.276184324E+01  -0.189932079E+03
   0.339723689E+02   0.390150575E+02  -0.263624710E-03  -0.635191884E+00   0.283745241E+01  -0.189926070E+03
   0.333447381E+02   0.382464041E+02  -0.271324375E-03  -0.795209337E+00   0.290859959E+01  -0.189920011E+03
   0.327280548E+02   0.374914710E+02  -0.281217416E-03  -0.592171410E+00   0.297843010E+01  -0.189913912E+03
   0.321216956E+02   0.367494032E+02  -0.286996363E-03  -0.681868699E+00   0.304586586E+01  -0.189907773E+03
   0.315250521E+02   0.360193962E+02  -0.293739709E-03  -0.134301849E+01   0.310549020E+01  -0.189901596E+03
   0.309375755E+02   0.353006932E+02  -0.310422169E-03  -0.125293333E+01   0.316398822E+01  -0.189895396E+03
   0.303587581E+02   0.345925826E+02  -0.324818775E-03  -0.114331289E+01   0.321960274E+01  -0.189889173E+03
   0.297881204E+02   0.338943955E+02  -0.336800058E-03  -0.312778510E+00   0.327879929E+01  -0.189882929E+03
   0.292252014E+02   0.332055038E+02  -0.336094880E-03  -0.664346315E+00   0.333191697E+01  -0.189876655E+03
   0.286695736E+02   0.325253175E+02  -0.340149647E-03  -0.121565465E+01   0.338298999E+01  -0.189870359E+03
   0.281208015E+02   0.318532825E+02  -0.351313714E-03  -0.605111777E+00   0.343055838E+01  -0.189864044E+03
   0.275784548E+02   0.311888792E+02  -0.353653136E-03  -0.115304404E+01   0.346998870E+01  -0.189857713E+03
   0.270421199E+02   0.305316198E+02  -0.362737024E-03  -0.874885977E+00   0.350918805E+01  -0.189851377E+03
   0.265114352E+02   0.298810470E+02  -0.367707656E-03  -0.147928450E+01   0.355051127E+01  -0.189845036E+03
   0.259860535E+02   0.292367319E+02  -0.379594819E-03  -0.181507511E+01   0.358859128E+01  -0.189838681E+03
   0.254656560E+02   0.285982724E+02  -0.394615004E-03  -0.183270319E+01   0.362768975E+01  -0.189832317E+03
   0.249499305E+02   0.279652916E+02  -0.408747753E-03  -0.146356012E+01   0.366719597E+01  -0.189825938E+03
   0.244385645E+02   0.273374365E+02  -0.417619654E-03  -0.212817131E+01   0.369917245E+01  -0.189819543E+03
   0.239312663E+02   0.267143764E+02  -0.432938180E-03  -0.122578362E+01   0.372780975E+01  -0.189813140E+03
   0.234277448E+02   0.260958013E+02  -0.437489556E-03  -0.111076436E+01   0.375613252E+01  -0.189806735E+03
   0.229277488E+02   0.254814211E+02  -0.440229667E-03  -0.822183597E+00   0.377875556E+01  -0.189800325E+03
   0.224310888E+02   0.248709641E+02  -0.439440114E-03  -0.202266566E+01   0.379683765E+01  -0.189793917E+03
   0.219375961E+02   0.242641759E+02  -0.449918358E-03  -0.227514837E+01   0.381782772E+01  -0.189787517E+03
   0.214470824E+02   0.236608185E+02  -0.461655556E-03  -0.216070857E+01   0.383004672E+01  -0.189781119E+03
   0.209593621E+02   0.230606690E+02  -0.471145105E-03  -0.647014723E+00   0.384230326E+01  -0.189774734E+03
   0.204742795E+02   0.224635188E+02  -0.465942463E-03   0.240955955E+00   0.384536124E+01  -0.189768360E+03
   0.199917060E+02   0.218691728E+02  -0.452698275E-03  -0.596112488E+00   0.383907712E+01  -0.189762012E+03
   0.195115299E+02   0.212774484E+02  -0.446751390E-03  -0.618143756E+00   0.383373498E+01  -0.189755702E+03
   0.190336532E+02   0.206881748E+02  -0.440716586E-03  -0.136902960E-01   0.383063225E+01  -0.189749426E+03
   0.185579959E+02   0.201011922E+02  -0.429447603E-03  -0.698099105E+00   0.383805080E+01  -0.189743180E+03
   0.180844851E+02   0.195163511E+02  -0.423273075E-03  -0.846697360E+00   0.384648600E+01  -0.189736945E+03
   0.176130340E+02   0.189335118E+02  -0.417612750E-03  -0.176207594E+01   0.385903155E+01  -0.189730718E+03
   0.171435216E+02   0.183525434E+02  -0.417985412E-03  -0.227446296E+01   0.387187216E+01  -0.189724490E+03
   0.166758489E+02   0.177733239E+02  -0.420945408E-03  -0.178401573E+01   0.389568373E+01  -0.189718260E+03
   0.162099273E+02   0.171957388E+02  -0.419355725E-03  -0.144988316E+01   0.392922508E+01  -0.189712010E+03
   0.157456761E+02   0.166196812E+02  -0.414606599E-03   0.241155515E+00   0.397341583E+01  -0.189705723E+03
   0.152830168E+02   0.160450512E+02  -0.398417055E-03   0.928826162E+00   0.401368219E+01  -0.189699380E+03
   0.148218330E+02   0.154717554E+02  -0.378137784E-03   0.302739438E+01   0.406115704E+01  -0.189692989E+03
   0.143619449E+02   0.148997065E+02  -0.346095680E-03   0.690614892E+01   0.411461874E+01  -0.189686535E+03
   0.139032272E+02   0.143288227E+02  -0.293875340E-03   0.889779672E+01   0.418707998E+01  -0.189680011E+03
   0.134456350E+02   0.137590277E+02  -0.234272559E-03   0.921628151E+01   0.425542342E+01  -0.189673383E+03
   0.129891382E+02   0.131902502E+02  -0.177194950E-03   0.128403072E+02   0.432958298E+01  -0.189666660E+03
   0.125336861E+02   0.126224235E+02  -0.106839547E-03   0.165260534E+02   0.440310787E+01  -0.189659831E+03
   0.120791492E+02   0.120554853E+02  -0.255642141E-04   0.213134526E+02   0.446557446E+01  -0.189652897E+03
   0.116253970E+02   0.114893772E+02   0.687641449E-04   0.293004720E+02   0.452852828E+01  -0.189645875E+03
   0.111723197E+02   0.109240448E+02   0.185996252E-03   0.367280672E+02   0.456922924E+01  -0.189638763E+03
   0.107196374E+02   0.103594373E+02   0.318433646E-03   0.457228242E+02   0.458530896E+01  -0.189631597E+03
   0.102669524E+02   0.979550702E+01   0.466655593E-03   0.577960652E+02   0.458328758E+01  -0.189624414E+03
   0.981378608E+01   0.923220958E+01   0.635061887E-03   0.721691283E+02   0.455250356E+01  -0.189617243E+03
   0.935927998E+01   0.866950341E+01   0.823163268E-03   0.932802348E+02   0.449075694E+01  -0.189610127E+03
   0.890196685E+01   0.810734970E+01   0.104228561E-02   0.109978047E+03   0.436399127E+01  -0.189603114E+03
   0.843991636E+01   0.754571217E+01   0.126805346E-02   0.135100014E+03   0.419017281E+01  -0.189596306E+03
   0.797045701E+01   0.698455693E+01   0.151377692E-02   0.153344764E+03   0.393910641E+01  -0.189589775E+03
   0.749000555E+01   0.642385229E+01   0.175194935E-02   0.170138927E+03   0.364721279E+01  -0.189583639E+03
   0.699391502E+01   0.586356866E+01   0.197388642E-02   0.161781368E+03   0.328173714E+01  -0.189577963E+03
   0.647586209E+01   0.530367839E+01   0.212684097E-02   0.115061494E+03   0.284440372E+01  -0.189572859E+03
   0.592774963E+01   0.474415562E+01   0.215321389E-02   0.506723043E+02   0.233023982E+01  -0.189568438E+03
   0.534042343E+01   0.418497622E+01   0.205389409E-02  -0.559224128E+02   0.174430797E+01  -0.189564819E+03
   0.470621342E+01   0.362611761E+01   0.179944357E-02  -0.175481982E+03   0.114289714E+01  -0.189562111E+03
   0.402324803E+01   0.306755872E+01   0.141463252E-02  -0.254607534E+03   0.628618475E+00  -0.189560338E+03
   0.330027711E+01   0.250927984E+01   0.985806763E-03  -0.276821626E+03   0.247974990E+00  -0.189559363E+03
   0.255558374E+01   0.195126258E+01   0.590843087E-03  -0.228776561E+03   0.504611467E-01  -0.189558978E+03
   0.180859219E+01   0.139348973E+01   0.299079390E-03  -0.149654129E+03  -0.243142305E-01  -0.189558900E+03
   0.107235595E+01   0.835945225E+00   0.123024897E-03  -0.852230007E+02  -0.479862233E-01  -0.189558938E+03
   0.352809603E+00   0.278614061E+00   0.290058908E-04  -0.256958377E+02  -0.491608478E+03  -0.189559012E+03
