  0.2388121849E-01  0.1053551081E-02  0.1053551081E-02 -0.3957824707E-04
  0.3576187290E-01  0.2056286147E-02  0.2056286147E-02 -0.1049819755E-03
  0.4757119892E-01  0.2997626581E-02  0.2997626581E-02 -0.1911685771E-03
  0.5928643660E-01  0.3764982477E-02  0.3764982477E-02 -0.2721258095E-03
  0.7088567167E-01  0.4445273823E-02  0.4445273823E-02 -0.3244990722E-03
  0.8234801635E-01  0.5205699969E-02  0.5205699969E-02 -0.3688353551E-03
  0.9365377120E-01  0.6007590078E-02  0.6007590078E-02 -0.4090093269E-03
  0.1047845656E+00  0.6921534234E-02  0.6921534234E-02 -0.4775357656E-03
  0.1157234751E+00  0.7831734529E-02  0.7831734529E-02 -0.5438311779E-03
  0.1264551145E+00  0.8806749122E-02  0.8806749122E-02 -0.6118049518E-03
  0.1369657066E+00  0.9860502957E-02  0.9860502957E-02 -0.7113627242E-03
  0.1472431257E+00  0.1094223375E-01  0.1094223375E-01 -0.8207341168E-03
  0.1572769180E+00  0.1188844855E-01  0.1188844855E-01 -0.9113252612E-03
  0.1670582996E+00  0.1270705714E-01  0.1270705714E-01 -0.9857304631E-03
  0.1765801332E+00  0.1345449383E-01  0.1345449383E-01 -0.1049319022E-02
  0.1858368862E+00  0.1426799145E-01  0.1426799145E-01 -0.1106988315E-02
  0.1948245728E+00  0.1529676969E-01  0.1529676969E-01 -0.1206252658E-02
  0.2035406814E+00  0.1632192147E-01  0.1632192147E-01 -0.1358744143E-02
  0.2119840907E+00  0.1717227685E-01  0.1717227685E-01 -0.1491736840E-02
  0.2201549768E+00  0.1803687137E-01  0.1803687137E-01 -0.1607409523E-02
  0.2280547133E+00  0.1891318032E-01  0.1891318032E-01 -0.1757646523E-02
  0.2356857674E+00  0.1971501329E-01  0.1971501329E-01 -0.1950841433E-02
  0.2430515931E+00  0.2046313124E-01  0.2046313124E-01 -0.2123457811E-02
  0.2501565244E+00  0.2125806527E-01  0.2125806527E-01 -0.2287432074E-02
  0.2570056694E+00  0.2213611120E-01  0.2213611120E-01 -0.2513878966E-02
  0.2636048075E+00  0.2304439374E-01  0.2304439374E-01 -0.2682548222E-02
  0.2699602893E+00  0.2404263417E-01  0.2404263417E-01 -0.2830579595E-02
  0.2760789424E+00  0.2502327683E-01  0.2502327683E-01 -0.2987902901E-02
  0.2819679824E+00  0.2595719691E-01  0.2595719691E-01 -0.3136908678E-02
  0.2876349290E+00  0.2693197216E-01  0.2693197216E-01 -0.3334851004E-02
  0.2930875299E+00  0.2786972229E-01  0.2786972229E-01 -0.3514992962E-02
  0.2983336900E+00  0.2891963390E-01  0.2891963390E-01 -0.3706274947E-02
  0.3033814079E+00  0.3015389339E-01  0.3015389339E-01 -0.3986022724E-02
  0.3082387186E+00  0.3150959176E-01  0.3150959176E-01 -0.4358755274E-02
  0.3129136426E+00  0.3286372160E-01  0.3286372160E-01 -0.4734886479E-02
  0.3174141412E+00  0.3415427805E-01  0.3415427805E-01 -0.5104034342E-02
  0.3217480778E+00  0.3536929369E-01  0.3536929369E-01 -0.5487643612E-02
  0.3259231839E+00  0.3654781117E-01  0.3654781117E-01 -0.5834641905E-02
  0.3299470312E+00  0.3781110296E-01  0.3781110296E-01 -0.6179081018E-02
  0.3338270078E+00  0.3921522794E-01  0.3921522794E-01 -0.6591295237E-02
  0.3375702985E+00  0.4079467044E-01  0.4079467044E-01 -0.7072088798E-02
  0.3411838699E+00  0.4248565723E-01  0.4248565723E-01 -0.7592332338E-02
  0.3446744581E+00  0.4422363489E-01  0.4422363489E-01 -0.8152371533E-02
  0.3480485599E+00  0.4588109616E-01  0.4588109616E-01 -0.8693032682E-02
  0.3513124270E+00  0.4741455145E-01  0.4741455145E-01 -0.9158974690E-02
  0.3544720624E+00  0.4896502375E-01  0.4896502375E-01 -0.9600707466E-02
  0.3575332189E+00  0.5058707078E-01  0.5058707078E-01 -0.1007896336E-01
  0.3605013997E+00  0.5222445386E-01  0.5222445386E-01 -0.1057210090E-01
  0.3633818605E+00  0.5380666324E-01  0.5380666324E-01 -0.1105454607E-01
  0.3661796128E+00  0.5539783588E-01  0.5539783588E-01 -0.1153738624E-01
  0.3688994285E+00  0.5706803420E-01  0.5706803420E-01 -0.1205803719E-01
  0.3715458452E+00  0.5883557811E-01  0.5883557811E-01 -0.1264234098E-01
  0.3741231726E+00  0.6066911470E-01  0.6066911470E-01 -0.1325080218E-01
  0.3766354994E+00  0.6257327498E-01  0.6257327498E-01 -0.1386251014E-01
  0.3790867003E+00  0.6457626802E-01  0.6457626802E-01 -0.1450219018E-01
  0.3814804437E+00  0.6665476195E-01  0.6665476195E-01 -0.1516806471E-01
  0.3838201996E+00  0.6883853700E-01  0.6883853700E-01 -0.1587479024E-01
  0.3861092473E+00  0.7114740674E-01  0.7114740674E-01 -0.1662793145E-01
  0.3883506841E+00  0.7360064473E-01  0.7360064473E-01 -0.1745229936E-01
  0.3905474323E+00  0.7620479544E-01  0.7620479544E-01 -0.1835348986E-01
  0.3927022481E+00  0.7893842018E-01  0.7893842018E-01 -0.1931018204E-01
  0.3948177289E+00  0.8177179133E-01  0.8177179133E-01 -0.2031284430E-01
  0.3968963211E+00  0.8460959411E-01  0.8460959411E-01 -0.2129454105E-01
  0.3989403277E+00  0.8741757712E-01  0.8741757712E-01 -0.2223103065E-01
  0.4009519155E+00  0.9024573657E-01  0.9024573657E-01 -0.2313470787E-01
  0.4029331223E+00  0.9318127168E-01  0.9318127168E-01 -0.2406011415E-01
  0.4048858635E+00  0.9630215566E-01  0.9630215566E-01 -0.2504564646E-01
  0.4068119391E+00  0.9962651223E-01  0.9962651223E-01 -0.2608713210E-01
  0.4087130396E+00  0.1031774774E+00  0.1031774774E+00 -0.2720909594E-01
  0.4105907523E+00  0.1068416482E+00  0.1068416482E+00 -0.2833930549E-01
  0.4124465670E+00  0.1106752271E+00  0.1106752271E+00 -0.2953010807E-01
  0.4142818818E+00  0.1147524213E+00  0.1147524213E+00 -0.3082486218E-01
  0.4160980079E+00  0.1190878505E+00  0.1190878505E+00 -0.3220882371E-01
  0.4178961752E+00  0.1236913240E+00  0.1236913240E+00 -0.3366897093E-01
  0.4196775365E+00  0.1285179259E+00  0.1285179259E+00 -0.3517089589E-01
  0.4214431726E+00  0.1335655527E+00  0.1335655527E+00 -0.3672454905E-01
  0.4231940963E+00  0.1388007612E+00  0.1388007612E+00 -0.3827661340E-01
  0.4249312563E+00  0.1443333510E+00  0.1443333510E+00 -0.3988013879E-01
  0.4266555416E+00  0.1502478743E+00  0.1502478743E+00 -0.4158810813E-01
  0.4283677847E+00  0.1565731484E+00  0.1565731484E+00 -0.4341529792E-01
  0.4300687649E+00  0.1632032399E+00  0.1632032399E+00 -0.4528874603E-01
  0.4317592124E+00  0.1700680501E+00  0.1700680501E+00 -0.4716395371E-01
  0.4334398102E+00  0.1771590860E+00  0.1771590860E+00 -0.4901898344E-01
  0.4351111980E+00  0.1845397237E+00  0.1845397237E+00 -0.5085786374E-01
  0.4367739742E+00  0.1922199636E+00  0.1922199636E+00 -0.5269116074E-01
  0.4384286990E+00  0.2003877712E+00  0.2003877712E+00 -0.5460823908E-01
  0.4400758964E+00  0.2090956647E+00  0.2090956647E+00 -0.5661454541E-01
  0.4417160568E+00  0.2182659607E+00  0.2182659607E+00 -0.5863133730E-01
  0.4433496387E+00  0.2278390756E+00  0.2278390756E+00 -0.6056789386E-01
  0.4449770713E+00  0.2380002890E+00  0.2380002890E+00 -0.6239673988E-01
  0.4465987558E+00  0.2488807861E+00  0.2488807861E+00 -0.6408657313E-01
  0.4482150676E+00  0.2606186786E+00  0.2606186786E+00 -0.6562240997E-01
  0.4498263576E+00  0.2733260436E+00  0.2733260436E+00 -0.6705077814E-01
  0.4514329541E+00  0.2870965471E+00  0.2870965471E+00 -0.6835981155E-01
  0.4530351639E+00  0.3022309226E+00  0.3022309226E+00 -0.6955573269E-01
  0.4546332739E+00  0.3190230327E+00  0.3190230327E+00 -0.7064761548E-01
  0.4562275526E+00  0.3376881032E+00  0.3376881032E+00 -0.7154057549E-01
  0.4578182505E+00  0.3583626197E+00  0.3583626197E+00 -0.7205772595E-01
  0.4594056023E+00  0.3810142760E+00  0.3810142760E+00 -0.7193668432E-01
  0.4609898272E+00  0.4061262657E+00  0.4061262657E+00 -0.7125060767E-01
  0.4625711299E+00  0.4343115916E+00  0.4343115916E+00 -0.7001379544E-01
  0.4641497021E+00  0.4661767044E+00  0.4661767044E+00 -0.6809624586E-01
  0.4657257228E+00  0.5027326784E+00  0.5027326784E+00 -0.6567306321E-01
  0.4672993591E+00  0.5450613548E+00  0.5450613548E+00 -0.6298405345E-01
  0.4688707677E+00  0.5948020456E+00  0.5948020456E+00 -0.6069429504E-01
  0.4704400945E+00  0.6541216749E+00  0.6541216749E+00 -0.5958367331E-01
  0.4720074762E+00  0.7256025592E+00  0.7256025592E+00 -0.6090104186E-01
  0.4735730404E+00  0.8122366243E+00  0.8122366243E+00 -0.6605048306E-01
  0.4751369064E+00  0.9167662273E+00  0.9167662273E+00 -0.7612989118E-01
  0.4766991858E+00  0.1040891350E+01  0.1040891350E+01 -0.9179956591E-01
  0.4782599826E+00  0.1186682556E+01  0.1186682556E+01 -0.1146485705E+00
  0.4798193942E+00  0.1356520098E+01  0.1356520098E+01 -0.1471367989E+00
  0.4813775117E+00  0.1549808119E+01  0.1549808119E+01 -0.1896761634E+00
  0.4829344200E+00  0.1761498756E+01  0.1761498756E+01 -0.2397660566E+00
  0.4844901985E+00  0.1979607818E+01  0.1979607818E+01 -0.2903717388E+00
  0.4860449215E+00  0.2188755332E+01  0.2188755332E+01 -0.3333790456E+00
  0.4875986583E+00  0.2365952398E+01  0.2365952398E+01 -0.3546034952E+00
  0.4891514738E+00  0.2487970351E+01  0.2487970351E+01 -0.3405425416E+00
  0.4907034284E+00  0.2546657875E+01  0.2546657875E+01 -0.2917518317E+00
  0.4922545787E+00  0.2551489059E+01  0.2551489059E+01 -0.2214375726E+00
  0.4938049777E+00  0.2527727477E+01  0.2527727477E+01 -0.1521700604E+00
  0.4953546747E+00  0.2499368956E+01  0.2499368956E+01 -0.1009992614E+00
  0.4969037158E+00  0.2476109265E+01  0.2476109265E+01 -0.6964954545E-01
  0.4984521441E+00  0.2457048187E+01  0.2457048187E+01 -0.5124379816E-01
  0.5000000000E+00  0.2439373940E+01  0.2439373940E+01 -0.3961769383E-01
