  0.1064236E+02 -0.9648116E-02  0.8203415E-01 -0.4146649E-02 -0.2558289E-01  0.6734562E-02  0.7352043E+00  0.1555693E-03  0.2961342E-05  0.2310070E+00 -0.1979819E-01  0.9959628E+00
  0.1065972E+02 -0.9645101E-02  0.8209567E-01 -0.4152770E-02 -0.2562210E-01  0.6596078E-02  0.6861583E+00  0.1015021E-03  0.1175404E-05  0.2309941E+00 -0.1516664E-01  0.9513602E+00
  0.1067708E+02 -0.9640042E-02  0.8215700E-01 -0.4158376E-02 -0.2566328E-01  0.6555599E-02  0.6724977E+00  0.4386088E-05  0.1438653E-06  0.2309083E+00 -0.1456325E-01  0.9380982E+00
  0.1069444E+02 -0.9636860E-02  0.8221822E-01 -0.4164036E-02 -0.2570223E-01  0.6533177E-02  0.6985989E+00 -0.6296896E-04  0.1001714E-05  0.2309476E+00 -0.1724663E-01  0.9614862E+00
  0.1071181E+02 -0.9635961E-02  0.8227961E-01 -0.4170041E-02 -0.2573892E-01  0.6601417E-02  0.7500845E+00 -0.1897186E-03  0.4491251E-05  0.2310835E+00 -0.1681227E-01  0.1013507E+01
  0.1072917E+02 -0.9636315E-02  0.8234125E-01 -0.4176561E-02 -0.2577472E-01  0.6915363E-02  0.8101896E+00 -0.2365354E-03  0.7934836E-05  0.2313372E+00 -0.1496625E-01  0.1076001E+01
  0.1074653E+02 -0.9636819E-02  0.8240278E-01 -0.4183516E-02 -0.2581036E-01  0.7570523E-02  0.8455842E+00 -0.6948475E-04  0.7843281E-05  0.2316559E+00 -0.1408432E-01  0.1113437E+01
  0.1076389E+02 -0.9634096E-02  0.8246379E-01 -0.4190471E-02 -0.2584937E-01  0.8269031E-02  0.8286286E+00  0.1472041E-03  0.1802668E-05  0.2316287E+00 -0.1001087E-01  0.1101454E+01
  0.1078125E+02 -0.9629370E-02  0.8252446E-01 -0.4197222E-02 -0.2589017E-01  0.8410170E-02  0.7700677E+00  0.2637079E-03 -0.1935461E-05  0.2312816E+00 -0.8084773E-02  0.1044744E+01
  0.1079861E+02 -0.9626835E-02  0.8258528E-01 -0.4203822E-02 -0.2592844E-01  0.7653587E-02  0.7108055E+00  0.2012988E-03 -0.5724672E-06  0.2309839E+00 -0.1334953E-01  0.9791203E+00
  0.1081597E+02 -0.9626746E-02  0.8264640E-01 -0.4210322E-02 -0.2596403E-01  0.6389908E-02  0.6864894E+00 -0.5744690E-05 -0.6329603E-06  0.2310040E+00 -0.1919323E-01  0.9475290E+00
  0.1083333E+02 -0.9626967E-02  0.8270755E-01 -0.4216723E-02 -0.2599918E-01  0.5527426E-02  0.7056526E+00 -0.1958112E-03  0.4154524E-06  0.2314091E+00 -0.2017200E-01  0.9650865E+00
  0.1085069E+02 -0.9625191E-02  0.8276827E-01 -0.4222970E-02 -0.2603651E-01  0.5763995E-02  0.7531284E+00 -0.1975721E-03  0.2512077E-05  0.2319672E+00 -0.1804585E-01  0.1015502E+01
  0.1086806E+02 -0.9622127E-02  0.8282844E-01 -0.4229178E-02 -0.2607516E-01  0.6980627E-02  0.7835271E+00 -0.8930925E-05  0.2942116E-05  0.2323830E+00 -0.1669892E-01  0.1049088E+01
  0.1088542E+02 -0.9618803E-02  0.8288840E-01 -0.4235350E-02 -0.2611393E-01  0.8251332E-02  0.7859312E+00  0.9921462E-04  0.2794081E-05  0.2324645E+00 -0.1556832E-01  0.1054101E+01
  0.1090278E+02 -0.9617760E-02  0.8294844E-01 -0.4241491E-02 -0.2615010E-01  0.8752224E-02  0.7679985E+00  0.1005572E-03  0.1994840E-05  0.2323667E+00 -0.1456128E-01  0.1037598E+01
  0.1092014E+02 -0.9618831E-02  0.8300856E-01 -0.4247696E-02 -0.2618404E-01  0.8352246E-02  0.7518584E+00  0.1512270E-04  0.2344413E-05  0.2322002E+00 -0.1277628E-01  0.1022610E+01
  0.1093750E+02 -0.9618362E-02  0.8306847E-01 -0.4254042E-02 -0.2621947E-01  0.7546397E-02  0.7443994E+00 -0.5430850E-04  0.4017391E-05  0.2318226E+00 -0.9199810E-02  0.1017495E+01
  0.1095486E+02 -0.9615539E-02  0.8312788E-01 -0.4260620E-02 -0.2625726E-01  0.6861523E-02  0.7499853E+00 -0.2109758E-04  0.2023343E-05  0.2313949E+00 -0.8058882E-02  0.1023158E+01
  0.1097222E+02 -0.9612572E-02  0.8318703E-01 -0.4267425E-02 -0.2629501E-01  0.6534081E-02  0.7616968E+00 -0.8489162E-05 -0.3021199E-05  0.2313475E+00 -0.1286018E-01  0.1029719E+01
  0.1098958E+02 -0.9610520E-02  0.8324641E-01 -0.4274369E-02 -0.2633190E-01  0.6568550E-02  0.7746436E+00 -0.4029531E-05 -0.2771461E-05  0.2317884E+00 -0.2156412E-01  0.1034459E+01
  0.1100694E+02 -0.9609932E-02  0.8330595E-01 -0.4281269E-02 -0.2636705E-01  0.6942827E-02  0.7684518E+00  0.4669514E-04 -0.8253886E-07  0.2325517E+00 -0.2744345E-01  0.1023597E+01
  0.1102431E+02 -0.9610133E-02  0.8336503E-01 -0.4287771E-02 -0.2640095E-01  0.7524390E-02  0.7435541E+00  0.5994227E-04  0.1372362E-05  0.2332079E+00 -0.2380409E-01  0.1003610E+01
  0.1104167E+02 -0.9609086E-02  0.8342329E-01 -0.4293803E-02 -0.2643587E-01  0.7989363E-02  0.7217267E+00  0.5763256E-04  0.4193528E-05  0.2334140E+00 -0.1511498E-01  0.9911614E+00
  0.1105903E+02 -0.9608173E-02  0.8348126E-01 -0.4299659E-02 -0.2647049E-01  0.8029388E-02  0.7187761E+00 -0.1335734E-04  0.2926328E-05  0.2332255E+00 -0.1143030E-01  0.9916932E+00
  0.1107639E+02 -0.9607500E-02  0.8353946E-01 -0.4305513E-02 -0.2650512E-01  0.7681741E-02  0.7406266E+00 -0.7744321E-04 -0.4674016E-06  0.2328174E+00 -0.1333847E-01  0.1010831E+01
  0.1109375E+02 -0.9606391E-02  0.8359791E-01 -0.4311521E-02 -0.2654045E-01  0.7282440E-02  0.7766265E+00 -0.1028286E-03  0.2756459E-06  0.2323169E+00 -0.1395389E-01  0.1045309E+01
  0.1111111E+02 -0.9604238E-02  0.8365582E-01 -0.4317847E-02 -0.2657655E-01  0.7148364E-02  0.8012258E+00 -0.6821045E-04 -0.2637247E-06  0.2318888E+00 -0.1125377E-01  0.1072098E+01
  0.1112847E+02 -0.9602419E-02  0.8371268E-01 -0.4324482E-02 -0.2661136E-01  0.7317924E-02  0.7995977E+00  0.4196878E-04 -0.2121392E-05  0.2318917E+00 -0.1392566E-01  0.1068096E+01
  0.1114583E+02 -0.9601809E-02  0.8376860E-01 -0.4331363E-02 -0.2664419E-01  0.7539915E-02  0.7739600E+00  0.1412175E-03 -0.1231627E-05  0.2324887E+00 -0.2242349E-01  0.1034896E+01
  0.1116319E+02 -0.9602128E-02  0.8382428E-01 -0.4338337E-02 -0.2667586E-01  0.7608398E-02  0.7414095E+00  0.1272033E-03 -0.9838953E-07  0.2332993E+00 -0.2694914E-01  0.9987032E+00
  0.1118056E+02 -0.9603426E-02  0.8388027E-01 -0.4345147E-02 -0.2670663E-01  0.7518050E-02  0.7223386E+00 -0.7688029E-05  0.3109991E-05  0.2338592E+00 -0.2534508E-01  0.9815913E+00
  0.1119792E+02 -0.9603905E-02  0.8393631E-01 -0.4351571E-02 -0.2673858E-01  0.7380909E-02  0.7273682E+00 -0.4656812E-04  0.6508180E-05  0.2340725E+00 -0.2213284E-01  0.9898910E+00
  0.1121528E+02 -0.9601876E-02  0.8399167E-01 -0.4357638E-02 -0.2677277E-01  0.7385946E-02  0.7308139E+00 -0.4050454E-05  0.8760845E-06  0.2338789E+00 -0.1599061E-01  0.9993443E+00
  0.1123264E+02 -0.9597904E-02  0.8404614E-01 -0.4363417E-02 -0.2680852E-01  0.7495997E-02  0.7384031E+00 -0.3489909E-04 -0.7011850E-05  0.2332531E+00 -0.6964871E-02  0.1015422E+01
  0.1125000E+02 -0.9595234E-02  0.8409989E-01 -0.4369209E-02 -0.2684236E-01  0.7533942E-02  0.7681278E+00 -0.9948319E-04 -0.5231102E-05  0.2326858E+00 -0.5495747E-02  0.1046040E+01
