  0.2564236E+02 -0.2082322E+01  0.6537601E-01 -0.5256588E-01  0.2300576E+00 -0.4438575E-02 -0.4730797E-01  0.1220053E-02 -0.5863737E-04  0.1503293E-04  0.1290399E+01 -0.5996254E+00 -0.5893747E+00
  0.2565972E+02 -0.2079820E+01  0.6632531E-01 -0.5260011E-01  0.2084961E+00 -0.4284467E-02 -0.4730194E-01  0.1219425E-02 -0.4424602E-04  0.2930593E-04  0.1290183E+01 -0.6177984E+00 -0.5892457E+00
  0.2567708E+02 -0.2081498E+01  0.6714220E-01 -0.5253750E-01  0.2072996E+00 -0.4381862E-02 -0.4729349E-01  0.1218077E-02  0.1715485E-04  0.2126606E-04  0.1289960E+01 -0.6200529E+00 -0.5892091E+00
  0.2569444E+02 -0.2083895E+01  0.6769326E-01 -0.5240039E-01  0.2202024E+00 -0.5196580E-02 -0.4728419E-01  0.1216835E-02  0.3225432E-04 -0.4708006E-05  0.1289738E+01 -0.6098985E+00 -0.5892407E+00
  0.2571181E+02 -0.2083416E+01  0.6794554E-01 -0.5219580E-01  0.2359588E+00 -0.7791330E-02 -0.4727414E-01  0.1216274E-02  0.4535787E-04 -0.2495289E-04  0.1289519E+01 -0.5960176E+00 -0.5893064E+00
  0.2572917E+02 -0.2084992E+01  0.6768814E-01 -0.5196960E-01  0.2597912E+00 -0.1022742E-01 -0.4726302E-01  0.1217027E-02  0.4580047E-04 -0.1820753E-04  0.1289309E+01 -0.5764189E+00 -0.5893372E+00
  0.2574653E+02 -0.2089058E+01  0.6675878E-01 -0.5181500E-01  0.2848193E+00 -0.9857115E-02 -0.4725299E-01  0.1218262E-02  0.1182071E-04 -0.1389503E-04  0.1289117E+01 -0.5560721E+00 -0.5892349E+00
  0.2576389E+02 -0.2088460E+01  0.6556153E-01 -0.5175322E-01  0.2912403E+00 -0.8695102E-02 -0.4724841E-01  0.1219132E-02 -0.1310724E-04 -0.2421385E-04  0.1288941E+01 -0.5492326E+00 -0.5889834E+00
  0.2578125E+02 -0.2081335E+01  0.6482939E-01 -0.5175153E-01  0.2709119E+00 -0.8083086E-02 -0.4725007E-01  0.1219905E-02 -0.4993980E-04  0.1266707E-04  0.1288764E+01 -0.5627312E+00 -0.5886905E+00
  0.2579861E+02 -0.2076517E+01  0.6503810E-01 -0.5178712E-01  0.2327826E+00 -0.6495234E-02 -0.4725411E-01  0.1220545E-02 -0.7271996E-04  0.4424003E-04  0.1288570E+01 -0.5944698E+00 -0.5885087E+00
  0.2581597E+02 -0.2074659E+01  0.6620967E-01 -0.5181748E-01  0.1961191E+00 -0.5603144E-02 -0.4725416E-01  0.1220629E-02 -0.2970829E-04  0.2607961E-04  0.1288346E+01 -0.6274418E+00 -0.5885229E+00
  0.2583333E+02 -0.2078279E+01  0.6782719E-01 -0.5179045E-01  0.1900314E+00 -0.5480938E-02 -0.4724633E-01  0.1219741E-02  0.6160168E-04  0.1063493E-04  0.1288100E+01 -0.6355460E+00 -0.5886986E+00
  0.2585069E+02 -0.2088605E+01  0.6904952E-01 -0.5169664E-01  0.2212594E+00 -0.5260502E-02 -0.4723249E-01  0.1218374E-02  0.8735187E-04 -0.1169618E-04  0.1287861E+01 -0.6133307E+00 -0.5888398E+00
  0.2586806E+02 -0.2091453E+01  0.6919994E-01 -0.5154696E-01  0.2538171E+00 -0.6835937E-02 -0.4721719E-01  0.1218106E-02  0.4794101E-05 -0.2298274E-04  0.1287650E+01 -0.5851857E+00 -0.5887844E+00
  0.2588542E+02 -0.2088316E+01  0.6807178E-01 -0.5139663E-01  0.2719537E+00 -0.8190447E-02 -0.4720574E-01  0.1219804E-02 -0.1911555E-04 -0.8811569E-05  0.1287461E+01 -0.5664302E+00 -0.5885383E+00
  0.2590278E+02 -0.2084928E+01  0.6628456E-01 -0.5129818E-01  0.2815021E+00 -0.7504179E-02 -0.4720189E-01  0.1221893E-02 -0.1899514E-04  0.3498482E-05  0.1287286E+01 -0.5546534E+00 -0.5882123E+00
  0.2592014E+02 -0.2079726E+01  0.6504631E-01 -0.5122730E-01  0.2704852E+00 -0.7246246E-02 -0.4720472E-01  0.1222854E-02 -0.3500066E-04  0.9954169E-05  0.1287110E+01 -0.5615650E+00 -0.5879764E+00
  0.2593750E+02 -0.2074460E+01  0.6518325E-01 -0.5116378E-01  0.2393128E+00 -0.8396081E-02 -0.4720849E-01  0.1222808E-02 -0.2698348E-04  0.6562366E-05  0.1286911E+01 -0.5886194E+00 -0.5879234E+00
  0.2595486E+02 -0.2073998E+01  0.6659188E-01 -0.5110769E-01  0.2093587E+00 -0.9027647E-02 -0.4720651E-01  0.1221909E-02 -0.5099986E-05  0.8468516E-05  0.1286683E+01 -0.6174809E+00 -0.5880474E+00
  0.2597222E+02 -0.2080797E+01  0.6834851E-01 -0.5106315E-01  0.2087179E+00 -0.7672697E-02 -0.4719653E-01  0.1220092E-02  0.4453665E-04  0.7098137E-05  0.1286439E+01 -0.6219520E+00 -0.5882479E+00
  0.2598958E+02 -0.2090190E+01  0.6947639E-01 -0.5100268E-01  0.2410901E+00 -0.5652823E-02 -0.4718237E-01  0.1218482E-02  0.7638070E-04 -0.1023361E-04  0.1286208E+01 -0.5959692E+00 -0.5883402E+00
  0.2600694E+02 -0.2094865E+01  0.6947370E-01 -0.5089223E-01  0.2771946E+00 -0.5060426E-02 -0.4716960E-01  0.1218661E-02  0.5077716E-04 -0.2640598E-04  0.1286008E+01 -0.5640678E+00 -0.5881864E+00
  0.2602431E+02 -0.2090430E+01  0.6844564E-01 -0.5076896E-01  0.2840103E+00 -0.6474718E-02 -0.4716181E-01  0.1221099E-02 -0.5606105E-04  0.6060255E-05  0.1285837E+01 -0.5553721E+00 -0.5878491E+00
  0.2604167E+02 -0.2079530E+01  0.6692299E-01 -0.5070564E-01  0.2563290E+00 -0.7540358E-02 -0.4715991E-01  0.1224594E-02 -0.1308048E-03  0.5933420E-04  0.1285663E+01 -0.5748679E+00 -0.5875318E+00
  0.2605903E+02 -0.2071888E+01  0.6583503E-01 -0.5069559E-01  0.2234535E+00 -0.6806208E-02 -0.4716294E-01  0.1226987E-02 -0.5836721E-04  0.4781844E-04  0.1285465E+01 -0.6005824E+00 -0.5873530E+00
  0.2607639E+02 -0.2073536E+01  0.6606517E-01 -0.5068268E-01  0.2087334E+00 -0.6123353E-02 -0.4716625E-01  0.1226939E-02  0.6299762E-04 -0.2268395E-04  0.1285243E+01 -0.6162000E+00 -0.5873373E+00
  0.2609375E+02 -0.2076463E+01  0.6767522E-01 -0.5063883E-01  0.2045373E+00 -0.8093081E-02 -0.4716318E-01  0.1225027E-02  0.6308067E-04 -0.6651230E-04  0.1285006E+01 -0.6239184E+00 -0.5874811E+00
  0.2611111E+02 -0.2079945E+01  0.6954328E-01 -0.5054660E-01  0.2129316E+00 -0.1025313E-01 -0.4714916E-01  0.1222521E-02  0.3873281E-04 -0.2167830E-04  0.1284760E+01 -0.6194195E+00 -0.5877124E+00
  0.2612847E+02 -0.2090481E+01  0.7011249E-01 -0.5044091E-01  0.2516568E+00 -0.7323122E-02 -0.4712845E-01  0.1220372E-02  0.4738409E-04  0.2691649E-04  0.1284528E+01 -0.5877818E+00 -0.5878401E+00
  0.2614583E+02 -0.2099657E+01  0.6886462E-01 -0.5032532E-01  0.3030328E+00 -0.3218664E-02 -0.4711184E-01  0.1219049E-02  0.5414291E-04  0.1445653E-04  0.1284334E+01 -0.5427937E+00 -0.5876609E+00
  0.2616319E+02 -0.2094476E+01  0.6677041E-01 -0.5015900E-01  0.3255444E+00 -0.4507578E-02 -0.4710749E-01  0.1220029E-02 -0.1105915E-04  0.4076391E-05  0.1284177E+01 -0.5185453E+00 -0.5872488E+00
  0.2618056E+02 -0.2080115E+01  0.6513326E-01 -0.5000108E-01  0.2951213E+00 -0.7680064E-02 -0.4711460E-01  0.1224157E-02 -0.1371593E-03  0.2996736E-04  0.1284026E+01 -0.5395134E+00 -0.5868542E+00
  0.2619792E+02 -0.2068732E+01  0.6490362E-01 -0.4996448E-01  0.2304656E+00 -0.8345164E-02 -0.4712576E-01  0.1228974E-02 -0.1235563E-03  0.3167409E-04  0.1283840E+01 -0.5938206E+00 -0.5866820E+00
  0.2621528E+02 -0.2066807E+01  0.6651031E-01 -0.5002337E-01  0.1808325E+00 -0.7554350E-02 -0.4713259E-01  0.1231073E-02  0.1482528E-04 -0.5527958E-05  0.1283609E+01 -0.6393253E+00 -0.5867706E+00
  0.2623264E+02 -0.2073673E+01  0.6956750E-01 -0.5007024E-01  0.1681008E+00 -0.7581209E-02 -0.4712817E-01  0.1229441E-02  0.8117780E-04 -0.4733550E-04  0.1283352E+01 -0.6561686E+00 -0.5869848E+00
  0.2625000E+02 -0.2081545E+01  0.7245081E-01 -0.5004393E-01  0.1846461E+00 -0.8639207E-02 -0.4710871E-01  0.1226009E-02  0.6391363E-04 -0.3019105E-04  0.1283091E+01 -0.6458889E+00 -0.5871830E+00
