  0.1064236E+02 -0.2206064E+01  0.1453533E-01 -0.1484462E+00  0.2488012E+00 -0.1376040E-01 -0.5513120E-01  0.6953807E-03  0.1232370E-03 -0.2538550E-04  0.1466346E+01 -0.6929266E+00 -0.7017834E+00
  0.1065972E+02 -0.2205174E+01  0.1164348E-01 -0.1484269E+00  0.2717260E+00 -0.1547853E-01 -0.5513381E-01  0.6951956E-03  0.6378330E-04 -0.1845318E-04  0.1466140E+01 -0.6739626E+00 -0.7016677E+00
  0.1067708E+02 -0.2204711E+01  0.1133832E-01 -0.1482214E+00  0.2769561E+00 -0.1611382E-01 -0.5514333E-01  0.6957579E-03 -0.2246354E-04  0.8372774E-05  0.1465946E+01 -0.6692679E+00 -0.7014808E+00
  0.1069444E+02 -0.2204523E+01  0.1377088E-01 -0.1478673E+00  0.2643281E+00 -0.1563794E-01 -0.5515082E-01  0.6973709E-03 -0.8897292E-04  0.1848513E-04  0.1465753E+01 -0.6786999E+00 -0.7011382E+00
  0.1071181E+02 -0.2200923E+01  0.1819797E-01 -0.1474259E+00  0.2381272E+00 -0.1607908E-01 -0.5514797E-01  0.6996671E-03 -0.1313005E-03  0.1624557E-04  0.1465556E+01 -0.6971097E+00 -0.7006888E+00
  0.1072917E+02 -0.2197703E+01  0.2307754E-01 -0.1469892E+00  0.2063224E+00 -0.1722527E-01 -0.5512783E-01  0.7021360E-03 -0.1266420E-03  0.2310156E-04  0.1465341E+01 -0.7217058E+00 -0.7003925E+00
  0.1074653E+02 -0.2199455E+01  0.2650848E-01 -0.1466370E+00  0.1893120E+00 -0.1685958E-01 -0.5508975E-01  0.7031881E-03 -0.1303053E-04  0.3495267E-05  0.1465105E+01 -0.7364219E+00 -0.7003444E+00
  0.1076389E+02 -0.2206127E+01  0.2703318E-01 -0.1463748E+00  0.2007213E+00 -0.1575315E-01 -0.5504112E-01  0.7024235E-03  0.1048467E-03 -0.2895284E-04  0.1464866E+01 -0.7298973E+00 -0.7003523E+00
  0.1078125E+02 -0.2211735E+01  0.2408357E-01 -0.1462543E+00  0.2307137E+00 -0.1467919E-01 -0.5499545E-01  0.7013967E-03  0.1272773E-03 -0.1648612E-04  0.1464642E+01 -0.7074127E+00 -0.7002187E+00
  0.1079861E+02 -0.2211572E+01  0.1855441E-01 -0.1463330E+00  0.2602570E+00 -0.1347756E-01 -0.5496898E-01  0.7018249E-03  0.9629989E-04  0.1270914E-04  0.1464441E+01 -0.6822875E+00 -0.6998418E+00
  0.1081597E+02 -0.2204611E+01  0.1295904E-01 -0.1465187E+00  0.2722046E+00 -0.1323390E-01 -0.5497097E-01  0.7042267E-03  0.1644524E-04  0.3332100E-04  0.1464257E+01 -0.6691609E+00 -0.6993336E+00
  0.1083333E+02 -0.2195670E+01  0.1029336E-01 -0.1466218E+00  0.2605770E+00 -0.1467135E-01 -0.5499398E-01  0.7071718E-03 -0.5429531E-04  0.3300264E-04  0.1464067E+01 -0.6763340E+00 -0.6989547E+00
  0.1085069E+02 -0.2192430E+01  0.1213004E-01 -0.1465002E+00  0.2359772E+00 -0.1641456E-01 -0.5501680E-01  0.7090591E-03 -0.8493825E-04  0.2125335E-04  0.1463857E+01 -0.6977528E+00 -0.6988598E+00
  0.1086806E+02 -0.2197297E+01  0.1749593E-01 -0.1461446E+00  0.2209793E+00 -0.1648115E-01 -0.5501872E-01  0.7091667E-03 -0.4551547E-04 -0.1830026E-05  0.1463625E+01 -0.7121794E+00 -0.6989033E+00
  0.1088542E+02 -0.2205725E+01  0.2353989E-01 -0.1456496E+00  0.2225872E+00 -0.1571862E-01 -0.5499254E-01  0.7085330E-03 -0.2875116E-04 -0.1967401E-04  0.1463396E+01 -0.7119029E+00 -0.6988318E+00
  0.1090278E+02 -0.2210415E+01  0.2718520E-01 -0.1451633E+00  0.2297322E+00 -0.1526274E-01 -0.5494620E-01  0.7087972E-03 -0.2206646E-04 -0.1663474E-04  0.1463180E+01 -0.7050200E+00 -0.6985358E+00
  0.1092014E+02 -0.2208725E+01  0.2687357E-01 -0.1447969E+00  0.2359351E+00 -0.1483421E-01 -0.5489758E-01  0.7102698E-03  0.1410569E-04 -0.1211570E-04  0.1462978E+01 -0.6967542E+00 -0.6981155E+00
  0.1093750E+02 -0.2203903E+01  0.2335485E-01 -0.1445610E+00  0.2370607E+00 -0.1457303E-01 -0.5486289E-01  0.7119049E-03  0.4472460E-04 -0.2676181E-05  0.1462782E+01 -0.6939487E+00 -0.6977621E+00
  0.1095486E+02 -0.2200278E+01  0.1880295E-01 -0.1444567E+00  0.2356648E+00 -0.1469369E-01 -0.5484822E-01  0.7133203E-03  0.6886277E-04  0.2418570E-04  0.1462578E+01 -0.6964248E+00 -0.6975644E+00
  0.1097222E+02 -0.2198006E+01  0.1531893E-01 -0.1445026E+00  0.2340508E+00 -0.1471863E-01 -0.5485004E-01  0.7148077E-03  0.2695477E-04  0.6052645E-04  0.1462364E+01 -0.6995413E+00 -0.6974792E+00
  0.1098958E+02 -0.2197987E+01  0.1422115E-01 -0.1446410E+00  0.2320951E+00 -0.1408009E-01 -0.5485969E-01  0.7164428E-03 -0.1755584E-04  0.6101363E-04  0.1462143E+01 -0.7023494E+00 -0.6973959E+00
  0.1100694E+02 -0.2200454E+01  0.1575332E-01 -0.1447307E+00  0.2357883E+00 -0.1342804E-01 -0.5486620E-01  0.7176773E-03 -0.2206900E-04  0.1136448E-04  0.1461920E+01 -0.6993106E+00 -0.6972354E+00
  0.1102431E+02 -0.2202986E+01  0.1900754E-01 -0.1446506E+00  0.2448676E+00 -0.1398159E-01 -0.5485950E-01  0.7181267E-03 -0.7627803E-05 -0.4955226E-04  0.1461706E+01 -0.6902351E+00 -0.6969766E+00
  0.1104167E+02 -0.2204019E+01  0.2223503E-01 -0.1443739E+00  0.2496138E+00 -0.1544129E-01 -0.5483612E-01  0.7182410E-03 -0.2888492E-04 -0.5216162E-04  0.1461503E+01 -0.6846807E+00 -0.6966726E+00
  0.1105903E+02 -0.2202600E+01  0.2379062E-01 -0.1439666E+00  0.2455843E+00 -0.1623089E-01 -0.5480299E-01  0.7186247E-03 -0.4338695E-04 -0.1128479E-04  0.1461306E+01 -0.6862557E+00 -0.6964015E+00
  0.1107639E+02 -0.2200676E+01  0.2321460E-01 -0.1435070E+00  0.2369962E+00 -0.1536002E-01 -0.5477190E-01  0.7197875E-03 -0.7137038E-05  0.1990133E-04  0.1461104E+01 -0.6922670E+00 -0.6962092E+00
  0.1109375E+02 -0.2199870E+01  0.2144272E-01 -0.1430646E+00  0.2282141E+00 -0.1382184E-01 -0.5475172E-01  0.7214108E-03  0.2962472E-04  0.3020713E-04  0.1460896E+01 -0.7001741E+00 -0.6960635E+00
  0.1111111E+02 -0.2199417E+01  0.1988895E-01 -0.1427202E+00  0.2202392E+00 -0.1360220E-01 -0.5474183E-01  0.7233389E-03  0.2409728E-04  0.3928379E-04  0.1460680E+01 -0.7088864E+00 -0.6959394E+00
  0.1112847E+02 -0.2200217E+01  0.1927151E-01 -0.1425821E+00  0.2183296E+00 -0.1364294E-01 -0.5473517E-01  0.7256092E-03  0.3320018E-05  0.4794656E-04  0.1460456E+01 -0.7123432E+00 -0.6958411E+00
  0.1114583E+02 -0.2202871E+01  0.1940192E-01 -0.1426852E+00  0.2283568E+00 -0.1261405E-01 -0.5472673E-01  0.7273721E-03  0.1846640E-04  0.2262561E-04  0.1460233E+01 -0.7041374E+00 -0.6956768E+00
  0.1116319E+02 -0.2203958E+01  0.1994075E-01 -0.1428926E+00  0.2441354E+00 -0.1237206E-01 -0.5471583E-01  0.7278167E-03  0.1173293E-04 -0.1369229E-04  0.1460021E+01 -0.6891154E+00 -0.6953894E+00
  0.1118056E+02 -0.2200600E+01  0.2061970E-01 -0.1430045E+00  0.2498643E+00 -0.1390935E-01 -0.5470179E-01  0.7277993E-03 -0.3879037E-04 -0.1823770E-04  0.1459821E+01 -0.6812391E+00 -0.6950882E+00
  0.1119792E+02 -0.2196602E+01  0.2100380E-01 -0.1429175E+00  0.2452107E+00 -0.1503052E-01 -0.5468379E-01  0.7283410E-03 -0.2880334E-04 -0.9367694E-05  0.1459620E+01 -0.6827091E+00 -0.6949090E+00
  0.1121528E+02 -0.2197420E+01  0.2081047E-01 -0.1426167E+00  0.2449066E+00 -0.1463330E-01 -0.5466487E-01  0.7292610E-03  0.4274988E-04 -0.2152889E-04  0.1459416E+01 -0.6834510E+00 -0.6948070E+00
  0.1123264E+02 -0.2200172E+01  0.2030998E-01 -0.1421544E+00  0.2445190E+00 -0.1461916E-01 -0.5464953E-01  0.7303859E-03  0.3061031E-04 -0.1736957E-04  0.1459216E+01 -0.6868069E+00 -0.6946834E+00
  0.1125000E+02 -0.2199736E+01  0.2004020E-01 -0.1416640E+00  0.2320820E+00 -0.1492930E-01 -0.5463952E-01  0.7327434E-03 -0.3268732E-04  0.3307585E-04  0.1459011E+01 -0.6991023E+00 -0.6945196E+00
