  0.1564236E+02 -0.2163021E+01  0.4024571E-01 -0.1054834E+00  0.2547467E+00 -0.1050021E-01 -0.5163081E-01  0.9595579E-03  0.7331357E-04 -0.6924149E-04  0.1407348E+01 -0.6273316E+00 -0.6494911E+00
  0.1565972E+02 -0.2161059E+01  0.3714670E-01 -0.1054836E+00  0.2623456E+00 -0.9326874E-02 -0.5161020E-01  0.9596302E-03 -0.3227180E-05  0.4300627E-05  0.1407178E+01 -0.6198490E+00 -0.6491027E+00
  0.1567708E+02 -0.2150012E+01  0.3323261E-01 -0.1056339E+00  0.2459793E+00 -0.8228421E-02 -0.5160503E-01  0.9613627E-03 -0.7982566E-04  0.6541701E-04  0.1407008E+01 -0.6283131E+00 -0.6486004E+00
  0.1569444E+02 -0.2138679E+01  0.3051824E-01 -0.1057602E+00  0.2156965E+00 -0.8579249E-02 -0.5161140E-01  0.9637884E-03 -0.6464036E-04  0.7442644E-04  0.1406816E+01 -0.6506255E+00 -0.6483290E+00
  0.1571181E+02 -0.2139722E+01  0.3033718E-01 -0.1057243E+00  0.2020004E+00 -0.9213257E-02 -0.5161912E-01  0.9649857E-03  0.4747424E-04  0.3349494E-04  0.1406597E+01 -0.6662981E+00 -0.6484532E+00
  0.1572917E+02 -0.2148489E+01  0.3256628E-01 -0.1054921E+00  0.2108041E+00 -0.9621603E-02 -0.5161912E-01  0.9644748E-03  0.4592804E-04 -0.1393481E-04  0.1406372E+01 -0.6644829E+00 -0.6487462E+00
  0.1574653E+02 -0.2156412E+01  0.3574269E-01 -0.1051636E+00  0.2253556E+00 -0.9214118E-02 -0.5160807E-01  0.9635486E-03  0.6117719E-05 -0.2633179E-04  0.1406162E+01 -0.6541945E+00 -0.6488217E+00
  0.1576389E+02 -0.2160215E+01  0.3810724E-01 -0.1048765E+00  0.2433004E+00 -0.8097138E-02 -0.5158959E-01  0.9632568E-03 -0.4598179E-05 -0.2791745E-04  0.1405970E+01 -0.6364704E+00 -0.6485254E+00
  0.1578125E+02 -0.2155991E+01  0.3882533E-01 -0.1046966E+00  0.2506232E+00 -0.8477249E-02 -0.5157122E-01  0.9638822E-03 -0.4086246E-04 -0.2572557E-04  0.1405798E+01 -0.6245919E+00 -0.6480201E+00
  0.1579861E+02 -0.2146378E+01  0.3820984E-01 -0.1045934E+00  0.2346896E+00 -0.1070982E-01 -0.5155720E-01  0.9653918E-03 -0.5679307E-04 -0.3981688E-05  0.1405626E+01 -0.6338087E+00 -0.6476219E+00
  0.1581597E+02 -0.2140730E+01  0.3706901E-01 -0.1045172E+00  0.2144092E+00 -0.1222596E-01 -0.5154655E-01  0.9673804E-03 -0.6662831E-05  0.3127228E-04  0.1405432E+01 -0.6511176E+00 -0.6475580E+00
  0.1583333E+02 -0.2144136E+01  0.3600423E-01 -0.1044531E+00  0.2096359E+00 -0.1104135E-01 -0.5153668E-01  0.9689668E-03  0.4360480E-04  0.5204190E-04  0.1405219E+01 -0.6592439E+00 -0.6477662E+00
  0.1585069E+02 -0.2151307E+01  0.3528041E-01 -0.1043797E+00  0.2199584E+00 -0.8394201E-02 -0.5152715E-01  0.9696323E-03  0.5885589E-04  0.2988695E-04  0.1405005E+01 -0.6543061E+00 -0.6479135E+00
  0.1586806E+02 -0.2154314E+01  0.3492757E-01 -0.1042744E+00  0.2310672E+00 -0.7371749E-02 -0.5151876E-01  0.9695242E-03  0.1877116E-04 -0.6855120E-05  0.1404803E+01 -0.6456990E+00 -0.6477614E+00
  0.1588542E+02 -0.2150884E+01  0.3481010E-01 -0.1041619E+00  0.2318823E+00 -0.8302430E-02 -0.5151124E-01  0.9695414E-03 -0.4256483E-04 -0.1001889E-04  0.1404612E+01 -0.6426381E+00 -0.6474335E+00
  0.1590278E+02 -0.2148977E+01  0.3481664E-01 -0.1040811E+00  0.2331210E+00 -0.8107083E-02 -0.5150482E-01  0.9697924E-03 -0.1479771E-04 -0.2893734E-05  0.1404421E+01 -0.6393595E+00 -0.6471511E+00
  0.1592014E+02 -0.2150580E+01  0.3520456E-01 -0.1039847E+00  0.2412560E+00 -0.7672362E-02 -0.5149951E-01  0.9697486E-03  0.3567696E-04 -0.2779124E-04  0.1404231E+01 -0.6320672E+00 -0.6469758E+00
  0.1593750E+02 -0.2147936E+01  0.3624701E-01 -0.1037786E+00  0.2357227E+00 -0.1035686E-01 -0.5149281E-01  0.9704508E-03 -0.1246415E-04 -0.1952178E-04  0.1404042E+01 -0.6366145E+00 -0.6468974E+00
  0.1595486E+02 -0.2143805E+01  0.3750286E-01 -0.1034932E+00  0.2168981E+00 -0.1337657E-01 -0.5148180E-01  0.9724790E-03 -0.5236029E-04  0.2348566E-04  0.1403843E+01 -0.6529693E+00 -0.6469122E+00
  0.1597222E+02 -0.2146162E+01  0.3822744E-01 -0.1032656E+00  0.2123055E+00 -0.1243365E-01 -0.5146748E-01  0.9742423E-03  0.1217159E-04  0.3740623E-04  0.1403635E+01 -0.6581377E+00 -0.6469163E+00
  0.1598958E+02 -0.2150515E+01  0.3834287E-01 -0.1031594E+00  0.2213549E+00 -0.9476858E-02 -0.5145510E-01  0.9747406E-03  0.2214790E-04  0.1886279E-04  0.1403432E+01 -0.6504606E+00 -0.6468059E+00
  0.1600694E+02 -0.2149844E+01  0.3823841E-01 -0.1031385E+00  0.2257743E+00 -0.8306012E-02 -0.5144518E-01  0.9748816E-03 -0.1442942E-04  0.4894851E-05  0.1403236E+01 -0.6445197E+00 -0.6465791E+00
  0.1602431E+02 -0.2147168E+01  0.3791834E-01 -0.1031416E+00  0.2250009E+00 -0.8742189E-02 -0.5143375E-01  0.9757860E-03 -0.2644369E-04  0.1769760E-04  0.1403039E+01 -0.6435602E+00 -0.6463468E+00
  0.1604167E+02 -0.2146798E+01  0.3707546E-01 -0.1031186E+00  0.2282356E+00 -0.8316889E-02 -0.5142020E-01  0.9767413E-03  0.6829070E-05  0.1406848E-04  0.1402840E+01 -0.6405053E+00 -0.6461580E+00
  0.1605903E+02 -0.2148657E+01  0.3591362E-01 -0.1030060E+00  0.2362709E+00 -0.7508834E-02 -0.5140967E-01  0.9764958E-03  0.6267111E-04 -0.4271444E-04  0.1402648E+01 -0.6347519E+00 -0.6459771E+00
  0.1607639E+02 -0.2147450E+01  0.3526122E-01 -0.1027425E+00  0.2332311E+00 -0.9748144E-02 -0.5140479E-01  0.9760548E-03  0.2915481E-04 -0.5887960E-04  0.1402461E+01 -0.6394459E+00 -0.6458837E+00
  0.1609375E+02 -0.2145196E+01  0.3567644E-01 -0.1024131E+00  0.2237295E+00 -0.1247245E-01 -0.5140196E-01  0.9766628E-03 -0.5869545E-05  0.6826648E-05  0.1402261E+01 -0.6488391E+00 -0.6459337E+00
  0.1611111E+02 -0.2148928E+01  0.3696720E-01 -0.1021809E+00  0.2238134E+00 -0.1191440E-01 -0.5139681E-01  0.9775789E-03 -0.2032837E-04  0.5718915E-04  0.1402052E+01 -0.6505732E+00 -0.6459921E+00
  0.1612847E+02 -0.2152329E+01  0.3852000E-01 -0.1021050E+00  0.2282027E+00 -0.9224315E-02 -0.5138797E-01  0.9786155E-03 -0.3490775E-04  0.4944090E-04  0.1401846E+01 -0.6454846E+00 -0.6458237E+00
  0.1614583E+02 -0.2148763E+01  0.3975709E-01 -0.1021599E+00  0.2240152E+00 -0.7787214E-02 -0.5137722E-01  0.9803037E-03 -0.6912212E-04  0.1378957E-04  0.1401652E+01 -0.6437377E+00 -0.6454311E+00
  0.1616319E+02 -0.2142086E+01  0.4032053E-01 -0.1022487E+00  0.2139958E+00 -0.8939537E-02 -0.5136463E-01  0.9825880E-03 -0.4096249E-04 -0.5210299E-05  0.1401459E+01 -0.6479277E+00 -0.6450685E+00
  0.1618056E+02 -0.2141426E+01  0.4015028E-01 -0.1022176E+00  0.2164308E+00 -0.1029469E-01 -0.5134995E-01  0.9836112E-03  0.5457056E-04 -0.2455946E-04  0.1401260E+01 -0.6464328E+00 -0.6449721E+00
  0.1619792E+02 -0.2147645E+01  0.3943283E-01 -0.1019795E+00  0.2296013E+00 -0.1109985E-01 -0.5133397E-01  0.9822661E-03  0.9968624E-04 -0.4990488E-04  0.1401062E+01 -0.6409298E+00 -0.6450849E+00
  0.1621528E+02 -0.2151616E+01  0.3833458E-01 -0.1016045E+00  0.2352735E+00 -0.1188540E-01 -0.5131860E-01  0.9801319E-03  0.5043467E-04 -0.1734369E-04  0.1400863E+01 -0.6409401E+00 -0.6451882E+00
  0.1623264E+02 -0.2150283E+01  0.3701016E-01 -0.1012643E+00  0.2307229E+00 -0.1114918E-01 -0.5130852E-01  0.9796475E-03 -0.3136279E-04  0.4579050E-04  0.1400663E+01 -0.6446155E+00 -0.6451054E+00
  0.1625000E+02 -0.2147447E+01  0.3609521E-01 -0.1010935E+00  0.2267325E+00 -0.8730787E-02 -0.5130735E-01  0.9811707E-03 -0.4188316E-04  0.5111152E-04  0.1400464E+01 -0.6442969E+00 -0.6447752E+00
