  0.2314236E+02 -0.7140230E-02  0.1193773E+00 -0.8435125E-02 -0.4922192E-01  0.2706187E-01  0.6847988E+00  0.3865906E-03 -0.5767077E-06  0.2326314E+00  0.1521988E-01  0.1014678E+01
  0.2315972E+02 -0.7137887E-02  0.1194295E+00 -0.8440068E-02 -0.4925198E-01  0.2606187E-01  0.6365723E+00  0.1413959E-03  0.2681513E-05  0.2330184E+00 -0.6189137E-03  0.9497773E+00
  0.2317708E+02 -0.7138784E-02  0.1194823E+00 -0.8445086E-02 -0.4927918E-01  0.2394574E-01  0.6397330E+00 -0.1969176E-03  0.4353775E-05  0.2340079E+00 -0.1310139E-01  0.9390120E+00
  0.2319444E+02 -0.7140348E-02  0.1195351E+00 -0.8450511E-02 -0.4930541E-01  0.2213053E-01  0.6725407E+00 -0.3634582E-03  0.4691141E-05  0.2350170E+00 -0.1366175E-01  0.9703066E+00
  0.2321181E+02 -0.7137617E-02  0.1195869E+00 -0.8456306E-02 -0.4933576E-01  0.2160050E-01  0.7087687E+00 -0.1723582E-03  0.1908784E-05  0.2354797E+00 -0.1889796E-02  0.1018446E+01
  0.2322917E+02 -0.7131166E-02  0.1196374E+00 -0.8462325E-02 -0.4936943E-01  0.2229498E-01  0.7463217E+00  0.4228077E-05 -0.4130899E-05  0.2351182E+00  0.1354158E-01  0.1071951E+01
  0.2324653E+02 -0.7123477E-02  0.1196875E+00 -0.8468475E-02 -0.4940439E-01  0.2348245E-01  0.7810213E+00  0.9088280E-04 -0.7914911E-05  0.2341860E+00  0.2292739E-01  0.1116391E+01
  0.2326389E+02 -0.7116398E-02  0.1197382E+00 -0.8474718E-02 -0.4943947E-01  0.2438298E-01  0.8108001E+00  0.1146227E-03 -0.8214064E-05  0.2333330E+00  0.1930821E-01  0.1142638E+01
  0.2328125E+02 -0.7112284E-02  0.1197894E+00 -0.8480980E-02 -0.4947179E-01  0.2479205E-01  0.7968847E+00  0.5086440E-04 -0.5847696E-05  0.2329160E+00  0.5740039E-02  0.1115102E+01
  0.2329861E+02 -0.7111567E-02  0.1198409E+00 -0.8487196E-02 -0.4950027E-01  0.2489344E-01  0.7559219E+00  0.2847644E-04 -0.2110934E-06  0.2329541E+00 -0.8542484E-02  0.1059997E+01
  0.2331597E+02 -0.7112196E-02  0.1198919E+00 -0.8493206E-02 -0.4952676E-01  0.2490752E-01  0.7132179E+00  0.5839177E-05  0.6375686E-05  0.2333594E+00 -0.8687064E-02  0.1017570E+01
  0.2333333E+02 -0.7110279E-02  0.1199423E+00 -0.8498879E-02 -0.4955555E-01  0.2488391E-01  0.6664135E+00 -0.5349585E-05  0.9712785E-05  0.2339154E+00  0.2665025E-02  0.9826598E+00
  0.2335069E+02 -0.7105796E-02  0.1199924E+00 -0.8504336E-02 -0.4958660E-01  0.2463805E-01  0.6440663E+00  0.4226730E-04  0.6924903E-05  0.2343674E+00  0.9388527E-02  0.9673051E+00
  0.2336806E+02 -0.7099570E-02  0.1200423E+00 -0.8509497E-02 -0.4961939E-01  0.2409377E-01  0.6464799E+00  0.1172442E-04 -0.2103075E-05  0.2344063E+00  0.1080297E-01  0.9706064E+00
  0.2338542E+02 -0.7092685E-02  0.1200923E+00 -0.8514480E-02 -0.4965310E-01  0.2359623E-01  0.6777449E+00  0.4344096E-05 -0.1051687E-04  0.2340260E+00  0.1096097E-01  0.1001154E+01
  0.2340278E+02 -0.7087164E-02  0.1201424E+00 -0.8519548E-02 -0.4968564E-01  0.2352339E-01  0.7310464E+00 -0.6399243E-04 -0.1295628E-04  0.2336278E+00  0.8762661E-02  0.1051733E+01
  0.2342014E+02 -0.7084647E-02  0.1201924E+00 -0.8525175E-02 -0.4971507E-01  0.2359530E-01  0.7717836E+00 -0.6727037E-04 -0.1013032E-04  0.2336054E+00  0.1276301E-03  0.1083902E+01
  0.2343750E+02 -0.7084804E-02  0.1202426E+00 -0.8531464E-02 -0.4974203E-01  0.2349852E-01  0.8068627E+00  0.8642511E-05 -0.2427595E-05  0.2339236E+00 -0.8600770E-02  0.1110575E+01
  0.2345486E+02 -0.7084935E-02  0.1202931E+00 -0.8538022E-02 -0.4976922E-01  0.2365177E-01  0.7998628E+00 -0.9724255E-04  0.5879513E-05  0.2339342E+00  0.5146617E-03  0.1112773E+01
  0.2347222E+02 -0.7081110E-02  0.1203437E+00 -0.8544556E-02 -0.4980051E-01  0.2433036E-01  0.7767557E+00 -0.2145768E-03  0.8885257E-05  0.2332314E+00  0.2220500E-01  0.1111234E+01
  0.2348958E+02 -0.7073588E-02  0.1203939E+00 -0.8551072E-02 -0.4983505E-01  0.2540344E-01  0.7439229E+00  0.2421774E-04  0.5858644E-05  0.2326071E+00  0.2595467E-01  0.1082852E+01
  0.2350694E+02 -0.7065407E-02  0.1204432E+00 -0.8557241E-02 -0.4986977E-01  0.2642275E-01  0.6996493E+00  0.3188544E-03  0.2232414E-05  0.2325537E+00  0.1127688E-01  0.1025175E+01
  0.2352431E+02 -0.7058961E-02  0.1204919E+00 -0.8562745E-02 -0.4990225E-01  0.2679924E-01  0.6455612E+00  0.3697227E-03 -0.1138833E-05  0.2326917E+00 -0.1872718E-04  0.9603699E+00
  0.2354167E+02 -0.7056256E-02  0.1205408E+00 -0.8567602E-02 -0.4993103E-01  0.2578043E-01  0.6336377E+00  0.1990867E-03 -0.5970770E-05  0.2331551E+00 -0.1058409E-01  0.9371682E+00
  0.2355903E+02 -0.7058703E-02  0.1205908E+00 -0.8572264E-02 -0.4995495E-01  0.2347950E-01  0.6599657E+00 -0.1502881E-03 -0.8382700E-05  0.2341263E+00 -0.1972741E-01  0.9526903E+00
  0.2357639E+02 -0.7060901E-02  0.1206420E+00 -0.8577033E-02 -0.4997996E-01  0.2149996E-01  0.7072949E+00 -0.4213426E-03 -0.7002394E-05  0.2348337E+00 -0.1170179E-01  0.1006522E+01
  0.2359375E+02 -0.7058264E-02  0.1206934E+00 -0.8582310E-02 -0.5001002E-01  0.2153131E-01  0.7467580E+00 -0.5034818E-03 -0.1344958E-05  0.2345801E+00  0.1588918E-01  0.1073297E+01
  0.2361111E+02 -0.7049709E-02  0.1207438E+00 -0.8588537E-02 -0.5004559E-01  0.2365807E-01  0.7696020E+00 -0.1549726E-03  0.4478328E-05  0.2334969E+00  0.4251997E-01  0.1124186E+01
  0.2362847E+02 -0.7037728E-02  0.1207931E+00 -0.8595365E-02 -0.5008438E-01  0.2638585E-01  0.8064671E+00  0.2451704E-03  0.6770242E-05  0.2322282E+00  0.4408566E-01  0.1164494E+01
  0.2364583E+02 -0.7029183E-02  0.1208423E+00 -0.8602270E-02 -0.5011997E-01  0.2800840E-01  0.8171380E+00  0.4358109E-03  0.5648247E-05  0.2313927E+00  0.1963172E-01  0.1151703E+01
  0.2366319E+02 -0.7026909E-02  0.1208928E+00 -0.8608796E-02 -0.5014990E-01  0.2760519E-01  0.7921096E+00  0.3395853E-03  0.2331820E-05  0.2314701E+00 -0.1381132E-01  0.1092823E+01
  0.2368056E+02 -0.7030159E-02  0.1209448E+00 -0.8614829E-02 -0.5017450E-01  0.2566290E-01  0.7272270E+00 -0.1439161E-04  0.1626330E-05  0.2324879E+00 -0.3392689E-01  0.1006564E+01
  0.2369792E+02 -0.7033666E-02  0.1209978E+00 -0.8620530E-02 -0.5019891E-01  0.2373888E-01  0.6581164E+00 -0.2593657E-03 -0.5682609E-06  0.2336852E+00 -0.2543921E-01  0.9449861E+00
  0.2371528E+02 -0.7032030E-02  0.1210508E+00 -0.8625993E-02 -0.5022854E-01  0.2320909E-01  0.6175430E+00 -0.2817891E-03 -0.4793848E-05  0.2342316E+00  0.4307218E-02  0.9341685E+00
  0.2373264E+02 -0.7024260E-02  0.1211031E+00 -0.8631335E-02 -0.5026401E-01  0.2419881E-01  0.6090775E+00 -0.2630143E-04 -0.5116670E-05  0.2339473E+00  0.3327342E-01  0.9556491E+00
  0.2375000E+02 -0.7013792E-02  0.1211550E+00 -0.8636441E-02 -0.5030234E-01  0.2549332E-01  0.6405408E+00  0.1876631E-03 -0.3836778E-05  0.2333273E+00  0.4296498E-01  0.9977128E+00
