  0.5017361E+01 -0.9330166E-02  0.5953770E-01 -0.2096324E-02 -0.1232221E-01  0.1650725E-02  0.8710440E+00  0.5878813E-04  0.1103425E-05  0.1723885E+00 -0.3655254E-01  0.1044380E+01
  0.5034722E+01 -0.9333761E-02  0.5961160E-01 -0.2102481E-02 -0.1236451E-01  0.1653208E-02  0.8432782E+00  0.1199725E-03  0.3696943E-05  0.1728816E+00 -0.3796461E-01  0.1015783E+01
  0.5052083E+01 -0.9336841E-02  0.5968532E-01 -0.2108360E-02 -0.1240721E-01  0.1639635E-02  0.8136883E+00  0.7526951E-04  0.4907747E-05  0.1730147E+00 -0.3509473E-01  0.9891610E+00
  0.5069444E+01 -0.9340361E-02  0.5975909E-01 -0.2114099E-02 -0.1244955E-01  0.1620499E-02  0.7994500E+00  0.1809247E-04  0.3388223E-05  0.1728336E+00 -0.3215391E-01  0.9776268E+00
  0.5086806E+01 -0.9344976E-02  0.5983307E-01 -0.2119863E-02 -0.1249055E-01  0.1597188E-02  0.8037434E+00 -0.3947940E-04  0.3169355E-05  0.1727286E+00 -0.3346705E-01  0.9804435E+00
  0.5104167E+01 -0.9349500E-02  0.5990709E-01 -0.2125680E-02 -0.1253158E-01  0.1607522E-02  0.8232656E+00 -0.8339809E-04  0.4569155E-05  0.1730360E+00 -0.3460814E-01  0.9991224E+00
  0.5121528E+01 -0.9353091E-02  0.5998090E-01 -0.2131636E-02 -0.1257335E-01  0.1709001E-02  0.8489935E+00 -0.9608918E-04  0.5998473E-05  0.1736216E+00 -0.3301038E-01  0.1027146E+01
  0.5138889E+01 -0.9356797E-02  0.6005460E-01 -0.2137770E-02 -0.1261524E-01  0.1894584E-02  0.8658556E+00 -0.3796034E-04  0.4569015E-05  0.1742142E+00 -0.3374060E-01  0.1044135E+01
  0.5156250E+01 -0.9360238E-02  0.6012826E-01 -0.2144025E-02 -0.1265749E-01  0.2047142E-02  0.8595322E+00  0.9032692E-04  0.2068759E-05  0.1748071E+00 -0.3730642E-01  0.1035139E+01
  0.5173611E+01 -0.9363007E-02  0.6020187E-01 -0.2150219E-02 -0.1270040E-01  0.2033047E-02  0.8380253E+00  0.8451831E-04  0.1728227E-05  0.1752520E+00 -0.3743609E-01  0.1013949E+01
  0.5190972E+01 -0.9366280E-02  0.6027571E-01 -0.2156328E-02 -0.1274275E-01  0.1847769E-02  0.8233027E+00  0.4026543E-04  0.1377319E-05  0.1754164E+00 -0.3483046E-01  0.1001788E+01
  0.5208333E+01 -0.9370364E-02  0.6035012E-01 -0.2162372E-02 -0.1278442E-01  0.1675642E-02  0.8207742E+00 -0.3492432E-04  0.1705755E-05  0.1753744E+00 -0.3266544E-01  0.1001159E+01
  0.5225694E+01 -0.9374404E-02  0.6042501E-01 -0.2168400E-02 -0.1282635E-01  0.1689885E-02  0.8269372E+00 -0.6000137E-04  0.4142873E-05  0.1753628E+00 -0.3122124E-01  0.1008769E+01
  0.5243056E+01 -0.9377846E-02  0.6050000E-01 -0.2174393E-02 -0.1286918E-01  0.1916757E-02  0.8310786E+00 -0.2193414E-04  0.5128047E-05  0.1756060E+00 -0.3056043E-01  0.1014103E+01
  0.5260417E+01 -0.9381044E-02  0.6057459E-01 -0.2180295E-02 -0.1291211E-01  0.2200811E-02  0.8302660E+00  0.1662029E-04  0.2549684E-05  0.1760111E+00 -0.3118830E-01  0.1013410E+01
  0.5277778E+01 -0.9384631E-02  0.6064880E-01 -0.2186191E-02 -0.1295438E-01  0.2317727E-02  0.8233642E+00  0.8270279E-04 -0.3721310E-06  0.1764302E+00 -0.3485441E-01  0.1003464E+01
  0.5295139E+01 -0.9388650E-02  0.6072320E-01 -0.2192116E-02 -0.1299611E-01  0.2164732E-02  0.8139461E+00  0.4330169E-04 -0.9917051E-06  0.1769156E+00 -0.3788697E-01  0.9913281E+00
  0.5312500E+01 -0.9391998E-02  0.6079839E-01 -0.2198050E-02 -0.1303900E-01  0.1892358E-02  0.8198176E+00 -0.6594825E-04 -0.1888761E-05  0.1774161E+00 -0.3553652E-01  0.9996910E+00
  0.5329861E+01 -0.9394224E-02  0.6087425E-01 -0.2204162E-02 -0.1308339E-01  0.1758368E-02  0.8416360E+00 -0.1142913E-03 -0.2467313E-05  0.1777390E+00 -0.3037969E-01  0.1026829E+01
  0.5347222E+01 -0.9396600E-02  0.6095019E-01 -0.2210543E-02 -0.1312796E-01  0.1884400E-02  0.8608666E+00 -0.6347908E-04  0.1988194E-06  0.1778079E+00 -0.2731221E-01  0.1049399E+01
  0.5364583E+01 -0.9399569E-02  0.6102585E-01 -0.2217023E-02 -0.1317166E-01  0.2182017E-02  0.8608592E+00  0.3596654E-04  0.2146491E-05  0.1777874E+00 -0.2778745E-01  0.1049317E+01
  0.5381944E+01 -0.9403686E-02  0.6110132E-01 -0.2223381E-02 -0.1321401E-01  0.2436444E-02  0.8422289E+00  0.9003791E-04  0.1119204E-05  0.1778784E+00 -0.3101728E-01  0.1027878E+01
  0.5399306E+01 -0.9408633E-02  0.6117711E-01 -0.2229502E-02 -0.1325551E-01  0.2510349E-02  0.8112775E+00  0.1312459E-03 -0.9163795E-06  0.1782017E+00 -0.3517982E-01  0.9932235E+00
  0.5416667E+01 -0.9412128E-02  0.6125348E-01 -0.2235289E-02 -0.1329875E-01  0.2413642E-02  0.7858360E+00  0.5238790E-04 -0.2036979E-05  0.1786640E+00 -0.3548857E-01  0.9677827E+00
  0.5434028E+01 -0.9413509E-02  0.6133028E-01 -0.2240922E-02 -0.1334456E-01  0.2246197E-02  0.7861335E+00 -0.6774140E-04 -0.2017063E-05  0.1790689E+00 -0.3033699E-01  0.9733732E+00
  0.5451389E+01 -0.9414851E-02  0.6140725E-01 -0.2246709E-02 -0.1339064E-01  0.2126414E-02  0.8093232E+00 -0.9757416E-04 -0.2802270E-05  0.1793798E+00 -0.2547743E-01  0.1001607E+01
  0.5468750E+01 -0.9418197E-02  0.6148433E-01 -0.2252765E-02 -0.1343481E-01  0.2117488E-02  0.8434199E+00 -0.1254877E-03 -0.5112951E-05  0.1795892E+00 -0.2446347E-01  0.1036911E+01
  0.5486111E+01 -0.9422570E-02  0.6156173E-01 -0.2259119E-02 -0.1347806E-01  0.2223002E-02  0.8747556E+00 -0.8397330E-04 -0.6629353E-05  0.1796907E+00 -0.2676145E-01  0.1066219E+01
  0.5503472E+01 -0.9426587E-02  0.6163955E-01 -0.2265741E-02 -0.1352172E-01  0.2414547E-02  0.8822914E+00  0.3674339E-04 -0.4185868E-05  0.1798099E+00 -0.3059635E-01  0.1070378E+01
  0.5520833E+01 -0.9430052E-02  0.6171752E-01 -0.2272378E-02 -0.1356614E-01  0.2641775E-02  0.8559700E+00  0.1370301E-03 -0.1904022E-05  0.1800727E+00 -0.3339990E-01  0.1041869E+01
  0.5538194E+01 -0.9432651E-02  0.6179553E-01 -0.2278741E-02 -0.1361123E-01  0.2821716E-02  0.8123895E+00  0.1345892E-03 -0.3288892E-05  0.1804107E+00 -0.3259863E-01  0.9996276E+00
  0.5555556E+01 -0.9435077E-02  0.6187363E-01 -0.2284751E-02 -0.1365685E-01  0.2890536E-02  0.7796359E+00  0.5949698E-04 -0.4658181E-05  0.1806649E+00 -0.2880246E-01  0.9709407E+00
  0.5572917E+01 -0.9437980E-02  0.6195193E-01 -0.2290580E-02 -0.1370211E-01  0.2823809E-02  0.7679011E+00 -0.4020522E-05 -0.2891256E-05  0.1808268E+00 -0.2461761E-01  0.9634484E+00
  0.5590278E+01 -0.9441175E-02  0.6203049E-01 -0.2296320E-02 -0.1374730E-01  0.2622881E-02  0.7806734E+00 -0.8832305E-04 -0.5768166E-06  0.1809094E+00 -0.2112883E-01  0.9795336E+00
  0.5607639E+01 -0.9443990E-02  0.6210908E-01 -0.2302177E-02 -0.1379282E-01  0.2388422E-02  0.8184805E+00 -0.1386535E-03 -0.1944947E-05  0.1810215E+00 -0.2080725E-01  0.1017513E+01
  0.5625000E+01 -0.9447212E-02  0.6218762E-01 -0.2308340E-02 -0.1383792E-01  0.2297083E-02  0.8616801E+00 -0.1050926E-03 -0.5213671E-05  0.1811603E+00 -0.2508808E-01  0.1056533E+01
