  0.2876736E+02 -0.2056661E+01  0.6590454E-01 -0.4079240E-01  0.2869221E+00 -0.2823319E-02 -0.4634708E-01  0.1248229E-02 -0.3447141E-04 -0.1158326E-04  0.1253502E+01 -0.5390929E+00 -0.5790922E+00
  0.2878472E+02 -0.2052653E+01  0.6721298E-01 -0.4066638E-01  0.2275529E+00 -0.5730503E-02 -0.4635756E-01  0.1247692E-02  0.1816094E-04  0.8243996E-06  0.1253298E+01 -0.5960771E+00 -0.5791229E+00
  0.2880208E+02 -0.2054515E+01  0.7102712E-01 -0.4046122E-01  0.1880511E+00 -0.9863383E-02 -0.4635735E-01  0.1246375E-02  0.1400487E-04  0.2138223E-04  0.1253061E+01 -0.6377764E+00 -0.5793244E+00
  0.2881944E+02 -0.2062014E+01  0.7419184E-01 -0.4029043E-01  0.1790404E+00 -0.1012676E-01 -0.4634573E-01  0.1245210E-02  0.5991203E-05  0.3848566E-04  0.1252805E+01 -0.6514502E+00 -0.5795600E+00
  0.2883681E+02 -0.2067838E+01  0.7703704E-01 -0.4019442E-01  0.1944197E+00 -0.7709155E-02 -0.4632636E-01  0.1244995E-02 -0.2767536E-04  0.1716218E-04  0.1252559E+01 -0.6368177E+00 -0.5796151E+00
  0.2885417E+02 -0.2067439E+01  0.7680057E-01 -0.4016621E-01  0.2249829E+00 -0.5793412E-02 -0.4630668E-01  0.1246309E-02 -0.2881087E-04  0.1584017E-05  0.1252336E+01 -0.6043675E+00 -0.5794150E+00
  0.2887153E+02 -0.2065327E+01  0.7534048E-01 -0.4021271E-01  0.2660461E+00 -0.3676519E-02 -0.4629212E-01  0.1248516E-02 -0.6985017E-05  0.7662459E-05  0.1252145E+01 -0.5607280E+00 -0.5790896E+00
  0.2888889E+02 -0.2060969E+01  0.7148659E-01 -0.4030156E-01  0.2890871E+00 -0.2158536E-02 -0.4628747E-01  0.1250032E-02 -0.3710334E-04  0.1325356E-04  0.1251978E+01 -0.5359388E+00 -0.5788167E+00
  0.2890625E+02 -0.2055335E+01  0.6912791E-01 -0.4031736E-01  0.2826461E+00 -0.2135265E-02 -0.4629187E-01  0.1249531E-02  0.4592417E-05  0.2306765E-05  0.1251808E+01 -0.5392408E+00 -0.5787218E+00
  0.2892361E+02 -0.2056592E+01  0.6754053E-01 -0.4019906E-01  0.2686373E+00 -0.3814945E-02 -0.4629982E-01  0.1247732E-02  0.8739581E-04 -0.4252630E-04  0.1251618E+01 -0.5578168E+00 -0.5788388E+00
  0.2894097E+02 -0.2059832E+01  0.6914428E-01 -0.3998592E-01  0.2489644E+00 -0.8033729E-02 -0.4630442E-01  0.1246170E-02  0.6545023E-04 -0.5739933E-04  0.1251409E+01 -0.5833838E+00 -0.5790552E+00
  0.2895833E+02 -0.2061438E+01  0.7085420E-01 -0.3982271E-01  0.2247035E+00 -0.1064087E-01 -0.4630063E-01  0.1245517E-02 -0.1682418E-04  0.1390288E-04  0.1251181E+01 -0.6102211E+00 -0.5792141E+00
  0.2897569E+02 -0.2066559E+01  0.7328736E-01 -0.3979899E-01  0.2280246E+00 -0.7621044E-02 -0.4629094E-01  0.1245034E-02  0.1739701E-04  0.4131214E-04  0.1250950E+01 -0.6067040E+00 -0.5791625E+00
  0.2899306E+02 -0.2069696E+01  0.7381251E-01 -0.3980060E-01  0.2487945E+00 -0.4548458E-02 -0.4628111E-01  0.1245373E-02 -0.2237762E-04  0.1270796E-04  0.1250740E+01 -0.5857435E+00 -0.5788932E+00
  0.2901042E+02 -0.2062656E+01  0.7460137E-01 -0.3979892E-01  0.2493720E+00 -0.4492396E-02 -0.4627203E-01  0.1247217E-02 -0.1031305E-03  0.1301183E-04  0.1250548E+01 -0.5775405E+00 -0.5785774E+00
  0.2902778E+02 -0.2053130E+01  0.7333746E-01 -0.3979185E-01  0.2343522E+00 -0.5099487E-02 -0.4626539E-01  0.1249426E-02 -0.7737812E-04  0.2609734E-04  0.1250354E+01 -0.5850448E+00 -0.5784156E+00
  0.2904514E+02 -0.2051817E+01  0.7300296E-01 -0.3974399E-01  0.2314102E+00 -0.4869773E-02 -0.4625871E-01  0.1250374E-02 -0.6754256E-06  0.3367967E-04  0.1250149E+01 -0.5868445E+00 -0.5784875E+00
  0.2906250E+02 -0.2058892E+01  0.7112535E-01 -0.3967265E-01  0.2494091E+00 -0.4144306E-02 -0.4625451E-01  0.1249083E-02  0.9747079E-04 -0.1452385E-04  0.1249940E+01 -0.5771566E+00 -0.5786699E+00
  0.2907986E+02 -0.2063620E+01  0.7148876E-01 -0.3954079E-01  0.2638494E+00 -0.5583779E-02 -0.4625145E-01  0.1246700E-02  0.1057787E-03 -0.6936259E-04  0.1249737E+01 -0.5686375E+00 -0.5787854E+00
  0.2909722E+02 -0.2062686E+01  0.7083454E-01 -0.3939763E-01  0.2567946E+00 -0.7856009E-02 -0.4624798E-01  0.1245605E-02  0.1451720E-04 -0.2413280E-04  0.1249536E+01 -0.5777865E+00 -0.5787636E+00
  0.2911458E+02 -0.2062664E+01  0.7172016E-01 -0.3930350E-01  0.2489928E+00 -0.7166832E-02 -0.4624363E-01  0.1245875E-02 -0.4260619E-04  0.5386528E-04  0.1249329E+01 -0.5840782E+00 -0.5786283E+00
  0.2913194E+02 -0.2064452E+01  0.7086362E-01 -0.3929749E-01  0.2550850E+00 -0.4800190E-02 -0.4624010E-01  0.1246637E-02 -0.1765529E-04  0.4372028E-04  0.1249125E+01 -0.5784434E+00 -0.5784409E+00
  0.2914931E+02 -0.2061466E+01  0.7165679E-01 -0.3932638E-01  0.2569873E+00 -0.3935443E-02 -0.4623998E-01  0.1247411E-02 -0.1824752E-04 -0.6761461E-05  0.1248928E+01 -0.5721734E+00 -0.5782413E+00
  0.2916667E+02 -0.2055355E+01  0.7174116E-01 -0.3932538E-01  0.2391884E+00 -0.4821051E-02 -0.4623983E-01  0.1248753E-02 -0.6066768E-04 -0.4910897E-05  0.1248730E+01 -0.5848992E+00 -0.5781284E+00
  0.2918403E+02 -0.2052530E+01  0.7356462E-01 -0.3929672E-01  0.2257146E+00 -0.5728075E-02 -0.4623368E-01  0.1249662E-02 -0.3035489E-04  0.2772469E-06  0.1248515E+01 -0.5947752E+00 -0.5782067E+00
  0.2920139E+02 -0.2055775E+01  0.7339717E-01 -0.3920309E-01  0.2316379E+00 -0.6206440E-02 -0.4622460E-01  0.1249249E-02  0.2172038E-04 -0.2933766E-05  0.1248297E+01 -0.5928093E+00 -0.5783673E+00
  0.2921875E+02 -0.2061100E+01  0.7447550E-01 -0.3907129E-01  0.2509179E+00 -0.6083228E-02 -0.4621187E-01  0.1247935E-02  0.6474302E-04 -0.2770554E-05  0.1248085E+01 -0.5776782E+00 -0.5784580E+00
  0.2923611E+02 -0.2064247E+01  0.7271811E-01 -0.3897161E-01  0.2716583E+00 -0.5727258E-02 -0.4620357E-01  0.1246639E-02  0.5778382E-04 -0.8908785E-05  0.1247890E+01 -0.5615874E+00 -0.5783894E+00
  0.2925347E+02 -0.2063063E+01  0.7293624E-01 -0.3888568E-01  0.2694522E+00 -0.6055086E-02 -0.4619824E-01  0.1246607E-02 -0.1176207E-04  0.5610773E-05  0.1247703E+01 -0.5628700E+00 -0.5781889E+00
  0.2927083E+02 -0.2057502E+01  0.7063143E-01 -0.3883190E-01  0.2492493E+00 -0.5808627E-02 -0.4619626E-01  0.1247687E-02 -0.4230284E-04  0.2948080E-04  0.1247508E+01 -0.5797149E+00 -0.5780068E+00
  0.2928819E+02 -0.2057244E+01  0.7100637E-01 -0.3879960E-01  0.2396499E+00 -0.4491609E-02 -0.4619726E-01  0.1249306E-02  0.5896888E-05  0.2210071E-04  0.1247301E+01 -0.5874975E+00 -0.5779094E+00
  0.2930556E+02 -0.2057443E+01  0.6995779E-01 -0.3881913E-01  0.2407393E+00 -0.4198347E-02 -0.4619765E-01  0.1250110E-02  0.2304336E-05  0.1450317E-05  0.1247092E+01 -0.5876151E+00 -0.5778816E+00
  0.2932292E+02 -0.2055637E+01  0.7187690E-01 -0.3881633E-01  0.2335566E+00 -0.4855466E-02 -0.4619809E-01  0.1249625E-02 -0.4215231E-04 -0.9366311E-05  0.1246880E+01 -0.5919951E+00 -0.5779073E+00
  0.2934028E+02 -0.2056103E+01  0.7254512E-01 -0.3874060E-01  0.2266044E+00 -0.6027801E-02 -0.4619476E-01  0.1248756E-02 -0.2445569E-04 -0.2027513E-04  0.1246662E+01 -0.6000507E+00 -0.5779563E+00
  0.2935764E+02 -0.2057435E+01  0.7501178E-01 -0.3862654E-01  0.2375653E+00 -0.7460003E-02 -0.4618525E-01  0.1248296E-02  0.1700526E-04 -0.9307832E-05  0.1246444E+01 -0.5894301E+00 -0.5780028E+00
  0.2937500E+02 -0.2062668E+01  0.7450749E-01 -0.3853183E-01  0.2643165E+00 -0.6766508E-02 -0.4617481E-01  0.1248272E-02  0.4635371E-04  0.1426548E-04  0.1246238E+01 -0.5677699E+00 -0.5779846E+00
