  0.3142361E+01 -0.9207427E-02  0.5144891E-01 -0.1473414E-02 -0.7276001E-02 -0.1098393E-02  0.9127572E+00 -0.2192204E-05  0.6671767E-06  0.1250102E+00 -0.5771610E-01  0.1012443E+01
  0.3159722E+01 -0.9207710E-02  0.5152308E-01 -0.1479125E-02 -0.7323715E-02 -0.1041257E-02  0.9166353E+00 -0.1008608E-04 -0.3678657E-06  0.1255977E+00 -0.5910336E-01  0.1015591E+01
  0.3177083E+01 -0.9207365E-02  0.5159697E-01 -0.1484890E-02 -0.7371896E-02 -0.9209049E-03  0.9151502E+00  0.5174646E-05 -0.4397205E-05  0.1262441E+00 -0.5566828E-01  0.1018339E+01
  0.3194444E+01 -0.9207754E-02  0.5167070E-01 -0.1490648E-02 -0.7419377E-02 -0.8025701E-03  0.9034121E+00  0.4682415E-04 -0.4177171E-05  0.1269050E+00 -0.5106020E-01  0.1012050E+01
  0.3211806E+01 -0.9209192E-02  0.5174424E-01 -0.1496278E-02 -0.7465878E-02 -0.7491803E-03  0.8876415E+00  0.4676303E-04 -0.4538991E-05  0.1274650E+00 -0.4823899E-01  0.9997334E+00
  0.3229167E+01 -0.9211540E-02  0.5181769E-01 -0.1501804E-02 -0.7511245E-02 -0.8211424E-03  0.8842214E+00 -0.9558960E-05 -0.5514211E-05  0.1279101E+00 -0.4863398E-01  0.9962544E+00
  0.3246528E+01 -0.9213162E-02  0.5189113E-01 -0.1507329E-02 -0.7557202E-02 -0.9992537E-03  0.8924958E+00 -0.4735928E-05 -0.6383058E-06  0.1284071E+00 -0.5208709E-01  0.1001425E+01
  0.3263889E+01 -0.9213934E-02  0.5196451E-01 -0.1512908E-02 -0.7603756E-02 -0.1133572E-02  0.9009018E+00 -0.1609094E-04  0.3978234E-05  0.1290880E+00 -0.5599259E-01  0.1006485E+01
  0.3281250E+01 -0.9214440E-02  0.5203758E-01 -0.1518568E-02 -0.7650472E-02 -0.1068324E-02  0.9077248E+00 -0.4613703E-04  0.7303158E-06  0.1297939E+00 -0.5553908E-01  0.1014520E+01
  0.3298611E+01 -0.9215038E-02  0.5211035E-01 -0.1524270E-02 -0.7697295E-02 -0.7902636E-03  0.9095493E+00 -0.1498844E-04 -0.3097044E-05  0.1303464E+00 -0.5215838E-01  0.1020603E+01
  0.3315972E+01 -0.9215945E-02  0.5218290E-01 -0.1529977E-02 -0.7743652E-02 -0.4912670E-03  0.9009890E+00  0.5296186E-04 -0.2672683E-05  0.1308036E+00 -0.5009610E-01  0.1014949E+01
  0.3333333E+01 -0.9216820E-02  0.5225531E-01 -0.1535628E-02 -0.7789768E-02 -0.4157524E-03  0.8858346E+00  0.8016706E-04 -0.2763458E-05  0.1312723E+00 -0.4979069E-01  0.1000691E+01
  0.3350694E+01 -0.9217580E-02  0.5232770E-01 -0.1541189E-02 -0.7835827E-02 -0.6352592E-03  0.8789794E+00  0.1460507E-04 -0.1722005E-05  0.1317481E+00 -0.5063210E-01  0.9932061E+00
  0.3368056E+01 -0.9218482E-02  0.5240005E-01 -0.1546758E-02 -0.7881774E-02 -0.9631701E-03  0.8869247E+00 -0.4718962E-04 -0.8981339E-07  0.1322694E+00 -0.5159061E-01  0.1000346E+01
  0.3385417E+01 -0.9219179E-02  0.5247227E-01 -0.1552416E-02 -0.7927893E-02 -0.1136135E-02  0.9008082E+00 -0.6030538E-04 -0.2514033E-05  0.1329031E+00 -0.5074302E-01  0.1015542E+01
  0.3402778E+01 -0.9219585E-02  0.5254429E-01 -0.1558117E-02 -0.7974294E-02 -0.1030821E-02  0.9111968E+00 -0.4081363E-04 -0.2984601E-05  0.1335959E+00 -0.4979262E-01  0.1027718E+01
  0.3420139E+01 -0.9219578E-02  0.5261621E-01 -0.1563823E-02 -0.8021148E-02 -0.7311194E-03  0.9074453E+00  0.5246663E-04 -0.1152276E-05  0.1343024E+00 -0.5125298E-01  0.1023627E+01
  0.3437500E+01 -0.9219601E-02  0.5268820E-01 -0.1569437E-02 -0.8067884E-02 -0.4277312E-03  0.8885605E+00  0.8619444E-04  0.4006182E-05  0.1348598E+00 -0.5234246E-01  0.1004572E+01
  0.3454861E+01 -0.9220211E-02  0.5276044E-01 -0.1574944E-02 -0.8114193E-02 -0.2924127E-03  0.8730504E+00  0.3406429E-04  0.5344515E-05  0.1352019E+00 -0.5099739E-01  0.9908530E+00
  0.3472222E+01 -0.9220923E-02  0.5283293E-01 -0.1580455E-02 -0.8160246E-02 -0.3743766E-03  0.8709498E+00 -0.1103185E-04 -0.1476938E-05  0.1354961E+00 -0.4900831E-01  0.9909220E+00
  0.3489583E+01 -0.9220861E-02  0.5290570E-01 -0.1586010E-02 -0.8207469E-02 -0.5836891E-03  0.8729070E+00 -0.4776911E-05 -0.1405988E-05  0.1358727E+00 -0.4645786E-01  0.9956233E+00
  0.3506944E+01 -0.9220161E-02  0.5297832E-01 -0.1591570E-02 -0.8255359E-02 -0.7913559E-03  0.8839447E+00 -0.6585047E-04 -0.3961316E-07  0.1363321E+00 -0.4431029E-01  0.1009021E+01
  0.3524306E+01 -0.9219647E-02  0.5305049E-01 -0.1597285E-02 -0.8302726E-02 -0.8800803E-03  0.9067474E+00 -0.7103111E-04  0.5839785E-06  0.1369845E+00 -0.4602304E-01  0.1030689E+01
  0.3541667E+01 -0.9219812E-02  0.5312254E-01 -0.1603179E-02 -0.8349198E-02 -0.7898793E-03  0.9196307E+00 -0.5342754E-05  0.5475530E-05  0.1378265E+00 -0.5003270E-01  0.1040585E+01
  0.3559028E+01 -0.9220503E-02  0.5319501E-01 -0.1609014E-02 -0.8395393E-02 -0.5548300E-03  0.9076463E+00  0.6380887E-04  0.5574746E-05  0.1386044E+00 -0.5227862E-01  0.1027457E+01
  0.3576389E+01 -0.9220967E-02  0.5326803E-01 -0.1614633E-02 -0.8442156E-02 -0.2965711E-03  0.8786329E+00  0.1076088E-03  0.2423825E-05  0.1391244E+00 -0.5108880E-01  0.1000472E+01
  0.3593750E+01 -0.9220340E-02  0.5334112E-01 -0.1620029E-02 -0.8490029E-02 -0.1678831E-03  0.8493169E+00  0.8544001E-04  0.1235859E-05  0.1393497E+00 -0.4576442E-01  0.9768317E+00
  0.3611111E+01 -0.9218914E-02  0.5341395E-01 -0.1625313E-02 -0.8538612E-02 -0.2512164E-03  0.8407350E+00 -0.3876601E-05 -0.4016984E-06  0.1393946E+00 -0.3988490E-01  0.9740204E+00
  0.3628472E+01 -0.9218533E-02  0.5348664E-01 -0.1630718E-02 -0.8585995E-02 -0.4671280E-03  0.8602609E+00 -0.1116804E-03 -0.2898211E-06  0.1395610E+00 -0.3948073E-01  0.9938135E+00
  0.3645833E+01 -0.9219501E-02  0.5355939E-01 -0.1636410E-02 -0.8631941E-02 -0.6278865E-03  0.8940548E+00 -0.1105964E-03  0.2214781E-05  0.1400894E+00 -0.4450378E-01  0.1022976E+01
  0.3663194E+01 -0.9220014E-02  0.5363237E-01 -0.1642325E-02 -0.8678557E-02 -0.5918248E-03  0.9177803E+00 -0.5283496E-04  0.5248133E-05  0.1409210E+00 -0.4895919E-01  0.1043194E+01
  0.3680556E+01 -0.9219673E-02  0.5370543E-01 -0.1648314E-02 -0.8726188E-02 -0.4064681E-03  0.9174114E+00  0.4470958E-04  0.6928051E-05  0.1418285E+00 -0.4999756E-01  0.1042999E+01
  0.3697917E+01 -0.9219092E-02  0.5377855E-01 -0.1654184E-02 -0.8774049E-02 -0.2365539E-03  0.8920954E+00  0.1248235E-03  0.3283713E-05  0.1426041E+00 -0.4753879E-01  0.1021183E+01
  0.3715278E+01 -0.9218621E-02  0.5385193E-01 -0.1659747E-02 -0.8821923E-02 -0.1684017E-03  0.8592839E+00  0.8928827E-04 -0.1145221E-05  0.1430370E+00 -0.4320091E-01  0.9931914E+00
  0.3732639E+01 -0.9219004E-02  0.5392561E-01 -0.1665092E-02 -0.8869143E-02 -0.1839645E-03  0.8430398E+00 -0.4894779E-06 -0.1567539E-05  0.1431344E+00 -0.3987870E-01  0.9802818E+00
  0.3750000E+01 -0.9219389E-02  0.5399923E-01 -0.1670395E-02 -0.8916357E-02 -0.2416193E-03  0.8486050E+00 -0.4019189E-04  0.1774860E-05  0.1430990E+00 -0.3913222E-01  0.9864848E+00
