  0.1564236E+02 -0.8834173E-02  0.9753856E-01 -0.5919935E-02 -0.3537236E-01  0.1387264E-01  0.6547501E+00  0.2907829E-03  0.3653685E-05  0.2405103E+00  0.5423490E-02  0.9622631E+00
  0.1565972E+02 -0.8832705E-02  0.9758617E-01 -0.5925644E-02 -0.3540081E-01  0.1291353E-01  0.6469724E+00  0.1001401E-03  0.1762303E-05  0.2409171E+00 -0.5670792E-02  0.9426612E+00
  0.1567708E+02 -0.8837848E-02  0.9763518E-01 -0.5931446E-02 -0.3542319E-01  0.1114988E-01  0.6975756E+00 -0.2958211E-03 -0.1531016E-05  0.2417814E+00 -0.1843985E-01  0.9792124E+00
  0.1569444E+02 -0.8840200E-02  0.9768523E-01 -0.5937392E-02 -0.3544918E-01  0.9979084E-02  0.7653912E+00 -0.4293693E-03 -0.3143001E-05  0.2424146E+00 -0.1851129E-01  0.1046300E+01
  0.1571181E+02 -0.8834046E-02  0.9773473E-01 -0.5943469E-02 -0.3548411E-01  0.1032842E-01  0.7995110E+00 -0.1181337E-03 -0.1212908E-05  0.2422809E+00 -0.7480468E-02  0.1091994E+01
  0.1572917E+02 -0.8821809E-02  0.9778276E-01 -0.5949440E-02 -0.3552474E-01  0.1186246E-01  0.7810057E+00  0.2125525E-03  0.2270441E-05  0.2415650E+00  0.2503976E-02  0.1084639E+01
  0.1574653E+02 -0.8811946E-02  0.9783013E-01 -0.5955131E-02 -0.3556234E-01  0.1330780E-01  0.7398584E+00  0.3353571E-03  0.2921410E-05  0.2409263E+00 -0.2279948E-04  0.1041909E+01
  0.1576389E+02 -0.8809339E-02  0.9787818E-01 -0.5960585E-02 -0.3559242E-01  0.1366645E-01  0.7007759E+00  0.2221336E-03  0.2874275E-06  0.2408151E+00 -0.1127751E-01  0.9917183E+00
  0.1578125E+02 -0.8813584E-02  0.9792730E-01 -0.5966092E-02 -0.3561561E-01  0.1292900E-01  0.6817513E+00 -0.8627463E-04 -0.1610372E-05  0.2410524E+00 -0.1735295E-01  0.9658238E+00
  0.1579861E+02 -0.8817562E-02  0.9797701E-01 -0.5971973E-02 -0.3563928E-01  0.1190948E-01  0.6990108E+00 -0.2778657E-03 -0.2466772E-05  0.2412770E+00 -0.1115871E-01  0.9883064E+00
  0.1581597E+02 -0.8814496E-02  0.9802641E-01 -0.5978181E-02 -0.3567052E-01  0.1143704E-01  0.7254169E+00 -0.2047283E-03 -0.3081670E-05  0.2414134E+00 -0.1298782E-02  0.1024324E+01
  0.1583333E+02 -0.8805217E-02  0.9807508E-01 -0.5984506E-02 -0.3570810E-01  0.1168841E-01  0.7483767E+00  0.2248810E-04 -0.1816459E-05  0.2415692E+00  0.4319655E-03  0.1049664E+01
  0.1585069E+02 -0.8794724E-02  0.9812312E-01 -0.5990611E-02 -0.3574673E-01  0.1226145E-01  0.7563415E+00  0.1660089E-03 -0.1790832E-05  0.2415864E+00 -0.4214392E-02  0.1053730E+01
  0.1586806E+02 -0.8788281E-02  0.9817126E-01 -0.5996415E-02 -0.3578102E-01  0.1258356E-01  0.7527164E+00  0.1237772E-03 -0.7691388E-06  0.2413735E+00 -0.7836597E-02  0.1046565E+01
  0.1588542E+02 -0.8787598E-02  0.9822018E-01 -0.6002128E-02 -0.3580965E-01  0.1248175E-01  0.7411045E+00  0.1401910E-04  0.1181378E-05  0.2412548E+00 -0.1147947E-01  0.1030998E+01
  0.1590278E+02 -0.8790714E-02  0.9826999E-01 -0.6008068E-02 -0.3583442E-01  0.1223611E-01  0.7217168E+00 -0.2699002E-04  0.8677583E-06  0.2415158E+00 -0.1786849E-01  0.1005211E+01
  0.1592014E+02 -0.8792242E-02  0.9831990E-01 -0.6014030E-02 -0.3586077E-01  0.1217229E-01  0.6947781E+00 -0.3612287E-04 -0.2183777E-06  0.2417385E+00 -0.1544501E-01  0.9808605E+00
  0.1593750E+02 -0.8787896E-02  0.9836932E-01 -0.6019623E-02 -0.3589316E-01  0.1237249E-01  0.6988639E+00 -0.9594008E-04 -0.1324425E-05  0.2414412E+00 -0.6146942E-03  0.9996342E+00
  0.1595486E+02 -0.8780426E-02  0.9841803E-01 -0.6025085E-02 -0.3592858E-01  0.1266058E-01  0.7304282E+00 -0.8139653E-04 -0.2537166E-06  0.2410561E+00  0.9250386E-02  0.1040998E+01
  0.1597222E+02 -0.8772302E-02  0.9846646E-01 -0.6030798E-02 -0.3596463E-01  0.1278488E-01  0.7496256E+00  0.6251446E-04 -0.3097012E-05  0.2409777E+00  0.4230816E-02  0.1055377E+01
  0.1598958E+02 -0.8765834E-02  0.9851545E-01 -0.6036752E-02 -0.3599937E-01  0.1273329E-01  0.7589634E+00  0.7845825E-04 -0.6736213E-05  0.2409803E+00 -0.6894023E-02  0.1053568E+01
  0.1600694E+02 -0.8763071E-02  0.9856544E-01 -0.6042977E-02 -0.3603076E-01  0.1271207E-01  0.7509107E+00  0.7450817E-05 -0.2209329E-05  0.2409874E+00 -0.1469273E-01  0.1037651E+01
  0.1602431E+02 -0.8764027E-02  0.9861601E-01 -0.6049427E-02 -0.3605828E-01  0.1266607E-01  0.7414178E+00 -0.1697567E-05  0.3849897E-05  0.2412281E+00 -0.1873168E-01  0.1024327E+01
  0.1604167E+02 -0.8765314E-02  0.9866634E-01 -0.6055697E-02 -0.3608523E-01  0.1247551E-01  0.7250510E+00  0.3298774E-04  0.4605480E-05  0.2417292E+00 -0.1823507E-01  0.1008818E+01
  0.1605903E+02 -0.8763698E-02  0.9871614E-01 -0.6061619E-02 -0.3611493E-01  0.1226747E-01  0.7104949E+00 -0.3506802E-04  0.2695938E-05  0.2419835E+00 -0.8097680E-02  0.1004392E+01
  0.1607639E+02 -0.8758064E-02  0.9876590E-01 -0.6067454E-02 -0.3614892E-01  0.1232068E-01  0.7068537E+00 -0.1123695E-03  0.7643425E-06  0.2415797E+00  0.1070063E-01  0.1019135E+01
  0.1609375E+02 -0.8748673E-02  0.9881578E-01 -0.6073291E-02 -0.3618693E-01  0.1279024E-01  0.7160097E+00 -0.1584266E-04 -0.1855231E-05  0.2409067E+00  0.1709058E-01  0.1034586E+01
  0.1611111E+02 -0.8740694E-02  0.9886564E-01 -0.6079083E-02 -0.3622355E-01  0.1337509E-01  0.7304810E+00  0.8224046E-04 -0.3866359E-05  0.2405460E+00  0.2362010E-02  0.1034665E+01
  0.1612847E+02 -0.8736236E-02  0.9891573E-01 -0.6084685E-02 -0.3625653E-01  0.1357803E-01  0.7465786E+00  0.1182735E-03 -0.3434616E-05  0.2405756E+00 -0.1677285E-01  0.1031913E+01
  0.1614583E+02 -0.8736978E-02  0.9896634E-01 -0.6090212E-02 -0.3628419E-01  0.1314440E-01  0.7651331E+00 -0.3700437E-04  0.2411810E-08  0.2409099E+00 -0.2468364E-01  0.1042322E+01
  0.1616319E+02 -0.8739440E-02  0.9901740E-01 -0.6096069E-02 -0.3631031E-01  0.1248634E-01  0.7628452E+00 -0.1212064E-03  0.3249784E-05  0.2414702E+00 -0.1945897E-01  0.1045096E+01
  0.1618056E+02 -0.8738982E-02  0.9906839E-01 -0.6102357E-02 -0.3633963E-01  0.1237240E-01  0.7384626E+00 -0.4557242E-04  0.6021853E-06  0.2418290E+00 -0.5875636E-02  0.1034631E+01
  0.1619792E+02 -0.8733033E-02  0.9911850E-01 -0.6108746E-02 -0.3637418E-01  0.1302850E-01  0.6932718E+00  0.3260048E-04 -0.2779516E-05  0.2415747E+00  0.1170046E-01  0.1007508E+01
  0.1621528E+02 -0.8722652E-02  0.9916775E-01 -0.6114795E-02 -0.3641298E-01  0.1368923E-01  0.6915734E+00  0.7357170E-04 -0.9183332E-06  0.2408692E+00  0.1937862E-01  0.1013500E+01
  0.1623264E+02 -0.8714309E-02  0.9921691E-01 -0.6120614E-02 -0.3644952E-01  0.1366060E-01  0.7235989E+00  0.9488823E-04  0.1312904E-05  0.2403246E+00  0.5848654E-02  0.1031461E+01
  0.1625000E+02 -0.8711942E-02  0.9926672E-01 -0.6126543E-02 -0.3647983E-01  0.1306319E-01  0.7519914E+00  0.7925867E-05  0.3856702E-06  0.2402689E+00 -0.1589070E-01  0.1037390E+01
