  0.2189236E+02 -0.2118798E+01  0.6234912E-01 -0.6899247E-01  0.1874819E+00 -0.5727662E-02 -0.4868863E-01  0.1140157E-02 -0.5628419E-05  0.4731566E-04  0.1334505E+01 -0.6566890E+00 -0.6080533E+00
  0.2190972E+02 -0.2123228E+01  0.6388404E-01 -0.6892598E-01  0.2357467E+00 -0.3894033E-02 -0.4866101E-01  0.1142019E-02  0.1232200E-04 -0.1811688E-04  0.1334298E+01 -0.6096439E+00 -0.6076969E+00
  0.2192708E+02 -0.2121829E+01  0.6225653E-01 -0.6898030E-01  0.2802094E+00 -0.4902731E-02 -0.4863510E-01  0.1144376E-02  0.5023066E-04 -0.6626226E-04  0.1334121E+01 -0.5666321E+00 -0.6073523E+00
  0.2194444E+02 -0.2115141E+01  0.5831768E-01 -0.6911797E-01  0.3028259E+00 -0.7573229E-02 -0.4861763E-01  0.1146342E-02  0.4306921E-04 -0.5603993E-04  0.1333962E+01 -0.5442113E+00 -0.6071320E+00
  0.2196181E+02 -0.2107668E+01  0.5361033E-01 -0.6927054E-01  0.2923708E+00 -0.9454063E-02 -0.4861247E-01  0.1146864E-02 -0.3127742E-04  0.6314984E-05  0.1333800E+01 -0.5541018E+00 -0.6070400E+00
  0.2197917E+02 -0.2102201E+01  0.4999714E-01 -0.6930134E-01  0.2579754E+00 -0.8449142E-02 -0.4861916E-01  0.1145687E-02 -0.4464983E-04  0.5484088E-04  0.1333618E+01 -0.5858238E+00 -0.6070036E+00
  0.2199653E+02 -0.2101854E+01  0.4900633E-01 -0.6915020E-01  0.2228067E+00 -0.6144561E-02 -0.4863358E-01  0.1144406E-02  0.9818045E-05  0.3516328E-04  0.1333411E+01 -0.6193696E+00 -0.6069966E+00
  0.2201389E+02 -0.2103249E+01  0.5120832E-01 -0.6887807E-01  0.1995131E+00 -0.5624887E-02 -0.4864738E-01  0.1144016E-02  0.2120674E-04  0.9444051E-05  0.1333185E+01 -0.6413183E+00 -0.6070205E+00
  0.2203125E+02 -0.2106063E+01  0.5574830E-01 -0.6859991E-01  0.1895508E+00 -0.7395527E-02 -0.4864999E-01  0.1144609E-02 -0.2011448E-05  0.2208646E-05  0.1332948E+01 -0.6513164E+00 -0.6070805E+00
  0.2204861E+02 -0.2112604E+01  0.6048950E-01 -0.6840244E-01  0.2020061E+00 -0.9304178E-02 -0.4863554E-01  0.1145752E-02 -0.1073815E-04  0.3209927E-05  0.1332711E+01 -0.6426019E+00 -0.6070933E+00
  0.2206597E+02 -0.2120912E+01  0.6314014E-01 -0.6831771E-01  0.2426057E+00 -0.8415471E-02 -0.4860812E-01  0.1146657E-02  0.2089512E-04 -0.2038025E-05  0.1332493E+01 -0.6068485E+00 -0.6069270E+00
  0.2208333E+02 -0.2122197E+01  0.6256002E-01 -0.6834750E-01  0.2806982E+00 -0.6983328E-02 -0.4857981E-01  0.1147911E-02 -0.9251171E-05 -0.1299795E-04  0.1332313E+01 -0.5694101E+00 -0.6065723E+00
  0.2210069E+02 -0.2110992E+01  0.5929454E-01 -0.6844538E-01  0.2841112E+00 -0.7107614E-02 -0.4856162E-01  0.1149959E-02 -0.5373921E-04  0.6726203E-05  0.1332155E+01 -0.5584433E+00 -0.6061686E+00
  0.2211806E+02 -0.2100462E+01  0.5512337E-01 -0.6851216E-01  0.2606342E+00 -0.7270436E-02 -0.4855805E-01  0.1151562E-02 -0.1609315E-04  0.3577136E-05  0.1331988E+01 -0.5759182E+00 -0.6059446E+00
  0.2213542E+02 -0.2097422E+01  0.5214636E-01 -0.6845272E-01  0.2295129E+00 -0.8178206E-02 -0.4856497E-01  0.1151567E-02  0.3092588E-04 -0.6349076E-05  0.1331792E+01 -0.6079899E+00 -0.6059838E+00
  0.2215278E+02 -0.2101049E+01  0.5163560E-01 -0.6827162E-01  0.2098431E+00 -0.8663424E-02 -0.4857384E-01  0.1150212E-02  0.6395450E-04  0.1413311E-04  0.1331567E+01 -0.6322844E+00 -0.6061685E+00
  0.2217014E+02 -0.2109666E+01  0.5344175E-01 -0.6806724E-01  0.2116884E+00 -0.7497718E-02 -0.4857688E-01  0.1148721E-02  0.5565642E-04  0.2280380E-04  0.1331329E+01 -0.6361207E+00 -0.6063031E+00
  0.2218750E+02 -0.2116060E+01  0.5635857E-01 -0.6792450E-01  0.2249013E+00 -0.6235769E-02 -0.4857070E-01  0.1147971E-02 -0.1116327E-04  0.2666138E-04  0.1331098E+01 -0.6252700E+00 -0.6062510E+00
  0.2220486E+02 -0.2118111E+01  0.5886471E-01 -0.6786737E-01  0.2429685E+00 -0.5553217E-02 -0.4855752E-01  0.1148291E-02 -0.5949416E-04  0.2221262E-04  0.1330885E+01 -0.6062597E+00 -0.6059943E+00
  0.2222222E+02 -0.2116093E+01  0.6000689E-01 -0.6785348E-01  0.2684822E+00 -0.5612557E-02 -0.4854231E-01  0.1149720E-02 -0.7233997E-05 -0.1939522E-04  0.1330696E+01 -0.5777933E+00 -0.6055887E+00
  0.2223958E+02 -0.2109915E+01  0.5974881E-01 -0.6781900E-01  0.2768931E+00 -0.7466695E-02 -0.4852975E-01  0.1152277E-02 -0.4585020E-04 -0.3727886E-04  0.1330530E+01 -0.5654895E+00 -0.6052385E+00
  0.2225694E+02 -0.2100287E+01  0.5858098E-01 -0.6774306E-01  0.2540317E+00 -0.9667883E-02 -0.4852098E-01  0.1154620E-02 -0.5182168E-04 -0.1507537E-04  0.1330356E+01 -0.5821622E+00 -0.6050800E+00
  0.2227431E+02 -0.2097427E+01  0.5722931E-01 -0.6763730E-01  0.2245656E+00 -0.1077639E-01 -0.4851514E-01  0.1155326E-02  0.3011556E-04 -0.3005834E-06  0.1330157E+01 -0.6112197E+00 -0.6051262E+00
  0.2229167E+02 -0.2100564E+01  0.5629786E-01 -0.6751793E-01  0.2115437E+00 -0.1080821E-01 -0.4850907E-01  0.1154690E-02  0.8333178E-04  0.1161407E-04  0.1329931E+01 -0.6283767E+00 -0.6052795E+00
  0.2230903E+02 -0.2105914E+01  0.5595807E-01 -0.6740054E-01  0.2132733E+00 -0.9056121E-02 -0.4850216E-01  0.1153397E-02  0.4125162E-04  0.4921983E-04  0.1329700E+01 -0.6306967E+00 -0.6053279E+00
  0.2232639E+02 -0.2113561E+01  0.5591409E-01 -0.6731567E-01  0.2239921E+00 -0.5515987E-02 -0.4849557E-01  0.1152742E-02 -0.1850735E-04  0.6131569E-04  0.1329475E+01 -0.6243108E+00 -0.6051704E+00
  0.2234375E+02 -0.2115651E+01  0.5594347E-01 -0.6728239E-01  0.2452748E+00 -0.3088092E-02 -0.4849068E-01  0.1152522E-02 -0.5911866E-05  0.4772542E-05  0.1329266E+01 -0.6028760E+00 -0.6048541E+00
  0.2236111E+02 -0.2111442E+01  0.5626662E-01 -0.6725223E-01  0.2575924E+00 -0.4363162E-02 -0.4848765E-01  0.1152994E-02 -0.2511126E-04 -0.3704712E-04  0.1329075E+01 -0.5875202E+00 -0.6045431E+00
  0.2237847E+02 -0.2106607E+01  0.5702057E-01 -0.6720123E-01  0.2584713E+00 -0.6762866E-02 -0.4848447E-01  0.1154062E-02 -0.9819782E-05 -0.3080940E-04  0.1328885E+01 -0.5835651E+00 -0.6043793E+00
  0.2239583E+02 -0.2103712E+01  0.5805991E-01 -0.6711843E-01  0.2549102E+00 -0.8889133E-02 -0.4847896E-01  0.1154815E-02 -0.1408143E-04 -0.1837835E-04  0.1328691E+01 -0.5854144E+00 -0.6043813E+00
  0.2241319E+02 -0.2104972E+01  0.5905511E-01 -0.6697661E-01  0.2429381E+00 -0.1013718E-01 -0.4846948E-01  0.1156155E-02 -0.5256905E-05  0.3502354E-05  0.1328489E+01 -0.5989181E+00 -0.6044340E+00
  0.2243056E+02 -0.2106899E+01  0.5955279E-01 -0.6682854E-01  0.2338729E+00 -0.9893807E-02 -0.4845686E-01  0.1157967E-02  0.6875857E-05  0.2966225E-04  0.1328279E+01 -0.6091788E+00 -0.6043799E+00
  0.2244792E+02 -0.2106365E+01  0.5924793E-01 -0.6673328E-01  0.2317945E+00 -0.9286443E-02 -0.4844387E-01  0.1158748E-02  0.1038727E-04  0.3963756E-04  0.1328070E+01 -0.6105072E+00 -0.6041898E+00
  0.2246528E+02 -0.2107115E+01  0.5823298E-01 -0.6668412E-01  0.2319858E+00 -0.7916775E-02 -0.4843390E-01  0.1158151E-02  0.1503142E-05  0.2814484E-04  0.1327863E+01 -0.6108801E+00 -0.6039558E+00
  0.2248264E+02 -0.2106024E+01  0.5707730E-01 -0.6663435E-01  0.2279635E+00 -0.6422827E-02 -0.4842860E-01  0.1157474E-02 -0.5649187E-05 -0.8237827E-06  0.1327658E+01 -0.6136604E+00 -0.6037064E+00
  0.2250000E+02 -0.2102838E+01  0.5636052E-01 -0.6656572E-01  0.2213023E+00 -0.6463210E-02 -0.4842598E-01  0.1157360E-02 -0.1466242E-04 -0.3195466E-05  0.1327448E+01 -0.6180426E+00 -0.6035360E+00
