  0.2126736E+02 -0.2110203E+01  0.5710084E-01 -0.7238840E-01  0.2062063E+00 -0.2329547E-02 -0.4891688E-01  0.1127684E-02  0.2741038E-04  0.5265266E-05  0.1341781E+01 -0.6275891E+00 -0.6105049E+00
  0.2128472E+02 -0.2117011E+01  0.5799375E-01 -0.7219002E-01  0.2370812E+00 -0.3889197E-02 -0.4889997E-01  0.1128022E-02  0.1283251E-03 -0.1067388E-03  0.1341571E+01 -0.6041943E+00 -0.6105317E+00
  0.2130208E+02 -0.2120328E+01  0.5766883E-01 -0.7196245E-01  0.2629907E+00 -0.8523549E-02 -0.4888097E-01  0.1126751E-02  0.7902033E-04 -0.1138774E-03  0.1341381E+01 -0.5865631E+00 -0.6105183E+00
  0.2131944E+02 -0.2116383E+01  0.5600795E-01 -0.7179197E-01  0.2672881E+00 -0.1260642E-01 -0.4886489E-01  0.1125301E-02  0.1880288E-05 -0.1269451E-04  0.1341199E+01 -0.5840368E+00 -0.6104317E+00
  0.2133681E+02 -0.2111684E+01  0.5349799E-01 -0.7171228E-01  0.2638400E+00 -0.1231748E-01 -0.4885883E-01  0.1124440E-02 -0.2730991E-04  0.6165910E-04  0.1341018E+01 -0.5850571E+00 -0.6102250E+00
  0.2135417E+02 -0.2110671E+01  0.5148264E-01 -0.7168374E-01  0.2509130E+00 -0.8955327E-02 -0.4886465E-01  0.1124914E-02 -0.4203486E-04  0.6384591E-04  0.1340835E+01 -0.5957970E+00 -0.6099991E+00
  0.2137153E+02 -0.2106555E+01  0.5120769E-01 -0.7167994E-01  0.2210894E+00 -0.6112272E-02 -0.4887559E-01  0.1127001E-02 -0.7069139E-04  0.4979857E-04  0.1340637E+01 -0.6191827E+00 -0.6099008E+00
  0.2138889E+02 -0.2104965E+01  0.5293721E-01 -0.7167148E-01  0.1928331E+00 -0.4747972E-02 -0.4888171E-01  0.1129304E-02 -0.3361038E-04  0.2514740E-04  0.1340420E+01 -0.6429549E+00 -0.6099176E+00
  0.2140625E+02 -0.2110687E+01  0.5572574E-01 -0.7164511E-01  0.1897400E+00 -0.4412939E-02 -0.4887524E-01  0.1130267E-02  0.2506280E-04 -0.2616464E-04  0.1340191E+01 -0.6488348E+00 -0.6099470E+00
  0.2142361E+02 -0.2116130E+01  0.5803721E-01 -0.7159302E-01  0.2104517E+00 -0.4893133E-02 -0.4885693E-01  0.1130019E-02  0.4255360E-04 -0.4276515E-04  0.1339969E+01 -0.6318855E+00 -0.6098896E+00
  0.2144097E+02 -0.2119512E+01  0.5870542E-01 -0.7151038E-01  0.2401515E+00 -0.5422311E-02 -0.4883482E-01  0.1130086E-02  0.2448901E-04 -0.5909281E-05  0.1339764E+01 -0.6055092E+00 -0.6097374E+00
  0.2145833E+02 -0.2116978E+01  0.5768880E-01 -0.7137813E-01  0.2610796E+00 -0.6547936E-02 -0.4881786E-01  0.1130700E-02  0.1112740E-04  0.1645870E-04  0.1339576E+01 -0.5842189E+00 -0.6095278E+00
  0.2147569E+02 -0.2108553E+01  0.5577113E-01 -0.7119560E-01  0.2620706E+00 -0.9399045E-02 -0.4880908E-01  0.1131259E-02 -0.8748313E-05  0.1094066E-05  0.1339394E+01 -0.5795970E+00 -0.6094367E+00
  0.2149306E+02 -0.2108228E+01  0.5377076E-01 -0.7103017E-01  0.2614989E+00 -0.1069871E-01 -0.4880649E-01  0.1130850E-02  0.3719358E-04 -0.1671114E-04  0.1339205E+01 -0.5831374E+00 -0.6095574E+00
  0.2151042E+02 -0.2116378E+01  0.5244084E-01 -0.7092094E-01  0.2709933E+00 -0.8949360E-02 -0.4880747E-01  0.1129536E-02  0.8076724E-04 -0.4669483E-04  0.1339013E+01 -0.5814445E+00 -0.6096581E+00
  0.2152778E+02 -0.2117380E+01  0.5234130E-01 -0.7084954E-01  0.2598144E+00 -0.8137889E-02 -0.4881031E-01  0.1129077E-02 -0.1314640E-04 -0.2311932E-04  0.1338831E+01 -0.5930987E+00 -0.6094825E+00
  0.2154514E+02 -0.2106987E+01  0.5335398E-01 -0.7083011E-01  0.2131746E+00 -0.7701194E-02 -0.4881306E-01  0.1130934E-02 -0.1803509E-03  0.8256732E-04  0.1338641E+01 -0.6281285E+00 -0.6090791E+00
  0.2156250E+02 -0.2097671E+01  0.5498958E-01 -0.7088377E-01  0.1655003E+00 -0.5413620E-02 -0.4881369E-01  0.1134226E-02 -0.1489111E-03  0.1081303E-03  0.1338427E+01 -0.6627719E+00 -0.6087226E+00
  0.2157986E+02 -0.2101124E+01  0.5703843E-01 -0.7091060E-01  0.1625098E+00 -0.3643313E-02 -0.4880826E-01  0.1136750E-02  0.5460899E-04  0.2567677E-04  0.1338187E+01 -0.6655331E+00 -0.6086967E+00
  0.2159722E+02 -0.2112206E+01  0.5912132E-01 -0.7079666E-01  0.2023436E+00 -0.4981267E-02 -0.4879248E-01  0.1137111E-02  0.1486603E-03 -0.5826687E-04  0.1337949E+01 -0.6361352E+00 -0.6090396E+00
  0.2161458E+02 -0.2122890E+01  0.5998086E-01 -0.7057330E-01  0.2518135E+00 -0.8107794E-02 -0.4876548E-01  0.1135661E-02  0.1295126E-03 -0.6585936E-04  0.1337725E+01 -0.5996177E+00 -0.6094637E+00
  0.2163194E+02 -0.2130676E+01  0.5821192E-01 -0.7039779E-01  0.3022264E+00 -0.8626668E-02 -0.4873687E-01  0.1133533E-02  0.8946416E-04 -0.3531173E-04  0.1337532E+01 -0.5592797E+00 -0.6095466E+00
  0.2164931E+02 -0.2128145E+01  0.5404840E-01 -0.7036186E-01  0.3308137E+00 -0.6894550E-02 -0.4872258E-01  0.1132200E-02 -0.1879867E-04 -0.2418233E-04  0.1337381E+01 -0.5307917E+00 -0.6090867E+00
  0.2166667E+02 -0.2111777E+01  0.4971672E-01 -0.7042919E-01  0.3087154E+00 -0.6142147E-02 -0.4873160E-01  0.1133285E-02 -0.1127016E-03  0.7833926E-05  0.1337250E+01 -0.5403691E+00 -0.6083729E+00
  0.2168403E+02 -0.2093576E+01  0.4794788E-01 -0.7046983E-01  0.2446881E+00 -0.6872610E-02 -0.4875694E-01  0.1136225E-02 -0.1439671E-03  0.4723211E-04  0.1337095E+01 -0.5889046E+00 -0.6078952E+00
  0.2170139E+02 -0.2084972E+01  0.5021073E-01 -0.7036586E-01  0.1646036E+00 -0.9036869E-02 -0.4878017E-01  0.1138550E-02 -0.1073228E-03  0.4826855E-04  0.1336884E+01 -0.6603771E+00 -0.6079441E+00
  0.2171875E+02 -0.2090839E+01  0.5566116E-01 -0.7010479E-01  0.1162132E+00 -0.1088814E-01 -0.4878247E-01  0.1139200E-02  0.3098145E-04  0.3195970E-04  0.1336611E+01 -0.7109262E+00 -0.6084553E+00
  0.2173611E+02 -0.2111675E+01  0.6135433E-01 -0.6982654E-01  0.1423438E+00 -0.9719083E-02 -0.4875830E-01  0.1138574E-02  0.1337062E-03  0.1546558E-04  0.1336321E+01 -0.6986723E+00 -0.6090397E+00
  0.2175347E+02 -0.2133540E+01  0.6401009E-01 -0.6967987E-01  0.2258533E+00 -0.5735226E-02 -0.4871841E-01  0.1137287E-02  0.1371596E-03 -0.7968820E-05  0.1336071E+01 -0.6304729E+00 -0.6091741E+00
  0.2177083E+02 -0.2137846E+01  0.6224577E-01 -0.6968690E-01  0.3042750E+00 -0.2783779E-02 -0.4868257E-01  0.1136951E-02  0.2924651E-04 -0.3435821E-04  0.1335892E+01 -0.5554538E+00 -0.6086826E+00
  0.2178819E+02 -0.2123984E+01  0.5711371E-01 -0.6980390E-01  0.3346908E+00 -0.3440758E-02 -0.4866480E-01  0.1138760E-02 -0.5112705E-04 -0.3882473E-04  0.1335761E+01 -0.5172792E+00 -0.6079492E+00
  0.2180556E+02 -0.2107189E+01  0.5124577E-01 -0.6996651E-01  0.3184344E+00 -0.5262072E-02 -0.4866895E-01  0.1141043E-02 -0.6045563E-04 -0.1335176E-04  0.1335633E+01 -0.5247061E+00 -0.6074706E+00
  0.2182292E+02 -0.2095138E+01  0.4762673E-01 -0.7004315E-01  0.2671755E+00 -0.8100688E-02 -0.4868907E-01  0.1142026E-02 -0.5106082E-04 -0.5831015E-05  0.1335473E+01 -0.5706108E+00 -0.6074064E+00
  0.2184028E+02 -0.2091903E+01  0.4812368E-01 -0.6990822E-01  0.2063008E+00 -0.1139879E-01 -0.4871052E-01  0.1141345E-02  0.8752391E-05  0.1645672E-05  0.1335261E+01 -0.6310825E+00 -0.6076820E+00
  0.2185764E+02 -0.2099322E+01  0.5230895E-01 -0.6958511E-01  0.1673052E+00 -0.1157394E-01 -0.4871940E-01  0.1140060E-02  0.1062542E-04  0.4123383E-04  0.1335009E+01 -0.6733855E+00 -0.6080745E+00
  0.2187500E+02 -0.2110337E+01  0.5792901E-01 -0.6922692E-01  0.1603647E+00 -0.9008582E-02 -0.4871077E-01  0.1139430E-02 -0.1539072E-04  0.7025177E-04  0.1334748E+01 -0.6830476E+00 -0.6082342E+00
