  0.4392361E+01 -0.9220234E-02  0.5678916E-01 -0.1882372E-02 -0.1071139E-01  0.8393160E-03  0.8943450E+00  0.6143029E-04 -0.4370301E-05  0.1592268E+00 -0.4235982E-01  0.1047084E+01
  0.4409722E+01 -0.9221054E-02  0.5686699E-01 -0.1888477E-02 -0.1075974E-01  0.8097575E-03  0.8704756E+00  0.1230172E-03 -0.2305909E-05  0.1597772E+00 -0.4335859E-01  0.1022822E+01
  0.4427083E+01 -0.9222271E-02  0.5694468E-01 -0.1894440E-02 -0.1080764E-01  0.7325952E-03  0.8428766E+00  0.5347307E-04  0.4290901E-05  0.1601661E+00 -0.3892777E-01  0.9999256E+00
  0.4444444E+01 -0.9223949E-02  0.5702227E-01 -0.1900292E-02 -0.1085511E-01  0.6809416E-03  0.8286548E+00  0.2290770E-04  0.4999774E-05  0.1604378E+00 -0.3507732E-01  0.9897670E+00
  0.4461806E+01 -0.9226284E-02  0.5709991E-01 -0.1906120E-02 -0.1090175E-01  0.6905993E-03  0.8205921E+00  0.2136899E-04  0.2158117E-05  0.1607854E+00 -0.3546444E-01  0.9816928E+00
  0.4479167E+01 -0.9228900E-02  0.5717770E-01 -0.1911902E-02 -0.1094813E-01  0.7478535E-03  0.8250000E+00 -0.4706548E-04 -0.9696451E-06  0.1611250E+00 -0.3645294E-01  0.9854606E+00
  0.4496528E+01 -0.9231076E-02  0.5725574E-01 -0.1917692E-02 -0.1099514E-01  0.8341283E-03  0.8487669E+00 -0.9714665E-04 -0.5080826E-05  0.1614150E+00 -0.3704752E-01  0.1008978E+01
  0.4513889E+01 -0.9232903E-02  0.5733369E-01 -0.1923567E-02 -0.1104228E-01  0.9336471E-03  0.8751530E+00 -0.7251457E-04 -0.4593869E-05  0.1617226E+00 -0.3819139E-01  0.1034676E+01
  0.4531250E+01 -0.9234523E-02  0.5741147E-01 -0.1929542E-02 -0.1108963E-01  0.9920594E-03  0.8823665E+00  0.2621229E-04 -0.1760295E-06  0.1621193E+00 -0.3804356E-01  0.1042618E+01
  0.4548611E+01 -0.9236678E-02  0.5748922E-01 -0.1935539E-02 -0.1113644E-01  0.9877424E-03  0.8689071E+00  0.5489718E-04  0.2098544E-05  0.1625816E+00 -0.3600388E-01  0.1031710E+01
  0.4565972E+01 -0.9239869E-02  0.5756695E-01 -0.1941515E-02 -0.1118223E-01  0.9659091E-03  0.8517988E+00  0.4664637E-04  0.8326825E-06  0.1630202E+00 -0.3423880E-01  0.1016797E+01
  0.4583333E+01 -0.9243347E-02  0.5764464E-01 -0.1947433E-02 -0.1122773E-01  0.9624968E-03  0.8347564E+00  0.6389773E-04 -0.2942049E-06  0.1634079E+00 -0.3422847E-01  0.1000188E+01
  0.4600694E+01 -0.9246137E-02  0.5772222E-01 -0.1953242E-02 -0.1127379E-01  0.9603129E-03  0.8231053E+00  0.3529616E-04 -0.4144127E-06  0.1637149E+00 -0.3718360E-01  0.9858809E+00
  0.4618056E+01 -0.9248748E-02  0.5779975E-01 -0.1959059E-02 -0.1131987E-01  0.9323439E-03  0.8265517E+00 -0.1985900E-04  0.1271525E-05  0.1640154E+00 -0.4166514E-01  0.9850878E+00
  0.4635417E+01 -0.9251488E-02  0.5787740E-01 -0.1964941E-02 -0.1136568E-01  0.9153101E-03  0.8440390E+00 -0.8646247E-04  0.1985995E-06  0.1642807E+00 -0.4369900E-01  0.1000745E+01
  0.4652778E+01 -0.9255167E-02  0.5795508E-01 -0.1970983E-02 -0.1141064E-01  0.9763168E-03  0.8603282E+00 -0.4868847E-04 -0.2277635E-05  0.1645900E+00 -0.4112822E-01  0.1020034E+01
  0.4670139E+01 -0.9258687E-02  0.5803236E-01 -0.1977070E-02 -0.1145548E-01  0.1141512E-02  0.8635011E+00 -0.9521776E-05 -0.3009652E-05  0.1650244E+00 -0.3401837E-01  0.1030977E+01
  0.4687500E+01 -0.9261373E-02  0.5810891E-01 -0.1983060E-02 -0.1150102E-01  0.1319505E-02  0.8597066E+00  0.1711088E-04 -0.5627762E-05  0.1654756E+00 -0.2830052E-01  0.1033576E+01
  0.4704861E+01 -0.9264441E-02  0.5818497E-01 -0.1988972E-02 -0.1154588E-01  0.1357145E-02  0.8507580E+00  0.7565153E-04 -0.2785454E-05  0.1659127E+00 -0.2987653E-01  0.1023610E+01
  0.4722222E+01 -0.9268155E-02  0.5826121E-01 -0.1994826E-02 -0.1158989E-01  0.1209087E-02  0.8409420E+00  0.4535820E-04  0.4026650E-05  0.1663508E+00 -0.3645470E-01  0.1007505E+01
  0.4739583E+01 -0.9271768E-02  0.5833800E-01 -0.2000658E-02 -0.1163419E-01  0.1009517E-02  0.8405310E+00 -0.2459729E-04  0.4798199E-05  0.1667496E+00 -0.4189464E-01  0.1001807E+01
  0.4756944E+01 -0.9275122E-02  0.5841486E-01 -0.2006543E-02 -0.1167890E-01  0.9432943E-03  0.8449041E+00 -0.2972949E-04  0.1582101E-05  0.1670157E+00 -0.4268977E-01  0.1005600E+01
  0.4774306E+01 -0.9278503E-02  0.5849109E-01 -0.2012508E-02 -0.1172305E-01  0.1065698E-02  0.8416639E+00  0.1503594E-04 -0.2054720E-05  0.1672016E+00 -0.4006148E-01  0.1005360E+01
  0.4791667E+01 -0.9281904E-02  0.5856661E-01 -0.2018498E-02 -0.1176688E-01  0.1282299E-02  0.8315857E+00  0.4930101E-04 -0.4311400E-05  0.1674237E+00 -0.3621996E-01  0.9996161E+00
  0.4809028E+01 -0.9285371E-02  0.5864183E-01 -0.2024434E-02 -0.1181048E-01  0.1448422E-02  0.8265951E+00 -0.4614515E-06 -0.2590171E-05  0.1677263E+00 -0.3171014E-01  0.9995782E+00
  0.4826389E+01 -0.9289165E-02  0.5871711E-01 -0.2030372E-02 -0.1185360E-01  0.1489252E-02  0.8404638E+00 -0.6594348E-04  0.3973383E-06  0.1681097E+00 -0.3041268E-01  0.1015128E+01
  0.4843750E+01 -0.9292799E-02  0.5879260E-01 -0.2036451E-02 -0.1189695E-01  0.1438161E-02  0.8604237E+00 -0.4450534E-04  0.1108587E-05  0.1686483E+00 -0.3407743E-01  0.1031956E+01
  0.4861111E+01 -0.9296206E-02  0.5886792E-01 -0.2042550E-02 -0.1194047E-01  0.1363261E-02  0.8664101E+00  0.1851260E-05  0.4895843E-06  0.1692683E+00 -0.3702145E-01  0.1035611E+01
  0.4878472E+01 -0.9299717E-02  0.5894279E-01 -0.2048559E-02 -0.1198347E-01  0.1303901E-02  0.8577454E+00  0.4230375E-04  0.1449265E-05  0.1698174E+00 -0.3759782E-01  0.1026924E+01
  0.4895833E+01 -0.9303838E-02  0.5901739E-01 -0.2054500E-02 -0.1202570E-01  0.1301848E-02  0.8407862E+00  0.5743315E-04  0.9358277E-06  0.1701084E+00 -0.3751284E-01  0.1010375E+01
  0.4913194E+01 -0.9307595E-02  0.5909203E-01 -0.2060360E-02 -0.1206846E-01  0.1355909E-02  0.8221699E+00  0.6159857E-04 -0.1963796E-06  0.1701263E+00 -0.3714640E-01  0.9922227E+00
  0.4930556E+01 -0.9310832E-02  0.5916667E-01 -0.2066154E-02 -0.1211163E-01  0.1433802E-02  0.8063106E+00  0.5366300E-04  0.1970125E-05  0.1701604E+00 -0.3535226E-01  0.9782862E+00
  0.4947917E+01 -0.9314268E-02  0.5924109E-01 -0.2071901E-02 -0.1215447E-01  0.1512483E-02  0.8039958E+00 -0.3217018E-04  0.4119332E-05  0.1702949E+00 -0.3222218E-01  0.9792534E+00
  0.4965278E+01 -0.9318607E-02  0.5931520E-01 -0.2077740E-02 -0.1219601E-01  0.1560198E-02  0.8254495E+00 -0.1034146E-03  0.4716611E-05  0.1706209E+00 -0.3205282E-01  0.1001202E+01
  0.4982639E+01 -0.9323230E-02  0.5938922E-01 -0.2083792E-02 -0.1223715E-01  0.1584777E-02  0.8574646E+00 -0.9435854E-04  0.4347332E-05  0.1711669E+00 -0.3413702E-01  0.1031734E+01
  0.5000000E+01 -0.9326726E-02  0.5946345E-01 -0.2090029E-02 -0.1227949E-01  0.1620744E-02  0.8766876E+00 -0.3283764E-04  0.2459135E-05  0.1717764E+00 -0.3495668E-01  0.1050865E+01
