  0.6892361E+01 -0.2249448E+01  0.6128819E-02 -0.1919338E+00  0.2549279E+00 -0.2305539E-01 -0.5918550E-01  0.4198284E-03  0.3173100E-04  0.4146049E-05  0.1513485E+01 -0.7486257E+00 -0.7618240E+00
  0.6909722E+01 -0.2247138E+01  0.3165968E-02 -0.1917857E+00  0.2547114E+00 -0.2247572E-01 -0.5916495E-01  0.4213129E-03  0.3328949E-04  0.1797933E-04  0.1513266E+01 -0.7489484E+00 -0.7615186E+00
  0.6927083E+01 -0.2248185E+01  0.8714364E-03 -0.1913828E+00  0.2524585E+00 -0.2137278E-01 -0.5915551E-01  0.4231031E-03  0.4397880E-04  0.1083020E-04  0.1513042E+01 -0.7532465E+00 -0.7612627E+00
  0.6944444E+01 -0.2249640E+01  0.2805522E-03 -0.1908269E+00  0.2494542E+00 -0.2157550E-01 -0.5914979E-01  0.4251135E-03  0.3433193E-05  0.3942694E-05  0.1512813E+01 -0.7582112E+00 -0.7610176E+00
  0.6961806E+01 -0.2250418E+01  0.1490099E-02 -0.1902805E+00  0.2434384E+00 -0.2266000E-01 -0.5913987E-01  0.4270260E-03 -0.4127405E-04  0.1094824E-04  0.1512581E+01 -0.7645928E+00 -0.7607394E+00
  0.6979167E+01 -0.2251076E+01  0.3876056E-02 -0.1898465E+00  0.2400844E+00 -0.2336157E-01 -0.5912214E-01  0.4288426E-03 -0.4478148E-04  0.9255396E-05  0.1512346E+01 -0.7667062E+00 -0.7604024E+00
  0.6996528E+01 -0.2249926E+01  0.6513107E-02 -0.1895637E+00  0.2389603E+00 -0.2388385E-01 -0.5909604E-01  0.4311043E-03 -0.5517751E-04  0.1201232E-04  0.1512115E+01 -0.7644924E+00 -0.7600430E+00
  0.7013889E+01 -0.2247974E+01  0.8350008E-02 -0.1894636E+00  0.2372233E+00 -0.2358830E-01 -0.5906314E-01  0.4334870E-03 -0.3431340E-04  0.1195230E-04  0.1511888E+01 -0.7622165E+00 -0.7597348E+00
  0.7031250E+01 -0.2248555E+01  0.8695191E-02 -0.1895004E+00  0.2401141E+00 -0.2242929E-01 -0.5902771E-01  0.4351247E-03  0.3282258E-04 -0.6747899E-05  0.1511660E+01 -0.7585816E+00 -0.7594710E+00
  0.7048611E+01 -0.2250963E+01  0.7575283E-02 -0.1895348E+00  0.2488147E+00 -0.2151134E-01 -0.5899543E-01  0.4360104E-03  0.5888811E-04 -0.1209138E-04  0.1511436E+01 -0.7526957E+00 -0.7592030E+00
  0.7065972E+01 -0.2251133E+01  0.5542590E-02 -0.1894425E+00  0.2549451E+00 -0.2136260E-01 -0.5897072E-01  0.4370464E-03  0.3154685E-04  0.5164609E-05  0.1511215E+01 -0.7487324E+00 -0.7588860E+00
  0.7083333E+01 -0.2248168E+01  0.3432894E-02 -0.1891765E+00  0.2528063E+00 -0.2186528E-01 -0.5895494E-01  0.4387652E-03  0.2289024E-05  0.2579574E-04  0.1510994E+01 -0.7504639E+00 -0.7585323E+00
  0.7100694E+01 -0.2244974E+01  0.2182594E-02 -0.1887635E+00  0.2460648E+00 -0.2206268E-01 -0.5894598E-01  0.4409296E-03 -0.1654278E-04  0.3142538E-04  0.1510769E+01 -0.7552742E+00 -0.7582122E+00
  0.7118056E+01 -0.2245623E+01  0.2496797E-02 -0.1882791E+00  0.2402357E+00 -0.2149161E-01 -0.5893809E-01  0.4429121E-03 -0.2079139E-04  0.1534388E-04  0.1510539E+01 -0.7606231E+00 -0.7579784E+00
  0.7135417E+01 -0.2249409E+01  0.4331512E-02 -0.1877925E+00  0.2403500E+00 -0.2116005E-01 -0.5892378E-01  0.4444088E-03 -0.2506010E-06 -0.1377651E-04  0.1510305E+01 -0.7618688E+00 -0.7577756E+00
  0.7152778E+01 -0.2251703E+01  0.6657255E-02 -0.1873984E+00  0.2441974E+00 -0.2227235E-01 -0.5889822E-01  0.4456222E-03 -0.7497081E-05 -0.2732952E-04  0.1510076E+01 -0.7589302E+00 -0.7574802E+00
  0.7170139E+01 -0.2250275E+01  0.8041730E-02 -0.1872063E+00  0.2442350E+00 -0.2374284E-01 -0.5886361E-01  0.4470369E-03 -0.2104255E-04 -0.1158026E-04  0.1509854E+01 -0.7575435E+00 -0.7570577E+00
  0.7187500E+01 -0.2246616E+01  0.7792620E-02 -0.1872090E+00  0.2405150E+00 -0.2348468E-01 -0.5882900E-01  0.4487332E-03 -0.2221679E-04  0.1737037E-04  0.1509632E+01 -0.7577553E+00 -0.7566144E+00
  0.7204861E+01 -0.2242647E+01  0.6397378E-02 -0.1872599E+00  0.2376338E+00 -0.2266677E-01 -0.5880258E-01  0.4507064E-03 -0.6753255E-05  0.3028967E-04  0.1509407E+01 -0.7574640E+00 -0.7562690E+00
  0.7222222E+01 -0.2241009E+01  0.4939062E-02 -0.1871795E+00  0.2399661E+00 -0.2253279E-01 -0.5878461E-01  0.4523821E-03  0.4032851E-04  0.2006558E-04  0.1509177E+01 -0.7549108E+00 -0.7560564E+00
  0.7239583E+01 -0.2243372E+01  0.4144373E-02 -0.1869055E+00  0.2448866E+00 -0.2187900E-01 -0.5877046E-01  0.4536331E-03  0.3016596E-04  0.1319951E-04  0.1508947E+01 -0.7524519E+00 -0.7559108E+00
  0.7256944E+01 -0.2247454E+01  0.4134914E-02 -0.1865141E+00  0.2505031E+00 -0.2033970E-01 -0.5875676E-01  0.4545292E-03  0.2084489E-04  0.4119550E-05  0.1508719E+01 -0.7492281E+00 -0.7556814E+00
  0.7274306E+01 -0.2250250E+01  0.4836648E-02 -0.1860892E+00  0.2561931E+00 -0.1951032E-01 -0.5874207E-01  0.4553892E-03 -0.5372345E-05 -0.1663580E-04  0.1508499E+01 -0.7446293E+00 -0.7552915E+00
  0.7291667E+01 -0.2249432E+01  0.6060866E-02 -0.1856726E+00  0.2526093E+00 -0.2039443E-01 -0.5872339E-01  0.4566718E-03 -0.4084975E-04 -0.2734761E-04  0.1508286E+01 -0.7468783E+00 -0.7548180E+00
  0.7309028E+01 -0.2246467E+01  0.7216285E-02 -0.1853328E+00  0.2403776E+00 -0.2192191E-01 -0.5869781E-01  0.4586961E-03 -0.3020868E-04 -0.1452943E-04  0.1508067E+01 -0.7563452E+00 -0.7544126E+00
  0.7326389E+01 -0.2243670E+01  0.7641174E-02 -0.1851380E+00  0.2281362E+00 -0.2320711E-01 -0.5866788E-01  0.4612039E-03 -0.2018234E-04  0.1142618E-04  0.1507838E+01 -0.7666145E+00 -0.7541109E+00
  0.7343750E+01 -0.2242148E+01  0.7227614E-02 -0.1850646E+00  0.2236868E+00 -0.2354385E-01 -0.5863910E-01  0.4633174E-03  0.6861327E-05  0.3649539E-04  0.1507600E+01 -0.7703744E+00 -0.7538830E+00
  0.7361111E+01 -0.2242790E+01  0.6378174E-02 -0.1850306E+00  0.2320527E+00 -0.2234060E-01 -0.5861513E-01  0.4645733E-03  0.2479147E-04  0.4554489E-04  0.1507362E+01 -0.7624491E+00 -0.7536455E+00
  0.7378472E+01 -0.2244281E+01  0.5537901E-02 -0.1849629E+00  0.2464639E+00 -0.2071647E-01 -0.5859557E-01  0.4654114E-03  0.2633850E-04  0.1787479E-04  0.1507134E+01 -0.7489114E+00 -0.7532870E+00
  0.7395833E+01 -0.2243573E+01  0.4896771E-02 -0.1848181E+00  0.2573477E+00 -0.2060257E-01 -0.5857845E-01  0.4662600E-03  0.1472691E-04 -0.2007451E-04  0.1506916E+01 -0.7379506E+00 -0.7528700E+00
  0.7413194E+01 -0.2243128E+01  0.4682733E-02 -0.1845329E+00  0.2615180E+00 -0.2150656E-01 -0.5856393E-01  0.4670894E-03  0.8298341E-05 -0.3557393E-04  0.1506705E+01 -0.7343865E+00 -0.7525226E+00
  0.7430556E+01 -0.2245081E+01  0.5294214E-02 -0.1840642E+00  0.2613942E+00 -0.2204064E-01 -0.5855107E-01  0.4682401E-03  0.2312523E-04 -0.4078226E-04  0.1506493E+01 -0.7361051E+00 -0.7522425E+00
  0.7447917E+01 -0.2245563E+01  0.6815833E-02 -0.1835039E+00  0.2514950E+00 -0.2280101E-01 -0.5853535E-01  0.4701452E-03 -0.3347327E-04 -0.8562583E-05  0.1506279E+01 -0.7453860E+00 -0.7519548E+00
  0.7465278E+01 -0.2243998E+01  0.8542670E-02 -0.1830766E+00  0.2317193E+00 -0.2273338E-01 -0.5851231E-01  0.4726205E-03 -0.8408109E-04  0.4795073E-04  0.1506056E+01 -0.7615664E+00 -0.7516127E+00
  0.7482639E+01 -0.2242560E+01  0.9480851E-02 -0.1829464E+00  0.2185155E+00 -0.2103553E-01 -0.5848276E-01  0.4750219E-03 -0.4408057E-04  0.5656401E-04  0.1505821E+01 -0.7707198E+00 -0.7512012E+00
  0.7500000E+01 -0.2241591E+01  0.9218515E-02 -0.1830348E+00  0.2194754E+00 -0.2007118E-01 -0.5845168E-01  0.4769567E-03  0.1424025E-04  0.2160157E-04  0.1505585E+01 -0.7683574E+00 -0.7507701E+00
