  0.1501736E+02 -0.8969368E-02  0.9577505E-01 -0.5706880E-02 -0.3422553E-01  0.1148293E-01  0.7730895E+00  0.3753931E-04  0.1385502E-05  0.2409617E+00 -0.6297467E-02  0.1066149E+01
  0.1503472E+02 -0.8965652E-02  0.9582295E-01 -0.5712999E-02 -0.3425643E-01  0.1181467E-01  0.7672319E+00  0.9733728E-04  0.1455054E-05  0.2410677E+00 -0.1178470E-01  0.1055316E+01
  0.1505208E+02 -0.8960280E-02  0.9587184E-01 -0.5718869E-02 -0.3428982E-01  0.1192306E-01  0.7443890E+00  0.9389466E-04  0.1340276E-05  0.2408178E+00 -0.1100406E-01  0.1033124E+01
  0.1506944E+02 -0.8955585E-02  0.9592133E-01 -0.5724745E-02 -0.3432283E-01  0.1189138E-01  0.7218692E+00  0.9213615E-05  0.4407639E-06  0.2405252E+00 -0.7792842E-02  0.1013421E+01
  0.1508681E+02 -0.8952009E-02  0.9597058E-01 -0.5730762E-02 -0.3435441E-01  0.1184615E-01  0.7052639E+00  0.3283792E-04 -0.8453789E-06  0.2406493E+00 -0.9986947E-02  0.9947378E+00
  0.1510417E+02 -0.8950477E-02  0.9601929E-01 -0.5736892E-02 -0.3438333E-01  0.1195328E-01  0.7059355E+00 -0.8124288E-04  0.8867085E-06  0.2410101E+00 -0.9419792E-02  0.9963473E+00
  0.1512153E+02 -0.8947572E-02  0.9606770E-01 -0.5743018E-02 -0.3441363E-01  0.1215817E-01  0.7240811E+00 -0.1174250E-03  0.1004937E-08  0.2412094E+00 -0.2969617E-02  0.1021325E+01
  0.1513889E+02 -0.8944633E-02  0.9611621E-01 -0.5749010E-02 -0.3444415E-01  0.1216640E-01  0.7543904E+00 -0.1551665E-04 -0.1516556E-05  0.2413588E+00 -0.5149949E-02  0.1049727E+01
  0.1515625E+02 -0.8941837E-02  0.9616509E-01 -0.5754756E-02 -0.3447491E-01  0.1195171E-01  0.7588394E+00  0.7574588E-04 -0.1682510E-05  0.2415194E+00 -0.1058498E-01  0.1048793E+01
  0.1517361E+02 -0.8937394E-02  0.9621458E-01 -0.5760327E-02 -0.3450799E-01  0.1165871E-01  0.7445336E+00  0.8413645E-04 -0.1290254E-05  0.2413756E+00 -0.8436116E-02  0.1036223E+01
  0.1519097E+02 -0.8932848E-02  0.9626454E-01 -0.5766006E-02 -0.3454139E-01  0.1147844E-01  0.7167353E+00 -0.1396576E-04  0.2991785E-05  0.2410753E+00 -0.2729786E-02  0.1013573E+01
  0.1520833E+02 -0.8927872E-02  0.9631451E-01 -0.5771807E-02 -0.3457506E-01  0.1153252E-01  0.7057711E+00 -0.3867494E-04  0.6947203E-05  0.2408276E+00 -0.2105469E-03  0.1004929E+01
  0.1522569E+02 -0.8924014E-02  0.9636399E-01 -0.5777719E-02 -0.3460719E-01  0.1186233E-01  0.7087194E+00  0.3007045E-04  0.7418803E-05  0.2407332E+00 -0.3451858E-02  0.1004956E+01
  0.1524306E+02 -0.8921289E-02  0.9641308E-01 -0.5783805E-02 -0.3463784E-01  0.1212230E-01  0.7261526E+00 -0.2028269E-04  0.4760864E-05  0.2408427E+00 -0.8397858E-02  0.1017774E+01
  0.1526042E+02 -0.8919064E-02  0.9646228E-01 -0.5790085E-02 -0.3466798E-01  0.1209057E-01  0.7463781E+00 -0.6989432E-05 -0.1313153E-05  0.2411062E+00 -0.1262082E-01  0.1034031E+01
  0.1527778E+02 -0.8916789E-02  0.9651221E-01 -0.5796268E-02 -0.3469882E-01  0.1196571E-01  0.7608095E+00 -0.9348469E-04 -0.8167831E-05  0.2413643E+00 -0.1297558E-01  0.1048163E+01
  0.1529514E+02 -0.8913001E-02  0.9656263E-01 -0.5802390E-02 -0.3473171E-01  0.1208078E-01  0.7600872E+00 -0.6318229E-04 -0.9068914E-05  0.2414139E+00 -0.6429263E-02  0.1054196E+01
  0.1531250E+02 -0.8908083E-02  0.9661273E-01 -0.5808392E-02 -0.3476559E-01  0.1248961E-01  0.7464797E+00  0.5857842E-04 -0.2851953E-05  0.2412823E+00  0.5211140E-03  0.1047959E+01
  0.1532986E+02 -0.8903113E-02  0.9666204E-01 -0.5814073E-02 -0.3479906E-01  0.1278697E-01  0.7182477E+00  0.1457846E-03  0.4948508E-05  0.2412145E+00 -0.1289863E-03  0.1019417E+01
  0.1534722E+02 -0.8900661E-02  0.9671094E-01 -0.5819644E-02 -0.3482957E-01  0.1249220E-01  0.6913786E+00  0.1609956E-03  0.9334021E-05  0.2413864E+00 -0.8610254E-02  0.9839783E+00
  0.1536458E+02 -0.8899652E-02  0.9676033E-01 -0.5825257E-02 -0.3485896E-01  0.1163411E-01  0.6817322E+00 -0.3720929E-05  0.8325954E-05  0.2416800E+00 -0.1220919E-01  0.9700182E+00
  0.1538194E+02 -0.8895765E-02  0.9681035E-01 -0.5830861E-02 -0.3489167E-01  0.1079960E-01  0.7012102E+00 -0.1575115E-03  0.2809308E-05  0.2416714E+00 -0.6576644E-02  0.9941419E+00
  0.1539931E+02 -0.8890536E-02  0.9686033E-01 -0.5836644E-02 -0.3492564E-01  0.1062723E-01  0.7472866E+00 -0.1933061E-03 -0.4953949E-05  0.2413207E+00 -0.3176975E-02  0.1043067E+01
  0.1541667E+02 -0.8886109E-02  0.9690961E-01 -0.5842836E-02 -0.3495841E-01  0.1135843E-01  0.7763939E+00 -0.4736394E-04 -0.1059635E-04  0.2410179E+00 -0.5516257E-02  0.1070418E+01
  0.1543403E+02 -0.8883011E-02  0.9695828E-01 -0.5849257E-02 -0.3498954E-01  0.1251042E-01  0.7804026E+00  0.7377085E-04 -0.9041389E-05  0.2409756E+00 -0.7398798E-02  0.1073791E+01
  0.1545139E+02 -0.8881777E-02  0.9700684E-01 -0.5855634E-02 -0.3501862E-01  0.1323820E-01  0.7597711E+00  0.1089670E-03 -0.8623660E-06  0.2412498E+00 -0.9178773E-02  0.1052439E+01
  0.1546875E+02 -0.8880889E-02  0.9705555E-01 -0.5861766E-02 -0.3504750E-01  0.1311946E-01  0.7265567E+00  0.1412851E-03  0.8073858E-05  0.2416280E+00 -0.1374192E-01  0.1014977E+01
  0.1548611E+02 -0.8878337E-02  0.9710436E-01 -0.5867525E-02 -0.3507809E-01  0.1243013E-01  0.6971077E+00  0.3023316E-04  0.1129398E-04  0.2417755E+00 -0.1225806E-01  0.9863772E+00
  0.1550347E+02 -0.8871004E-02  0.9715318E-01 -0.5872932E-02 -0.3511364E-01  0.1169418E-01  0.6756444E+00 -0.5561012E-04  0.5511982E-05  0.2415187E+00 -0.1861584E-02  0.9742412E+00
  0.1552083E+02 -0.8863441E-02  0.9720168E-01 -0.5878341E-02 -0.3514911E-01  0.1127821E-01  0.6808927E+00 -0.2347206E-04 -0.1596186E-05  0.2412339E+00  0.3581703E-02  0.9842722E+00
  0.1553819E+02 -0.8859411E-02  0.9724962E-01 -0.5884049E-02 -0.3518064E-01  0.1123329E-01  0.7062121E+00 -0.3883882E-05 -0.4702938E-05  0.2413510E+00 -0.1028536E-02  0.1005085E+01
  0.1555556E+02 -0.8858443E-02  0.9729726E-01 -0.5889938E-02 -0.3520889E-01  0.1127573E-01  0.7506185E+00 -0.3529777E-04 -0.4105922E-05  0.2417037E+00 -0.1032870E-01  0.1040570E+01
  0.1557292E+02 -0.8860052E-02  0.9734533E-01 -0.5895930E-02 -0.3523465E-01  0.1127223E-01  0.7888220E+00 -0.1485569E-03 -0.1408209E-05  0.2419683E+00 -0.1872149E-01  0.1070546E+01
  0.1559028E+02 -0.8859261E-02  0.9739416E-01 -0.5901985E-02 -0.3526341E-01  0.1150263E-01  0.8061274E+00 -0.1217799E-03  0.1341114E-05  0.2418851E+00 -0.1787942E-01  0.1088885E+01
  0.1560764E+02 -0.8853182E-02  0.9744312E-01 -0.5908067E-02 -0.3529785E-01  0.1231623E-01  0.7757074E+00  0.2194603E-04  0.3281034E-05  0.2413598E+00 -0.6949998E-02  0.1069843E+01
  0.1562500E+02 -0.8842756E-02  0.9749127E-01 -0.5914111E-02 -0.3533630E-01  0.1344913E-01  0.7109595E+00  0.2721668E-03  0.3637212E-05  0.2407554E+00  0.3878618E-02  0.1016717E+01
