  0.2564236E+02 -0.6606585E-02  0.1268736E+00 -0.9265903E-02 -0.5376449E-01  0.2833440E-01  0.7676079E+00 -0.1308930E-03 -0.5986044E-05  0.2284137E+00  0.2808874E-02  0.1084265E+01
  0.2565972E+02 -0.6604388E-02  0.1269272E+00 -0.9272324E-02 -0.5379508E-01  0.2831274E-01  0.7836873E+00 -0.2536806E-04 -0.1109205E-04  0.2286906E+00  0.6660606E-02  0.1104570E+01
  0.2567708E+02 -0.6600322E-02  0.1269812E+00 -0.9278729E-02 -0.5382804E-01  0.2850384E-01  0.7763137E+00  0.3004025E-05 -0.6378901E-05  0.2285207E+00  0.8769026E-02  0.1099378E+01
  0.2569444E+02 -0.6594786E-02  0.1270355E+00 -0.9285215E-02 -0.5386260E-01  0.2911111E-01  0.7482729E+00  0.1646195E-04  0.7057902E-06  0.2279569E+00  0.1185581E-01  0.1074507E+01
  0.2571181E+02 -0.6588058E-02  0.1270900E+00 -0.9291755E-02 -0.5389835E-01  0.2993343E-01  0.7096987E+00  0.1314232E-03  0.1315022E-05  0.2273427E+00  0.1739760E-01  0.1041817E+01
  0.2572917E+02 -0.6581499E-02  0.1271445E+00 -0.9297904E-02 -0.5393389E-01  0.3043582E-01  0.6650485E+00  0.2132488E-03 -0.4157834E-07  0.2271499E+00  0.2060292E-01  0.1000782E+01
  0.2574653E+02 -0.6576872E-02  0.1271993E+00 -0.9303349E-02 -0.5396766E-01  0.3020536E-01  0.6345878E+00  0.1428560E-03  0.1669023E-05  0.2273161E+00  0.1621773E-01  0.9658229E+00
  0.2576389E+02 -0.6575479E-02  0.1272548E+00 -0.9308253E-02 -0.5399846E-01  0.2924648E-01  0.6421928E+00 -0.6773530E-04  0.2502863E-05  0.2273741E+00  0.1186148E-01  0.9679823E+00
  0.2578125E+02 -0.6575377E-02  0.1273108E+00 -0.9313080E-02 -0.5402837E-01  0.2810154E-01  0.6861995E+00 -0.1547581E-03  0.1850459E-05  0.2273488E+00  0.9385787E-02  0.1008277E+01
  0.2579861E+02 -0.6575779E-02  0.1273669E+00 -0.9318325E-02 -0.5405787E-01  0.2754097E-01  0.7542452E+00 -0.3044647E-03 -0.1610635E-06  0.2275622E+00  0.3235729E-02  0.1069694E+01
  0.2581597E+02 -0.6575294E-02  0.1274227E+00 -0.9324486E-02 -0.5408796E-01  0.2803700E-01  0.7992588E+00 -0.2624848E-03 -0.1375832E-05  0.2278323E+00  0.2196542E-02  0.1114496E+01
  0.2583333E+02 -0.6569895E-02  0.1274782E+00 -0.9331333E-02 -0.5412292E-01  0.2942335E-01  0.8082278E+00  0.6031526E-04 -0.5041398E-06  0.2277165E+00  0.7669808E-02  0.1130551E+01
  0.2585069E+02 -0.6561668E-02  0.1275336E+00 -0.9338129E-02 -0.5416083E-01  0.3084563E-01  0.7662475E+00  0.2870280E-03 -0.1549411E-05  0.2272633E+00  0.1422003E-01  0.1096335E+01
  0.2586806E+02 -0.6553616E-02  0.1275893E+00 -0.9344386E-02 -0.5419878E-01  0.3128914E-01  0.7104498E+00  0.2698149E-03 -0.3640572E-05  0.2267934E+00  0.2023701E-01  0.1046528E+01
  0.2588542E+02 -0.6549425E-02  0.1276457E+00 -0.9350384E-02 -0.5423306E-01  0.3044318E-01  0.6681172E+00  0.1638381E-03 -0.2798449E-05  0.2268090E+00  0.1841290E-01  0.1001456E+01
  0.2590278E+02 -0.6549356E-02  0.1277026E+00 -0.9356414E-02 -0.5426326E-01  0.2887740E-01  0.6518335E+00 -0.3240155E-04  0.6965010E-06  0.2272674E+00  0.1106938E-01  0.9765496E+00
  0.2592014E+02 -0.6550297E-02  0.1277597E+00 -0.9362413E-02 -0.5429243E-01  0.2775025E-01  0.6619684E+00 -0.2442542E-03  0.3850895E-05  0.2275672E+00  0.6616270E-02  0.9812162E+00
  0.2593750E+02 -0.6551040E-02  0.1278168E+00 -0.9368331E-02 -0.5432170E-01  0.2785337E-01  0.7070790E+00 -0.2766385E-03  0.5092515E-05  0.2275282E+00  0.6983225E-02  0.1026748E+01
  0.2595486E+02 -0.6548144E-02  0.1278736E+00 -0.9374052E-02 -0.5435461E-01  0.2908361E-01  0.7525173E+00 -0.1484180E-03  0.3515746E-05  0.2272535E+00  0.8936913E-02  0.1075243E+01
  0.2597222E+02 -0.6541475E-02  0.1279303E+00 -0.9379583E-02 -0.5439144E-01  0.3064805E-01  0.7697012E+00  0.1065411E-03  0.1755973E-05  0.2268544E+00  0.8172685E-02  0.1093102E+01
  0.2598958E+02 -0.6533887E-02  0.1279874E+00 -0.9384952E-02 -0.5442958E-01  0.3168022E-01  0.7406571E+00  0.2916561E-03  0.2244865E-05  0.2263952E+00  0.8798543E-02  0.1065464E+01
  0.2600694E+02 -0.6528002E-02  0.1280449E+00 -0.9390315E-02 -0.5446641E-01  0.3156550E-01  0.7043578E+00  0.2046496E-03  0.1787709E-05  0.2260796E+00  0.1602198E-01  0.1035891E+01
  0.2602431E+02 -0.6525146E-02  0.1281028E+00 -0.9396133E-02 -0.5450031E-01  0.3026511E-01  0.6816306E+00 -0.3043752E-04  0.2443575E-07  0.2261188E+00  0.2252318E-01  0.1018189E+01
  0.2604167E+02 -0.6525528E-02  0.1281613E+00 -0.9402631E-02 -0.5453085E-01  0.2841725E-01  0.7009506E+00 -0.1684607E-03 -0.7837007E-06  0.2266604E+00  0.1600149E-01  0.1029563E+01
  0.2605903E+02 -0.6527204E-02  0.1282198E+00 -0.9409502E-02 -0.5456000E-01  0.2728308E-01  0.7337476E+00 -0.2303397E-03 -0.5886981E-06  0.2273390E+00  0.3162356E-02  0.1049024E+01
  0.2607639E+02 -0.6526362E-02  0.1282785E+00 -0.9416551E-02 -0.5459184E-01  0.2778050E-01  0.7628001E+00 -0.1535442E-03  0.1814649E-05  0.2275510E+00 -0.5889141E-04  0.1075665E+01
  0.2609375E+02 -0.6521762E-02  0.1283374E+00 -0.9423576E-02 -0.5462766E-01  0.2972066E-01  0.7726347E+00 -0.3882995E-04  0.1743740E-05  0.2271875E+00  0.9614090E-02  0.1096884E+01
  0.2611111E+02 -0.6513976E-02  0.1283962E+00 -0.9430086E-02 -0.5466674E-01  0.3191973E-01  0.7429113E+00  0.1955143E-03  0.9112869E-06  0.2266108E+00  0.1661646E-01  0.1076040E+01
  0.2612847E+02 -0.6507660E-02  0.1284550E+00 -0.9435864E-02 -0.5470416E-01  0.3301217E-01  0.6943968E+00  0.3499357E-03  0.1560520E-05  0.2262589E+00  0.1011821E-01  0.1021945E+01
  0.2614583E+02 -0.6504666E-02  0.1285139E+00 -0.9440822E-02 -0.5473841E-01  0.3227606E-01  0.6460565E+00  0.2695013E-03  0.1337172E-05  0.2259500E+00  0.6108793E-02  0.9684922E+00
  0.2616319E+02 -0.6503159E-02  0.1285733E+00 -0.9445365E-02 -0.5477160E-01  0.3008055E-01  0.6316070E+00 -0.2177702E-04  0.4846134E-06  0.2254568E+00  0.1352638E-01  0.9585026E+00
  0.2618056E+02 -0.6503350E-02  0.1286334E+00 -0.9450317E-02 -0.5480330E-01  0.2775065E-01  0.6591034E+00 -0.3406513E-03  0.1441234E-05  0.2253319E+00  0.1591957E-01  0.9856428E+00
  0.2619792E+02 -0.6504055E-02  0.1286938E+00 -0.9456398E-02 -0.5483433E-01  0.2660889E-01  0.7296033E+00 -0.4408436E-03  0.2085457E-05  0.2259639E+00  0.9361674E-02  0.1048998E+01
  0.2621528E+02 -0.6501564E-02  0.1287538E+00 -0.9463522E-02 -0.5486822E-01  0.2748827E-01  0.7972405E+00 -0.1881463E-03 -0.6059572E-06  0.2267816E+00  0.6656600E-02  0.1115899E+01
  0.2623264E+02 -0.6495817E-02  0.1288129E+00 -0.9470923E-02 -0.5490502E-01  0.3016592E-01  0.8273893E+00  0.6016519E-04 -0.2844887E-05  0.2270756E+00  0.1115963E-01  0.1153789E+01
  0.2625000E+02 -0.6488867E-02  0.1288716E+00 -0.9478053E-02 -0.5494292E-01  0.3302218E-01  0.8024282E+00  0.2650169E-03 -0.4226908E-05  0.2268021E+00  0.1577716E-01  0.1136252E+01
