  0.2126736E+02 -0.7533146E-02  0.1138313E+00 -0.7813201E-02 -0.4580672E-01  0.2079537E-01  0.7593622E+00  0.7328587E-04 -0.2859112E-05  0.2361367E+00 -0.1896637E-01  0.1050077E+01
  0.2128472E+02 -0.7530728E-02  0.1138747E+00 -0.7819366E-02 -0.4583262E-01  0.2173459E-01  0.6991143E+00  0.1599270E-03 -0.2085726E-05  0.2364237E+00 -0.3585889E-02  0.1006537E+01
  0.2130208E+02 -0.7524637E-02  0.1139177E+00 -0.7824747E-02 -0.4586244E-01  0.2246984E-01  0.6410368E+00  0.1010721E-03 -0.2806748E-06  0.2361111E+00  0.1617847E-01  0.9686030E+00
  0.2131944E+02 -0.7516512E-02  0.1139614E+00 -0.7829373E-02 -0.4589485E-01  0.2220943E-01  0.6420479E+00  0.6956191E-04 -0.5209085E-06  0.2354712E+00  0.1922852E-01  0.9717468E+00
  0.2133681E+02 -0.7510748E-02  0.1140062E+00 -0.7833662E-02 -0.4592527E-01  0.2108257E-01  0.6645061E+00 -0.4125344E-04 -0.3754253E-06  0.2349595E+00  0.5398717E-02  0.9786417E+00
  0.2135417E+02 -0.7507999E-02  0.1140517E+00 -0.7838175E-02 -0.4595268E-01  0.1975599E-01  0.7179874E+00 -0.2439763E-03 -0.1893363E-06  0.2347771E+00 -0.7229282E-02  0.1017800E+01
  0.2137153E+02 -0.7506197E-02  0.1140971E+00 -0.7843295E-02 -0.4597891E-01  0.1914480E-01  0.7795478E+00 -0.2542311E-03  0.9577877E-06  0.2349716E+00 -0.1083265E-01  0.1075347E+01
  0.2138889E+02 -0.7504281E-02  0.1141419E+00 -0.7849128E-02 -0.4600517E-01  0.1975618E-01  0.8226099E+00 -0.8185005E-04  0.2841466E-05  0.2353430E+00 -0.9184649E-02  0.1121229E+01
  0.2140625E+02 -0.7501053E-02  0.1141862E+00 -0.7855397E-02 -0.4603281E-01  0.2131293E-01  0.8048149E+00  0.1903584E-03  0.3409920E-05  0.2357451E+00 -0.5264241E-02  0.1109599E+01
  0.2142361E+02 -0.7497450E-02  0.1142309E+00 -0.7861584E-02 -0.4606126E-01  0.2265248E-01  0.7550539E+00  0.2617398E-03  0.8368669E-06  0.2359547E+00 -0.1419607E-02  0.1065315E+01
  0.2144097E+02 -0.7494409E-02  0.1142764E+00 -0.7867474E-02 -0.4608976E-01  0.2286544E-01  0.6964398E+00  0.1729962E-03 -0.4392366E-05  0.2359383E+00 -0.1642460E-02  0.1006594E+01
  0.2145833E+02 -0.7491637E-02  0.1143226E+00 -0.7873110E-02 -0.4611844E-01  0.2206749E-01  0.6662705E+00 -0.5217122E-04 -0.5721979E-05  0.2357331E+00 -0.2375728E-02  0.9744769E+00
  0.2147569E+02 -0.7487260E-02  0.1143690E+00 -0.7878626E-02 -0.4614888E-01  0.2109831E-01  0.6605235E+00 -0.2340404E-03 -0.2996022E-05  0.2354411E+00  0.2640377E-02  0.9723205E+00
  0.2149306E+02 -0.7482253E-02  0.1144148E+00 -0.7884285E-02 -0.4617899E-01  0.2069703E-01  0.6543959E+00 -0.1024015E-03  0.2559919E-05  0.2353222E+00  0.6286574E-02  0.9694712E+00
  0.2151042E+02 -0.7476608E-02  0.1144592E+00 -0.7889673E-02 -0.4620856E-01  0.2091990E-01  0.6565448E+00  0.1911234E-03  0.8595222E-05  0.2352367E+00  0.6812066E-02  0.9725975E+00
  0.2152778E+02 -0.7471010E-02  0.1145030E+00 -0.7894354E-02 -0.4623783E-01  0.2100811E-01  0.7067401E+00  0.1777035E-03  0.6332416E-05  0.2349308E+00  0.6127092E-02  0.1021890E+01
  0.2154514E+02 -0.7469781E-02  0.1145475E+00 -0.7898883E-02 -0.4626320E-01  0.2036524E-01  0.7983430E+00 -0.9957439E-04  0.8278092E-06  0.2349302E+00 -0.7137664E-02  0.1099318E+01
  0.2156250E+02 -0.7473735E-02  0.1145934E+00 -0.7904118E-02 -0.4628415E-01  0.1965140E-01  0.8644437E+00 -0.3712362E-03 -0.2577141E-05  0.2355898E+00 -0.2440171E-01  0.1147841E+01
  0.2157986E+02 -0.7473695E-02  0.1146394E+00 -0.7910120E-02 -0.4630970E-01  0.2022121E-01  0.8489233E+00 -0.2555876E-03 -0.5058778E-05  0.2361372E+00 -0.2050527E-01  0.1137462E+01
  0.2159722E+02 -0.7466053E-02  0.1146840E+00 -0.7916492E-02 -0.4634212E-01  0.2242878E-01  0.7569171E+00  0.4038660E-04 -0.3365507E-05  0.2357757E+00  0.3822759E-02  0.1071941E+01
  0.2161458E+02 -0.7454787E-02  0.1147268E+00 -0.7922760E-02 -0.4637723E-01  0.2474446E-01  0.6523134E+00  0.4299403E-03 -0.1345768E-06  0.2349683E+00  0.2220388E-01  0.9876319E+00
  0.2163194E+02 -0.7446867E-02  0.1147690E+00 -0.7928568E-02 -0.4640836E-01  0.2512288E-01  0.5805785E+00  0.6463208E-03  0.1919787E-05  0.2347599E+00  0.1541934E-01  0.9095140E+00
  0.2164931E+02 -0.7445232E-02  0.1148122E+00 -0.7933762E-02 -0.4643325E-01  0.2275810E-01  0.5688366E+00  0.2669831E-03  0.2997209E-05  0.2352683E+00 -0.4395634E-02  0.8757373E+00
  0.2166667E+02 -0.7448892E-02  0.1148573E+00 -0.7938829E-02 -0.4645348E-01  0.1891958E-01  0.6303781E+00 -0.3651815E-03  0.4004185E-05  0.2359634E+00 -0.1799395E-01  0.9199220E+00
  0.2168403E+02 -0.7452353E-02  0.1149034E+00 -0.7944213E-02 -0.4647432E-01  0.1626654E-01  0.7443169E+00 -0.7466689E-03  0.4684022E-05  0.2363876E+00 -0.1859891E-01  0.1030663E+01
  0.2170139E+02 -0.7449946E-02  0.1149487E+00 -0.7949840E-02 -0.4650108E-01  0.1685782E-01  0.8596396E+00 -0.7016652E-03  0.2168247E-05  0.2360965E+00 -0.3097273E-02  0.1161845E+01
  0.2171875E+02 -0.7438852E-02  0.1149926E+00 -0.7955581E-02 -0.4653645E-01  0.2060085E-01  0.9121251E+00 -0.5471027E-04 -0.1475203E-05  0.2350898E+00  0.1622295E-01  0.1237044E+01
  0.2173611E+02 -0.7426452E-02  0.1150356E+00 -0.7961338E-02 -0.4657293E-01  0.2512683E-01  0.8603927E+00  0.6146546E-03 -0.3213086E-05  0.2340870E+00  0.1873358E-01  0.1192026E+01
  0.2175347E+02 -0.7419803E-02  0.1150791E+00 -0.7966870E-02 -0.4660370E-01  0.2744684E-01  0.7347190E+00  0.8287837E-03 -0.1961468E-05  0.2338997E+00  0.2740135E-02  0.1052721E+01
  0.2177083E+02 -0.7420923E-02  0.1151242E+00 -0.7972086E-02 -0.4662705E-01  0.2622045E-01  0.6280177E+00  0.3485409E-03 -0.1832376E-05  0.2344831E+00 -0.1379266E-01  0.9283794E+00
  0.2178819E+02 -0.7425616E-02  0.1151709E+00 -0.7977311E-02 -0.4664719E-01  0.2247809E-01  0.5639463E+00 -0.2037888E-03 -0.2486925E-05  0.2354645E+00 -0.1690270E-01  0.8579007E+00
  0.2180556E+02 -0.7427613E-02  0.1152180E+00 -0.7982840E-02 -0.4666996E-01  0.1858905E-01  0.5810626E+00 -0.4861014E-03  0.5995317E-06  0.2363692E+00 -0.1205722E-01  0.8766157E+00
  0.2182292E+02 -0.7425013E-02  0.1152641E+00 -0.7988855E-02 -0.4669681E-01  0.1685495E-01  0.6524431E+00 -0.4968620E-03  0.4493342E-05  0.2367751E+00  0.5380198E-03  0.9592723E+00
  0.2184028E+02 -0.7415933E-02  0.1153092E+00 -0.7995165E-02 -0.4673037E-01  0.1798722E-01  0.7546931E+00 -0.1888086E-03  0.6453594E-05  0.2363672E+00  0.1635693E-01  0.1078390E+01
  0.2185764E+02 -0.7404767E-02  0.1153539E+00 -0.8001482E-02 -0.4676646E-01  0.2088118E-01  0.8442493E+00  0.1275892E-03  0.5205161E-05  0.2353573E+00  0.1905868E-01  0.1172860E+01
  0.2187500E+02 -0.7396664E-02  0.1153993E+00 -0.8007252E-02 -0.4680003E-01  0.2376943E-01  0.8727644E+00  0.2681580E-03 -0.1661613E-06  0.2342888E+00  0.9213087E-02  0.1193499E+01
