  0.1892361E+01 -0.8755399E-02  0.4567992E-01 -0.1042410E-02 -0.4072226E-02 -0.1552529E-02  0.1031625E+01  0.2395274E-05 -0.1028601E-05  0.7430512E-01 -0.1304373E+00  0.1005752E+01
  0.1909722E+01 -0.8776409E-02  0.4578523E-01 -0.1049302E-02 -0.4115851E-02 -0.1570599E-02  0.1031560E+01  0.1615847E-04 -0.1820589E-05  0.7513146E-01 -0.1282654E+00  0.1008713E+01
  0.1927083E+01 -0.8796330E-02  0.4588878E-01 -0.1056159E-02 -0.4159400E-02 -0.1569035E-02  0.1029799E+01  0.2943981E-04 -0.2638757E-05  0.7605914E-01 -0.1273277E+00  0.1008865E+01
  0.1944444E+01 -0.8815924E-02  0.4599079E-01 -0.1062977E-02 -0.4202281E-02 -0.1561176E-02  0.1025182E+01  0.4164465E-04 -0.2069547E-05  0.7709056E-01 -0.1267344E+00  0.1005926E+01
  0.1961806E+01 -0.8835150E-02  0.4609142E-01 -0.1069731E-02 -0.4244798E-02 -0.1557744E-02  0.1021452E+01  0.1555817E-04 -0.1030958E-05  0.7806299E-01 -0.1251833E+00  0.1004730E+01
  0.1979167E+01 -0.8853500E-02  0.4619059E-01 -0.1076459E-02 -0.4287284E-02 -0.1569147E-02  0.1021216E+01  0.5428285E-05 -0.7245269E-06  0.7883983E-01 -0.1225473E+00  0.1007917E+01
  0.1996528E+01 -0.8871001E-02  0.4628838E-01 -0.1083173E-02 -0.4329932E-02 -0.1601279E-02  0.1020996E+01  0.1559066E-04 -0.1024359E-05  0.7953029E-01 -0.1205812E+00  0.1010363E+01
  0.2013889E+01 -0.8887759E-02  0.4638506E-01 -0.1089856E-02 -0.4372724E-02 -0.1643826E-02  0.1018395E+01  0.2538512E-04 -0.1573488E-05  0.8028477E-01 -0.1196566E+00  0.1009437E+01
  0.2031250E+01 -0.8903847E-02  0.4648073E-01 -0.1096483E-02 -0.4415540E-02 -0.1664482E-02  0.1015504E+01  0.2206693E-04 -0.4173984E-05  0.8114706E-01 -0.1186312E+00  0.1008438E+01
  0.2048611E+01 -0.8919241E-02  0.4657512E-01 -0.1103061E-02 -0.4458324E-02 -0.1631515E-02  0.1010565E+01  0.3535564E-04 -0.4926016E-05  0.8209539E-01 -0.1164451E+00  0.1006709E+01
  0.2065972E+01 -0.8933766E-02  0.4666804E-01 -0.1109568E-02 -0.4501082E-02 -0.1565154E-02  0.1001141E+01  0.4949558E-04 -0.2216424E-05  0.8304070E-01 -0.1130076E+00  0.1001780E+01
  0.2083333E+01 -0.8947993E-02  0.4675965E-01 -0.1116005E-02 -0.4543401E-02 -0.1522312E-02  0.9964316E+00  0.9340974E-06 -0.1391895E-05  0.8381662E-01 -0.1097905E+00  0.1001087E+01
  0.2100694E+01 -0.8961989E-02  0.4685013E-01 -0.1122457E-02 -0.4585214E-02 -0.1545424E-02  0.1002878E+01 -0.2900923E-04 -0.4416354E-05  0.8446505E-01 -0.1083588E+00  0.1009586E+01
  0.2118056E+01 -0.8975895E-02  0.4693994E-01 -0.1128975E-02 -0.4626806E-02 -0.1616467E-02  0.1010802E+01 -0.1743276E-05 -0.4461415E-05  0.8519696E-01 -0.1090006E+00  0.1017584E+01
  0.2135417E+01 -0.8989622E-02  0.4702912E-01 -0.1135496E-02 -0.4668298E-02 -0.1670922E-02  0.1009056E+01  0.3719333E-04 -0.1246881E-05  0.8607806E-01 -0.1104161E+00  0.1015318E+01
  0.2152778E+01 -0.9002070E-02  0.4711734E-01 -0.1141904E-02 -0.4710572E-02 -0.1679469E-02  0.9978505E+00  0.6693772E-04  0.2204640E-05  0.8697425E-01 -0.1099135E+00  0.1005564E+01
  0.2170139E+01 -0.9013236E-02  0.4720423E-01 -0.1148178E-02 -0.4753233E-02 -0.1663162E-02  0.9840541E+00  0.5071299E-04  0.2809058E-06  0.8778274E-01 -0.1057344E+00  0.9967798E+00
  0.2187500E+01 -0.9023982E-02  0.4728983E-01 -0.1154382E-02 -0.4795516E-02 -0.1642877E-02  0.9793993E+00 -0.9382975E-05 -0.4272444E-05  0.8854219E-01 -0.1006625E+00  0.9979384E+00
  0.2204861E+01 -0.9035144E-02  0.4737444E-01 -0.1160613E-02 -0.4836905E-02 -0.1602625E-02  0.9836295E+00 -0.2509800E-04 -0.6640486E-05  0.8928247E-01 -0.9817808E-01  0.1005441E+01
  0.2222222E+01 -0.9046535E-02  0.4745836E-01 -0.1166873E-02 -0.4877808E-02 -0.1537176E-02  0.9875248E+00 -0.5058326E-05 -0.6042128E-05  0.8996991E-01 -0.9808583E-01  0.1010228E+01
  0.2239583E+01 -0.9057377E-02  0.4754180E-01 -0.1173135E-02 -0.4918994E-02 -0.1499337E-02  0.9870505E+00  0.3259516E-04 -0.1980793E-05  0.9067239E-01 -0.9900656E-01  0.1009640E+01
  0.2256944E+01 -0.9066973E-02  0.4762460E-01 -0.1179351E-02 -0.4960921E-02 -0.1541081E-02  0.9842095E+00  0.3604647E-04  0.3434797E-06  0.9143460E-01 -0.9933513E-01  0.1007222E+01
  0.2274306E+01 -0.9075414E-02  0.4770668E-01 -0.1185524E-02 -0.5003558E-02 -0.1638410E-02  0.9814968E+00  0.1917469E-04 -0.2211051E-06  0.9225126E-01 -0.9790773E-01  0.1006663E+01
  0.2291667E+01 -0.9083721E-02  0.4778798E-01 -0.1191667E-02 -0.5046125E-02 -0.1697280E-02  0.9801511E+00 -0.1726714E-04 -0.1590186E-05  0.9309211E-01 -0.9456975E-01  0.1009424E+01
  0.2309028E+01 -0.9092375E-02  0.4786863E-01 -0.1197799E-02 -0.5088227E-02 -0.1654975E-02  0.9793126E+00 -0.9312833E-05 -0.8665122E-06  0.9387933E-01 -0.9190750E-01  0.1012110E+01
  0.2326389E+01 -0.9100781E-02  0.4794873E-01 -0.1203919E-02 -0.5130212E-02 -0.1573605E-02  0.9734514E+00  0.4466422E-04 -0.3223525E-05  0.9464223E-01 -0.9211109E-01  0.1006964E+01
  0.2343750E+01 -0.9108214E-02  0.4802831E-01 -0.1209956E-02 -0.5172774E-02 -0.1556439E-02  0.9634168E+00  0.5751104E-04 -0.3898549E-05  0.9540322E-01 -0.9245566E-01  0.9973990E+00
  0.2361111E+01 -0.9114584E-02  0.4810755E-01 -0.1215903E-02 -0.5216324E-02 -0.1612018E-02  0.9568943E+00  0.2868190E-04 -0.7911031E-06  0.9610580E-01 -0.9042412E-01  0.9935526E+00
  0.2378472E+01 -0.9120836E-02  0.4818660E-01 -0.1221800E-02 -0.5260096E-02 -0.1634376E-02  0.9599845E+00 -0.3958582E-04  0.6507043E-07  0.9672486E-01 -0.8712942E-01  0.1000490E+01
  0.2395833E+01 -0.9127019E-02  0.4826559E-01 -0.1227757E-02 -0.5304142E-02 -0.1563516E-02  0.9710331E+00 -0.5287041E-04 -0.1598505E-05  0.9736003E-01 -0.8521932E-01  0.1014163E+01
  0.2413194E+01 -0.9132963E-02  0.4834455E-01 -0.1233817E-02 -0.5348411E-02 -0.1472126E-02  0.9795562E+00 -0.1301040E-04 -0.8107107E-06  0.9809960E-01 -0.8554281E-01  0.1023256E+01
  0.2430556E+01 -0.9138468E-02  0.4842346E-01 -0.1239933E-02 -0.5392972E-02 -0.1460125E-02  0.9769875E+00  0.4291468E-04 -0.7454705E-06  0.9894910E-01 -0.8711295E-01  0.1020058E+01
  0.2447917E+01 -0.9143324E-02  0.4850217E-01 -0.1245983E-02 -0.5438206E-02 -0.1555545E-02  0.9652382E+00  0.5969812E-04 -0.2787059E-05  0.9981930E-01 -0.8752656E-01  0.1008707E+01
  0.2465278E+01 -0.9147571E-02  0.4858042E-01 -0.1251904E-02 -0.5483832E-02 -0.1677112E-02  0.9539231E+00  0.3275191E-04  0.2552424E-06  0.1005935E+00 -0.8560269E-01  0.9999669E+00
  0.2482639E+01 -0.9151599E-02  0.4865834E-01 -0.1257730E-02 -0.5529569E-02 -0.1713448E-02  0.9457985E+00  0.3077297E-04  0.5637281E-06  0.1012809E+00 -0.8265300E-01  0.9954637E+00
  0.2500000E+01 -0.9155458E-02  0.4873614E-01 -0.1263469E-02 -0.5575578E-02 -0.1631251E-02  0.9412155E+00 -0.1593562E-05 -0.1750636E-05  0.1019196E+00 -0.7928422E-01  0.9949579E+00
