  0.2517361E+01 -0.2178853E+01 -0.5803385E-01 -0.2524181E+00  0.2249213E+00 -0.6211115E-01 -0.6729689E-01 -0.2749820E-03 -0.1198439E-03  0.5066576E-05  0.1573963E+01 -0.8202185E+00 -0.8275664E+00
  0.2534722E+01 -0.2186402E+01 -0.5108250E-01 -0.2521692E+00  0.2147608E+00 -0.5918161E-01 -0.6724587E-01 -0.2692457E-03 -0.1298589E-03  0.2857402E-04  0.1573692E+01 -0.8279984E+00 -0.8276661E+00
  0.2552083E+01 -0.2192645E+01 -0.4586622E-01 -0.2518055E+00  0.2067310E+00 -0.5578907E-01 -0.6717040E-01 -0.2636255E-03 -0.8082433E-04  0.4384113E-04  0.1573421E+01 -0.8334245E+00 -0.8277201E+00
  0.2569444E+01 -0.2194668E+01 -0.4436100E-01 -0.2513661E+00  0.2036767E+00 -0.5417001E-01 -0.6708389E-01 -0.2582463E-03 -0.1124867E-04  0.4297775E-04  0.1573150E+01 -0.8350489E+00 -0.8277791E+00
  0.2586806E+01 -0.2192460E+01 -0.4686238E-01 -0.2510306E+00  0.2081332E+00 -0.5490595E-01 -0.6700238E-01 -0.2533671E-03  0.7577147E-04  0.2252545E-04  0.1572879E+01 -0.8314042E+00 -0.8278827E+00
  0.2604167E+01 -0.2187696E+01 -0.5191022E-01 -0.2509430E+00  0.2196838E+00 -0.5766328E-01 -0.6694069E-01 -0.2486726E-03  0.1194404E-03 -0.6686463E-05  0.1572613E+01 -0.8229925E+00 -0.8280023E+00
  0.2621528E+01 -0.2181944E+01 -0.5684283E-01 -0.2510533E+00  0.2290212E+00 -0.6158586E-01 -0.6690430E-01 -0.2436058E-03  0.7419932E-04 -0.1483287E-04  0.1572354E+01 -0.8171394E+00 -0.8281198E+00
  0.2638889E+01 -0.2178652E+01 -0.5916475E-01 -0.2511717E+00  0.2304149E+00 -0.6409877E-01 -0.6688487E-01 -0.2383328E-03 -0.3856328E-05  0.7219398E-05  0.1572095E+01 -0.8176973E+00 -0.8282417E+00
  0.2656250E+01 -0.2180102E+01 -0.5789318E-01 -0.2511544E+00  0.2265415E+00 -0.6360320E-01 -0.6686671E-01 -0.2332928E-03 -0.6631354E-04  0.2956407E-04  0.1571832E+01 -0.8215164E+00 -0.8283582E+00
  0.2673611E+01 -0.2185598E+01 -0.5383571E-01 -0.2509748E+00  0.2214527E+00 -0.6122442E-01 -0.6683590E-01 -0.2284541E-03 -0.8555780E-04  0.3147998E-04  0.1571566E+01 -0.8257323E+00 -0.8284619E+00
  0.2690972E+01 -0.2192717E+01 -0.4892370E-01 -0.2506837E+00  0.2166325E+00 -0.5756803E-01 -0.6678668E-01 -0.2234047E-03 -0.8080895E-04  0.2790327E-04  0.1571302E+01 -0.8290211E+00 -0.8285534E+00
  0.2708333E+01 -0.2199116E+01 -0.4519528E-01 -0.2503808E+00  0.2131934E+00 -0.5343179E-01 -0.6672311E-01 -0.2181188E-03 -0.3829069E-04  0.1738240E-04  0.1571040E+01 -0.8308524E+00 -0.8286199E+00
  0.2725694E+01 -0.2201959E+01 -0.4384692E-01 -0.2501190E+00  0.2130842E+00 -0.5130363E-01 -0.6665432E-01 -0.2130549E-03  0.1351910E-06  0.7550151E-05  0.1570783E+01 -0.8302219E+00 -0.8286772E+00
  0.2743056E+01 -0.2199901E+01 -0.4497709E-01 -0.2498784E+00  0.2147908E+00 -0.5248937E-01 -0.6658916E-01 -0.2087752E-03  0.2512978E-04  0.1992559E-05  0.1570526E+01 -0.8287000E+00 -0.8287510E+00
  0.2760417E+01 -0.2194437E+01 -0.4780194E-01 -0.2496720E+00  0.2174070E+00 -0.5634908E-01 -0.6653445E-01 -0.2047847E-03  0.5513353E-04  0.5001251E-06  0.1570268E+01 -0.8272686E+00 -0.8288301E+00
  0.2777778E+01 -0.2189515E+01 -0.5089853E-01 -0.2495226E+00  0.2218212E+00 -0.6086961E-01 -0.6649413E-01 -0.2004212E-03  0.5159127E-04  0.1054303E-04  0.1570009E+01 -0.8256085E+00 -0.8288915E+00
  0.2795139E+01 -0.2188086E+01 -0.5266117E-01 -0.2494100E+00  0.2267477E+00 -0.6366377E-01 -0.6646593E-01 -0.1955971E-03  0.1531056E-04  0.2480430E-04  0.1569751E+01 -0.8239443E+00 -0.8289310E+00
  0.2812500E+01 -0.2190566E+01 -0.5208169E-01 -0.2492911E+00  0.2288212E+00 -0.6336160E-01 -0.6644059E-01 -0.1902631E-03 -0.3364434E-04  0.3197504E-04  0.1569494E+01 -0.8236178E+00 -0.8289668E+00
  0.2829861E+01 -0.2195608E+01 -0.4947643E-01 -0.2491401E+00  0.2275229E+00 -0.6054209E-01 -0.6640577E-01 -0.1849462E-03 -0.5753688E-04  0.2381958E-04  0.1569238E+01 -0.8246293E+00 -0.8289911E+00
  0.2847222E+01 -0.2200917E+01 -0.4639014E-01 -0.2489937E+00  0.2242146E+00 -0.5689341E-01 -0.6635577E-01 -0.1803912E-03 -0.5198444E-04  0.7649763E-05  0.1568984E+01 -0.8265767E+00 -0.8290073E+00
  0.2864583E+01 -0.2204255E+01 -0.4438242E-01 -0.2488666E+00  0.2204416E+00 -0.5354357E-01 -0.6629751E-01 -0.1765747E-03 -0.1764948E-04 -0.7258299E-05  0.1568730E+01 -0.8283757E+00 -0.8290088E+00
  0.2881944E+01 -0.2204733E+01 -0.4380593E-01 -0.2486569E+00  0.2180114E+00 -0.5177955E-01 -0.6624290E-01 -0.1728260E-03  0.1925318E-05 -0.2140655E-05  0.1568477E+01 -0.8289028E+00 -0.8289957E+00
  0.2899306E+01 -0.2204198E+01 -0.4402791E-01 -0.2483230E+00  0.2172606E+00 -0.5199258E-01 -0.6619683E-01 -0.1687270E-03  0.4121148E-05  0.1906560E-04  0.1568224E+01 -0.8293990E+00 -0.8289976E+00
  0.2916667E+01 -0.2203593E+01 -0.4436640E-01 -0.2480069E+00  0.2190847E+00 -0.5369231E-01 -0.6615651E-01 -0.1641234E-03  0.8581083E-05  0.2984993E-04  0.1567969E+01 -0.8288871E+00 -0.8289938E+00
  0.2934028E+01 -0.2203393E+01 -0.4451584E-01 -0.2478231E+00  0.2235569E+00 -0.5595196E-01 -0.6611706E-01 -0.1591317E-03  0.8446464E-05  0.2681969E-04  0.1567715E+01 -0.8266531E+00 -0.8289417E+00
  0.2951389E+01 -0.2204095E+01 -0.4451781E-01 -0.2477185E+00  0.2285211E+00 -0.5769004E-01 -0.6607478E-01 -0.1539813E-03  0.5061568E-06  0.1472715E-04  0.1567464E+01 -0.8242499E+00 -0.8288550E+00
  0.2968750E+01 -0.2203568E+01 -0.4464442E-01 -0.2475752E+00  0.2311722E+00 -0.5920982E-01 -0.6602803E-01 -0.1491536E-03  0.1944112E-05 -0.2766665E-05  0.1567216E+01 -0.8227873E+00 -0.8287692E+00
  0.2986111E+01 -0.2200763E+01 -0.4513867E-01 -0.2473311E+00  0.2302104E+00 -0.6112583E-01 -0.6597934E-01 -0.1451915E-03  0.2935134E-05 -0.5254193E-05  0.1566969E+01 -0.8233057E+00 -0.8287209E+00
  0.3003472E+01 -0.2198638E+01 -0.4585780E-01 -0.2470388E+00  0.2258168E+00 -0.6178244E-01 -0.6593477E-01 -0.1418776E-03 -0.1324339E-04  0.1859119E-04  0.1566719E+01 -0.8268520E+00 -0.8287336E+00
  0.3020833E+01 -0.2200756E+01 -0.4611485E-01 -0.2467869E+00  0.2232302E+00 -0.5841339E-01 -0.6589832E-01 -0.1385107E-03 -0.2458941E-05  0.2776652E-04  0.1566464E+01 -0.8283888E+00 -0.8287447E+00
  0.3038194E+01 -0.2207609E+01 -0.4519660E-01 -0.2465873E+00  0.2249205E+00 -0.5258342E-01 -0.6586696E-01 -0.1344602E-03 -0.6143250E-06  0.1620095E-04  0.1566210E+01 -0.8268313E+00 -0.8286871E+00
  0.3055556E+01 -0.2214538E+01 -0.4319869E-01 -0.2464537E+00  0.2268124E+00 -0.4796293E-01 -0.6583242E-01 -0.1295546E-03 -0.2014566E-04  0.1477229E-04  0.1565960E+01 -0.8253483E+00 -0.8285683E+00
  0.3072917E+01 -0.2217698E+01 -0.4101049E-01 -0.2463653E+00  0.2278769E+00 -0.4721181E-01 -0.6578958E-01 -0.1244699E-03 -0.2503224E-04  0.1369963E-04  0.1565712E+01 -0.8246223E+00 -0.8284298E+00
  0.3090278E+01 -0.2215145E+01 -0.3962063E-01 -0.2462249E+00  0.2290224E+00 -0.5183863E-01 -0.6573924E-01 -0.1201183E-03 -0.7841423E-05  0.2885396E-06  0.1565465E+01 -0.8242083E+00 -0.8283032E+00
  0.3107639E+01 -0.2207420E+01 -0.3952222E-01 -0.2459862E+00  0.2275257E+00 -0.5927144E-01 -0.6568684E-01 -0.1166526E-03 -0.1277926E-04  0.3443422E-05  0.1565219E+01 -0.8252671E+00 -0.8282245E+00
  0.3125000E+01 -0.2200942E+01 -0.4054959E-01 -0.2456714E+00  0.2241502E+00 -0.6381230E-01 -0.6563864E-01 -0.1134094E-03 -0.9568656E-05  0.2332261E-04  0.1564971E+01 -0.8275924E+00 -0.8281845E+00
