  0.1876736E+02 -0.8082717E-02  0.1066334E+00 -0.6978436E-02 -0.4129050E-01  0.1776497E-01  0.7049543E+00  0.3321433E-04  0.1947274E-06  0.2381716E+00  0.8189459E-02  0.1019395E+01
  0.1878472E+02 -0.8077644E-02  0.1066840E+00 -0.6985236E-02 -0.4132368E-01  0.1809441E-01  0.6990807E+00  0.1164185E-03  0.6765898E-06  0.2382920E+00  0.6791716E-02  0.1012673E+01
  0.1880208E+02 -0.8072791E-02  0.1067343E+00 -0.6992021E-02 -0.4135668E-01  0.1807441E-01  0.7081805E+00  0.1371363E-03  0.1798403E-05  0.2383388E+00 -0.2922633E-02  0.1012123E+01
  0.1881944E+02 -0.8071133E-02  0.1067852E+00 -0.6998585E-02 -0.4138634E-01  0.1761412E-01  0.7193323E+00  0.5139949E-04  0.1454830E-05  0.2385681E+00 -0.1622384E-01  0.1009673E+01
  0.1883681E+02 -0.8071695E-02  0.1068370E+00 -0.7004778E-02 -0.4141401E-01  0.1703015E-01  0.7447098E+00 -0.1926477E-03 -0.2078771E-06  0.2386866E+00 -0.1833849E-01  0.1032242E+01
  0.1885417E+02 -0.8071223E-02  0.1068893E+00 -0.7010581E-02 -0.4144313E-01  0.1695452E-01  0.7769283E+00 -0.2835885E-03 -0.2081332E-08  0.2384447E+00 -0.9424202E-02  0.1072984E+01
  0.1887153E+02 -0.8067191E-02  0.1069412E+00 -0.7016165E-02 -0.4147591E-01  0.1761172E-01  0.7827168E+00 -0.5034199E-04  0.1519608E-05  0.2380420E+00  0.3670796E-03  0.1089071E+01
  0.1888889E+02 -0.8058972E-02  0.1069927E+00 -0.7021294E-02 -0.4151295E-01  0.1866178E-01  0.7491337E+00  0.1761473E-03  0.3159119E-05  0.2376293E+00  0.7937733E-02  0.1063941E+01
  0.1890625E+02 -0.8049848E-02  0.1070439E+00 -0.7026015E-02 -0.4155095E-01  0.1937035E-01  0.7147378E+00  0.1709068E-03  0.2799460E-05  0.2372976E+00  0.1199980E-01  0.1033996E+01
  0.1892361E+02 -0.8043911E-02  0.1070954E+00 -0.7030994E-02 -0.4158569E-01  0.1921472E-01  0.6869098E+00  0.1878199E-03 -0.1002348E-05  0.2374606E+00  0.4543156E-02  0.9987500E+00
  0.1894097E+02 -0.8044067E-02  0.1071476E+00 -0.7036615E-02 -0.4161419E-01  0.1828272E-01  0.6692154E+00  0.1169766E-03 -0.4581154E-05  0.2379965E+00 -0.9915616E-02  0.9661441E+00
  0.1895833E+02 -0.8046826E-02  0.1072002E+00 -0.7042777E-02 -0.4164023E-01  0.1712663E-01  0.6747996E+00 -0.9054445E-04 -0.4376538E-05  0.2384098E+00 -0.1442406E-01  0.9662875E+00
  0.1897569E+02 -0.8047765E-02  0.1072534E+00 -0.7049479E-02 -0.4166842E-01  0.1639089E-01  0.7038382E+00 -0.2858839E-03 -0.1975561E-05  0.2385355E+00 -0.8221906E-02  0.1000742E+01
  0.1899306E+02 -0.8044451E-02  0.1073067E+00 -0.7056626E-02 -0.4170127E-01  0.1647846E-01  0.7593634E+00 -0.2878805E-03  0.1178404E-05  0.2383893E+00 -0.1764421E-02  0.1062684E+01
  0.1901042E+02 -0.8036669E-02  0.1073594E+00 -0.7063763E-02 -0.4173845E-01  0.1743362E-01  0.8058862E+00 -0.4686766E-04  0.4270782E-05  0.2380693E+00  0.6347163E-03  0.1112502E+01
  0.1902778E+02 -0.8026966E-02  0.1074114E+00 -0.7070279E-02 -0.4177716E-01  0.1877946E-01  0.8046541E+00  0.1556741E-03  0.3821382E-05  0.2376338E+00  0.3256851E-02  0.1115021E+01
  0.1904514E+02 -0.8019341E-02  0.1074631E+00 -0.7075982E-02 -0.4181342E-01  0.1960169E-01  0.7665072E+00  0.2398842E-03 -0.4295065E-06  0.2372117E+00  0.3626396E-02  0.1077741E+01
  0.1906250E+02 -0.8016285E-02  0.1075154E+00 -0.7080950E-02 -0.4184520E-01  0.1937676E-01  0.7267679E+00  0.2211258E-03 -0.4448495E-05  0.2372611E+00 -0.6563665E-02  0.1027632E+01
  0.1907986E+02 -0.8018320E-02  0.1075685E+00 -0.7085472E-02 -0.4187223E-01  0.1839898E-01  0.6901237E+00  0.1605151E-04 -0.6655454E-05  0.2377413E+00 -0.1604946E-01  0.9808164E+00
  0.1909722E+02 -0.8020332E-02  0.1076224E+00 -0.7090103E-02 -0.4189976E-01  0.1738990E-01  0.6659180E+00 -0.1499831E-03 -0.4980148E-05  0.2381100E+00 -0.1114845E-01  0.9607268E+00
  0.1911458E+02 -0.8017730E-02  0.1076760E+00 -0.7095219E-02 -0.4193204E-01  0.1691543E-01  0.6712154E+00 -0.1422619E-03 -0.1932740E-05  0.2380692E+00  0.2107079E-02  0.9787939E+00
  0.1913194E+02 -0.8010884E-02  0.1077286E+00 -0.7101021E-02 -0.4196814E-01  0.1713274E-01  0.6991810E+00 -0.8845994E-04  0.1437513E-06  0.2376458E+00  0.1485087E-01  0.1019371E+01
  0.1914931E+02 -0.8001706E-02  0.1077801E+00 -0.7107460E-02 -0.4200608E-01  0.1776631E-01  0.7350661E+00  0.2614917E-04  0.1811714E-05  0.2372256E+00  0.1485026E-01  0.1055601E+01
  0.1916667E+02 -0.7995122E-02  0.1078315E+00 -0.7114522E-02 -0.4204116E-01  0.1832260E-01  0.7724519E+00  0.8270852E-04  0.2016867E-05  0.2372251E+00 -0.1968668E-02  0.1076796E+01
  0.1918403E+02 -0.7992742E-02  0.1078836E+00 -0.7121909E-02 -0.4207208E-01  0.1845113E-01  0.8129397E+00 -0.4461924E-04 -0.5975428E-06  0.2374619E+00 -0.1760306E-01  0.1101901E+01
  0.1920139E+02 -0.7992497E-02  0.1079367E+00 -0.7129070E-02 -0.4210137E-01  0.1837801E-01  0.8141285E+00 -0.7464815E-04 -0.5740074E-05  0.2378295E+00 -0.2155280E-01  0.1099416E+01
  0.1921875E+02 -0.7991652E-02  0.1079899E+00 -0.7135431E-02 -0.4213150E-01  0.1842285E-01  0.7601906E+00  0.2100810E-04 -0.7498591E-05  0.2380582E+00 -0.1380329E-01  0.1053613E+01
  0.1923611E+02 -0.7987491E-02  0.1080420E+00 -0.7140675E-02 -0.4216452E-01  0.1861943E-01  0.6809101E+00  0.1745827E-03 -0.5500452E-05  0.2378396E+00  0.1110055E-02  0.9893976E+00
  0.1925347E+02 -0.7981227E-02  0.1080929E+00 -0.7145044E-02 -0.4219890E-01  0.1853912E-01  0.6355847E+00  0.1720005E-03 -0.3184815E-05  0.2372874E+00  0.1476562E-01  0.9571133E+00
  0.1927083E+02 -0.7974754E-02  0.1081433E+00 -0.7149091E-02 -0.4223341E-01  0.1798106E-01  0.6482269E+00  0.2391267E-05  0.1035072E-05  0.2367141E+00  0.1808280E-01  0.9717944E+00
  0.1928819E+02 -0.7970700E-02  0.1081941E+00 -0.7153604E-02 -0.4226553E-01  0.1738575E-01  0.7091790E+00 -0.1401529E-03  0.4081660E-05  0.2365515E+00  0.5897989E-02  0.1019682E+01
  0.1930556E+02 -0.7968794E-02  0.1082453E+00 -0.7159042E-02 -0.4229559E-01  0.1733099E-01  0.7646518E+00 -0.1988683E-03  0.1674348E-05  0.2369042E+00 -0.9726789E-02  0.1059785E+01
  0.1932292E+02 -0.7966722E-02  0.1082965E+00 -0.7165344E-02 -0.4232584E-01  0.1789573E-01  0.7968742E+00 -0.1203098E-03 -0.1603584E-05  0.2374450E+00 -0.1677272E-01  0.1086159E+01
  0.1934028E+02 -0.7963122E-02  0.1083474E+00 -0.7172212E-02 -0.4235755E-01  0.1875562E-01  0.7955804E+00  0.4219700E-04 -0.1807154E-05  0.2378656E+00 -0.1406105E-01  0.1089036E+01
  0.1935764E+02 -0.7958604E-02  0.1083980E+00 -0.7179397E-02 -0.4239006E-01  0.1926998E-01  0.7733056E+00  0.6339406E-04 -0.1492771E-05  0.2379055E+00 -0.1375528E-02  0.1080038E+01
  0.1937500E+02 -0.7951808E-02  0.1084487E+00 -0.7186515E-02 -0.4242508E-01  0.1907376E-01  0.7291048E+00  0.1968756E-03 -0.4517302E-06  0.2375406E+00  0.8048194E-02  0.1044849E+01
