  0.2689236E+02 -0.6366880E-02  0.1310501E+00 -0.9703806E-02 -0.5620932E-01  0.3352039E-01  0.5828088E+00  0.3521897E-03 -0.3759308E-05  0.2228461E+00  0.2157539E-01  0.9198692E+00
  0.2690972E+02 -0.6365339E-02  0.1311051E+00 -0.9709230E-02 -0.5623880E-01  0.3210081E-01  0.5198237E+00  0.2948851E-03  0.5917421E-06  0.2235428E+00  0.1452047E-01  0.8490750E+00
  0.2692708E+02 -0.6365387E-02  0.1311607E+00 -0.9714483E-02 -0.5626705E-01  0.2962759E-01  0.5494211E+00 -0.1399002E-03  0.1837833E-05  0.2248125E+00  0.7179909E-02  0.8697168E+00
  0.2694444E+02 -0.6365647E-02  0.1312167E+00 -0.9720088E-02 -0.5629526E-01  0.2745299E-01  0.6543329E+00 -0.4718848E-03  0.1228188E-05  0.2261245E+00  0.1385297E-02  0.9676608E+00
  0.2696181E+02 -0.6364360E-02  0.1312728E+00 -0.9726119E-02 -0.5632531E-01  0.2701166E-01  0.7898096E+00 -0.5083229E-03 -0.1972983E-05  0.2265797E+00  0.1959519E-02  0.1103707E+01
  0.2697917E+02 -0.6358877E-02  0.1313282E+00 -0.9732246E-02 -0.5635987E-01  0.2865302E-01  0.8830349E+00 -0.2929412E-03 -0.6004415E-05  0.2258929E+00  0.1078738E-01  0.1206947E+01
  0.2699653E+02 -0.6350380E-02  0.1313827E+00 -0.9738523E-02 -0.5639745E-01  0.3133002E-01  0.9107829E+00  0.1380321E-03 -0.4056055E-05  0.2246762E+00  0.1778720E-01  0.1243607E+01
  0.2701389E+02 -0.6342818E-02  0.1314369E+00 -0.9744809E-02 -0.5643415E-01  0.3355594E-01  0.8543129E+00  0.4437401E-03  0.1383275E-05  0.2235501E+00  0.1747810E-01  0.1188257E+01
  0.2703125E+02 -0.6338199E-02  0.1314915E+00 -0.9750745E-02 -0.5646810E-01  0.3447126E-01  0.7506174E+00  0.4436313E-03  0.3008367E-05  0.2228994E+00  0.1478057E-01  0.1082150E+01
  0.2704861E+02 -0.6336895E-02  0.1315469E+00 -0.9756451E-02 -0.5649875E-01  0.3378106E-01  0.6379449E+00  0.1372063E-03  0.1359806E-05  0.2229539E+00  0.1329776E-01  0.9670710E+00
  0.2706597E+02 -0.6337347E-02  0.1316025E+00 -0.9762298E-02 -0.5652716E-01  0.3180581E-01  0.5534266E+00  0.4030988E-04 -0.1514015E-05  0.2236789E+00  0.8437688E-02  0.8763634E+00
  0.2708333E+02 -0.6338026E-02  0.1316578E+00 -0.9768280E-02 -0.5655465E-01  0.2934425E-01  0.5248851E+00 -0.5161848E-04 -0.3309426E-05  0.2246789E+00  0.4554021E-02  0.8424041E+00
  0.2710069E+02 -0.6336068E-02  0.1317125E+00 -0.9774187E-02 -0.5658447E-01  0.2744336E-01  0.5742626E+00 -0.2699433E-03 -0.3148082E-05  0.2253091E+00  0.6885817E-02  0.8926456E+00
  0.2711806E+02 -0.6330118E-02  0.1317667E+00 -0.9779950E-02 -0.5661860E-01  0.2696989E-01  0.7086083E+00 -0.3535627E-03 -0.4901854E-06  0.2252568E+00  0.1021306E-01  0.1029732E+01
  0.2713542E+02 -0.6322310E-02  0.1318207E+00 -0.9785847E-02 -0.5665498E-01  0.2823590E-01  0.8315211E+00 -0.2901125E-03  0.1915935E-05  0.2247394E+00  0.1453550E-01  0.1157801E+01
  0.2715278E+02 -0.6314422E-02  0.1318744E+00 -0.9791905E-02 -0.5669151E-01  0.3076241E-01  0.8829357E+00  0.3944475E-04 -0.1355008E-06  0.2241504E+00  0.1566465E-01  0.1212629E+01
  0.2717014E+02 -0.6309542E-02  0.1319280E+00 -0.9797788E-02 -0.5672482E-01  0.3355104E-01  0.8662649E+00  0.2408723E-03 -0.1621318E-05  0.2236368E+00  0.1353434E-01  0.1196322E+01
  0.2718750E+02 -0.6307738E-02  0.1319816E+00 -0.9803445E-02 -0.5675497E-01  0.3523116E-01  0.8152878E+00  0.2901039E-03 -0.4463114E-05  0.2232310E+00  0.1477544E-01  0.1147926E+01
  0.2720486E+02 -0.6307285E-02  0.1320355E+00 -0.9809067E-02 -0.5678380E-01  0.3488547E-01  0.7256151E+00  0.1908356E-03 -0.6282591E-05  0.2232731E+00  0.1116692E-01  0.1054260E+01
  0.2722222E+02 -0.6307755E-02  0.1320894E+00 -0.9814839E-02 -0.5681139E-01  0.3251368E-01  0.6291273E+00  0.3031435E-04 -0.3247850E-05  0.2237903E+00  0.4793750E-02  0.9494076E+00
  0.2723958E+02 -0.6305665E-02  0.1321432E+00 -0.9820626E-02 -0.5684138E-01  0.2959675E-01  0.5679166E+00 -0.9318008E-04  0.1255255E-05  0.2241835E+00  0.9858034E-02  0.8906385E+00
  0.2725694E+02 -0.6299539E-02  0.1321967E+00 -0.9826476E-02 -0.5687528E-01  0.2778744E-01  0.5746554E+00 -0.1813224E-03  0.3677687E-05  0.2240563E+00  0.2257613E-01  0.9080931E+00
  0.2727431E+02 -0.6290210E-02  0.1322499E+00 -0.9832536E-02 -0.5691238E-01  0.2765463E-01  0.6345180E+00 -0.9639115E-04  0.2416762E-05  0.2237088E+00  0.2571780E-01  0.9707200E+00
  0.2729167E+02 -0.6282232E-02  0.1323031E+00 -0.9838851E-02 -0.5694830E-01  0.2871173E-01  0.7359318E+00  0.7036433E-04  0.2372260E-05  0.2236433E+00  0.1058776E-01  0.1058181E+01
  0.2730903E+02 -0.6279370E-02  0.1323567E+00 -0.9845148E-02 -0.5697940E-01  0.3052128E-01  0.8266166E+00 -0.8240254E-05  0.1519620E-05  0.2238565E+00 -0.4292832E-02  0.1135948E+01
  0.2732639E+02 -0.6279011E-02  0.1324109E+00 -0.9851203E-02 -0.5700846E-01  0.3255467E-01  0.8577691E+00 -0.1449171E-03 -0.3773867E-05  0.2238826E+00 -0.3454184E-03  0.1172985E+01
  0.2734375E+02 -0.6278231E-02  0.1324655E+00 -0.9857086E-02 -0.5703806E-01  0.3405120E-01  0.8247297E+00 -0.1248521E-03 -0.9206420E-05  0.2236295E+00  0.1456610E-01  0.1156135E+01
  0.2736111E+02 -0.6275668E-02  0.1325198E+00 -0.9862620E-02 -0.5706917E-01  0.3432994E-01  0.7576291E+00  0.4598410E-04 -0.8968887E-05  0.2232614E+00  0.2282439E-01  0.1097394E+01
  0.2737847E+02 -0.6271452E-02  0.1325736E+00 -0.9867933E-02 -0.5710174E-01  0.3343126E-01  0.6818396E+00  0.2113544E-03 -0.4668947E-05  0.2229841E+00  0.2319176E-01  0.1020986E+01
  0.2739583E+02 -0.6265342E-02  0.1326274E+00 -0.9873313E-02 -0.5713614E-01  0.3181043E-01  0.6262348E+00  0.2614755E-03  0.1279396E-06  0.2228645E+00  0.2402430E-01  0.9645483E+00
  0.2741319E+02 -0.6258708E-02  0.1326815E+00 -0.9878809E-02 -0.5717120E-01  0.3016009E-01  0.6097073E+00  0.1360290E-03  0.5555594E-05  0.2229529E+00  0.2007107E-01  0.9424058E+00
  0.2743056E+02 -0.6253886E-02  0.1327362E+00 -0.9884594E-02 -0.5720472E-01  0.2889123E-01  0.6516485E+00 -0.8362598E-04  0.7411342E-05  0.2233595E+00  0.6463442E-02  0.9696794E+00
  0.2744792E+02 -0.6252337E-02  0.1327910E+00 -0.9890865E-02 -0.5723503E-01  0.2851390E-01  0.7104092E+00 -0.2916957E-03  0.4734784E-05  0.2239394E+00 -0.5661956E-02  0.1016326E+01
  0.2746528E+02 -0.6250804E-02  0.1328457E+00 -0.9897493E-02 -0.5726538E-01  0.2931359E-01  0.7657925E+00 -0.2378812E-03  0.2327973E-05  0.2241965E+00 -0.1218541E-02  0.1077281E+01
  0.2748264E+02 -0.6246598E-02  0.1328999E+00 -0.9903983E-02 -0.5729839E-01  0.3114175E-01  0.7894378E+00 -0.8287595E-04 -0.2047110E-05  0.2237964E+00  0.1326498E-01  0.1117007E+01
  0.2750000E+02 -0.6242470E-02  0.1329535E+00 -0.9910324E-02 -0.5733095E-01  0.3292340E-01  0.7913676E+00  0.6355785E-04 -0.5247016E-05  0.2230113E+00  0.2375131E-01  0.1130582E+01
