  0.2251736E+02 -0.7272626E-02  0.1173939E+00 -0.8221945E-02 -0.4801310E-01  0.2266491E-01  0.7444933E+00 -0.3374948E-04  0.9039764E-07  0.2346949E+00  0.2356908E-02  0.1058063E+01
  0.2253472E+02 -0.7268411E-02  0.1174528E+00 -0.8228652E-02 -0.4804920E-01  0.2336515E-01  0.7135371E+00  0.1566847E-03  0.5294710E-06  0.2345626E+00  0.1904480E-02  0.1027433E+01
  0.2255208E+02 -0.7262276E-02  0.1175109E+00 -0.8234931E-02 -0.4808711E-01  0.2427635E-01  0.6740871E+00  0.2276700E-03  0.9554790E-06  0.2341922E+00  0.7546988E-02  0.9942578E+00
  0.2256944E+02 -0.7257139E-02  0.1175690E+00 -0.8240811E-02 -0.4812391E-01  0.2450928E-01  0.6674583E+00  0.6419188E-04  0.1357773E-05  0.2340881E+00  0.8874702E-02  0.9889431E+00
  0.2258681E+02 -0.7254319E-02  0.1176279E+00 -0.8246593E-02 -0.4815874E-01  0.2389577E-01  0.6806056E+00 -0.7181796E-04  0.2107626E-05  0.2344523E+00  0.3900447E-02  0.9967527E+00
  0.2260417E+02 -0.7252004E-02  0.1176875E+00 -0.8252204E-02 -0.4819347E-01  0.2302197E-01  0.7005526E+00 -0.1384588E-03  0.1726989E-05  0.2347363E+00  0.3730702E-02  0.1015895E+01
  0.2262153E+02 -0.7248846E-02  0.1177467E+00 -0.8257670E-02 -0.4822875E-01  0.2252832E-01  0.7238363E+00 -0.1661647E-03  0.3017705E-06  0.2346392E+00  0.9490875E-02  0.1044340E+01
  0.2263889E+02 -0.7246188E-02  0.1178044E+00 -0.8263259E-02 -0.4826267E-01  0.2263069E-01  0.7611005E+00 -0.7042809E-04  0.1603726E-07  0.2344282E+00  0.9869744E-02  0.1081991E+01
  0.2265625E+02 -0.7243892E-02  0.1178608E+00 -0.8269167E-02 -0.4829555E-01  0.2316552E-01  0.7884945E+00  0.2359578E-04  0.7335171E-06  0.2344843E+00  0.4014136E-02  0.1104235E+01
  0.2267361E+02 -0.7239694E-02  0.1179165E+00 -0.8275280E-02 -0.4833022E-01  0.2389422E-01  0.7742298E+00  0.1333933E-03  0.2235643E-05  0.2346628E+00 -0.3062129E-03  0.1086688E+01
  0.2269097E+02 -0.7235487E-02  0.1179724E+00 -0.8281545E-02 -0.4836504E-01  0.2452180E-01  0.7306669E+00  0.1433057E-03  0.1249649E-05  0.2345619E+00  0.3895641E-02  0.1047881E+01
  0.2270833E+02 -0.7230672E-02  0.1180289E+00 -0.8287753E-02 -0.4840068E-01  0.2467843E-01  0.6730322E+00  0.1374614E-03 -0.2808854E-05  0.2342709E+00  0.9793122E-02  0.9960191E+00
  0.2272569E+02 -0.7226725E-02  0.1180855E+00 -0.8293801E-02 -0.4843536E-01  0.2405711E-01  0.6459239E+00  0.5715594E-05 -0.3449919E-05  0.2341383E+00  0.9653738E-02  0.9679049E+00
  0.2274306E+02 -0.7223487E-02  0.1181415E+00 -0.8299707E-02 -0.4846881E-01  0.2291981E-01  0.6608597E+00 -0.8073335E-04 -0.1881064E-05  0.2341971E+00  0.7764101E-02  0.9798077E+00
  0.2276042E+02 -0.7220543E-02  0.1181967E+00 -0.8305582E-02 -0.4850138E-01  0.2191978E-01  0.7081107E+00 -0.1177052E-03 -0.9635652E-07  0.2343905E+00  0.2550873E-02  0.1021023E+01
  0.2277778E+02 -0.7219692E-02  0.1182509E+00 -0.8311597E-02 -0.4853132E-01  0.2172035E-01  0.7525104E+00 -0.1686445E-03  0.2330168E-05  0.2345849E+00 -0.2288223E-02  0.1060549E+01
  0.2279514E+02 -0.7217868E-02  0.1183047E+00 -0.8317563E-02 -0.4856213E-01  0.2264628E-01  0.7849735E+00 -0.5777919E-04  0.3674283E-05  0.2347035E+00 -0.4303074E-02  0.1092173E+01
  0.2281250E+02 -0.7214967E-02  0.1183586E+00 -0.8323338E-02 -0.4859414E-01  0.2425725E-01  0.7956130E+00  0.2187427E-04  0.2984098E-05  0.2346626E+00 -0.2064630E-02  0.1106719E+01
  0.2282986E+02 -0.7209695E-02  0.1184129E+00 -0.8328808E-02 -0.4862912E-01  0.2561127E-01  0.7551727E+00  0.1662543E-03 -0.4835175E-06  0.2344718E+00  0.8020653E-02  0.1077688E+01
  0.2284722E+02 -0.7203260E-02  0.1184675E+00 -0.8334198E-02 -0.4866547E-01  0.2585446E-01  0.6851714E+00  0.2302600E-03 -0.3103273E-05  0.2342226E+00  0.1765070E-01  0.1017391E+01
  0.2286458E+02 -0.7198147E-02  0.1185217E+00 -0.8339743E-02 -0.4870023E-01  0.2480697E-01  0.6407847E+00  0.1217085E-03 -0.2579537E-05  0.2339903E+00  0.1756445E-01  0.9715492E+00
  0.2288194E+02 -0.7195202E-02  0.1185759E+00 -0.8345664E-02 -0.4873249E-01  0.2301390E-01  0.6538105E+00 -0.1009977E-03 -0.8907234E-06  0.2339542E+00  0.8997090E-02  0.9739764E+00
  0.2289931E+02 -0.7193855E-02  0.1186304E+00 -0.8352047E-02 -0.4876301E-01  0.2144551E-01  0.7044134E+00 -0.1964221E-03 -0.5911755E-06  0.2342561E+00 -0.8712710E-03  0.1013368E+01
  0.2291667E+02 -0.7193041E-02  0.1186849E+00 -0.8358652E-02 -0.4879306E-01  0.2092270E-01  0.7733425E+00 -0.2304853E-03  0.1913225E-05  0.2347296E+00 -0.9819288E-02  0.1073287E+01
  0.2293403E+02 -0.7192012E-02  0.1187392E+00 -0.8365241E-02 -0.4882320E-01  0.2182735E-01  0.8141209E+00 -0.6652378E-04  0.3279561E-05  0.2351387E+00 -0.1526041E-01  0.1110122E+01
  0.2295139E+02 -0.7189858E-02  0.1187931E+00 -0.8371513E-02 -0.4885461E-01  0.2373673E-01  0.8099120E+00  0.9027152E-04 -0.9468475E-06  0.2349394E+00 -0.6595360E-02  0.1116459E+01
  0.2296875E+02 -0.7183812E-02  0.1188469E+00 -0.8377096E-02 -0.4889024E-01  0.2562789E-01  0.7580739E+00  0.1628497E-03 -0.3761760E-05  0.2341935E+00  0.1312114E-01  0.1085571E+01
  0.2298611E+02 -0.7176036E-02  0.1189007E+00 -0.8382170E-02 -0.4892769E-01  0.2652576E-01  0.6922421E+00  0.1956992E-03 -0.4343250E-05  0.2336055E+00  0.2385242E-01  0.1030832E+01
  0.2300347E+02 -0.7170897E-02  0.1189545E+00 -0.8387077E-02 -0.4896203E-01  0.2608536E-01  0.6391513E+00  0.1275499E-03 -0.2558149E-05  0.2335245E+00  0.1790476E-01  0.9712254E+00
  0.2302083E+02 -0.7167768E-02  0.1190079E+00 -0.8392106E-02 -0.4899388E-01  0.2463053E-01  0.6315452E+00 -0.1648261E-05  0.1994355E-05  0.2337931E+00  0.6430078E-02  0.9508534E+00
  0.2303819E+02 -0.7165718E-02  0.1190612E+00 -0.8397730E-02 -0.4902412E-01  0.2272310E-01  0.6653017E+00 -0.1091999E-03  0.4809569E-05  0.2343476E+00 -0.3315761E-02  0.9734258E+00
  0.2305556E+02 -0.7165485E-02  0.1191144E+00 -0.8404059E-02 -0.4905263E-01  0.2113934E-01  0.7346097E+00 -0.1320385E-03  0.1790327E-05  0.2350723E+00 -0.1452287E-01  0.1030660E+01
  0.2307292E+02 -0.7166386E-02  0.1191677E+00 -0.8410910E-02 -0.4908036E-01  0.2068907E-01  0.8057607E+00 -0.2823174E-03 -0.3114561E-05  0.2354222E+00 -0.1427378E-01  0.1101823E+01
  0.2309028E+02 -0.7163077E-02  0.1192209E+00 -0.8417771E-02 -0.4911282E-01  0.2182749E-01  0.8305957E+00 -0.1661479E-03 -0.5329770E-05  0.2350881E+00  0.2352581E-02  0.1144220E+01
  0.2310764E+02 -0.7156072E-02  0.1192737E+00 -0.8424207E-02 -0.4914893E-01  0.2410037E-01  0.8095739E+00  0.8474595E-04 -0.5329472E-05  0.2341929E+00  0.1932871E-01  0.1141820E+01
  0.2312500E+02 -0.7147147E-02  0.1193256E+00 -0.8429943E-02 -0.4918646E-01  0.2625979E-01  0.7473053E+00  0.3263225E-03 -0.3502911E-05  0.2331475E+00  0.2478955E-01  0.1086387E+01
