  0.1251736E+02 -0.2189485E+01  0.2700642E-01 -0.1300915E+00  0.2377247E+00 -0.1127978E-01 -0.5368937E-01  0.8108806E-03 -0.1125028E-04  0.1168732E-04  0.1443919E+01 -0.6750850E+00 -0.6802402E+00
  0.1253472E+02 -0.2190825E+01  0.2773588E-01 -0.1298406E+00  0.2378959E+00 -0.1213461E-01 -0.5368015E-01  0.8117379E-03 -0.7693345E-05  0.2063358E-04  0.1443710E+01 -0.6763143E+00 -0.6801100E+00
  0.1255208E+02 -0.2191067E+01  0.2868481E-01 -0.1296891E+00  0.2403040E+00 -0.1240346E-01 -0.5366727E-01  0.8126786E-03 -0.2319272E-05  0.1700736E-04  0.1443500E+01 -0.6735098E+00 -0.6799368E+00
  0.1256944E+02 -0.2189694E+01  0.2931486E-01 -0.1296483E+00  0.2380628E+00 -0.1199784E-01 -0.5365129E-01  0.8137422E-03 -0.2050300E-04  0.1234903E-04  0.1443296E+01 -0.6735119E+00 -0.6796867E+00
  0.1258681E+02 -0.2186966E+01  0.2937876E-01 -0.1296633E+00  0.2287455E+00 -0.1170780E-01 -0.5363463E-01  0.8148768E-03 -0.1612479E-04 -0.2478454E-05  0.1443093E+01 -0.6799587E+00 -0.6793677E+00
  0.1260417E+02 -0.2184757E+01  0.2905696E-01 -0.1296364E+00  0.2202026E+00 -0.1202190E-01 -0.5361855E-01  0.8160433E-03  0.2023863E-05 -0.8124097E-05  0.1442884E+01 -0.6870794E+00 -0.6790656E+00
  0.1262153E+02 -0.2185576E+01  0.2849487E-01 -0.1295327E+00  0.2214871E+00 -0.1225874E-01 -0.5360328E-01  0.8171583E-03  0.2727545E-04  0.5770015E-06  0.1442672E+01 -0.6874719E+00 -0.6788313E+00
  0.1263889E+02 -0.2186909E+01  0.2774620E-01 -0.1293794E+00  0.2278499E+00 -0.1194691E-01 -0.5358988E-01  0.8181961E-03  0.1407618E-04  0.1473592E-04  0.1442461E+01 -0.6829208E+00 -0.6786386E+00
  0.1265625E+02 -0.2186199E+01  0.2705583E-01 -0.1291829E+00  0.2284259E+00 -0.1155141E-01 -0.5357949E-01  0.8188317E-03 -0.1090959E-04  0.2378593E-04  0.1442251E+01 -0.6819489E+00 -0.6784545E+00
  0.1267361E+02 -0.2185820E+01  0.2678905E-01 -0.1289272E+00  0.2288227E+00 -0.1185856E-01 -0.5357134E-01  0.8194794E-03  0.6145613E-05  0.1092782E-04  0.1442037E+01 -0.6816917E+00 -0.6782714E+00
  0.1269097E+02 -0.2188139E+01  0.2711574E-01 -0.1286453E+00  0.2403413E+00 -0.1250442E-01 -0.5356253E-01  0.8203879E-03  0.2619726E-04 -0.9155240E-05  0.1441824E+01 -0.6727321E+00 -0.6780664E+00
  0.1270833E+02 -0.2191800E+01  0.2787734E-01 -0.1284237E+00  0.2541719E+00 -0.1210532E-01 -0.5355143E-01  0.8210249E-03  0.1398018E-04 -0.2023105E-04  0.1441624E+01 -0.6613927E+00 -0.6778169E+00
  0.1272569E+02 -0.2190279E+01  0.2878950E-01 -0.1283122E+00  0.2519957E+00 -0.1117261E-01 -0.5353911E-01  0.8214748E-03 -0.2724865E-04 -0.1272519E-04  0.1441432E+01 -0.6603039E+00 -0.6775041E+00
  0.1274306E+02 -0.2183771E+01  0.2966814E-01 -0.1282853E+00  0.2334498E+00 -0.1116379E-01 -0.5352647E-01  0.8225312E-03 -0.6256593E-04  0.2170599E-04  0.1441239E+01 -0.6716080E+00 -0.6772089E+00
  0.1276042E+02 -0.2180314E+01  0.3023249E-01 -0.1282909E+00  0.2129555E+00 -0.1121754E-01 -0.5351143E-01  0.8244089E-03 -0.5425655E-04  0.4994991E-04  0.1441031E+01 -0.6882947E+00 -0.6770472E+00
  0.1277778E+02 -0.2181117E+01  0.3018063E-01 -0.1282354E+00  0.2062897E+00 -0.1104155E-01 -0.5349310E-01  0.8255550E-03  0.2517431E-04  0.1707741E-04  0.1440810E+01 -0.6957383E+00 -0.6769386E+00
  0.1279514E+02 -0.2183595E+01  0.2940961E-01 -0.1280519E+00  0.2150583E+00 -0.1261187E-01 -0.5347278E-01  0.8258235E-03  0.6925839E-04 -0.1771441E-04  0.1440588E+01 -0.6917980E+00 -0.6767881E+00
  0.1281250E+02 -0.2184892E+01  0.2788712E-01 -0.1277931E+00  0.2300418E+00 -0.1411409E-01 -0.5345366E-01  0.8261027E-03  0.4577096E-04 -0.6536655E-05  0.1440372E+01 -0.6810864E+00 -0.6766068E+00
  0.1282986E+02 -0.2185964E+01  0.2603023E-01 -0.1275514E+00  0.2450016E+00 -0.1311891E-01 -0.5344170E-01  0.8265113E-03  0.4205319E-04 -0.9383558E-05  0.1440165E+01 -0.6680197E+00 -0.6763693E+00
  0.1284722E+02 -0.2185061E+01  0.2493772E-01 -0.1273536E+00  0.2540118E+00 -0.1208408E-01 -0.5343979E-01  0.8272563E-03  0.8201221E-05 -0.1724338E-04  0.1439969E+01 -0.6582013E+00 -0.6760699E+00
  0.1286458E+02 -0.2182650E+01  0.2552732E-01 -0.1272020E+00  0.2501029E+00 -0.1223896E-01 -0.5344296E-01  0.8286441E-03 -0.6250242E-04  0.1639780E-04  0.1439777E+01 -0.6593440E+00 -0.6758284E+00
  0.1288194E+02 -0.2182290E+01  0.2766844E-01 -0.1271153E+00  0.2386796E+00 -0.1110739E-01 -0.5344148E-01  0.8301818E-03 -0.6930923E-04  0.4539630E-04  0.1439576E+01 -0.6672232E+00 -0.6756783E+00
  0.1289931E+02 -0.2183597E+01  0.3044013E-01 -0.1270613E+00  0.2281822E+00 -0.9701855E-02 -0.5342965E-01  0.8308965E-03 -0.3369300E-04  0.2468940E-04  0.1439371E+01 -0.6749743E+00 -0.6755083E+00
  0.1291667E+02 -0.2183612E+01  0.3258510E-01 -0.1269582E+00  0.2180835E+00 -0.1058053E-01 -0.5340647E-01  0.8313223E-03 -0.1846028E-04 -0.4980278E-06  0.1439163E+01 -0.6839135E+00 -0.6753030E+00
  0.1293403E+02 -0.2183078E+01  0.3294509E-01 -0.1267979E+00  0.2118380E+00 -0.1162785E-01 -0.5337631E-01  0.8318031E-03  0.1231988E-04 -0.7071068E-05  0.1438949E+01 -0.6903107E+00 -0.6751382E+00
  0.1295139E+02 -0.2184621E+01  0.3121484E-01 -0.1266070E+00  0.2189455E+00 -0.1147695E-01 -0.5334806E-01  0.8319419E-03  0.8337224E-04 -0.2609437E-04  0.1438733E+01 -0.6862706E+00 -0.6749646E+00
  0.1296875E+02 -0.2183589E+01  0.2826364E-01 -0.1263998E+00  0.2334243E+00 -0.1229465E-01 -0.5333022E-01  0.8323411E-03  0.6553304E-04 -0.2051869E-04  0.1438525E+01 -0.6745237E+00 -0.6747423E+00
  0.1298611E+02 -0.2180868E+01  0.2544643E-01 -0.1262330E+00  0.2433736E+00 -0.1373843E-01 -0.5332468E-01  0.8337715E-03  0.1701752E-04  0.2154931E-04  0.1438320E+01 -0.6661512E+00 -0.6745375E+00
  0.1300347E+02 -0.2179708E+01  0.2391452E-01 -0.1261501E+00  0.2488200E+00 -0.1359173E-01 -0.5332753E-01  0.8352486E-03 -0.2065683E-04  0.4526195E-04  0.1438117E+01 -0.6610657E+00 -0.6743383E+00
  0.1302083E+02 -0.2179950E+01  0.2428016E-01 -0.1260991E+00  0.2472587E+00 -0.1214721E-01 -0.5333210E-01  0.8361815E-03 -0.3490567E-04  0.2303319E-04  0.1437918E+01 -0.6612478E+00 -0.6740856E+00
  0.1303819E+02 -0.2180889E+01  0.2645146E-01 -0.1259937E+00  0.2402387E+00 -0.1107066E-01 -0.5333136E-01  0.8369648E-03 -0.2462889E-04 -0.2517967E-06  0.1437717E+01 -0.6660654E+00 -0.6738376E+00
  0.1305556E+02 -0.2181687E+01  0.2963659E-01 -0.1257936E+00  0.2298859E+00 -0.1058760E-01 -0.5332123E-01  0.8376430E-03 -0.5070244E-04 -0.1584053E-06  0.1437514E+01 -0.6735662E+00 -0.6736901E+00
  0.1307292E+02 -0.2184205E+01  0.3262309E-01 -0.1255408E+00  0.2189467E+00 -0.9836518E-02 -0.5330098E-01  0.8379236E-03 -0.2351280E-04 -0.1327396E-04  0.1437304E+01 -0.6832083E+00 -0.6736056E+00
  0.1309028E+02 -0.2186408E+01  0.3423178E-01 -0.1253284E+00  0.2155581E+00 -0.9491218E-02 -0.5327306E-01  0.8382136E-03  0.1860136E-04 -0.2171510E-04  0.1437089E+01 -0.6867868E+00 -0.6734732E+00
  0.1310764E+02 -0.2185709E+01  0.3377985E-01 -0.1252076E+00  0.2193198E+00 -0.1034662E-01 -0.5324409E-01  0.8390658E-03  0.1950561E-04  0.7922691E-05  0.1436876E+01 -0.6836655E+00 -0.6732427E+00
  0.1312500E+02 -0.2182449E+01  0.3136462E-01 -0.1251719E+00  0.2271792E+00 -0.1114426E-01 -0.5322083E-01  0.8402488E-03  0.1212688E-04  0.4203681E-04  0.1436668E+01 -0.6758800E+00 -0.6729232E+00
