  0.1267361E+01 -0.7222716E-02  0.4025761E-01 -0.7568248E-03 -0.2314955E-02 -0.9244159E-03  0.1140991E+01  0.5784997E-04  0.5983699E-06  0.4158782E-01 -0.2057941E+00  0.1005882E+01
  0.1284722E+01 -0.7291004E-02  0.4047370E-01 -0.7659023E-03 -0.2378762E-02 -0.9369225E-03  0.1136319E+01  0.5492178E-04 -0.1034241E-08  0.4248601E-01 -0.2047990E+00  0.1003162E+01
  0.1302083E+01 -0.7357288E-02  0.4068442E-01 -0.7748901E-03 -0.2441150E-02 -0.9544630E-03  0.1132463E+01  0.4557447E-04  0.1701972E-05  0.4339030E-01 -0.2026829E+00  0.1002374E+01
  0.1319444E+01 -0.7421787E-02  0.4088994E-01 -0.7838023E-03 -0.2502046E-02 -0.9770053E-03  0.1129301E+01  0.4548618E-04  0.5485661E-05  0.4431387E-01 -0.2003355E+00  0.1002535E+01
  0.1336806E+01 -0.7484799E-02  0.4109076E-01 -0.7926455E-03 -0.2561426E-02 -0.1001462E-02  0.1126496E+01  0.4117794E-04  0.5066903E-05  0.4526040E-01 -0.1982543E+00  0.1002799E+01
  0.1354167E+01 -0.7546216E-02  0.4128719E-01 -0.8014240E-03 -0.2619686E-02 -0.1028920E-02  0.1124700E+01  0.3656404E-04  0.3198883E-05  0.4622070E-01 -0.1965312E+00  0.1003721E+01
  0.1371528E+01 -0.7605506E-02  0.4147904E-01 -0.8101420E-03 -0.2677026E-02 -0.1065302E-02  0.1123565E+01  0.4392450E-04  0.5604512E-05  0.4716953E-01 -0.1953849E+00  0.1004720E+01
  0.1388889E+01 -0.7662915E-02  0.4166619E-01 -0.8187909E-03 -0.2733305E-02 -0.1105823E-02  0.1121218E+01  0.4453415E-04  0.4576206E-05  0.4809963E-01 -0.1937474E+00  0.1004965E+01
  0.1406250E+01 -0.7718938E-02  0.4184866E-01 -0.8273612E-03 -0.2788136E-02 -0.1134053E-02  0.1118487E+01  0.3926803E-04  0.2313057E-05  0.4899994E-01 -0.1914106E+00  0.1005498E+01
  0.1423611E+01 -0.7773902E-02  0.4202680E-01 -0.8358797E-03 -0.2841248E-02 -0.1135762E-02  0.1115593E+01  0.3903855E-04  0.4107608E-05  0.4990508E-01 -0.1893174E+00  0.1005664E+01
  0.1440972E+01 -0.7827415E-02  0.4220097E-01 -0.8443378E-03 -0.2893315E-02 -0.1125777E-02  0.1111510E+01  0.4657067E-04  0.4420668E-05  0.5083348E-01 -0.1869829E+00  0.1004921E+01
  0.1458333E+01 -0.7879369E-02  0.4237132E-01 -0.8527237E-03 -0.2944482E-02 -0.1132902E-02  0.1107340E+01  0.4100265E-04  0.5204559E-05  0.5175034E-01 -0.1847701E+00  0.1003929E+01
  0.1475694E+01 -0.7929875E-02  0.4253774E-01 -0.8610496E-03 -0.2994527E-02 -0.1169672E-02  0.1104649E+01  0.3730919E-04  0.7781269E-05  0.5268296E-01 -0.1835392E+00  0.1003420E+01
  0.1493056E+01 -0.7978595E-02  0.4270007E-01 -0.8692979E-03 -0.3043906E-02 -0.1218980E-02  0.1102119E+01  0.4024512E-04  0.6077911E-05  0.5365130E-01 -0.1820443E+00  0.1003362E+01
  0.1510417E+01 -0.8025876E-02  0.4285848E-01 -0.8774537E-03 -0.3092337E-02 -0.1259951E-02  0.1098930E+01  0.3932847E-04  0.1910680E-05  0.5460557E-01 -0.1796278E+00  0.1003552E+01
  0.1527778E+01 -0.8072027E-02  0.4301350E-01 -0.8855537E-03 -0.3139818E-02 -0.1286015E-02  0.1096767E+01  0.3406383E-04  0.1365305E-05  0.5552938E-01 -0.1772752E+00  0.1004687E+01
  0.1545139E+01 -0.8116883E-02  0.4316557E-01 -0.8936120E-03 -0.3186912E-02 -0.1296440E-02  0.1096060E+01  0.2267584E-04  0.3159026E-05  0.5643368E-01 -0.1752429E+00  0.1006948E+01
  0.1562500E+01 -0.8160413E-02  0.4331464E-01 -0.9016423E-03 -0.3233221E-02 -0.1294376E-02  0.1094782E+01  0.2424123E-04  0.5892774E-05  0.5734225E-01 -0.1730457E+00  0.1008834E+01
  0.1579861E+01 -0.8202813E-02  0.4346040E-01 -0.9096162E-03 -0.3278726E-02 -0.1280965E-02  0.1090375E+01  0.3954360E-04  0.7052093E-05  0.5826076E-01 -0.1709630E+00  0.1007508E+01
  0.1597222E+01 -0.8243518E-02  0.4360284E-01 -0.9174991E-03 -0.3323826E-02 -0.1270695E-02  0.1082706E+01  0.6182772E-04  0.4562142E-05  0.5917644E-01 -0.1688576E+00  0.1002938E+01
  0.1614583E+01 -0.8282502E-02  0.4374242E-01 -0.9252658E-03 -0.3369017E-02 -0.1295967E-02  0.1074730E+01  0.5091332E-04 -0.3599816E-06  0.6009328E-01 -0.1657158E+00  0.9990280E+00
  0.1631944E+01 -0.8320354E-02  0.4387954E-01 -0.9329487E-03 -0.3413922E-02 -0.1357148E-02  0.1071950E+01  0.2033351E-04 -0.3470990E-05  0.6099489E-01 -0.1627475E+00  0.1000070E+01
  0.1649306E+01 -0.8357384E-02  0.4401439E-01 -0.9406122E-03 -0.3458393E-02 -0.1412136E-02  0.1075877E+01 -0.8214988E-05 -0.1752574E-05  0.6188428E-01 -0.1613395E+00  0.1006258E+01
  0.1666667E+01 -0.8393156E-02  0.4414708E-01 -0.9482850E-03 -0.3502874E-02 -0.1430713E-02  0.1079411E+01  0.1198893E-04  0.1067501E-05  0.6284407E-01 -0.1603993E+00  0.1011741E+01
  0.1684028E+01 -0.8427254E-02  0.4427760E-01 -0.9559111E-03 -0.3547662E-02 -0.1423354E-02  0.1076063E+01  0.4527290E-04  0.1105035E-05  0.6383323E-01 -0.1583565E+00  0.1011510E+01
  0.1701389E+01 -0.8459948E-02  0.4440589E-01 -0.9634412E-03 -0.3592548E-02 -0.1413951E-02  0.1066610E+01  0.5993415E-04 -0.5491896E-07  0.6476419E-01 -0.1549855E+00  0.1006425E+01
  0.1718750E+01 -0.8491673E-02  0.4453176E-01 -0.9708737E-03 -0.3636971E-02 -0.1407445E-02  0.1057548E+01  0.4053078E-04  0.5441144E-06  0.6561319E-01 -0.1513345E+00  0.1001893E+01
  0.1736111E+01 -0.8522935E-02  0.4465506E-01 -0.9782381E-03 -0.3680475E-02 -0.1400029E-02  0.1052470E+01  0.2688687E-04  0.2555151E-05  0.6642236E-01 -0.1489530E+00  0.1000042E+01
  0.1753472E+01 -0.8553318E-02  0.4477617E-01 -0.9855541E-03 -0.3723675E-02 -0.1410508E-02  0.1051447E+01  0.1999682E-04 -0.1092360E-06  0.6724392E-01 -0.1475352E+00  0.1001279E+01
  0.1770833E+01 -0.8581977E-02  0.4489563E-01 -0.9928236E-03 -0.3767586E-02 -0.1458341E-02  0.1052910E+01  0.1008327E-04 -0.3719884E-05  0.6814630E-01 -0.1461386E+00  0.1005019E+01
  0.1788194E+01 -0.8609050E-02  0.4501373E-01 -0.1000061E-02 -0.3812249E-02 -0.1521789E-02  0.1054636E+01  0.1225082E-04 -0.1540090E-05  0.6910833E-01 -0.1443839E+00  0.1009442E+01
  0.1805556E+01 -0.8635363E-02  0.4512993E-01 -0.1007274E-02 -0.3856643E-02 -0.1554217E-02  0.1053145E+01  0.2313567E-04 -0.5400632E-06  0.7005908E-01 -0.1415150E+00  0.1011788E+01
  0.1822917E+01 -0.8661215E-02  0.4524369E-01 -0.1014439E-02 -0.3900127E-02 -0.1534926E-02  0.1046662E+01  0.4416180E-04 -0.5884172E-06  0.7099901E-01 -0.1390500E+00  0.1008788E+01
  0.1840278E+01 -0.8686257E-02  0.4535503E-01 -0.1021519E-02 -0.3942944E-02 -0.1496650E-02  0.1039762E+01  0.4377870E-04  0.1020814E-05  0.7190343E-01 -0.1381226E+00  0.1003795E+01
  0.1857639E+01 -0.8710239E-02  0.4546463E-01 -0.1028532E-02 -0.3985866E-02 -0.1484079E-02  0.1034809E+01  0.3419371E-04  0.6302123E-06  0.7272667E-01 -0.1368046E+00  0.1001022E+01
  0.1875000E+01 -0.8733289E-02  0.4557296E-01 -0.1035490E-02 -0.4028990E-02 -0.1513645E-02  0.1031914E+01  0.1519103E-04 -0.1031834E-05  0.7351259E-01 -0.1338303E+00  0.1001872E+01
