  0.9392361E+01 -0.9669614E-02  0.7734389E-01 -0.3677513E-02 -0.2279775E-01  0.5964507E-02  0.7667818E+00  0.7423320E-04  0.4478295E-05  0.2228634E+00 -0.2315989E-01  0.1013728E+01
  0.9409722E+01 -0.9669575E-02  0.7740750E-01 -0.3683202E-02 -0.2283545E-01  0.6112481E-02  0.7435686E+00  0.7255195E-04 -0.9667427E-07  0.2228453E+00 -0.2157867E-01  0.9922395E+00
  0.9427083E+01 -0.9669729E-02  0.7747144E-01 -0.3688769E-02 -0.2287320E-01  0.6035725E-02  0.7320647E+00  0.2169370E-06 -0.3312912E-05  0.2228594E+00 -0.1972257E-01  0.9824738E+00
  0.9444444E+01 -0.9669627E-02  0.7753553E-01 -0.3694698E-02 -0.2291110E-01  0.5761523E-02  0.7475337E+00 -0.8507267E-04 -0.1208732E-05  0.2228912E+00 -0.1824416E-01  0.9991161E+00
  0.9461806E+01 -0.9669212E-02  0.7759948E-01 -0.3701201E-02 -0.2294914E-01  0.5534564E-02  0.7716860E+00 -0.6257693E-04  0.7172584E-06  0.2229660E+00 -0.1984929E-01  0.1021555E+01
  0.9479167E+01 -0.9670280E-02  0.7766329E-01 -0.3708143E-02 -0.2298554E-01  0.5545781E-02  0.7856389E+00 -0.3761093E-04  0.9912839E-07  0.2232343E+00 -0.2482987E-01  0.1030851E+01
  0.9496528E+01 -0.9671552E-02  0.7772703E-01 -0.3715221E-02 -0.2302182E-01  0.5764466E-02  0.7899473E+00  0.1315652E-04  0.1604336E-06  0.2236079E+00 -0.2604684E-01  0.1034605E+01
  0.9513889E+01 -0.9671865E-02  0.7779093E-01 -0.3722130E-02 -0.2305940E-01  0.6015283E-02  0.7841054E+00  0.5175303E-04 -0.7677744E-06  0.2238897E+00 -0.2333042E-01  0.1032068E+01
  0.9531250E+01 -0.9671679E-02  0.7785527E-01 -0.3728769E-02 -0.2309780E-01  0.6149301E-02  0.7619844E+00  0.6510743E-04 -0.1734417E-05  0.2240351E+00 -0.2235461E-01  0.1011235E+01
  0.9548611E+01 -0.9672104E-02  0.7792008E-01 -0.3735098E-02 -0.2313577E-01  0.6136472E-02  0.7421869E+00  0.3475319E-04 -0.8073365E-06  0.2241363E+00 -0.2194816E-01  0.9919225E+00
  0.9565972E+01 -0.9671815E-02  0.7798519E-01 -0.3741090E-02 -0.2317464E-01  0.6047112E-02  0.7434422E+00 -0.7603233E-04  0.1365495E-06  0.2240450E+00 -0.1863555E-01  0.9962205E+00
  0.9583333E+01 -0.9671179E-02  0.7805026E-01 -0.3747044E-02 -0.2321392E-01  0.5939985E-02  0.7596371E+00 -0.3247672E-04  0.1599299E-05  0.2238918E+00 -0.1897111E-01  0.1011885E+01
  0.9600694E+01 -0.9672071E-02  0.7811500E-01 -0.3753187E-02 -0.2325102E-01  0.5839419E-02  0.7737297E+00 -0.9576982E-05  0.4521452E-05  0.2239970E+00 -0.2490150E-01  0.1020098E+01
  0.9618056E+01 -0.9673532E-02  0.7817946E-01 -0.3759614E-02 -0.2328743E-01  0.5756772E-02  0.7862974E+00  0.9702920E-05  0.2026858E-06  0.2242398E+00 -0.2746150E-01  0.1030301E+01
  0.9635417E+01 -0.9674574E-02  0.7824417E-01 -0.3766220E-02 -0.2332442E-01  0.5733136E-02  0.7913423E+00 -0.3408054E-04 -0.6155800E-05  0.2244740E+00 -0.2425626E-01  0.1038732E+01
  0.9652778E+01 -0.9675309E-02  0.7830935E-01 -0.3773007E-02 -0.2336225E-01  0.5850487E-02  0.7869809E+00 -0.2089544E-04 -0.2995257E-05  0.2247860E+00 -0.2206385E-01  0.1037028E+01
  0.9670139E+01 -0.9675597E-02  0.7837468E-01 -0.3779907E-02 -0.2340073E-01  0.6120053E-02  0.7693009E+00  0.4366249E-04  0.5431730E-06  0.2251222E+00 -0.2116058E-01  0.1020945E+01
  0.9687500E+01 -0.9673558E-02  0.7843962E-01 -0.3786561E-02 -0.2344152E-01  0.6412420E-02  0.7421868E+00  0.1020561E-03  0.2725396E-05  0.2251247E+00 -0.1830474E-01  0.9970619E+00
  0.9704861E+01 -0.9672020E-02  0.7850407E-01 -0.3792896E-02 -0.2348136E-01  0.6505316E-02  0.7260451E+00  0.7728557E-04  0.4408342E-05  0.2248589E+00 -0.1957158E-01  0.9794773E+00
  0.9722222E+01 -0.9674294E-02  0.7856850E-01 -0.3799148E-02 -0.2351705E-01  0.6257185E-02  0.7373067E+00 -0.5590393E-04  0.2487360E-05  0.2248023E+00 -0.2509035E-01  0.9848004E+00
  0.9739583E+01 -0.9677606E-02  0.7863358E-01 -0.3805448E-02 -0.2355183E-01  0.5817267E-02  0.7724304E+00 -0.1267652E-03  0.4357997E-06  0.2251134E+00 -0.2939814E-01  0.1015435E+01
  0.9756944E+01 -0.9678661E-02  0.7869941E-01 -0.3811836E-02 -0.2358934E-01  0.5514410E-02  0.8029769E+00 -0.1084128E-03 -0.1345459E-06  0.2255469E+00 -0.2806111E-01  0.1047488E+01
  0.9774306E+01 -0.9677058E-02  0.7876513E-01 -0.3818348E-02 -0.2362975E-01  0.5609621E-02  0.8137738E+00 -0.5150508E-04 -0.1696150E-06  0.2257748E+00 -0.2083597E-01  0.1065911E+01
  0.9791667E+01 -0.9674296E-02  0.7882998E-01 -0.3824997E-02 -0.2367113E-01  0.6101886E-02  0.8043079E+00  0.5292544E-04 -0.1649505E-05  0.2258049E+00 -0.1677145E-01  0.1061154E+01
  0.9809028E+01 -0.9672288E-02  0.7889429E-01 -0.3831655E-02 -0.2371149E-01  0.6621442E-02  0.7794366E+00  0.1356575E-03 -0.1394404E-05  0.2257806E+00 -0.1866862E-01  0.1034983E+01
  0.9826389E+01 -0.9673868E-02  0.7895912E-01 -0.3838223E-02 -0.2374830E-01  0.6743869E-02  0.7483380E+00  0.1207490E-03  0.2742184E-06  0.2257594E+00 -0.2308098E-01  0.9995800E+00
  0.9843750E+01 -0.9677742E-02  0.7902503E-01 -0.3844726E-02 -0.2378324E-01  0.6403740E-02  0.7247872E+00  0.6390053E-04  0.5350748E-06  0.2258947E+00 -0.2818469E-01  0.9706847E+00
  0.9861111E+01 -0.9679574E-02  0.7909164E-01 -0.3851120E-02 -0.2382057E-01  0.5908874E-02  0.7176618E+00 -0.4735438E-04  0.2522079E-05  0.2262415E+00 -0.2828813E-01  0.9632196E+00
  0.9878472E+01 -0.9677662E-02  0.7915811E-01 -0.3857425E-02 -0.2386170E-01  0.5668473E-02  0.7441658E+00 -0.1829164E-03  0.4479186E-05  0.2265149E+00 -0.2212084E-01  0.9958112E+00
  0.9895833E+01 -0.9674569E-02  0.7922399E-01 -0.3863969E-02 -0.2390382E-01  0.5864564E-02  0.7925319E+00 -0.1534898E-03  0.1310862E-05  0.2265530E+00 -0.1792321E-01  0.1048656E+01
  0.9913194E+01 -0.9671914E-02  0.7928967E-01 -0.3870714E-02 -0.2394569E-01  0.6349925E-02  0.8223597E+00  0.1890737E-04 -0.3473831E-05  0.2265168E+00 -0.1971559E-01  0.1077328E+01
  0.9930556E+01 -0.9672295E-02  0.7935580E-01 -0.3877479E-02 -0.2398452E-01  0.6734392E-02  0.8176513E+00  0.6367688E-04 -0.3442250E-05  0.2266151E+00 -0.2410952E-01  0.1068773E+01
  0.9947917E+01 -0.9675784E-02  0.7942267E-01 -0.3884259E-02 -0.2402034E-01  0.6719030E-02  0.7957393E+00  0.7937641E-04 -0.6166814E-06  0.2268511E+00 -0.2667686E-01  0.1044554E+01
  0.9965278E+01 -0.9679150E-02  0.7948988E-01 -0.3890933E-02 -0.2405637E-01  0.6403721E-02  0.7685349E+00  0.5949908E-04 -0.4491394E-06  0.2269917E+00 -0.2470555E-01  0.1019147E+01
  0.9982639E+01 -0.9678734E-02  0.7955682E-01 -0.3897354E-02 -0.2409633E-01  0.6118165E-02  0.7389210E+00  0.3423705E-04 -0.2559807E-05  0.2270012E+00 -0.2036887E-01  0.9935876E+00
  0.1000000E+02 -0.9674994E-02  0.7962325E-01 -0.3903589E-02 -0.2413950E-01  0.6009510E-02  0.7171152E+00  0.5675000E-04 -0.1063873E-05  0.2270608E+00 -0.1909370E-01  0.9730527E+00
