  0.2814236E+02 -0.2049592E+01  0.6805068E-01 -0.4296108E-01  0.1973437E+00 -0.4907443E-02 -0.4650896E-01  0.1249868E-02 -0.7672439E-04  0.5555017E-04  0.1260851E+01 -0.6164955E+00 -0.5800248E+00
  0.2815972E+02 -0.2043620E+01  0.6740816E-01 -0.4291346E-01  0.1399066E+00 -0.5833420E-02 -0.4651438E-01  0.1247846E-02 -0.5861474E-05  0.3553855E-04  0.1260607E+01 -0.6696824E+00 -0.5802070E+00
  0.2817708E+02 -0.2048972E+01  0.6864152E-01 -0.4278099E-01  0.1340195E+00 -0.6351341E-02 -0.4651316E-01  0.1244516E-02  0.1077518E-03  0.2383855E-04  0.1260327E+01 -0.6802532E+00 -0.5806146E+00
  0.2819444E+02 -0.2066645E+01  0.7035874E-01 -0.4259226E-01  0.1924194E+00 -0.5207323E-02 -0.4650534E-01  0.1241277E-02  0.1544888E-03 -0.1910135E-04  0.1260056E+01 -0.6367393E+00 -0.5809724E+00
  0.2821181E+02 -0.2080771E+01  0.7206935E-01 -0.4236296E-01  0.2773935E+00 -0.5156260E-02 -0.4649324E-01  0.1239732E-02  0.1183703E-03 -0.7090048E-04  0.1259830E+01 -0.5642031E+00 -0.5810388E+00
  0.2822917E+02 -0.2086344E+01  0.7237890E-01 -0.4218535E-01  0.3500744E+00 -0.5856166E-02 -0.4648003E-01  0.1240946E-02  0.3956699E-04 -0.6454360E-04  0.1259658E+01 -0.4975387E+00 -0.5808175E+00
  0.2824653E+02 -0.2082122E+01  0.7142008E-01 -0.4215563E-01  0.3757397E+00 -0.5818489E-02 -0.4647070E-01  0.1244001E-02 -0.8459442E-04 -0.3827719E-04  0.1259526E+01 -0.4687602E+00 -0.5804358E+00
  0.2826389E+02 -0.2069574E+01  0.6941114E-01 -0.4222392E-01  0.3433028E+00 -0.6062906E-02 -0.4646946E-01  0.1247113E-02 -0.1056893E-03  0.1943580E-05  0.1259399E+01 -0.4910742E+00 -0.5800407E+00
  0.2828125E+02 -0.2057973E+01  0.6830491E-01 -0.4228231E-01  0.2783412E+00 -0.5564555E-02 -0.4647468E-01  0.1249100E-02 -0.8783534E-04  0.4795121E-04  0.1259244E+01 -0.5451951E+00 -0.5797920E+00
  0.2829861E+02 -0.2047687E+01  0.6842348E-01 -0.4230187E-01  0.1868760E+00 -0.5321050E-02 -0.4648107E-01  0.1249753E-02 -0.1362307E-03  0.8381510E-04  0.1259044E+01 -0.6262503E+00 -0.5797898E+00
  0.2831597E+02 -0.2042192E+01  0.7041783E-01 -0.4227296E-01  0.1079028E+00 -0.5889946E-02 -0.4648201E-01  0.1248794E-02 -0.4677461E-04  0.8925617E-04  0.1258782E+01 -0.6984423E+00 -0.5800157E+00
  0.2833333E+02 -0.2049040E+01  0.7272701E-01 -0.4219331E-01  0.1020034E+00 -0.6197762E-02 -0.4647412E-01  0.1246364E-02  0.9746381E-04  0.2190394E-04  0.1258489E+01 -0.7093196E+00 -0.5803261E+00
  0.2835069E+02 -0.2065115E+01  0.7477535E-01 -0.4205998E-01  0.1654256E+00 -0.5599803E-02 -0.4645768E-01  0.1243379E-02  0.1542027E-03 -0.4682401E-04  0.1258211E+01 -0.6594692E+00 -0.5805542E+00
  0.2836806E+02 -0.2076843E+01  0.7476713E-01 -0.4191342E-01  0.2569622E+00 -0.4967299E-02 -0.4643772E-01  0.1241641E-02  0.1047705E-03 -0.5574886E-04  0.1257981E+01 -0.5791604E+00 -0.5805932E+00
  0.2838542E+02 -0.2082066E+01  0.7296840E-01 -0.4180419E-01  0.3403980E+00 -0.4869867E-02 -0.4642176E-01  0.1241982E-02  0.3969441E-04 -0.3700602E-04  0.1257806E+01 -0.5027457E+00 -0.5804222E+00
  0.2840278E+02 -0.2080699E+01  0.6945522E-01 -0.4174750E-01  0.3908252E+00 -0.4424765E-02 -0.4641633E-01  0.1243713E-02  0.4419631E-05 -0.4101556E-04  0.1257674E+01 -0.4541262E+00 -0.5801136E+00
  0.2842014E+02 -0.2068873E+01  0.6658044E-01 -0.4173173E-01  0.3737038E+00 -0.4982820E-02 -0.4642203E-01  0.1246218E-02 -0.8912057E-04 -0.2152699E-04  0.1257557E+01 -0.4630334E+00 -0.5798213E+00
  0.2843750E+02 -0.2056916E+01  0.6507400E-01 -0.4174237E-01  0.3021385E+00 -0.4694199E-02 -0.4643473E-01  0.1248528E-02 -0.9529068E-04  0.4286716E-04  0.1257410E+01 -0.5239690E+00 -0.5796681E+00
  0.2845486E+02 -0.2051433E+01  0.6656486E-01 -0.4172630E-01  0.2196870E+00 -0.4212226E-02 -0.4644691E-01  0.1249481E-02 -0.5822416E-04  0.4876646E-04  0.1257217E+01 -0.5991095E+00 -0.5796623E+00
  0.2847222E+02 -0.2046252E+01  0.6983582E-01 -0.4165666E-01  0.1399712E+00 -0.6900819E-02 -0.4645056E-01  0.1248616E-02 -0.5504728E-04  0.3518163E-04  0.1256974E+01 -0.6732495E+00 -0.5797985E+00
  0.2848958E+02 -0.2047960E+01  0.7415509E-01 -0.4157492E-01  0.1016573E+00 -0.8320634E-02 -0.4644080E-01  0.1246558E-02 -0.2096152E-05  0.4536813E-04  0.1256693E+01 -0.7105014E+00 -0.5800416E+00
  0.2850694E+02 -0.2061330E+01  0.7669718E-01 -0.4148407E-01  0.1337144E+00 -0.6992375E-02 -0.4642089E-01  0.1244890E-02  0.8480479E-04  0.6056693E-05  0.1256411E+01 -0.6880698E+00 -0.5802530E+00
  0.2852431E+02 -0.2072814E+01  0.7730536E-01 -0.4137710E-01  0.2146192E+00 -0.5755904E-02 -0.4639720E-01  0.1244401E-02  0.9057748E-04 -0.2052939E-04  0.1256164E+01 -0.6169419E+00 -0.5802977E+00
  0.2854167E+02 -0.2075960E+01  0.7482735E-01 -0.4128645E-01  0.2969008E+00 -0.4831673E-02 -0.4637760E-01  0.1244212E-02  0.2739585E-04 -0.2356015E-04  0.1255971E+01 -0.5395083E+00 -0.5801429E+00
  0.2855903E+02 -0.2072743E+01  0.7109291E-01 -0.4123505E-01  0.3516195E+00 -0.4193102E-02 -0.4636788E-01  0.1244733E-02  0.2623348E-04 -0.2769568E-04  0.1255818E+01 -0.4847656E+00 -0.5798935E+00
  0.2857639E+02 -0.2067442E+01  0.6670549E-01 -0.4124939E-01  0.3679082E+00 -0.3331075E-02 -0.4637116E-01  0.1246292E-02 -0.1200430E-04 -0.1578081E-04  0.1255685E+01 -0.4668774E+00 -0.5796835E+00
  0.2859375E+02 -0.2061419E+01  0.6457272E-01 -0.4128106E-01  0.3308565E+00 -0.3152690E-02 -0.4638492E-01  0.1247596E-02 -0.5591649E-04 -0.1185370E-04  0.1255542E+01 -0.5000871E+00 -0.5795536E+00
  0.2861111E+02 -0.2055719E+01  0.6496293E-01 -0.4123585E-01  0.2649480E+00 -0.4708560E-02 -0.4640105E-01  0.1248024E-02 -0.1736913E-04 -0.1318620E-04  0.1255363E+01 -0.5615730E+00 -0.5795042E+00
  0.2862847E+02 -0.2053470E+01  0.6861018E-01 -0.4112128E-01  0.1972192E+00 -0.7489200E-02 -0.4640813E-01  0.1247858E-02 -0.3432024E-04  0.4801500E-05  0.1255145E+01 -0.6262957E+00 -0.5795627E+00
  0.2864583E+02 -0.2054892E+01  0.7254783E-01 -0.4101524E-01  0.1463248E+00 -0.8977969E-02 -0.4640176E-01  0.1246916E-02 -0.1607726E-04  0.3990499E-04  0.1254891E+01 -0.6762531E+00 -0.5797026E+00
  0.2866319E+02 -0.2058720E+01  0.7621711E-01 -0.4092354E-01  0.1436562E+00 -0.7807501E-02 -0.4638456E-01  0.1245620E-02  0.2614085E-04  0.4318365E-04  0.1254624E+01 -0.6780231E+00 -0.5798170E+00
  0.2868056E+02 -0.2064061E+01  0.7720812E-01 -0.4081879E-01  0.1777339E+00 -0.6664033E-02 -0.4636322E-01  0.1245125E-02 -0.1622095E-04  0.2644530E-04  0.1254374E+01 -0.6473353E+00 -0.5798536E+00
  0.2869792E+02 -0.2067605E+01  0.7657908E-01 -0.4071867E-01  0.2342287E+00 -0.5903738E-02 -0.4634255E-01  0.1245479E-02  0.1800031E-04  0.1375801E-04  0.1254147E+01 -0.5943372E+00 -0.5798155E+00
  0.2871528E+02 -0.2070399E+01  0.7326343E-01 -0.4067120E-01  0.3023199E+00 -0.4291014E-02 -0.4632861E-01  0.1246546E-02  0.4945511E-04 -0.1720188E-04  0.1253960E+01 -0.5308681E+00 -0.5796871E+00
  0.2873264E+02 -0.2070250E+01  0.6980938E-01 -0.4071239E-01  0.3445681E+00 -0.2793966E-02 -0.4632551E-01  0.1247730E-02  0.1927592E-04 -0.4066188E-04  0.1253807E+01 -0.4906704E+00 -0.5794612E+00
  0.2875000E+02 -0.2063337E+01  0.6642634E-01 -0.4078893E-01  0.3379230E+00 -0.2246414E-02 -0.4633359E-01  0.1248189E-02 -0.1805977E-04 -0.3462426E-04  0.1253666E+01 -0.4934955E+00 -0.5792232E+00
