  0.6423611E+00 -0.3420924E-02  0.2681474E-01 -0.3879352E-03  0.2487873E-02 -0.5028366E-03  0.1196334E+01  0.1022853E-03 -0.8661472E-06  0.1213438E-01 -0.2335253E+00  0.1000036E+01
  0.6597222E+00 -0.3557980E-02  0.2742569E-01 -0.3989658E-03  0.2218069E-02 -0.5064511E-03  0.1196669E+01  0.9567498E-04 -0.1064784E-05  0.1281332E-01 -0.2345540E+00  0.1000203E+01
  0.6770833E+00 -0.3694092E-02  0.2801675E-01 -0.4099903E-03  0.1961681E-02 -0.5109889E-03  0.1197815E+01  0.8382832E-04 -0.1293134E-05  0.1348631E-01 -0.2351557E+00  0.1001592E+01
  0.6944444E+00 -0.3829363E-02  0.2858855E-01 -0.4210173E-03  0.1718339E-02 -0.5116633E-03  0.1199376E+01  0.8389370E-04 -0.7648755E-06  0.1416348E-01 -0.2361196E+00  0.1003048E+01
  0.7118056E+00 -0.3963507E-02  0.2914183E-01 -0.4320401E-03  0.1487210E-02 -0.5055344E-03  0.1199314E+01  0.9372038E-04 -0.1729511E-06  0.1486538E-01 -0.2375012E+00  0.1002500E+01
  0.7291667E+00 -0.4096126E-02  0.2967732E-01 -0.4430350E-03  0.1267353E-02 -0.4990154E-03  0.1197348E+01  0.9771086E-04 -0.9057605E-06  0.1558914E-01 -0.2385528E+00  0.1000388E+01
  0.7465278E+00 -0.4227068E-02  0.3019564E-01 -0.4539879E-03  0.1058117E-02 -0.5032987E-03  0.1195655E+01  0.8748683E-04 -0.8455812E-06  0.1632376E-01 -0.2388494E+00  0.9992855E+00
  0.7638889E+00 -0.4356349E-02  0.3069737E-01 -0.4649035E-03  0.8591336E-03 -0.5205831E-03  0.1195966E+01  0.7234030E-04  0.3913178E-06  0.1707891E-01 -0.2388119E+00  0.1000520E+01
  0.7812500E+00 -0.4483966E-02  0.3118298E-01 -0.4757922E-03  0.6700190E-03 -0.5408820E-03  0.1197311E+01  0.7203490E-04  0.9373062E-06  0.1785113E-01 -0.2389262E+00  0.1002661E+01
  0.7986111E+00 -0.4609767E-02  0.3165310E-01 -0.4866483E-03  0.4901453E-03 -0.5512499E-03  0.1197412E+01  0.8103773E-04  0.1471872E-05  0.1861718E-01 -0.2391780E+00  0.1003430E+01
  0.8159722E+00 -0.4733729E-02  0.3210831E-01 -0.4974582E-03  0.3190026E-03 -0.5496943E-03  0.1195482E+01  0.8410466E-04  0.1717084E-05  0.1937139E-01 -0.2391865E+00  0.1002399E+01
  0.8333333E+00 -0.4856115E-02  0.3254927E-01 -0.5082186E-03  0.1563975E-03 -0.5461260E-03  0.1193005E+01  0.7814098E-04  0.1293718E-05  0.2012294E-01 -0.2386197E+00  0.1001383E+01
  0.8506944E+00 -0.4976665E-02  0.3297662E-01 -0.5189281E-03  0.1622233E-05 -0.5485308E-03  0.1191558E+01  0.6968824E-04  0.4684062E-06  0.2089346E-01 -0.2379261E+00  0.1001530E+01
  0.8680556E+00 -0.5095097E-02  0.3339084E-01 -0.5295907E-03 -0.1460420E-03 -0.5566985E-03  0.1190761E+01  0.6983239E-04 -0.6563873E-08  0.2169943E-01 -0.2375732E+00  0.1002021E+01
  0.8854167E+00 -0.5211148E-02  0.3379218E-01 -0.5401988E-03 -0.2870062E-03 -0.5672178E-03  0.1189571E+01  0.7281078E-04  0.9423628E-06  0.2252316E-01 -0.2374223E+00  0.1001932E+01
  0.9027778E+00 -0.5325101E-02  0.3418110E-01 -0.5507460E-03 -0.4214066E-03 -0.5812169E-03  0.1187358E+01  0.7655369E-04  0.2329949E-05  0.2335379E-01 -0.2368390E+00  0.1001254E+01
  0.9201389E+00 -0.5436961E-02  0.3455833E-01 -0.5612192E-03 -0.5497392E-03 -0.5992932E-03  0.1184676E+01  0.7026300E-04  0.3426309E-05  0.2417063E-01 -0.2353769E+00  0.1000955E+01
  0.9375000E+00 -0.5546988E-02  0.3492460E-01 -0.5716284E-03 -0.6723841E-03 -0.6166105E-03  0.1183479E+01  0.5701377E-04  0.2722695E-05  0.2496143E-01 -0.2338975E+00  0.1002120E+01
  0.9548611E+00 -0.5655079E-02  0.3528042E-01 -0.5819974E-03 -0.7896917E-03 -0.6270636E-03  0.1183220E+01  0.5973624E-04  0.6170312E-06  0.2576513E-01 -0.2331405E+00  0.1003532E+01
  0.9722222E+00 -0.5760781E-02  0.3562593E-01 -0.5923156E-03 -0.9022706E-03 -0.6283632E-03  0.1181385E+01  0.6722311E-04  0.4481432E-06  0.2660708E-01 -0.2324485E+00  0.1003354E+01
  0.9895833E+00 -0.5863963E-02  0.3596142E-01 -0.6025606E-03 -0.1010489E-02 -0.6289102E-03  0.1178343E+01  0.6850062E-04  0.1080596E-05  0.2746766E-01 -0.2313147E+00  0.1002421E+01
  0.1006944E+01 -0.5964865E-02  0.3628723E-01 -0.6127263E-03 -0.1114418E-02 -0.6390176E-03  0.1174627E+01  0.6914401E-04  0.7354524E-06  0.2833571E-01 -0.2296225E+00  0.1001366E+01
  0.1024306E+01 -0.6063639E-02  0.3660391E-01 -0.6228093E-03 -0.1214229E-02 -0.6597494E-03  0.1171461E+01  0.5755942E-04  0.1252443E-05  0.2917754E-01 -0.2276435E+00  0.1001097E+01
  0.1041667E+01 -0.6160458E-02  0.3691193E-01 -0.6328293E-03 -0.1310140E-02 -0.6851111E-03  0.1170661E+01  0.4986824E-04  0.1612229E-05  0.3000012E-01 -0.2263058E+00  0.1002530E+01
  0.1059028E+01 -0.6255121E-02  0.3721159E-01 -0.6428016E-03 -0.1402555E-02 -0.7050045E-03  0.1170138E+01  0.5663976E-04  0.7996672E-06  0.3085065E-01 -0.2257547E+00  0.1003497E+01
  0.1076389E+01 -0.6347374E-02  0.3750314E-01 -0.6527081E-03 -0.1491904E-02 -0.7170181E-03  0.1167460E+01  0.6681389E-04  0.5701772E-06  0.3174162E-01 -0.2250710E+00  0.1002492E+01
  0.1093750E+01 -0.6437318E-02  0.3778676E-01 -0.6625278E-03 -0.1578325E-02 -0.7270002E-03  0.1163215E+01  0.6480879E-04  0.6063506E-06  0.3264321E-01 -0.2233136E+00  0.1000992E+01
  0.1111111E+01 -0.6524868E-02  0.3806284E-01 -0.6722589E-03 -0.1662015E-02 -0.7457116E-03  0.1159996E+01  0.4857789E-04  0.3319725E-06  0.3352936E-01 -0.2204359E+00  0.1001596E+01
  0.1128472E+01 -0.6610372E-02  0.3833183E-01 -0.6819206E-03 -0.1743065E-02 -0.7701898E-03  0.1158703E+01  0.4194911E-04 -0.4271216E-06  0.3440038E-01 -0.2178439E+00  0.1003827E+01
  0.1145833E+01 -0.6694034E-02  0.3859389E-01 -0.6915292E-03 -0.1821370E-02 -0.7893209E-03  0.1157689E+01  0.5004697E-04  0.1092468E-06  0.3526506E-01 -0.2165753E+00  0.1005026E+01
  0.1163194E+01 -0.6775557E-02  0.3884929E-01 -0.7010751E-03 -0.1897422E-02 -0.7975391E-03  0.1155145E+01  0.5773305E-04  0.7923481E-06  0.3613669E-01 -0.2162163E+00  0.1003801E+01
  0.1180556E+01 -0.6855103E-02  0.3909835E-01 -0.7105549E-03 -0.1971270E-02 -0.8044713E-03  0.1150919E+01  0.6512026E-04 -0.7807073E-06  0.3703082E-01 -0.2156263E+00  0.1001145E+01
  0.1197917E+01 -0.6932690E-02  0.3934134E-01 -0.7199498E-03 -0.2043156E-02 -0.8256355E-03  0.1146419E+01  0.5239209E-04 -0.9191909E-06  0.3794390E-01 -0.2137903E+00  0.9994438E+00
  0.1215278E+01 -0.7008205E-02  0.3957853E-01 -0.7292624E-03 -0.2113311E-02 -0.8630888E-03  0.1143951E+01  0.4126093E-04  0.7356002E-06  0.3886642E-01 -0.2107421E+00  0.1000981E+01
  0.1232639E+01 -0.7081580E-02  0.3981009E-01 -0.7385007E-03 -0.2181965E-02 -0.8961940E-03  0.1143248E+01  0.3275774E-04  0.1415496E-05  0.3978011E-01 -0.2077297E+00  0.1004245E+01
  0.1250000E+01 -0.7153006E-02  0.4003634E-01 -0.7476837E-03 -0.2249248E-02 -0.9135424E-03  0.1143267E+01  0.3627522E-04  0.1341274E-05  0.4068700E-01 -0.2062012E+00  0.1006763E+01
