  0.1814236E+02 -0.8232844E-02  0.1047485E+00 -0.6766866E-02 -0.4007687E-01  0.1662998E-01  0.7496133E+00  0.8527688E-04 -0.1715993E-05  0.2385639E+00 -0.1894004E-01  0.1035623E+01
  0.1815972E+02 -0.8230624E-02  0.1048011E+00 -0.6772177E-02 -0.4010862E-01  0.1597244E-01  0.7349831E+00 -0.7015394E-04  0.1703522E-05  0.2391016E+00 -0.2433308E-01  0.1015345E+01
  0.1817708E+02 -0.8228310E-02  0.1048541E+00 -0.6777810E-02 -0.4014061E-01  0.1606366E-01  0.7117724E+00 -0.1391433E-03  0.3397197E-05  0.2394880E+00 -0.1056338E-01  0.1006332E+01
  0.1819444E+02 -0.8221424E-02  0.1049066E+00 -0.6783667E-02 -0.4017742E-01  0.1683506E-01  0.7102973E+00 -0.3221430E-04  0.2170437E-05  0.2393069E+00  0.1186304E-01  0.1027996E+01
  0.1821181E+02 -0.8213304E-02  0.1049585E+00 -0.6789880E-02 -0.4021535E-01  0.1763521E-01  0.7167091E+00  0.8306565E-05 -0.1145408E-05  0.2387359E+00  0.2395244E-01  0.1046780E+01
  0.1822917E+02 -0.8206588E-02  0.1050103E+00 -0.6796585E-02 -0.4025176E-01  0.1772584E-01  0.7189382E+00  0.1141103E-03 -0.2158103E-05  0.2384082E+00  0.1551583E-01  0.1040455E+01
  0.1824653E+02 -0.8203174E-02  0.1050623E+00 -0.6803317E-02 -0.4028463E-01  0.1699298E-01  0.7154746E+00  0.1044693E-03 -0.2427221E-05  0.2385875E+00 -0.3515390E-02  0.1017413E+01
  0.1826389E+02 -0.8201155E-02  0.1051143E+00 -0.6809502E-02 -0.4031595E-01  0.1599358E-01  0.7255419E+00 -0.2166971E-04 -0.1047520E-05  0.2388259E+00 -0.1434437E-01  0.1015782E+01
  0.1828125E+02 -0.8198985E-02  0.1051664E+00 -0.6815185E-02 -0.4034742E-01  0.1532988E-01  0.7469393E+00 -0.1398605E-03  0.3221059E-05  0.2389350E+00 -0.1429329E-01  0.1036579E+01
  0.1829861E+02 -0.8195390E-02  0.1052186E+00 -0.6820753E-02 -0.4038051E-01  0.1536355E-01  0.7568171E+00 -0.6906146E-04  0.4624307E-05  0.2390999E+00 -0.9853264E-02  0.1051185E+01
  0.1831597E+02 -0.8189999E-02  0.1052708E+00 -0.6826336E-02 -0.4041537E-01  0.1625145E-01  0.7385161E+00 -0.1167190E-04  0.3467155E-05  0.2392076E+00  0.8194753E-03  0.1044625E+01
  0.1833333E+02 -0.8182281E-02  0.1053227E+00 -0.6831789E-02 -0.4045255E-01  0.1768950E-01  0.7115989E+00  0.3456403E-04 -0.1335005E-05  0.2388304E+00  0.1720940E-01  0.1035218E+01
  0.1835069E+02 -0.8174186E-02  0.1053744E+00 -0.6837125E-02 -0.4049005E-01  0.1883642E-01  0.7050248E+00  0.7802967E-04 -0.5171999E-05  0.2382022E+00  0.2113138E-01  0.1033141E+01
  0.1836806E+02 -0.8169766E-02  0.1054260E+00 -0.6842645E-02 -0.4052357E-01  0.1882906E-01  0.7133270E+00  0.7339164E-04 -0.3242911E-05  0.2380128E+00  0.5372159E-02  0.1025501E+01
  0.1838542E+02 -0.8167343E-02  0.1054778E+00 -0.6848502E-02 -0.4055512E-01  0.1762565E-01  0.7303039E+00  0.7221360E-04  0.7076322E-06  0.2383589E+00 -0.1586718E-01  0.1020401E+01
  0.1840278E+02 -0.8166107E-02  0.1055299E+00 -0.6854894E-02 -0.4058549E-01  0.1609153E-01  0.7370218E+00 -0.8158274E-04  0.2736952E-05  0.2388006E+00 -0.2276429E-01  0.1018994E+01
  0.1842014E+02 -0.8163043E-02  0.1055823E+00 -0.6861716E-02 -0.4061801E-01  0.1524135E-01  0.7283607E+00 -0.1526431E-03  0.2812882E-05  0.2391344E+00 -0.1115284E-01  0.1021373E+01
  0.1843750E+02 -0.8157535E-02  0.1056346E+00 -0.6868502E-02 -0.4065325E-01  0.1555083E-01  0.7160811E+00 -0.1215984E-04  0.3054390E-05  0.2392785E+00  0.5734839E-02  0.1026591E+01
  0.1845486E+02 -0.8150073E-02  0.1056869E+00 -0.6874707E-02 -0.4069061E-01  0.1670406E-01  0.7019563E+00  0.7268142E-04  0.3276335E-05  0.2389969E+00  0.2036560E-01  0.1028070E+01
  0.1847222E+02 -0.8142311E-02  0.1057394E+00 -0.6880320E-02 -0.4072840E-01  0.1789765E-01  0.6988673E+00  0.7411098E-04  0.6700421E-06  0.2384453E+00  0.2222566E-01  0.1027499E+01
  0.1848958E+02 -0.8137600E-02  0.1057924E+00 -0.6885654E-02 -0.4076307E-01  0.1839905E-01  0.7182080E+00  0.1940252E-04 -0.2035870E-05  0.2382071E+00  0.5181146E-02  0.1030019E+01
  0.1850694E+02 -0.8135655E-02  0.1058454E+00 -0.6890852E-02 -0.4079468E-01  0.1802766E-01  0.7451543E+00 -0.2709316E-04 -0.2323312E-05  0.2383290E+00 -0.1376896E-01  0.1037737E+01
  0.1852431E+02 -0.8134457E-02  0.1058985E+00 -0.6896119E-02 -0.4082542E-01  0.1723112E-01  0.7603653E+00 -0.1115658E-03 -0.4436065E-07  0.2383989E+00 -0.1810182E-01  0.1047824E+01
  0.1854167E+02 -0.8132926E-02  0.1059516E+00 -0.6901739E-02 -0.4085639E-01  0.1671470E-01  0.7535917E+00 -0.1137612E-03  0.3764263E-05  0.2383933E+00 -0.1243794E-01  0.1046212E+01
  0.1855903E+02 -0.8128524E-02  0.1060046E+00 -0.6907703E-02 -0.4089064E-01  0.1682898E-01  0.7413980E+00  0.8695824E-04  0.5207482E-05  0.2384434E+00 -0.5045974E-02  0.1041794E+01
  0.1857639E+02 -0.8121984E-02  0.1060572E+00 -0.6913837E-02 -0.4092742E-01  0.1736656E-01  0.7105431E+00  0.1924907E-03  0.3697467E-05  0.2385683E+00  0.5409188E-02  0.1022177E+01
  0.1859375E+02 -0.8115351E-02  0.1061100E+00 -0.6920155E-02 -0.4096455E-01  0.1766192E-01  0.6869822E+00  0.1050510E-03  0.1626858E-06  0.2385806E+00  0.1358920E-01  0.1007029E+01
  0.1861111E+02 -0.8111508E-02  0.1061632E+00 -0.6926689E-02 -0.4099881E-01  0.1739212E-01  0.6867428E+00  0.2702051E-06 -0.3343510E-05  0.2386127E+00  0.8548474E-02  0.1001419E+01
  0.1862847E+02 -0.8109434E-02  0.1062166E+00 -0.6933181E-02 -0.4103088E-01  0.1694076E-01  0.7108544E+00 -0.1564680E-03 -0.4075598E-05  0.2385691E+00 -0.4116766E-03  0.1015935E+01
  0.1864583E+02 -0.8107741E-02  0.1062697E+00 -0.6939533E-02 -0.4106200E-01  0.1688902E-01  0.7400007E+00 -0.2186975E-03  0.2640715E-05  0.2384176E+00 -0.4260807E-02  0.1040991E+01
  0.1866319E+02 -0.8105360E-02  0.1063222E+00 -0.6945734E-02 -0.4109330E-01  0.1733646E-01  0.7635569E+00 -0.3813114E-04  0.7202258E-05  0.2384558E+00 -0.9098789E-02  0.1060397E+01
  0.1868056E+02 -0.8101462E-02  0.1063741E+00 -0.6951447E-02 -0.4112606E-01  0.1792439E-01  0.7687789E+00  0.1796207E-03  0.3679581E-05  0.2386152E+00 -0.1265085E-01  0.1063046E+01
  0.1869792E+02 -0.8097062E-02  0.1064256E+00 -0.6956583E-02 -0.4115940E-01  0.1815474E-01  0.7543026E+00  0.1829501E-03  0.6597778E-06  0.2384786E+00 -0.1005280E-01  0.1051279E+01
  0.1871528E+02 -0.8093745E-02  0.1064774E+00 -0.6961412E-02 -0.4119195E-01  0.1789169E-01  0.7288893E+00  0.3490194E-04 -0.9444088E-06  0.2381245E+00 -0.4933745E-02  0.1030236E+01
  0.1873264E+02 -0.8090826E-02  0.1065298E+00 -0.6966392E-02 -0.4122428E-01  0.1750573E-01  0.7178385E+00 -0.1144745E-03 -0.1061298E-05  0.2379342E+00 -0.5588626E-03  0.1022852E+01
  0.1875000E+02 -0.8087258E-02  0.1065820E+00 -0.6972052E-02 -0.4125706E-01  0.1744509E-01  0.7151207E+00 -0.1415140E-03 -0.2365132E-06  0.2379884E+00  0.4654666E-02  0.1025333E+01
