  0.2876736E+02 -0.5976424E-02  0.1367636E+00 -0.1033445E-01 -0.5957487E-01  0.2922789E-01  0.6414528E+00 -0.4210550E-03 -0.3305817E-05  0.2221923E+00  0.8830182E-02  0.9621567E+00
  0.2878472E+02 -0.5971800E-02  0.1368152E+00 -0.1033986E-01 -0.5960582E-01  0.3054517E-01  0.7261834E+00 -0.4060035E-03  0.1436441E-06  0.2213457E+00  0.2731005E-01  0.1065876E+01
  0.2880208E+02 -0.5962538E-02  0.1368671E+00 -0.1034557E-01 -0.5964229E-01  0.3361000E-01  0.7854586E+00 -0.2273858E-03  0.2511089E-05  0.2201703E+00  0.4468559E-01  0.1144616E+01
  0.2881944E+02 -0.5951378E-02  0.1369192E+00 -0.1035162E-01 -0.5968096E-01  0.3605564E-01  0.8166939E+00  0.1944246E-03  0.3519238E-05  0.2193924E+00  0.4173464E-01  0.1175010E+01
  0.2883681E+02 -0.5942928E-02  0.1369712E+00 -0.1035782E-01 -0.5971707E-01  0.3751295E-01  0.8332047E+00  0.4189003E-03  0.3467227E-05  0.2192396E+00  0.2082264E-01  0.1172156E+01
  0.2885417E+02 -0.5940107E-02  0.1370234E+00 -0.1036398E-01 -0.5974766E-01  0.3653080E-01  0.7957238E+00  0.3921390E-03  0.1761559E-05  0.2197466E+00 -0.1361870E-02  0.1112005E+01
  0.2887153E+02 -0.5943575E-02  0.1370760E+00 -0.1037020E-01 -0.5977187E-01  0.3435877E-01  0.7351553E+00  0.1165211E-03 -0.3660493E-05  0.2208193E+00 -0.1689403E-01  0.1034543E+01
  0.2888889E+02 -0.5949407E-02  0.1371294E+00 -0.1037657E-01 -0.5979355E-01  0.3103058E-01  0.6762151E+00 -0.2889796E-03 -0.8834703E-05  0.2220774E+00 -0.1808053E-01  0.9719546E+00
  0.2890625E+02 -0.5951753E-02  0.1371832E+00 -0.1038302E-01 -0.5981877E-01  0.2956089E-01  0.6517849E+00 -0.3789312E-03 -0.9971908E-05  0.2225920E+00 -0.2955740E-02  0.9616228E+00
  0.2892361E+02 -0.5947464E-02  0.1372369E+00 -0.1038915E-01 -0.5985065E-01  0.2990279E-01  0.6533135E+00 -0.2251346E-03 -0.5330797E-05  0.2219593E+00  0.2071446E-01  0.9867092E+00
  0.2894097E+02 -0.5938497E-02  0.1372901E+00 -0.1039488E-01 -0.5988692E-01  0.3277553E-01  0.6745156E+00 -0.6383888E-05  0.2867470E-05  0.2205294E+00  0.4350698E-01  0.1032394E+01
  0.2895833E+02 -0.5926956E-02  0.1373433E+00 -0.1040016E-01 -0.5992613E-01  0.3505043E-01  0.7170694E+00  0.3446095E-03  0.6672825E-05  0.2195276E+00  0.4416355E-01  0.1077252E+01
  0.2897569E+02 -0.5919009E-02  0.1373967E+00 -0.1040515E-01 -0.5996229E-01  0.3655076E-01  0.7523890E+00  0.3803519E-03  0.4136837E-05  0.2195936E+00  0.2009583E-01  0.1090124E+01
  0.2899306E+02 -0.5917225E-02  0.1374509E+00 -0.1040998E-01 -0.5999283E-01  0.3568093E-01  0.7676069E+00  0.6613628E-04  0.2749961E-05  0.2201148E+00  0.2786695E-02  0.1087389E+01
  0.2901042E+02 -0.5918691E-02  0.1375058E+00 -0.1041516E-01 -0.6002031E-01  0.3439189E-01  0.7554376E+00 -0.2789543E-03  0.2128536E-06  0.2205220E+00 -0.1095911E-02  0.1070129E+01
  0.2902778E+02 -0.5921097E-02  0.1375608E+00 -0.1042141E-01 -0.6004642E-01  0.3232220E-01  0.7584394E+00 -0.3852005E-03 -0.6200061E-05  0.2208394E+00 -0.4682136E-03  0.1071913E+01
  0.2904514E+02 -0.5920533E-02  0.1376154E+00 -0.1042830E-01 -0.6007526E-01  0.3192843E-01  0.7435131E+00 -0.1458808E-03 -0.9450850E-05  0.2209963E+00  0.3706838E-02  0.1061181E+01
  0.2906250E+02 -0.5916109E-02  0.1376696E+00 -0.1043528E-01 -0.6010766E-01  0.3188824E-01  0.7053812E+00  0.1513633E-03 -0.7244681E-05  0.2209772E+00  0.1279712E-01  0.1032398E+01
  0.2907986E+02 -0.5908857E-02  0.1377237E+00 -0.1044183E-01 -0.6014308E-01  0.3359533E-01  0.6833147E+00  0.2494376E-03 -0.2827372E-05  0.2204172E+00  0.2682267E-01  0.1025627E+01
  0.2909722E+02 -0.5902333E-02  0.1377782E+00 -0.1044792E-01 -0.6017813E-01  0.3417079E-01  0.6990545E+00  0.1334165E-03  0.2383829E-05  0.2199165E+00  0.3183101E-01  0.1046358E+01
  0.2911458E+02 -0.5898135E-02  0.1378328E+00 -0.1045365E-01 -0.6021099E-01  0.3491017E-01  0.7068500E+00  0.1064120E-03  0.7080770E-05  0.2200153E+00  0.1876901E-01  0.1041928E+01
  0.2913194E+02 -0.5897143E-02  0.1378872E+00 -0.1045906E-01 -0.6024027E-01  0.3385648E-01  0.7175189E+00 -0.3705964E-04  0.7555937E-05  0.2205059E+00  0.2631190E-02  0.1035774E+01
  0.2914931E+02 -0.5897226E-02  0.1379415E+00 -0.1046429E-01 -0.6026819E-01  0.3355332E-01  0.7327640E+00 -0.1640417E-03  0.4066150E-05  0.2207031E+00  0.4389611E-03  0.1048611E+01
  0.2916667E+02 -0.5895392E-02  0.1379960E+00 -0.1046956E-01 -0.6029816E-01  0.3268972E-01  0.7500887E+00 -0.2618252E-03 -0.1940443E-05  0.2205692E+00  0.8861753E-02  0.1073278E+01
  0.2918403E+02 -0.5890923E-02  0.1380509E+00 -0.1047522E-01 -0.6033095E-01  0.3340882E-01  0.7377762E+00 -0.5859570E-04 -0.3682674E-05  0.2203505E+00  0.1556479E-01  0.1068392E+01
  0.2920139E+02 -0.5885317E-02  0.1381060E+00 -0.1048123E-01 -0.6036510E-01  0.3364027E-01  0.7178502E+00  0.8392724E-04 -0.1800650E-05  0.2201409E+00  0.1941428E-01  0.1052502E+01
  0.2921875E+02 -0.5879078E-02  0.1381611E+00 -0.1048739E-01 -0.6040019E-01  0.3498615E-01  0.7038042E+00  0.2423539E-03 -0.3336016E-05  0.2198277E+00  0.2070768E-01  0.1040959E+01
  0.2923611E+02 -0.5874897E-02  0.1382160E+00 -0.1049356E-01 -0.6043315E-01  0.3456380E-01  0.6974720E+00  0.1509124E-03 -0.2888785E-05  0.2196535E+00  0.1827097E-01  0.1031523E+01
  0.2925347E+02 -0.5873819E-02  0.1382709E+00 -0.1049973E-01 -0.6046286E-01  0.3477295E-01  0.7059327E+00 -0.3095275E-04  0.9222046E-06  0.2196255E+00  0.1437336E-01  0.1036109E+01
  0.2927083E+02 -0.5874174E-02  0.1383261E+00 -0.1050603E-01 -0.6049129E-01  0.3314152E-01  0.7397371E+00 -0.1550570E-03  0.4250378E-05  0.2200539E+00  0.8252098E-02  0.1062488E+01
  0.2928819E+02 -0.5874363E-02  0.1383821E+00 -0.1051253E-01 -0.6052030E-01  0.3318875E-01  0.7524944E+00 -0.1268700E-03  0.5302261E-05  0.2205723E+00  0.2747581E-02  0.1070356E+01
  0.2930556E+02 -0.5872942E-02  0.1384386E+00 -0.1051900E-01 -0.6055115E-01  0.3224827E-01  0.7562914E+00 -0.1121987E-03  0.3489877E-05  0.2208132E+00  0.6274469E-02  0.1077014E+01
  0.2932292E+02 -0.5867162E-02  0.1384953E+00 -0.1052504E-01 -0.6058660E-01  0.3339271E-01  0.7413430E+00 -0.4830219E-04  0.2513930E-05  0.2202958E+00  0.1590311E-01  0.1072405E+01
  0.2934028E+02 -0.5859713E-02  0.1385521E+00 -0.1053083E-01 -0.6062369E-01  0.3377620E-01  0.7292022E+00  0.8915279E-04  0.2521597E-05  0.2196312E+00  0.2274248E-01  0.1066982E+01
  0.2935764E+02 -0.5853247E-02  0.1386086E+00 -0.1053650E-01 -0.6065964E-01  0.3542821E-01  0.6988006E+00  0.2197447E-03 -0.8713173E-07  0.2194025E+00  0.2237243E-01  0.1037783E+01
  0.2937500E+02 -0.5849290E-02  0.1386650E+00 -0.1054209E-01 -0.6069283E-01  0.3519243E-01  0.6747846E+00  0.2229039E-03 -0.2582741E-05  0.2196310E+00  0.1439440E-01  0.1005804E+01
