  0.2001736E+02 -0.7807663E-02  0.1103321E+00 -0.7400100E-02 -0.4361119E-01  0.1734576E-01  0.6738736E+00 -0.1972097E-03 -0.3620152E-05  0.2368853E+00  0.3813116E-03  0.9797984E+00
  0.2003472E+02 -0.7801594E-02  0.1103831E+00 -0.7405466E-02 -0.4364495E-01  0.1763099E-01  0.7240679E+00 -0.1002871E-03 -0.4072549E-05  0.2371220E+00  0.4617009E-02  0.1034865E+01
  0.2005208E+02 -0.7797748E-02  0.1104343E+00 -0.7411209E-02 -0.4367696E-01  0.1869771E-01  0.7698842E+00  0.1916815E-04 -0.3232595E-05  0.2374196E+00  0.3772959E-03  0.1077943E+01
  0.2006944E+02 -0.7794527E-02  0.1104860E+00 -0.7417004E-02 -0.4370905E-01  0.2000318E-01  0.7913568E+00 -0.1872026E-04 -0.1000324E-05  0.2374533E+00  0.2039490E-02  0.1102398E+01
  0.2008681E+02 -0.7790791E-02  0.1105382E+00 -0.7423017E-02 -0.4374213E-01  0.2117490E-01  0.7822141E+00 -0.2264282E-04  0.4544237E-05  0.2369717E+00  0.7546942E-02  0.1099472E+01
  0.2010417E+02 -0.7786944E-02  0.1105907E+00 -0.7429490E-02 -0.4377543E-01  0.2179070E-01  0.7421114E+00  0.9008085E-04  0.7041934E-05  0.2362231E+00  0.7790016E-02  0.1059611E+01
  0.2012153E+02 -0.7781149E-02  0.1106432E+00 -0.7436111E-02 -0.4381068E-01  0.2143360E-01  0.6880097E+00  0.2500618E-03  0.7099834E-06  0.2356787E+00  0.2420508E-02  0.9994086E+00
  0.2013889E+02 -0.7775950E-02  0.1106957E+00 -0.7442451E-02 -0.4384500E-01  0.1999008E-01  0.6479454E+00  0.1876543E-03 -0.3682496E-05  0.2356802E+00 -0.1307896E-02  0.9541240E+00
  0.2015625E+02 -0.7773287E-02  0.1107485E+00 -0.7448371E-02 -0.4387669E-01  0.1804709E-01  0.6564875E+00 -0.9473644E-04 -0.2338597E-05  0.2361328E+00  0.4096930E-03  0.9626302E+00
  0.2017361E+02 -0.7773295E-02  0.1108018E+00 -0.7454241E-02 -0.4390562E-01  0.1676668E-01  0.7134996E+00 -0.3836147E-03  0.3443700E-06  0.2368221E+00  0.2407758E-02  0.1020782E+01
  0.2019097E+02 -0.7771747E-02  0.1108553E+00 -0.7460205E-02 -0.4393654E-01  0.1729386E-01  0.7776736E+00 -0.3613374E-03  0.1284069E-05  0.2372773E+00  0.6174922E-02  0.1089746E+01
  0.2020833E+02 -0.7764040E-02  0.1109085E+00 -0.7465878E-02 -0.4397413E-01  0.1954663E-01  0.8146264E+00 -0.7503451E-04  0.9196688E-07  0.2370826E+00  0.1040998E-01  0.1133295E+01
  0.2022569E+02 -0.7754116E-02  0.1109612E+00 -0.7471203E-02 -0.4401388E-01  0.2210793E-01  0.7913192E+00  0.3986644E-03  0.6137488E-07  0.2364546E+00  0.7268905E-02  0.1109271E+01
  0.2024306E+02 -0.7747368E-02  0.1110135E+00 -0.7476142E-02 -0.4405015E-01  0.2334122E-01  0.7222360E+00  0.5088597E-03 -0.9717929E-06  0.2357810E+00 -0.1788725E-02  0.1031817E+01
  0.2026042E+02 -0.7745368E-02  0.1110662E+00 -0.7480990E-02 -0.4408160E-01  0.2241869E-01  0.6626235E+00  0.2006038E-03 -0.1277212E-05  0.2355477E+00 -0.8929956E-02  0.9636175E+00
  0.2027778E+02 -0.7748352E-02  0.1111198E+00 -0.7486468E-02 -0.4410802E-01  0.2001078E-01  0.6379757E+00 -0.2172638E-03 -0.1454796E-06  0.2359320E+00 -0.7816841E-02  0.9376612E+00
  0.2029514E+02 -0.7750568E-02  0.1111740E+00 -0.7492939E-02 -0.4413531E-01  0.1785550E-01  0.6496184E+00 -0.4071201E-03  0.1589062E-05  0.2365190E+00  0.2428485E-02  0.9578111E+00
  0.2031250E+02 -0.7746351E-02  0.1112278E+00 -0.7500123E-02 -0.4416908E-01  0.1732505E-01  0.6964722E+00 -0.3535471E-03  0.2745599E-05  0.2366355E+00  0.1758976E-01  0.1019484E+01
  0.2032986E+02 -0.7735563E-02  0.1112804E+00 -0.7507312E-02 -0.4420935E-01  0.1835035E-01  0.7623588E+00 -0.2831883E-04  0.1673297E-05  0.2362466E+00  0.2588049E-01  0.1094638E+01
  0.2034722E+02 -0.7723111E-02  0.1113323E+00 -0.7513877E-02 -0.4425096E-01  0.1999193E-01  0.8079943E+00  0.2702445E-03  0.1765671E-05  0.2358580E+00  0.1409644E-01  0.1130057E+01
  0.2036458E+02 -0.7716926E-02  0.1113842E+00 -0.7519779E-02 -0.4428626E-01  0.2130785E-01  0.8154108E+00  0.2850440E-03  0.1101059E-05  0.2357749E+00 -0.8025138E-02  0.1116616E+01
  0.2038194E+02 -0.7717392E-02  0.1114370E+00 -0.7525076E-02 -0.4431500E-01  0.2174144E-01  0.7776100E+00  0.1126249E-03 -0.1441939E-05  0.2359474E+00 -0.2067464E-01  0.1066615E+01
  0.2039931E+02 -0.7720262E-02  0.1114903E+00 -0.7529919E-02 -0.4434147E-01  0.2131445E-01  0.7104382E+00 -0.4153660E-04 -0.3146609E-05  0.2361842E+00 -0.1840314E-01  0.1001388E+01
  0.2041667E+02 -0.7720129E-02  0.1115434E+00 -0.7534596E-02 -0.4437090E-01  0.2061033E-01  0.6509905E+00 -0.1411152E-03 -0.4157114E-05  0.2361994E+00 -0.2728965E-02  0.9568437E+00
  0.2043403E+02 -0.7715588E-02  0.1115954E+00 -0.7539587E-02 -0.4440417E-01  0.2014743E-01  0.6281667E+00 -0.1322031E-03 -0.3094972E-05  0.2360624E+00  0.1660712E-01  0.9527845E+00
  0.2045139E+02 -0.7707156E-02  0.1116464E+00 -0.7545144E-02 -0.4444074E-01  0.1997218E-01  0.6447158E+00  0.7450966E-04  0.7558967E-07  0.2359219E+00  0.2473639E-01  0.9773743E+00
  0.2046875E+02 -0.7697287E-02  0.1116972E+00 -0.7550991E-02 -0.4447881E-01  0.1982653E-01  0.6977397E+00  0.1517039E-03  0.2583834E-05  0.2356679E+00  0.1765337E-01  0.1023012E+01
  0.2048611E+02 -0.7691378E-02  0.1117486E+00 -0.7557247E-02 -0.4451335E-01  0.1956439E-01  0.7721653E+00 -0.4988084E-04  0.4967188E-05  0.2354676E+00  0.4178719E-02  0.1083318E+01
  0.2050347E+02 -0.7691242E-02  0.1118009E+00 -0.7564126E-02 -0.4454241E-01  0.1945242E-01  0.8250673E+00 -0.1943158E-03  0.5561495E-05  0.2357107E+00 -0.1149057E-01  0.1120554E+01
  0.2052083E+02 -0.7693289E-02  0.1118533E+00 -0.7571262E-02 -0.4456906E-01  0.1984141E-01  0.8275478E+00 -0.1521089E-03  0.3599784E-06  0.2362637E+00 -0.1806666E-01  0.1117454E+01
  0.2053819E+02 -0.7690163E-02  0.1119047E+00 -0.7577830E-02 -0.4460077E-01  0.2068756E-01  0.7829191E+00  0.5327336E-04 -0.5418302E-05  0.2363132E+00 -0.5973789E-02  0.1086030E+01
  0.2055556E+02 -0.7683690E-02  0.1119548E+00 -0.7583684E-02 -0.4463515E-01  0.2158581E-01  0.7085087E+00  0.1881961E-03 -0.6702688E-05  0.2358320E+00  0.8627184E-02  0.1026787E+01
  0.2057292E+02 -0.7676793E-02  0.1120041E+00 -0.7588806E-02 -0.4466947E-01  0.2181239E-01  0.6520440E+00  0.2812048E-03 -0.4180246E-05  0.2354754E+00  0.1013797E-01  0.9718158E+00
  0.2059028E+02 -0.7671838E-02  0.1120538E+00 -0.7593365E-02 -0.4470186E-01  0.2107597E-01  0.6388699E+00  0.1792096E-03 -0.5588438E-06  0.2355288E+00  0.1206553E-02  0.9489467E+00
  0.2060764E+02 -0.7669924E-02  0.1121045E+00 -0.7597835E-02 -0.4473157E-01  0.1987774E-01  0.6690433E+00 -0.1155594E-03  0.1583902E-05  0.2357151E+00 -0.6794498E-02  0.9698329E+00
  0.2062500E+02 -0.7670297E-02  0.1121560E+00 -0.7602816E-02 -0.4475919E-01  0.1907245E-01  0.7132650E+00 -0.3179520E-03  0.2347898E-05  0.2359750E+00 -0.4558609E-02  0.1015562E+01
