  0.1501736E+02 -0.2151722E+01  0.3074737E-01 -0.1108298E+00  0.2091664E+00 -0.1467983E-01 -0.5201689E-01  0.9348684E-03  0.4939667E-05  0.3285319E-04  0.1414520E+01 -0.6738421E+00 -0.6546389E+00
  0.1503472E+02 -0.2158100E+01  0.3241084E-01 -0.1106372E+00  0.2223457E+00 -0.1260229E-01 -0.5201172E-01  0.9336697E-03  0.8119336E-05  0.1359035E-04  0.1414301E+01 -0.6633386E+00 -0.6546042E+00
  0.1505208E+02 -0.2161806E+01  0.3467899E-01 -0.1103192E+00  0.2365504E+00 -0.1015207E-01 -0.5200353E-01  0.9336346E-03 -0.1218066E-04 -0.1074523E-04  0.1414099E+01 -0.6480418E+00 -0.6544389E+00
  0.1506944E+02 -0.2161393E+01  0.3687601E-01 -0.1099834E+00  0.2390007E+00 -0.8871352E-02 -0.5199230E-01  0.9352475E-03 -0.4602583E-04 -0.1936045E-04  0.1413913E+01 -0.6415797E+00 -0.6542198E+00
  0.1508681E+02 -0.2162282E+01  0.3829878E-01 -0.1097541E+00  0.2363343E+00 -0.6975265E-02 -0.5197821E-01  0.9374217E-03 -0.1478433E-04 -0.8934173E-05  0.1413728E+01 -0.6417143E+00 -0.6539992E+00
  0.1510417E+02 -0.2163335E+01  0.3875191E-01 -0.1096424E+00  0.2328506E+00 -0.6197779E-02 -0.5196273E-01  0.9391056E-03  0.6415617E-05 -0.1206186E-04  0.1413541E+01 -0.6450612E+00 -0.6537459E+00
  0.1512153E+02 -0.2158685E+01  0.3832231E-01 -0.1095890E+00  0.2189416E+00 -0.9594519E-02 -0.5194452E-01  0.9404743E-03 -0.2120939E-04  0.1965342E-04  0.1413344E+01 -0.6582665E+00 -0.6535325E+00
  0.1513889E+02 -0.2153306E+01  0.3684503E-01 -0.1096005E+00  0.2059612E+00 -0.1231619E-01 -0.5192467E-01  0.9413336E-03 -0.1787794E-04  0.5855952E-04  0.1413131E+01 -0.6702272E+00 -0.6534438E+00
  0.1515625E+02 -0.2153291E+01  0.3452976E-01 -0.1096427E+00  0.2110950E+00 -0.1170641E-01 -0.5190877E-01  0.9412807E-03  0.5288001E-04  0.2584612E-04  0.1412913E+01 -0.6669905E+00 -0.6533725E+00
  0.1517361E+02 -0.2156590E+01  0.3233368E-01 -0.1096025E+00  0.2309019E+00 -0.1065151E-01 -0.5190123E-01  0.9409423E-03  0.8798783E-04 -0.2381217E-04  0.1412705E+01 -0.6517995E+00 -0.6532630E+00
  0.1519097E+02 -0.2157663E+01  0.3125708E-01 -0.1094453E+00  0.2461185E+00 -0.1064812E-01 -0.5190124E-01  0.9414324E-03  0.2465936E-04 -0.3938122E-04  0.1412511E+01 -0.6388443E+00 -0.6531387E+00
  0.1520833E+02 -0.2158583E+01  0.3173189E-01 -0.1092200E+00  0.2483679E+00 -0.1065262E-01 -0.5190326E-01  0.9428952E-03 -0.4362649E-05 -0.1765985E-04  0.1412322E+01 -0.6370160E+00 -0.6530337E+00
  0.1522569E+02 -0.2160399E+01  0.3350689E-01 -0.1089879E+00  0.2449741E+00 -0.9678987E-02 -0.5190287E-01  0.9445016E-03 -0.3316286E-04  0.1190981E-04  0.1412129E+01 -0.6394356E+00 -0.6528699E+00
  0.1524306E+02 -0.2160161E+01  0.3602336E-01 -0.1087690E+00  0.2336959E+00 -0.9326438E-02 -0.5189759E-01  0.9454325E-03 -0.6831095E-04  0.2375251E-04  0.1411937E+01 -0.6475966E+00 -0.6525826E+00
  0.1526042E+02 -0.2156649E+01  0.3839488E-01 -0.1085781E+00  0.2186236E+00 -0.9735065E-02 -0.5188460E-01  0.9457407E-03 -0.7029062E-04  0.3501894E-04  0.1411739E+01 -0.6571793E+00 -0.6522808E+00
  0.1527778E+02 -0.2152898E+01  0.3970665E-01 -0.1084476E+00  0.2061004E+00 -0.9614315E-02 -0.5186564E-01  0.9460308E-03 -0.5686228E-04  0.2371647E-04  0.1411537E+01 -0.6645686E+00 -0.6520509E+00
  0.1529514E+02 -0.2152886E+01  0.3962596E-01 -0.1083561E+00  0.2006023E+00 -0.9876196E-02 -0.5184421E-01  0.9469479E-03  0.2914894E-04 -0.1341193E-04  0.1411327E+01 -0.6704442E+00 -0.6519526E+00
  0.1531250E+02 -0.2154973E+01  0.3831447E-01 -0.1082633E+00  0.2106833E+00 -0.1094053E-01 -0.5182270E-01  0.9482533E-03  0.8830667E-04 -0.1927457E-04  0.1411113E+01 -0.6648714E+00 -0.6519699E+00
  0.1532986E+02 -0.2157631E+01  0.3601926E-01 -0.1081815E+00  0.2302768E+00 -0.1150783E-01 -0.5180356E-01  0.9493535E-03  0.7341169E-04  0.8969854E-05  0.1410904E+01 -0.6508913E+00 -0.6519821E+00
  0.1534722E+02 -0.2160862E+01  0.3316835E-01 -0.1081363E+00  0.2538290E+00 -0.1002655E-01 -0.5179132E-01  0.9499849E-03  0.6794766E-04  0.1212200E-04  0.1410706E+01 -0.6320827E+00 -0.6518364E+00
  0.1536458E+02 -0.2161679E+01  0.3070508E-01 -0.1080929E+00  0.2672984E+00 -0.8594631E-02 -0.5179016E-01  0.9502542E-03  0.1239647E-04 -0.1700284E-04  0.1410527E+01 -0.6206812E+00 -0.6515186E+00
  0.1538194E+02 -0.2155822E+01  0.2991834E-01 -0.1079947E+00  0.2561170E+00 -0.9092457E-02 -0.5179818E-01  0.9505794E-03 -0.4786346E-04 -0.1730098E-04  0.1410352E+01 -0.6274352E+00 -0.6511727E+00
  0.1539931E+02 -0.2149522E+01  0.3152229E-01 -0.1078308E+00  0.2283031E+00 -0.9699602E-02 -0.5180784E-01  0.9512633E-03 -0.9645307E-04  0.2320756E-04  0.1410165E+01 -0.6479920E+00 -0.6509672E+00
  0.1541667E+02 -0.2148529E+01  0.3502823E-01 -0.1076162E+00  0.2036449E+00 -0.9851551E-02 -0.5180887E-01  0.9520173E-03 -0.7341990E-04  0.3315040E-04  0.1409957E+01 -0.6682633E+00 -0.6508810E+00
  0.1543403E+02 -0.2151339E+01  0.3893365E-01 -0.1073714E+00  0.1953410E+00 -0.1067091E-01 -0.5179459E-01  0.9528670E-03 -0.1422018E-04  0.1265655E-04  0.1409737E+01 -0.6762131E+00 -0.6508319E+00
  0.1545139E+02 -0.2153884E+01  0.4129085E-01 -0.1071498E+00  0.2010277E+00 -0.1164227E-01 -0.5176615E-01  0.9537193E-03 -0.8487847E-05  0.1543848E-04  0.1409518E+01 -0.6716452E+00 -0.6507976E+00
  0.1546875E+02 -0.2155645E+01  0.4084667E-01 -0.1069827E+00  0.2201687E+00 -0.1046458E-01 -0.5173334E-01  0.9542954E-03  0.4928682E-04  0.1711501E-04  0.1409310E+01 -0.6534796E+00 -0.6506803E+00
  0.1548611E+02 -0.2158056E+01  0.3790734E-01 -0.1068674E+00  0.2456239E+00 -0.8082675E-02 -0.5170857E-01  0.9549361E-03  0.8715897E-04 -0.2185546E-04  0.1409122E+01 -0.6310403E+00 -0.6504626E+00
  0.1550347E+02 -0.2157405E+01  0.3402644E-01 -0.1068005E+00  0.2573216E+00 -0.7952475E-02 -0.5169724E-01  0.9557448E-03  0.5540061E-04 -0.4276234E-04  0.1408946E+01 -0.6225923E+00 -0.6502637E+00
  0.1552083E+02 -0.2154499E+01  0.3086449E-01 -0.1067784E+00  0.2547056E+00 -0.9427216E-02 -0.5169766E-01  0.9568101E-03  0.3308815E-04 -0.2658560E-04  0.1408764E+01 -0.6271050E+00 -0.6501632E+00
  0.1553819E+02 -0.2152815E+01  0.2950549E-01 -0.1068051E+00  0.2457949E+00 -0.1018404E-01 -0.5170455E-01  0.9573613E-03 -0.1381218E-05  0.3087524E-05  0.1408573E+01 -0.6366764E+00 -0.6500405E+00
  0.1555556E+02 -0.2149552E+01  0.3033700E-01 -0.1068051E+00  0.2285236E+00 -0.1014630E-01 -0.5171151E-01  0.9571880E-03 -0.8681742E-04  0.5437937E-04  0.1408376E+01 -0.6500539E+00 -0.6497981E+00
  0.1557292E+02 -0.2146495E+01  0.3293383E-01 -0.1066998E+00  0.2069811E+00 -0.9300241E-02 -0.5171315E-01  0.9573496E-03 -0.1139350E-03  0.7599060E-04  0.1408171E+01 -0.6652025E+00 -0.6495428E+00
  0.1559028E+02 -0.2145195E+01  0.3636345E-01 -0.1064546E+00  0.1948197E+00 -0.8659023E-02 -0.5170555E-01  0.9586219E-03 -0.5349360E-04  0.3852348E-04  0.1407956E+01 -0.6719316E+00 -0.6494352E+00
  0.1560764E+02 -0.2148292E+01  0.3949364E-01 -0.1060869E+00  0.2012351E+00 -0.9537957E-02 -0.5168745E-01  0.9599979E-03  0.3305748E-04 -0.1990591E-04  0.1407741E+01 -0.6661613E+00 -0.6495158E+00
  0.1562500E+02 -0.2156901E+01  0.4107834E-01 -0.1057082E+00  0.2274559E+00 -0.1050836E-01 -0.5166009E-01  0.9602602E-03  0.1106627E-03 -0.7455929E-04  0.1407534E+01 -0.6477132E+00 -0.6496040E+00
