  0.1939236E+02 -0.2129663E+01  0.5003815E-01 -0.8188267E-01  0.2501147E+00 -0.8553271E-02 -0.4969863E-01  0.1071421E-02  0.2399666E-04 -0.1820900E-05  0.1363717E+01 -0.6048340E+00 -0.6211366E+00
  0.1940972E+02 -0.2128416E+01  0.4901231E-01 -0.8164416E-01  0.2579776E+00 -0.9354048E-02 -0.4969687E-01  0.1072921E-02  0.1431636E-04 -0.1949243E-04  0.1363537E+01 -0.5975172E+00 -0.6209302E+00
  0.1942708E+02 -0.2122534E+01  0.4910257E-01 -0.8144282E-01  0.2395645E+00 -0.1088796E-01 -0.4969877E-01  0.1074733E-02 -0.4086905E-04 -0.1303885E-05  0.1363349E+01 -0.6115149E+00 -0.6207810E+00
  0.1944444E+02 -0.2118473E+01  0.5012489E-01 -0.8134639E-01  0.2120605E+00 -0.1058402E-01 -0.4969573E-01  0.1075785E-02 -0.6682188E-04  0.4711584E-04  0.1363137E+01 -0.6337208E+00 -0.6207622E+00
  0.1946181E+02 -0.2123703E+01  0.5121353E-01 -0.8133808E-01  0.2066104E+00 -0.7947441E-02 -0.4968575E-01  0.1075233E-02  0.1500640E-04  0.3225343E-04  0.1362913E+01 -0.6408144E+00 -0.6207528E+00
  0.1947917E+02 -0.2131205E+01  0.5184941E-01 -0.8130946E-01  0.2215528E+00 -0.6457994E-02 -0.4967230E-01  0.1073955E-02  0.5005444E-04 -0.2339761E-04  0.1362699E+01 -0.6314428E+00 -0.6206442E+00
  0.1949653E+02 -0.2130328E+01  0.5187432E-01 -0.8122512E-01  0.2322200E+00 -0.7259949E-02 -0.4965896E-01  0.1073669E-02  0.1085440E-04 -0.1155543E-04  0.1362500E+01 -0.6208053E+00 -0.6204678E+00
  0.1951389E+02 -0.2126675E+01  0.5125014E-01 -0.8114992E-01  0.2296113E+00 -0.7833084E-02 -0.4964860E-01  0.1075146E-02 -0.3649255E-04  0.2151612E-04  0.1362304E+01 -0.6210807E+00 -0.6202944E+00
  0.1953125E+02 -0.2123901E+01  0.5036599E-01 -0.8112190E-01  0.2230183E+00 -0.7106172E-02 -0.4964206E-01  0.1076674E-02 -0.1523574E-04  0.1353889E-04  0.1362102E+01 -0.6252094E+00 -0.6201664E+00
  0.1954861E+02 -0.2123825E+01  0.4980218E-01 -0.8110343E-01  0.2273183E+00 -0.7113872E-02 -0.4963777E-01  0.1076896E-02  0.4905435E-04 -0.2743530E-04  0.1361894E+01 -0.6215674E+00 -0.6201125E+00
  0.1956597E+02 -0.2126632E+01  0.4978261E-01 -0.8103665E-01  0.2380620E+00 -0.9247467E-02 -0.4963228E-01  0.1076672E-02  0.5097260E-04 -0.3981215E-04  0.1361688E+01 -0.6159288E+00 -0.6201123E+00
  0.1958333E+02 -0.2129416E+01  0.5005844E-01 -0.8088727E-01  0.2479483E+00 -0.1002908E-01 -0.4962383E-01  0.1076433E-02  0.2362061E-04  0.9911177E-05  0.1361485E+01 -0.6093545E+00 -0.6200783E+00
  0.1960069E+02 -0.2128914E+01  0.5032383E-01 -0.8070094E-01  0.2456455E+00 -0.8436828E-02 -0.4961514E-01  0.1076117E-02 -0.6333734E-04  0.5523784E-04  0.1361294E+01 -0.6093357E+00 -0.6198940E+00
  0.1961806E+02 -0.2124725E+01  0.5053985E-01 -0.8053679E-01  0.2264945E+00 -0.6498193E-02 -0.4960907E-01  0.1076975E-02 -0.7243988E-04  0.5067748E-04  0.1361100E+01 -0.6221790E+00 -0.6195783E+00
  0.1963542E+02 -0.2120048E+01  0.5101248E-01 -0.8042985E-01  0.2103671E+00 -0.5770089E-02 -0.4960601E-01  0.1079388E-02 -0.3232178E-04  0.1426253E-04  0.1360897E+01 -0.6325153E+00 -0.6193301E+00
  0.1965278E+02 -0.2118436E+01  0.5197364E-01 -0.8034889E-01  0.2043500E+00 -0.7040802E-02 -0.4960135E-01  0.1081154E-02 -0.7092140E-05 -0.1683120E-04  0.1360684E+01 -0.6373622E+00 -0.6193093E+00
  0.1967014E+02 -0.2121580E+01  0.5307361E-01 -0.8025332E-01  0.2127835E+00 -0.9246042E-02 -0.4959027E-01  0.1080219E-02  0.6872732E-04 -0.5207736E-04  0.1360461E+01 -0.6332550E+00 -0.6194739E+00
  0.1968750E+02 -0.2128554E+01  0.5357315E-01 -0.8014240E-01  0.2351800E+00 -0.1082507E-01 -0.4957265E-01  0.1078048E-02  0.8737872E-04 -0.5594286E-04  0.1360244E+01 -0.6189869E+00 -0.6196040E+00
  0.1970486E+02 -0.2133718E+01  0.5279938E-01 -0.8007481E-01  0.2568127E+00 -0.9702647E-02 -0.4955387E-01  0.1077228E-02  0.3789746E-04  0.7608964E-05  0.1360044E+01 -0.6022701E+00 -0.6195318E+00
  0.1972222E+02 -0.2131652E+01  0.5069937E-01 -0.8010009E-01  0.2667320E+00 -0.6530017E-02 -0.4954212E-01  0.1078839E-02 -0.3456363E-04  0.8024044E-04  0.1359864E+01 -0.5894047E+00 -0.6192052E+00
  0.1973958E+02 -0.2125774E+01  0.4833457E-01 -0.8017017E-01  0.2561378E+00 -0.4275716E-02 -0.4954249E-01  0.1081125E-02 -0.6928733E-04  0.6925567E-04  0.1359692E+01 -0.5945174E+00 -0.6187356E+00
  0.1975694E+02 -0.2117380E+01  0.4730102E-01 -0.8016246E-01  0.2266907E+00 -0.5005324E-02 -0.4955008E-01  0.1082723E-02 -0.4762197E-04 -0.2252878E-05  0.1359507E+01 -0.6175669E+00 -0.6184317E+00
  0.1977431E+02 -0.2113544E+01  0.4836618E-01 -0.7999615E-01  0.1961619E+00 -0.7207828E-02 -0.4955440E-01  0.1083451E-02 -0.6632320E-05 -0.2665174E-04  0.1359293E+01 -0.6454318E+00 -0.6184875E+00
  0.1979167E+02 -0.2118196E+01  0.5089833E-01 -0.7972107E-01  0.1865209E+00 -0.8729499E-02 -0.4954815E-01  0.1083048E-02  0.2456363E-04 -0.2385649E-04  0.1359054E+01 -0.6586381E+00 -0.6187670E+00
  0.1980903E+02 -0.2125702E+01  0.5351717E-01 -0.7945215E-01  0.2064477E+00 -0.9839650E-02 -0.4953144E-01  0.1081688E-02  0.6353743E-04 -0.3057247E-04  0.1358815E+01 -0.6446303E+00 -0.6189519E+00
  0.1982639E+02 -0.2132452E+01  0.5489874E-01 -0.7927020E-01  0.2418805E+00 -0.1035019E-01 -0.4950971E-01  0.1080953E-02  0.3555828E-04 -0.1489595E-04  0.1358599E+01 -0.6151028E+00 -0.6189178E+00
  0.1984375E+02 -0.2133298E+01  0.5428672E-01 -0.7921687E-01  0.2707093E+00 -0.8874291E-02 -0.4949096E-01  0.1081903E-02 -0.1913443E-04  0.2187354E-04  0.1358413E+01 -0.5863860E+00 -0.6186506E+00
  0.1986111E+02 -0.2129084E+01  0.5210107E-01 -0.7925354E-01  0.2796330E+00 -0.6532580E-02 -0.4948160E-01  0.1083198E-02 -0.1651700E-04  0.3580993E-04  0.1358249E+01 -0.5732665E+00 -0.6181930E+00
  0.1987847E+02 -0.2119996E+01  0.4974554E-01 -0.7929556E-01  0.2577638E+00 -0.6600491E-02 -0.4948231E-01  0.1084597E-02 -0.5842797E-04  0.3203722E-04  0.1358086E+01 -0.5887211E+00 -0.6177688E+00
  0.1989583E+02 -0.2111637E+01  0.4851032E-01 -0.7931931E-01  0.2133024E+00 -0.7239862E-02 -0.4948684E-01  0.1086320E-02 -0.5049849E-04  0.3426644E-04  0.1357894E+01 -0.6269064E+00 -0.6176499E+00
  0.1991319E+02 -0.2112965E+01  0.4890961E-01 -0.7930798E-01  0.1831367E+00 -0.6206880E-02 -0.4948819E-01  0.1087205E-02  0.3335547E-04  0.4656512E-05  0.1357663E+01 -0.6571343E+00 -0.6178749E+00
  0.1993056E+02 -0.2121795E+01  0.5071024E-01 -0.7918748E-01  0.1862271E+00 -0.6191049E-02 -0.4948148E-01  0.1086269E-02  0.8630670E-04 -0.4328185E-04  0.1357416E+01 -0.6611728E+00 -0.6181477E+00
  0.1994792E+02 -0.2129821E+01  0.5273996E-01 -0.7894039E-01  0.2129652E+00 -0.8248311E-02 -0.4946443E-01  0.1084906E-02  0.6416572E-04 -0.4306709E-04  0.1357179E+01 -0.6424841E+00 -0.6182052E+00
  0.1996528E+02 -0.2131909E+01  0.5341040E-01 -0.7869161E-01  0.2462457E+00 -0.1013138E-01 -0.4944267E-01  0.1084862E-02 -0.8303043E-05 -0.1541244E-05  0.1356970E+01 -0.6124736E+00 -0.6179887E+00
  0.1998264E+02 -0.2129039E+01  0.5223819E-01 -0.7856260E-01  0.2721368E+00 -0.9264025E-02 -0.4942783E-01  0.1085689E-02 -0.4333723E-04  0.3082729E-04  0.1356789E+01 -0.5840564E+00 -0.6175991E+00
  0.2000000E+02 -0.2124275E+01  0.5053421E-01 -0.7852731E-01  0.2774116E+00 -0.7662055E-02 -0.4942651E-01  0.1086901E-02 -0.2723250E-04  0.1149065E-04  0.1356623E+01 -0.5742506E+00 -0.6172119E+00
