  0.1751736E+02 -0.8409080E-02  0.1029320E+00 -0.6556459E-02 -0.3886654E-01  0.1442117E-01  0.7561979E+00 -0.9626117E-04 -0.5010540E-05  0.2402910E+00 -0.1713788E-01  0.1042771E+01
  0.1753472E+02 -0.8402461E-02  0.1029815E+00 -0.6563027E-02 -0.3890121E-01  0.1461777E-01  0.7567557E+00  0.2677574E-05 -0.2726986E-06  0.2404926E+00 -0.7905580E-02  0.1053078E+01
  0.1755208E+02 -0.8394374E-02  0.1030307E+00 -0.6569283E-02 -0.3893748E-01  0.1525886E-01  0.7391695E+00  0.1628804E-03  0.2863084E-05  0.2404750E+00 -0.3134057E-02  0.1041065E+01
  0.1756944E+02 -0.8387100E-02  0.1030803E+00 -0.6575046E-02 -0.3897306E-01  0.1579522E-01  0.6985828E+00  0.1909482E-03  0.3686610E-05  0.2402489E+00  0.3206636E-02  0.1007173E+01
  0.1758681E+02 -0.8380976E-02  0.1031305E+00 -0.6580143E-02 -0.3900793E-01  0.1586981E-01  0.6732774E+00  0.1654956E-04 -0.5586900E-06  0.2395384E+00  0.1258310E-01  0.9904461E+00
  0.1760417E+02 -0.8377422E-02  0.1031808E+00 -0.6584902E-02 -0.3904013E-01  0.1561608E-01  0.6925075E+00 -0.1629936E-03 -0.2226561E-05  0.2387851E+00  0.1273984E-01  0.1008662E+01
  0.1762153E+02 -0.8376129E-02  0.1032307E+00 -0.6589918E-02 -0.3906963E-01  0.1550246E-01  0.7404372E+00 -0.1691248E-03 -0.8160755E-06  0.2386032E+00  0.4154818E-02  0.1047723E+01
  0.1763889E+02 -0.8373255E-02  0.1032799E+00 -0.6595403E-02 -0.3910043E-01  0.1580308E-01  0.7789820E+00 -0.1354384E-03 -0.2291999E-05  0.2388604E+00 -0.1610438E-02  0.1081108E+01
  0.1765625E+02 -0.8365947E-02  0.1033287E+00 -0.6601471E-02 -0.3913578E-01  0.1634542E-01  0.7963324E+00  0.6264939E-04 -0.1774363E-05  0.2391334E+00 -0.7994811E-02  0.1093103E+01
  0.1767361E+02 -0.8359556E-02  0.1033778E+00 -0.6608123E-02 -0.3917013E-01  0.1671129E-01  0.7779843E+00  0.1574779E-03  0.3584780E-06  0.2394258E+00 -0.1275867E-01  0.1070761E+01
  0.1769097E+02 -0.8354521E-02  0.1034279E+00 -0.6614819E-02 -0.3920358E-01  0.1653594E-01  0.7283572E+00  0.1191346E-03 -0.6971264E-06  0.2398273E+00 -0.9245523E-02  0.1024848E+01
  0.1770833E+02 -0.8349900E-02  0.1034784E+00 -0.6621229E-02 -0.3923673E-01  0.1583128E-01  0.6872928E+00  0.9165853E-04 -0.1496964E-05  0.2402380E+00 -0.3765082E-02  0.9889578E+00
  0.1772569E+02 -0.8345394E-02  0.1035286E+00 -0.6627192E-02 -0.3926964E-01  0.1509376E-01  0.6630395E+00 -0.5022565E-04  0.4455206E-06  0.2401944E+00  0.4979909E-02  0.9725442E+00
  0.1774306E+02 -0.8340074E-02  0.1035783E+00 -0.6632853E-02 -0.3930312E-01  0.1480948E-01  0.6716222E+00 -0.8693251E-04  0.1723912E-05  0.2396870E+00  0.1342664E-01  0.9887624E+00
  0.1776042E+02 -0.8334092E-02  0.1036277E+00 -0.6638252E-02 -0.3933727E-01  0.1508848E-01  0.7173499E+00 -0.1060914E-03  0.7465402E-06  0.2390718E+00  0.1373499E-01  0.1034458E+01
  0.1777778E+02 -0.8328063E-02  0.1036775E+00 -0.6643393E-02 -0.3937179E-01  0.1583905E-01  0.7812466E+00 -0.1053197E-03  0.3250391E-06  0.2385921E+00  0.6201446E-02  0.1091108E+01
  0.1779514E+02 -0.8323991E-02  0.1037278E+00 -0.6648597E-02 -0.3940450E-01  0.1676976E-01  0.8132526E+00 -0.4099003E-04  0.5048229E-06  0.2385146E+00 -0.5152541E-02  0.1112695E+01
  0.1781250E+02 -0.8321382E-02  0.1037785E+00 -0.6654196E-02 -0.3943577E-01  0.1735772E-01  0.7959174E+00  0.7660106E-04 -0.2511458E-06  0.2389087E+00 -0.1240502E-01  0.1089222E+01
  0.1782986E+02 -0.8317210E-02  0.1038292E+00 -0.6660142E-02 -0.3946887E-01  0.1738242E-01  0.7557932E+00  0.1022872E-03 -0.1635308E-05  0.2392949E+00 -0.7966097E-02  0.1053988E+01
  0.1784722E+02 -0.8311468E-02  0.1038799E+00 -0.6666499E-02 -0.3950366E-01  0.1694632E-01  0.7037898E+00  0.3451066E-04 -0.8072224E-06  0.2393408E+00  0.4013690E-02  0.1013523E+01
  0.1786458E+02 -0.8304473E-02  0.1039305E+00 -0.6673234E-02 -0.3953956E-01  0.1629637E-01  0.6648643E+00  0.9673655E-04  0.1335161E-05  0.2393774E+00  0.5760302E-02  0.9758097E+00
  0.1788194E+02 -0.8298621E-02  0.1039809E+00 -0.6679828E-02 -0.3957373E-01  0.1576667E-01  0.6572907E+00  0.7753694E-04  0.2535528E-05  0.2396056E+00  0.1077151E-02  0.9632489E+00
  0.1789931E+02 -0.8293096E-02  0.1040312E+00 -0.6685703E-02 -0.3960761E-01  0.1551254E-01  0.6832028E+00 -0.3372328E-04  0.3388486E-05  0.2395597E+00  0.4529550E-02  0.9922190E+00
  0.1791667E+02 -0.8289739E-02  0.1040818E+00 -0.6691146E-02 -0.3963951E-01  0.1542005E-01  0.7338180E+00 -0.1753009E-03  0.2426748E-05  0.2394101E+00  0.5460560E-02  0.1043397E+01
  0.1793403E+02 -0.8288507E-02  0.1041329E+00 -0.6696709E-02 -0.3966960E-01  0.1557730E-01  0.7777133E+00 -0.1600081E-03  0.3045843E-05  0.2393146E+00 -0.3751194E-03  0.1081551E+01
  0.1795139E+02 -0.8284263E-02  0.1041843E+00 -0.6702214E-02 -0.3970342E-01  0.1622761E-01  0.7968064E+00 -0.4764144E-04  0.3661690E-05  0.2389268E+00 -0.5050733E-03  0.1100906E+01
  0.1796875E+02 -0.8277017E-02  0.1042357E+00 -0.6707598E-02 -0.3974056E-01  0.1725344E-01  0.7815266E+00 -0.1791728E-05 -0.1558657E-05  0.2382891E+00  0.6937265E-02  0.1093514E+01
  0.1798611E+02 -0.8269614E-02  0.1042866E+00 -0.6713150E-02 -0.3977723E-01  0.1800039E-01  0.7390105E+00  0.1470168E-03 -0.5260087E-05  0.2381027E+00  0.6540472E-02  0.1051322E+01
  0.1800347E+02 -0.8266033E-02  0.1043369E+00 -0.6719059E-02 -0.3980924E-01  0.1789462E-01  0.6948818E+00  0.2237640E-03 -0.2771257E-05  0.2386520E+00 -0.4617388E-02  0.9965746E+00
  0.1802083E+02 -0.8263074E-02  0.1043873E+00 -0.6725160E-02 -0.3984061E-01  0.1696883E-01  0.6753072E+00  0.1614989E-03  0.1784214E-05  0.2393617E+00 -0.1224432E-01  0.9691152E+00
  0.1803819E+02 -0.8260626E-02  0.1044385E+00 -0.6731526E-02 -0.3987195E-01  0.1575489E-01  0.6948152E+00 -0.1315389E-03  0.4882083E-05  0.2397615E+00 -0.9932552E-02  0.9898468E+00
  0.1805556E+02 -0.8257640E-02  0.1044907E+00 -0.6738161E-02 -0.3990456E-01  0.1503263E-01  0.7252963E+00 -0.2440484E-03  0.4987996E-05  0.2398653E+00 -0.1223895E-02  0.1028322E+01
  0.1807292E+02 -0.8251901E-02  0.1045433E+00 -0.6744526E-02 -0.3994053E-01  0.1541244E-01  0.7467687E+00 -0.1047724E-03  0.1959701E-05  0.2395798E+00  0.8673412E-02  0.1059938E+01
  0.1809028E+02 -0.8244793E-02  0.1045951E+00 -0.6750386E-02 -0.3997749E-01  0.1662272E-01  0.7386959E+00 -0.7611661E-05 -0.4677134E-06  0.2388553E+00  0.1815121E-01  0.1061939E+01
  0.1810764E+02 -0.8238418E-02  0.1046460E+00 -0.6755988E-02 -0.4001295E-01  0.1756063E-01  0.7316218E+00  0.8202956E-04 -0.9923100E-06  0.2381875E+00  0.1761309E-01  0.1054703E+01
  0.1812500E+02 -0.8234872E-02  0.1046968E+00 -0.6761518E-02 -0.4004534E-01  0.1745756E-01  0.7470067E+00  0.1505728E-03 -0.2395071E-05  0.2381382E+00  0.3963480E-03  0.1052802E+01
