 0.98804735538E+00 0.74528862878E+00 0.12517957100E-01
 0.96416613689E+00 0.79068160209E+00 0.35150684613E-01
 0.94035690861E+00 0.81226739225E+00 0.59108607642E-01
 0.91666692818E+00 0.83534971003E+00 0.83512873810E-01
 0.89314236447E+00 0.85960593040E+00 0.10805057522E+00
 0.86982789172E+00 0.88514945670E+00 0.13179712812E+00
 0.84676631198E+00 0.91249647680E+00 0.15387888014E+00
 0.82399821245E+00 0.94164674302E+00 0.17417818589E+00
 0.80156166322E+00 0.97267101658E+00 0.19315756779E+00
 0.77949195934E+00 0.10058076979E+01 0.21163194567E+00
 0.75782141039E+00 0.10406162581E+01 0.23012912566E+00
 0.73657917886E+00 0.10757862595E+01 0.24835839039E+00
 0.71579116774E+00 0.11103921166E+01 0.26593851014E+00
 0.69547995637E+00 0.11441923903E+01 0.28297766665E+00
 0.67566478242E+00 0.11769780476E+01 0.29965310183E+00
 0.65636156725E+00 0.12087193682E+01 0.31576326288E+00
 0.63758298067E+00 0.12390854380E+01 0.33113765409E+00
 0.61933854101E+00 0.12684618770E+01 0.34594343363E+00
 0.60163474578E+00 0.12975559063E+01 0.36018507729E+00
 0.58447522785E+00 0.13262379113E+01 0.37361920034E+00
 0.56786093243E+00 0.13539854476E+01 0.38609946338E+00
 0.55179030982E+00 0.13801583438E+01 0.39756062113E+00
 0.53625951923E+00 0.14042115520E+01 0.40802085241E+00
 0.52126263950E+00 0.14259774572E+01 0.41759015793E+00
 0.50679188256E+00 0.14458540254E+01 0.42623809271E+00
 0.49283780620E+00 0.14644463713E+01 0.43384681829E+00
 0.47938952307E+00 0.14820218201E+01 0.44044960764E+00
 0.46643490324E+00 0.14987201289E+01 0.44631342220E+00
 0.45396076830E+00 0.15146239030E+01 0.45178256402E+00
 0.44195307519E+00 0.15298021145E+01 0.45701724125E+00
 0.43039708861E+00 0.15443543225E+01 0.46193971363E+00
 0.41927754107E+00 0.15583646627E+01 0.46641774520E+00
 0.40857878005E+00 0.15718061762E+01 0.47042503515E+00
 0.39828490205E+00 0.15846085888E+01 0.47398900739E+00
 0.38837987350E+00 0.15967894363E+01 0.47709673705E+00
 0.37884763886E+00 0.16084410869E+01 0.47971350626E+00
 0.36967221622E+00 0.16196413220E+01 0.48185241576E+00
 0.36083778099E+00 0.16304487858E+01 0.48358970612E+00
 0.35232873829E+00 0.16409284737E+01 0.48501730658E+00
 0.34412978483E+00 0.16511407987E+01 0.48623914865E+00
 0.33622596095E+00 0.16611239478E+01 0.48737470210E+00
 0.32860269367E+00 0.16709169807E+01 0.48853197100E+00
 0.32124583153E+00 0.16805647222E+01 0.48975643529E+00
 0.31414167194E+00 0.16901147995E+01 0.49102803420E+00
 0.30727698198E+00 0.16995928658E+01 0.49229606809E+00
 0.30063901309E+00 0.17090024947E+01 0.49350978057E+00
 0.29421551062E+00 0.17183450702E+01 0.49463392004E+00
 0.28799471877E+00 0.17276164917E+01 0.49564624102E+00
 0.28196538146E+00 0.17368133798E+01 0.49653373515E+00
 0.27611673980E+00 0.17459304603E+01 0.49729462583E+00
 0.27043852667E+00 0.17549635773E+01 0.49793068123E+00
 0.26492095871E+00 0.17639161975E+01 0.49844391024E+00
 0.25955472637E+00 0.17728212918E+01 0.49884228643E+00
 0.25433098223E+00 0.17817287879E+01 0.49913210358E+00
 0.24924132795E+00 0.17906979220E+01 0.49932040801E+00
 0.24427780024E+00 0.17997770805E+01 0.49941283195E+00
 0.23943285597E+00 0.18089876112E+01 0.49941527499E+00
 0.23469935674E+00 0.18183226878E+01 0.49933388454E+00
 0.23007055310E+00 0.18277645809E+01 0.49917365026E+00
 0.22554006857E+00 0.18372964697E+01 0.49893728607E+00
 0.22110188358E+00 0.18469121530E+01 0.49862536104E+00
 0.21675031952E+00 0.18566190811E+01 0.49823780495E+00
 0.21248002292E+00 0.18664217933E+01 0.49777007762E+00
 0.20828594994E+00 0.18763249440E+01 0.49721963236E+00
 0.20416335117E+00 0.18863291049E+01 0.49658490812E+00
 0.20010775680E+00 0.18964426683E+01 0.49586642473E+00
 0.19611496225E+00 0.19066798116E+01 0.49506419608E+00
 0.19218101425E+00 0.19170589181E+01 0.49417684769E+00
 0.18830219742E+00 0.19275970658E+01 0.49320592734E+00
 0.18447502134E+00 0.19383030327E+01 0.49215470900E+00
 0.18069620814E+00 0.19491776404E+01 0.49102535706E+00
 0.17696268069E+00 0.19602106227E+01 0.48981793871E+00
 0.17327155116E+00 0.19713843449E+01 0.48853175814E+00
 0.16962011026E+00 0.19826789747E+01 0.48716461834E+00
 0.16600581688E+00 0.19940795095E+01 0.48570924956E+00
 0.16242628829E+00 0.20055716992E+01 0.48415371606E+00
 0.15887929084E+00 0.20171425506E+01 0.48248465817E+00
 0.15536273108E+00 0.20287799485E+01 0.48068747019E+00
 0.15187464738E+00 0.20404797000E+01 0.47874763877E+00
 0.14841320204E+00 0.20522418707E+01 0.47665119020E+00
 0.14497667372E+00 0.20640590014E+01 0.47438616926E+00
 0.14156345040E+00 0.20759133476E+01 0.47194206514E+00
 0.13817202268E+00 0.20877774051E+01 0.46930796466E+00
 0.13480097741E+00 0.20996146628E+01 0.46647628598E+00
 0.13144899182E+00 0.21113715831E+01 0.46343693851E+00
 0.12811482782E+00 0.21229890945E+01 0.46017746692E+00
 0.12479732680E+00 0.21344079958E+01 0.45668235714E+00
 0.12149540459E+00 0.21455702423E+01 0.45293274745E+00
 0.11820804682E+00 0.21564200840E+01 0.44890586784E+00
 0.11493430452E+00 0.21668875645E+01 0.44457472109E+00
 0.11167328997E+00 0.21768917193E+01 0.43991077157E+00
 0.10842417284E+00 0.21863312171E+01 0.43488395549E+00
 0.10518617652E+00 0.21950914081E+01 0.42946331593E+00
 0.10195857472E+00 0.22030454486E+01 0.42361216635E+00
 0.98740688253E-01 0.22100543785E+01 0.41729163005E+00
 0.95531882018E-01 0.22159636927E+01 0.41046245498E+00
 0.92331562176E-01 0.22205957945E+01 0.40308126711E+00
 0.89139173506E-01 0.22237547914E+01 0.39510418648E+00
 0.85954196917E-01 0.22252047911E+01 0.38648786277E+00
 0.82776147123E-01 0.22246664265E+01 0.37719178867E+00
 0.79604570465E-01 0.22218296169E+01 0.36717678659E+00
 0.76439042867E-01 0.22163684165E+01 0.35640426314E+00
 0.73279167923E-01 0.22079401885E+01 0.34483526726E+00
 0.70124575104E-01 0.21961678325E+01 0.33242986391E+00
 0.66974918087E-01 0.21806229011E+01 0.31915369905E+00
 0.63829873179E-01 0.21608353060E+01 0.30497890160E+00
 0.60689137849E-01 0.21363089439E+01 0.28988382275E+00
 0.57552429355E-01 0.21065220889E+01 0.27386169462E+00
 0.54419483455E-01 0.20708908429E+01 0.25692111763E+00
 0.51290053203E-01 0.20287351656E+01 0.23910077790E+00
 0.48163907822E-01 0.19792718761E+01 0.22048005803E+00
 0.45040831653E-01 0.19216216951E+01 0.20117264129E+00
 0.41920623165E-01 0.18548175533E+01 0.18133527798E+00
 0.38803094033E-01 0.17778033123E+01 0.16116657002E+00
 0.35688068282E-01 0.16895184345E+01 0.14090712716E+00
 0.32575381471E-01 0.15887336696E+01 0.12084235856E+00
 0.29464879947E-01 0.14739753751E+01 0.10130624485E+00
 0.26356420135E-01 0.13432783573E+01 0.82625872899E-01
 0.23249867881E-01 0.11942600543E+01 0.65117964198E-01
 0.20145097834E-01 0.10248568958E+01 0.49094687781E-01
 0.17041992870E-01 0.83465071310E+00 0.34867075806E-01
 0.13940443555E-01 0.62770678206E+00 0.22728017167E-01
 0.10840347640E-01 0.41628678879E+00 0.12966556392E-01
 0.77416095879E-02 0.22503869510E+00 0.59595796014E-02
 0.46441401384E-02 0.83677126794E-01 0.18639550888E-02
 0.15478558927E-02 0.97319218758E-02 0.18187085510E-03
