 0.98804735538E+00 0.52918721774E+00 0.80383506889E-02
 0.96416613689E+00 0.56007159077E+00 0.22368950523E-01
 0.94035690861E+00 0.57039218930E+00 0.36641907551E-01
 0.91666692818E+00 0.58000234248E+00 0.50217272184E-01
 0.89314236447E+00 0.59032592816E+00 0.63551415489E-01
 0.86982789172E+00 0.60111310825E+00 0.76881710439E-01
 0.84676631198E+00 0.61205822534E+00 0.90126870654E-01
 0.82399821245E+00 0.62386942166E+00 0.10317374737E+00
 0.80156166322E+00 0.63691908339E+00 0.11577766994E+00
 0.77949195934E+00 0.65088083493E+00 0.12777187065E+00
 0.75782141039E+00 0.66530082779E+00 0.13903810522E+00
 0.73657917886E+00 0.68005100225E+00 0.14954881433E+00
 0.71579116774E+00 0.69484964380E+00 0.15931487267E+00
 0.69547995637E+00 0.70936101198E+00 0.16853643104E+00
 0.67566478242E+00 0.72365624515E+00 0.17750101938E+00
 0.65636156725E+00 0.73780814868E+00 0.18631367445E+00
 0.63758298067E+00 0.75180423666E+00 0.19491717847E+00
 0.61933854101E+00 0.76539786208E+00 0.20310227593E+00
 0.60163474578E+00 0.77833154717E+00 0.21069612331E+00
 0.58447522785E+00 0.79068370575E+00 0.21767865296E+00
 0.56786093243E+00 0.80264696943E+00 0.22410020068E+00
 0.55179030982E+00 0.81433419759E+00 0.22996519336E+00
 0.53625951923E+00 0.82572988038E+00 0.23523382373E+00
 0.52126263950E+00 0.83680412162E+00 0.23996884790E+00
 0.50679188256E+00 0.84760216055E+00 0.24431681699E+00
 0.49283780620E+00 0.85804694997E+00 0.24835558221E+00
 0.47938952307E+00 0.86806778520E+00 0.25209871076E+00
 0.46643490324E+00 0.87783011414E+00 0.25560067453E+00
 0.45396076830E+00 0.88756832038E+00 0.25892202619E+00
 0.44195307519E+00 0.89743795760E+00 0.26205259796E+00
 0.43039708861E+00 0.90750235636E+00 0.26492859266E+00
 0.41927754107E+00 0.91768588457E+00 0.26754350728E+00
 0.40857878005E+00 0.92788358687E+00 0.26996132076E+00
 0.39828490205E+00 0.93804529689E+00 0.27228901726E+00
 0.38837987350E+00 0.94812628050E+00 0.27461327049E+00
 0.37884763886E+00 0.95813564235E+00 0.27696717345E+00
 0.36967221622E+00 0.96809340470E+00 0.27933141698E+00
 0.36083778099E+00 0.97795281548E+00 0.28168336004E+00
 0.35232873829E+00 0.98767376089E+00 0.28399371783E+00
 0.34412978483E+00 0.99725369220E+00 0.28622878406E+00
 0.33622596095E+00 0.10067118767E+01 0.28835637723E+00
 0.32860269367E+00 0.10160875419E+01 0.29036110993E+00
 0.32124583153E+00 0.10254281617E+01 0.29223999159E+00
 0.31414167194E+00 0.10347547969E+01 0.29399519574E+00
 0.30727698198E+00 0.10440811742E+01 0.29563050599E+00
 0.30063901309E+00 0.10534064221E+01 0.29714654761E+00
 0.29421551062E+00 0.10627302620E+01 0.29855016022E+00
 0.28799471877E+00 0.10720658567E+01 0.29986297175E+00
 0.28196538146E+00 0.10814166069E+01 0.30110976294E+00
 0.27611673980E+00 0.10907778796E+01 0.30230279668E+00
 0.27043852667E+00 0.11001596192E+01 0.30344464567E+00
 0.26492095871E+00 0.11095626884E+01 0.30451924312E+00
 0.25955472637E+00 0.11189862585E+01 0.30550378258E+00
 0.25433098223E+00 0.11284349863E+01 0.30638151273E+00
 0.24924132795E+00 0.11379190987E+01 0.30714893735E+00
 0.24427780024E+00 0.11474353785E+01 0.30781311849E+00
 0.23943285597E+00 0.11569830783E+01 0.30838715822E+00
 0.23469935674E+00 0.11665647545E+01 0.30888468516E+00
 0.23007055310E+00 0.11761837557E+01 0.30931792106E+00
 0.22554006857E+00 0.11858486985E+01 0.30969264888E+00
 0.22110188358E+00 0.11955725412E+01 0.31001372411E+00
 0.21675031952E+00 0.12053631668E+01 0.31028492182E+00
 0.21248002292E+00 0.12152314037E+01 0.31051155296E+00
 0.20828594994E+00 0.12251909996E+01 0.31069623948E+00
 0.20416335117E+00 0.12352571765E+01 0.31083352389E+00
 0.20010775680E+00 0.12454660475E+01 0.31091270385E+00
 0.19611496225E+00 0.12558502878E+01 0.31091939441E+00
 0.19218101425E+00 0.12664403717E+01 0.31083947875E+00
 0.18830219742E+00 0.12772435841E+01 0.31066135458E+00
 0.18447502134E+00 0.12882488377E+01 0.31037683016E+00
 0.18069620814E+00 0.12994359633E+01 0.30997861288E+00
 0.17696268069E+00 0.13107871737E+01 0.30946690261E+00
 0.17327155116E+00 0.13222814934E+01 0.30884480575E+00
 0.16962011026E+00 0.13338962081E+01 0.30811701203E+00
 0.16600581688E+00 0.13456037241E+01 0.30728824345E+00
 0.16242628829E+00 0.13573770236E+01 0.30636351646E+00
 0.15887929084E+00 0.13691887196E+01 0.30534870161E+00
 0.15536273108E+00 0.13810186638E+01 0.30424488302E+00
 0.15187464738E+00 0.13928523943E+01 0.30304642271E+00
 0.14841320204E+00 0.14046742686E+01 0.30174383347E+00
 0.14497667372E+00 0.14164631563E+01 0.30032570702E+00
 0.14156345040E+00 0.14281903259E+01 0.29878077892E+00
 0.13817202268E+00 0.14398080352E+01 0.29709981997E+00
 0.13480097741E+00 0.14512693249E+01 0.29527203163E+00
 0.13144899182E+00 0.14625405053E+01 0.29328245602E+00
 0.12811482782E+00 0.14735887382E+01 0.29110860321E+00
 0.12479732680E+00 0.14843783052E+01 0.28872417481E+00
 0.12149540459E+00 0.14948596680E+01 0.28610257578E+00
 0.11820804682E+00 0.15049686688E+01 0.28322360228E+00
 0.11493430452E+00 0.15146179459E+01 0.28007161445E+00
 0.11167328997E+00 0.15237042633E+01 0.27662974873E+00
 0.10842417284E+00 0.15321292764E+01 0.27288388331E+00
 0.10518617652E+00 0.15397939599E+01 0.26881965301E+00
 0.10195857472E+00 0.15465918192E+01 0.26442281622E+00
 0.98740688253E-01 0.15524042686E+01 0.25967934890E+00
 0.95531882018E-01 0.15570967185E+01 0.25457125784E+00
 0.92331562176E-01 0.15605192973E+01 0.24907766401E+00
 0.89139173506E-01 0.15625307849E+01 0.24317549208E+00
 0.85954196917E-01 0.15629881675E+01 0.23684109344E+00
 0.82776147123E-01 0.15617443644E+01 0.23005714967E+00
 0.79604570465E-01 0.15586088789E+01 0.22281432456E+00
 0.76439042867E-01 0.15533477137E+01 0.21511517276E+00
 0.73279167923E-01 0.15456918824E+01 0.20697071041E+00
 0.70124575104E-01 0.15353912940E+01 0.19838999504E+00
 0.66974918087E-01 0.15222402628E+01 0.18937228872E+00
 0.63829873179E-01 0.15060787732E+01 0.17991125788E+00
 0.60689137849E-01 0.14867329125E+01 0.17000386866E+00
 0.57552429355E-01 0.14639443821E+01 0.15967075633E+00
 0.54419483455E-01 0.14373292607E+01 0.14896059980E+00
 0.51290053203E-01 0.14064386401E+01 0.13792416944E+00
 0.48163907822E-01 0.13708068996E+01 0.12660654315E+00
 0.45040831653E-01 0.13298953723E+01 0.11505422581E+00
 0.41920623165E-01 0.12829693982E+01 0.10331976829E+00
 0.38803094033E-01 0.12290847362E+01 0.91466948829E-01
 0.35688068282E-01 0.11671415573E+01 0.79573201501E-01
 0.32575381471E-01 0.10954750200E+01 0.67760614210E-01
 0.29464879947E-01 0.10114663921E+01 0.56208902473E-01
 0.26356420135E-01 0.91189213547E+00 0.45134563318E-01
 0.23249867881E-01 0.79426866017E+00 0.34822281387E-01
 0.20145097834E-01 0.65814622577E+00 0.25514832698E-01
 0.17041992870E-01 0.50781830771E+00 0.17433156647E-01
 0.13940443555E-01 0.35606576505E+00 0.10879081477E-01
 0.10840347640E-01 0.22010933252E+00 0.60067434744E-02
 0.77416095879E-02 0.11329337022E+00 0.27490699105E-02
 0.46441401384E-02 0.41120749525E-01 0.87580344325E-03
 0.15478558927E-02 0.46962694114E-02 0.86257509785E-04
