 0.98804735538E+00 0.73270421231E+00 0.10039172967E-01
 0.96416613689E+00 0.77349491098E+00 0.28073892099E-01
 0.94035690861E+00 0.78791470623E+00 0.48266874662E-01
 0.91666692818E+00 0.80288142014E+00 0.69848267037E-01
 0.89314236447E+00 0.82251565158E+00 0.92507146331E-01
 0.86982789172E+00 0.84801190850E+00 0.11513864355E+00
 0.84676631198E+00 0.87714454775E+00 0.13768369394E+00
 0.82399821245E+00 0.90817298461E+00 0.16057887871E+00
 0.80156166322E+00 0.94117254887E+00 0.18339183773E+00
 0.77949195934E+00 0.97609303977E+00 0.20542615227E+00
 0.75782141039E+00 0.10119884065E+01 0.22631506077E+00
 0.73657917886E+00 0.10490447779E+01 0.24607247226E+00
 0.71579116774E+00 0.10884724649E+01 0.26494929728E+00
 0.69547995637E+00 0.11302872949E+01 0.28305290475E+00
 0.67566478242E+00 0.11727546733E+01 0.30023986420E+00
 0.65636156725E+00 0.12144359519E+01 0.31669281599E+00
 0.63758298067E+00 0.12558032864E+01 0.33295894617E+00
 0.61933854101E+00 0.12978520349E+01 0.34965865925E+00
 0.60163474578E+00 0.13406137051E+01 0.36690801719E+00
 0.58447522785E+00 0.13831903504E+01 0.38408576927E+00
 0.56786093243E+00 0.14246022941E+01 0.40055105605E+00
 0.55179030982E+00 0.14645130494E+01 0.41614615051E+00
 0.53625951923E+00 0.15033182031E+01 0.43107224146E+00
 0.52126263950E+00 0.15414157667E+01 0.44566690455E+00
 0.50679188256E+00 0.15793382907E+01 0.46013782315E+00
 0.49283780620E+00 0.16177953757E+01 0.47444748499E+00
 0.47938952307E+00 0.16570420715E+01 0.48831651283E+00
 0.46643490324E+00 0.16965398189E+01 0.50145983670E+00
 0.45396076830E+00 0.17356677721E+01 0.51376015130E+00
 0.44195307519E+00 0.17742878871E+01 0.52531083439E+00
 0.43039708861E+00 0.18124515490E+01 0.53630120843E+00
 0.41927754107E+00 0.18501523857E+01 0.54685471914E+00
 0.40857878005E+00 0.18874354881E+01 0.55703288688E+00
 0.39828490205E+00 0.19243800809E+01 0.56684038216E+00
 0.38837987350E+00 0.19610252275E+01 0.57618874763E+00
 0.37884763886E+00 0.19972741352E+01 0.58496256401E+00
 0.36967221622E+00 0.20328587083E+01 0.59312272529E+00
 0.36083778099E+00 0.20675326605E+01 0.60071859806E+00
 0.35232873829E+00 0.21012652825E+01 0.60784459675E+00
 0.34412978483E+00 0.21342042365E+01 0.61460279268E+00
 0.33622596095E+00 0.21665256408E+01 0.62107689488E+00
 0.32860269367E+00 0.21983646644E+01 0.62731412985E+00
 0.32124583153E+00 0.22298237316E+01 0.63332293744E+00
 0.31414167194E+00 0.22609804919E+01 0.63908403939E+00
 0.30727698198E+00 0.22918971573E+01 0.64456619658E+00
 0.30063901309E+00 0.23226369043E+01 0.64974570771E+00
 0.29421551062E+00 0.23532716850E+01 0.65462336935E+00
 0.28799471877E+00 0.23838812930E+01 0.65922647854E+00
 0.28196538146E+00 0.24145510014E+01 0.66359767487E+00
 0.27611673980E+00 0.24453596608E+01 0.66778332385E+00
 0.27043852667E+00 0.24763560502E+01 0.67182632993E+00
 0.26492095871E+00 0.25075470670E+01 0.67576061387E+00
 0.25955472637E+00 0.25389166721E+01 0.67960637897E+00
 0.25433098223E+00 0.25704580775E+01 0.68336671362E+00
 0.24924132795E+00 0.26021901823E+01 0.68702586600E+00
 0.24427780024E+00 0.26341539334E+01 0.69055184361E+00
 0.23943285597E+00 0.26664004056E+01 0.69390546110E+00
 0.23469935674E+00 0.26989781704E+01 0.69705294119E+00
 0.23007055310E+00 0.27319227785E+01 0.69997569157E+00
 0.22554006857E+00 0.27652530121E+01 0.70267282338E+00
 0.22110188358E+00 0.27989765923E+01 0.70515685054E+00
 0.21675031952E+00 0.28331009532E+01 0.70744622090E+00
 0.21248002292E+00 0.28676418337E+01 0.70955818888E+00
 0.20828594994E+00 0.29026256878E+01 0.71150391197E+00
 0.20416335117E+00 0.29380865223E+01 0.71328662549E+00
 0.20010775680E+00 0.29740602296E+01 0.71490270090E+00
 0.19611496225E+00 0.30105795582E+01 0.71634411301E+00
 0.19218101425E+00 0.30476711916E+01 0.71760060973E+00
 0.18830219742E+00 0.30853540862E+01 0.71866068968E+00
 0.18447502134E+00 0.31236377786E+01 0.71951152982E+00
 0.18069620814E+00 0.31625206773E+01 0.72013878462E+00
 0.17696268069E+00 0.32019888988E+01 0.72052713538E+00
 0.17327155116E+00 0.32420154925E+01 0.72066154519E+00
 0.16962011026E+00 0.32825595238E+01 0.72052839212E+00
 0.16600581688E+00 0.33235655393E+01 0.72011581211E+00
 0.16242628829E+00 0.33649652409E+01 0.71941323390E+00
 0.15887929084E+00 0.34066819048E+01 0.71841033605E+00
 0.15536273108E+00 0.34486350314E+01 0.71709549868E+00
 0.15187464738E+00 0.34907427298E+01 0.71545402176E+00
 0.14841320204E+00 0.35329212753E+01 0.71346673925E+00
 0.14497667372E+00 0.35750820149E+01 0.71110943618E+00
 0.14156345040E+00 0.36171267171E+01 0.70835293823E+00
 0.13817202268E+00 0.36589431850E+01 0.70516346944E+00
 0.13480097741E+00 0.37004019093E+01 0.70150300021E+00
 0.13144899182E+00 0.37413528617E+01 0.69732966501E+00
 0.12811482782E+00 0.37816212302E+01 0.69259853866E+00
 0.12479732680E+00 0.38210021154E+01 0.68726287828E+00
 0.12149540459E+00 0.38592553067E+01 0.68127556691E+00
 0.11820804682E+00 0.38961011706E+01 0.67459029241E+00
 0.11493430452E+00 0.39312179436E+01 0.66716209303E+00
 0.11167328997E+00 0.39642400920E+01 0.65894719545E+00
 0.10842417284E+00 0.39947569146E+01 0.64990235501E+00
 0.10518617652E+00 0.40223102310E+01 0.63998399598E+00
 0.10195857472E+00 0.40463902053E+01 0.62914735165E+00
 0.98740688253E-01 0.40664291376E+01 0.61734570862E+00
 0.95531882018E-01 0.40817939330E+01 0.60452989398E+00
 0.92331562176E-01 0.40917784155E+01 0.59064822356E+00
 0.89139173506E-01 0.40955967506E+01 0.57564709377E+00
 0.85954196917E-01 0.40923792219E+01 0.55947223429E+00
 0.82776147123E-01 0.40811713692E+01 0.54207047316E+00
 0.79604570465E-01 0.40609366821E+01 0.52339183364E+00
 0.76439042867E-01 0.40305619610E+01 0.50339197396E+00
 0.73279167923E-01 0.39888642577E+01 0.48203532041E+00
 0.70124575104E-01 0.39345997932E+01 0.45929940352E+00
 0.66974918087E-01 0.38664775820E+01 0.43518065064E+00
 0.63829873179E-01 0.37831820825E+01 0.40970141277E+00
 0.60689137849E-01 0.36834095248E+01 0.38291765705E+00
 0.57552429355E-01 0.35659220377E+01 0.35492664683E+00
 0.54419483455E-01 0.34296224978E+01 0.32587401439E+00
 0.51290053203E-01 0.32736514056E+01 0.29595989330E+00
 0.48163907822E-01 0.30975057356E+01 0.26544404138E+00
 0.45040831653E-01 0.29011786058E+01 0.23464973762E+00
 0.41920623165E-01 0.26853164701E+01 0.20396548393E+00
 0.38803094033E-01 0.24513861857E+01 0.17384248237E+00
 0.35688068282E-01 0.22018374850E+01 0.14478500045E+00
 0.32575381471E-01 0.19402363675E+01 0.11733101966E+00
 0.29464879947E-01 0.16713329903E+01 0.92022641163E-01
 0.26356420135E-01 0.14010205241E+01 0.69367951916E-01
 0.23249867881E-01 0.11361453485E+01 0.49796415707E-01
 0.20145097834E-01 0.88414671986E+00 0.33610163371E-01
 0.17041992870E-01 0.65254191901E+00 0.20936859568E-01
 0.13940443555E-01 0.44833528031E+00 0.11693858952E-01
 0.10840347640E-01 0.27749623217E+00 0.55737645765E-02
 0.77416095879E-02 0.14467840926E+00 0.20588584419E-02
 0.46441401384E-02 0.53313434831E-01 0.46779507353E-03
 0.15478558927E-02 0.61352566545E-02 0.30100379069E-04
