  0.494023677688818       2.799626918573217E-003
  0.482083068444808       2.799626918573217E-003
  0.470178454307429       2.799626918573217E-003
  0.458333464089175       2.799626918573217E-003
  0.446571182235371       2.799626918573217E-003
  0.434913945861631       2.799626918573217E-003
  0.423383155988834       2.799626918573217E-003
  0.411999106226866       2.799626918573217E-003
  0.400780831609732       2.799626918573217E-003
  0.389745979670826       2.799626918573217E-003
  0.378910705195787       2.799626918573217E-003
  0.368289589429589       2.799626918573217E-003
  0.357895583870804       2.799626918573217E-003
  0.347739978183089       2.799626918573217E-003
  0.337832391211763       2.799626918573217E-003
  0.328180783626965       2.799626918573217E-003
  0.318791490334566       2.799626918573217E-003
  0.309669270506982       2.799626918573217E-003
  0.300817372888782       2.799626918573217E-003
  0.292237613923089       2.799626918573217E-003
  0.283930466217309       2.799626918573217E-003
  0.275895154911291       2.799626918573217E-003
  0.268129759616606       2.799626918573217E-003
  0.260631319750296       2.799626918573217E-003
  0.253395941278031       2.799626918573217E-003
  0.246418903098633       2.799626918573217E-003
  0.239694761533488       2.799626918573217E-003
  0.233217451621116       2.799626918573217E-003
  0.226980384150971       2.799626918573217E-003
  0.220976537594903       2.799626918573217E-003
  0.215198544304614       2.799626918573217E-003
  0.209638770535251       2.799626918573217E-003
  0.204289390026756       2.799626918573217E-003
  0.199142451024489       2.799626918573217E-003
  0.194189936748791       2.799626918573217E-003
  0.189423819430010       2.799626918573217E-003
  0.184836108112170       2.799626918573217E-003
  0.180418890496514       2.799626918573217E-003
  0.176164369147168       2.799626918573217E-003
  0.172064892417298       2.799626918573217E-003
  0.168112980477160       2.799626918573217E-003
  0.164301346837352       2.799626918573217E-003
  0.160622915763249       2.799626918573217E-003
  0.157070835971696       2.799626918573217E-003
  0.153638490990144       2.799626918573217E-003
  0.150319506542889       2.799626918573217E-003
  0.147107755310190       2.799626918573217E-003
  0.143997359384789       2.799626918573217E-003
  0.140982690727640       2.799626918573217E-003
  0.138058369901191       2.799626918573217E-003
  0.135219263334998       2.799626918573217E-003
  0.132460479355158       2.799626918573217E-003
  0.129777363186511       2.799626918573217E-003
  0.127165491114924       2.799626918573217E-003
  0.124620663976577       2.799626918573217E-003
  0.122138900121970       2.799626918573217E-003
  0.119716427984633       2.799626918573217E-003
  0.117349678368081       2.799626918573217E-003
  0.115035276549601       2.799626918573217E-003
  0.112770034285789       2.799626918573217E-003
  0.110550941792451       2.799626918573217E-003
  0.108375159760403       2.799626918573217E-003
  0.106240011458816       2.799626918573217E-003
  0.104142974968954       2.799626918573217E-003
  0.102081675583382       2.799626918573217E-003
  0.100053878398865       2.799626918573217E-003
  9.805748112521318E-002  2.799626918573217E-003
  9.609050712708822E-002  2.799626918573217E-003
  9.415109871129257E-002  2.799626918573217E-003
  9.223751066816444E-002  2.799626918573217E-003
  9.034810407238425E-002  2.799626918573217E-003
  8.848134034567023E-002  2.799626918573217E-003
  8.663577558146329E-002  2.799626918573217E-003
  8.481005512971024E-002  2.799626918573217E-003
  8.300290843820984E-002  2.799626918573217E-003
  8.121314414564174E-002  2.799626918573217E-003
  7.943964542031634E-002  2.799626918573217E-003
  7.768136553782978E-002  2.799626918573217E-003
  7.593732369014961E-002  2.799626918573217E-003
  7.420660101816801E-002  2.799626918573217E-003
  7.248833685941780E-002  2.799626918573217E-003
  7.078172520242082E-002  2.799626918573217E-003
  6.908601133902609E-002  2.799626918573217E-003
  6.740048870606113E-002  2.799626918573217E-003
  6.572449590766438E-002  2.799626918573217E-003
  6.405741390976866E-002  2.799626918573217E-003
  6.239866339835631E-002  2.799626918573217E-003
  6.074770229329696E-002  2.799626918573217E-003
  5.910402340980070E-002  2.799626918573217E-003
  5.746715225976262E-002  2.799626918573217E-003
  5.583664498553959E-002  2.799626918573217E-003
  5.421208641897379E-002  2.799626918573217E-003
  5.259308825876097E-002  2.799626918573216E-003
  5.097928735954965E-002  2.799626918573216E-003
  4.937034412644775E-002  2.799626918573215E-003
  4.776594100889892E-002  2.799626918573213E-003
  4.616578108817865E-002  2.799626918573208E-003
  4.456958675303846E-002  2.799626918573197E-003
  4.297709845830100E-002  2.799626918573171E-003
  4.138807356147611E-002  2.799626918573127E-003
  3.980228523272378E-002  2.799626918573047E-003
  3.821952143374341E-002  2.799626918572932E-003
  3.663958396140560E-002  2.799626918572827E-003
  3.506228755217522E-002  2.799626918572711E-003
  3.348745904359557E-002  2.799626918572419E-003
  3.191493658931466E-002  2.799626918571694E-003
  3.034456892433729E-002  2.799626918569939E-003
  2.877621467737718E-002  2.799626918565799E-003
  2.720974172736834E-002  2.799626918555949E-003
  2.564502660136703E-002  2.799626918532258E-003
  2.408195391124157E-002  2.799626918474964E-003
  2.252041582670189E-002  2.799626918336050E-003
  2.096031158237066E-002  2.799626917999655E-003
  1.940154701673513E-002  2.799626917189576E-003
  1.784403414095270E-002  2.799626915258301E-003
  1.628769073560682E-002  2.799626910723509E-003
  1.473243997362716E-002  2.799626900296315E-003
  1.317821006770015E-002  2.799626876973793E-003
  1.162493394059760E-002  2.799626826628302E-003
  1.007254891695297E-002  2.799626722741691E-003
  8.520996435103179E-003  2.799626520283026E-003
  6.970221777704344E-003  2.799626153524745E-003
  5.420173819908891E-003  2.799625549713844E-003
  3.870804793969951E-003  2.799624677921997E-003
  2.322070069209592E-003  2.799623646744562E-003
  7.739279463561122E-004  2.799622820145263E-003
