   176.460464652786       0.497823472121770     
   172.195394878614       0.510091183322367     
   167.943182207308       0.545248628774191     
   163.712266621441       0.590127643266400     
   159.510893660919       0.640569414799629     
   155.347041926725       0.693484723312101     
   151.228355655884       0.747234203664189     
   147.162083528958       0.800807887009121     
   143.155024675417       0.852665468957665     
   139.213482622972       0.901553621049082     
   135.343227704320       0.947196231483888     
   131.549468198698       0.990021377762624     
   127.836830255740        1.03064828913702     
   124.209346433774        1.06961683614719     
   120.670452491024        1.10740645863527     
   117.222991901629        1.14409993494464     
   113.869227432507        1.17932607882191     
   110.610859013870        1.21286772362644     
   107.449047065758        1.24488411743881     
   104.384440404033        1.27577238189188     
   101.417207839474        1.30593770804279     
   98.5470725995538        1.33564534750006     
   95.7733487401567        1.36496105588928     
   93.0949787697735        1.39366872950724     
   90.5105717771216        1.42141639336074     
   88.0184414306641        1.44797398263047     
   85.6166433012149        1.47326274059869     
   83.3030110433755        1.49732892099513     
   81.0751910550675        1.52031725664166     
   78.9306753145586        1.54236592871198     
   76.8668321693576        1.56355624357916     
   74.8809349198658        1.58393663096341     
   72.9701881019204        1.60353916898670     
   71.1317514259120        1.62239160639337     
   69.3627613759257        1.64052370223582     
   67.6603505105265        1.65796938049095     
   66.0216645377688        1.67476606544671     
   64.4438772613014        1.69095179124041     
   62.9242035126804        1.70655004719877     
   61.4599101978935        1.72155707039677     
   60.0483255943255        1.73595057518625     
   58.6868470386553        1.74970991774249     
   57.3729471471234        1.76283415881042     
   56.1041787078585        1.77534848277046     
   54.8781783810588        1.78729707864747     
   53.6926693372859        1.79873162051244     
   52.5454629573757        1.80970415650113     
   51.4344597098835        1.82026358671069     
   50.3576493138648        1.83044862309619     
   49.3131102864176        1.84027756199048     
   48.2990089659849        1.84974442926007     
   47.3135980941081        1.85882637249579     
   46.3552150302601        1.86749679914466     
   45.4222796666718        1.87573638247131     
   44.5132921027666        1.88353845459688     
   43.6268301319737        1.89090912685388     
   42.7615465873412        1.89786345261904     
   41.9161665865132        1.90441922046294     
   41.0894847112783        1.91059078648508     
   40.2803621520249        1.91638526885530     
   39.4877238430398        1.92180202092087     
   38.7105556106293        1.92683482323250     
   37.9479013525109        1.93147553389221     
   37.1988602637801        1.93571787658598     
   36.4625841219801        1.93956012382704     
   35.7382746413586        1.94300585476539     
   35.0251809042563        1.94606284904848     
   34.3225968757075        1.94874094514270     
   33.6298590057255        1.95104991675238     
   32.9463439223511        1.95299810293227     
   32.2714662173610        1.95459196326648     
   31.6046763255202        1.95583629866002     
   30.9454584974146        1.95673472139518     
   30.2933288651880        1.95729004985151     
   29.6478335999211        1.95750454540622     
   29.0085471589087        1.95738005624283     
   28.3750706207069        1.95691806590572     
   27.7470301055139        1.95611954997239     
   27.1240752782163        1.95498458952917     
   26.5058779312556        1.95351180659413     
   25.8921306443487        1.95169777130233     
   25.2825455180155        1.94953656777386     
   24.6768529778266        1.94701968151636     
   24.0748006462719        1.94413626814635     
   23.4761522791665        1.94087371149271     
   22.8806867635475        1.93721830118399     
   22.2881971740682        1.93315596233687     
   21.6984898849655        1.92867313733049     
   21.1113837347529        1.92375788029873     
   20.5267092408830        1.91840093394076     
   19.9443078617119        1.91259635377580     
   19.3640313032016        1.90634144675720     
   18.7857408678936        1.89963625162532     
   18.2093068437914        1.89248305721690     
   17.6346079308945        1.88488632438699     
   17.0615307032249        1.87685303883825     
   16.4899691042950        1.86839327947715     
   15.9198239740602        1.85952077486840     
   15.3510026055014        1.85025332051964     
   14.7834183290751        1.84061299805504     
   14.2169901233633        1.83062622927396     
   13.6516422503422        1.82032383887772     
   13.0873039137767        1.80974127739522     
   12.5239089393295        1.79891885242338     
   11.9613954750516        1.78790155971918     
   11.3997057109969        1.77673833363945     
   10.8387856167785        1.76548113978310     
   10.2785846959473        1.75418469544983     
   9.71905575614770        1.74290728632963     
   9.16015469405846        1.73171231774455     
   8.60184029419563        1.72066958308717     
   8.04407404070928        1.70985537082408     
   7.48681994136931        1.69935139210443     
   6.93004436299789        1.68924346398438     
   6.37371587767864        1.67962107236213     
   5.81780511914327        1.67057792803527     
   5.26228464879026        1.66221242119516     
   4.70712883074783        1.65462682855565     
   4.15231371509804        1.64792509668662     
   3.59781692758301        1.64220983995082     
   3.04361756271414        1.63757912468978     
   2.48969607596754        1.63412298185254     
   1.93603417266343        1.63191926964403     
   1.38261470190764        1.63102904094211     
  0.829421586803626        1.63149277598417     
  0.276439840527921        1.63333022972534     
