   155.325288084113        1.84802033572153     
   151.574724227610        1.84835804376941     
   147.839259648731        1.85281999626010     
   144.125118477402        1.85820305516259     
   140.438459181803        1.86436215372849     
   136.786029459676        1.87136779237617     
   133.175168958482        1.87943219037094     
   129.612403961739        1.88843810676886     
   126.103575519227        1.89794098552431     
   122.654055021132        1.90762804689280     
   119.268788364596        1.91751808346062     
   115.952338594034        1.92773264593140     
   112.708499452068        1.93837049985780     
   109.540707181737        1.94936151365022     
   106.451779383419        1.96058169397689     
   103.444778411206        1.97169380239867     
   100.521513108631        1.98248553837279     
   97.6828830705098        1.99288191870093     
   94.9294484224534        2.00272309663810     
   92.2612224920540        2.01193899397131     
   89.6781736330023        2.02065863595851     
   87.1804450836613        2.02895941781752     
   84.7677842083653        2.03692495978069     
   82.4387681624323        2.04465891263923     
   80.1914624455898        2.05211229808126     
   78.0240452119821        2.05922816247725     
   75.9347626103034        2.06596954946433     
   73.9222972273048        2.07234265191997     
   71.9850344670341        2.07842580043331     
   70.1207262058346        2.08424344828225     
   68.3267955453852        2.08978262273935     
   66.6007752399133        2.09501999547172     
   64.9403216738044        2.09988188111001     
   63.3428439877665        2.10440722197529     
   61.8056109853718        2.10858344708025     
   60.3259671837901        2.11245214142212     
   58.9013867749373        2.11607233716296     
   57.5293513796126        2.11947828359572     
   56.2074386338322        2.12272603248006     
   54.9332589057477        2.12587525134687     
   53.7045456051222        2.12891111654921     
   52.5191416560077        2.13184836566447     
   51.3748955450298        2.13470447513484     
   50.2696957308968        2.13750063200970     
   49.2015707976445        2.14023467240436     
   48.1685922922768        2.14288191963173     
   47.1688870772502        2.14545039169194     
   46.2005902860956        2.14794516663935     
   45.2619194454722        2.15035431586693     
   44.3512149867260        2.15268734083442     
   43.4669513045979        2.15494694684077     
   42.6076873417585        2.15714322372876     
   41.7720258189105        2.15927140509422     
   40.9586099469590        2.16135767874136     
   40.1661127528704        2.16341128455974     
   39.3932260207488        2.16543038525224     
   38.6387033972849        2.16742776731491     
   37.9014149318658        2.16940417983309     
   37.1803101399708        2.17136419585182     
   36.4744174216281        2.17330144664535     
   35.7828263469936        2.17519915788341     
   35.1046590683707        2.17706394711388     
   34.4390951216615        2.17890309786496     
   33.7853501130664        2.18069990244560     
   33.1426948769277        2.18244451809499     
   32.5104367649705        2.18413325720861     
   31.8879273903787        2.18576920009132     
   31.2745448369381        2.18733629367559     
   30.6697035489282        2.18882726434398     
   30.0728637844160        2.19023680831975     
   29.4835219286092        2.19156678633068     
   28.9012101643226        2.19281390235128     
   28.3254882831320        2.19397715498647     
   27.7559391082184        2.19505205489884     
   27.1921443144976        2.19602867203813     
   26.6337141637696        2.19690825898549     
   26.0802865589821        2.19768850978229     
   25.5315467766502        2.19836844813104     
   24.9872004617175        2.19894400664714     
   24.4469761891434        2.19941707343632     
   23.9106283666709        2.19978740817936     
   23.3779238086852        2.20005073730578     
   22.8486383295191        2.20020549146057     
   22.3225647195772        2.20023800023951     
   21.7995197944920        2.20014445171275     
   21.2793290080610        2.19992066412887     
   20.7618230130983        2.19956690454402     
   20.2468623554538        2.19907354860913     
   19.7343130303628        2.19845402803557     
   19.2240687291421        2.19770172466703     
   18.7160260556841        2.19680257296186     
   18.2100932166375        2.19576141009072     
   17.7061930713552        2.19456285798716     
   17.2042480164877        2.19320761406841     
   16.7041803537278        2.19168489915527     
   16.2059172624754        2.18999605331780     
   15.7093966528579        2.18814570599347     
   15.2145553156202        2.18612675146730     
   14.7213609386541        2.18392622582831     
   14.2298137536301        2.18153841256963     
   13.7399505852489        2.17896031578900     
   13.2518094562213        2.17618320516399     
   12.7654187887682        2.17320688006165     
   12.2808161081432        2.17002042697099     
   11.7980647784863        2.16663017052128     
   11.3172110975436        2.16304778052438     
   10.8383017538930        2.15927107824692     
   10.3613648937535        2.15531333592323     
   9.88648114798462        2.15119923620640     
   9.41373805318797        2.14694061872917     
   8.94314114482511        2.14257002184452     
   8.47459751711779        2.13811301782252     
   8.00779619125853        2.13363316440555     
   7.54204654688001        2.12916640425225     
   7.07611338003182        2.12477466585140     
   6.60829107175795        2.12051362108992     
   6.13571403172427        2.11649618982468     
   5.65351060215099        2.11277928977572     
   5.15420138303934        2.10942372648461     
   4.62700430466296        2.10655571226814     
   4.05809293207592        2.10422053595923     
   3.43212959383746        2.10249272570788     
   2.73897952842895        2.10136049212871     
   1.98391758105425        2.10081770374112     
   1.19228370252157        2.10088774655878     
  0.394871984313312        2.10162311455489     
