   0.976094711E+00   0.100013132E+01   0.929143080E+00
   0.952237563E+00   0.100013652E+01   0.929147902E+00
   0.928476254E+00   0.100014494E+01   0.929155726E+00
   0.904857602E+00   0.100015620E+01   0.929166186E+00
   0.881427127E+00   0.100017036E+01   0.929179341E+00
   0.858228657E+00   0.100018755E+01   0.929195313E+00
   0.835303967E+00   0.100020788E+01   0.929214198E+00
   0.812692458E+00   0.100023126E+01   0.929235924E+00
   0.790430869E+00   0.100025706E+01   0.929259887E+00
   0.768553050E+00   0.100028506E+01   0.929285902E+00
   0.747089771E+00   0.100031597E+01   0.929314617E+00
   0.726068587E+00   0.100035023E+01   0.929346446E+00
   0.705513749E+00   0.100038783E+01   0.929381376E+00
   0.685446164E+00   0.100042914E+01   0.929419760E+00
   0.665883401E+00   0.100047465E+01   0.929462037E+00
   0.646839734E+00   0.100052380E+01   0.929507699E+00
   0.628326228E+00   0.100057511E+01   0.929555369E+00
   0.610350854E+00   0.100062747E+01   0.929604009E+00
   0.592918637E+00   0.100068160E+01   0.929654293E+00
   0.576031819E+00   0.100073933E+01   0.929707933E+00
   0.559690046E+00   0.100080128E+01   0.929765481E+00
   0.543890573E+00   0.100086621E+01   0.929825802E+00
   0.528628465E+00   0.100093235E+01   0.929887252E+00
   0.513896814E+00   0.100099870E+01   0.929948892E+00
   0.499686951E+00   0.100106547E+01   0.930010919E+00
   0.485988661E+00   0.100113354E+01   0.930074160E+00
   0.472790385E+00   0.100120350E+01   0.930139153E+00
   0.460079421E+00   0.100127566E+01   0.930206192E+00
   0.447842115E+00   0.100135017E+01   0.930275417E+00
   0.436064035E+00   0.100142627E+01   0.930346114E+00
   0.424730142E+00   0.100150295E+01   0.930417347E+00
   0.413824940E+00   0.100157967E+01   0.930488619E+00
   0.403332620E+00   0.100165613E+01   0.930559655E+00
   0.393237184E+00   0.100173234E+01   0.930630460E+00
   0.383522563E+00   0.100180854E+01   0.930701250E+00
   0.374172715E+00   0.100188500E+01   0.930772284E+00
   0.365171718E+00   0.100196189E+01   0.930843710E+00
   0.356503844E+00   0.100203916E+01   0.930915500E+00
   0.348153632E+00   0.100211668E+01   0.930987514E+00
   0.340105938E+00   0.100219424E+01   0.931059575E+00
   0.332345984E+00   0.100227172E+01   0.931131548E+00
   0.324859403E+00   0.100234898E+01   0.931203332E+00
   0.317632260E+00   0.100242594E+01   0.931274829E+00
   0.310651084E+00   0.100250251E+01   0.931345958E+00
   0.303902880E+00   0.100257873E+01   0.931416775E+00
   0.297375146E+00   0.100265487E+01   0.931487504E+00
   0.291055875E+00   0.100273117E+01   0.931558395E+00
   0.284933562E+00   0.100280785E+01   0.931629630E+00
   0.278997201E+00   0.100288495E+01   0.931701259E+00
   0.273236279E+00   0.100296238E+01   0.931773192E+00
   0.267640774E+00   0.100303990E+01   0.931845210E+00
   0.262201143E+00   0.100311726E+01   0.931917073E+00
   0.256908310E+00   0.100319432E+01   0.931988663E+00
   0.251753655E+00   0.100327108E+01   0.932059981E+00
   0.246729001E+00   0.100334766E+01   0.932131124E+00
   0.241826599E+00   0.100342424E+01   0.932202264E+00
   0.237039113E+00   0.100350103E+01   0.932273604E+00
   0.232359601E+00   0.100357829E+01   0.932345386E+00
   0.227781505E+00   0.100365626E+01   0.932417817E+00
   0.223298632E+00   0.100373508E+01   0.932491043E+00
   0.218905135E+00   0.100381491E+01   0.932565210E+00
   0.214595504E+00   0.100389589E+01   0.932640441E+00
   0.210364542E+00   0.100397812E+01   0.932716830E+00
   0.206207358E+00   0.100406165E+01   0.932794433E+00
   0.202119345E+00   0.100414652E+01   0.932873281E+00
   0.198096169E+00   0.100423275E+01   0.932953393E+00
   0.194133755E+00   0.100432038E+01   0.933034796E+00
   0.190228273E+00   0.100440947E+01   0.933117564E+00
   0.186376122E+00   0.100450014E+01   0.933201797E+00
   0.182573921E+00   0.100459252E+01   0.933287629E+00
   0.178818495E+00   0.100468681E+01   0.933375226E+00
   0.175106866E+00   0.100478318E+01   0.933464751E+00
   0.171436236E+00   0.100488175E+01   0.933556323E+00
   0.167803984E+00   0.100498263E+01   0.933650041E+00
   0.164207650E+00   0.100508596E+01   0.933746044E+00
   0.160644927E+00   0.100519190E+01   0.933844465E+00
   0.157113655E+00   0.100530055E+01   0.933945396E+00
   0.153611807E+00   0.100541201E+01   0.934048950E+00
   0.150137487E+00   0.100552653E+01   0.934155335E+00
   0.146688917E+00   0.100564439E+01   0.934264835E+00
   0.143264431E+00   0.100576600E+01   0.934377814E+00
   0.139862470E+00   0.100589179E+01   0.934494676E+00
   0.136481575E+00   0.100602217E+01   0.934615804E+00
   0.133120380E+00   0.100615755E+01   0.934741575E+00
   0.129777604E+00   0.100629834E+01   0.934872367E+00
   0.126452052E+00   0.100644494E+01   0.935008561E+00
   0.123142602E+00   0.100659779E+01   0.935150564E+00
   0.119848207E+00   0.100675739E+01   0.935298833E+00
   0.116567886E+00   0.100692423E+01   0.935453837E+00
   0.113300723E+00   0.100709884E+01   0.935616053E+00
   0.110045857E+00   0.100728178E+01   0.935786006E+00
   0.106802488E+00   0.100747369E+01   0.935964292E+00
   0.103569865E+00   0.100767534E+01   0.936151633E+00
   0.100347285E+00   0.100788766E+01   0.936348883E+00
   0.971340918E-01   0.100811171E+01   0.936557023E+00
   0.939296722E-01   0.100834869E+01   0.936777189E+00
   0.907334521E-01   0.100860000E+01   0.937010656E+00
   0.875448949E-01   0.100886715E+01   0.937258842E+00
   0.843634989E-01   0.100915186E+01   0.937523346E+00
   0.811887953E-01   0.100945609E+01   0.937805982E+00
   0.780203456E-01   0.100978215E+01   0.938108896E+00
   0.748577401E-01   0.101013283E+01   0.938434691E+00
   0.717005957E-01   0.101051148E+01   0.938786464E+00
   0.685485545E-01   0.101092205E+01   0.939167887E+00
   0.654012817E-01   0.101136936E+01   0.939583453E+00
   0.622584647E-01   0.101185941E+01   0.940038720E+00
   0.591198110E-01   0.101239942E+01   0.940540398E+00
   0.559850477E-01   0.101299814E+01   0.941096626E+00
   0.528539192E-01   0.101366660E+01   0.941717638E+00
   0.497261872E-01   0.101441879E+01   0.942416439E+00
   0.466016285E-01   0.101527268E+01   0.943209714E+00
   0.434800348E-01   0.101625120E+01   0.944118781E+00
   0.403612115E-01   0.101738334E+01   0.945170563E+00
   0.372449766E-01   0.101870600E+01   0.946399345E+00
   0.341311600E-01   0.102026675E+01   0.947849315E+00
   0.310196029E-01   0.102212690E+01   0.949577435E+00
   0.279101570E-01   0.102436420E+01   0.951655929E+00
   0.248026833E-01   0.102707397E+01   0.954173364E+00
   0.216970524E-01   0.103036748E+01   0.957233107E+00
   0.185931432E-01   0.103436455E+01   0.960946464E+00
   0.154908425E-01   0.103918074E+01   0.965420810E+00
   0.123900446E-01   0.104490501E+01   0.970738780E+00
   0.929065068E-02   0.105156637E+01   0.976927317E+00
   0.619256849E-02   0.105910627E+01   0.983932046E+00
   0.309571179E-02   0.106737881E+01   0.991617415E+00
   0.000000000E+00   0.107640184E+01   0.100000000E+01
