   0.976094711E+00   0.100166701E+01   0.902703859E+00
   0.952237563E+00   0.100168442E+01   0.902719546E+00
   0.928476254E+00   0.100171230E+01   0.902744671E+00
   0.904857602E+00   0.100174878E+01   0.902777546E+00
   0.881427127E+00   0.100179218E+01   0.902816657E+00
   0.858228657E+00   0.100184132E+01   0.902860943E+00
   0.835303967E+00   0.100189508E+01   0.902909395E+00
   0.812692458E+00   0.100195387E+01   0.902962373E+00
   0.790430869E+00   0.100201805E+01   0.903020218E+00
   0.768553050E+00   0.100208753E+01   0.903082831E+00
   0.747089771E+00   0.100216314E+01   0.903150967E+00
   0.726068587E+00   0.100224473E+01   0.903224495E+00
   0.705513749E+00   0.100233104E+01   0.903302277E+00
   0.685446164E+00   0.100242149E+01   0.903383791E+00
   0.665883401E+00   0.100251628E+01   0.903469221E+00
   0.646839734E+00   0.100261584E+01   0.903558947E+00
   0.628326228E+00   0.100272002E+01   0.903652834E+00
   0.610350854E+00   0.100282801E+01   0.903750151E+00
   0.592918637E+00   0.100293893E+01   0.903850111E+00
   0.576031819E+00   0.100305211E+01   0.903952114E+00
   0.559690046E+00   0.100316723E+01   0.904055859E+00
   0.543890573E+00   0.100328403E+01   0.904161121E+00
   0.528628465E+00   0.100340187E+01   0.904267315E+00
   0.513896814E+00   0.100352030E+01   0.904374046E+00
   0.499686951E+00   0.100363982E+01   0.904481752E+00
   0.485988661E+00   0.100376078E+01   0.904590767E+00
   0.472790385E+00   0.100388239E+01   0.904700365E+00
   0.460079421E+00   0.100400326E+01   0.904809289E+00
   0.447842115E+00   0.100412246E+01   0.904916710E+00
   0.436064035E+00   0.100424017E+01   0.905022795E+00
   0.424730142E+00   0.100435697E+01   0.905128055E+00
   0.413824940E+00   0.100447320E+01   0.905232799E+00
   0.403332620E+00   0.100458904E+01   0.905337191E+00
   0.393237184E+00   0.100470450E+01   0.905441249E+00
   0.383522563E+00   0.100481957E+01   0.905544951E+00
   0.374172715E+00   0.100493407E+01   0.905648137E+00
   0.365171718E+00   0.100504757E+01   0.905750421E+00
   0.356503844E+00   0.100515982E+01   0.905851582E+00
   0.348153632E+00   0.100527104E+01   0.905951814E+00
   0.340105938E+00   0.100538147E+01   0.906051334E+00
   0.332345984E+00   0.100549112E+01   0.906150148E+00
   0.324859403E+00   0.100559988E+01   0.906248164E+00
   0.317632260E+00   0.100570764E+01   0.906345276E+00
   0.310651084E+00   0.100581450E+01   0.906441582E+00
   0.303902880E+00   0.100592077E+01   0.906537355E+00
   0.297375146E+00   0.100602678E+01   0.906632888E+00
   0.291055875E+00   0.100613273E+01   0.906728374E+00
   0.284933562E+00   0.100623864E+01   0.906823815E+00
   0.278997201E+00   0.100634439E+01   0.906919122E+00
   0.273236279E+00   0.100645002E+01   0.907014309E+00
   0.267640774E+00   0.100655565E+01   0.907109503E+00
   0.262201143E+00   0.100666130E+01   0.907204720E+00
   0.256908310E+00   0.100676690E+01   0.907299889E+00
   0.251753655E+00   0.100687238E+01   0.907394948E+00
   0.246729001E+00   0.100697778E+01   0.907489928E+00
   0.241826599E+00   0.100708319E+01   0.907584924E+00
   0.237039113E+00   0.100718871E+01   0.907680022E+00
   0.232359601E+00   0.100729438E+01   0.907775255E+00
   0.227781505E+00   0.100740025E+01   0.907870662E+00
   0.223298632E+00   0.100750643E+01   0.907966348E+00
   0.218905135E+00   0.100761305E+01   0.908062437E+00
   0.214595504E+00   0.100772030E+01   0.908159089E+00
   0.210364542E+00   0.100782845E+01   0.908256556E+00
   0.206207358E+00   0.100793782E+01   0.908355120E+00
   0.202119345E+00   0.100804867E+01   0.908455014E+00
   0.198096169E+00   0.100816122E+01   0.908556448E+00
   0.194133755E+00   0.100827579E+01   0.908659704E+00
   0.190228273E+00   0.100839276E+01   0.908765115E+00
   0.186376122E+00   0.100851242E+01   0.908872950E+00
   0.182573921E+00   0.100863494E+01   0.908983365E+00
   0.178818495E+00   0.100876043E+01   0.909096462E+00
   0.175106866E+00   0.100888897E+01   0.909212301E+00
   0.171436236E+00   0.100902061E+01   0.909330931E+00
   0.167803984E+00   0.100915541E+01   0.909452414E+00
   0.164207650E+00   0.100929348E+01   0.909576842E+00
   0.160644927E+00   0.100943493E+01   0.909704321E+00
   0.157113655E+00   0.100957991E+01   0.909834975E+00
   0.153611807E+00   0.100972862E+01   0.909968992E+00
   0.150137487E+00   0.100988139E+01   0.910106673E+00
   0.146688917E+00   0.101003866E+01   0.910248404E+00
   0.143264431E+00   0.101020087E+01   0.910394587E+00
   0.139862470E+00   0.101036844E+01   0.910545598E+00
   0.136481575E+00   0.101054172E+01   0.910701761E+00
   0.133120380E+00   0.101072105E+01   0.910863369E+00
   0.129777604E+00   0.101090677E+01   0.911030744E+00
   0.126452052E+00   0.101109933E+01   0.911204274E+00
   0.123142602E+00   0.101129924E+01   0.911384440E+00
   0.119848207E+00   0.101150715E+01   0.911571808E+00
   0.116567886E+00   0.101172377E+01   0.911767028E+00
   0.113300723E+00   0.101194998E+01   0.911970881E+00
   0.110045857E+00   0.101218681E+01   0.912184321E+00
   0.106802488E+00   0.101243555E+01   0.912408483E+00
   0.103569865E+00   0.101269765E+01   0.912644683E+00
   0.100347285E+00   0.101297470E+01   0.912894366E+00
   0.971340918E-01   0.101326834E+01   0.913158992E+00
   0.939296722E-01   0.101358024E+01   0.913440082E+00
   0.907334521E-01   0.101391240E+01   0.913739417E+00
   0.875448949E-01   0.101426720E+01   0.914059165E+00
   0.843634989E-01   0.101464749E+01   0.914401882E+00
   0.811887953E-01   0.101505659E+01   0.914770566E+00
   0.780203456E-01   0.101549856E+01   0.915168873E+00
   0.748577401E-01   0.101597854E+01   0.915601433E+00
   0.717005957E-01   0.101650305E+01   0.916074121E+00
   0.685485545E-01   0.101708023E+01   0.916594271E+00
   0.654012817E-01   0.101772018E+01   0.917171000E+00
   0.622584647E-01   0.101843547E+01   0.917815615E+00
   0.591198110E-01   0.101924183E+01   0.918542314E+00
   0.559850477E-01   0.102015917E+01   0.919369016E+00
   0.528539192E-01   0.102121236E+01   0.920318154E+00
   0.497261872E-01   0.102243273E+01   0.921417954E+00
   0.466016285E-01   0.102385907E+01   0.922703374E+00
   0.434800348E-01   0.102553830E+01   0.924216702E+00
   0.403612115E-01   0.102752735E+01   0.926009231E+00
   0.372449766E-01   0.102989453E+01   0.928142546E+00
   0.341311600E-01   0.103271866E+01   0.930687654E+00
   0.310196029E-01   0.103608789E+01   0.933724007E+00
   0.279101570E-01   0.104009627E+01   0.937336362E+00
   0.248026833E-01   0.104483587E+01   0.941607701E+00
   0.216970524E-01   0.105038474E+01   0.946608348E+00
   0.185931432E-01   0.105678901E+01   0.952379885E+00
   0.154908425E-01   0.106404424E+01   0.958918309E+00
   0.123900446E-01   0.107208717E+01   0.966166613E+00
   0.929065068E-02   0.108080011E+01   0.974018730E+00
   0.619256849E-02   0.109003281E+01   0.982339251E+00
   0.309571179E-02   0.109963990E+01   0.990997178E+00
   0.000000000E+00   0.110962970E+01   0.100000000E+01
