   0.976094711E+00   0.100051308E+01   0.919744822E+00
   0.952237563E+00   0.100052440E+01   0.919755223E+00
   0.928476254E+00   0.100054045E+01   0.919769984E+00
   0.904857602E+00   0.100055971E+01   0.919787688E+00
   0.881427127E+00   0.100058218E+01   0.919808339E+00
   0.858228657E+00   0.100060918E+01   0.919833164E+00
   0.835303967E+00   0.100064173E+01   0.919863081E+00
   0.812692458E+00   0.100067983E+01   0.919898108E+00
   0.790430869E+00   0.100072305E+01   0.919937838E+00
   0.768553050E+00   0.100077067E+01   0.919981611E+00
   0.747089771E+00   0.100082216E+01   0.920028950E+00
   0.726068587E+00   0.100087725E+01   0.920079587E+00
   0.705513749E+00   0.100093561E+01   0.920133240E+00
   0.685446164E+00   0.100099651E+01   0.920189224E+00
   0.665883401E+00   0.100105965E+01   0.920247267E+00
   0.646839734E+00   0.100112625E+01   0.920308488E+00
   0.628326228E+00   0.100119754E+01   0.920374027E+00
   0.610350854E+00   0.100127328E+01   0.920443648E+00
   0.592918637E+00   0.100135248E+01   0.920516460E+00
   0.576031819E+00   0.100143431E+01   0.920591684E+00
   0.559690046E+00   0.100151821E+01   0.920668807E+00
   0.543890573E+00   0.100160451E+01   0.920748145E+00
   0.528628465E+00   0.100169403E+01   0.920830435E+00
   0.513896814E+00   0.100178674E+01   0.920915663E+00
   0.499686951E+00   0.100188189E+01   0.921003130E+00
   0.485988661E+00   0.100197865E+01   0.921092076E+00
   0.472790385E+00   0.100207607E+01   0.921181638E+00
   0.460079421E+00   0.100217342E+01   0.921271127E+00
   0.447842115E+00   0.100227017E+01   0.921360062E+00
   0.436064035E+00   0.100236591E+01   0.921448075E+00
   0.424730142E+00   0.100246089E+01   0.921535386E+00
   0.413824940E+00   0.100255599E+01   0.921622811E+00
   0.403332620E+00   0.100265180E+01   0.921710891E+00
   0.393237184E+00   0.100274810E+01   0.921799413E+00
   0.383522563E+00   0.100284413E+01   0.921887693E+00
   0.374172715E+00   0.100293931E+01   0.921975191E+00
   0.365171718E+00   0.100303360E+01   0.922061863E+00
   0.356503844E+00   0.100312727E+01   0.922147977E+00
   0.348153632E+00   0.100322073E+01   0.922233885E+00
   0.340105938E+00   0.100331418E+01   0.922319792E+00
   0.332345984E+00   0.100340759E+01   0.922405669E+00
   0.324859403E+00   0.100350081E+01   0.922491361E+00
   0.317632260E+00   0.100359365E+01   0.922576708E+00
   0.310651084E+00   0.100368604E+01   0.922661634E+00
   0.303902880E+00   0.100377802E+01   0.922746196E+00
   0.297375146E+00   0.100386979E+01   0.922830556E+00
   0.291055875E+00   0.100396153E+01   0.922914889E+00
   0.284933562E+00   0.100405331E+01   0.922999254E+00
   0.278997201E+00   0.100414500E+01   0.923083549E+00
   0.273236279E+00   0.100423643E+01   0.923167590E+00
   0.267640774E+00   0.100432741E+01   0.923251229E+00
   0.262201143E+00   0.100441789E+01   0.923334409E+00
   0.256908310E+00   0.100450789E+01   0.923417137E+00
   0.251753655E+00   0.100459743E+01   0.923499448E+00
   0.246729001E+00   0.100468661E+01   0.923581435E+00
   0.241826599E+00   0.100477560E+01   0.923663243E+00
   0.237039113E+00   0.100486453E+01   0.923744990E+00
   0.232359601E+00   0.100495346E+01   0.923826738E+00
   0.227781505E+00   0.100504246E+01   0.923908557E+00
   0.223298632E+00   0.100513172E+01   0.923990613E+00
   0.218905135E+00   0.100522151E+01   0.924073155E+00
   0.214595504E+00   0.100531214E+01   0.924156471E+00
   0.210364542E+00   0.100540387E+01   0.924240791E+00
   0.206207358E+00   0.100549683E+01   0.924326249E+00
   0.202119345E+00   0.100559115E+01   0.924412952E+00
   0.198096169E+00   0.100568691E+01   0.924500980E+00
   0.194133755E+00   0.100578417E+01   0.924590388E+00
   0.190228273E+00   0.100588304E+01   0.924681278E+00
   0.186376122E+00   0.100598372E+01   0.924773829E+00
   0.182573921E+00   0.100608640E+01   0.924868222E+00
   0.178818495E+00   0.100619124E+01   0.924964602E+00
   0.175106866E+00   0.100629840E+01   0.925063105E+00
   0.171436236E+00   0.100640798E+01   0.925163841E+00
   0.167803984E+00   0.100652008E+01   0.925266896E+00
   0.164207650E+00   0.100663482E+01   0.925372373E+00
   0.160644927E+00   0.100675235E+01   0.925480415E+00
   0.157113655E+00   0.100687289E+01   0.925591220E+00
   0.153611807E+00   0.100699672E+01   0.925705058E+00
   0.150137487E+00   0.100712420E+01   0.925822243E+00
   0.146688917E+00   0.100725565E+01   0.925943085E+00
   0.143264431E+00   0.100739143E+01   0.926067902E+00
   0.139862470E+00   0.100753189E+01   0.926197024E+00
   0.136481575E+00   0.100767734E+01   0.926330735E+00
   0.133120380E+00   0.100782804E+01   0.926469267E+00
   0.129777604E+00   0.100798424E+01   0.926612852E+00
   0.126452052E+00   0.100814625E+01   0.926761785E+00
   0.123142602E+00   0.100831448E+01   0.926916434E+00
   0.119848207E+00   0.100848943E+01   0.927077261E+00
   0.116567886E+00   0.100867169E+01   0.927244812E+00
   0.113300723E+00   0.100886191E+01   0.927419675E+00
   0.110045857E+00   0.100906079E+01   0.927602503E+00
   0.106802488E+00   0.100926915E+01   0.927794035E+00
   0.103569865E+00   0.100948789E+01   0.927995117E+00
   0.100347285E+00   0.100971811E+01   0.928206761E+00
   0.971340918E-01   0.100996110E+01   0.928430127E+00
   0.939296722E-01   0.101021820E+01   0.928666475E+00
   0.907334521E-01   0.101049100E+01   0.928917252E+00
   0.875448949E-01   0.101078131E+01   0.929184126E+00
   0.843634989E-01   0.101109124E+01   0.929469034E+00
   0.811887953E-01   0.101142330E+01   0.929774295E+00
   0.780203456E-01   0.101178047E+01   0.930102627E+00
   0.748577401E-01   0.101216612E+01   0.930457143E+00
   0.717005957E-01   0.101258427E+01   0.930841541E+00
   0.685485545E-01   0.101303979E+01   0.931260290E+00
   0.654012817E-01   0.101353864E+01   0.931718865E+00
   0.622584647E-01   0.101408826E+01   0.932224115E+00
   0.591198110E-01   0.101469790E+01   0.932784543E+00
   0.559850477E-01   0.101537906E+01   0.933410715E+00
   0.528539192E-01   0.101614619E+01   0.934115914E+00
   0.497261872E-01   0.101701780E+01   0.934917169E+00
   0.466016285E-01   0.101801791E+01   0.935836542E+00
   0.434800348E-01   0.101917723E+01   0.936902267E+00
   0.403612115E-01   0.102053504E+01   0.938150473E+00
   0.372449766E-01   0.102214120E+01   0.939626971E+00
   0.341311600E-01   0.102405752E+01   0.941388593E+00
   0.310196029E-01   0.102635926E+01   0.943504518E+00
   0.279101570E-01   0.102913706E+01   0.946058077E+00
   0.248026833E-01   0.103249510E+01   0.949145036E+00
   0.216970524E-01   0.103654347E+01   0.952866589E+00
   0.185931432E-01   0.104138748E+01   0.957319559E+00
   0.154908425E-01   0.104711035E+01   0.962580436E+00
   0.123900446E-01   0.105374617E+01   0.968680571E+00
   0.929065068E-02   0.106125586E+01   0.975584023E+00
   0.619256849E-02   0.106952135E+01   0.983182265E+00
   0.309571179E-02   0.107837437E+01   0.991320611E+00
   0.000000000E+00   0.108781595E+01   0.100000000E+01
