  0.9880473554E+00 -0.2672712523E-52
  0.9641661369E+00  0.6994245466E-51
  0.9403569086E+00  0.1457695868E-50
  0.9166669282E+00 -0.1152262479E-49
  0.8931423645E+00 -0.4260850697E-49
  0.8698278917E+00  0.1202683389E-48
  0.8467663120E+00  0.7674484486E-48
  0.8239982125E+00 -0.1021235693E-47
  0.8015616632E+00 -0.1847377664E-46
  0.7794919593E+00  0.1133195055E-46
  0.7578214104E+00  0.1141460158E-44
  0.7365791789E+00  0.2069244606E-44
  0.7157911677E+00 -0.3111219813E-43
  0.6954799564E+00 -0.1041862816E-42
  0.6756647824E+00  0.1743675275E-42
  0.6563615673E+00  0.1138715962E-41
  0.6375829807E+00  0.1140402408E-41
  0.6193385410E+00  0.7937493282E-42
  0.6016347458E+00 -0.2749183533E-40
  0.5844752278E+00 -0.2498331319E-39
  0.5678609324E+00  0.2131405450E-38
  0.5517903098E+00  0.1564718987E-37
  0.5362595192E+00 -0.1475824436E-36
  0.5212626395E+00 -0.1125750793E-35
  0.5067918826E+00  0.4468163270E-35
  0.4928378062E+00  0.4431180831E-34
  0.4793895231E+00 -0.1858720404E-34
  0.4664349032E+00 -0.8095057241E-33
  0.4539607683E+00 -0.1380440087E-32
  0.4419530752E+00  0.7524229738E-32
  0.4303970886E+00  0.3262616652E-31
  0.4192775411E+00  0.1662273162E-32
  0.4085787801E+00 -0.2702906249E-30
  0.3982849020E+00 -0.6680210019E-30
  0.3883798735E+00  0.4844838338E-31
  0.3788476389E+00  0.3794142153E-29
  0.3696722162E+00  0.9307435272E-29
  0.3608377810E+00  0.6898395953E-29
  0.3523287383E+00 -0.1973353488E-28
  0.3441297848E+00 -0.7601432857E-28
  0.3362259610E+00 -0.1272019935E-27
  0.3286026937E+00 -0.8233938397E-28
  0.3212458315E+00  0.1709340754E-27
  0.3141416719E+00  0.6667718873E-27
  0.3072769820E+00  0.1250007808E-26
  0.3006390131E+00  0.1556117966E-26
  0.2942155106E+00  0.1108589036E-26
  0.2879947188E+00 -0.6323328726E-27
  0.2819653815E+00 -0.4462372674E-26
  0.2761167398E+00 -0.1156951843E-25
  0.2704385267E+00 -0.2257090997E-25
  0.2649209587E+00 -0.3477293249E-25
  0.2595547264E+00 -0.3984809658E-25
  0.2543309822E+00 -0.2802902415E-25
  0.2492413280E+00 -0.3781320991E-26
  0.2442778002E+00 -0.5158926966E-26
  0.2394328560E+00 -0.9755760366E-25
  0.2346993567E+00 -0.3012628525E-24
  0.2300705531E+00 -0.4363270605E-24
  0.2255400686E+00  0.6705489706E-25
  0.2211018836E+00  0.2278397765E-23
  0.2167503195E+00  0.7672449341E-23
  0.2124800229E+00  0.1773239683E-22
  0.2082859499E+00  0.3308775953E-22
  0.2041633512E+00  0.5184414032E-22
  0.2001077568E+00  0.6682639536E-22
  0.1961149623E+00  0.6226324293E-22
  0.1921810143E+00  0.1179616400E-22
  0.1883021974E+00 -0.1193133243E-21
  0.1844750213E+00 -0.3637891644E-21
  0.1806962081E+00 -0.7246316541E-21
  0.1769626807E+00 -0.1106309011E-20
  0.1732715512E+00 -0.1154027345E-20
  0.1696201103E+00  0.8174660795E-22
  0.1660058169E+00  0.4766238045E-20
  0.1624262883E+00  0.1741759216E-19
  0.1588792908E+00  0.4723385519E-19
  0.1553627311E+00  0.1130168721E-18
  0.1518746474E+00  0.2507909210E-18
  0.1484132020E+00  0.5292304430E-18
  0.1449766737E+00  0.1072080140E-17
  0.1415634504E+00  0.2106746604E-17
  0.1381720227E+00  0.4038790128E-17
  0.1348009774E+00  0.7618508755E-17
  0.1314489918E+00  0.1425540630E-16
  0.1281148278E+00  0.2659121110E-16
  0.1247973268E+00  0.4959279053E-16
  0.1214954046E+00  0.9266490880E-16
  0.1182080468E+00  0.1739027116E-15
  0.1149343045E+00  0.3279097127E-15
  0.1116732900E+00  0.6197817239E-15
  0.1084241728E+00  0.1170511222E-14
  0.1051861765E+00  0.2203437789E-14
  0.1019585747E+00  0.4129827621E-14
  0.9874068825E-01  0.7707727332E-14
  0.9553188202E-01  0.1434377834E-13
  0.9233156218E-01  0.2667846242E-13
  0.8913917351E-01  0.4972141803E-13
  0.8595419692E-01  0.9309004329E-13
  0.8277614712E-01  0.1754575732E-12
  0.7960457047E-01  0.3334404106E-12
  0.7643904287E-01  0.6395667775E-12
  0.7327916792E-01  0.1238794594E-11
  0.7012457510E-01  0.2423190890E-11
  0.6697491809E-01  0.4785673080E-11
  0.6382987318E-01  0.9536602296E-11
  0.6068913785E-01  0.1915246776E-10
  0.5755242935E-01  0.3869402664E-10
  0.5441948345E-01  0.7845300453E-10
  0.5129005320E-01  0.1591657572E-09
  0.4816390782E-01  0.3219737116E-09
  0.4504083165E-01  0.6466530788E-09
  0.4192062316E-01  0.1282986773E-08
  0.3880309403E-01  0.2500070862E-08
  0.3568806828E-01  0.4752629756E-08
  0.3257538147E-01  0.8744396581E-08
  0.2946487995E-01  0.1542653534E-07
  0.2635642014E-01  0.2580122379E-07
  0.2324986788E-01  0.4034799719E-07
  0.2014509783E-01  0.5797540950E-07
  0.1704199287E-01  0.7483048193E-07
  0.1394044356E-01  0.8413194995E-07
  0.1084034764E-01  0.7876894717E-07
  0.7741609588E-02  0.5700284916E-07
  0.4644140138E-02  0.2737449901E-07
  0.1547855893E-02  0.6088471341E-08
