   0.146321081E+03  -0.150431105E-03  -0.308772523E-03  -0.150650693E-03  -0.242054639E-04
   0.142793068E+03  -0.415545344E-03  -0.516700746E-03  -0.416021509E-03  -0.353457214E-04
   0.139283879E+03  -0.497251973E-03  -0.473468542E-03  -0.497819239E-03   0.105140544E-03
   0.135800980E+03  -0.355773788E-03  -0.229444181E-03  -0.356293546E-03   0.401109056E-03
   0.132351824E+03  -0.767285058E-04   0.844756196E-04  -0.771377660E-04   0.774127045E-03
   0.128942090E+03   0.197319113E-03   0.315055355E-03   0.197034010E-03   0.109199944E-02
   0.125575778E+03   0.341779308E-03   0.369909958E-03   0.341609844E-03   0.121714842E-02
   0.122256478E+03   0.301167510E-03   0.232573547E-03   0.301037133E-03   0.108801161E-02
   0.118987994E+03   0.119982043E-03   0.625262833E-05   0.119703975E-03   0.768872784E-03
   0.115774462E+03  -0.855822051E-04  -0.179155078E-03  -0.862390009E-04   0.399125975E-03
   0.112621246E+03  -0.203878422E-03  -0.231989082E-03  -0.205066536E-03   0.102035151E-03
   0.109533201E+03  -0.219898083E-03  -0.207692588E-03  -0.221648875E-03  -0.964813647E-04
   0.106514191E+03  -0.226221456E-03  -0.241335715E-03  -0.228524779E-03  -0.258120219E-03
   0.103567928E+03  -0.296070956E-03  -0.345683494E-03  -0.298918926E-03  -0.426476204E-03
   0.100697082E+03  -0.411107491E-03  -0.473167403E-03  -0.414484355E-03  -0.579983846E-03
   0.979029005E+02  -0.547673875E-03  -0.622152527E-03  -0.551521652E-03  -0.700726735E-03
   0.951854260E+02  -0.725181328E-03  -0.830045810E-03  -0.729451913E-03  -0.823138236E-03
   0.925450978E+02  -0.968157587E-03  -0.110786381E-02  -0.972952541E-03  -0.990200462E-03
   0.899830065E+02  -0.127828267E-02  -0.144876837E-02  -0.128373517E-02  -0.122295686E-02
   0.874996588E+02  -0.165011736E-02  -0.185145318E-02  -0.165624675E-02  -0.154248577E-02
   0.850948792E+02  -0.208721031E-02  -0.232154767E-02  -0.209395409E-02  -0.196951721E-02
   0.827679633E+02  -0.258455724E-02  -0.284601191E-02  -0.259181220E-02  -0.249704122E-02
   0.805181828E+02  -0.311607275E-02  -0.338355825E-02  -0.312365648E-02  -0.307715856E-02
   0.783451413E+02  -0.363443981E-02  -0.388214489E-02  -0.364220335E-02  -0.364020573E-02
   0.762478933E+02  -0.410101049E-02  -0.431825498E-02  -0.410890608E-02  -0.414193955E-02
   0.742249237E+02  -0.450135646E-02  -0.468402593E-02  -0.450946725E-02  -0.456859336E-02
   0.722749836E+02  -0.482802570E-02  -0.497174028E-02  -0.483658893E-02  -0.491114109E-02
   0.703967083E+02  -0.507712687E-02  -0.518244601E-02  -0.508643984E-02  -0.516703566E-02
   0.685876321E+02  -0.525541000E-02  -0.532951305E-02  -0.526565824E-02  -0.534690106E-02
   0.668450301E+02  -0.537867564E-02  -0.542982870E-02  -0.539003062E-02  -0.546848998E-02
   0.651665314E+02  -0.546640576E-02  -0.550506267E-02  -0.547900086E-02  -0.555378427E-02
   0.635502193E+02  -0.553894666E-02  -0.557281587E-02  -0.555291145E-02  -0.562438318E-02
   0.619943124E+02  -0.560516571E-02  -0.563446351E-02  -0.562065224E-02  -0.568929489E-02
   0.604969994E+02  -0.566097527E-02  -0.568215195E-02  -0.567814248E-02  -0.574454187E-02
   0.590563917E+02  -0.569427317E-02  -0.570108330E-02  -0.571320811E-02  -0.577848104E-02
   0.576701532E+02  -0.569594021E-02  -0.568823153E-02  -0.571667029E-02  -0.578662280E-02
   0.563355395E+02  -0.567358130E-02  -0.566002875E-02  -0.569611094E-02  -0.577981495E-02
   0.550497451E+02  -0.564562141E-02  -0.563395578E-02  -0.566988949E-02  -0.577569723E-02
   0.538104211E+02  -0.562379124E-02  -0.561652765E-02  -0.564972487E-02  -0.578663631E-02
   0.526154441E+02  -0.561551850E-02  -0.561674042E-02  -0.564311648E-02  -0.582013899E-02
   0.514628313E+02  -0.562664085E-02  -0.563719319E-02  -0.565602999E-02  -0.587971821E-02
   0.503506355E+02  -0.565905329E-02  -0.567995973E-02  -0.569040816E-02  -0.596593399E-02
   0.492768597E+02  -0.571613727E-02  -0.575031796E-02  -0.574962689E-02  -0.607738252E-02
   0.482395124E+02  -0.580200994E-02  -0.585225313E-02  -0.583780291E-02  -0.621011527E-02
   0.472365696E+02  -0.591913444E-02  -0.598499387E-02  -0.595730273E-02  -0.635942458E-02
   0.462662761E+02  -0.606199808E-02  -0.613743366E-02  -0.610255166E-02  -0.651675523E-02
   0.453269972E+02  -0.621814857E-02  -0.629718421E-02  -0.626112918E-02  -0.667133995E-02
   0.444170600E+02  -0.637713377E-02  -0.645534036E-02  -0.642258595E-02  -0.681687092E-02
   0.435348157E+02  -0.653246875E-02  -0.660796999E-02  -0.658053552E-02  -0.695032730E-02
   0.426786891E+02  -0.667992015E-02  -0.675078670E-02  -0.673073174E-02  -0.706971935E-02
   0.418471900E+02  -0.681724376E-02  -0.688279490E-02  -0.687082120E-02  -0.717587581E-02
   0.410389352E+02  -0.694246282E-02  -0.700100585E-02  -0.699880396E-02  -0.726928237E-02
   0.402525938E+02  -0.705219467E-02  -0.710170819E-02  -0.711132049E-02  -0.734949539E-02
   0.394869141E+02  -0.714348535E-02  -0.718349863E-02  -0.720543833E-02  -0.741618284E-02
   0.387407076E+02  -0.721715422E-02  -0.724899636E-02  -0.728193295E-02  -0.747128426E-02
   0.380128326E+02  -0.727538446E-02  -0.729994089E-02  -0.734300496E-02  -0.751790536E-02
   0.373021967E+02  -0.732176928E-02  -0.734131358E-02  -0.739227511E-02  -0.756003416E-02
   0.366077463E+02  -0.736045015E-02  -0.737721847E-02  -0.743394864E-02  -0.760196699E-02
   0.359284645E+02  -0.739525921E-02  -0.741010840E-02  -0.747189260E-02  -0.764603211E-02
   0.352634147E+02  -0.742739503E-02  -0.744131350E-02  -0.750732017E-02  -0.769170972E-02
   0.346116635E+02  -0.745884807E-02  -0.747279454E-02  -0.754222835E-02  -0.773844649E-02
   0.339723689E+02  -0.749042062E-02  -0.750450114E-02  -0.757737737E-02  -0.778519367E-02
   0.333447381E+02  -0.752179090E-02  -0.753574019E-02  -0.761236717E-02  -0.783053278E-02
   0.327280548E+02  -0.755246821E-02  -0.756554232E-02  -0.764672019E-02  -0.787287818E-02
   0.321216956E+02  -0.758056200E-02  -0.759158168E-02  -0.767855412E-02  -0.791076113E-02
   0.315250521E+02  -0.760466342E-02  -0.761334909E-02  -0.770641405E-02  -0.794325448E-02
   0.309375755E+02  -0.762489874E-02  -0.763181833E-02  -0.773041496E-02  -0.797026706E-02
   0.303587581E+02  -0.764178544E-02  -0.764679336E-02  -0.775109069E-02  -0.799235693E-02
   0.297881204E+02  -0.765540233E-02  -0.765885503E-02  -0.776854641E-02  -0.801039755E-02
   0.292252014E+02  -0.766596058E-02  -0.766720739E-02  -0.778297803E-02  -0.802533180E-02
   0.286695736E+02  -0.767395856E-02  -0.767415064E-02  -0.779491115E-02  -0.803722829E-02
   0.281208015E+02  -0.768175420E-02  -0.768213318E-02  -0.780680262E-02  -0.804642589E-02
   0.275784548E+02  -0.769037463E-02  -0.769069142E-02  -0.781978736E-02  -0.805308316E-02
   0.270421199E+02  -0.770084683E-02  -0.770230988E-02  -0.783488257E-02  -0.805718319E-02
   0.265114352E+02  -0.771332903E-02  -0.771470543E-02  -0.785227394E-02  -0.805776991E-02
   0.259860535E+02  -0.772531820E-02  -0.772545521E-02  -0.786951336E-02  -0.805274143E-02
   0.254656560E+02  -0.773371380E-02  -0.773064850E-02  -0.788353751E-02  -0.803988429E-02
   0.249499305E+02  -0.773459082E-02  -0.772667004E-02  -0.789040233E-02  -0.801699591E-02
   0.244385645E+02  -0.772460366E-02  -0.770995248E-02  -0.788674935E-02  -0.798241027E-02
   0.239312663E+02  -0.770127507E-02  -0.767948950E-02  -0.787005508E-02  -0.793464154E-02
   0.234277448E+02  -0.766293912E-02  -0.763341980E-02  -0.783861894E-02  -0.787282556E-02
   0.229277488E+02  -0.760948741E-02  -0.757253875E-02  -0.779229693E-02  -0.779735254E-02
   0.224310888E+02  -0.754054778E-02  -0.749517060E-02  -0.773069224E-02  -0.770985349E-02
   0.219375961E+02  -0.745583083E-02  -0.740278470E-02  -0.765350090E-02  -0.761198682E-02
   0.214470824E+02  -0.735643998E-02  -0.729615497E-02  -0.756181290E-02  -0.750659620E-02
   0.209593621E+02  -0.724471986E-02  -0.717883149E-02  -0.745795813E-02  -0.739727765E-02
   0.204742795E+02  -0.712407206E-02  -0.705381014E-02  -0.734530661E-02  -0.728744434E-02
   0.199917060E+02  -0.699840360E-02  -0.692625347E-02  -0.722791201E-02  -0.717987860E-02
   0.195115299E+02  -0.687359905E-02  -0.680278673E-02  -0.711192826E-02  -0.707676344E-02
   0.190336532E+02  -0.675405665E-02  -0.668551688E-02  -0.700186739E-02  -0.697867952E-02
   0.185579959E+02  -0.664033901E-02  -0.657340058E-02  -0.689826167E-02  -0.688430739E-02
   0.180844851E+02  -0.653116014E-02  -0.646534820E-02  -0.679973856E-02  -0.679111248E-02
   0.176130340E+02  -0.642474435E-02  -0.635908273E-02  -0.670443288E-02  -0.669798771E-02
   0.171435216E+02  -0.632007018E-02  -0.625501663E-02  -0.661123328E-02  -0.660614008E-02
   0.166758489E+02  -0.621772647E-02  -0.615300352E-02  -0.652069320E-02  -0.651821964E-02
   0.162099273E+02  -0.611669253E-02  -0.605151631E-02  -0.643198331E-02  -0.643557265E-02
   0.157456761E+02  -0.601651362E-02  -0.595149209E-02  -0.634509800E-02  -0.635868597E-02
   0.152830168E+02  -0.591844637E-02  -0.585349762E-02  -0.626147971E-02  -0.628806588E-02
   0.148218330E+02  -0.582415326E-02  -0.576129503E-02  -0.618281169E-02  -0.622449167E-02
   0.143619449E+02  -0.573737928E-02  -0.567805996E-02  -0.611270562E-02  -0.616887149E-02
   0.139032272E+02  -0.565822270E-02  -0.560081715E-02  -0.605128553E-02  -0.611780598E-02
   0.134456350E+02  -0.558263527E-02  -0.552509534E-02  -0.599462736E-02  -0.606546431E-02
   0.129891382E+02  -0.550669161E-02  -0.544825868E-02  -0.593882323E-02  -0.600649365E-02
   0.125336861E+02  -0.542512466E-02  -0.536297902E-02  -0.587865850E-02  -0.593771145E-02
   0.120791492E+02  -0.533242325E-02  -0.526665467E-02  -0.580876183E-02  -0.585889986E-02
   0.116253970E+02  -0.522813532E-02  -0.516022925E-02  -0.572886522E-02  -0.576966609E-02
   0.111723197E+02  -0.511191423E-02  -0.504076120E-02  -0.563848102E-02  -0.566759039E-02
   0.107196374E+02  -0.498002719E-02  -0.490579942E-02  -0.553383578E-02  -0.554507230E-02
   0.102669524E+02  -0.482733214E-02  -0.475016672E-02  -0.540955913E-02  -0.539218219E-02
   0.981378608E+01  -0.464409003E-02  -0.456164519E-02  -0.525524224E-02  -0.519537935E-02
   0.935927998E+01  -0.441853497E-02  -0.432927502E-02  -0.505780102E-02  -0.494106998E-02
   0.890196685E+01  -0.413625375E-02  -0.403568019E-02  -0.480124599E-02  -0.462090275E-02
   0.843991636E+01  -0.379206895E-02  -0.368790105E-02  -0.447781906E-02  -0.423598612E-02
   0.797045701E+01  -0.339028945E-02  -0.328651847E-02  -0.408847049E-02  -0.380090172E-02
   0.749000555E+01  -0.294584564E-02  -0.285488641E-02  -0.364372256E-02  -0.332892776E-02
   0.699391502E+01  -0.247603003E-02  -0.240093222E-02  -0.315590512E-02  -0.283302123E-02
   0.647586209E+01  -0.200406876E-02  -0.194581382E-02  -0.264259423E-02  -0.233567587E-02
   0.592774963E+01  -0.156604730E-02  -0.151259829E-02  -0.213621440E-02  -0.184491799E-02
   0.534042343E+01  -0.117600913E-02  -0.110196853E-02  -0.165215651E-02  -0.138620615E-02
   0.470621342E+01  -0.870564258E-03  -0.761975921E-03  -0.123202339E-02  -0.102058251E-02
   0.402324803E+01  -0.671981256E-03  -0.504246919E-03  -0.913072064E-03  -0.761778578E-03
   0.330027711E+01  -0.513245053E-03  -0.299550397E-03  -0.649475044E-03  -0.559605291E-03
   0.255558374E+01  -0.347235227E-03  -0.154877487E-03  -0.410234730E-03  -0.370239360E-03
   0.180859219E+01  -0.188526116E-03  -0.649260434E-04  -0.211253412E-03  -0.198390442E-03
   0.107235595E+01  -0.741393696E-04  -0.148493349E-04  -0.800311073E-04  -0.766292496E-04
   0.352809603E+00  -0.158788557E-04   0.000000000E+00  -0.166793768E-04  -0.161461845E-04
