   0.20541E+03   0.14205E+03   0.98805E+00   0.19444E+02   0.19441E+02   0.12307E+02   0.12305E+02   0.35569E+02   0.17642E+02   0.18930E+02
   0.20045E+03   0.13863E+03   0.96417E+00   0.19441E+02   0.19437E+02   0.12305E+02   0.12302E+02   0.35560E+02   0.17642E+02   0.18926E+02
   0.19550E+03   0.13522E+03   0.94036E+00   0.19435E+02   0.19431E+02   0.12301E+02   0.12298E+02   0.35542E+02   0.17634E+02   0.18918E+02
   0.19057E+03   0.13184E+03   0.91667E+00   0.19425E+02   0.19421E+02   0.12294E+02   0.12292E+02   0.35513E+02   0.17621E+02   0.18905E+02
   0.18568E+03   0.12849E+03   0.89314E+00   0.19411E+02   0.19407E+02   0.12286E+02   0.12283E+02   0.35475E+02   0.17603E+02   0.18887E+02
   0.18083E+03   0.12518E+03   0.86983E+00   0.19393E+02   0.19389E+02   0.12274E+02   0.12272E+02   0.35426E+02   0.17581E+02   0.18864E+02
   0.17604E+03   0.12190E+03   0.84677E+00   0.19371E+02   0.19367E+02   0.12261E+02   0.12258E+02   0.35367E+02   0.17553E+02   0.18836E+02
   0.17131E+03   0.11868E+03   0.82400E+00   0.19347E+02   0.19342E+02   0.12245E+02   0.12242E+02   0.35298E+02   0.17522E+02   0.18804E+02
   0.16664E+03   0.11551E+03   0.80156E+00   0.19319E+02   0.19314E+02   0.12228E+02   0.12225E+02   0.35219E+02   0.17486E+02   0.18768E+02
   0.16205E+03   0.11241E+03   0.77949E+00   0.19289E+02   0.19284E+02   0.12208E+02   0.12205E+02   0.35130E+02   0.17448E+02   0.18727E+02
   0.15755E+03   0.10936E+03   0.75782E+00   0.19256E+02   0.19251E+02   0.12188E+02   0.12184E+02   0.35034E+02   0.17407E+02   0.18683E+02
   0.15313E+03   0.10638E+03   0.73658E+00   0.19223E+02   0.19217E+02   0.12167E+02   0.12163E+02   0.34930E+02   0.17364E+02   0.18636E+02
   0.14881E+03   0.10348E+03   0.71579E+00   0.19187E+02   0.19181E+02   0.12144E+02   0.12140E+02   0.34819E+02   0.17319E+02   0.18587E+02
   0.14459E+03   0.10064E+03   0.69548E+00   0.19150E+02   0.19144E+02   0.12121E+02   0.12117E+02   0.34700E+02   0.17272E+02   0.18534E+02
   0.14047E+03   0.97886E+02   0.67566E+00   0.19112E+02   0.19105E+02   0.12097E+02   0.12092E+02   0.34575E+02   0.17224E+02   0.18478E+02
   0.13646E+03   0.95200E+02   0.65636E+00   0.19074E+02   0.19066E+02   0.12072E+02   0.12067E+02   0.34446E+02   0.17174E+02   0.18420E+02
   0.13255E+03   0.92586E+02   0.63758E+00   0.19035E+02   0.19026E+02   0.12048E+02   0.12042E+02   0.34316E+02   0.17125E+02   0.18362E+02
   0.12876E+03   0.90046E+02   0.61934E+00   0.18995E+02   0.18986E+02   0.12023E+02   0.12017E+02   0.34185E+02   0.17075E+02   0.18304E+02
   0.12508E+03   0.87579E+02   0.60163E+00   0.18956E+02   0.18947E+02   0.11998E+02   0.11992E+02   0.34053E+02   0.17026E+02   0.18246E+02
   0.12151E+03   0.85187E+02   0.58448E+00   0.18917E+02   0.18907E+02   0.11973E+02   0.11967E+02   0.33921E+02   0.16976E+02   0.18187E+02
   0.11806E+03   0.82870E+02   0.56786E+00   0.18879E+02   0.18868E+02   0.11949E+02   0.11942E+02   0.33789E+02   0.16927E+02   0.18128E+02
   0.11472E+03   0.80629E+02   0.55179E+00   0.18840E+02   0.18828E+02   0.11924E+02   0.11917E+02   0.33656E+02   0.16878E+02   0.18069E+02
   0.11149E+03   0.78464E+02   0.53626E+00   0.18802E+02   0.18790E+02   0.11900E+02   0.11893E+02   0.33522E+02   0.16830E+02   0.18010E+02
   0.10837E+03   0.76373E+02   0.52126E+00   0.18764E+02   0.18751E+02   0.11877E+02   0.11868E+02   0.33389E+02   0.16783E+02   0.17951E+02
   0.10536E+03   0.74354E+02   0.50679E+00   0.18727E+02   0.18713E+02   0.11853E+02   0.11844E+02   0.33255E+02   0.16736E+02   0.17892E+02
   0.10246E+03   0.72406E+02   0.49284E+00   0.18690E+02   0.18676E+02   0.11830E+02   0.11820E+02   0.33123E+02   0.16689E+02   0.17834E+02
   0.99664E+02   0.70528E+02   0.47939E+00   0.18654E+02   0.18639E+02   0.11807E+02   0.11797E+02   0.32991E+02   0.16643E+02   0.17775E+02
   0.96970E+02   0.68718E+02   0.46643E+00   0.18619E+02   0.18602E+02   0.11784E+02   0.11774E+02   0.32860E+02   0.16598E+02   0.17717E+02
   0.94377E+02   0.66975E+02   0.45396E+00   0.18583E+02   0.18566E+02   0.11762E+02   0.11751E+02   0.32728E+02   0.16554E+02   0.17660E+02
   0.91881E+02   0.65298E+02   0.44195E+00   0.18549E+02   0.18530E+02   0.11740E+02   0.11728E+02   0.32597E+02   0.16511E+02   0.17602E+02
   0.89478E+02   0.63684E+02   0.43040E+00   0.18515E+02   0.18495E+02   0.11718E+02   0.11706E+02   0.32466E+02   0.16468E+02   0.17544E+02
   0.87166E+02   0.62131E+02   0.41928E+00   0.18481E+02   0.18460E+02   0.11697E+02   0.11684E+02   0.32335E+02   0.16425E+02   0.17486E+02
   0.84942E+02   0.60635E+02   0.40858E+00   0.18447E+02   0.18425E+02   0.11676E+02   0.11662E+02   0.32205E+02   0.16383E+02   0.17429E+02
   0.82802E+02   0.59196E+02   0.39828E+00   0.18413E+02   0.18391E+02   0.11654E+02   0.11640E+02   0.32074E+02   0.16340E+02   0.17372E+02
   0.80743E+02   0.57812E+02   0.38838E+00   0.18380E+02   0.18356E+02   0.11633E+02   0.11618E+02   0.31943E+02   0.16299E+02   0.17314E+02
   0.78761E+02   0.56480E+02   0.37885E+00   0.18347E+02   0.18322E+02   0.11612E+02   0.11597E+02   0.31812E+02   0.16257E+02   0.17256E+02
   0.76854E+02   0.55199E+02   0.36967E+00   0.18314E+02   0.18288E+02   0.11591E+02   0.11575E+02   0.31679E+02   0.16216E+02   0.17197E+02
   0.75017E+02   0.53966E+02   0.36084E+00   0.18281E+02   0.18253E+02   0.11570E+02   0.11553E+02   0.31546E+02   0.16174E+02   0.17138E+02
   0.73248E+02   0.52777E+02   0.35233E+00   0.18247E+02   0.18218E+02   0.11549E+02   0.11531E+02   0.31413E+02   0.16132E+02   0.17079E+02
   0.71543E+02   0.51632E+02   0.34413E+00   0.18214E+02   0.18184E+02   0.11528E+02   0.11509E+02   0.31280E+02   0.16091E+02   0.17020E+02
   0.69900E+02   0.50526E+02   0.33623E+00   0.18182E+02   0.18149E+02   0.11508E+02   0.11487E+02   0.31148E+02   0.16050E+02   0.16961E+02
   0.68315E+02   0.49459E+02   0.32860E+00   0.18149E+02   0.18115E+02   0.11487E+02   0.11466E+02   0.31017E+02   0.16010E+02   0.16903E+02
   0.66786E+02   0.48429E+02   0.32125E+00   0.18117E+02   0.18081E+02   0.11467E+02   0.11444E+02   0.30887E+02   0.15969E+02   0.16845E+02
   0.65309E+02   0.47433E+02   0.31414E+00   0.18085E+02   0.18048E+02   0.11446E+02   0.11423E+02   0.30758E+02   0.15929E+02   0.16787E+02
   0.63882E+02   0.46470E+02   0.30728E+00   0.18053E+02   0.18014E+02   0.11426E+02   0.11402E+02   0.30629E+02   0.15890E+02   0.16729E+02
   0.62502E+02   0.45539E+02   0.30064E+00   0.18021E+02   0.17981E+02   0.11406E+02   0.11380E+02   0.30501E+02   0.15850E+02   0.16672E+02
   0.61166E+02   0.44637E+02   0.29422E+00   0.17989E+02   0.17947E+02   0.11386E+02   0.11359E+02   0.30372E+02   0.15810E+02   0.16614E+02
   0.59873E+02   0.43763E+02   0.28799E+00   0.17957E+02   0.17913E+02   0.11366E+02   0.11338E+02   0.30244E+02   0.15771E+02   0.16556E+02
   0.58620E+02   0.42916E+02   0.28197E+00   0.17925E+02   0.17879E+02   0.11345E+02   0.11316E+02   0.30115E+02   0.15731E+02   0.16497E+02
   0.57404E+02   0.42093E+02   0.27612E+00   0.17893E+02   0.17845E+02   0.11325E+02   0.11295E+02   0.29986E+02   0.15691E+02   0.16439E+02
   0.56223E+02   0.41295E+02   0.27044E+00   0.17860E+02   0.17811E+02   0.11304E+02   0.11273E+02   0.29857E+02   0.15651E+02   0.16380E+02
   0.55076E+02   0.40518E+02   0.26492E+00   0.17827E+02   0.17776E+02   0.11283E+02   0.11251E+02   0.29727E+02   0.15610E+02   0.16321E+02
   0.53961E+02   0.39762E+02   0.25955E+00   0.17794E+02   0.17741E+02   0.11263E+02   0.11229E+02   0.29597E+02   0.15569E+02   0.16261E+02
   0.52875E+02   0.39027E+02   0.25433E+00   0.17761E+02   0.17706E+02   0.11241E+02   0.11207E+02   0.29465E+02   0.15528E+02   0.16201E+02
   0.51816E+02   0.38309E+02   0.24924E+00   0.17727E+02   0.17670E+02   0.11220E+02   0.11184E+02   0.29333E+02   0.15486E+02   0.16140E+02
   0.50785E+02   0.37610E+02   0.24428E+00   0.17693E+02   0.17634E+02   0.11199E+02   0.11161E+02   0.29200E+02   0.15444E+02   0.16079E+02
   0.49777E+02   0.36927E+02   0.23943E+00   0.17659E+02   0.17597E+02   0.11177E+02   0.11138E+02   0.29065E+02   0.15402E+02   0.16017E+02
   0.48793E+02   0.36260E+02   0.23470E+00   0.17624E+02   0.17560E+02   0.11155E+02   0.11114E+02   0.28929E+02   0.15359E+02   0.15954E+02
   0.47831E+02   0.35608E+02   0.23007E+00   0.17589E+02   0.17522E+02   0.11132E+02   0.11090E+02   0.28791E+02   0.15316E+02   0.15889E+02
   0.46889E+02   0.34970E+02   0.22554E+00   0.17553E+02   0.17484E+02   0.11109E+02   0.11066E+02   0.28650E+02   0.15271E+02   0.15824E+02
   0.45966E+02   0.34345E+02   0.22110E+00   0.17516E+02   0.17445E+02   0.11086E+02   0.11041E+02   0.28507E+02   0.15226E+02   0.15757E+02
   0.45062E+02   0.33733E+02   0.21675E+00   0.17478E+02   0.17405E+02   0.11063E+02   0.11016E+02   0.28362E+02   0.15181E+02   0.15689E+02
   0.44174E+02   0.33132E+02   0.21248E+00   0.17440E+02   0.17364E+02   0.11038E+02   0.10990E+02   0.28214E+02   0.15134E+02   0.15620E+02
   0.43302E+02   0.32541E+02   0.20829E+00   0.17401E+02   0.17322E+02   0.11014E+02   0.10964E+02   0.28063E+02   0.15086E+02   0.15549E+02
   0.42445E+02   0.31961E+02   0.20416E+00   0.17361E+02   0.17279E+02   0.10989E+02   0.10937E+02   0.27910E+02   0.15037E+02   0.15477E+02
   0.41602E+02   0.31390E+02   0.20011E+00   0.17320E+02   0.17236E+02   0.10963E+02   0.10909E+02   0.27753E+02   0.14988E+02   0.15403E+02
   0.40772E+02   0.30829E+02   0.19611E+00   0.17278E+02   0.17191E+02   0.10936E+02   0.10881E+02   0.27593E+02   0.14936E+02   0.15327E+02
   0.39954E+02   0.30275E+02   0.19218E+00   0.17235E+02   0.17145E+02   0.10909E+02   0.10851E+02   0.27430E+02   0.14884E+02   0.15249E+02
   0.39147E+02   0.29730E+02   0.18830E+00   0.17191E+02   0.17097E+02   0.10881E+02   0.10821E+02   0.27263E+02   0.14830E+02   0.15169E+02
   0.38352E+02   0.29192E+02   0.18448E+00   0.17146E+02   0.17048E+02   0.10852E+02   0.10790E+02   0.27091E+02   0.14775E+02   0.15087E+02
   0.37566E+02   0.28660E+02   0.18070E+00   0.17099E+02   0.16998E+02   0.10822E+02   0.10759E+02   0.26916E+02   0.14718E+02   0.15003E+02
   0.36790E+02   0.28136E+02   0.17696E+00   0.17050E+02   0.16946E+02   0.10792E+02   0.10726E+02   0.26736E+02   0.14660E+02   0.14916E+02
   0.36023E+02   0.27617E+02   0.17327E+00   0.17001E+02   0.16893E+02   0.10760E+02   0.10692E+02   0.26551E+02   0.14599E+02   0.14827E+02
   0.35263E+02   0.27104E+02   0.16962E+00   0.16949E+02   0.16838E+02   0.10728E+02   0.10657E+02   0.26360E+02   0.14537E+02   0.14735E+02
   0.34512E+02   0.26597E+02   0.16601E+00   0.16896E+02   0.16781E+02   0.10694E+02   0.10621E+02   0.26165E+02   0.14473E+02   0.14640E+02
   0.33768E+02   0.26095E+02   0.16243E+00   0.16841E+02   0.16722E+02   0.10659E+02   0.10584E+02   0.25962E+02   0.14407E+02   0.14541E+02
   0.33030E+02   0.25599E+02   0.15888E+00   0.16784E+02   0.16661E+02   0.10623E+02   0.10545E+02   0.25754E+02   0.14339E+02   0.14439E+02
   0.32299E+02   0.25106E+02   0.15536E+00   0.16725E+02   0.16597E+02   0.10586E+02   0.10505E+02   0.25538E+02   0.14268E+02   0.14334E+02
   0.31574E+02   0.24619E+02   0.15187E+00   0.16664E+02   0.16531E+02   0.10547E+02   0.10463E+02   0.25316E+02   0.14195E+02   0.14224E+02
   0.30855E+02   0.24135E+02   0.14841E+00   0.16600E+02   0.16463E+02   0.10506E+02   0.10420E+02   0.25085E+02   0.14118E+02   0.14110E+02
   0.30140E+02   0.23655E+02   0.14498E+00   0.16533E+02   0.16391E+02   0.10464E+02   0.10375E+02   0.24846E+02   0.14039E+02   0.13992E+02
   0.29431E+02   0.23179E+02   0.14156E+00   0.16464E+02   0.16317E+02   0.10421E+02   0.10328E+02   0.24599E+02   0.13957E+02   0.13869E+02
   0.28726E+02   0.22706E+02   0.13817E+00   0.16392E+02   0.16239E+02   0.10375E+02   0.10278E+02   0.24342E+02   0.13872E+02   0.13741E+02
   0.28025E+02   0.22237E+02   0.13480E+00   0.16317E+02   0.16159E+02   0.10327E+02   0.10227E+02   0.24077E+02   0.13783E+02   0.13608E+02
   0.27328E+02   0.21770E+02   0.13145E+00   0.16238E+02   0.16074E+02   0.10278E+02   0.10174E+02   0.23801E+02   0.13690E+02   0.13469E+02
   0.26635E+02   0.21306E+02   0.12811E+00   0.16156E+02   0.15986E+02   0.10226E+02   0.10118E+02   0.23515E+02   0.13593E+02   0.13324E+02
   0.25945E+02   0.20845E+02   0.12480E+00   0.16070E+02   0.15894E+02   0.10171E+02   0.10060E+02   0.23218E+02   0.13493E+02   0.13173E+02
   0.25259E+02   0.20386E+02   0.12150E+00   0.15981E+02   0.15797E+02   0.10115E+02   0.99985E+01   0.22910E+02   0.13388E+02   0.13015E+02
   0.24575E+02   0.19929E+02   0.11821E+00   0.15887E+02   0.15696E+02   0.10055E+02   0.99345E+01   0.22589E+02   0.13278E+02   0.12850E+02
   0.23894E+02   0.19474E+02   0.11493E+00   0.15788E+02   0.15590E+02   0.99927E+01   0.98675E+01   0.22257E+02   0.13164E+02   0.12678E+02
   0.23217E+02   0.19021E+02   0.11167E+00   0.15685E+02   0.15479E+02   0.99273E+01   0.97972E+01   0.21911E+02   0.13044E+02   0.12499E+02
   0.22541E+02   0.18569E+02   0.10842E+00   0.15576E+02   0.15363E+02   0.98587E+01   0.97234E+01   0.21552E+02   0.12919E+02   0.12311E+02
   0.21868E+02   0.18119E+02   0.10519E+00   0.15463E+02   0.15240E+02   0.97867E+01   0.96459E+01   0.21178E+02   0.12788E+02   0.12114E+02
   0.21197E+02   0.17671E+02   0.10196E+00   0.15343E+02   0.15112E+02   0.97111E+01   0.95645E+01   0.20788E+02   0.12652E+02   0.11908E+02
   0.20528E+02   0.17224E+02   0.98741E-01   0.15217E+02   0.14976E+02   0.96315E+01   0.94788E+01   0.20382E+02   0.12509E+02   0.11692E+02
   0.19861E+02   0.16778E+02   0.95532E-01   0.15085E+02   0.14833E+02   0.95475E+01   0.93884E+01   0.19958E+02   0.12358E+02   0.11464E+02
   0.19195E+02   0.16333E+02   0.92332E-01   0.14945E+02   0.14682E+02   0.94590E+01   0.92930E+01   0.19516E+02   0.12201E+02   0.11225E+02
   0.18532E+02   0.15889E+02   0.89139E-01   0.14797E+02   0.14523E+02   0.93653E+01   0.91921E+01   0.19056E+02   0.12035E+02   0.10974E+02
   0.17870E+02   0.15444E+02   0.85954E-01   0.14640E+02   0.14354E+02   0.92661E+01   0.90852E+01   0.18576E+02   0.11861E+02   0.10711E+02
   0.17209E+02   0.15000E+02   0.82776E-01   0.14474E+02   0.14175E+02   0.91609E+01   0.89719E+01   0.18076E+02   0.11677E+02   0.10434E+02
   0.16550E+02   0.14554E+02   0.79605E-01   0.14297E+02   0.13985E+02   0.90491E+01   0.88514E+01   0.17555E+02   0.11483E+02   0.10142E+02
   0.15891E+02   0.14108E+02   0.76439E-01   0.14109E+02   0.13782E+02   0.89300E+01   0.87232E+01   0.17013E+02   0.11279E+02   0.98364E+01
   0.15235E+02   0.13659E+02   0.73279E-01   0.13909E+02   0.13567E+02   0.88033E+01   0.85867E+01   0.16451E+02   0.11063E+02   0.95154E+01
   0.14579E+02   0.13208E+02   0.70125E-01   0.13695E+02   0.13337E+02   0.86682E+01   0.84411E+01   0.15867E+02   0.10835E+02   0.91789E+01
   0.13924E+02   0.12753E+02   0.66975E-01   0.13468E+02   0.13091E+02   0.85241E+01   0.82856E+01   0.15262E+02   0.10594E+02   0.88263E+01
   0.13270E+02   0.12295E+02   0.63830E-01   0.13224E+02   0.12828E+02   0.83698E+01   0.81194E+01   0.14634E+02   0.10339E+02   0.84567E+01
   0.12617E+02   0.11832E+02   0.60689E-01   0.12963E+02   0.12547E+02   0.82044E+01   0.79414E+01   0.13982E+02   0.10069E+02   0.80694E+01
   0.11965E+02   0.11364E+02   0.57552E-01   0.12681E+02   0.12245E+02   0.80263E+01   0.77502E+01   0.13307E+02   0.97819E+01   0.76634E+01
   0.11314E+02   0.10890E+02   0.54419E-01   0.12377E+02   0.11920E+02   0.78339E+01   0.75445E+01   0.12607E+02   0.94766E+01   0.72381E+01
   0.10663E+02   0.10407E+02   0.51290E-01   0.12047E+02   0.11569E+02   0.76251E+01   0.73226E+01   0.11884E+02   0.91507E+01   0.67938E+01
   0.10013E+02   0.99143E+01   0.48164E-01   0.11688E+02   0.11191E+02   0.73975E+01   0.70829E+01   0.11139E+02   0.88019E+01   0.63309E+01
   0.93638E+01   0.94082E+01   0.45041E-01   0.11294E+02   0.10780E+02   0.71482E+01   0.68232E+01   0.10373E+02   0.84273E+01   0.58508E+01
   0.87152E+01   0.88858E+01   0.41921E-01   0.10860E+02   0.10335E+02   0.68736E+01   0.65414E+01   0.95900E+01   0.80239E+01   0.53556E+01
   0.80670E+01   0.83429E+01   0.38803E-01   0.10381E+02   0.98518E+01   0.65702E+01   0.62355E+01   0.87962E+01   0.75890E+01   0.48499E+01
   0.74194E+01   0.77756E+01   0.35688E-01   0.98494E+01   0.93268E+01   0.62340E+01   0.59032E+01   0.79978E+01   0.71199E+01   0.43392E+01
   0.67723E+01   0.71804E+01   0.32575E-01   0.92596E+01   0.87570E+01   0.58607E+01   0.55425E+01   0.72014E+01   0.66141E+01   0.38301E+01
   0.61257E+01   0.65542E+01   0.29465E-01   0.86056E+01   0.81396E+01   0.54467E+01   0.51518E+01   0.64155E+01   0.60708E+01   0.33310E+01
   0.54794E+01   0.58962E+01   0.26356E-01   0.78846E+01   0.74725E+01   0.49904E+01   0.47296E+01   0.56487E+01   0.54912E+01   0.28507E+01
   0.48336E+01   0.52090E+01   0.23250E-01   0.70986E+01   0.67546E+01   0.44929E+01   0.42752E+01   0.49093E+01   0.48806E+01   0.23988E+01
   0.41881E+01   0.44995E+01   0.20145E-01   0.62554E+01   0.59865E+01   0.39592E+01   0.37890E+01   0.42026E+01   0.42474E+01   0.19826E+01
   0.35430E+01   0.37790E+01   0.17042E-01   0.53674E+01   0.51703E+01   0.33972E+01   0.32724E+01   0.35278E+01   0.36015E+01   0.16048E+01
   0.28982E+01   0.30592E+01   0.13940E-01   0.44462E+01   0.43096E+01   0.28141E+01   0.27277E+01   0.28780E+01   0.29508E+01   0.12627E+01
   0.22537E+01   0.23495E+01   0.10840E-01   0.34996E+01   0.34091E+01   0.22150E+01   0.21577E+01   0.22426E+01   0.22990E+01   0.95026E+00
   0.16095E+01   0.16555E+01   0.77416E-02   0.25295E+01   0.24732E+01   0.16010E+01   0.15653E+01   0.16107E+01   0.16460E+01   0.66014E+00
   0.96550E+00   0.97931E+00   0.46441E-02   0.15362E+01   0.15059E+01   0.97234E+00   0.95315E+00   0.97442E+00   0.99046E+00   0.38684E+00
   0.32179E+00   0.32179E+00   0.15479E-02   0.51992E+00   0.51060E+00   0.32907E+00   0.32317E+00   0.32907E+00   0.33159E+00   0.12671E+00
