   0.24867E+03   0.15358E+03   0.98805E+00   0.19043E+02   0.19043E+02   0.12183E+02   0.12182E+02   0.35234E+02   0.18150E+02   0.19028E+02
   0.24266E+03   0.14987E+03   0.96417E+00   0.19034E+02   0.19033E+02   0.12176E+02   0.12176E+02   0.35215E+02   0.18150E+02   0.19018E+02
   0.23667E+03   0.14618E+03   0.94036E+00   0.19014E+02   0.19014E+02   0.12164E+02   0.12164E+02   0.35177E+02   0.18127E+02   0.18997E+02
   0.23070E+03   0.14250E+03   0.91667E+00   0.18986E+02   0.18986E+02   0.12146E+02   0.12146E+02   0.35121E+02   0.18095E+02   0.18968E+02
   0.22478E+03   0.13886E+03   0.89314E+00   0.18950E+02   0.18949E+02   0.12123E+02   0.12122E+02   0.35049E+02   0.18053E+02   0.18930E+02
   0.21892E+03   0.13525E+03   0.86983E+00   0.18906E+02   0.18905E+02   0.12095E+02   0.12094E+02   0.34961E+02   0.18002E+02   0.18884E+02
   0.21311E+03   0.13168E+03   0.84677E+00   0.18854E+02   0.18853E+02   0.12061E+02   0.12061E+02   0.34858E+02   0.17942E+02   0.18830E+02
   0.20738E+03   0.12817E+03   0.82400E+00   0.18795E+02   0.18794E+02   0.12024E+02   0.12023E+02   0.34741E+02   0.17873E+02   0.18769E+02
   0.20173E+03   0.12470E+03   0.80156E+00   0.18729E+02   0.18728E+02   0.11982E+02   0.11981E+02   0.34610E+02   0.17797E+02   0.18700E+02
   0.19618E+03   0.12129E+03   0.77949E+00   0.18658E+02   0.18656E+02   0.11936E+02   0.11935E+02   0.34467E+02   0.17714E+02   0.18625E+02
   0.19073E+03   0.11795E+03   0.75782E+00   0.18582E+02   0.18581E+02   0.11888E+02   0.11887E+02   0.34317E+02   0.17627E+02   0.18547E+02
   0.18538E+03   0.11467E+03   0.73658E+00   0.18504E+02   0.18502E+02   0.11838E+02   0.11836E+02   0.34160E+02   0.17536E+02   0.18464E+02
   0.18015E+03   0.11146E+03   0.71579E+00   0.18423E+02   0.18421E+02   0.11786E+02   0.11785E+02   0.33998E+02   0.17443E+02   0.18380E+02
   0.17504E+03   0.10833E+03   0.69548E+00   0.18340E+02   0.18338E+02   0.11733E+02   0.11731E+02   0.33829E+02   0.17346E+02   0.18292E+02
   0.17005E+03   0.10528E+03   0.67566E+00   0.18255E+02   0.18253E+02   0.11678E+02   0.11677E+02   0.33656E+02   0.17248E+02   0.18202E+02
   0.16519E+03   0.10231E+03   0.65636E+00   0.18169E+02   0.18166E+02   0.11623E+02   0.11621E+02   0.33479E+02   0.17148E+02   0.18110E+02
   0.16046E+03   0.99427E+02   0.63758E+00   0.18081E+02   0.18078E+02   0.11567E+02   0.11565E+02   0.33299E+02   0.17047E+02   0.18017E+02
   0.15587E+03   0.96621E+02   0.61934E+00   0.17995E+02   0.17991E+02   0.11512E+02   0.11510E+02   0.33120E+02   0.16947E+02   0.17924E+02
   0.15142E+03   0.93898E+02   0.60163E+00   0.17909E+02   0.17906E+02   0.11457E+02   0.11455E+02   0.32944E+02   0.16848E+02   0.17833E+02
   0.14710E+03   0.91260E+02   0.58448E+00   0.17825E+02   0.17821E+02   0.11403E+02   0.11400E+02   0.32768E+02   0.16750E+02   0.17742E+02
   0.14292E+03   0.88708E+02   0.56786E+00   0.17742E+02   0.17737E+02   0.11350E+02   0.11347E+02   0.32592E+02   0.16654E+02   0.17652E+02
   0.13887E+03   0.86242E+02   0.55179E+00   0.17659E+02   0.17654E+02   0.11297E+02   0.11294E+02   0.32418E+02   0.16558E+02   0.17562E+02
   0.13496E+03   0.83858E+02   0.53626E+00   0.17578E+02   0.17573E+02   0.11245E+02   0.11242E+02   0.32245E+02   0.16465E+02   0.17474E+02
   0.13119E+03   0.81557E+02   0.52126E+00   0.17500E+02   0.17494E+02   0.11195E+02   0.11191E+02   0.32076E+02   0.16374E+02   0.17388E+02
   0.12755E+03   0.79335E+02   0.50679E+00   0.17423E+02   0.17417E+02   0.11146E+02   0.11142E+02   0.31911E+02   0.16285E+02   0.17304E+02
   0.12404E+03   0.77192E+02   0.49284E+00   0.17349E+02   0.17342E+02   0.11098E+02   0.11094E+02   0.31751E+02   0.16199E+02   0.17222E+02
   0.12065E+03   0.75127E+02   0.47939E+00   0.17276E+02   0.17269E+02   0.11052E+02   0.11047E+02   0.31593E+02   0.16116E+02   0.17142E+02
   0.11739E+03   0.73139E+02   0.46643E+00   0.17205E+02   0.17198E+02   0.11007E+02   0.11002E+02   0.31437E+02   0.16034E+02   0.17063E+02
   0.11425E+03   0.71225E+02   0.45396E+00   0.17136E+02   0.17128E+02   0.10962E+02   0.10957E+02   0.31284E+02   0.15954E+02   0.16986E+02
   0.11123E+03   0.69384E+02   0.44195E+00   0.17069E+02   0.17060E+02   0.10919E+02   0.10914E+02   0.31134E+02   0.15876E+02   0.16910E+02
   0.10832E+03   0.67612E+02   0.43040E+00   0.17003E+02   0.16994E+02   0.10877E+02   0.10871E+02   0.30986E+02   0.15801E+02   0.16836E+02
   0.10552E+03   0.65907E+02   0.41928E+00   0.16940E+02   0.16930E+02   0.10837E+02   0.10830E+02   0.30843E+02   0.15728E+02   0.16764E+02
   0.10283E+03   0.64266E+02   0.40858E+00   0.16878E+02   0.16868E+02   0.10797E+02   0.10791E+02   0.30703E+02   0.15657E+02   0.16694E+02
   0.10024E+03   0.62687E+02   0.39828E+00   0.16819E+02   0.16808E+02   0.10760E+02   0.10752E+02   0.30567E+02   0.15588E+02   0.16626E+02
   0.97746E+02   0.61166E+02   0.38838E+00   0.16762E+02   0.16750E+02   0.10723E+02   0.10715E+02   0.30435E+02   0.15522E+02   0.16560E+02
   0.95347E+02   0.59703E+02   0.37885E+00   0.16706E+02   0.16694E+02   0.10687E+02   0.10679E+02   0.30306E+02   0.15458E+02   0.16495E+02
   0.93038E+02   0.58295E+02   0.36967E+00   0.16652E+02   0.16639E+02   0.10652E+02   0.10644E+02   0.30180E+02   0.15395E+02   0.16433E+02
   0.90814E+02   0.56938E+02   0.36084E+00   0.16599E+02   0.16585E+02   0.10619E+02   0.10610E+02   0.30056E+02   0.15335E+02   0.16371E+02
   0.88673E+02   0.55632E+02   0.35233E+00   0.16548E+02   0.16533E+02   0.10586E+02   0.10577E+02   0.29935E+02   0.15276E+02   0.16311E+02
   0.86609E+02   0.54373E+02   0.34413E+00   0.16498E+02   0.16483E+02   0.10554E+02   0.10544E+02   0.29816E+02   0.15218E+02   0.16252E+02
   0.84620E+02   0.53160E+02   0.33623E+00   0.16449E+02   0.16433E+02   0.10523E+02   0.10513E+02   0.29699E+02   0.15162E+02   0.16195E+02
   0.82702E+02   0.51989E+02   0.32860E+00   0.16401E+02   0.16385E+02   0.10492E+02   0.10482E+02   0.29585E+02   0.15107E+02   0.16138E+02
   0.80850E+02   0.50859E+02   0.32125E+00   0.16355E+02   0.16338E+02   0.10462E+02   0.10452E+02   0.29472E+02   0.15054E+02   0.16083E+02
   0.79062E+02   0.49767E+02   0.31414E+00   0.16309E+02   0.16291E+02   0.10433E+02   0.10422E+02   0.29362E+02   0.15001E+02   0.16028E+02
   0.77334E+02   0.48712E+02   0.30728E+00   0.16264E+02   0.16246E+02   0.10404E+02   0.10393E+02   0.29253E+02   0.14950E+02   0.15974E+02
   0.75664E+02   0.47691E+02   0.30064E+00   0.16220E+02   0.16201E+02   0.10376E+02   0.10364E+02   0.29145E+02   0.14899E+02   0.15921E+02
   0.74047E+02   0.46703E+02   0.29422E+00   0.16176E+02   0.16157E+02   0.10348E+02   0.10336E+02   0.29039E+02   0.14849E+02   0.15869E+02
   0.72482E+02   0.45747E+02   0.28799E+00   0.16134E+02   0.16113E+02   0.10321E+02   0.10308E+02   0.28934E+02   0.14800E+02   0.15817E+02
   0.70964E+02   0.44819E+02   0.28197E+00   0.16091E+02   0.16070E+02   0.10294E+02   0.10280E+02   0.28830E+02   0.14751E+02   0.15766E+02
   0.69492E+02   0.43920E+02   0.27612E+00   0.16050E+02   0.16027E+02   0.10267E+02   0.10253E+02   0.28726E+02   0.14704E+02   0.15716E+02
   0.68063E+02   0.43046E+02   0.27044E+00   0.16009E+02   0.15985E+02   0.10241E+02   0.10226E+02   0.28624E+02   0.14657E+02   0.15665E+02
   0.66674E+02   0.42198E+02   0.26492E+00   0.15968E+02   0.15944E+02   0.10215E+02   0.10200E+02   0.28522E+02   0.14610E+02   0.15615E+02
   0.65324E+02   0.41372E+02   0.25955E+00   0.15928E+02   0.15903E+02   0.10190E+02   0.10173E+02   0.28421E+02   0.14564E+02   0.15566E+02
   0.64009E+02   0.40567E+02   0.25433E+00   0.15888E+02   0.15862E+02   0.10164E+02   0.10147E+02   0.28321E+02   0.14519E+02   0.15517E+02
   0.62728E+02   0.39783E+02   0.24924E+00   0.15849E+02   0.15822E+02   0.10139E+02   0.10122E+02   0.28222E+02   0.14473E+02   0.15469E+02
   0.61479E+02   0.39018E+02   0.24428E+00   0.15810E+02   0.15782E+02   0.10114E+02   0.10096E+02   0.28124E+02   0.14429E+02   0.15421E+02
   0.60260E+02   0.38271E+02   0.23943E+00   0.15771E+02   0.15742E+02   0.10089E+02   0.10071E+02   0.28026E+02   0.14384E+02   0.15373E+02
   0.59068E+02   0.37541E+02   0.23470E+00   0.15733E+02   0.15702E+02   0.10064E+02   0.10045E+02   0.27928E+02   0.14340E+02   0.15325E+02
   0.57903E+02   0.36827E+02   0.23007E+00   0.15694E+02   0.15663E+02   0.10040E+02   0.10020E+02   0.27830E+02   0.14296E+02   0.15277E+02
   0.56763E+02   0.36129E+02   0.22554E+00   0.15655E+02   0.15623E+02   0.10015E+02   0.99943E+01   0.27732E+02   0.14252E+02   0.15228E+02
   0.55646E+02   0.35444E+02   0.22110E+00   0.15616E+02   0.15583E+02   0.99902E+01   0.99687E+01   0.27633E+02   0.14207E+02   0.15180E+02
   0.54551E+02   0.34773E+02   0.21675E+00   0.15577E+02   0.15543E+02   0.99652E+01   0.99430E+01   0.27533E+02   0.14163E+02   0.15131E+02
   0.53476E+02   0.34114E+02   0.21248E+00   0.15538E+02   0.15502E+02   0.99401E+01   0.99171E+01   0.27432E+02   0.14118E+02   0.15082E+02
   0.52421E+02   0.33467E+02   0.20829E+00   0.15498E+02   0.15461E+02   0.99147E+01   0.98909E+01   0.27330E+02   0.14073E+02   0.15032E+02
   0.51383E+02   0.32831E+02   0.20416E+00   0.15458E+02   0.15420E+02   0.98891E+01   0.98645E+01   0.27226E+02   0.14027E+02   0.14981E+02
   0.50362E+02   0.32206E+02   0.20011E+00   0.15418E+02   0.15378E+02   0.98632E+01   0.98376E+01   0.27121E+02   0.13981E+02   0.14930E+02
   0.49358E+02   0.31590E+02   0.19611E+00   0.15377E+02   0.15335E+02   0.98369E+01   0.98104E+01   0.27015E+02   0.13934E+02   0.14878E+02
   0.48367E+02   0.30983E+02   0.19218E+00   0.15335E+02   0.15292E+02   0.98102E+01   0.97828E+01   0.26907E+02   0.13886E+02   0.14825E+02
   0.47391E+02   0.30385E+02   0.18830E+00   0.15293E+02   0.15248E+02   0.97831E+01   0.97547E+01   0.26797E+02   0.13838E+02   0.14771E+02
   0.46428E+02   0.29794E+02   0.18448E+00   0.15250E+02   0.15204E+02   0.97555E+01   0.97262E+01   0.26686E+02   0.13789E+02   0.14716E+02
   0.45477E+02   0.29211E+02   0.18070E+00   0.15206E+02   0.15158E+02   0.97274E+01   0.96970E+01   0.26572E+02   0.13739E+02   0.14660E+02
   0.44537E+02   0.28635E+02   0.17696E+00   0.15161E+02   0.15112E+02   0.96988E+01   0.96673E+01   0.26456E+02   0.13688E+02   0.14603E+02
   0.43608E+02   0.28065E+02   0.17327E+00   0.15115E+02   0.15064E+02   0.96695E+01   0.96369E+01   0.26337E+02   0.13636E+02   0.14545E+02
   0.42689E+02   0.27502E+02   0.16962E+00   0.15068E+02   0.15016E+02   0.96396E+01   0.96059E+01   0.26215E+02   0.13582E+02   0.14485E+02
   0.41780E+02   0.26944E+02   0.16601E+00   0.15020E+02   0.14966E+02   0.96089E+01   0.95740E+01   0.26091E+02   0.13528E+02   0.14424E+02
   0.40879E+02   0.26391E+02   0.16243E+00   0.14971E+02   0.14915E+02   0.95775E+01   0.95414E+01   0.25964E+02   0.13472E+02   0.14361E+02
   0.39986E+02   0.25844E+02   0.15888E+00   0.14921E+02   0.14862E+02   0.95453E+01   0.95079E+01   0.25833E+02   0.13415E+02   0.14297E+02
   0.39101E+02   0.25301E+02   0.15536E+00   0.14869E+02   0.14809E+02   0.95122E+01   0.94734E+01   0.25698E+02   0.13356E+02   0.14230E+02
   0.38223E+02   0.24763E+02   0.15187E+00   0.14816E+02   0.14753E+02   0.94781E+01   0.94379E+01   0.25560E+02   0.13296E+02   0.14162E+02
   0.37352E+02   0.24228E+02   0.14841E+00   0.14761E+02   0.14696E+02   0.94431E+01   0.94014E+01   0.25418E+02   0.13234E+02   0.14091E+02
   0.36487E+02   0.23698E+02   0.14498E+00   0.14705E+02   0.14637E+02   0.94069E+01   0.93637E+01   0.25271E+02   0.13170E+02   0.14019E+02
   0.35628E+02   0.23171E+02   0.14156E+00   0.14646E+02   0.14576E+02   0.93695E+01   0.93247E+01   0.25119E+02   0.13104E+02   0.13944E+02
   0.34775E+02   0.22647E+02   0.13817E+00   0.14586E+02   0.14513E+02   0.93308E+01   0.92843E+01   0.24963E+02   0.13035E+02   0.13866E+02
   0.33926E+02   0.22127E+02   0.13480E+00   0.14523E+02   0.14448E+02   0.92907E+01   0.92424E+01   0.24800E+02   0.12964E+02   0.13785E+02
   0.33083E+02   0.21610E+02   0.13145E+00   0.14458E+02   0.14380E+02   0.92490E+01   0.91990E+01   0.24631E+02   0.12891E+02   0.13701E+02
   0.32243E+02   0.21095E+02   0.12811E+00   0.14390E+02   0.14309E+02   0.92057E+01   0.91538E+01   0.24456E+02   0.12814E+02   0.13614E+02
   0.31409E+02   0.20584E+02   0.12480E+00   0.14320E+02   0.14235E+02   0.91606E+01   0.91067E+01   0.24273E+02   0.12735E+02   0.13523E+02
   0.30578E+02   0.20075E+02   0.12150E+00   0.14246E+02   0.14159E+02   0.91136E+01   0.90576E+01   0.24083E+02   0.12652E+02   0.13428E+02
   0.29750E+02   0.19568E+02   0.11821E+00   0.14170E+02   0.14078E+02   0.90646E+01   0.90063E+01   0.23884E+02   0.12566E+02   0.13328E+02
   0.28926E+02   0.19064E+02   0.11493E+00   0.14089E+02   0.13995E+02   0.90133E+01   0.89527E+01   0.23676E+02   0.12476E+02   0.13224E+02
   0.28106E+02   0.18562E+02   0.11167E+00   0.14005E+02   0.13907E+02   0.89596E+01   0.88965E+01   0.23459E+02   0.12382E+02   0.13115E+02
   0.27288E+02   0.18062E+02   0.10842E+00   0.13917E+02   0.13815E+02   0.89033E+01   0.88377E+01   0.23231E+02   0.12283E+02   0.13001E+02
   0.26473E+02   0.17564E+02   0.10519E+00   0.13825E+02   0.13718E+02   0.88443E+01   0.87759E+01   0.22992E+02   0.12179E+02   0.12880E+02
   0.25661E+02   0.17068E+02   0.10196E+00   0.13728E+02   0.13617E+02   0.87823E+01   0.87109E+01   0.22741E+02   0.12071E+02   0.12754E+02
   0.24851E+02   0.16574E+02   0.98741E-01   0.13626E+02   0.13510E+02   0.87171E+01   0.86426E+01   0.22478E+02   0.11957E+02   0.12621E+02
   0.24043E+02   0.16081E+02   0.95532E-01   0.13519E+02   0.13398E+02   0.86485E+01   0.85707E+01   0.22201E+02   0.11838E+02   0.12481E+02
   0.23238E+02   0.15590E+02   0.92332E-01   0.13406E+02   0.13279E+02   0.85762E+01   0.84949E+01   0.21909E+02   0.11712E+02   0.12332E+02
   0.22434E+02   0.15101E+02   0.89139E-01   0.13287E+02   0.13154E+02   0.84999E+01   0.84148E+01   0.21601E+02   0.11579E+02   0.12176E+02
   0.21633E+02   0.14613E+02   0.85954E-01   0.13161E+02   0.13022E+02   0.84193E+01   0.83302E+01   0.21275E+02   0.11439E+02   0.12010E+02
   0.20833E+02   0.14127E+02   0.82776E-01   0.13028E+02   0.12882E+02   0.83341E+01   0.82407E+01   0.20930E+02   0.11292E+02   0.11833E+02
   0.20035E+02   0.13643E+02   0.79605E-01   0.12887E+02   0.12733E+02   0.82439E+01   0.81458E+01   0.20565E+02   0.11136E+02   0.11646E+02
   0.19238E+02   0.13160E+02   0.76439E-01   0.12737E+02   0.12576E+02   0.81482E+01   0.80451E+01   0.20178E+02   0.10971E+02   0.11447E+02
   0.18443E+02   0.12679E+02   0.73279E-01   0.12578E+02   0.12409E+02   0.80465E+01   0.79380E+01   0.19766E+02   0.10796E+02   0.11234E+02
   0.17649E+02   0.12199E+02   0.70125E-01   0.12409E+02   0.12230E+02   0.79384E+01   0.78241E+01   0.19328E+02   0.10611E+02   0.11007E+02
   0.16856E+02   0.11722E+02   0.66975E-01   0.12229E+02   0.12040E+02   0.78233E+01   0.77026E+01   0.18860E+02   0.10415E+02   0.10764E+02
   0.16064E+02   0.11246E+02   0.63830E-01   0.12037E+02   0.11838E+02   0.77005E+01   0.75728E+01   0.18361E+02   0.10206E+02   0.10503E+02
   0.15274E+02   0.10772E+02   0.60689E-01   0.11832E+02   0.11621E+02   0.75692E+01   0.74339E+01   0.17826E+02   0.99839E+01   0.10222E+02
   0.14485E+02   0.10301E+02   0.57552E-01   0.11612E+02   0.11388E+02   0.74287E+01   0.72850E+01   0.17252E+02   0.97472E+01   0.99189E+01
   0.13696E+02   0.98312E+01   0.54419E-01   0.11377E+02   0.11138E+02   0.72778E+01   0.71251E+01   0.16636E+02   0.94946E+01   0.95914E+01
   0.12909E+02   0.93640E+01   0.51290E-01   0.11123E+02   0.10869E+02   0.71156E+01   0.69529E+01   0.15973E+02   0.92247E+01   0.92366E+01
   0.12122E+02   0.88990E+01   0.48164E-01   0.10850E+02   0.10578E+02   0.69407E+01   0.67671E+01   0.15260E+02   0.89358E+01   0.88518E+01
   0.11336E+02   0.84360E+01   0.45041E-01   0.10554E+02   0.10264E+02   0.67515E+01   0.65660E+01   0.14492E+02   0.86262E+01   0.84337E+01
   0.10550E+02   0.79745E+01   0.41921E-01   0.10233E+02   0.99229E+01   0.65461E+01   0.63479E+01   0.13666E+02   0.82935E+01   0.79795E+01
   0.97658E+01   0.75139E+01   0.38803E-01   0.98826E+01   0.95517E+01   0.63221E+01   0.61104E+01   0.12779E+02   0.79351E+01   0.74859E+01
   0.89818E+01   0.70529E+01   0.35688E-01   0.94987E+01   0.91463E+01   0.60766E+01   0.58511E+01   0.11828E+02   0.75478E+01   0.69501E+01
   0.81985E+01   0.65895E+01   0.32575E-01   0.90751E+01   0.87017E+01   0.58056E+01   0.55667E+01   0.10814E+02   0.71278E+01   0.63704E+01
   0.74156E+01   0.61202E+01   0.29465E-01   0.86042E+01   0.82121E+01   0.55043E+01   0.52535E+01   0.97398E+01   0.66704E+01   0.57468E+01
   0.66333E+01   0.56398E+01   0.26356E-01   0.80760E+01   0.76706E+01   0.51664E+01   0.49071E+01   0.86144E+01   0.61700E+01   0.50829E+01
   0.58514E+01   0.51404E+01   0.23250E-01   0.74781E+01   0.70690E+01   0.47839E+01   0.45222E+01   0.74530E+01   0.56202E+01   0.43865E+01
   0.50700E+01   0.46114E+01   0.20145E-01   0.67957E+01   0.63985E+01   0.43474E+01   0.40933E+01   0.62773E+01   0.50143E+01   0.36708E+01
   0.42891E+01   0.40394E+01   0.17042E-01   0.60126E+01   0.56498E+01   0.38464E+01   0.36143E+01   0.51169E+01   0.43471E+01   0.29558E+01
   0.35085E+01   0.34097E+01   0.13940E-01   0.51164E+01   0.48144E+01   0.32731E+01   0.30799E+01   0.40077E+01   0.36187E+01   0.22690E+01
   0.27283E+01   0.27144E+01   0.10840E-01   0.41070E+01   0.38875E+01   0.26274E+01   0.24869E+01   0.29816E+01   0.28395E+01   0.16397E+01
   0.19484E+01   0.19616E+01   0.77416E-02   0.30034E+01   0.28702E+01   0.19214E+01   0.18362E+01   0.20525E+01   0.20312E+01   0.10880E+01
   0.11688E+01   0.11771E+01   0.46441E-02   0.18369E+01   0.17720E+01   0.11751E+01   0.11336E+01   0.12051E+01   0.12174E+01   0.61361E+00
   0.38956E+00   0.38956E+00   0.15479E-02   0.62675E+00   0.60806E+00   0.40095E+00   0.38899E+00   0.40095E+00   0.40658E+00   0.19628E+00
