    0.98804736E+00    0.19348062E+02    0.19348062E+02   -0.17533002E-54   -0.17533002E-54
    0.96416614E+00    0.19338041E+02    0.19338041E+02    0.31459648E-53    0.31459648E-53
    0.94035691E+00    0.19318460E+02    0.19318460E+02    0.63312439E-53    0.63312439E-53
    0.91666693E+00    0.19290036E+02    0.19290036E+02   -0.52540209E-52   -0.52540209E-52
    0.89314236E+00    0.19253177E+02    0.19253177E+02   -0.22353032E-51   -0.22353032E-51
    0.86982789E+00    0.19208182E+02    0.19208182E+02    0.79011341E-51    0.79011341E-51
    0.84676631E+00    0.19155282E+02    0.19155282E+02    0.70830960E-50    0.70830960E-50
    0.82399821E+00    0.19095534E+02    0.19095534E+02   -0.12624173E-49   -0.12624173E-49
    0.80156166E+00    0.19030482E+02    0.19030482E+02   -0.28332502E-48   -0.28332502E-48
    0.77949196E+00    0.18961133E+02    0.18961133E+02    0.82802161E-49    0.82802161E-49
    0.75782141E+00    0.18888038E+02    0.18888038E+02    0.92386872E-47    0.92386872E-47
    0.73657918E+00    0.18811330E+02    0.18811330E+02    0.12751683E-46    0.12751683E-46
    0.71579117E+00    0.18730858E+02    0.18730858E+02   -0.15032337E-45   -0.15032337E-45
    0.69547996E+00    0.18646957E+02    0.18646957E+02   -0.48784799E-45   -0.48784799E-45
    0.67566478E+00    0.18560460E+02    0.18560460E+02    0.89833230E-45    0.89833230E-45
    0.65636157E+00    0.18471947E+02    0.18471947E+02    0.78862735E-44    0.78862735E-44
    0.63758298E+00    0.18381638E+02    0.18381638E+02    0.90898286E-44    0.90898286E-44
    0.61933854E+00    0.18289647E+02    0.18289647E+02   -0.99170836E-43   -0.99170836E-43
    0.60163475E+00    0.18196185E+02    0.18196185E+02   -0.54732897E-42   -0.54732897E-42
    0.58447523E+00    0.18101695E+02    0.18101695E+02    0.34564538E-42    0.34564538E-42
    0.56786093E+00    0.18006830E+02    0.18006830E+02    0.18947017E-40    0.18947017E-40
    0.55179031E+00    0.17912287E+02    0.17912287E+02    0.52123233E-40    0.52123233E-40
    0.53625952E+00    0.17818478E+02    0.17818478E+02   -0.56855459E-39   -0.56855459E-39
    0.52126264E+00    0.17725486E+02    0.17725486E+02   -0.29330074E-38   -0.29330074E-38
    0.50679188E+00    0.17633494E+02    0.17633494E+02    0.10676888E-37    0.10676888E-37
    0.49283781E+00    0.17543011E+02    0.17543011E+02    0.86020193E-37    0.86020193E-37
    0.47938952E+00    0.17454588E+02    0.17454588E+02   -0.32554341E-37   -0.32554341E-37
    0.46643490E+00    0.17368359E+02    0.17368359E+02   -0.13417350E-35   -0.13417350E-35
    0.45396077E+00    0.17284025E+02    0.17284025E+02   -0.21695296E-35   -0.21695296E-35
    0.44195308E+00    0.17201185E+02    0.17201185E+02    0.11013473E-34    0.11013473E-34
    0.43039709E+00    0.17119651E+02    0.17119651E+02    0.44398035E-34    0.44398035E-34
    0.41927754E+00    0.17039491E+02    0.17039491E+02    0.97169020E-36    0.97169020E-36
    0.40857878E+00    0.16960834E+02    0.16960834E+02   -0.32405946E-33   -0.32405946E-33
    0.39828490E+00    0.16883737E+02    0.16883737E+02   -0.74341988E-33   -0.74341988E-33
    0.38837987E+00    0.16808242E+02    0.16808242E+02    0.84118670E-34    0.84118670E-34
    0.37884764E+00    0.16734401E+02    0.16734401E+02    0.39265749E-32    0.39265749E-32
    0.36967222E+00    0.16662231E+02    0.16662231E+02    0.91905296E-32    0.91905296E-32
    0.36083778E+00    0.16591680E+02    0.16591680E+02    0.64371965E-32    0.64371965E-32
    0.35232874E+00    0.16522645E+02    0.16522645E+02   -0.19336673E-31   -0.19336673E-31
    0.34412978E+00    0.16455030E+02    0.16455030E+02   -0.72406337E-31   -0.72406337E-31
    0.33622596E+00    0.16388766E+02    0.16388766E+02   -0.11951504E-30   -0.11951504E-30
    0.32860269E+00    0.16323793E+02    0.16323793E+02   -0.75240684E-31   -0.75240684E-31
    0.32124583E+00    0.16260043E+02    0.16260043E+02    0.16582546E-30    0.16582546E-30
    0.31414167E+00    0.16197439E+02    0.16197439E+02    0.63732240E-30    0.63732240E-30
    0.30727698E+00    0.16135894E+02    0.16135894E+02    0.11991635E-29    0.11991635E-29
    0.30063901E+00    0.16075302E+02    0.16075302E+02    0.15159989E-29    0.15159989E-29
    0.29421551E+00    0.16015533E+02    0.16015533E+02    0.11214161E-29    0.11214161E-29
    0.28799472E+00    0.15956444E+02    0.15956444E+02   -0.61941127E-30   -0.61941127E-30
    0.28196538E+00    0.15897897E+02    0.15897897E+02   -0.48134534E-29   -0.48134534E-29
    0.27611674E+00    0.15839772E+02    0.15839772E+02   -0.13114723E-28   -0.13114723E-28
    0.27043853E+00    0.15781983E+02    0.15781983E+02   -0.26089228E-28   -0.26089228E-28
    0.26492096E+00    0.15724465E+02    0.15724465E+02   -0.38858935E-28   -0.38858935E-28
    0.25955473E+00    0.15667169E+02    0.15667169E+02   -0.36965997E-28   -0.36965997E-28
    0.25433098E+00    0.15610051E+02    0.15610051E+02   -0.12583119E-29   -0.12583119E-29
    0.24924133E+00    0.15553058E+02    0.15553058E+02    0.69364578E-28    0.69364578E-28
    0.24427780E+00    0.15496129E+02    0.15496129E+02    0.12326263E-27    0.12326263E-27
    0.23943286E+00    0.15439189E+02    0.15439189E+02    0.42829588E-28    0.42829588E-28
    0.23469936E+00    0.15382152E+02    0.15382152E+02   -0.29327401E-27   -0.29327401E-27
    0.23007055E+00    0.15324920E+02    0.15324920E+02   -0.83308365E-27   -0.83308365E-27
    0.22554007E+00    0.15267389E+02    0.15267389E+02   -0.10825258E-26   -0.10825258E-26
    0.22110188E+00    0.15209449E+02    0.15209449E+02    0.14665736E-27    0.14665736E-27
    0.21675032E+00    0.15150992E+02    0.15150992E+02    0.47977760E-26    0.47977760E-26
    0.21248002E+00    0.15091903E+02    0.15091903E+02    0.15215997E-25    0.15215997E-25
    0.20828595E+00    0.15032072E+02    0.15032072E+02    0.33066276E-25    0.33066276E-25
    0.20416335E+00    0.14971385E+02    0.14971385E+02    0.57139955E-25    0.57139955E-25
    0.20010776E+00    0.14909733E+02    0.14909733E+02    0.80037697E-25    0.80037697E-25
    0.19611496E+00    0.14847006E+02    0.14847006E+02    0.85030259E-25    0.85030259E-25
    0.19218101E+00    0.14783097E+02    0.14783097E+02    0.46382411E-25    0.46382411E-25
    0.18830220E+00    0.14717900E+02    0.14717900E+02   -0.62047955E-25   -0.62047955E-25
    0.18447502E+00    0.14651304E+02    0.14651304E+02   -0.24321348E-24   -0.24321348E-24
    0.18069621E+00    0.14583200E+02    0.14583200E+02   -0.42418520E-24   -0.42418520E-24
    0.17696268E+00    0.14513466E+02    0.14513466E+02   -0.33405794E-24   -0.33405794E-24
    0.17327155E+00    0.14441977E+02    0.14441977E+02    0.78799595E-24    0.78799595E-24
    0.16962011E+00    0.14368594E+02    0.14368594E+02    0.48427114E-23    0.48427114E-23
    0.16600582E+00    0.14293169E+02    0.14293169E+02    0.16173633E-22    0.16173633E-22
    0.16242629E+00    0.14215543E+02    0.14215543E+02    0.44057845E-22    0.44057845E-22
    0.15887929E+00    0.14135547E+02    0.14135547E+02    0.10779514E-21    0.10779514E-21
    0.15536273E+00    0.14053003E+02    0.14053003E+02    0.24752567E-21    0.24752567E-21
    0.15187465E+00    0.13967719E+02    0.13967719E+02    0.54175535E-21    0.54175535E-21
    0.14841320E+00    0.13879498E+02    0.13879498E+02    0.11400055E-20    0.11400055E-20
    0.14497667E+00    0.13788127E+02    0.13788127E+02    0.23172598E-20    0.23172598E-20
    0.14156345E+00    0.13693385E+02    0.13693385E+02    0.45848270E-20    0.45848270E-20
    0.13817202E+00    0.13595036E+02    0.13595036E+02    0.88693848E-20    0.88693848E-20
    0.13480098E+00    0.13492831E+02    0.13492831E+02    0.16890669E-19    0.16890669E-19
    0.13144899E+00    0.13386506E+02    0.13386506E+02    0.31820621E-19    0.31820621E-19
    0.12811483E+00    0.13275779E+02    0.13275779E+02    0.59545342E-19    0.59545342E-19
    0.12479733E+00    0.13160349E+02    0.13160349E+02    0.11089137E-18    0.11089137E-18
    0.12149540E+00    0.13039893E+02    0.13039893E+02    0.20593211E-18    0.20593211E-18
    0.11820805E+00    0.12914065E+02    0.12914065E+02    0.38215165E-18    0.38215165E-18
    0.11493430E+00    0.12782494E+02    0.12782494E+02    0.70975052E-18    0.70975052E-18
    0.11167329E+00    0.12644786E+02    0.12644786E+02    0.13207534E-17    0.13207534E-17
    0.10842417E+00    0.12500517E+02    0.12500517E+02    0.24650671E-17    0.24650671E-17
    0.10518618E+00    0.12349240E+02    0.12349240E+02    0.46202238E-17    0.46202238E-17
    0.10195857E+00    0.12190477E+02    0.12190477E+02    0.87079108E-17    0.87079108E-17
    0.98740688E-01    0.12023726E+02    0.12023726E+02    0.16525448E-16    0.16525448E-16
    0.95531882E-01    0.11848457E+02    0.11848457E+02    0.31616473E-16    0.31616473E-16
    0.92331562E-01    0.11664113E+02    0.11664113E+02    0.61056902E-16    0.61056902E-16
    0.89139174E-01    0.11470106E+02    0.11470106E+02    0.11918219E-15    0.11918219E-15
    0.85954197E-01    0.11265823E+02    0.11265823E+02    0.23551299E-15    0.23551299E-15
    0.82776147E-01    0.11050618E+02    0.11050618E+02    0.47193760E-15    0.47193760E-15
    0.79604570E-01    0.10823821E+02    0.10823821E+02    0.96061600E-15    0.96061600E-15
    0.76439043E-01    0.10584734E+02    0.10584734E+02    0.19890946E-14    0.19890946E-14
    0.73279168E-01    0.10332642E+02    0.10332642E+02    0.41948745E-14    0.41948745E-14
    0.70124575E-01    0.10066814E+02    0.10066814E+02    0.90173320E-14    0.90173320E-14
    0.66974918E-01    0.97865182E+01    0.97865182E+01    0.19763944E-13    0.19763944E-13
    0.63829873E-01    0.94910287E+01    0.94910287E+01    0.44159135E-13    0.44159135E-13
    0.60689138E-01    0.91796457E+01    0.91796457E+01    0.10050101E-12    0.10050101E-12
    0.57552429E-01    0.88517118E+01    0.88517118E+01    0.23265317E-12    0.23265317E-12
    0.54419483E-01    0.85066346E+01    0.85066346E+01    0.54673996E-12    0.54673996E-12
    0.51290053E-01    0.81439131E+01    0.81439131E+01    0.13011066E-11    0.13011066E-11
    0.48163908E-01    0.77631676E+01    0.77631676E+01    0.31261615E-11    0.31261615E-11
    0.45040832E-01    0.73641739E+01    0.73641739E+01    0.75575623E-11    0.75575623E-11
    0.41920623E-01    0.69468988E+01    0.69468988E+01    0.18313294E-10    0.18313294E-10
    0.38803094E-01    0.65115359E+01    0.65115359E+01    0.44295596E-10    0.44295596E-10
    0.35688068E-01    0.60585373E+01    0.60585373E+01    0.10646465E-09    0.10646465E-09
    0.32575381E-01    0.55886376E+01    0.55886376E+01    0.25302743E-09    0.25302743E-09
    0.29464880E-01    0.51028640E+01    0.51028640E+01    0.59142859E-09    0.59142860E-09
    0.26356420E-01    0.46025288E+01    0.46025288E+01    0.13514418E-08    0.13514419E-08
    0.23249868E-01    0.40891986E+01    0.40891986E+01    0.29984472E-08    0.29984473E-08
    0.20145098E-01    0.35646351E+01    0.35646351E+01    0.64090517E-08    0.64090522E-08
    0.17041993E-01    0.30307091E+01    0.30307091E+01    0.13076369E-07    0.13076371E-07
    0.13940444E-01    0.24892899E+01    0.24892898E+01    0.25185589E-07    0.25185594E-07
    0.10840348E-01    0.19421229E+01    0.19421228E+01    0.45162416E-07    0.45162428E-07
    0.77416096E-02    0.13907117E+01    0.13907116E+01    0.74049338E-07    0.74049363E-07
    0.46441401E-02    0.83622160E+00    0.83622149E+00    0.10825353E-06    0.10825357E-06
    0.15478559E-02    0.27942144E+00    0.27942140E+00    0.13568986E-06    0.13568992E-06
