   146.321081201388        23.2254575934085        23.2221519037914     
   142.793068172330        23.2173817944741        23.2140285916465     
   139.283879159359        23.2013577602068        23.1979239406229     
   135.800980149075        23.1774569200942        23.1739148161589     
   132.351824313872        23.1458738442955        23.1421972766779     
   128.942090180476        23.1067748262162        23.1029151761427     
   125.575778098032        23.0607386904435        23.0566383142883     
   122.256477789346        23.0089565089609        23.0045485923656     
   118.987994067384        22.9525089221797        22.9477401481746     
   115.774461997547        22.8920998436202        22.8869428828161     
   112.621245552298        22.8279572015922        22.8224134080361     
   109.533201138739        22.7604500190544        22.7545216937823     
   106.514191285093        22.6902044582960        22.6838719019268     
   103.567927857847        22.6175542638759        22.6107760965680     
   100.697081968721        22.5428281914048        22.5355498607735     
   97.9029004534942        22.4666468347262        22.4588242799662     
   95.1854260068277        22.3897363904169        22.3813361621470     
   92.5450978109391        22.3125849823266        22.3035933600574     
   89.9830065394125        22.2353629481614        22.2257722264697     
   87.4996588039701        22.1583132837215        22.1481028086174     
   85.0948792144724        22.0818782687799        22.0710186420730     
   82.7679633232654        22.0065093673376        21.9949679234374     
   80.5181828104214        21.9324262611271        21.9201715785932     
   78.3451412572685        21.8594792509581        21.8464815808169     
   76.2478932823636        21.7875867522081        21.7738098938138     
   74.2249236681580        21.7168368425635        21.7022559185718     
   72.2749836279475        21.6472251831723        21.6318141577733     
   70.3967082987665        21.5785788692573        21.5622973532112     
   68.5876321113506        21.5109316051164        21.4937427933346     
   66.8450300625192        21.4444188398060        21.4262890262406     
   65.1665314301796        21.3791696242612        21.3600619835577     
   63.5502193301328        21.3152413237734        21.2951273288522     
   61.9943124146459        21.2525862384833        21.2314411700591     
   60.4969994227250        21.1910439883047        21.1688264781680     
   59.0563917047858        21.1304054417735        21.1070550883928     
   57.6701531728872        21.0705174841168        21.0459654618075     
   56.3355395038306        21.0113819350231        20.9855755676878     
   55.0497450760983        20.9530929706415        20.9260131682271     
   53.8104211313241        20.8956422619378        20.8672882109329     
   52.6154440665007        20.8389686620269        20.8093440263484     
   51.4628313383232        20.7829942926893        20.7520940883185     
   50.3506354568679        20.7276465488062        20.6954517262455     
   49.2768597487196        20.6728683143807        20.6393450001091     
   48.2395124395772        20.6186025276378        20.5837070594786     
   47.2365696469347        20.5648174740105        20.5285119492846     
   46.2662760958732        20.5114156460016        20.4736661716448     
   45.3269971521210        20.4582583812838        20.4190253379529     
   44.4170600379199        20.4052370013032        20.3644760973373     
   43.5348156707118        20.3522825627586        20.3099522056377     
   42.6786891249707        20.2993416486051        20.2554049197398     
   41.8471900466282        20.2463576534162        20.2007840249688     
   41.0389352400722        20.1932746279961        20.1460359514003     
   40.2525938136111        20.1400366221578        20.0911019735395     
   39.4869140961570        20.0865782657212        20.0359100755802     
   38.7407075990329        20.0328349213572        19.9803905901594     
   38.0128325612601        19.9787502526740        19.9244822638797     
   37.3021966521586        19.9242727302599        19.8681307328369     
   36.6077462880726        19.8693609487961        19.8112941682633     
   35.9284645448556        19.8139829940236        19.7539418177054     
   35.2634147050529        19.7580891394709        19.6960191688425     
   34.6116634708622        19.7016374806022        19.6374854748507     
   33.9723689270111        19.6445628186316        19.5782805680903     
   33.3447380548403        19.5867834125429        19.5183287340931     
   32.7280547973809        19.5281998840969        19.4575305331339     
   32.1216955929107        19.4686901641808        19.3957528197150     
   31.5250521444301        19.4081370719143        19.3328670478122     
   30.9375755027211        19.3464168253040        19.2687353574151     
   30.3587581390447        19.2833978680916        19.2032185920144     
   29.7881204018225        19.2189463780379        19.1361786891857     
   29.2252014242510        19.1529295087745        19.0674793290751     
   28.6695736236310        19.0852065229249        18.9969738333439     
   28.1208015451005        19.0156418926909        18.9245168698762     
   27.5784547769244        18.9441049292021        18.8499644697114     
   27.0421199234841        18.8704650999687        18.7731762365619     
   26.5114351803638        18.7945764634925        18.6939998336099     
   25.9860535250597        18.7162837153813        18.6122748674390     
   25.4656560415254        18.6354165258233        18.5278240712165     
   24.9499304807283        18.5517995327709        18.4404652318671     
   24.4385645030557        18.4652601208274        18.3500234655158     
   23.9312663092129        18.3756109251641        18.2563092429224     
   23.4277447907801        18.2826613007354        18.1591287917761     
   22.9277488022852        18.1861965672618        18.0582705566942     
   22.4310887659120        18.0859480469410        17.9534623163839     
   21.9375961245671        17.9816110467427        17.8443877455498     
   21.4470824395474        17.8728839320103        17.7307254843631     
   20.9593620713535        17.7594664166594        17.6121537603149     
   20.4742794603996        17.6410497228396        17.4883461778145     
   19.9917059595539        17.5173000124310        17.3589533678443     
   19.5115298556707        17.3878413596203        17.2235824753837     
   19.0336531657786        17.2522538256451        17.0817982746375     
   18.5579959085716        17.1100600912584        16.9331132826566     
   18.0844850952732        16.9607164378385        16.7769723906986     
   17.6130339849039        16.8036318893471        16.6127646886327     
   17.1435215920789        16.6381988963418        16.4398562146378     
   16.6758489420607        16.4637548612027        16.2575515814387     
   16.2099272817028        16.2795826669969        16.0651010690035     
   15.7456761008353        16.0848987606966        15.8616796046038     
   15.2830167560351        15.8788442490783        15.6463779382808     
   14.8218329739077        15.6605108655268        15.4182289700196     
   14.3619448695512        15.4289665616816        15.1762455262571     
   13.9032272297452        15.1831732515253        14.9193366496657     
   13.4456350087771        14.9218895737094        14.6462140813146     
   12.9891381973843        14.6436792748099        14.3553973898608     
   12.5336861226951        14.3469348810130        14.0452444703130     
   12.0791492076096        14.0299161952171        13.7139596317701     
   11.6253969508572        13.6907003597490        13.3595560818323     
   11.1723196504304        13.3270702693334        12.9797804627322     
   10.7196374181013        12.9365320129051        12.5722391130072     
   10.2669524031923        12.5162974863089        12.1343566824426     
   9.81378607763231        12.0631657007596        11.6632271951198     
   9.35927997979419        11.5736759274906        11.1558519041261     
   8.90196685067365        11.0444818391641        10.6096282372895     
   8.43991636076697        10.4721962361361        10.0223452264440     
   7.97045700697291        9.85359770578990        9.39238305037778     
   7.49000555191000        9.18618855140270        8.71930831336159     
   6.99391502238184        8.46822340825630        8.00419941108174     
   6.47586208707105        7.69961609363853        7.25051147792767     
   5.92774963276729        6.88357376734622        6.46499975957168     
   5.34042342555521        6.02894531813328        5.65855531882979     
   4.70621342139919        5.15166744103583        4.84597303778299     
   4.02324803418432        4.27438073603099        4.04337299552478     
   3.30027710736859        3.42149851975755        3.26312295302887     
   2.55558374063146        2.60799847178022        2.50887447119329     
   1.80859219494632        1.83368152116697        1.77645855969786     
   1.07235595477739        1.08812750315536        1.05923997619767     
  0.352809603143265       0.361168622795637       0.352632311305484     
