  0.9641661369E+00  0.9342345335E-01  0.5013721532E+00
  0.9403569086E+00  0.1020130744E+00  0.5239833899E+00
  0.9166669282E+00  0.1152421664E+00  0.5601202880E+00
  0.8931423645E+00  0.1332047004E+00  0.6036951774E+00
  0.8698278917E+00  0.1569620686E+00  0.6534295164E+00
  0.8467663120E+00  0.1882225809E+00  0.7165362177E+00
  0.8239982125E+00  0.2283824240E+00  0.7948634891E+00
  0.8015616632E+00  0.2788155622E+00  0.8868830858E+00
  0.7794919593E+00  0.3408230956E+00  0.9908477354E+00
  0.7578214104E+00  0.4132477303E+00  0.1107143024E+01
  0.7365791789E+00  0.4958008404E+00  0.1232071043E+01
  0.7157911677E+00  0.5960122538E+00  0.1369405925E+01
  0.6954799564E+00  0.7230861713E+00  0.1522708876E+01
  0.6756647824E+00  0.8762307641E+00  0.1686373434E+01
  0.6563615673E+00  0.1046783077E+01  0.1857978172E+01
  0.6375829807E+00  0.1233592935E+01  0.2039056073E+01
  0.6193385410E+00  0.1439365016E+01  0.2231287014E+01
  0.6016347458E+00  0.1661399825E+01  0.2435673521E+01
  0.5844752278E+00  0.1888731344E+01  0.2653643012E+01
  0.5678609324E+00  0.2112612373E+01  0.2880701540E+01
  0.5517903098E+00  0.2333534085E+01  0.3109809123E+01
  0.5362595192E+00  0.2563429357E+01  0.3338144852E+01
  0.5212626395E+00  0.2809268112E+01  0.3567297884E+01
  0.5067918826E+00  0.3078554054E+01  0.3797017025E+01
  0.4928378062E+00  0.3382162685E+01  0.4028260297E+01
  0.4793895231E+00  0.3714312097E+01  0.4266067556E+01
  0.4664349032E+00  0.4053431663E+01  0.4512499177E+01
  0.4539607683E+00  0.4375705922E+01  0.4764015917E+01
  0.4419530752E+00  0.4674960710E+01  0.5016456786E+01
  0.4303970886E+00  0.4961180147E+01  0.5267213513E+01
  0.4192775411E+00  0.5242498219E+01  0.5516746168E+01
  0.4085787801E+00  0.5525838033E+01  0.5765723548E+01
  0.3982849020E+00  0.5811725386E+01  0.6015915343E+01
  0.3883798735E+00  0.6094035221E+01  0.6267596686E+01
  0.3788476389E+00  0.6371918015E+01  0.6520803984E+01
  0.3696722162E+00  0.6643940689E+01  0.6776514645E+01
  0.3608377810E+00  0.6909327168E+01  0.7033655219E+01
  0.3523287383E+00  0.7164488782E+01  0.7290037712E+01
  0.3441297848E+00  0.7405122450E+01  0.7544476539E+01
  0.3362259610E+00  0.7627611660E+01  0.7797285973E+01
  0.3286026937E+00  0.7834062653E+01  0.8049972937E+01
  0.3212458315E+00  0.8027313056E+01  0.8303681839E+01
  0.3141416719E+00  0.8208666380E+01  0.8559470112E+01
  0.3072769820E+00  0.8380001528E+01  0.8817228575E+01
  0.3006390131E+00  0.8534944337E+01  0.9075084629E+01
  0.2942155106E+00  0.8668205698E+01  0.9330893465E+01
  0.2879947188E+00  0.8784081416E+01  0.9583731443E+01
  0.2819653815E+00  0.8888182662E+01  0.9833698036E+01
  0.2761167398E+00  0.8982354522E+01  0.1008116141E+02
  0.2704385267E+00  0.9067409885E+01  0.1032589973E+02
  0.2649209587E+00  0.9141758850E+01  0.1056788661E+02
  0.2595547264E+00  0.9204850618E+01  0.1080816824E+02
  0.2543309822E+00  0.9257144265E+01  0.1104793572E+02
  0.2492413280E+00  0.9297080611E+01  0.1128836062E+02
  0.2442778002E+00  0.9323092608E+01  0.1152969379E+02
  0.2394328560E+00  0.9332924457E+01  0.1177204764E+02
  0.2346993567E+00  0.9327234507E+01  0.1201556881E+02
  0.2300705531E+00  0.9306156316E+01  0.1226059684E+02
  0.2255400686E+00  0.9266458212E+01  0.1250712078E+02
  0.2211018836E+00  0.9207429674E+01  0.1275496933E+02
  0.2167503195E+00  0.9130382933E+01  0.1300359086E+02
  0.2124800229E+00  0.9037029264E+01  0.1325304360E+02
  0.2082859499E+00  0.8929458501E+01  0.1350402815E+02
  0.2041633512E+00  0.8809969808E+01  0.1375716585E+02
  0.2001077568E+00  0.8678915451E+01  0.1401309450E+02
  0.1961149623E+00  0.8537565769E+01  0.1427257210E+02
  0.1921810143E+00  0.8386868744E+01  0.1453613146E+02
  0.1883021974E+00  0.8224991075E+01  0.1480394152E+02
  0.1844750213E+00  0.8048861341E+01  0.1507550803E+02
  0.1806962081E+00  0.7854623940E+01  0.1535034968E+02
  0.1769626807E+00  0.7636886996E+01  0.1562799065E+02
  0.1732715512E+00  0.7393294813E+01  0.1590821791E+02
  0.1696201103E+00  0.7123245010E+01  0.1619105048E+02
  0.1660058169E+00  0.6828119343E+01  0.1647676235E+02
  0.1624262883E+00  0.6509970853E+01  0.1676525800E+02
  0.1588792908E+00  0.6171200319E+01  0.1705596263E+02
  0.1553627311E+00  0.5813412672E+01  0.1734870436E+02
  0.1518746474E+00  0.5437331236E+01  0.1764407168E+02
  0.1484132020E+00  0.5043952145E+01  0.1794339649E+02
  0.1449766737E+00  0.4633265603E+01  0.1824818156E+02
  0.1415634504E+00  0.4203037459E+01  0.1855930095E+02
  0.1381720227E+00  0.3749696374E+01  0.1887732825E+02
  0.1348009774E+00  0.3271236442E+01  0.1920269780E+02
  0.1314489918E+00  0.2767470509E+01  0.1953535240E+02
  0.1281148278E+00  0.2236567433E+01  0.1987526278E+02
  0.1247973268E+00  0.1681004410E+01  0.2022302933E+02
  0.1214954046E+00  0.1103142407E+01  0.2057898008E+02
  0.1182080468E+00  0.5032835885E+00  0.2094303514E+02
  0.1149343045E+00 -0.1147132595E+00  0.2131526806E+02
  0.1116732900E+00 -0.7456994082E+00  0.2169627503E+02
  0.1084241728E+00 -0.1385165860E+01  0.2208628586E+02
  0.1051861765E+00 -0.2029264893E+01  0.2248532761E+02
  0.1019585747E+00 -0.2673186368E+01  0.2289490946E+02
  0.9874068825E-01 -0.3310879876E+01  0.2331750661E+02
  0.9553188202E-01 -0.3935466120E+01  0.2375520692E+02
  0.9233156218E-01 -0.4540795919E+01  0.2420936608E+02
  0.8913917351E-01 -0.5122229561E+01  0.2468006575E+02
  0.8595419692E-01 -0.5676101917E+01  0.2516815331E+02
  0.8277614712E-01 -0.6192299318E+01  0.2567583270E+02
  0.7960457047E-01 -0.6660788988E+01  0.2620632292E+02
  0.7643904287E-01 -0.7070584370E+01  0.2676234701E+02
  0.7327916792E-01 -0.7409334948E+01  0.2734673353E+02
  0.7012457510E-01 -0.7659636135E+01  0.2796317849E+02
  0.6697491809E-01 -0.7804782166E+01  0.2861870211E+02
  0.6382987318E-01 -0.7820233006E+01  0.2932480644E+02
  0.6068913785E-01 -0.7679390304E+01  0.3009577835E+02
  0.5755242935E-01 -0.7354354999E+01  0.3094723894E+02
  0.5441948345E-01 -0.6820100048E+01  0.3189625951E+02
  0.5129005320E-01 -0.6037052487E+01  0.3296054858E+02
  0.4816390782E-01 -0.4955759622E+01  0.3416076608E+02
  0.4504083165E-01 -0.3538813444E+01  0.3551583275E+02
  0.4192062316E-01 -0.1744098497E+01  0.3703524032E+02
  0.3880309403E-01  0.4914602434E+00  0.3871120343E+02
  0.3568806828E-01  0.3209559148E+01  0.4050316590E+02
  0.3257538147E-01  0.6383530210E+01  0.4225742119E+02
  0.2946487995E-01  0.9909075176E+01  0.4363804546E+02
  0.2635642014E-01  0.1357353054E+02  0.4407094089E+02
  0.2324986788E-01  0.1702961959E+02  0.4268782835E+02
  0.2014509783E-01  0.1977306602E+02  0.3848473211E+02
  0.1704199287E-01  0.2107883534E+02  0.3094235821E+02
  0.1394044356E-01  0.2011654191E+02  0.2113517059E+02
  0.1084034764E-01  0.1624501219E+02  0.1205176582E+02
  0.7741609588E-02  0.9983833500E+01  0.6129994928E+01
  0.4644140138E-02  0.3847229323E+01  0.2829529418E+01
  0.1547855893E-02  0.4262293460E+00  0.7538260671E+00
