  0.2489880127E+03  0.9980288438E-05  0.6675202091E-08  0.4240616031E-05
  0.2428497859E+03  0.7304678260E-05  0.2718591826E-07  0.2967928504E-05
  0.2367456942E+03  0.2269864878E-05  0.5282335555E-07  0.3643241298E-06
  0.2306865253E+03  0.3432215878E-06  0.8514637495E-07 -0.7292446464E-06
  0.2246841361E+03  0.1676501154E-05  0.1300579648E-06 -0.1407415605E-06
  0.2187496274E+03  0.1397365549E-05  0.1920378888E-06 -0.2847787460E-06
  0.2128939338E+03 -0.1061543078E-05  0.2713167629E-06 -0.1577452727E-05
  0.2071265309E+03 -0.3279775848E-05  0.3624841581E-06 -0.2875730744E-05
  0.2014553652E+03 -0.5811870560E-05  0.4667485546E-06 -0.4367749850E-05
  0.1958886366E+03 -0.9516497265E-05  0.5888417154E-06 -0.6264684932E-05
  0.1904336092E+03 -0.1259064346E-04  0.7214243592E-06 -0.7737603795E-05
  0.1850960610E+03 -0.1332810484E-04  0.8588302719E-06 -0.8150900375E-05
  0.1798813760E+03 -0.1261152239E-04  0.1016081054E-05 -0.7842632996E-05
  0.1747952779E+03 -0.1133275198E-04  0.1217755087E-05 -0.7229949067E-05
  0.1698428365E+03 -0.8021410079E-05  0.1474518657E-05 -0.5768037363E-05
  0.1650276692E+03 -0.9116161928E-06  0.1783567991E-05 -0.2715184407E-05
  0.1603521259E+03  0.7851106711E-05  0.2119422287E-05  0.9168247710E-06
  0.1558166260E+03  0.1603198372E-04  0.2450128064E-05  0.4377917761E-05
  0.1514209217E+03  0.2136377461E-04  0.2770409981E-05  0.6788619175E-05
  0.1471645653E+03  0.2317403367E-04  0.3098865223E-05  0.7754522988E-05
  0.1430472184E+03  0.2392982670E-04  0.3462040805E-05  0.8186500919E-05
  0.1390681855E+03  0.2333221631E-04  0.3871557890E-05  0.7766101107E-05
  0.1352261746E+03  0.2287464414E-04  0.4338025209E-05  0.7244370907E-05
  0.1315194522E+03  0.2337495659E-04  0.4862240561E-05  0.7125749944E-05
  0.1279455307E+03  0.2257983640E-04  0.5441710866E-05  0.6450685903E-05
  0.1245016737E+03  0.1895698463E-04  0.6089347858E-05  0.4577217020E-05
  0.1211849080E+03  0.1303056963E-04  0.6795228960E-05  0.1496566889E-05
  0.1179917017E+03  0.5097833103E-05  0.7512322991E-05 -0.2639140126E-05
  0.1149179481E+03 -0.4914062766E-05  0.8190131085E-05 -0.7495667841E-05
  0.1119593054E+03 -0.1230010593E-04  0.8845304316E-05 -0.1083674584E-04
  0.1091118314E+03 -0.1455028279E-04  0.9540980568E-05 -0.1171412439E-04
  0.1063717590E+03 -0.1594408069E-04  0.1029251184E-04 -0.1226680874E-04
  0.1037350648E+03 -0.1884178987E-04  0.1108185158E-04 -0.1355857101E-04
  0.1011976787E+03 -0.2300290704E-04  0.1191749407E-04 -0.1542154769E-04
  0.9875557883E+02 -0.2835021453E-04  0.1281208641E-04 -0.1788197590E-04
  0.9640474254E+02 -0.3374685610E-04  0.1376893992E-04 -0.2062742111E-04
  0.9414116488E+02 -0.3838351875E-04  0.1478734079E-04 -0.2332012712E-04
  0.9196087733E+02 -0.4267531564E-04  0.1587999282E-04 -0.2605485839E-04
  0.8986003443E+02 -0.4545001957E-04  0.1706016625E-04 -0.2823336996E-04
  0.8783483724E+02 -0.4463806437E-04  0.1830973528E-04 -0.2883814386E-04
  0.8588151314E+02 -0.3945406520E-04  0.1959093909E-04 -0.2736084999E-04
  0.8399632827E+02 -0.3123936290E-04  0.2087109946E-04 -0.2428010160E-04
  0.8217565790E+02 -0.2198749800E-04  0.2213558948E-04 -0.2071926922E-04
  0.8041601178E+02 -0.1242917699E-04  0.2339193333E-04 -0.1715775666E-04
  0.7871408531E+02 -0.2762527380E-05  0.2466549390E-04 -0.1373266671E-04
  0.7706675534E+02  0.6005844232E-05  0.2597572686E-04 -0.1082072916E-04
  0.7547103613E+02  0.1287033207E-04  0.2731948267E-04 -0.8695433233E-05
  0.7392404264E+02  0.1764564814E-04  0.2870239660E-04 -0.7428567847E-05
  0.7242304979E+02  0.2068593478E-04  0.3014049455E-04 -0.6942222834E-05
  0.7096545150E+02  0.2351573660E-04  0.3164285411E-04 -0.6646984890E-05
  0.6954877806E+02  0.2755451788E-04  0.3322518326E-04 -0.6111032264E-05
  0.6817068469E+02  0.3216436781E-04  0.3488139762E-04 -0.5610475289E-05
  0.6682891252E+02  0.3697640946E-04  0.3659742104E-04 -0.5019019008E-05
  0.6552131124E+02  0.4257289867E-04  0.3837753269E-04 -0.3798973667E-05
  0.6424584699E+02  0.5016768610E-04  0.4024266743E-04 -0.1524231481E-05
  0.6300061585E+02  0.6078024067E-04  0.4221460280E-04  0.2053927093E-05
  0.6178381880E+02  0.7416779181E-04  0.4431951401E-04  0.6830240411E-05
  0.6059377890E+02  0.8893428942E-04  0.4657433738E-04  0.1237991390E-04
  0.5942889403E+02  0.1035882253E-03  0.4895800794E-04  0.1818585142E-04
  0.5828763012E+02  0.1174589131E-03  0.5145901681E-04  0.2391599881E-04
  0.5716853777E+02  0.1298968466E-03  0.5407552798E-04  0.2931264329E-04
  0.5607024046E+02  0.1401603990E-03  0.5680426935E-04  0.3407847232E-04
  0.5499143826E+02  0.1483152824E-03  0.5964971790E-04  0.3795491968E-04
  0.5393090588E+02  0.1542606356E-03  0.6262651124E-04  0.4073613499E-04
  0.5288749523E+02  0.1580024496E-03  0.6576086236E-04  0.4226823448E-04
  0.5186013480E+02  0.1608184032E-03  0.6907372381E-04  0.4299589488E-04
  0.5084781459E+02  0.1649242019E-03  0.7256340940E-04  0.4387068982E-04
  0.4984957221E+02  0.1712719394E-03  0.7623035495E-04  0.4546888357E-04
  0.4886450774E+02  0.1799031054E-03  0.8009253198E-04  0.4781737804E-04
  0.4789177875E+02  0.1896852746E-03  0.8415425865E-04  0.5050994328E-04
  0.4693058811E+02  0.1999211119E-03  0.8840456249E-04  0.5322748444E-04
  0.4598017912E+02  0.2107977045E-03  0.9283712391E-04  0.5596680895E-04
  0.4503983696E+02  0.2213889842E-03  0.9746408627E-04  0.5833531594E-04
  0.4410889606E+02  0.2303819361E-03  0.1023267961E-03  0.5991957006E-04
  0.4318674457E+02  0.2370782880E-03  0.1074517318E-03  0.6073833310E-04
  0.4227280141E+02  0.2411711290E-03  0.1128772155E-03  0.6081870453E-04
  0.4136654000E+02  0.2433168846E-03  0.1186944852E-03  0.6033623297E-04
  0.4046748319E+02  0.2448350463E-03  0.1249748196E-03  0.5979726598E-04
  0.3957518510E+02  0.2464752762E-03  0.1317489228E-03  0.5955421310E-04
  0.3868922341E+02  0.2475878436E-03  0.1390285770E-03  0.5944409245E-04
  0.3780919185E+02  0.2465410098E-03  0.1468608902E-03  0.5902144689E-04
  0.3693471777E+02  0.2433707494E-03  0.1553042095E-03  0.5807908800E-04
  0.3606544424E+02  0.2381115925E-03  0.1643850943E-03  0.5659544567E-04
  0.3520103051E+02  0.2308766771E-03  0.1741904070E-03  0.5447428138E-04
  0.3434117217E+02  0.2231699232E-03  0.1848065604E-03  0.5214395892E-04
  0.3348557569E+02  0.2154806386E-03  0.1963356928E-03  0.4989299714E-04
  0.3263398095E+02  0.2080454199E-03  0.2088767001E-03  0.4786919909E-04
  0.3178612891E+02  0.2014835442E-03  0.2224833162E-03  0.4633082459E-04
  0.3094177226E+02  0.1958984018E-03  0.2372702087E-03  0.4534848606E-04
  0.3010068382E+02  0.1916265702E-03  0.2533902955E-03  0.4505742070E-04
  0.2926265424E+02  0.1877969339E-03  0.2710687820E-03  0.4521939812E-04
  0.2842750583E+02  0.1829593457E-03  0.2905586814E-03  0.4528900592E-04
  0.2759507532E+02  0.1764508408E-03  0.3121049128E-03  0.4498337882E-04
  0.2676521624E+02  0.1669442768E-03  0.3360046234E-03  0.4430309354E-04
  0.2593779745E+02  0.1537033797E-03  0.3626342317E-03  0.4312592957E-04
  0.2511271184E+02  0.1363180735E-03  0.3923923059E-03  0.4080450541E-04
  0.2428985764E+02  0.1121151388E-03  0.4257498061E-03  0.3617331980E-04
  0.2346915509E+02  0.7548857131E-04  0.4633790626E-03  0.2784983226E-04
  0.2265055280E+02  0.2291283843E-04  0.5061036321E-03  0.1522556501E-04
  0.2183402829E+02 -0.4307788414E-04  0.5548897356E-03 -0.7291249317E-06
  0.2101957616E+02 -0.1268438953E-03  0.6109135438E-03 -0.2002899055E-04
  0.2020722648E+02 -0.2356610455E-03  0.6757046117E-03 -0.4358574674E-04
  0.1939705240E+02 -0.3711852642E-03  0.7511426401E-03 -0.7109779535E-04
  0.1858916625E+02 -0.5267738656E-03  0.8396354254E-03 -0.1008625355E-03
  0.1778374200E+02 -0.6931606734E-03  0.9441976790E-03 -0.1298560761E-03
  0.1698100574E+02 -0.8699852960E-03  0.1068368645E-02 -0.1557465965E-03
  0.1618123456E+02 -0.1073264259E-02  0.1216740514E-02 -0.1806594422E-03
  0.1538480966E+02 -0.1311890126E-02  0.1395150439E-02 -0.2059861551E-03
  0.1459219801E+02 -0.1566490403E-02  0.1610653154E-02 -0.2245645041E-03
  0.1380395986E+02 -0.1806632508E-02  0.1871895240E-02 -0.2253849974E-03
  0.1302077193E+02 -0.2043686479E-02  0.2189199198E-02 -0.2007346120E-03
  0.1224345064E+02 -0.2300326176E-02  0.2574936178E-02 -0.1536467294E-03
  0.1147300138E+02 -0.2644954845E-02  0.3044360276E-02 -0.1012517004E-03
  0.1071057923E+02 -0.3204905221E-02  0.3614866260E-02 -0.6236208296E-04
  0.9957373039E+01 -0.3992546523E-02  0.4302928505E-02 -0.2416489967E-04
  0.9214162303E+01 -0.4870037904E-02  0.5111363293E-02  0.6072501536E-04
  0.8480511766E+01 -0.5923809714E-02  0.6005455890E-02  0.1751246560E-03
  0.7753565206E+01 -0.7248735367E-02  0.6869321556E-02  0.2543228617E-03
  0.7023997386E+01 -0.8238641451E-02  0.7406812821E-02  0.2887938512E-03
  0.6266848214E+01 -0.8012139829E-02  0.7060516966E-02  0.2527714859E-03
  0.5430280421E+01 -0.6421474737E-02  0.5320517915E-02  0.9853259555E-04
  0.4443115068E+01 -0.4096358548E-02  0.2694939017E-02 -0.5486134640E-04
  0.3274315948E+01 -0.2386315840E-02  0.7842941356E-03 -0.5685027190E-04
  0.1984977695E+01 -0.1350899023E-02  0.1208430519E-03 -0.2627934665E-04
  0.6604367810E+00 -0.4688966845E-03  0.7411965853E-05 -0.6476441168E-05
