  0.9641661369E+00  0.1790527144E+00 -0.1265918831E+00
  0.9403569086E+00  0.2235482723E+00 -0.1368116429E+00
  0.9166669282E+00  0.3025457524E+00 -0.1474993265E+00
  0.8931423645E+00  0.4147625262E+00 -0.1595362049E+00
  0.8698278917E+00  0.5534540334E+00 -0.1730029981E+00
  0.8467663120E+00  0.7086014019E+00 -0.1876502959E+00
  0.8239982125E+00  0.8686945967E+00 -0.2032412177E+00
  0.8015616632E+00  0.1021197888E+01 -0.2201894170E+00
  0.7794919593E+00  0.1157675868E+01 -0.2386506130E+00
  0.7578214104E+00  0.1273212065E+01 -0.2570621196E+00
  0.7365791789E+00  0.1367829505E+01 -0.2755126867E+00
  0.7157911677E+00  0.1447333067E+01 -0.2946712810E+00
  0.6954799564E+00  0.1516674549E+01 -0.3136037135E+00
  0.6756647824E+00  0.1577815259E+01 -0.3319356714E+00
  0.6563615673E+00  0.1628458246E+01 -0.3504366763E+00
  0.6375829807E+00  0.1662445362E+01 -0.3698444728E+00
  0.6193385410E+00  0.1672204724E+01 -0.3888381613E+00
  0.6016347458E+00  0.1652465029E+01 -0.4051054243E+00
  0.5844752278E+00  0.1605805214E+01 -0.4175977866E+00
  0.5678609324E+00  0.1539479197E+01 -0.4258951543E+00
  0.5517903098E+00  0.1461800163E+01 -0.4303012031E+00
  0.5362595192E+00  0.1378830119E+01 -0.4308860880E+00
  0.5212626395E+00  0.1293002851E+01 -0.4273588228E+00
  0.5067918826E+00  0.1204819672E+01 -0.4197803624E+00
  0.4928378062E+00  0.1115737850E+01 -0.4084497963E+00
  0.4793895231E+00  0.1027027102E+01 -0.3939099404E+00
  0.4664349032E+00  0.9410564676E+00 -0.3760786281E+00
  0.4539607683E+00  0.8598826811E+00 -0.3536686715E+00
  0.4419530752E+00  0.7845422107E+00 -0.3258291783E+00
  0.4303970886E+00  0.7150034695E+00 -0.2938804689E+00
  0.4192775411E+00  0.6496123198E+00 -0.2603979231E+00
  0.4085787801E+00  0.5870831146E+00 -0.2254476844E+00
  0.3982849020E+00  0.5269251257E+00 -0.1877086384E+00
  0.3883798735E+00  0.4689288369E+00 -0.1468554160E+00
  0.3788476389E+00  0.4140325405E+00 -0.1036592442E+00
  0.3696722162E+00  0.3629267245E+00 -0.5894858770E-01
  0.3608377810E+00  0.3158509902E+00 -0.1254905534E-01
  0.3523287383E+00  0.2728453283E+00  0.3592725019E-01
  0.3441297848E+00  0.2333381339E+00  0.8619730811E-01
  0.3362259610E+00  0.1969557336E+00  0.1377337357E+00
  0.3286026937E+00  0.1633885899E+00  0.1907011418E+00
  0.3212458315E+00  0.1323681578E+00  0.2458119895E+00
  0.3141416719E+00  0.1043704605E+00  0.3039224566E+00
  0.3072769820E+00  0.7956211441E-01  0.3653769368E+00
  0.3006390131E+00  0.5780486504E-01  0.4301926483E+00
  0.2942155106E+00  0.3860336842E-01  0.4982589671E+00
  0.2879947188E+00  0.2140858014E-01  0.5692555845E+00
  0.2819653815E+00  0.5648654847E-02  0.6425935744E+00
  0.2761167398E+00 -0.8813094561E-02  0.7177629320E+00
  0.2704385267E+00 -0.2202454748E-01  0.7943716847E+00
  0.2649209587E+00 -0.3434795246E-01  0.8724833360E+00
  0.2595547264E+00 -0.4575710483E-01  0.9526959578E+00
  0.2543309822E+00 -0.5635334243E-01  0.1035577915E+01
  0.2492413280E+00 -0.6628586256E-01  0.1121367489E+01
  0.2442778002E+00 -0.7552381526E-01  0.1209905714E+01
  0.2394328560E+00 -0.8427336148E-01  0.1300794930E+01
  0.2346993567E+00 -0.9269646367E-01  0.1393711176E+01
  0.2300705531E+00 -0.1007240138E+00  0.1488650079E+01
  0.2255400686E+00 -0.1083296231E+00  0.1585757048E+01
  0.2211018836E+00 -0.1154224383E+00  0.1685322448E+01
  0.2167503195E+00 -0.1219225802E+00  0.1787743720E+01
  0.2124800229E+00 -0.1278446521E+00  0.1893149254E+01
  0.2082859499E+00 -0.1332084698E+00  0.2001645736E+01
  0.2041633512E+00 -0.1383548347E+00  0.2113309730E+01
  0.2001077568E+00 -0.1434309535E+00  0.2228231231E+01
  0.1961149623E+00 -0.1487830469E+00  0.2346698659E+01
  0.1921810143E+00 -0.1544771066E+00  0.2469042945E+01
  0.1883021974E+00 -0.1607635785E+00  0.2595476879E+01
  0.1844750213E+00 -0.1678862975E+00  0.2726300651E+01
  0.1806962081E+00 -0.1760965805E+00  0.2861915571E+01
  0.1769626807E+00 -0.1856710187E+00  0.3002545492E+01
  0.1732715512E+00 -0.1969698980E+00  0.3148302387E+01
  0.1696201103E+00 -0.2103600286E+00  0.3299235917E+01
  0.1660058169E+00 -0.2256368648E+00  0.3455615625E+01
  0.1624262883E+00 -0.2427370435E+00  0.3617646710E+01
  0.1588792908E+00 -0.2616229442E+00  0.3785424001E+01
  0.1553627311E+00 -0.2825617338E+00  0.3959253555E+01
  0.1518746474E+00 -0.3055629376E+00  0.4139694013E+01
  0.1484132020E+00 -0.3306522760E+00  0.4327528887E+01
  0.1449766737E+00 -0.3580432343E+00  0.4523664669E+01
  0.1415634504E+00 -0.3880854597E+00  0.4728801378E+01
  0.1381720227E+00 -0.4209769241E+00  0.4943769958E+01
  0.1348009774E+00 -0.4571490934E+00  0.5169395324E+01
  0.1314489918E+00 -0.4970418978E+00  0.5406300980E+01
  0.1281148278E+00 -0.5411970293E+00  0.5655674205E+01
  0.1247973268E+00 -0.5905342988E+00  0.5918487469E+01
  0.1214954046E+00 -0.6454545370E+00  0.6196321470E+01
  0.1182080468E+00 -0.7061062298E+00  0.6490556156E+01
  0.1149343045E+00 -0.7729654302E+00  0.6802483272E+01
  0.1116732900E+00 -0.8467516366E+00  0.7133392899E+01
  0.1084241728E+00 -0.9274902607E+00  0.7485054207E+01
  0.1051861765E+00 -0.1015362743E+01  0.7859752237E+01
  0.1019585747E+00 -0.1110616051E+01  0.8260212638E+01
  0.9874068825E-01 -0.1213696653E+01  0.8689902643E+01
  0.9553188202E-01 -0.1324733459E+01  0.9152900281E+01
  0.9233156218E-01 -0.1443897861E+01  0.9654194923E+01
  0.8913917351E-01 -0.1571240359E+01  0.1019882203E+02
  0.8595419692E-01 -0.1705551357E+01  0.1079234579E+02
  0.8277614712E-01 -0.1845171010E+01  0.1144206341E+02
  0.7960457047E-01 -0.1987769530E+01  0.1215737657E+02
  0.7643904287E-01 -0.2130684274E+01  0.1294952443E+02
  0.7327916792E-01 -0.2270137225E+01  0.1383190325E+02
  0.7012457510E-01 -0.2402877206E+01  0.1482190401E+02
  0.6697491809E-01 -0.2523965871E+01  0.1594182161E+02
  0.6382987318E-01 -0.2627612741E+01  0.1721837073E+02
  0.6068913785E-01 -0.2707303466E+01  0.1868309172E+02
  0.5755242935E-01 -0.2754561875E+01  0.2037430542E+02
  0.5441948345E-01 -0.2754369063E+01  0.2234141478E+02
  0.5129005320E-01 -0.2686578470E+01  0.2464096793E+02
  0.4816390782E-01 -0.2530967830E+01  0.2733190964E+02
  0.4504083165E-01 -0.2266606266E+01  0.3047666442E+02
  0.4192062316E-01 -0.1870949590E+01  0.3413567187E+02
  0.3880309403E-01 -0.1306248161E+01  0.3834918192E+02
  0.3568806828E-01 -0.5340567467E+00  0.4309922218E+02
  0.3257538147E-01  0.4703332972E+00  0.4824974766E+02
  0.2946487995E-01  0.1697041776E+01  0.5343538179E+02
  0.2635642014E-01  0.3115733023E+01  0.5788125965E+02
  0.2324986788E-01  0.4680656483E+01  0.6028578699E+02
  0.2014509783E-01  0.6208379375E+01  0.5888594961E+02
  0.1704199287E-01  0.7320139486E+01  0.5193590078E+02
  0.1394044356E-01  0.7581645040E+01  0.3931889087E+02
  0.1084034764E-01  0.6619751315E+01  0.2441789336E+02
  0.7741609588E-02  0.4418022510E+01  0.1243627588E+02
  0.4644140138E-02  0.1853441683E+01  0.5307434706E+01
  0.1547855893E-02  0.2228775032E+00  0.1341718732E+01
