 0.24704861111E+02 0.14335297932E-01 0.16244836088E+02 0.10518330935E+01 0.10541118598E+01 0.90415454924E+00 0.10117376018E+01-0.88745348957E-02               NaN
 0.24722222222E+02 0.14343830906E-01 0.16246184083E+02 0.10518478496E+01 0.10541263717E+01 0.90409386384E+00 0.10117429816E+01-0.88722361472E-02               NaN
 0.24739583333E+02 0.14353305748E-01 0.16247528093E+02 0.10518631348E+01 0.10541418821E+01 0.90402647507E+00 0.10117489530E+01-0.88693383809E-02               NaN
 0.24756944444E+02 0.14363418596E-01 0.16248865169E+02 0.10518781620E+01 0.10541575100E+01 0.90395454284E+00 0.10117553238E+01-0.88662583771E-02               NaN
 0.24774305556E+02 0.14373727998E-01 0.16250146266E+02 0.10518927347E+01 0.10541728632E+01 0.90388120645E+00 0.10117618157E+01-0.88638753911E-02               NaN
 0.24791666667E+02 0.14384097360E-01 0.16251374565E+02 0.10519069067E+01 0.10541875830E+01 0.90380743734E+00 0.10117683425E+01-0.88628104409E-02               NaN
 0.24809027778E+02 0.14393793910E-01 0.16252588335E+02 0.10519207948E+01 0.10542011823E+01 0.90373844910E+00 0.10117744433E+01-0.88628838315E-02               NaN
 0.24826388889E+02 0.14402453895E-01 0.16253858629E+02 0.10519349996E+01 0.10542140968E+01 0.90367683115E+00 0.10117798897E+01-0.88629607764E-02               NaN
 0.24843750000E+02 0.14409961820E-01 0.16255182847E+02 0.10519496968E+01 0.10542272708E+01 0.90362340688E+00 0.10117846101E+01-0.88619872798E-02               NaN
 0.24861111111E+02 0.14416956808E-01 0.16256548679E+02 0.10519642888E+01 0.10542408048E+01 0.90357362961E+00 0.10117890065E+01-0.88596786630E-02               NaN
 0.24878472222E+02 0.14424523661E-01 0.16257881065E+02 0.10519781082E+01 0.10542540704E+01 0.90351977969E+00 0.10117937610E+01-0.88566416751E-02               NaN
 0.24895833333E+02 0.14433610909E-01 0.16259173807E+02 0.10519913728E+01 0.10542670377E+01 0.90345510543E+00 0.10117994688E+01-0.88536640499E-02               NaN
 0.24913194444E+02 0.14443777086E-01 0.16260480135E+02 0.10520045714E+01 0.10542800816E+01 0.90338274676E+00 0.10118058517E+01-0.88510432854E-02               NaN
 0.24930555556E+02 0.14454343099E-01 0.16261802757E+02 0.10520176726E+01 0.10542929963E+01 0.90330753590E+00 0.10118124828E+01-0.88488200246E-02               NaN
 0.24947916667E+02 0.14464702919E-01 0.16263179210E+02 0.10520308033E+01 0.10543055134E+01 0.90323378652E+00 0.10118189816E+01-0.88472223498E-02               NaN
 0.24965277778E+02 0.14475239294E-01 0.16264505799E+02 0.10520442319E+01 0.10543176780E+01 0.90315877393E+00 0.10118255882E+01-0.88464662446E-02               NaN
 0.24982638889E+02 0.14486314299E-01 0.16265797149E+02 0.10520578526E+01 0.10543296335E+01 0.90307991973E+00 0.10118325295E+01-0.88460129348E-02               NaN
 0.25000000000E+02 0.14497245629E-01 0.16267173701E+02 0.10520713010E+01 0.10543413201E+01 0.90300208157E+00 0.10118393776E+01-0.88451857587E-02               NaN
