 0.16579861111E+02 0.95439013916E-02 0.15651587938E+02 0.10551661637E+01 0.10569249108E+01 0.93755256025E+00 0.10084102035E+01-0.97145924082E-02               NaN
 0.16597222222E+02 0.95512039693E-02 0.15652804134E+02 0.10551552798E+01 0.10569153504E+01 0.93750270212E+00 0.10084157396E+01-0.97138715877E-02               NaN
 0.16614583333E+02 0.95586955933E-02 0.15654012404E+02 0.10551445133E+01 0.10569056150E+01 0.93745154994E+00 0.10084214175E+01-0.97119091734E-02               NaN
 0.16631944444E+02 0.95670622547E-02 0.15655213540E+02 0.10551343430E+01 0.10568962225E+01 0.93739441909E+00 0.10084277569E+01-0.97092680510E-02               NaN
 0.16649305556E+02 0.95772250955E-02 0.15656370885E+02 0.10551249871E+01 0.10568875576E+01 0.93732501755E+00 0.10084354548E+01-0.97070546816E-02               NaN
 0.16666666667E+02 0.95894275967E-02 0.15657509769E+02 0.10551162529E+01 0.10568795517E+01 0.93724167905E+00 0.10084446940E+01-0.97056868837E-02               NaN
 0.16684027778E+02 0.96030795886E-02 0.15658650931E+02 0.10551075113E+01 0.10568716589E+01 0.93714843045E+00 0.10084550261E+01-0.97052592770E-02               NaN
 0.16701388889E+02 0.96167000892E-02 0.15659814548E+02 0.10550982131E+01 0.10568632667E+01 0.93705538576E+00 0.10084653294E+01-0.97057905124E-02               NaN
 0.16718750000E+02 0.96289941941E-02 0.15660996287E+02 0.10550884575E+01 0.10568543265E+01 0.93697139238E+00 0.10084746251E+01-0.97067667773E-02               NaN
 0.16736111111E+02 0.96396031580E-02 0.15662190670E+02 0.10550781699E+01 0.10568448141E+01 0.93689890458E+00 0.10084826435E+01-0.97075823964E-02               NaN
 0.16753472222E+02 0.96489411991E-02 0.15663376451E+02 0.10550670524E+01 0.10568344895E+01 0.93683509500E+00 0.10084896988E+01-0.97074977569E-02               NaN
 0.16770833333E+02 0.96579242248E-02 0.15664529585E+02 0.10550552013E+01 0.10568234908E+01 0.93677370638E+00 0.10084964837E+01-0.97060103679E-02               NaN
 0.16788194444E+02 0.96676242634E-02 0.15665677973E+02 0.10550432476E+01 0.10568124428E+01 0.93670741236E+00 0.10085038078E+01-0.97038548501E-02               NaN
 0.16805555556E+02 0.96784313809E-02 0.15666853800E+02 0.10550319601E+01 0.10568020726E+01 0.93663354543E+00 0.10085119648E+01-0.97018644063E-02               NaN
 0.16822916667E+02 0.96898874457E-02 0.15668109805E+02 0.10550217388E+01 0.10567928510E+01 0.93655523526E+00 0.10085206083E+01-0.96999021611E-02               NaN
 0.16840277778E+02 0.97018135940E-02 0.15669386650E+02 0.10550124903E+01 0.10567848291E+01 0.93647370334E+00 0.10085296028E+01-0.96981965623E-02               NaN
 0.16857638889E+02 0.97141639978E-02 0.15670648527E+02 0.10550035125E+01 0.10567773662E+01 0.93638926201E+00 0.10085389132E+01-0.96971508540E-02               NaN
 0.16875000000E+02 0.97265158587E-02 0.15671905350E+02 0.10549938066E+01 0.10567694173E+01 0.93630480154E+00 0.10085482207E+01-0.96965402859E-02               NaN
