 0.59548611111E+01 0.33450655486E-02 0.14981264026E+02 0.10508898741E+01 0.10531824981E+01 0.97872140160E+00 0.10032093880E+01-0.91018831346E-02               NaN
 0.59722222222E+01 0.33554989596E-02 0.14982235566E+02 0.10509421055E+01 0.10532298073E+01 0.97865402446E+00 0.10032189674E+01-0.91042014064E-02               NaN
 0.59895833333E+01 0.33651144973E-02 0.14983187407E+02 0.10509570656E+01 0.10532621676E+01 0.97859192338E+00 0.10032277934E+01-0.91115640137E-02               NaN
 0.60069444444E+01 0.33747834343E-02 0.14984144363E+02 0.10509908707E+01 0.10533020222E+01 0.97852947199E+00 0.10032366661E+01-0.91168997452E-02               NaN
 0.60243055556E+01 0.33845310040E-02 0.14985122978E+02 0.10510425887E+01 0.10533488449E+01 0.97846650718E+00 0.10032456086E+01-0.91199921992E-02               NaN
 0.60416666667E+01 0.33939337280E-02 0.14986108770E+02 0.10510940488E+01 0.10533954954E+01 0.97840576467E+00 0.10032542324E+01-0.91228189228E-02               NaN
 0.60590277778E+01 0.34031218777E-02 0.14987103152E+02 0.10511453467E+01 0.10534420766E+01 0.97834640335E+00 0.10032626573E+01-0.91255319639E-02               NaN
 0.60763888889E+01 0.34122003695E-02 0.14988137515E+02 0.10511968268E+01 0.10534889553E+01 0.97828774564E+00 0.10032709796E+01-0.91281931164E-02               NaN
 0.60937500000E+01 0.34214247076E-02 0.14989174814E+02 0.10512486482E+01 0.10535363011E+01 0.97822814067E+00 0.10032794335E+01-0.91309390311E-02               NaN
 0.61111111111E+01 0.34310094133E-02 0.14990192228E+02 0.10513004916E+01 0.10535837532E+01 0.97816620185E+00 0.10032882154E+01-0.91337064559E-02               NaN
 0.61284722222E+01 0.34405839292E-02 0.14991183489E+02 0.10513518993E+01 0.10536308496E+01 0.97810432352E+00 0.10032969857E+01-0.91364923746E-02               NaN
 0.61458333333E+01 0.34501565749E-02 0.14992141584E+02 0.10514025201E+01 0.10536771292E+01 0.97804245193E+00 0.10033057519E+01-0.91397259776E-02               NaN
 0.61631944444E+01 0.34598445713E-02 0.14993125024E+02 0.10514526123E+01 0.10537228040E+01 0.97797982933E+00 0.10033146215E+01-0.91432877117E-02               NaN
 0.61805555556E+01 0.34697232967E-02 0.14994117236E+02 0.10515027006E+01 0.10537685045E+01 0.97791596823E+00 0.10033236632E+01-0.91463656031E-02               NaN
 0.61979166667E+01 0.34802320706E-02 0.14995086447E+02 0.10515531503E+01 0.10538147245E+01 0.97784802792E+00 0.10033332789E+01-0.91490223721E-02               NaN
 0.62152777778E+01 0.34913267371E-02 0.14996039701E+02 0.10516039494E+01 0.10538614822E+01 0.97777629275E+00 0.10033434277E+01-0.91519742783E-02               NaN
 0.62326388889E+01 0.35023162496E-02 0.14997030038E+02 0.10516547322E+01 0.10539083689E+01 0.97770523039E+00 0.10033534773E+01-0.91552876050E-02               NaN
 0.62500000000E+01 0.35127581041E-02 0.14998029298E+02 0.10517051639E+01 0.10539549799E+01 0.97763770285E+00 0.10033630233E+01-0.91586751431E-02               NaN
