 0.21579861111E+02 0.12491466471E-01 0.16009012974E+02 0.10513465968E+01 0.10536125838E+01 0.91716807422E+00 0.10105295845E+01-0.92481961892E-02               NaN
 0.21597222222E+02 0.12501460899E-01 0.16010240093E+02 0.10513434336E+01 0.10536087065E+01 0.91709807360E+00 0.10105363768E+01-0.92464941597E-02               NaN
 0.21614583333E+02 0.12512491537E-01 0.16011470417E+02 0.10513405539E+01 0.10536053954E+01 0.91702080853E+00 0.10105438702E+01-0.92436355230E-02               NaN
 0.21631944444E+02 0.12524604950E-01 0.16012682517E+02 0.10513374288E+01 0.10536021298E+01 0.91693595078E+00 0.10105520954E+01-0.92400815870E-02               NaN
 0.21649305556E+02 0.12537470967E-01 0.16013903483E+02 0.10513336168E+01 0.10535982903E+01 0.91684581131E+00 0.10105608274E+01-0.92363870187E-02               NaN
 0.21666666667E+02 0.12549793555E-01 0.16015186954E+02 0.10513295952E+01 0.10535941792E+01 0.91675946993E+00 0.10105691865E+01-0.92330564789E-02               NaN
 0.21684027778E+02 0.12561066822E-01 0.16016492094E+02 0.10513262388E+01 0.10535905844E+01 0.91668047301E+00 0.10105768302E+01-0.92307714838E-02               NaN
 0.21701388889E+02 0.12571379053E-01 0.16017781722E+02 0.10513235769E+01 0.10535874557E+01 0.91660820393E+00 0.10105838193E+01-0.92294905425E-02               NaN
 0.21718750000E+02 0.12580606737E-01 0.16019074553E+02 0.10513212371E+01 0.10535843979E+01 0.91654353012E+00 0.10105900710E+01-0.92286772771E-02               NaN
 0.21736111111E+02 0.12588889871E-01 0.16020397548E+02 0.10513185609E+01 0.10535807632E+01 0.91648547207E+00 0.10105956809E+01-0.92276151964E-02               NaN
 0.21753472222E+02 0.12596630536E-01 0.16021701095E+02 0.10513153799E+01 0.10535764257E+01 0.91643121261E+00 0.10106009217E+01-0.92257231460E-02               NaN
 0.21770833333E+02 0.12604416761E-01 0.16022983475E+02 0.10513120573E+01 0.10535720848E+01 0.91637663021E+00 0.10106061917E+01-0.92229284203E-02               NaN
 0.21788194444E+02 0.12613298641E-01 0.16024227529E+02 0.10513087485E+01 0.10535681297E+01 0.91631436276E+00 0.10106122014E+01-0.92194532826E-02               NaN
 0.21805555556E+02 0.12623529974E-01 0.16025512564E+02 0.10513057678E+01 0.10535646128E+01 0.91624262904E+00 0.10106191215E+01-0.92154990551E-02               NaN
 0.21822916667E+02 0.12635026297E-01 0.16026803641E+02 0.10513032354E+01 0.10535615022E+01 0.91616201885E+00 0.10106268939E+01-0.92114303994E-02               NaN
 0.21840277778E+02 0.12647277855E-01 0.16028104099E+02 0.10513005653E+01 0.10535583828E+01 0.91607610449E+00 0.10106351731E+01-0.92076650440E-02               NaN
 0.21857638889E+02 0.12659294597E-01 0.16029418421E+02 0.10512971206E+01 0.10535546024E+01 0.91599182816E+00 0.10106432897E+01-0.92049986458E-02               NaN
 0.21875000000E+02 0.12670927621E-01 0.16030714564E+02 0.10512932098E+01 0.10535505127E+01 0.91591023480E+00 0.10106511434E+01-0.92036876843E-02               NaN
