 0.23142361111E+02 0.13417323327E-01 0.16125983594E+02 0.10512427143E+01 0.10535253268E+01 0.91065838225E+00 0.10111475037E+01-0.90486529907E-02               NaN
 0.23159722222E+02 0.13428417426E-01 0.16127257118E+02 0.10512455308E+01 0.10535291723E+01 0.91058007413E+00 0.10111547694E+01-0.90470823862E-02               NaN
 0.23177083333E+02 0.13437266831E-01 0.16128576922E+02 0.10512473070E+01 0.10535317855E+01 0.91051760509E+00 0.10111605627E+01-0.90449646019E-02               NaN
 0.23194444444E+02 0.13443650810E-01 0.16129948372E+02 0.10512486620E+01 0.10535337242E+01 0.91047253696E+00 0.10111647406E+01-0.90422083678E-02               NaN
 0.23211805556E+02 0.13449263231E-01 0.16131280438E+02 0.10512499453E+01 0.10535354149E+01 0.91043291372E+00 0.10111684127E+01-0.90392168897E-02               NaN
 0.23229166667E+02 0.13455913710E-01 0.16132585583E+02 0.10512517571E+01 0.10535375821E+01 0.91038595949E+00 0.10111727630E+01-0.90369219685E-02               NaN
 0.23246527778E+02 0.13464689954E-01 0.16133867507E+02 0.10512547832E+01 0.10535408495E+01 0.91032399280E+00 0.10111785019E+01-0.90356140159E-02               NaN
 0.23263888889E+02 0.13475544291E-01 0.16135139671E+02 0.10512596674E+01 0.10535459642E+01 0.91024734702E+00 0.10111855968E+01-0.90345753319E-02               NaN
 0.23281250000E+02 0.13488000173E-01 0.16136418076E+02 0.10512662008E+01 0.10535529823E+01 0.91015938374E+00 0.10111937347E+01-0.90332062522E-02               NaN
 0.23298611111E+02 0.13501271761E-01 0.16137682491E+02 0.10512728351E+01 0.10535603838E+01 0.91006564997E+00 0.10112024010E+01-0.90313689914E-02               NaN
 0.23315972222E+02 0.13514775205E-01 0.16138929347E+02 0.10512788862E+01 0.10535669774E+01 0.90997026808E+00 0.10112112138E+01-0.90294575581E-02               NaN
 0.23333333333E+02 0.13527927574E-01 0.16140164197E+02 0.10512846313E+01 0.10535727557E+01 0.90987735576E+00 0.10112197928E+01-0.90278117391E-02               NaN
 0.23350694444E+02 0.13539793362E-01 0.16141419513E+02 0.10512905417E+01 0.10535782504E+01 0.90979352356E+00 0.10112275286E+01-0.90259941592E-02               NaN
 0.23368055556E+02 0.13549237593E-01 0.16142747785E+02 0.10512971073E+01 0.10535840664E+01 0.90972679385E+00 0.10112336830E+01-0.90237510557E-02               NaN
 0.23385416667E+02 0.13556788109E-01 0.16144130597E+02 0.10513044749E+01 0.10535907136E+01 0.90967344073E+00 0.10112386016E+01-0.90216040548E-02               NaN
 0.23402777778E+02 0.13563904455E-01 0.16145495840E+02 0.10513120027E+01 0.10535979204E+01 0.90962315247E+00 0.10112432359E+01-0.90198057492E-02               NaN
 0.23420138889E+02 0.13572315752E-01 0.16146781165E+02 0.10513187537E+01 0.10536047110E+01 0.90956370952E+00 0.10112487119E+01-0.90177149017E-02               NaN
 0.23437500000E+02 0.13582812327E-01 0.16148011991E+02 0.10513244846E+01 0.10536106012E+01 0.90948952403E+00 0.10112555427E+01-0.90147389559E-02               NaN
