 0.22829861111E+02 0.13221069738E-01 0.16102498644E+02 0.10512240407E+01 0.10534913118E+01 0.91204245303E+00 0.10110184314E+01-0.90842449268E-02               NaN
 0.22847222222E+02 0.13232787879E-01 0.16103850536E+02 0.10512223338E+01 0.10534903160E+01 0.91195987472E+00 0.10110261670E+01-0.90826251201E-02               NaN
 0.22864583333E+02 0.13245278358E-01 0.16105198053E+02 0.10512213767E+01 0.10534898859E+01 0.91187184484E+00 0.10110344084E+01-0.90809556453E-02               NaN
 0.22881944444E+02 0.13257627195E-01 0.16106589634E+02 0.10512209760E+01 0.10534897005E+01 0.91178480421E+00 0.10110425522E+01-0.90782849861E-02               NaN
 0.22899305556E+02 0.13269657242E-01 0.16107948424E+02 0.10512208404E+01 0.10534897043E+01 0.91170000196E+00 0.10110504819E+01-0.90748665427E-02               NaN
 0.22916666667E+02 0.13282229235E-01 0.16109248880E+02 0.10512209275E+01 0.10534900426E+01 0.91161137035E+00 0.10110587648E+01-0.90719992523E-02               NaN
 0.22934027778E+02 0.13295497367E-01 0.16110523273E+02 0.10512212496E+01 0.10534906319E+01 0.91151782096E+00 0.10110675017E+01-0.90702357659E-02               NaN
 0.22951388889E+02 0.13308942998E-01 0.16111801862E+02 0.10512218827E+01 0.10534914583E+01 0.91142300955E+00 0.10110763508E+01-0.90693931982E-02               NaN
 0.22968750000E+02 0.13322669421E-01 0.16113045372E+02 0.10512227174E+01 0.10534925091E+01 0.91132620719E+00 0.10110853796E+01-0.90690340036E-02               NaN
 0.22986111111E+02 0.13336036503E-01 0.16114291804E+02 0.10512235364E+01 0.10534937090E+01 0.91123192839E+00 0.10110941673E+01-0.90682620369E-02               NaN
 0.23003472222E+02 0.13347094578E-01 0.16115633941E+02 0.10512246658E+01 0.10534954308E+01 0.91115392724E+00 0.10111014334E+01-0.90664408957E-02               NaN
 0.23020833333E+02 0.13354907812E-01 0.16117028331E+02 0.10512259764E+01 0.10534977513E+01 0.91109881013E+00 0.10111065654E+01-0.90636591957E-02               NaN
 0.23038194444E+02 0.13360592940E-01 0.16118436216E+02 0.10512268913E+01 0.10535002512E+01 0.91105870313E+00 0.10111102986E+01-0.90605145775E-02               NaN
 0.23055555556E+02 0.13365729134E-01 0.16119815452E+02 0.10512276440E+01 0.10535028677E+01 0.91102246708E+00 0.10111136706E+01-0.90576980226E-02               NaN
 0.23072916667E+02 0.13372440565E-01 0.16121119147E+02 0.10512289863E+01 0.10535059955E+01 0.91097511534E+00 0.10111180757E+01-0.90553360388E-02               NaN
 0.23090277778E+02 0.13381651277E-01 0.16122341766E+02 0.10512314185E+01 0.10535101146E+01 0.91091012590E+00 0.10111241192E+01-0.90531873715E-02               NaN
 0.23107638889E+02 0.13392886044E-01 0.16123516583E+02 0.10512348533E+01 0.10535150455E+01 0.91083084831E+00 0.10111314877E+01-0.90512754792E-02               NaN
 0.23125000000E+02 0.13405094269E-01 0.16124745367E+02 0.10512388628E+01 0.10535203319E+01 0.91074469317E+00 0.10111394909E+01-0.90498323078E-02               NaN
