 0.21892361111E+02 0.12681643067E-01 0.16032057543E+02 0.10512888908E+01 0.10535461272E+01 0.91583507021E+00 0.10106583745E+01-0.92024441125E-02               NaN
 0.21909722222E+02 0.12690920287E-01 0.16033448414E+02 0.10512842391E+01 0.10535411967E+01 0.91576998871E+00 0.10106646326E+01-0.92001361249E-02               NaN
 0.21927083333E+02 0.12699920858E-01 0.16034770205E+02 0.10512796144E+01 0.10535361141E+01 0.91570684311E+00 0.10106707018E+01-0.91970100176E-02               NaN
 0.21944444444E+02 0.12709785493E-01 0.16036033162E+02 0.10512753365E+01 0.10535313571E+01 0.91563762996E+00 0.10106773512E+01-0.91938538705E-02               NaN
 0.21961805556E+02 0.12720423043E-01 0.16037311590E+02 0.10512716837E+01 0.10535271925E+01 0.91556298737E+00 0.10106845188E+01-0.91909171289E-02               NaN
 0.21979166667E+02 0.12731842844E-01 0.16038596939E+02 0.10512685832E+01 0.10535236565E+01 0.91548284837E+00 0.10106922100E+01-0.91882186040E-02               NaN
 0.21996527778E+02 0.12744360138E-01 0.16039852395E+02 0.10512660911E+01 0.10535208139E+01 0.91539499881E+00 0.10107006364E+01-0.91858610819E-02               NaN
 0.22013888889E+02 0.12757182927E-01 0.16041083487E+02 0.10512644540E+01 0.10535189893E+01 0.91530499561E+00 0.10107092642E+01-0.91839818628E-02               NaN
 0.22031250000E+02 0.12768694220E-01 0.16042343523E+02 0.10512634642E+01 0.10535181446E+01 0.91522418953E+00 0.10107170057E+01-0.91827382130E-02               NaN
 0.22048611111E+02 0.12778309821E-01 0.16043668634E+02 0.10512627646E+01 0.10535178644E+01 0.91515668469E+00 0.10107234697E+01-0.91813383671E-02               NaN
 0.22065972222E+02 0.12786875148E-01 0.16045024376E+02 0.10512617920E+01 0.10535174806E+01 0.91509654853E+00 0.10107292255E+01-0.91789183978E-02               NaN
 0.22083333333E+02 0.12794883827E-01 0.16046375175E+02 0.10512602803E+01 0.10535164756E+01 0.91504031662E+00 0.10107346055E+01-0.91757568432E-02               NaN
 0.22100694444E+02 0.12802739562E-01 0.16047671137E+02 0.10512585957E+01 0.10535150725E+01 0.91498515491E+00 0.10107398811E+01-0.91724367100E-02               NaN
 0.22118055556E+02 0.12811269926E-01 0.16048923084E+02 0.10512571564E+01 0.10535138589E+01 0.91492525193E+00 0.10107456079E+01-0.91692433575E-02               NaN
 0.22135416667E+02 0.12820701892E-01 0.16050158882E+02 0.10512559632E+01 0.10535130459E+01 0.91485901261E+00 0.10107519377E+01-0.91663082950E-02               NaN
 0.22152777778E+02 0.12830893420E-01 0.16051407721E+02 0.10512550033E+01 0.10535127209E+01 0.91478743309E+00 0.10107587746E+01-0.91635323064E-02               NaN
 0.22170138889E+02 0.12841822199E-01 0.16052676836E+02 0.10512543237E+01 0.10535128055E+01 0.91471066873E+00 0.10107661030E+01-0.91610868837E-02               NaN
 0.22187500000E+02 0.12853450272E-01 0.16053929178E+02 0.10512536349E+01 0.10535128568E+01 0.91462898475E+00 0.10107738967E+01-0.91592195614E-02               NaN
