 0.14392361111E+02 0.82536810432E-02 0.15503256289E+02 0.10566286729E+01 0.10582682496E+01 0.94631107421E+00 0.10074099811E+01-0.97723863097E-02               NaN
 0.14409722222E+02 0.82648113065E-02 0.15504364840E+02 0.10566158186E+01 0.10582564173E+01 0.94623594650E+00 0.10074187968E+01-0.97708704456E-02               NaN
 0.14427083333E+02 0.82777159595E-02 0.15505430749E+02 0.10566022248E+01 0.10582436485E+01 0.94614883258E+00 0.10074290140E+01-0.97699475469E-02               NaN
 0.14444444444E+02 0.82910361574E-02 0.15506502801E+02 0.10565886506E+01 0.10582307743E+01 0.94605890296E+00 0.10074395555E+01-0.97696800084E-02               NaN
 0.14461805556E+02 0.83039987701E-02 0.15507595561E+02 0.10565756593E+01 0.10582184931E+01 0.94597137728E+00 0.10074498095E+01-0.97701874627E-02               NaN
 0.14479166667E+02 0.83159963971E-02 0.15508712580E+02 0.10565631876E+01 0.10582067177E+01 0.94589035833E+00 0.10074592963E+01-0.97709756318E-02               NaN
 0.14496527778E+02 0.83268529364E-02 0.15509861846E+02 0.10565508703E+01 0.10581950760E+01 0.94581703756E+00 0.10074678775E+01-0.97710155956E-02               NaN
 0.14513888889E+02 0.83362931684E-02 0.15511121811E+02 0.10565386786E+01 0.10581836095E+01 0.94575327621E+00 0.10074753367E+01-0.97704153024E-02               NaN
 0.14531250000E+02 0.83446892683E-02 0.15512399489E+02 0.10565265914E+01 0.10581723435E+01 0.94569656264E+00 0.10074819690E+01-0.97699198038E-02               NaN
 0.14548611111E+02 0.83534300187E-02 0.15513665442E+02 0.10565147508E+01 0.10581614148E+01 0.94563751653E+00 0.10074888715E+01-0.97691440169E-02               NaN
 0.14565972222E+02 0.83633550459E-02 0.15514892178E+02 0.10565035178E+01 0.10581511219E+01 0.94557046473E+00 0.10074967068E+01-0.97677523731E-02               NaN
 0.14583333333E+02 0.83744347053E-02 0.15516032434E+02 0.10564933205E+01 0.10581417762E+01 0.94549560543E+00 0.10075054505E+01-0.97663139246E-02               NaN
 0.14600694444E+02 0.83859863639E-02 0.15517118257E+02 0.10564843347E+01 0.10581335616E+01 0.94541754921E+00 0.10075145633E+01-0.97654726190E-02               NaN
 0.14618055556E+02 0.83978772949E-02 0.15518207666E+02 0.10564759111E+01 0.10581259236E+01 0.94533719208E+00 0.10075239401E+01-0.97654757636E-02               NaN
 0.14635416667E+02 0.84080443734E-02 0.15519369117E+02 0.10564468156E+01 0.10581101282E+01 0.94526847773E+00 0.10075319546E+01-0.97683420634E-02               NaN
 0.14652777778E+02 0.84144163533E-02 0.15520495222E+02 0.10563918918E+01 0.10580841295E+01 0.94522540944E+00 0.10075369761E+01-0.97744973434E-02               NaN
 0.14670138889E+02 0.84225949611E-02 0.15521674296E+02 0.10563792372E+01 0.10580721453E+01 0.94517012654E+00 0.10075434198E+01-0.97750329296E-02               NaN
 0.14687500000E+02 0.84293745433E-02 0.15522925907E+02 0.10563658758E+01 0.10580593536E+01 0.94512429723E+00 0.10075487599E+01-0.97744332034E-02               NaN
