 0.22517361111E+02 0.13054936382E-01 0.16078945610E+02 0.10512167559E+01 0.10534794406E+01 0.91321233489E+00 0.10109083687E+01-0.91144915977E-02               NaN
 0.22534722222E+02 0.13067254643E-01 0.16080326661E+02 0.10512161195E+01 0.10534788567E+01 0.91312564757E+00 0.10109165547E+01-0.91111679142E-02               NaN
 0.22552083333E+02 0.13079540751E-01 0.16081642022E+02 0.10512163939E+01 0.10534791861E+01 0.91303917762E+00 0.10109247153E+01-0.91097434598E-02               NaN
 0.22569444444E+02 0.13090775057E-01 0.16082955149E+02 0.10512171299E+01 0.10534798782E+01 0.91296010252E+00 0.10109321738E+01-0.91094841628E-02               NaN
 0.22586805556E+02 0.13100053404E-01 0.16084285083E+02 0.10512175936E+01 0.10534803002E+01 0.91289478925E+00 0.10109383312E+01-0.91091694915E-02               NaN
 0.22604166667E+02 0.13108003753E-01 0.16085579151E+02 0.10512175838E+01 0.10534802994E+01 0.91283882017E+00 0.10109436054E+01-0.91083580311E-02               NaN
 0.22621527778E+02 0.13115867061E-01 0.16086836605E+02 0.10512175933E+01 0.10534801583E+01 0.91278346018E+00 0.10109488203E+01-0.91073775327E-02               NaN
 0.22638888889E+02 0.13124253739E-01 0.16088101253E+02 0.10512185488E+01 0.10534806940E+01 0.91272441150E+00 0.10109543804E+01-0.91062406617E-02               NaN
 0.22656250000E+02 0.13133409219E-01 0.16089393188E+02 0.10512206287E+01 0.10534823569E+01 0.91265994515E+00 0.10109604481E+01-0.91042550491E-02               NaN
 0.22673611111E+02 0.13143456452E-01 0.16090742256E+02 0.10512233534E+01 0.10534850483E+01 0.91258919404E+00 0.10109671042E+01-0.91010639466E-02               NaN
 0.22690972222E+02 0.13154226808E-01 0.16092096111E+02 0.10512259610E+01 0.10534881466E+01 0.91251334422E+00 0.10109742364E+01-0.90974433601E-02               NaN
 0.22708333333E+02 0.13164666297E-01 0.16093463331E+02 0.10512277573E+01 0.10534907532E+01 0.91243981801E+00 0.10109811466E+01-0.90945322659E-02               NaN
 0.22725694444E+02 0.13173755247E-01 0.16094821040E+02 0.10512287866E+01 0.10534925019E+01 0.91237579855E+00 0.10109871605E+01-0.90928733619E-02               NaN
 0.22743055556E+02 0.13181698251E-01 0.16096140719E+02 0.10512294560E+01 0.10534936732E+01 0.91231984676E+00 0.10109924143E+01-0.90918615974E-02               NaN
 0.22760416667E+02 0.13188553371E-01 0.16097428436E+02 0.10512297498E+01 0.10534944123E+01 0.91227155522E+00 0.10109969472E+01-0.90907833267E-02               NaN
 0.22777777778E+02 0.13194986885E-01 0.16098689927E+02 0.10512293844E+01 0.10534945831E+01 0.91222623122E+00 0.10110012002E+01-0.90896204998E-02               NaN
 0.22795138889E+02 0.13201958998E-01 0.16099945764E+02 0.10512282195E+01 0.10534940627E+01 0.91217711005E+00 0.10110058079E+01-0.90881859112E-02               NaN
 0.22812500000E+02 0.13210587513E-01 0.16101183912E+02 0.10512262727E+01 0.10534928099E+01 0.91211631495E+00 0.10110115087E+01-0.90862632370E-02               NaN
