 0.53298611111E+01 0.29786653778E-02 0.14945991287E+02 0.10488988281E+01 0.10514057062E+01 0.98108352784E+00 0.10028712609E+01-0.90009731580E-02               NaN
 0.53472222222E+01 0.29894790370E-02 0.14946927397E+02 0.10489526352E+01 0.10514539921E+01 0.98101392569E+00 0.10028812879E+01-0.90031788234E-02               NaN
 0.53645833333E+01 0.30006088859E-02 0.14947851180E+02 0.10490063690E+01 0.10515022746E+01 0.98094228128E+00 0.10028916051E+01-0.90054789638E-02               NaN
 0.53819444444E+01 0.30114707723E-02 0.14948780652E+02 0.10490602500E+01 0.10515508364E+01 0.98087235485E+00 0.10029016709E+01-0.90082940759E-02               NaN
 0.53993055556E+01 0.30217280532E-02 0.14949736899E+02 0.10491143591E+01 0.10515998319E+01 0.98080631444E+00 0.10029111737E+01-0.90119103299E-02               NaN
 0.54166666667E+01 0.30311994883E-02 0.14950736113E+02 0.10491684489E+01 0.10516489332E+01 0.98074532817E+00 0.10029199462E+01-0.90160775265E-02               NaN
 0.54340277778E+01 0.30400351633E-02 0.14951770303E+02 0.10492223023E+01 0.10516977074E+01 0.98068843085E+00 0.10029281278E+01-0.90199416290E-02               NaN
 0.54513888889E+01 0.30487412070E-02 0.14952799295E+02 0.10492760882E+01 0.10517462513E+01 0.98063236384E+00 0.10029361875E+01-0.90230479784E-02               NaN
 0.54687500000E+01 0.30580647776E-02 0.14953782990E+02 0.10493300799E+01 0.10517950276E+01 0.98057231507E+00 0.10029448168E+01-0.90256503018E-02               NaN
 0.54861111111E+01 0.30681431941E-02 0.14954752013E+02 0.10493840536E+01 0.10518438836E+01 0.98050739900E+00 0.10029541422E+01-0.90280817564E-02               NaN
 0.55034722222E+01 0.30786841790E-02 0.14955712861E+02 0.10494377657E+01 0.10518925348E+01 0.98043949717E+00 0.10029638930E+01-0.90305443640E-02               NaN
 0.55208333333E+01 0.30893576899E-02 0.14956679498E+02 0.10494914140E+01 0.10519412102E+01 0.98037073505E+00 0.10029737636E+01-0.90332416080E-02               NaN
 0.55381944444E+01 0.30997478241E-02 0.14957673536E+02 0.10495451526E+01 0.10519901307E+01 0.98030379217E+00 0.10029833694E+01-0.90363661726E-02               NaN
 0.55555555556E+01 0.31097382674E-02 0.14958670846E+02 0.10495989811E+01 0.10520392970E+01 0.98023941855E+00 0.10029926032E+01-0.90399257580E-02               NaN
 0.55729166667E+01 0.31195679297E-02 0.14959683090E+02 0.10496527613E+01 0.10520884017E+01 0.98017607525E+00 0.10030016859E+01-0.90436490895E-02               NaN
 0.55902777778E+01 0.31292135757E-02 0.14960705351E+02 0.10497063734E+01 0.10521371670E+01 0.98011391231E+00 0.10030105962E+01-0.90471408225E-02               NaN
 0.56076388889E+01 0.31388367503E-02 0.14961723613E+02 0.10497598838E+01 0.10521856974E+01 0.98005188879E+00 0.10030194835E+01-0.90500815629E-02               NaN
 0.56250000000E+01 0.31488131497E-02 0.14962691985E+02 0.10498134312E+01 0.10522341895E+01 0.97998758296E+00 0.10030286946E+01-0.90526652371E-02               NaN
