 0.37673611111E+01 0.20820811079E-02 0.14859635330E+02 0.10440462375E+01 0.10470569257E+01 0.98683083293E+00 0.10020298232E+01-0.86891755305E-02               NaN
 0.37847222222E+01 0.20915852939E-02 0.14860592928E+02 0.10440997198E+01 0.10471046032E+01 0.98677015227E+00 0.10020388468E+01-0.86930745496E-02               NaN
 0.38020833333E+01 0.21007986682E-02 0.14861564746E+02 0.10441529315E+01 0.10471518668E+01 0.98671132337E+00 0.10020475922E+01-0.86971453972E-02               NaN
 0.38194444444E+01 0.21100887636E-02 0.14862514131E+02 0.10442058766E+01 0.10471985459E+01 0.98665199966E+00 0.10020564083E+01-0.87010874249E-02               NaN
 0.38368055556E+01 0.21197261843E-02 0.14863443109E+02 0.10442587103E+01 0.10472447252E+01 0.98659045278E+00 0.10020655517E+01-0.87047829742E-02               NaN
 0.38541666667E+01 0.21297436801E-02 0.14864358835E+02 0.10443117686E+01 0.10472909222E+01 0.98652647300E+00 0.10020750534E+01-0.87084026678E-02               NaN
 0.38715277778E+01 0.21403236067E-02 0.14865267304E+02 0.10443653771E+01 0.10473377695E+01 0.98645889480E+00 0.10020850858E+01-0.87121359444E-02               NaN
 0.38888888889E+01 0.21512966623E-02 0.14866191901E+02 0.10444195701E+01 0.10473855264E+01 0.98638879874E+00 0.10020954882E+01-0.87159621992E-02               NaN
 0.39062500000E+01 0.21618928481E-02 0.14867171182E+02 0.10444695025E+01 0.10474318210E+01 0.98632110354E+00 0.10021055304E+01-0.87202909866E-02               NaN
 0.39236111111E+01 0.21712557151E-02 0.14868137096E+02 0.10444833353E+01 0.10474623605E+01 0.98626128220E+00 0.10021144015E+01-0.87296374176E-02               NaN
 0.39409722222E+01 0.21809363228E-02 0.14869096631E+02 0.10445369738E+01 0.10475097159E+01 0.98619942544E+00 0.10021235715E+01-0.87333033114E-02               NaN
 0.39583333333E+01 0.21903674558E-02 0.14870065534E+02 0.10445902481E+01 0.10475563526E+01 0.98613915757E+00 0.10021325028E+01-0.87370301189E-02               NaN
 0.39756944444E+01 0.21999235063E-02 0.14871008332E+02 0.10446435141E+01 0.10476027249E+01 0.98607808622E+00 0.10021415503E+01-0.87408588688E-02               NaN
 0.39930555556E+01 0.22098646200E-02 0.14871933313E+02 0.10446971369E+01 0.10476493848E+01 0.98601454840E+00 0.10021509600E+01-0.87447195868E-02               NaN
 0.40104166667E+01 0.22202237694E-02 0.14872855942E+02 0.10447510847E+01 0.10476963809E+01 0.98594833269E+00 0.10021607627E+01-0.87486344193E-02               NaN
 0.40277777778E+01 0.22309015652E-02 0.14873789429E+02 0.10448051209E+01 0.10477434848E+01 0.98588007372E+00 0.10021708643E+01-0.87526991508E-02               NaN
 0.40451388889E+01 0.22415372364E-02 0.14874751027E+02 0.10448590794E+01 0.10477905045E+01 0.98581207751E+00 0.10021809231E+01-0.87566327825E-02               NaN
 0.40625000000E+01 0.22518318144E-02 0.14875718494E+02 0.10449128916E+01 0.10478373627E+01 0.98574625577E+00 0.10021906568E+01-0.87602255470E-02               NaN
