 0.25173611111E+01 0.13673917225E-02 0.14792314791E+02 0.10404243140E+01 0.10436240884E+01 0.99137901638E+00 0.10013449358E+01-0.82818380784E-02               NaN
 0.25347222222E+01 0.13772144863E-02 0.14793233403E+02 0.10404767006E+01 0.10436792343E+01 0.99131670364E+00 0.10013544337E+01-0.82902927002E-02               NaN
 0.25520833333E+01 0.13872857863E-02 0.14794144838E+02 0.10405288184E+01 0.10437340933E+01 0.99125280854E+00 0.10013641695E+01-0.82987493051E-02               NaN
 0.25694444444E+01 0.13974220661E-02 0.14795055181E+02 0.10405808006E+01 0.10437887186E+01 0.99118849535E+00 0.10013739656E+01-0.83070866498E-02               NaN
 0.25868055556E+01 0.14075056700E-02 0.14795974595E+02 0.10406326246E+01 0.10438428750E+01 0.99112451057E+00 0.10013837083E+01-0.83151278956E-02               NaN
 0.26041666667E+01 0.14175868771E-02 0.14796893256E+02 0.10406841633E+01 0.10438964374E+01 0.99106053520E+00 0.10013934462E+01-0.83228551583E-02               NaN
 0.26215277778E+01 0.14276783729E-02 0.14797801965E+02 0.10407353476E+01 0.10439495204E+01 0.99099648874E+00 0.10014031916E+01-0.83304110674E-02               NaN
 0.26388888889E+01 0.14377340138E-02 0.14798704498E+02 0.10407861457E+01 0.10440021829E+01 0.99093266405E+00 0.10014128998E+01-0.83379945153E-02               NaN
 0.26562500000E+01 0.14476559806E-02 0.14799622746E+02 0.10408364496E+01 0.10440543195E+01 0.99086968215E+00 0.10014224765E+01-0.83455579817E-02               NaN
 0.26736111111E+01 0.14575778008E-02 0.14800543112E+02 0.10408861531E+01 0.10441057589E+01 0.99080669557E+00 0.10014320507E+01-0.83530001415E-02               NaN
 0.26909722222E+01 0.14675097270E-02 0.14801460288E+02 0.10409352998E+01 0.10441564710E+01 0.99074363921E+00 0.10014416323E+01-0.83604171626E-02               NaN
 0.27083333333E+01 0.14772374000E-02 0.14802388417E+02 0.10409841441E+01 0.10442066873E+01 0.99068187416E+00 0.10014510144E+01-0.83678099337E-02               NaN
 0.27256944444E+01 0.14868497730E-02 0.14803324803E+02 0.10410328652E+01 0.10442565794E+01 0.99062083590E+00 0.10014602831E+01-0.83750357660E-02               NaN
 0.27430555556E+01 0.14966355968E-02 0.14804254743E+02 0.10410814779E+01 0.10443061413E+01 0.99055869081E+00 0.10014697167E+01-0.83820312492E-02               NaN
 0.27604166667E+01 0.15066774805E-02 0.14805168022E+02 0.10411300704E+01 0.10443555062E+01 0.99049491392E+00 0.10014793947E+01-0.83888533918E-02               NaN
 0.27777777778E+01 0.15168074057E-02 0.14806082241E+02 0.10411787029E+01 0.10444048500E+01 0.99043057203E+00 0.10014891550E+01-0.83956982815E-02               NaN
 0.27951388889E+01 0.15268159901E-02 0.14806994376E+02 0.10412272971E+01 0.10444541525E+01 0.99036699511E+00 0.10014987960E+01-0.84027554840E-02               NaN
 0.28125000000E+01 0.15367165928E-02 0.14807921544E+02 0.10412757240E+01 0.10445032747E+01 0.99030409848E+00 0.10015083305E+01-0.84099817535E-02               NaN
