 0.27517361111E+02 0.15984654322E-01 0.16463711220E+02 0.10547103623E+01 0.10567700875E+01 0.89234720340E+00 0.10127416713E+01-0.86242675480E-02               NaN
 0.27534722222E+02 0.15995086645E-01 0.16465144320E+02 0.10547314702E+01 0.10567899915E+01 0.89227203147E+00 0.10127477933E+01-0.86223367679E-02               NaN
 0.27552083333E+02 0.16005602132E-01 0.16466563747E+02 0.10547518354E+01 0.10568093183E+01 0.89219625411E+00 0.10127539613E+01-0.86206660715E-02               NaN
 0.27569444444E+02 0.16016693939E-01 0.16467952662E+02 0.10547721086E+01 0.10568288363E+01 0.89211631690E+00 0.10127604641E+01-0.86198518261E-02               NaN
 0.27586805556E+02 0.16028705709E-01 0.16469352100E+02 0.10547930428E+01 0.10568493800E+01 0.89202974186E+00 0.10127675027E+01-0.86195643992E-02               NaN
 0.27604166667E+02 0.16041613815E-01 0.16470732356E+02 0.10548148732E+01 0.10568711461E+01 0.89193669743E+00 0.10127750623E+01-0.86190825981E-02               NaN
 0.27621527778E+02 0.16055150788E-01 0.16472123591E+02 0.10548373507E+01 0.10568937078E+01 0.89183910994E+00 0.10127829855E+01-0.86178604475E-02               NaN
 0.27638888889E+02 0.16068318849E-01 0.16473531101E+02 0.10548600384E+01 0.10569164686E+01 0.89174417205E+00 0.10127906882E+01-0.86158905208E-02               NaN
 0.27656250000E+02 0.16080475755E-01 0.16474916379E+02 0.10548825593E+01 0.10569389425E+01 0.89165651567E+00 0.10127977953E+01-0.86138117723E-02               NaN
 0.27673611111E+02 0.16085113343E-01 0.16476191955E+02 0.10548508981E+01 0.10569400758E+01 0.89162307454E+00 0.10128005055E+01-0.86183377196E-02               NaN
 0.27690972222E+02 0.16095215969E-01 0.16477527434E+02 0.10548651306E+01 0.10569589570E+01 0.89155022146E+00 0.10128064075E+01-0.86190755478E-02               NaN
 0.27708333333E+02 0.16105831573E-01 0.16478901470E+02 0.10548880867E+01 0.10569810126E+01 0.89147366298E+00 0.10128126064E+01-0.86187293013E-02               NaN
 0.27725694444E+02 0.16115541043E-01 0.16480363478E+02 0.10549112249E+01 0.10570031587E+01 0.89140363392E+00 0.10128182735E+01-0.86174489759E-02               NaN
 0.27743055556E+02 0.16124419560E-01 0.16481831021E+02 0.10549344487E+01 0.10570253461E+01 0.89133959346E+00 0.10128234534E+01-0.86156660914E-02               NaN
 0.27760416667E+02 0.16133513341E-01 0.16483263338E+02 0.10549577596E+01 0.10570476359E+01 0.89127399574E+00 0.10128287569E+01-0.86144516991E-02               NaN
 0.27777777778E+02 0.16143640422E-01 0.16484640670E+02 0.10549809388E+01 0.10570698761E+01 0.89120093891E+00 0.10128346603E+01-0.86139173542E-02               NaN
 0.27795138889E+02 0.16154552415E-01 0.16485975577E+02 0.10550040276E+01 0.10570920721E+01 0.89112221333E+00 0.10128410184E+01-0.86135052806E-02               NaN
 0.27812500000E+02 0.16165742779E-01 0.16487281931E+02 0.10550269737E+01 0.10571143064E+01 0.89104147251E+00 0.10128475354E+01-0.86131793850E-02               NaN
