 0.10017361111E+02 0.56917865259E-02 0.15176756607E+02 0.10571689112E+01 0.10589875245E+01 0.96340554823E+00 0.10052948008E+01-0.96933813209E-02               NaN
 0.10034722222E+02 0.56990130982E-02 0.15177867161E+02 0.10571753792E+01 0.10589921632E+01 0.96335788066E+00 0.10053010062E+01-0.96810071186E-02               NaN
 0.10052083333E+02 0.57062852324E-02 0.15178993014E+02 0.10571820792E+01 0.10589970529E+01 0.96330990942E+00 0.10053072494E+01-0.96827964001E-02               NaN
 0.10069444444E+02 0.57143339579E-02 0.15180110273E+02 0.10571891561E+01 0.10590025296E+01 0.96325681166E+00 0.10053141577E+01-0.96844371332E-02               NaN
 0.10086805556E+02 0.57235098070E-02 0.15181231497E+02 0.10571965430E+01 0.10590086489E+01 0.96319627352E+00 0.10053220315E+01-0.96857576112E-02               NaN
 0.10104166667E+02 0.57336432657E-02 0.15182360237E+02 0.10572038874E+01 0.10590150408E+01 0.96312941166E+00 0.10053307245E+01-0.96868310118E-02               NaN
 0.10121527778E+02 0.57445380116E-02 0.15183471507E+02 0.10572105002E+01 0.10590209600E+01 0.96305751991E+00 0.10053400676E+01-0.96878984037E-02               NaN
 0.10138888889E+02 0.57558549128E-02 0.15184520206E+02 0.10572158624E+01 0.10590255862E+01 0.96298283498E+00 0.10053497695E+01-0.96889164381E-02               NaN
 0.10156250000E+02 0.57672438935E-02 0.15185526585E+02 0.10572202363E+01 0.10590288238E+01 0.96290766665E+00 0.10053595299E+01-0.96899135130E-02               NaN
 0.10173611111E+02 0.57780453802E-02 0.15186516856E+02 0.10572246418E+01 0.10590316498E+01 0.96283636871E+00 0.10053687838E+01-0.96911667617E-02               NaN
 0.10190972222E+02 0.57884483548E-02 0.15187518561E+02 0.10572298977E+01 0.10590350633E+01 0.96276769467E+00 0.10053776934E+01-0.96928302334E-02               NaN
 0.10208333333E+02 0.57988760461E-02 0.15188535054E+02 0.10572362935E+01 0.10590396291E+01 0.96269885100E+00 0.10053866214E+01-0.96946522164E-02               NaN
 0.10225694444E+02 0.58092307665E-02 0.15189603826E+02 0.10572437241E+01 0.10590454355E+01 0.96263048268E+00 0.10053954841E+01-0.96960194940E-02               NaN
 0.10243055556E+02 0.58194958844E-02 0.15190709028E+02 0.10572520368E+01 0.10590523965E+01 0.96256269966E+00 0.10054042675E+01-0.96968834387E-02               NaN
 0.10260416667E+02 0.58297763125E-02 0.15191864692E+02 0.10572603729E+01 0.10590596270E+01 0.96249480925E+00 0.10054130612E+01-0.96976895566E-02               NaN
 0.10277777778E+02 0.58398987074E-02 0.15193052833E+02 0.10572677095E+01 0.10590659898E+01 0.96242795633E+00 0.10054217172E+01-0.96987514132E-02               NaN
 0.10295138889E+02 0.58501210611E-02 0.15194194652E+02 0.10572736879E+01 0.10590710457E+01 0.96236043703E+00 0.10054304559E+01-0.96999331925E-02               NaN
 0.10312500000E+02 0.58604665940E-02 0.15195273545E+02 0.10572786295E+01 0.10590750331E+01 0.96229209779E+00 0.10054392972E+01-0.97007765515E-02               NaN
