 0.29392361111E+02 0.17082226445E-01 0.16614768639E+02 0.10568670873E+01 0.10588697975E+01 0.88440545272E+00 0.10133701657E+01-0.85356139366E-02               NaN
 0.29409722222E+02 0.17090535806E-01 0.16616262083E+02 0.10568851918E+01 0.10588879467E+01 0.88434507685E+00 0.10133748041E+01-0.85339894279E-02               NaN
 0.29427083333E+02 0.17100353252E-01 0.16617736480E+02 0.10569027049E+01 0.10589053109E+01 0.88427373840E+00 0.10133802821E+01-0.85326168468E-02               NaN
 0.29444444444E+02 0.17111887976E-01 0.16619157647E+02 0.10569195328E+01 0.10589221813E+01 0.88418991469E+00 0.10133867151E+01-0.85318929640E-02               NaN
 0.29461805556E+02 0.17125313407E-01 0.16620518278E+02 0.10569355274E+01 0.10589381322E+01 0.88409234200E+00 0.10133941982E+01-0.85320336118E-02               NaN
 0.29479166667E+02 0.17139649354E-01 0.16621896795E+02 0.10569505613E+01 0.10589532739E+01 0.88398814113E+00 0.10134021836E+01-0.85324343602E-02               NaN
 0.29496527778E+02 0.17154189011E-01 0.16623255012E+02 0.10569655276E+01 0.10589681067E+01 0.88388244824E+00 0.10134102771E+01-0.85321683079E-02               NaN
 0.29513888889E+02 0.17168331918E-01 0.16624626621E+02 0.10569804864E+01 0.10589832161E+01 0.88377962847E+00 0.10134181445E+01-0.85311541936E-02               NaN
 0.29531250000E+02 0.17181559402E-01 0.16626014484E+02 0.10569962699E+01 0.10589991080E+01 0.88368345411E+00 0.10134254979E+01-0.85302650326E-02               NaN
 0.29548611111E+02 0.17193257181E-01 0.16627464419E+02 0.10570122371E+01 0.10590155146E+01 0.88359839403E+00 0.10134319972E+01-0.85297831553E-02               NaN
 0.29565972222E+02 0.17203577426E-01 0.16628972866E+02 0.10570286106E+01 0.10590323078E+01 0.88352334452E+00 0.10134377281E+01-0.85290927285E-02               NaN
 0.29583333333E+02 0.17212931009E-01 0.16630473828E+02 0.10570448131E+01 0.10590492490E+01 0.88345531968E+00 0.10134429199E+01-0.85277559881E-02               NaN
 0.29600694444E+02 0.17221543340E-01 0.16631911820E+02 0.10570629805E+01 0.10590676448E+01 0.88339268148E+00 0.10134476982E+01-0.85262578691E-02               NaN
 0.29618055556E+02 0.17229855416E-01 0.16633379822E+02 0.10570813094E+01 0.10590861934E+01 0.88333222328E+00 0.10134523081E+01-0.85253380113E-02               NaN
 0.29635416667E+02 0.17238253402E-01 0.16634833587E+02 0.10571001696E+01 0.10591047635E+01 0.88327113641E+00 0.10134569638E+01-0.85245645398E-02               NaN
 0.29652777778E+02 0.17247748648E-01 0.16636292581E+02 0.10571176830E+01 0.10591220871E+01 0.88320206350E+00 0.10134622256E+01-0.85236312659E-02               NaN
 0.29670138889E+02 0.17259483385E-01 0.16637676649E+02 0.10571345449E+01 0.10591386661E+01 0.88311669276E+00 0.10134687251E+01-0.85227221913E-02               NaN
 0.29687500000E+02 0.17272849054E-01 0.16639039738E+02 0.10571508233E+01 0.10591549037E+01 0.88301944787E+00 0.10134761236E+01-0.85221648286E-02               NaN
