 0.15017361111E+02 0.86212048090E-02 0.15545024253E+02 0.10562003261E+01 0.10578641352E+01 0.94382639588E+00 0.10076993608E+01-0.97636347431E-02               NaN
 0.15034722222E+02 0.86326148646E-02 0.15546155200E+02 0.10561891067E+01 0.10578534151E+01 0.94374912691E+00 0.10077082881E+01-0.97636615689E-02               NaN
 0.15052083333E+02 0.86439464096E-02 0.15547324074E+02 0.10561787059E+01 0.10578440212E+01 0.94367238185E+00 0.10077171507E+01-0.97631121699E-02               NaN
 0.15069444444E+02 0.86544663517E-02 0.15548543068E+02 0.10561684573E+01 0.10578350845E+01 0.94360112660E+00 0.10077253755E+01-0.97619528995E-02               NaN
 0.15086805556E+02 0.86641611097E-02 0.15549758436E+02 0.10561581259E+01 0.10578260629E+01 0.94353545471E+00 0.10077329526E+01-0.97609643101E-02               NaN
 0.15104166667E+02 0.86735693718E-02 0.15550961154E+02 0.10561474097E+01 0.10578164170E+01 0.94347171812E+00 0.10077403034E+01-0.97603811728E-02               NaN
 0.15121527778E+02 0.86825886568E-02 0.15552157393E+02 0.10561360334E+01 0.10578057722E+01 0.94341061166E+00 0.10077473481E+01-0.97600712010E-02               NaN
 0.15138888889E+02 0.86914694575E-02 0.15553332837E+02 0.10561238437E+01 0.10577941064E+01 0.94335043866E+00 0.10077542826E+01-0.97599929919E-02               NaN
 0.15156250000E+02 0.87007496178E-02 0.15554473461E+02 0.10561111584E+01 0.10577819490E+01 0.94328755466E+00 0.10077615266E+01-0.97600906746E-02               NaN
 0.15173611111E+02 0.87114990054E-02 0.15555564457E+02 0.10560985381E+01 0.10577700372E+01 0.94321470844E+00 0.10077699148E+01-0.97604079966E-02               NaN
 0.15190972222E+02 0.87237483095E-02 0.15556638184E+02 0.10560861716E+01 0.10577587417E+01 0.94313168913E+00 0.10077794697E+01-0.97608289473E-02               NaN
 0.15208333333E+02 0.87363434612E-02 0.15557739982E+02 0.10560736016E+01 0.10577475469E+01 0.94304631643E+00 0.10077892902E+01-0.97612041599E-02               NaN
 0.15225694444E+02 0.87485175058E-02 0.15558877293E+02 0.10560603402E+01 0.10577356682E+01 0.94296378900E+00 0.10077987785E+01-0.97612649318E-02               NaN
 0.15243055556E+02 0.87597806356E-02 0.15560097424E+02 0.10560460637E+01 0.10577225736E+01 0.94288742867E+00 0.10078075533E+01-0.97604598113E-02               NaN
 0.15260416667E+02 0.87702159538E-02 0.15561325468E+02 0.10560307842E+01 0.10577081841E+01 0.94281667382E+00 0.10078156802E+01-0.97589011522E-02               NaN
 0.15277777778E+02 0.87800877164E-02 0.15562546345E+02 0.10560148788E+01 0.10576929753E+01 0.94274973402E+00 0.10078233657E+01-0.97573479075E-02               NaN
 0.15295138889E+02 0.87890771651E-02 0.15563778374E+02 0.10559991123E+01 0.10576778327E+01 0.94268877203E+00 0.10078303619E+01-0.97563659477E-02               NaN
 0.15312500000E+02 0.87973693655E-02 0.15565040220E+02 0.10559841679E+01 0.10576635854E+01 0.94263253412E+00 0.10078368137E+01-0.97559734680E-02               NaN
