 0.23767361111E+02 0.13774795480E-01 0.16172960771E+02 0.10514040837E+01 0.10536824190E+01 0.90813153073E+00 0.10113799605E+01-0.89710242409E-02               NaN
 0.23784722222E+02 0.13785376605E-01 0.16174323356E+02 0.10514093698E+01 0.10536883158E+01 0.90805662261E+00 0.10113867893E+01-0.89677154675E-02               NaN
 0.23802083333E+02 0.13797858009E-01 0.16175638342E+02 0.10514140690E+01 0.10536934699E+01 0.90796825324E+00 0.10113948407E+01-0.89655724797E-02               NaN
 0.23819444444E+02 0.13811374353E-01 0.16176933372E+02 0.10514181833E+01 0.10536977126E+01 0.90787254618E+00 0.10114035551E+01-0.89643347719E-02               NaN
 0.23836805556E+02 0.13825100147E-01 0.16178237095E+02 0.10514221016E+01 0.10537012804E+01 0.90777534515E+00 0.10114123996E+01-0.89630873541E-02               NaN
 0.23854166667E+02 0.13838643350E-01 0.16179545282E+02 0.10514264842E+01 0.10537048129E+01 0.90767942641E+00 0.10114211215E+01-0.89615009622E-02               NaN
 0.23871527778E+02 0.13851810914E-01 0.16180841349E+02 0.10514319671E+01 0.10537091520E+01 0.90758615787E+00 0.10114295970E+01-0.89599640612E-02               NaN
 0.23888888889E+02 0.13864746888E-01 0.16182096322E+02 0.10514385810E+01 0.10537147386E+01 0.90749451990E+00 0.10114379189E+01-0.89583964331E-02               NaN
 0.23906250000E+02 0.13876919928E-01 0.16183369179E+02 0.10514456556E+01 0.10537212094E+01 0.90740827763E+00 0.10114457459E+01-0.89563997625E-02               NaN
 0.23923611111E+02 0.13887613955E-01 0.16184697170E+02 0.10514529164E+01 0.10537281767E+01 0.90733250660E+00 0.10114526188E+01-0.89539993003E-02               NaN
 0.23940972222E+02 0.13894664241E-01 0.16186051149E+02 0.10514331826E+01 0.10537243441E+01 0.90728254916E+00 0.10114571482E+01-0.89545013277E-02               NaN
 0.23958333333E+02 0.13899884248E-01 0.16187355843E+02 0.10514098038E+01 0.10537185298E+01 0.90724555897E+00 0.10114605010E+01-0.89557912917E-02               NaN
 0.23975694444E+02 0.13909342656E-01 0.16188711858E+02 0.10514166748E+01 0.10537252464E+01 0.90717853046E+00 0.10114665741E+01-0.89539647451E-02               NaN
 0.23993055556E+02 0.13919139832E-01 0.16190061055E+02 0.10514243129E+01 0.10537327707E+01 0.90710909572E+00 0.10114728623E+01-0.89520686301E-02               NaN
 0.24010416667E+02 0.13928640482E-01 0.16191418603E+02 0.10514322225E+01 0.10537408473E+01 0.90704175721E+00 0.10114789578E+01-0.89496070562E-02               NaN
 0.24027777778E+02 0.13937314186E-01 0.16192808703E+02 0.10514398062E+01 0.10537488836E+01 0.90698027532E+00 0.10114845206E+01-0.89462729399E-02               NaN
 0.24045138889E+02 0.13945775164E-01 0.16194172369E+02 0.10514472935E+01 0.10537569174E+01 0.90692029708E+00 0.10114899450E+01-0.89428249611E-02               NaN
 0.24062500000E+02 0.13954941991E-01 0.16195495496E+02 0.10514548231E+01 0.10537650696E+01 0.90685531052E+00 0.10114958199E+01-0.89402919804E-02               NaN
