 0.11579861111E+02 0.66094222998E-02 0.15320025470E+02 0.10576581183E+01 0.10592279776E+01 0.95732775043E+00 0.10060720129E+01-0.97127390011E-02               NaN
 0.11597222222E+02 0.66182989545E-02 0.15321088261E+02 0.10576605143E+01 0.10592296135E+01 0.95726871144E+00 0.10060794250E+01-0.97131701711E-02               NaN
 0.11614583333E+02 0.66288428983E-02 0.15322099771E+02 0.10576632023E+01 0.10592314573E+01 0.95719857714E+00 0.10060882266E+01-0.97144400218E-02               NaN
 0.11631944444E+02 0.66406349989E-02 0.15323110592E+02 0.10576656282E+01 0.10592329468E+01 0.95712013273E+00 0.10060980667E+01-0.97161214965E-02               NaN
 0.11649305556E+02 0.66524257494E-02 0.15324187414E+02 0.10576675577E+01 0.10592339311E+01 0.95704168903E+00 0.10061079021E+01-0.97173566434E-02               NaN
 0.11666666667E+02 0.66630808166E-02 0.15325296673E+02 0.10576689425E+01 0.10592345338E+01 0.95697079388E+00 0.10061167871E+01-0.97179149701E-02               NaN
 0.11684027778E+02 0.66724436477E-02 0.15326414612E+02 0.10576700441E+01 0.10592350586E+01 0.95690849125E+00 0.10061245921E+01-0.97183680430E-02               NaN
 0.11701388889E+02 0.66809131575E-02 0.15327562688E+02 0.10576709849E+01 0.10592355380E+01 0.95685212849E+00 0.10061316504E+01-0.97189724388E-02               NaN
 0.11718750000E+02 0.66893665418E-02 0.15328702506E+02 0.10576719927E+01 0.10592361426E+01 0.95679586878E+00 0.10061386934E+01-0.97196055690E-02               NaN
 0.11736111111E+02 0.66985309506E-02 0.15329795470E+02 0.10576733039E+01 0.10592371139E+01 0.95673487218E+00 0.10061463268E+01-0.97205042271E-02               NaN
 0.11753472222E+02 0.67080164212E-02 0.15330899048E+02 0.10576745717E+01 0.10592381215E+01 0.95667173338E+00 0.10061542253E+01-0.97216571907E-02               NaN
 0.11770833333E+02 0.67175903571E-02 0.15332000596E+02 0.10576751011E+01 0.10592385117E+01 0.95660800028E+00 0.10061621950E+01-0.97229335371E-02               NaN
 0.11788194444E+02 0.67279625894E-02 0.15333054392E+02 0.10576746192E+01 0.10592378579E+01 0.95653894678E+00 0.10061708267E+01-0.97243204751E-02               NaN
 0.11805555556E+02 0.67393721911E-02 0.15334111999E+02 0.10576736798E+01 0.10592365976E+01 0.95646297955E+00 0.10061803183E+01-0.97256025677E-02               NaN
 0.11822916667E+02 0.67510279590E-02 0.15335195757E+02 0.10576729337E+01 0.10592354344E+01 0.95638536526E+00 0.10061900113E+01-0.97264371534E-02               NaN
 0.11840277778E+02 0.67620511762E-02 0.15336287027E+02 0.10576723259E+01 0.10592344327E+01 0.95631195558E+00 0.10061991750E+01-0.97266521052E-02               NaN
 0.11857638889E+02 0.67725002169E-02 0.15337383083E+02 0.10576716055E+01 0.10592333496E+01 0.95624236296E+00 0.10062078585E+01-0.97266887308E-02               NaN
 0.11875000000E+02 0.67825673408E-02 0.15338490444E+02 0.10576705120E+01 0.10592320183E+01 0.95617530779E+00 0.10062162219E+01-0.97268820867E-02               NaN
