 0.26892361111E+02 0.15605727103E-01 0.16414341054E+02 0.10538559347E+01 0.10559761715E+01 0.89507349110E+00 0.10125173599E+01-0.86679539680E-02               NaN
 0.26909722222E+02 0.15617699870E-01 0.16415683986E+02 0.10538782234E+01 0.10559964423E+01 0.89498747328E+00 0.10125245054E+01-0.86661056883E-02               NaN
 0.26927083333E+02 0.15629279580E-01 0.16417044018E+02 0.10538998701E+01 0.10560161900E+01 0.89490427169E+00 0.10125314127E+01-0.86638279556E-02               NaN
 0.26944444444E+02 0.15639683422E-01 0.16418408872E+02 0.10539208049E+01 0.10560351986E+01 0.89482951243E+00 0.10125376156E+01-0.86616971564E-02               NaN
 0.26961805556E+02 0.15648203502E-01 0.16419825147E+02 0.10539411064E+01 0.10560533993E+01 0.89476828484E+00 0.10125426932E+01-0.86597139288E-02               NaN
 0.26979166667E+02 0.15655159951E-01 0.16421259456E+02 0.10539612038E+01 0.10560710817E+01 0.89471829091E+00 0.10125468376E+01-0.86581026574E-02               NaN
 0.26996527778E+02 0.15662391164E-01 0.16422660616E+02 0.10539817734E+01 0.10560889668E+01 0.89466631945E+00 0.10125511443E+01-0.86569202799E-02               NaN
 0.27013888889E+02 0.15671091581E-01 0.16424079297E+02 0.10540032831E+01 0.10561078334E+01 0.89460378478E+00 0.10125563241E+01-0.86553450243E-02               NaN
 0.27031250000E+02 0.15681374174E-01 0.16425474509E+02 0.10540262794E+01 0.10561284538E+01 0.89452987266E+00 0.10125624434E+01-0.86531705831E-02               NaN
 0.27048611111E+02 0.15693474387E-01 0.16426820601E+02 0.10540504122E+01 0.10561507152E+01 0.89444288774E+00 0.10125696407E+01-0.86510968253E-02               NaN
 0.27065972222E+02 0.15707352461E-01 0.16428124922E+02 0.10540747498E+01 0.10561737126E+01 0.89434311217E+00 0.10125778907E+01-0.86494783160E-02               NaN
 0.27083333333E+02 0.15721721883E-01 0.16429444434E+02 0.10540982588E+01 0.10561961213E+01 0.89423979271E+00 0.10125864275E+01-0.86482135221E-02               NaN
 0.27100694444E+02 0.15734768910E-01 0.16430811376E+02 0.10541202857E+01 0.10562169074E+01 0.89414597155E+00 0.10125941739E+01-0.86473862196E-02               NaN
 0.27118055556E+02 0.15745700866E-01 0.16432236852E+02 0.10541414059E+01 0.10562362556E+01 0.89406735251E+00 0.10126006611E+01-0.86469961171E-02               NaN
 0.27135416667E+02 0.15754382114E-01 0.16433667633E+02 0.10541629982E+01 0.10562555503E+01 0.89400491505E+00 0.10126058104E+01-0.86466514139E-02               NaN
 0.27152777778E+02 0.15761507922E-01 0.16435108878E+02 0.10541863277E+01 0.10562763973E+01 0.89395366150E+00 0.10126100356E+01-0.86460128033E-02               NaN
 0.27170138889E+02 0.15768177251E-01 0.16436534114E+02 0.10542117415E+01 0.10562994289E+01 0.89390568868E+00 0.10126139889E+01-0.86449983620E-02               NaN
 0.27187500000E+02 0.15775970320E-01 0.16437954644E+02 0.10542385756E+01 0.10563242771E+01 0.89384962958E+00 0.10126186069E+01-0.86436704089E-02               NaN
