 0.34548611111E+01 0.19040257513E-02 0.14842606824E+02 0.10430697457E+01 0.10462069618E+01 0.98796669000E+00 0.10018603623E+01-0.86188411614E-02               NaN
 0.34722222222E+01 0.19138530625E-02 0.14843547344E+02 0.10431197446E+01 0.10462513684E+01 0.98790404673E+00 0.10018697355E+01-0.86233388422E-02               NaN
 0.34895833333E+01 0.19239776875E-02 0.14844484082E+02 0.10431696527E+01 0.10462954899E+01 0.98783950247E+00 0.10018793898E+01-0.86275864387E-02               NaN
 0.35069444444E+01 0.19344283217E-02 0.14845403071E+02 0.10432196726E+01 0.10463396632E+01 0.98777287374E+00 0.10018893523E+01-0.86319247486E-02               NaN
 0.35243055556E+01 0.19448205935E-02 0.14846343486E+02 0.10432699803E+01 0.10463842352E+01 0.98770661088E+00 0.10018992566E+01-0.86366437962E-02               NaN
 0.35416666667E+01 0.19546719971E-02 0.14847308668E+02 0.10433206501E+01 0.10464293074E+01 0.98764379096E+00 0.10019086429E+01-0.86414762523E-02               NaN
 0.35590277778E+01 0.19641223589E-02 0.14848278515E+02 0.10433716743E+01 0.10464747164E+01 0.98758352315E+00 0.10019176449E+01-0.86461149469E-02               NaN
 0.35763888889E+01 0.19735294331E-02 0.14849243878E+02 0.10434229314E+01 0.10465201678E+01 0.98752352631E+00 0.10019266035E+01-0.86505587131E-02               NaN
 0.35937500000E+01 0.19832200403E-02 0.14850181648E+02 0.10434743864E+01 0.10465656568E+01 0.98746171582E+00 0.10019358298E+01-0.86549313688E-02               NaN
 0.36111111111E+01 0.19931088102E-02 0.14851109837E+02 0.10435260551E+01 0.10466113199E+01 0.98739863581E+00 0.10019452425E+01-0.86591825011E-02               NaN
 0.36284722222E+01 0.20029118962E-02 0.14852052212E+02 0.10435780356E+01 0.10466574453E+01 0.98733609684E+00 0.10019545712E+01-0.86632361048E-02               NaN
 0.36458333333E+01 0.20127545564E-02 0.14853000647E+02 0.10436303584E+01 0.10467041968E+01 0.98727329984E+00 0.10019639352E+01-0.86672790768E-02               NaN
 0.36631944444E+01 0.20226779614E-02 0.14853951311E+02 0.10436829382E+01 0.10467514873E+01 0.98720998205E+00 0.10019733736E+01-0.86714363242E-02               NaN
 0.36805555556E+01 0.20323721741E-02 0.14854902399E+02 0.10437356337E+01 0.10467989588E+01 0.98714812119E+00 0.10019825918E+01-0.86757499290E-02               NaN
 0.36979166667E+01 0.20418783591E-02 0.14855861953E+02 0.10437884879E+01 0.10468464503E+01 0.98708745493E+00 0.10019916288E+01-0.86801207066E-02               NaN
 0.37152777778E+01 0.20513984924E-02 0.14856825516E+02 0.10438416784E+01 0.10468941110E+01 0.98702669446E+00 0.10020006770E+01-0.86842770512E-02               NaN
 0.37326388889E+01 0.20612443239E-02 0.14857778932E+02 0.10438951005E+01 0.10469418541E+01 0.98696384979E+00 0.10020100323E+01-0.86881223284E-02               NaN
 0.37500000000E+01 0.20712600660E-02 0.14858719607E+02 0.10439486322E+01 0.10469896399E+01 0.98689991489E+00 0.10020195466E+01-0.86917820315E-02               NaN
