 0.16267361111E+02 0.93592825604E-02 0.15630237454E+02 0.10553548796E+01 0.10570958550E+01 0.93881197274E+00 0.10082697763E+01-0.97266160228E-02               NaN
 0.16284722222E+02 0.93678259034E-02 0.15631443006E+02 0.10553442343E+01 0.10570867012E+01 0.93875373801E+00 0.10082762945E+01-0.97243790631E-02               NaN
 0.16302083333E+02 0.93777988354E-02 0.15632570640E+02 0.10553328989E+01 0.10570770508E+01 0.93868575308E+00 0.10082839010E+01-0.97218711570E-02               NaN
 0.16319444444E+02 0.93888241598E-02 0.15633613895E+02 0.10553209983E+01 0.10570667156E+01 0.93861058707E+00 0.10082923070E+01-0.97202807255E-02               NaN
 0.16336805556E+02 0.94000150550E-02 0.15634671002E+02 0.10553086981E+01 0.10570556039E+01 0.93853428479E+00 0.10083008361E+01-0.97199692979E-02               NaN
 0.16354166667E+02 0.94103161362E-02 0.15635796846E+02 0.10552963214E+01 0.10570439705E+01 0.93846404281E+00 0.10083086840E+01-0.97206857431E-02               NaN
 0.16371527778E+02 0.94196262919E-02 0.15637016588E+02 0.10552843143E+01 0.10570322040E+01 0.93840055235E+00 0.10083157746E+01-0.97217504114E-02               NaN
 0.16388888889E+02 0.94285703552E-02 0.15638303733E+02 0.10552733200E+01 0.10570210516E+01 0.93833955353E+00 0.10083225842E+01-0.97222737154E-02               NaN
 0.16406250000E+02 0.94380888021E-02 0.15639583807E+02 0.10552636357E+01 0.10570112716E+01 0.93827463210E+00 0.10083298288E+01-0.97219365218E-02               NaN
 0.16423611111E+02 0.94480176711E-02 0.15640831261E+02 0.10552546133E+01 0.10570027080E+01 0.93820690554E+00 0.10083373833E+01-0.97208471289E-02               NaN
 0.16440972222E+02 0.94580318718E-02 0.15642040587E+02 0.10552451675E+01 0.10569943448E+01 0.93813859090E+00 0.10083450000E+01-0.97192890368E-02               NaN
 0.16458333333E+02 0.94685939986E-02 0.15643247804E+02 0.10552349217E+01 0.10569854797E+01 0.93806653188E+00 0.10083530307E+01-0.97173941777E-02               NaN
 0.16475694444E+02 0.94803559070E-02 0.15644425690E+02 0.10552244236E+01 0.10569762674E+01 0.93798627957E+00 0.10083619701E+01-0.97154748709E-02               NaN
 0.16493055556E+02 0.94931395821E-02 0.15645587606E+02 0.10552143888E+01 0.10569672721E+01 0.93789904623E+00 0.10083716819E+01-0.97142303446E-02               NaN
 0.16510416667E+02 0.95059364300E-02 0.15646741637E+02 0.10552049356E+01 0.10569587155E+01 0.93781171314E+00 0.10083813994E+01-0.97137710442E-02               NaN
 0.16527777778E+02 0.95177289112E-02 0.15647914809E+02 0.10551957669E+01 0.10569504827E+01 0.93773122569E+00 0.10083903505E+01-0.97137564507E-02               NaN
 0.16545138889E+02 0.95278077920E-02 0.15649118248E+02 0.10551865344E+01 0.10569423932E+01 0.93766242748E+00 0.10083979979E+01-0.97140408277E-02               NaN
 0.16562500000E+02 0.95362735563E-02 0.15650347403E+02 0.10551766743E+01 0.10569339358E+01 0.93760463564E+00 0.10084044193E+01-0.97144468346E-02               NaN
