 0.25642361111E+02 0.14886250710E-01 0.16316859164E+02 0.10526311840E+01 0.10548406620E+01 0.90022764399E+00 0.10120810161E+01-0.87686467234E-02               NaN
 0.25659722222E+02 0.14899188722E-01 0.16318167782E+02 0.10526467380E+01 0.10548561576E+01 0.90013521932E+00 0.10120889834E+01-0.87672823898E-02               NaN
 0.25677083333E+02 0.14911812987E-01 0.16319496345E+02 0.10526611089E+01 0.10548702120E+01 0.90004502672E+00 0.10120967533E+01-0.87662639321E-02               NaN
 0.25694444444E+02 0.14923289582E-01 0.16320825416E+02 0.10526744232E+01 0.10548826997E+01 0.89996302562E+00 0.10121038132E+01-0.87654759960E-02               NaN
 0.25711805556E+02 0.14933355950E-01 0.16322206102E+02 0.10526877374E+01 0.10548946284E+01 0.89989109449E+00 0.10121100026E+01-0.87645690602E-02               NaN
 0.25729166667E+02 0.14942348341E-01 0.16323649071E+02 0.10527021010E+01 0.10549074525E+01 0.89982683278E+00 0.10121155294E+01-0.87631734381E-02               NaN
 0.25746527778E+02 0.14951751387E-01 0.16325037317E+02 0.10527176485E+01 0.10549218553E+01 0.89975963149E+00 0.10121213064E+01-0.87612262202E-02               NaN
 0.25763888889E+02 0.14962567828E-01 0.16326392824E+02 0.10527338925E+01 0.10549374721E+01 0.89968232276E+00 0.10121279487E+01-0.87589709028E-02               NaN
 0.25781250000E+02 0.14973942656E-01 0.16327772331E+02 0.10527503407E+01 0.10549534632E+01 0.89960101585E+00 0.10121349306E+01-0.87567017969E-02               NaN
 0.25798611111E+02 0.14985541829E-01 0.16329164307E+02 0.10527664903E+01 0.10549691261E+01 0.89951809772E+00 0.10121420467E+01-0.87546562512E-02               NaN
 0.25815972222E+02 0.14997686340E-01 0.16330551288E+02 0.10527817043E+01 0.10549837386E+01 0.89943127295E+00 0.10121494935E+01-0.87531340576E-02               NaN
 0.25833333333E+02 0.15010617434E-01 0.16331880954E+02 0.10527960424E+01 0.10549972774E+01 0.89933881541E+00 0.10121574184E+01-0.87518622329E-02               NaN
 0.25850694444E+02 0.15023312373E-01 0.16333202631E+02 0.10528100263E+01 0.10550102064E+01 0.89924803710E+00 0.10121651942E+01-0.87505423807E-02               NaN
 0.25868055556E+02 0.15034768762E-01 0.16334463591E+02 0.10528243347E+01 0.10550233306E+01 0.89916610746E+00 0.10121722078E+01-0.87495053154E-02               NaN
 0.25885416667E+02 0.15044779322E-01 0.16335750458E+02 0.10528394461E+01 0.10550373500E+01 0.89909451144E+00 0.10121783333E+01-0.87487117327E-02               NaN
 0.25902777778E+02 0.15053193212E-01 0.16337106687E+02 0.10528553207E+01 0.10550523361E+01 0.89903433048E+00 0.10121834798E+01-0.87477186332E-02               NaN
 0.25920138889E+02 0.15061409334E-01 0.16338456054E+02 0.10528715846E+01 0.10550680001E+01 0.89897556017E+00 0.10121885036E+01-0.87462875654E-02               NaN
 0.25937500000E+02 0.15070328271E-01 0.16339808500E+02 0.10528879531E+01 0.10550839249E+01 0.89891175823E+00 0.10121939550E+01-0.87445315363E-02               NaN
