 0.18142361111E+02 0.10470246978E-01 0.15760083824E+02 0.10539641323E+01 0.10559165831E+01 0.93120234125E+00 0.10091011845E+01-0.96254085438E-02               NaN
 0.18159722222E+02 0.10477774841E-01 0.15761361934E+02 0.10539455190E+01 0.10559003511E+01 0.93115052540E+00 0.10091067066E+01-0.96255469707E-02               NaN
 0.18177083333E+02 0.10484832843E-01 0.15762656649E+02 0.10539265280E+01 0.10558835397E+01 0.93110194061E+00 0.10091118826E+01-0.96249759017E-02               NaN
 0.18194444444E+02 0.10492544101E-01 0.15763961423E+02 0.10539081604E+01 0.10558669634E+01 0.93104885561E+00 0.10091175361E+01-0.96232392833E-02               NaN
 0.18211805556E+02 0.10501554472E-01 0.15765241611E+02 0.10538909868E+01 0.10558513040E+01 0.93098682287E+00 0.10091241402E+01-0.96204055736E-02               NaN
 0.18229166667E+02 0.10512507707E-01 0.15766480089E+02 0.10538748123E+01 0.10558365133E+01 0.93091140774E+00 0.10091321653E+01-0.96169652301E-02               NaN
 0.18246527778E+02 0.10525754797E-01 0.15767638731E+02 0.10538592956E+01 0.10558224095E+01 0.93082018933E+00 0.10091418668E+01-0.96138619080E-02               NaN
 0.18263888889E+02 0.10540485608E-01 0.15768747503E+02 0.10538439201E+01 0.10558086092E+01 0.93071874176E+00 0.10091526494E+01-0.96118030151E-02               NaN
 0.18281250000E+02 0.10554879808E-01 0.15769901707E+02 0.10538278576E+01 0.10557941984E+01 0.93061959973E+00 0.10091631800E+01-0.96109666677E-02               NaN
 0.18298611111E+02 0.10567609084E-01 0.15771129939E+02 0.10538105725E+01 0.10557783334E+01 0.93053191471E+00 0.10091724880E+01-0.96109320416E-02               NaN
 0.18315972222E+02 0.10578802231E-01 0.15772426779E+02 0.10537923778E+01 0.10557611053E+01 0.93045480320E+00 0.10091806692E+01-0.96108499203E-02               NaN
 0.18333333333E+02 0.10588905622E-01 0.15773746709E+02 0.10537739892E+01 0.10557433679E+01 0.93038519273E+00 0.10091880510E+01-0.96101480205E-02               NaN
 0.18350694444E+02 0.10598494404E-01 0.15775061978E+02 0.10537561745E+01 0.10557261634E+01 0.93031912214E+00 0.10091950542E+01-0.96088797670E-02               NaN
 0.18368055556E+02 0.10607833413E-01 0.15776409480E+02 0.10537331669E+01 0.10557080012E+01 0.93025476727E+00 0.10092018727E+01-0.96078845906E-02               NaN
 0.18385416667E+02 0.10613604408E-01 0.15777658304E+02 0.10536623784E+01 0.10556712984E+01 0.93021499686E+00 0.10092060850E+01-0.96123644332E-02               NaN
 0.18402777778E+02 0.10625106689E-01 0.15778900869E+02 0.10536471383E+01 0.10556573432E+01 0.93013572374E+00 0.10092144780E+01-0.96097897888E-02               NaN
 0.18420138889E+02 0.10637785944E-01 0.15780100433E+02 0.10536325135E+01 0.10556442057E+01 0.93004832974E+00 0.10092237257E+01-0.96067656108E-02               NaN
 0.18437500000E+02 0.10650865645E-01 0.15781271133E+02 0.10536179979E+01 0.10556312921E+01 0.92995816545E+00 0.10092332609E+01-0.96043434133E-02               NaN
