 0.47048611111E+01 0.26229133438E-02 0.14911199438E+02 0.10469139260E+01 0.10496164428E+01 0.98336954199E+00 0.10025397728E+01-0.88855375113E-02               NaN
 0.47222222222E+01 0.26332992781E-02 0.14912168433E+02 0.10469675202E+01 0.10496645077E+01 0.98330290736E+00 0.10025494948E+01-0.88886248912E-02               NaN
 0.47395833333E+01 0.26435259427E-02 0.14913132983E+02 0.10470210333E+01 0.10497121589E+01 0.98323728847E+00 0.10025590652E+01-0.88919062233E-02               NaN
 0.47569444444E+01 0.26535745265E-02 0.14914097674E+02 0.10470747111E+01 0.10497598150E+01 0.98317280634E+00 0.10025684663E+01-0.88953055003E-02               NaN
 0.47743055556E+01 0.26635725830E-02 0.14915037435E+02 0.10471287889E+01 0.10498079005E+01 0.98310864263E+00 0.10025778177E+01-0.88986787630E-02               NaN
 0.47916666667E+01 0.26735346371E-02 0.14915985496E+02 0.10471833611E+01 0.10498567026E+01 0.98304470422E+00 0.10025871330E+01-0.89020810653E-02               NaN
 0.48090277778E+01 0.26831588802E-02 0.14916958852E+02 0.10472383686E+01 0.10499061983E+01 0.98298292849E+00 0.10025961300E+01-0.89056165290E-02               NaN
 0.48263888889E+01 0.26924367077E-02 0.14917958833E+02 0.10472935608E+01 0.10499559560E+01 0.98292337124E+00 0.10026048010E+01-0.89091598957E-02               NaN
 0.48437500000E+01 0.27014047136E-02 0.14918969215E+02 0.10473486951E+01 0.10500055834E+01 0.98286579809E+00 0.10026131804E+01-0.89123773708E-02               NaN
 0.48611111111E+01 0.27102750539E-02 0.14919970132E+02 0.10474037459E+01 0.10500550321E+01 0.98280884735E+00 0.10026214667E+01-0.89152182001E-02               NaN
 0.48784722222E+01 0.27194046191E-02 0.14920960903E+02 0.10474587564E+01 0.10501044624E+01 0.98275022753E+00 0.10026299930E+01-0.89180324803E-02               NaN
 0.48958333333E+01 0.27291708591E-02 0.14921933636E+02 0.10475137602E+01 0.10501540362E+01 0.98268751436E+00 0.10026391116E+01-0.89210387693E-02               NaN
 0.49131944444E+01 0.27395397272E-02 0.14922886434E+02 0.10475689026E+01 0.10502039547E+01 0.98262092540E+00 0.10026487904E+01-0.89241617523E-02               NaN
 0.49305555556E+01 0.27501993042E-02 0.14923824837E+02 0.10476242757E+01 0.10502542483E+01 0.98255246302E+00 0.10026587377E+01-0.89273405164E-02               NaN
 0.49479166667E+01 0.27606788240E-02 0.14924763753E+02 0.10476798550E+01 0.10503047466E+01 0.98248515065E+00 0.10026685142E+01-0.89307821505E-02               NaN
 0.49652777778E+01 0.27709055364E-02 0.14925707214E+02 0.10477354434E+01 0.10503551151E+01 0.98241945598E+00 0.10026780523E+01-0.89346896250E-02               NaN
 0.49826388889E+01 0.27806978253E-02 0.14926694930E+02 0.10477908070E+01 0.10504050701E+01 0.98235654629E+00 0.10026871827E+01-0.89387759529E-02               NaN
 0.50000000000E+01 0.27898029755E-02 0.14927700978E+02 0.10478458492E+01 0.10504546214E+01 0.98229804608E+00 0.10026956703E+01-0.89426083938E-02               NaN
