 0.12829861111E+02 0.73445974254E-02 0.15400111225E+02 0.10574537216E+01 0.10590523923E+01 0.95242208840E+00 0.10066789543E+01-0.97671069140E-02               NaN
 0.12847222222E+02 0.73558608800E-02 0.15401272025E+02 0.10574463216E+01 0.10590455910E+01 0.95234667758E+00 0.10066881438E+01-0.97663405327E-02               NaN
 0.12864583333E+02 0.73670104018E-02 0.15402435889E+02 0.10574383352E+01 0.10590379561E+01 0.95227202206E+00 0.10066972371E+01-0.97652971857E-02               NaN
 0.12881944444E+02 0.73777924457E-02 0.15403562466E+02 0.10574308293E+01 0.10590306579E+01 0.95219982002E+00 0.10067060277E+01-0.97650097716E-02               NaN
 0.12899305556E+02 0.73880291194E-02 0.15404699898E+02 0.10574240964E+01 0.10590241585E+01 0.95213126359E+00 0.10067143707E+01-0.97655333440E-02               NaN
 0.12916666667E+02 0.73973100108E-02 0.15405859856E+02 0.10574179743E+01 0.10590184618E+01 0.95206910273E+00 0.10067219325E+01-0.97666443567E-02               NaN
 0.12934027778E+02 0.74056262292E-02 0.15407031995E+02 0.10574118394E+01 0.10590129789E+01 0.95201339859E+00 0.10067287063E+01-0.97681163454E-02               NaN
 0.12951388889E+02 0.74136035458E-02 0.15408189534E+02 0.10574049311E+01 0.10590068565E+01 0.95195996059E+00 0.10067352025E+01-0.97694954542E-02               NaN
 0.12968750000E+02 0.74216081830E-02 0.15409322776E+02 0.10573969324E+01 0.10589996235E+01 0.95190633574E+00 0.10067417192E+01-0.97707895574E-02               NaN
 0.12986111111E+02 0.74296557271E-02 0.15410447463E+02 0.10573881558E+01 0.10589915314E+01 0.95185241956E+00 0.10067482691E+01-0.97718917258E-02               NaN
 0.13003472222E+02 0.74375930503E-02 0.15411618721E+02 0.10573790185E+01 0.10589829420E+01 0.95179923803E+00 0.10067547277E+01-0.97721411581E-02               NaN
 0.13020833333E+02 0.74459352835E-02 0.15412780798E+02 0.10573699922E+01 0.10589743378E+01 0.95174333944E+00 0.10067615140E+01-0.97718151356E-02               NaN
 0.13038194444E+02 0.74551773959E-02 0.15413900462E+02 0.10573613605E+01 0.10589661588E+01 0.95168140617E+00 0.10067690302E+01-0.97716397573E-02               NaN
 0.13055555556E+02 0.74651708709E-02 0.15414996733E+02 0.10573532602E+01 0.10589586323E+01 0.95161443209E+00 0.10067771549E+01-0.97717495535E-02               NaN
 0.13072916667E+02 0.74757238988E-02 0.15416094234E+02 0.10573453081E+01 0.10589513838E+01 0.95154370150E+00 0.10067857318E+01-0.97721760068E-02               NaN
 0.13090277778E+02 0.74866668159E-02 0.15417207954E+02 0.10573367826E+01 0.10589436540E+01 0.95147035065E+00 0.10067946225E+01-0.97731377578E-02               NaN
 0.13107638889E+02 0.74980064966E-02 0.15418342570E+02 0.10573272326E+01 0.10589349119E+01 0.95139433268E+00 0.10068038322E+01-0.97741688298E-02               NaN
 0.13125000000E+02 0.75100554060E-02 0.15419469359E+02 0.10573168343E+01 0.10589252226E+01 0.95131355177E+00 0.10068136142E+01-0.97750009132E-02               NaN
