 0.18767361111E+02 0.10842200667E-01 0.15804944816E+02 0.10534307337E+01 0.10554413947E+01 0.92863803009E+00 0.10093722219E+01-0.95713176583E-02               NaN
 0.18784722222E+02 0.10848945619E-01 0.15806103277E+02 0.10534183834E+01 0.10554316354E+01 0.92859145251E+00 0.10093771027E+01-0.95705593913E-02               NaN
 0.18802083333E+02 0.10855392943E-01 0.15807256931E+02 0.10534046417E+01 0.10554202656E+01 0.92854692766E+00 0.10093817670E+01-0.95703402047E-02               NaN
 0.18819444444E+02 0.10862291729E-01 0.15808458797E+02 0.10533903879E+01 0.10554080263E+01 0.92849928229E+00 0.10093867566E+01-0.95704735044E-02               NaN
 0.18836805556E+02 0.10870020127E-01 0.15809691827E+02 0.10533766902E+01 0.10553961680E+01 0.92844590395E+00 0.10093923448E+01-0.95702024799E-02               NaN
 0.18854166667E+02 0.10878521090E-01 0.15810952058E+02 0.10533638617E+01 0.10553852712E+01 0.92838718555E+00 0.10093984897E+01-0.95688943848E-02               NaN
 0.18871527778E+02 0.10887341874E-01 0.15812221580E+02 0.10533515829E+01 0.10553751115E+01 0.92832625349E+00 0.10094048638E+01-0.95666087157E-02               NaN
 0.18888888889E+02 0.10896231549E-01 0.15813470655E+02 0.10533392957E+01 0.10553651343E+01 0.92826484085E+00 0.10094112856E+01-0.95637384644E-02               NaN
 0.18906250000E+02 0.10905784651E-01 0.15814652610E+02 0.10533264707E+01 0.10553547260E+01 0.92819883979E+00 0.10094181843E+01-0.95609825517E-02               NaN
 0.18923611111E+02 0.10916318734E-01 0.15815804446E+02 0.10533129119E+01 0.10553436162E+01 0.92812605494E+00 0.10094257886E+01-0.95587821718E-02               NaN
 0.18940972222E+02 0.10927567358E-01 0.15816998492E+02 0.10532988010E+01 0.10553318825E+01 0.92804832569E+00 0.10094339054E+01-0.95566066873E-02               NaN
 0.18958333333E+02 0.10934765083E-01 0.15818200534E+02 0.10532423213E+01 0.10553028661E+01 0.92799858464E+00 0.10094390973E+01-0.95596238600E-02               NaN
 0.18975694444E+02 0.10943617096E-01 0.15819459426E+02 0.10532096523E+01 0.10552833036E+01 0.92793740714E+00 0.10094454807E+01-0.95602187845E-02               NaN
 0.18993055556E+02 0.10953559936E-01 0.15820747723E+02 0.10531953557E+01 0.10552707777E+01 0.92786868520E+00 0.10094526482E+01-0.95591107036E-02               NaN
 0.19010416667E+02 0.10964446030E-01 0.15821974625E+02 0.10531814038E+01 0.10552587512E+01 0.92779343702E+00 0.10094604927E+01-0.95580989948E-02               NaN
 0.19027777778E+02 0.10976407631E-01 0.15823167766E+02 0.10531676600E+01 0.10552471383E+01 0.92771074645E+00 0.10094691085E+01-0.95563502574E-02               NaN
 0.19045138889E+02 0.10988183586E-01 0.15824422296E+02 0.10531539905E+01 0.10552356518E+01 0.92762933093E+00 0.10094775869E+01-0.95533746615E-02               NaN
 0.19062500000E+02 0.10998929919E-01 0.15825721557E+02 0.10531405162E+01 0.10552240788E+01 0.92755502672E+00 0.10094853208E+01-0.95499437842E-02               NaN
