 0.27204861111E+02 0.15785854369E-01 0.16439326723E+02 0.10542657256E+01 0.10563499017E+01 0.89377852420E+00 0.10126244616E+01-0.86423509733E-02               NaN
 0.27222222222E+02 0.15798126119E-01 0.16440623878E+02 0.10542922797E+01 0.10563750891E+01 0.89369023420E+00 0.10126317270E+01-0.86412488237E-02               NaN
 0.27239583333E+02 0.15811985433E-01 0.16441929272E+02 0.10543177058E+01 0.10563990439E+01 0.89359051220E+00 0.10126399275E+01-0.86404116198E-02               NaN
 0.27256944444E+02 0.15825841855E-01 0.16443257450E+02 0.10543422180E+01 0.10564218115E+01 0.89349080023E+00 0.10126481213E+01-0.86395393318E-02               NaN
 0.27274305556E+02 0.15838943108E-01 0.16444589086E+02 0.10543666904E+01 0.10564442452E+01 0.89339651263E+00 0.10126558639E+01-0.86385143828E-02               NaN
 0.27291666667E+02 0.15850570905E-01 0.16445963423E+02 0.10543918622E+01 0.10564674065E+01 0.89331282119E+00 0.10126627318E+01-0.86377795553E-02               NaN
 0.27309027778E+02 0.15860791279E-01 0.16447340803E+02 0.10544174156E+01 0.10564912701E+01 0.89323925345E+00 0.10126687656E+01-0.86369858426E-02               NaN
 0.27326388889E+02 0.15870130995E-01 0.16448787602E+02 0.10544428988E+01 0.10565152768E+01 0.89317201969E+00 0.10126742770E+01-0.86353275543E-02               NaN
 0.27343750000E+02 0.15879007815E-01 0.16450246200E+02 0.10544686082E+01 0.10565395052E+01 0.89310811365E+00 0.10126795131E+01-0.86334096224E-02               NaN
 0.27361111111E+02 0.15887673605E-01 0.16451719254E+02 0.10544946772E+01 0.10565640513E+01 0.89304572259E+00 0.10126846228E+01-0.86319413958E-02               NaN
 0.27378472222E+02 0.15896496426E-01 0.16453141971E+02 0.10545209336E+01 0.10565887712E+01 0.89298219663E+00 0.10126898230E+01-0.86308169591E-02               NaN
 0.27395833333E+02 0.15906667439E-01 0.16454481927E+02 0.10545468826E+01 0.10566134364E+01 0.89290895801E+00 0.10126958153E+01-0.86299501602E-02               NaN
 0.27413194444E+02 0.15918579902E-01 0.16455760251E+02 0.10545718442E+01 0.10566374082E+01 0.89282317232E+00 0.10127028301E+01-0.86295638979E-02               NaN
 0.27430555556E+02 0.15931290643E-01 0.16457001882E+02 0.10545959786E+01 0.10566605608E+01 0.89273162917E+00 0.10127103109E+01-0.86294533838E-02               NaN
 0.27447916667E+02 0.15943489447E-01 0.16458272774E+02 0.10546195276E+01 0.10566831080E+01 0.89264376449E+00 0.10127174864E+01-0.86289953513E-02               NaN
 0.27465277778E+02 0.15954446972E-01 0.16459579355E+02 0.10546427522E+01 0.10567053872E+01 0.89256483329E+00 0.10127239284E+01-0.86280050495E-02               NaN
 0.27482638889E+02 0.15964442386E-01 0.16460927723E+02 0.10546657684E+01 0.10567274996E+01 0.89249282665E+00 0.10127298021E+01-0.86268513036E-02               NaN
 0.27500000000E+02 0.15974404182E-01 0.16462295659E+02 0.10546883956E+01 0.10567492112E+01 0.89242105663E+00 0.10127356533E+01-0.86257512339E-02               NaN
