 0.17517361111E+02 0.10103026223E-01 0.15716426811E+02 0.10544921410E+01 0.10563520514E+01 0.93372586411E+00 0.10088299890E+01-0.96694573950E-02               NaN
 0.17534722222E+02 0.10113646352E-01 0.15717612668E+02 0.10544776087E+01 0.10563398357E+01 0.93365299696E+00 0.10088378822E+01-0.96681114212E-02               NaN
 0.17552083333E+02 0.10125239018E-01 0.15718819408E+02 0.10544623563E+01 0.10563270617E+01 0.93357344926E+00 0.10088464948E+01-0.96659867306E-02               NaN
 0.17569444444E+02 0.10137542018E-01 0.15720053110E+02 0.10544467832E+01 0.10563140920E+01 0.93348901848E+00 0.10088556313E+01-0.96635650774E-02               NaN
 0.17586805556E+02 0.10150050831E-01 0.15721284913E+02 0.10544315441E+01 0.10563014858E+01 0.93340316594E+00 0.10088649165E+01-0.96613967512E-02               NaN
 0.17604166667E+02 0.10162038076E-01 0.15722495968E+02 0.10544173720E+01 0.10562898874E+01 0.93332088428E+00 0.10088738106E+01-0.96597449091E-02               NaN
 0.17621527778E+02 0.10173208974E-01 0.15723715089E+02 0.10544041357E+01 0.10562791886E+01 0.93324419833E+00 0.10088820956E+01-0.96584447738E-02               NaN
 0.17638888889E+02 0.10183395358E-01 0.15724960236E+02 0.10543911970E+01 0.10562687223E+01 0.93317426432E+00 0.10088896475E+01-0.96574868574E-02               NaN
 0.17656250000E+02 0.10192564589E-01 0.15726217228E+02 0.10543780042E+01 0.10562579332E+01 0.93311130818E+00 0.10088964430E+01-0.96571411185E-02               NaN
 0.17673611111E+02 0.10201393648E-01 0.15727467028E+02 0.10543645911E+01 0.10562468626E+01 0.93305068289E+00 0.10089029843E+01-0.96571632340E-02               NaN
 0.17690972222E+02 0.10210747358E-01 0.15728705150E+02 0.10543513716E+01 0.10562358569E+01 0.93298644993E+00 0.10089099120E+01-0.96569764856E-02               NaN
 0.17708333333E+02 0.10220975929E-01 0.15729975032E+02 0.10543389418E+01 0.10562254841E+01 0.93291620319E+00 0.10089174851E+01-0.96562143959E-02               NaN
 0.17725694444E+02 0.10231937415E-01 0.15731243364E+02 0.10543275164E+01 0.10562161714E+01 0.93284091603E+00 0.10089255977E+01-0.96546686225E-02               NaN
 0.17743055556E+02 0.10243486419E-01 0.15732474284E+02 0.10543165055E+01 0.10562075751E+01 0.93276158578E+00 0.10089341417E+01-0.96526422070E-02               NaN
 0.17760416667E+02 0.10255199970E-01 0.15733636430E+02 0.10543049710E+01 0.10561987931E+01 0.93268111706E+00 0.10089428038E+01-0.96506457511E-02               NaN
 0.17777777778E+02 0.10266291348E-01 0.15734776558E+02 0.10542921944E+01 0.10561890260E+01 0.93260491489E+00 0.10089510024E+01-0.96489076026E-02               NaN
 0.17795138889E+02 0.10276016087E-01 0.15735936443E+02 0.10542783163E+01 0.10561781236E+01 0.93253809599E+00 0.10089581882E+01-0.96478807500E-02               NaN
 0.17812500000E+02 0.10284411322E-01 0.15737125349E+02 0.10542640225E+01 0.10561666555E+01 0.93248040757E+00 0.10089643896E+01-0.96478379156E-02               NaN
