 0.12204861111E+02 0.69806312468E-02 0.15359730554E+02 0.10576261777E+01 0.10591834554E+01 0.95485480739E+00 0.10063802303E+01-0.97358464606E-02               NaN
 0.12222222222E+02 0.69928524286E-02 0.15360821305E+02 0.10576248629E+01 0.10591815240E+01 0.95477325111E+00 0.10063903167E+01-0.97360094093E-02               NaN
 0.12239583333E+02 0.70049491704E-02 0.15361967124E+02 0.10576234584E+01 0.10591796925E+01 0.95469251643E+00 0.10064002965E+01-0.97368481874E-02               NaN
 0.12256944444E+02 0.70161544541E-02 0.15363126495E+02 0.10576213932E+01 0.10591774849E+01 0.95461772358E+00 0.10064095375E+01-0.97383047554E-02               NaN
 0.12274305556E+02 0.70266836847E-02 0.15364273207E+02 0.10576185802E+01 0.10591747760E+01 0.95454743636E+00 0.10064182180E+01-0.97400901518E-02               NaN
 0.12291666667E+02 0.70370084128E-02 0.15365392063E+02 0.10576156106E+01 0.10591719902E+01 0.95447850781E+00 0.10064267271E+01-0.97415775636E-02               NaN
 0.12309027778E+02 0.70472061391E-02 0.15366495256E+02 0.10576131894E+01 0.10591697564E+01 0.95441042086E+00 0.10064351288E+01-0.97426468532E-02               NaN
 0.12326388889E+02 0.70572814994E-02 0.15367597283E+02 0.10576113642E+01 0.10591680640E+01 0.95434314476E+00 0.10064434271E+01-0.97436418931E-02               NaN
 0.12343750000E+02 0.70672023572E-02 0.15368720541E+02 0.10576095708E+01 0.10591662602E+01 0.95427689437E+00 0.10064515955E+01-0.97443371454E-02               NaN
 0.12361111111E+02 0.70768810161E-02 0.15369864464E+02 0.10576074788E+01 0.10591639191E+01 0.95421225566E+00 0.10064595620E+01-0.97441640853E-02               NaN
 0.12378472222E+02 0.70867630362E-02 0.15370975872E+02 0.10576052630E+01 0.10591612322E+01 0.95414625300E+00 0.10064676934E+01-0.97438739060E-02               NaN
 0.12395833333E+02 0.70967492957E-02 0.15372074559E+02 0.10576032895E+01 0.10591587203E+01 0.95407954817E+00 0.10064759079E+01-0.97447048496E-02               NaN
 0.12413194444E+02 0.71059690613E-02 0.15373205209E+02 0.10576018325E+01 0.10591569478E+01 0.95401795793E+00 0.10064834897E+01-0.97463699821E-02               NaN
 0.12430555556E+02 0.71144146655E-02 0.15374308702E+02 0.10576010017E+01 0.10591561619E+01 0.95396153480E+00 0.10064904329E+01-0.97479706395E-02               NaN
 0.12447916667E+02 0.71227154725E-02 0.15375433923E+02 0.10576005171E+01 0.10591560453E+01 0.95390607485E+00 0.10064972553E+01-0.97491005932E-02               NaN
 0.12465277778E+02 0.71308457496E-02 0.15376564642E+02 0.10575993821E+01 0.10591554875E+01 0.95385175025E+00 0.10065039357E+01-0.97496380222E-02               NaN
 0.12482638889E+02 0.71390369758E-02 0.15377666549E+02 0.10575968089E+01 0.10591534895E+01 0.95379701439E+00 0.10065106645E+01-0.97495353013E-02               NaN
 0.12500000000E+02 0.71473158808E-02 0.15378777822E+02 0.10575927869E+01 0.10591497906E+01 0.95374168854E+00 0.10065174636E+01-0.97490901640E-02               NaN
