 0.10329861111E+02 0.58705703404E-02 0.15196330876E+02 0.10572832523E+01 0.10590787168E+01 0.96222534956E+00 0.10054479291E+01-0.97012622618E-02               NaN
 0.10347222222E+02 0.58806115922E-02 0.15197409348E+02 0.10572877161E+01 0.10590822942E+01 0.96215900817E+00 0.10054565051E+01-0.97020473023E-02               NaN
 0.10364583333E+02 0.58890354234E-02 0.15198444013E+02 0.10572424327E+01 0.10590669908E+01 0.96210334825E+00 0.10054636977E+01-0.97090732494E-02               NaN
 0.10381944444E+02 0.58987889051E-02 0.15199447927E+02 0.10572307544E+01 0.10590644780E+01 0.96203889748E+00 0.10054720234E+01-0.97123446116E-02               NaN
 0.10399305556E+02 0.59091784355E-02 0.15200464437E+02 0.10572344804E+01 0.10590670809E+01 0.96197023748E+00 0.10054808892E+01-0.97137314925E-02               NaN
 0.10416666667E+02 0.59192810663E-02 0.15201543334E+02 0.10572381091E+01 0.10590696286E+01 0.96190346731E+00 0.10054895076E+01-0.97148451459E-02               NaN
 0.10434027778E+02 0.59290958788E-02 0.15202651433E+02 0.10572413140E+01 0.10590718467E+01 0.96183859357E+00 0.10054978779E+01-0.97157776229E-02               NaN
 0.10451388889E+02 0.59390566256E-02 0.15203754349E+02 0.10572440603E+01 0.10590737210E+01 0.96177274936E+00 0.10055063701E+01-0.97167510846E-02               NaN
 0.10468750000E+02 0.59491741517E-02 0.15204837669E+02 0.10572465173E+01 0.10590753630E+01 0.96170586274E+00 0.10055149934E+01-0.97179024417E-02               NaN
 0.10486111111E+02 0.59588893342E-02 0.15205899881E+02 0.10572488072E+01 0.10590768593E+01 0.96164163027E+00 0.10055232713E+01-0.97192631820E-02               NaN
 0.10503472222E+02 0.59684916039E-02 0.15206941954E+02 0.10572507208E+01 0.10590779933E+01 0.96157813880E+00 0.10055314505E+01-0.97206951084E-02               NaN
 0.10520833333E+02 0.59781850062E-02 0.15208002657E+02 0.10572523283E+01 0.10590787603E+01 0.96151403918E+00 0.10055397050E+01-0.97221100787E-02               NaN
 0.10538194444E+02 0.59878362874E-02 0.15209059648E+02 0.10572540056E+01 0.10590795527E+01 0.96145021253E+00 0.10055479212E+01-0.97235713233E-02               NaN
 0.10555555556E+02 0.59976034747E-02 0.15210112592E+02 0.10572557271E+01 0.10590805258E+01 0.96138561372E+00 0.10055562336E+01-0.97247857527E-02               NaN
 0.10572916667E+02 0.60073892011E-02 0.15211172849E+02 0.10572572749E+01 0.10590814473E+01 0.96132088660E+00 0.10055645593E+01-0.97256591629E-02               NaN
 0.10590277778E+02 0.60171203227E-02 0.15212254873E+02 0.10572588469E+01 0.10590823447E+01 0.96125651500E+00 0.10055728361E+01-0.97266697193E-02               NaN
 0.10607638889E+02 0.60269450376E-02 0.15213345086E+02 0.10572607600E+01 0.10590834307E+01 0.96119151856E+00 0.10055811900E+01-0.97280528941E-02               NaN
 0.10625000000E+02 0.60370916999E-02 0.15214421375E+02 0.10572629002E+01 0.10590845885E+01 0.96112438620E+00 0.10055898150E+01-0.97298605435E-02               NaN
