  0.2388121849E-01  0.9023164630E-54  0.9023164630E-54 -0.2831428489E-67
  0.3576187290E-01 -0.1073864555E-54 -0.1073864555E-54  0.5166543363E-68
  0.4757119892E-01 -0.4957551849E-53 -0.4957551849E-53  0.1718384186E-66
  0.5928643660E-01 -0.2740437422E-53 -0.2740437422E-53  0.8201379071E-67
  0.7088567167E-01  0.1268379141E-52  0.1268379141E-52 -0.6561103257E-66
  0.8234801635E-01 -0.2760360358E-51 -0.2760360358E-51  0.8664822079E-65
  0.9365377120E-01 -0.6085989255E-50 -0.6085989255E-50  0.1812947389E-63
  0.1047845656E+00  0.3338001692E-49  0.3338001692E-49 -0.9597956764E-63
  0.1157234751E+00  0.1199920514E-47  0.1199920514E-47 -0.4214569459E-61
  0.1264551145E+00  0.2879947522E-47  0.2879947522E-47 -0.1061320730E-60
  0.1369657066E+00 -0.1355298088E-45 -0.1355298088E-45  0.4542862238E-59
  0.1472431257E+00 -0.2448937825E-44 -0.2448937825E-44  0.7513195240E-58
  0.1572769180E+00  0.4946551728E-43  0.4946551728E-43 -0.1576722648E-56
  0.1670582996E+00  0.4677833132E-42  0.4677833132E-42 -0.1511864553E-55
  0.1765801332E+00 -0.6376529765E-41 -0.6376529765E-41  0.2032518499E-54
  0.1858368862E+00 -0.1997108074E-40 -0.1997108074E-40  0.6469706773E-54
  0.1948245728E+00  0.1197196732E-39  0.1197196732E-39 -0.3801668404E-53
  0.2035406814E+00  0.5327432811E-39  0.5327432811E-39 -0.1722201590E-52
  0.2119840907E+00 -0.4648503052E-39 -0.4648503052E-39  0.1529828009E-52
  0.2201549768E+00 -0.8309876825E-38 -0.8309876825E-38  0.2682237371E-51
  0.2280547133E+00 -0.1467685291E-37 -0.1467685291E-37  0.4719565210E-51
  0.2356857674E+00  0.5266192320E-37  0.5266192320E-37 -0.1706078852E-50
  0.2430515931E+00  0.2519993390E-36  0.2519993390E-36 -0.8114134472E-50
  0.2501565244E+00  0.1948020382E-36  0.1948020382E-36 -0.6613254107E-50
  0.2570056694E+00 -0.1095231593E-35 -0.1095231593E-35  0.3583351871E-49
  0.2636048075E+00 -0.3471187990E-35 -0.3471187990E-35  0.1103147068E-48
  0.2699602893E+00 -0.3628992756E-35 -0.3628992756E-35  0.1118155872E-48
  0.2760789424E+00  0.4305994314E-35  0.4305994314E-35 -0.1313270319E-48
  0.2819679824E+00  0.2737412969E-34  0.2737412969E-34 -0.8945246974E-48
  0.2876349290E+00  0.6877320234E-34  0.6877320234E-34 -0.2185281811E-47
  0.2930875299E+00  0.9731094955E-34  0.9731094955E-34 -0.3061795944E-47
  0.2983336900E+00 -0.2615078736E-34 -0.2615078736E-34  0.7414349002E-48
  0.3033814079E+00 -0.5664927771E-33 -0.5664927771E-33  0.1805859255E-46
  0.3082387186E+00 -0.1578550968E-32 -0.1578550968E-32  0.5225465078E-46
  0.3129136426E+00 -0.2027226896E-32 -0.2027226896E-32  0.6416563736E-46
  0.3174141412E+00  0.6422592802E-33  0.6422592802E-33 -0.2074817016E-46
  0.3217480778E+00  0.7994887967E-32  0.7994887967E-32 -0.2520518449E-45
  0.3259231839E+00  0.1574304774E-31  0.1574304774E-31 -0.5041036899E-45
  0.3299470312E+00  0.1604004146E-31  0.1604004146E-31 -0.5071774929E-45
  0.3338270078E+00  0.1813602809E-31  0.1813602809E-31 -0.6547200362E-45
  0.3375702985E+00  0.7126486209E-31  0.7126486209E-31 -0.2151662091E-44
  0.3411838699E+00  0.1669376003E-30  0.1669376003E-30 -0.4942675203E-44
  0.3446744581E+00 -0.1618513694E-30 -0.1618513694E-30  0.4401685877E-44
  0.3480485599E+00 -0.1917541266E-29 -0.1917541266E-29  0.5744323022E-43
  0.3513124270E+00 -0.4409558759E-29 -0.4409558759E-29  0.1502966709E-42
  0.3544720624E+00 -0.1948654457E-29 -0.1948654457E-29  0.4957429458E-43
  0.3575332189E+00  0.1288160871E-28  0.1288160871E-28 -0.3887254210E-42
  0.3605013997E+00  0.3340579528E-28  0.3340579528E-28 -0.1158307327E-41
  0.3633818605E+00  0.1996525106E-28  0.1996525106E-28 -0.5224973270E-42
  0.3661796128E+00 -0.8053779585E-28 -0.8053779585E-28  0.2757275051E-41
  0.3688994285E+00 -0.2306924518E-27 -0.2306924518E-27  0.7856345350E-41
  0.3715458452E+00 -0.1837663584E-27 -0.1837663584E-27  0.4482145744E-41
  0.3741231726E+00  0.3790602056E-27  0.3790602056E-27 -0.9870792875E-41
  0.3766354994E+00  0.1286784414E-26  0.1286784414E-26 -0.3867739249E-40
  0.3790867003E+00  0.1583033267E-26  0.1583033267E-26 -0.3746872398E-40
  0.3814804437E+00  0.8636156831E-27  0.8636156831E-27 -0.3303693942E-40
  0.3838201996E+00  0.1324355293E-26  0.1324355293E-26 -0.7916778776E-40
  0.3861092473E+00  0.5060913424E-26  0.5060913424E-26 -0.1434286638E-39
  0.3883506841E+00  0.4123775312E-26  0.4123775312E-26 -0.8863569113E-40
  0.3905474323E+00 -0.1820990393E-25 -0.1820990393E-25  0.5672684232E-39
  0.3927022481E+00 -0.3980508284E-25 -0.3980508284E-25  0.1231230328E-38
  0.3948177289E+00  0.1735593537E-25  0.1735593537E-25 -0.1002389089E-38
  0.3968963211E+00  0.9131542904E-26  0.9131542904E-26 -0.1250569024E-38
  0.3989403277E+00 -0.8701435805E-24 -0.8701435805E-24  0.3640831880E-37
  0.4009519155E+00 -0.3606734626E-23 -0.3606734626E-23  0.1122160081E-36
  0.4029331223E+00 -0.7599959342E-23 -0.7599959342E-23  0.2178310745E-36
  0.4048858635E+00 -0.9533676669E-23 -0.9533676669E-23  0.2590869598E-36
  0.4068119391E+00 -0.4808271086E-23 -0.4808271086E-23  0.1650235413E-36
  0.4087130396E+00  0.9189820506E-23  0.9189820506E-23 -0.2656879015E-36
  0.4105907523E+00  0.3086630937E-22  0.3086630937E-22 -0.8449205314E-36
  0.4124465670E+00  0.5629790127E-22  0.5629790127E-22 -0.1604028821E-35
  0.4142818818E+00  0.8755992142E-22  0.8755992142E-22 -0.3010029393E-35
  0.4160980079E+00  0.1513553506E-21  0.1513553506E-21 -0.5122330722E-35
  0.4178961752E+00  0.3420783286E-21  0.3420783286E-21 -0.9663778578E-35
  0.4196775365E+00  0.9302155347E-21  0.9302155347E-21 -0.3147328980E-34
  0.4214431726E+00  0.2601352890E-20  0.2601352890E-20 -0.8449205314E-34
  0.4231940963E+00  0.6954398876E-20  0.6954398876E-20 -0.2458718747E-33
  0.4249312563E+00  0.1763897574E-19  0.1763897574E-19 -0.5542678686E-33
  0.4266555416E+00  0.4318458830E-19  0.4318458830E-19 -0.1236963658E-32
  0.4283677847E+00  0.1038704402E-18  0.1038704402E-18 -0.3785243981E-32
  0.4300687649E+00  0.2452963447E-18  0.2452963447E-18 -0.8057162188E-32
  0.4317592124E+00  0.5688722080E-18  0.5688722080E-18 -0.1881807008E-31
  0.4334398102E+00  0.1292609306E-17  0.1292609306E-17 -0.3590574290E-31
  0.4351111980E+00  0.2865980198E-17  0.2865980198E-17 -0.9387405073E-31
  0.4367739742E+00  0.6235194454E-17  0.6235194454E-17 -0.2067824712E-30
  0.4384286990E+00  0.1335919649E-16  0.1335919649E-16 -0.5087367910E-30
  0.4400758964E+00  0.2837039034E-16  0.2837039034E-16 -0.1176670129E-29
  0.4417160568E+00  0.5994527737E-16  0.5994527737E-16 -0.3142401403E-29
  0.4433496387E+00  0.1262314460E-15  0.1262314460E-15 -0.8582770352E-29
  0.4449770713E+00  0.2653452553E-15  0.2653452553E-15 -0.2663427445E-28
  0.4465987558E+00  0.5569424728E-15  0.5569424728E-15 -0.9723448218E-28
  0.4482150676E+00  0.1167897170E-14  0.1167897170E-14 -0.3725476060E-27
  0.4498263576E+00  0.2448452627E-14  0.2448452627E-14 -0.1423300188E-26
  0.4514329541E+00  0.5134913640E-14  0.5134913640E-14 -0.5522209817E-26
  0.4530351639E+00  0.1078455078E-13  0.1078455078E-13 -0.2125071790E-25
  0.4546332739E+00  0.2272009374E-13  0.2272009374E-13 -0.8039586197E-25
  0.4562275526E+00  0.4810256323E-13  0.4810256323E-13 -0.2993847491E-24
  0.4578182505E+00  0.1025591701E-12  0.1025591701E-12 -0.1095773698E-23
  0.4594056023E+00  0.2206777985E-12  0.2206777985E-12 -0.3955961208E-23
  0.4609898272E+00  0.4802447363E-12  0.4802447363E-12 -0.1409631545E-22
  0.4625711299E+00  0.1059232679E-11  0.1059232679E-11 -0.4978791059E-22
  0.4641497021E+00  0.2371557376E-11  0.2371557376E-11 -0.1751323668E-21
  0.4657257228E+00  0.5395082840E-11  0.5395082840E-11 -0.6163406614E-21
  0.4672993591E+00  0.1247298392E-10  0.1247298392E-10 -0.2183224272E-20
  0.4688707677E+00  0.2928541769E-10  0.2928541769E-10 -0.7830896202E-20
  0.4704400945E+00  0.6972665638E-10  0.6972665638E-10 -0.2862951399E-19
  0.4720074762E+00  0.1679839928E-09  0.1679839928E-09 -0.1073388024E-18
  0.4735730404E+00  0.4083823573E-09  0.4083823573E-09 -0.4146867649E-18
  0.4751369064E+00  0.9986164209E-09  0.9986164209E-09 -0.1654465067E-17
  0.4766991858E+00  0.2447388819E-08  0.2447388819E-08 -0.6806414741E-17
  0.4782599826E+00  0.5987836765E-08  0.5987836765E-08 -0.2870813665E-16
  0.4798193942E+00  0.1456263419E-07  0.1456263419E-07 -0.1229530002E-15
  0.4813775117E+00  0.3504141123E-07  0.3504141123E-07 -0.5282003118E-15
  0.4829344200E+00  0.8299435780E-07  0.8299435780E-07 -0.2244659487E-14
  0.4844901985E+00  0.1923583096E-06  0.1923583096E-06 -0.9296261840E-14
  0.4860449215E+00  0.4333722606E-06  0.4333722606E-06 -0.3693132359E-13
  0.4875986583E+00  0.9416150329E-06  0.9416150329E-06 -0.1383641112E-12
  0.4891514738E+00  0.1954310802E-05  0.1954310802E-05 -0.4797765105E-12
  0.4907034284E+00  0.3828229186E-05  0.3828229186E-05 -0.1507055536E-11
  0.4922545787E+00  0.6966068353E-05  0.6966068353E-05 -0.4180524517E-11
  0.4938049777E+00  0.1151287377E-04  0.1151287377E-04 -0.9917394918E-11
  0.4953546747E+00  0.1667646602E-04  0.1667646602E-04 -0.1923441755E-10
  0.4969037158E+00  0.1977709797E-04  0.1977709797E-04 -0.2822476207E-10
  0.4984521441E+00  0.1588469771E-04  0.1588469771E-04 -0.2562442547E-10
  0.5000000000E+00  0.2400573659E+01  0.2400573659E+01 -0.2468428594E-10
