  0.7204861E+01 -0.4414574E+02 -0.2043816E+00 -0.5102044E-01  0.5833796E+00 -0.8890303E-03 -0.4505100E-01  0.7248030E-03  0.1852266E-03 -0.4262518E-04  0.4186512E+02 -0.1997715E+01 -0.2052963E+01
  0.7222222E+01 -0.4415273E+02 -0.2105321E+00 -0.5042731E-01  0.6031314E+00  0.5565947E-02 -0.4500857E-01  0.7279941E-03  0.1228035E-03 -0.4056060E-04  0.4186241E+02 -0.1986783E+01 -0.2053819E+01
  0.7239583E+01 -0.4154295E+02 -0.2146780E+00 -0.4958939E-01  0.5888886E+00  0.1076413E-01 -0.4498426E-01  0.7318934E-03  0.6988148E-04 -0.2806799E-04  0.4185954E+02  0.6077711E+00 -0.2054662E+01
  0.7256944E+01 -0.4022760E+02 -0.2155827E+00 -0.4863214E-01  0.5549768E+00  0.1409281E-01 -0.4496708E-01  0.7356642E-03  0.1741549E-04  0.1591865E-04  0.4185612E+02  0.1889171E+01 -0.2055340E+01
  0.7274306E+01 -0.4282595E+02 -0.2133666E+00 -0.4767245E-01  0.5090693E+00  0.1279342E-01 -0.4494214E-01  0.7383695E-03 -0.1229037E-03  0.9380616E-04  0.4185200E+02 -0.7573634E+00 -0.2055819E+01
  0.7291667E+01 -0.4411492E+02 -0.2097263E+00 -0.4681020E-01  0.4649404E+00  0.4584083E-02 -0.4489467E-01  0.7389878E-03 -0.1962706E-03  0.1458901E-03  0.4184710E+02 -0.2099034E+01 -0.2056282E+01
  0.7309028E+01 -0.4409953E+02 -0.2073419E+00 -0.4622461E-01  0.4608603E+00 -0.4544279E-02 -0.4482141E-01  0.7372150E-03 -0.5227178E-04  0.1058539E-03  0.4184180E+02 -0.2099011E+01 -0.2056876E+01
  0.7326389E+01 -0.4409336E+02 -0.2081528E+00 -0.4600466E-01  0.5036067E+00 -0.9929251E-02 -0.4473690E-01  0.7347963E-03  0.9317036E-04  0.9749709E-05  0.4183689E+02 -0.2060850E+01 -0.2057611E+01
  0.7343750E+01 -0.4409334E+02 -0.2120348E+00 -0.4598309E-01  0.5554074E+00 -0.9815866E-02 -0.4466361E-01  0.7343019E-03  0.1310851E-03 -0.5396881E-04  0.4183281E+02 -0.2016817E+01 -0.2058489E+01
  0.7361111E+01 -0.4410338E+02 -0.2169355E+00 -0.4587766E-01  0.5928362E+00 -0.1094508E-02 -0.4461644E-01  0.7369462E-03  0.1480139E-03 -0.6703503E-04  0.4182938E+02 -0.1988874E+01 -0.2059483E+01
  0.7378472E+01 -0.4411702E+02 -0.2200234E+00 -0.4547292E-01  0.6064340E+00  0.1114291E-01 -0.4459528E-01  0.7416134E-03  0.5949238E-04 -0.2883597E-04  0.4182633E+02 -0.1982429E+01 -0.2060472E+01
  0.7395833E+01 -0.4412513E+02 -0.2192157E+00 -0.4482442E-01  0.5885784E+00  0.1933844E-01 -0.4458825E-01  0.7464324E-03 -0.5319133E-04  0.9078507E-05  0.4182322E+02 -0.2001915E+01 -0.2061309E+01
  0.7413194E+01 -0.4412678E+02 -0.2139737E+00 -0.4411903E-01  0.5510177E+00  0.2318781E-01 -0.4457944E-01  0.7501764E-03 -0.1100831E-03  0.3185761E-04  0.4181970E+02 -0.2034878E+01 -0.2061891E+01
  0.7430556E+01 -0.4412069E+02 -0.2053603E+00 -0.4339268E-01  0.5014557E+00  0.2257371E-01 -0.4455291E-01  0.7528475E-03 -0.2342077E-03  0.8507735E-04  0.4181567E+02 -0.2073697E+01 -0.2062219E+01
  0.7447917E+01 -0.4410499E+02 -0.1959879E+00 -0.4263680E-01  0.4518142E+00  0.1495137E-01 -0.4449554E-01  0.7542859E-03 -0.2713600E-03  0.1333888E-03  0.4181099E+02 -0.2109736E+01 -0.2062492E+01
  0.7465278E+01 -0.4408852E+02 -0.1893316E+00 -0.4194159E-01  0.4368727E+00  0.4254769E-02 -0.4440711E-01  0.7538935E-03 -0.1152504E-03  0.1072670E-03  0.4180591E+02 -0.2116422E+01 -0.2063034E+01
  0.7482639E+01 -0.4408435E+02 -0.1879202E+00 -0.4143288E-01  0.4657590E+00 -0.3492003E-03 -0.4430689E-01  0.7526993E-03  0.6207014E-04  0.1534427E-04  0.4180109E+02 -0.2090677E+01 -0.2063899E+01
  0.7500000E+01 -0.4814881E+02 -0.1915871E+00 -0.4107127E-01  0.5143339E+00  0.7957751E-03 -0.4422210E-01  0.7524302E-03  0.1657241E-03 -0.3902882E-04  0.4179694E+02 -0.6112750E+01 -0.2064836E+01
