  0.8767361E+01 -0.4868748E+02 -0.1929066E+00 -0.2353091E-02  0.5601406E+00  0.1563211E-01 -0.4119033E-01  0.8758274E-03 -0.7319078E-04  0.5506860E-04  0.4153979E+02 -0.6807508E+01 -0.2109989E+01
  0.8784722E+01 -0.4395895E+02 -0.1939464E+00 -0.1939747E-02  0.5550751E+00  0.1485017E-01 -0.4114991E-01  0.8783346E-03 -0.3577387E-04  0.6238856E-04  0.4153662E+02 -0.2088533E+01 -0.2110524E+01
  0.8802083E+01 -0.4395793E+02 -0.1951850E+00 -0.1436590E-02  0.5729094E+00  0.1468338E-01 -0.4110667E-01  0.8794710E-03  0.9124887E-04 -0.4190103E-05  0.4153343E+02 -0.2073663E+01 -0.2111254E+01
  0.8819444E+01 -0.4395996E+02 -0.1970843E+00 -0.9568519E-03  0.6003719E+00  0.1489911E-01 -0.4105992E-01  0.8787037E-03  0.1215518E-03 -0.6603249E-04  0.4153060E+02 -0.2052248E+01 -0.2112039E+01
  0.8836806E+01 -0.4396608E+02 -0.1998070E+00 -0.5995609E-03  0.6146169E+00  0.1914973E-01 -0.4101410E-01  0.8776041E-03  0.8841366E-04 -0.6455674E-04  0.4152803E+02 -0.2044800E+01 -0.2112759E+01
  0.8854167E+01 -0.4397190E+02 -0.2029526E+00 -0.2725660E-03  0.6083668E+00  0.2580105E-01 -0.4097354E-01  0.8785726E-03  0.2929894E-04 -0.8573395E-05  0.4152547E+02 -0.2055557E+01 -0.2113409E+01
  0.8871528E+01 -0.4397277E+02 -0.2059003E+00  0.9649652E-04  0.5896488E+00  0.2930267E-01 -0.4094031E-01  0.8812980E-03  0.1036926E-04  0.4119659E-04  0.4152263E+02 -0.2076991E+01 -0.2114038E+01
  0.8888889E+01 -0.4310497E+02 -0.2078974E+00  0.4490837E-03  0.5791343E+00  0.3085482E-01 -0.4091715E-01  0.8847606E-03  0.2660980E-04  0.4418611E-04  0.4151952E+02 -0.1222865E+01 -0.2114579E+01
  0.8906250E+01 -0.3915738E+02 -0.2078330E+00  0.8358345E-03  0.5729413E+00  0.3232701E-01 -0.4090334E-01  0.8885638E-03 -0.1368370E-04  0.2357367E-04  0.4151633E+02  0.2717218E+01 -0.2114932E+01
  0.8923611E+01 -0.4001129E+02 -0.2051126E+00  0.1380998E-02  0.5514954E+00  0.3180682E-01 -0.4088897E-01  0.8920157E-03 -0.1187856E-03  0.3425306E-04  0.4151295E+02  0.1841145E+01 -0.2115206E+01
  0.8940972E+01 -0.4393866E+02 -0.2004876E+00  0.2011238E-02  0.5160509E+00  0.2831481E-01 -0.4086184E-01  0.8947265E-03 -0.1672647E-03  0.5852242E-04  0.4150917E+02 -0.2123680E+01 -0.2115591E+01
  0.8958333E+01 -0.4392963E+02 -0.1957479E+00  0.2564438E-02  0.5039859E+00  0.2586934E-01 -0.4081800E-01  0.8961739E-03 -0.8494950E-04  0.4935927E-04  0.4150497E+02 -0.2127951E+01 -0.2116213E+01
  0.8975694E+01 -0.4392956E+02 -0.1924316E+00  0.3043268E-02  0.5373323E+00  0.2702129E-01 -0.4076725E-01  0.8954575E-03  0.2638321E-04  0.1338151E-04  0.4150118E+02 -0.2093245E+01 -0.2117372E+01
  0.8993056E+01 -0.4393495E+02 -0.1913603E+00  0.3527457E-02  0.5641529E+00  0.2870812E-01 -0.4072304E-01  0.8942279E-03  0.6363918E-04 -0.1601875E-04  0.4149851E+02 -0.2071191E+01 -0.2119391E+01
  0.9010417E+01 -0.4394253E+02 -0.1926288E+00  0.4004734E-02  0.5725925E+00  0.3221069E-01 -0.4066815E-01  0.8940952E-03  0.8117234E-04 -0.3110717E-04  0.4149537E+02 -0.2070699E+01 -0.2120028E+01
  0.9027778E+01 -0.4394604E+02 -0.1953235E+00  0.4415092E-02  0.5757237E+00  0.3713986E-01 -0.4062714E-01  0.8952549E-03  0.4894846E-04 -0.1394964E-04  0.4149247E+02 -0.2071312E+01 -0.2120527E+01
  0.9045139E+01 -0.4394419E+02 -0.1975696E+00  0.4819390E-02  0.5624017E+00  0.3803068E-01 -0.4060438E-01  0.8972995E-03  0.9526461E-05  0.2890265E-04  0.4148944E+02 -0.2086738E+01 -0.2120901E+01
  0.9062500E+01 -0.4393986E+02 -0.1976685E+00  0.5350007E-02  0.5477058E+00  0.3497906E-01 -0.4059334E-01  0.8999724E-03 -0.1474790E-04  0.4404402E-04  0.4148611E+02 -0.2103052E+01 -0.2121214E+01
