  0.2470486E+02 -0.1842199E-01  0.2055873E+00 -0.2650323E-01 -0.1281532E+00  0.1218895E+00  0.1894131E+01 -0.6524894E-03 -0.1211288E-04  0.1511903E+01 -0.5299924E-01  0.3506769E+01
  0.2472222E+02 -0.1843594E-01  0.2056488E+00 -0.2651946E-01 -0.1281523E+00  0.1153982E+00  0.2175445E+01 -0.5911444E-03 -0.3086220E-04  0.1511065E+01 -0.8495732E-01  0.3748870E+01
  0.2473958E+02 -0.1844610E-01  0.2057125E+00 -0.2653533E-01 -0.1281852E+00  0.1113731E+00  0.2415879E+01 -0.3884733E-03 -0.3692947E-04  0.1504227E+01 -0.1134980E+00  0.3950102E+01
  0.2475694E+02 -0.1845131E-01  0.2057750E+00 -0.2655055E-01 -0.1281965E+00  0.1116163E+00  0.2555554E+01 -0.1395516E-03 -0.3537084E-04  0.1496464E+01 -0.9179801E-01  0.4104238E+01
  0.2477431E+02 -0.1845019E-01  0.2058353E+00 -0.2656532E-01 -0.1281280E+00  0.1147172E+00  0.2595336E+01 -0.1254991E-04 -0.1660312E-04  0.1492062E+01 -0.4855749E-01  0.4186220E+01
  0.2479167E+02 -0.1844529E-01  0.2058936E+00 -0.2658107E-01 -0.1279806E+00  0.1154094E+00  0.2499406E+01  0.4203425E-03  0.1114285E-04  0.1491205E+01 -0.3694149E-01  0.4102397E+01
  0.2480903E+02 -0.1844453E-01  0.2059512E+00 -0.2659793E-01 -0.1277632E+00  0.1091208E+00  0.2253312E+01  0.7057251E-03  0.2848407E-04  0.1492482E+01 -0.6160612E-01  0.3827189E+01
  0.2482639E+02 -0.1844932E-01  0.2060108E+00 -0.2661508E-01 -0.1275466E+00  0.9849260E-01  0.1927062E+01  0.7744584E-03  0.3200083E-04  0.1494881E+01 -0.7789738E-01  0.3476745E+01
  0.2484375E+02 -0.1845595E-01  0.2060729E+00 -0.2663171E-01 -0.1273716E+00  0.9316824E-01  0.1664882E+01  0.3189483E-03  0.2011851E-04  0.1499197E+01 -0.7503151E-01  0.3216169E+01
  0.2486111E+02 -0.1845899E-01  0.2061345E+00 -0.2664780E-01 -0.1272082E+00  0.9980442E-01  0.1651001E+01 -0.3947081E-03  0.1161859E-04  0.1505423E+01 -0.6962758E-01  0.3220037E+01
  0.2487847E+02 -0.1845789E-01  0.2061923E+00 -0.2666391E-01 -0.1270914E+00  0.1149351E+00  0.1946161E+01 -0.1026455E-02 -0.6012707E-05  0.1509898E+01 -0.7023817E-01  0.3533704E+01
  0.2489583E+02 -0.1845675E-01  0.2062475E+00 -0.2668036E-01 -0.1270335E+00  0.1300490E+00  0.2331100E+01 -0.7191666E-03 -0.1971672E-04  0.1509023E+01 -0.9560471E-01  0.3907905E+01
  0.2491319E+02 -0.1845928E-01  0.2063019E+00 -0.2669713E-01 -0.1269798E+00  0.1399082E+00  0.2531588E+01 -0.1808504E-03 -0.6360600E-05  0.1502001E+01 -0.1249085E+00  0.4082567E+01
  0.2493056E+02 -0.1846208E-01  0.2063557E+00 -0.2671429E-01 -0.1268684E+00  0.1438955E+00  0.2509445E+01  0.2802264E-03  0.6411391E-05  0.1493087E+01 -0.1087101E+00  0.4072315E+01
  0.2494792E+02 -0.1846135E-01  0.2064096E+00 -0.2673176E-01 -0.1267150E+00  0.1425876E+00  0.2442397E+01  0.6850540E-04  0.1345639E-04  0.1487437E+01 -0.5173092E-01  0.4055274E+01
  0.2496528E+02 -0.1845842E-01  0.2064651E+00 -0.2674949E-01 -0.1265567E+00  0.1365355E+00  0.2507327E+01 -0.2582196E-03  0.1839092E-04  0.1486001E+01  0.3075524E-02  0.4167400E+01
  0.2498264E+02 -0.1845379E-01  0.2065217E+00 -0.2676741E-01 -0.1264404E+00  0.1280945E+00  0.2554247E+01  0.1020321E-03  0.2384571E-04  0.1487904E+01  0.2979278E-01  0.4235025E+01
  0.2500000E+02 -0.1844865E-01  0.2065777E+00 -0.2678474E-01 -0.1285989E+00  0.1214750E+00  0.3172935E+01 -0.3629220E-02  0.3149617E-04  0.1492037E+01  0.3849931E-01  0.4854095E+01
