  0.1157986E+02 -0.4368223E+02 -0.1678964E+00  0.6756001E-01  0.5908128E+00  0.5897587E-01 -0.3649474E-01  0.1104251E-02 -0.3610137E-04 -0.8478814E-04  0.4103684E+02 -0.2131448E+01 -0.2179989E+01
  0.1159722E+02 -0.4367801E+02 -0.1672843E+00  0.6805524E-01  0.5350751E+00  0.6230479E-01 -0.3647624E-01  0.1108485E-02 -0.8279006E-04  0.2755204E-04  0.4103426E+02 -0.2181028E+01 -0.2180239E+01
  0.1161458E+02 -0.4366664E+02 -0.1667125E+00  0.6883286E-01  0.4890626E+00  0.5595488E-01 -0.3644641E-01  0.1111315E-02 -0.7526902E-04  0.9944411E-04  0.4103096E+02 -0.2223851E+01 -0.2180641E+01
  0.1163194E+02 -0.4365628E+02 -0.1672056E+00  0.6963522E-01  0.4777471E+00  0.4666755E-01 -0.3641162E-01  0.1111860E-02  0.2961436E-04  0.8866304E-04  0.4102724E+02 -0.2237382E+01 -0.2181125E+01
  0.1164931E+02 -0.4365316E+02 -0.1686786E+00  0.7026236E-01  0.5047122E+00  0.4209221E-01 -0.3638215E-01  0.1110401E-02  0.8366361E-04  0.6608842E-04  0.4102364E+02 -0.2216259E+01 -0.2181537E+01
  0.1166667E+02 -0.4365254E+02 -0.1700556E+00  0.7072965E-01  0.5423853E+00  0.4138898E-01 -0.3636140E-01  0.1108609E-02  0.2360275E-04  0.6119281E-04  0.4102050E+02 -0.2182761E+01 -0.2181824E+01
  0.1168403E+02 -0.4365054E+02 -0.1705542E+00  0.7112226E-01  0.5725032E+00  0.3953766E-01 -0.3634390E-01  0.1107749E-02  0.1904071E-04  0.2379874E-04  0.4101776E+02 -0.2155362E+01 -0.2182108E+01
  0.1170139E+02 -0.4364603E+02 -0.1703475E+00  0.7141043E-01  0.5905151E+00  0.3604000E-01 -0.3632422E-01  0.1108081E-02 -0.1024471E-04 -0.2970914E-04  0.4101533E+02 -0.2138339E+01 -0.2182442E+01
  0.1171875E+02 -0.4363832E+02 -0.1698979E+00  0.7156205E-01  0.5841724E+00  0.3350881E-01 -0.3630151E-01  0.1109550E-02 -0.7504701E-04 -0.6620488E-04  0.4101302E+02 -0.2141293E+01 -0.2182774E+01
  0.1173611E+02 -0.4363789E+02 -0.1695379E+00  0.7165689E-01  0.5680374E+00  0.3672014E-01 -0.3627487E-01  0.1111468E-02 -0.6213368E-05 -0.8144398E-04  0.4101048E+02 -0.2155784E+01 -0.2183144E+01
  0.1175347E+02 -0.4364775E+02 -0.1696725E+00  0.7179738E-01  0.5654278E+00  0.4604967E-01 -0.3624260E-01  0.1113320E-02  0.7389624E-04 -0.6336618E-04  0.4100779E+02 -0.2161482E+01 -0.2183571E+01
  0.1177083E+02 -0.4365597E+02 -0.1707358E+00  0.7203424E-01  0.5567442E+00  0.5390629E-01 -0.3620670E-01  0.1115403E-02  0.4821523E-05  0.2878821E-05  0.4100504E+02 -0.2174065E+01 -0.2184018E+01
  0.1178819E+02 -0.4365652E+02 -0.1728489E+00  0.7237759E-01  0.5341638E+00  0.5821342E-01 -0.3617474E-01  0.1118387E-02  0.7833909E-05  0.5228235E-04  0.4100199E+02 -0.2197627E+01 -0.2184463E+01
  0.1180556E+02 -0.4365889E+02 -0.1753019E+00  0.7292906E-01  0.5238389E+00  0.6106630E-01 -0.3615358E-01  0.1121438E-02  0.9907164E-04  0.6037108E-04  0.4099860E+02 -0.2212630E+01 -0.2184875E+01
  0.1182292E+02 -0.4365992E+02 -0.1770385E+00  0.7369255E-01  0.5327271E+00  0.6012498E-01 -0.3614126E-01  0.1123339E-02  0.7959053E-04  0.6509495E-04  0.4099518E+02 -0.2210105E+01 -0.2185197E+01
  0.1184028E+02 -0.4365143E+02 -0.1775816E+00  0.7446228E-01  0.5435448E+00  0.5225589E-01 -0.3613001E-01  0.1124015E-02 -0.2593229E-05  0.8198215E-04  0.4099195E+02 -0.2201721E+01 -0.2185392E+01
  0.1185764E+02 -0.4363942E+02 -0.1771543E+00  0.7507622E-01  0.5519618E+00  0.4253205E-01 -0.3611384E-01  0.1123174E-02 -0.5933432E-04  0.7444544E-04  0.4098886E+02 -0.2193121E+01 -0.2185555E+01
  0.1187500E+02 -0.4363313E+02 -0.1764377E+00  0.7553850E-01  0.5632029E+00  0.3884905E-01 -0.3608974E-01  0.1121787E-02 -0.9047472E-05 -0.2221972E-04  0.4098589E+02 -0.2181091E+01 -0.2185760E+01
