  0.2876736E+02 -0.1788106E-01  0.2231768E+00 -0.2977055E-01 -0.1038333E+00  0.4156067E-01  0.3155712E+01  0.4598284E-02  0.2557617E-05  0.1324963E+01 -0.1345765E+00  0.4463951E+01
  0.2878472E+02 -0.1787372E-01  0.2232495E+00 -0.2978061E-01 -0.1037462E+00  0.3598325E-01  0.2182448E+01  0.3433192E-03  0.1124601E-04  0.1323937E+01 -0.1718454E+00  0.3442727E+01
  0.2880208E+02 -0.1786956E-01  0.2233206E+00 -0.2978991E-01 -0.1036851E+00  0.3747583E-01  0.2088382E+01 -0.9765488E-04  0.9523851E-05  0.1321184E+01 -0.1109359E+00  0.3407994E+01
  0.2881944E+02 -0.1786999E-01  0.2233902E+00 -0.2979900E-01 -0.1036447E+00  0.4570571E-01  0.2191190E+01 -0.5872985E-03  0.4114986E-05  0.1320641E+01 -0.3346509E-01  0.3595565E+01
  0.2883681E+02 -0.1787587E-01  0.2234593E+00 -0.2980827E-01 -0.1036015E+00  0.5945678E-01  0.2452704E+01 -0.7467591E-03 -0.2319080E-05  0.1322344E+01  0.3214816E-01  0.3938078E+01
  0.2885417E+02 -0.1788397E-01  0.2235290E+00 -0.2981787E-01 -0.1035694E+00  0.6770131E-01  0.2754073E+01 -0.6002508E-03 -0.3042266E-05  0.1323097E+01  0.9213550E-01  0.4308662E+01
  0.2887153E+02 -0.1788832E-01  0.2236005E+00 -0.2982773E-01 -0.1035518E+00  0.6798542E-01  0.3092006E+01 -0.7288706E-03  0.6211562E-05  0.1320890E+01  0.1352851E+00  0.4687776E+01
  0.2888889E+02 -0.1788816E-01  0.2236735E+00 -0.2983880E-01 -0.1034862E+00  0.6044752E-01  0.3400391E+01 -0.4094262E-03  0.1653101E-04  0.1319203E+01  0.1343248E+00  0.4986435E+01
  0.2890625E+02 -0.1788587E-01  0.2237464E+00 -0.2985167E-01 -0.1033624E+00  0.5385032E-01  0.3560562E+01 -0.1462586E-03  0.1309281E-04  0.1322281E+01  0.9108787E-01  0.5100295E+01
  0.2892361E+02 -0.1788163E-01  0.2238181E+00 -0.2986558E-01 -0.1032428E+00  0.5167669E-01  0.3568798E+01  0.1362527E-03  0.5248819E-05  0.1328977E+01  0.4215322E-01  0.5064574E+01
  0.2894097E+02 -0.1787236E-01  0.2238904E+00 -0.2987919E-01 -0.1031582E+00  0.5477886E-01  0.3360514E+01  0.7243952E-03  0.4664060E-05  0.1335092E+01  0.5149783E-02  0.4829245E+01
  0.2895833E+02 -0.1786255E-01  0.2239630E+00 -0.2989138E-01 -0.1030903E+00  0.5898346E-01  0.2925333E+01  0.1109530E-02 -0.3499876E-05  0.1337403E+01 -0.2730586E-01  0.4368639E+01
  0.2897569E+02 -0.1785457E-01  0.2240363E+00 -0.2990130E-01 -0.1030052E+00  0.6239690E-01  0.2500184E+01  0.6446899E-03 -0.1685787E-04  0.1335024E+01 -0.4883628E-01  0.3922671E+01
  0.2899306E+02 -0.1784993E-01  0.2241088E+00 -0.2990990E-01 -0.1028616E+00  0.6139448E-01  0.2303230E+01  0.8665547E-04 -0.1794549E-04  0.1330124E+01 -0.5541589E-01  0.3712889E+01
  0.2901042E+02 -0.1784622E-01  0.2241809E+00 -0.2991874E-01 -0.1027170E+00  0.5965168E-01  0.2307828E+01 -0.1645520E-03 -0.8882503E-05  0.1325230E+01 -0.5957072E-01  0.3706664E+01
  0.2902778E+02 -0.1784524E-01  0.2242527E+00 -0.2992810E-01 -0.1025817E+00  0.5285171E-01  0.2425219E+01 -0.2962996E-03  0.6659440E-05  0.1322676E+01 -0.6940637E-01  0.3804949E+01
  0.2904514E+02 -0.1784291E-01  0.2243258E+00 -0.2993834E-01 -0.1024554E+00  0.4512078E-01  0.2551391E+01 -0.1524181E-03  0.1510831E-04  0.1321407E+01 -0.7529742E-01  0.3916574E+01
  0.2906250E+02 -0.1783687E-01  0.2243990E+00 -0.2994981E-01 -0.1042581E+00  0.3550748E-01  0.2683205E+01 -0.3766980E-03  0.1120423E-04  0.1321533E+01 -0.5371702E-01  0.4058518E+01
