  0.2251736E+02 -0.1869877E-01  0.2028133E+00 -0.2421873E-01 -0.1431576E+00  0.1470705E+00  0.2806928E+01  0.2785759E-05 -0.1136736E-04  0.1513548E+01 -0.7094467E-01  0.4413332E+01
  0.2253472E+02 -0.1868864E-01  0.2028105E+00 -0.2423910E-01 -0.1431500E+00  0.1566742E+00  0.2791911E+01  0.1419316E-05 -0.1328334E-04  0.1510223E+01 -0.8206862E-01  0.4393460E+01
  0.2255208E+02 -0.1868273E-01  0.2028116E+00 -0.2426073E-01 -0.1431265E+00  0.1676116E+00  0.2644601E+01  0.4761279E-03 -0.2036343E-04  0.1507978E+01 -0.8570653E-01  0.4251681E+01
  0.2256944E+02 -0.1868288E-01  0.2028147E+00 -0.2428197E-01 -0.1430842E+00  0.1732806E+00  0.2281582E+01  0.1019566E-02 -0.1181370E-04  0.1507090E+01 -0.8299256E-01  0.3896733E+01
  0.2258681E+02 -0.1868759E-01  0.2028165E+00 -0.2430102E-01 -0.1430123E+00  0.1694954E+00  0.1920253E+01  0.6618074E-03  0.1799156E-05  0.1507816E+01 -0.7567166E-01  0.3539371E+01
  0.2260417E+02 -0.1869179E-01  0.2028164E+00 -0.2431791E-01 -0.1428904E+00  0.1570176E+00  0.1855569E+01 -0.1052818E-03  0.1300798E-04  0.1509780E+01 -0.7640916E-01  0.3462782E+01
  0.2262153E+02 -0.1869154E-01  0.2028163E+00 -0.2433370E-01 -0.1427334E+00  0.1402661E+00  0.2024164E+01 -0.3249862E-03  0.1646828E-04  0.1511260E+01 -0.9585605E-01  0.3596584E+01
  0.2263889E+02 -0.1868393E-01  0.2028203E+00 -0.2434911E-01 -0.1425854E+00  0.1256929E+00  0.2225585E+01 -0.3854574E-03 -0.4125411E-06  0.1511700E+01 -0.1300695E+00  0.3749725E+01
  0.2265625E+02 -0.1867156E-01  0.2028292E+00 -0.2436539E-01 -0.1424049E+00  0.1188495E+00  0.2367875E+01 -0.2847624E-03 -0.7693510E-05  0.1511707E+01 -0.1547426E+00  0.3860783E+01
  0.2267361E+02 -0.1865802E-01  0.2028410E+00 -0.2438407E-01 -0.1422328E+00  0.1201873E+00  0.2441998E+01 -0.1503300E-03 -0.6872209E-05  0.1510191E+01 -0.1514695E+00  0.3938316E+01
  0.2269097E+02 -0.1864495E-01  0.2028522E+00 -0.2440413E-01 -0.1421098E+00  0.1253092E+00  0.2406446E+01  0.2670552E-03 -0.1139755E-04  0.1506451E+01 -0.1327621E+00  0.3923394E+01
  0.2270833E+02 -0.1863413E-01  0.2028597E+00 -0.2442372E-01 -0.1420761E+00  0.1294195E+00  0.2163716E+01  0.7702889E-03 -0.1103662E-04  0.1501156E+01 -0.1048744E+00  0.3707902E+01
  0.2272569E+02 -0.1863007E-01  0.2028639E+00 -0.2444113E-01 -0.1420503E+00  0.1298344E+00  0.1844426E+01  0.6220119E-03 -0.9963463E-05  0.1495254E+01 -0.5361688E-01  0.3434251E+01
  0.2274306E+02 -0.1863083E-01  0.2028666E+00 -0.2445656E-01 -0.1419992E+00  0.1255581E+00  0.1610572E+01  0.5208292E-03 -0.8761822E-05  0.1492108E+01 -0.1075296E-01  0.3235777E+01
  0.2276042E+02 -0.1862934E-01  0.2028679E+00 -0.2447064E-01 -0.1419198E+00  0.1166225E+00  0.1512610E+01  0.1304740E-03 -0.1706259E-05  0.1493071E+01 -0.1145932E-01  0.3128822E+01
  0.2277778E+02 -0.1862626E-01  0.2028665E+00 -0.2448467E-01 -0.1417879E+00  0.1050992E+00  0.1605964E+01 -0.3762017E-03  0.4177956E-05  0.1494649E+01 -0.5059732E-01  0.3172711E+01
  0.2279514E+02 -0.1862355E-01  0.2028618E+00 -0.2450032E-01 -0.1415821E+00  0.9644111E-01  0.1908405E+01 -0.9342011E-03  0.3238279E-05  0.1494992E+01 -0.1094907E+00  0.3407573E+01
  0.2281250E+02 -0.1861852E-01  0.2028539E+00 -0.2451889E-01 -0.1434947E+00  0.9820782E-01  0.2308908E+01 -0.9267940E-03  0.3961482E-05  0.1495164E+01 -0.1563930E+00  0.3761186E+01
