  0.1282986E+02 -0.2204694E-01  0.2283906E+00 -0.1315005E-01 -0.2012929E+00 -0.7771545E-01  0.3294899E+01 -0.1905439E-03 -0.9425867E-06  0.9742048E+00  0.1099166E+00  0.4293014E+01
  0.1284722E+02 -0.2203024E-01  0.2283618E+00 -0.1316657E-01 -0.2012693E+00 -0.7962682E-01  0.3330266E+01  0.1010223E-03  0.7039634E-05  0.9742408E+00  0.9424517E-01  0.4311129E+01
  0.1286458E+02 -0.2201729E-01  0.2283309E+00 -0.1318302E-01 -0.2012417E+00 -0.8137341E-01  0.3302388E+01  0.1855802E-03  0.3087443E-05  0.9746310E+00  0.7528103E-01  0.4263004E+01
  0.1288194E+02 -0.2201027E-01  0.2283020E+00 -0.1319947E-01 -0.2012251E+00 -0.8211127E-01  0.3218591E+01  0.4108334E-03  0.1042282E-04  0.9753764E+00  0.5084025E-01  0.4154985E+01
  0.1289931E+02 -0.2200284E-01  0.2282761E+00 -0.1321502E-01 -0.2012308E+00 -0.8196572E-01  0.3016180E+01  0.7657226E-03  0.1864541E-04  0.9760157E+00  0.2616394E-01  0.3929006E+01
  0.1291667E+02 -0.2199072E-01  0.2282523E+00 -0.1322856E-01 -0.2012497E+00 -0.8110204E-01  0.2728024E+01  0.7793170E-03  0.1163018E-04  0.9769175E+00  0.1523229E-01  0.3631646E+01
  0.1293403E+02 -0.2197428E-01  0.2282282E+00 -0.1323978E-01 -0.2012763E+00 -0.7932563E-01  0.2523600E+01  0.2674791E-03 -0.1135766E-04  0.9779372E+00  0.3765375E-01  0.3451859E+01
  0.1295139E+02 -0.2195833E-01  0.2282010E+00 -0.1324977E-01 -0.2012908E+00 -0.7704564E-01  0.2477314E+01 -0.6716362E-04 -0.2740119E-04  0.9781784E+00  0.8211084E-01  0.3452165E+01
  0.1296875E+02 -0.2194622E-01  0.2281697E+00 -0.1325947E-01 -0.2012841E+00 -0.7553335E-01  0.2488118E+01 -0.2464633E-04 -0.1710794E-04  0.9773627E+00  0.1178294E+00  0.3499415E+01
  0.1298611E+02 -0.2193824E-01  0.2281355E+00 -0.1326910E-01 -0.2012614E+00 -0.7551255E-01  0.2459797E+01  0.1182995E-03  0.9851863E-05  0.9758989E+00  0.1281926E+00  0.3480171E+01
  0.1300347E+02 -0.2193458E-01  0.2281000E+00 -0.1327927E-01 -0.2012228E+00 -0.7658827E-01  0.2449085E+01 -0.1675546E-03  0.2494176E-04  0.9748698E+00  0.1462233E+00  0.3485111E+01
  0.1302083E+02 -0.2193380E-01  0.2280650E+00 -0.1329128E-01 -0.2011774E+00 -0.7815172E-01  0.2610261E+01 -0.7313699E-03  0.2011053E-04  0.9753671E+00  0.1806100E+00  0.3679038E+01
  0.1303819E+02 -0.2193835E-01  0.2280315E+00 -0.1330587E-01 -0.2011253E+00 -0.8007951E-01  0.2908010E+01 -0.7148288E-03  0.9542695E-05  0.9781507E+00  0.1773663E+00  0.3974404E+01
  0.1305556E+02 -0.2194251E-01  0.2279999E+00 -0.1332203E-01 -0.2010721E+00 -0.8202597E-01  0.3164325E+01 -0.4550994E-03 -0.2038458E-06  0.9814549E+00  0.1406017E+00  0.4195564E+01
  0.1307292E+02 -0.2194083E-01  0.2279687E+00 -0.1333883E-01 -0.2010279E+00 -0.8319720E-01  0.3306026E+01 -0.2060792E-03 -0.1513967E-04  0.9836012E+00  0.1138632E+00  0.4311733E+01
  0.1309028E+02 -0.2192985E-01  0.2279352E+00 -0.1335571E-01 -0.2009878E+00 -0.8293823E-01  0.3389790E+01 -0.2188256E-03 -0.2714909E-04  0.9855837E+00  0.1021274E+00  0.4385978E+01
  0.1310764E+02 -0.2191600E-01  0.2278976E+00 -0.1337315E-01 -0.2009376E+00 -0.8100510E-01  0.3517741E+01 -0.4527150E-03 -0.2508796E-04  0.9884484E+00  0.1109117E+00  0.4527289E+01
  0.1312500E+02 -0.2190264E-01  0.2278567E+00 -0.1339101E-01 -0.2013303E+00 -0.7800624E-01  0.3943856E+01 -0.2691621E-02 -0.2423284E-04  0.9915678E+00  0.1734084E+00  0.5019343E+01
