  0.1892361E+01 -0.4561496E+02 -0.2699972E+00 -0.2375486E+00  0.2856272E+00 -0.1179267E+00 -0.6539473E-01 -0.2484499E-03  0.7581511E-04  0.4523105E-04  0.4329954E+02 -0.2720787E+01 -0.1709078E+01
  0.1909722E+01 -0.4460119E+02 -0.2721153E+00 -0.2371684E+00  0.2993504E+00 -0.1203831E+00 -0.6531108E-01 -0.2423090E-03  0.1167411E-04  0.4412356E-04  0.4329297E+02 -0.1704036E+01 -0.1712074E+01
  0.1927083E+01 -0.4459924E+02 -0.2708524E+00 -0.2368924E+00  0.3021596E+00 -0.1224082E+00 -0.6522409E-01 -0.2358965E-03 -0.4230081E-04  0.5352429E-04  0.4328648E+02 -0.1706199E+01 -0.1714996E+01
  0.1944444E+01 -0.4459981E+02 -0.2675470E+00 -0.2367450E+00  0.2997219E+00 -0.1213428E+00 -0.6512500E-01 -0.2295143E-03 -0.6654576E-04  0.5904684E-04  0.4328004E+02 -0.1711041E+01 -0.1717879E+01
  0.1961806E+01 -0.4460189E+02 -0.2638352E+00 -0.2366633E+00  0.2953928E+00 -0.1186060E+00 -0.6501675E-01 -0.2231647E-03 -0.6795437E-04  0.6216332E-04  0.4327363E+02 -0.1717213E+01 -0.1720755E+01
  0.1979167E+01 -0.4460578E+02 -0.2606327E+00 -0.2364938E+00  0.2935010E+00 -0.1151283E+00 -0.6490564E-01 -0.2168759E-03 -0.5082987E-04  0.6006331E-04  0.4326725E+02 -0.1722402E+01 -0.1723607E+01
  0.1996528E+01 -0.4461327E+02 -0.2582576E+00 -0.2361336E+00  0.2957351E+00 -0.1100590E+00 -0.6479344E-01 -0.2107072E-03 -0.3119991E-04  0.4828754E-04  0.4326094E+02 -0.1726032E+01 -0.1726402E+01
  0.2013889E+01 -0.4462208E+02 -0.2570002E+00 -0.2356520E+00  0.3010282E+00 -0.1042602E+00 -0.6467830E-01 -0.2046004E-03 -0.1397091E-05  0.3947145E-04  0.4325470E+02 -0.1728110E+01 -0.1729133E+01
  0.2031250E+01 -0.4462758E+02 -0.2571945E+00 -0.2351965E+00  0.3069600E+00 -0.1005938E+00 -0.6456102E-01 -0.1981736E-03  0.1440790E-04  0.4458950E-04  0.4324851E+02 -0.1729786E+01 -0.1731810E+01
  0.2048611E+01 -0.4462685E+02 -0.2588152E+00 -0.2348368E+00  0.3108227E+00 -0.1015124E+00 -0.6444614E-01 -0.1915357E-03  0.2108582E-04  0.5670578E-04  0.4324231E+02 -0.1733436E+01 -0.1734449E+01
  0.2065972E+01 -0.4462066E+02 -0.2612791E+00 -0.2345716E+00  0.3156031E+00 -0.1062826E+00 -0.6433864E-01 -0.1850432E-03  0.4535767E-04  0.5792809E-04  0.4323603E+02 -0.1735582E+01 -0.1737069E+01
  0.2083333E+01 -0.4461340E+02 -0.2636155E+00 -0.2344005E+00  0.3215772E+00 -0.1115104E+00 -0.6424136E-01 -0.1786624E-03  0.3070185E-04  0.5587034E-04  0.4322977E+02 -0.1735910E+01 -0.1739668E+01
  0.2100694E+01 -0.4460901E+02 -0.2647932E+00 -0.2342595E+00  0.3260270E+00 -0.1138276E+00 -0.6415263E-01 -0.1724078E-03  0.1014203E-04  0.5186994E-04  0.4322356E+02 -0.1736563E+01 -0.1742232E+01
  0.2118056E+01 -0.4461004E+02 -0.2643215E+00 -0.2340039E+00  0.3290341E+00 -0.1117310E+00 -0.6406420E-01 -0.1662334E-03 -0.1105807E-04  0.5128077E-04  0.4321741E+02 -0.1737847E+01 -0.1744764E+01
  0.2135417E+01 -0.4461530E+02 -0.2629226E+00 -0.2335881E+00  0.3311566E+00 -0.1061084E+00 -0.6396543E-01 -0.1602373E-03 -0.2596118E-04  0.5871364E-04  0.4321132E+02 -0.1739539E+01 -0.1747268E+01
  0.2152778E+01 -0.4462108E+02 -0.2622610E+00 -0.2331535E+00  0.3351122E+00 -0.9960083E-01 -0.6385343E-01 -0.1543080E-03  0.8449054E-05  0.5683937E-04  0.4320527E+02 -0.1739655E+01 -0.1749733E+01
  0.2170139E+01 -0.4462288E+02 -0.2636608E+00 -0.2328474E+00  0.3415981E+00 -0.9552334E-01 -0.6373666E-01 -0.1481388E-03  0.4205999E-04  0.5302416E-04  0.4319931E+02 -0.1737797E+01 -0.1752146E+01
  0.2187500E+01 -0.4461858E+02 -0.2670681E+00 -0.2326852E+00  0.3487261E+00 -0.9600866E-01 -0.6362820E-01 -0.1417358E-03  0.6827897E-04  0.5549658E-04  0.4319341E+02 -0.1735854E+01 -0.1754529E+01
