  0.3454861E+01 -0.2703984E-01  0.1665456E+00 -0.4354630E-02 -0.1871250E+00 -0.2429284E-01  0.3462409E+01 -0.5133255E-03  0.1122126E-04  0.4492153E+00  0.2473864E+00  0.4082242E+01
  0.3472222E+01 -0.2705091E-01  0.1667810E+00 -0.4371144E-02 -0.1872140E+00 -0.2394639E-01  0.3585774E+01 -0.3621961E-03  0.6787207E-05  0.4513279E+00  0.2450556E+00  0.4206001E+01
  0.3489583E+01 -0.2706149E-01  0.1670157E+00 -0.4388364E-02 -0.1873028E+00 -0.2356440E-01  0.3687314E+01 -0.3117287E-03 -0.5252747E-05  0.4537865E+00  0.2409562E+00  0.4306438E+01
  0.3506944E+01 -0.2707145E-01  0.1672507E+00 -0.4406403E-02 -0.1873921E+00 -0.2334502E-01  0.3718596E+01  0.1484515E-03  0.5658602E-05  0.4563628E+00  0.2336636E+00  0.4333812E+01
  0.3524306E+01 -0.2708187E-01  0.1674869E+00 -0.4424575E-02 -0.1874804E+00 -0.2337870E-01  0.3583369E+01  0.8303338E-03  0.1634189E-04  0.4588259E+00  0.2223357E+00  0.4190499E+01
  0.3541667E+01 -0.2709030E-01  0.1677246E+00 -0.4441662E-02 -0.1875703E+00 -0.2375475E-01  0.3387732E+01  0.5405787E-03  0.9754340E-05  0.4606863E+00  0.2208881E+00  0.3994725E+01
  0.3559028E+01 -0.2709684E-01  0.1679638E+00 -0.4457791E-02 -0.1876632E+00 -0.2438231E-01  0.3302363E+01  0.5631496E-04 -0.7076050E-06  0.4622749E+00  0.2327827E+00  0.3921840E+01
  0.3576389E+01 -0.2710310E-01  0.1682042E+00 -0.4473619E-02 -0.1877574E+00 -0.2490176E-01  0.3358451E+01 -0.4516152E-03 -0.1370612E-04  0.4642478E+00  0.2457035E+00  0.3991905E+01
  0.3593750E+01 -0.2711008E-01  0.1684454E+00 -0.4489897E-02 -0.1878510E+00 -0.2499811E-01  0.3482697E+01 -0.4541496E-03 -0.2399710E-04  0.4667918E+00  0.2451944E+00  0.4118201E+01
  0.3611111E+01 -0.2711709E-01  0.1686877E+00 -0.4506595E-02 -0.1879453E+00 -0.2466476E-01  0.3540811E+01 -0.6388740E-05 -0.2151635E-04  0.4695372E+00  0.2318012E+00  0.4166575E+01
  0.3628472E+01 -0.2712142E-01  0.1689313E+00 -0.4523183E-02 -0.1880423E+00 -0.2420822E-01  0.3523359E+01  0.1015120E-03  0.6795475E-05  0.4719040E+00  0.2260136E+00  0.4146421E+01
  0.3645833E+01 -0.2712229E-01  0.1691765E+00 -0.4539721E-02 -0.1881427E+00 -0.2397859E-01  0.3495372E+01  0.9976497E-04  0.2493782E-04  0.4736541E+00  0.2339373E+00  0.4128482E+01
  0.3663194E+01 -0.2712088E-01  0.1694226E+00 -0.4556399E-02 -0.1882454E+00 -0.2409894E-01  0.3431309E+01  0.3555665E-03  0.1109848E-04  0.4753519E+00  0.2405021E+00  0.4072930E+01
  0.3680556E+01 -0.2712037E-01  0.1696692E+00 -0.4572748E-02 -0.1883475E+00 -0.2455950E-01  0.3352106E+01  0.2089360E-03 -0.9161499E-05  0.4774261E+00  0.2394119E+00  0.3994213E+01
  0.3697917E+01 -0.2712149E-01  0.1699164E+00 -0.4588798E-02 -0.1884473E+00 -0.2518877E-01  0.3324191E+01  0.1173047E-04 -0.1551393E-04  0.4796733E+00  0.2410305E+00  0.3969461E+01
  0.3715278E+01 -0.2712608E-01  0.1701652E+00 -0.4604768E-02 -0.1885435E+00 -0.2568880E-01  0.3380861E+01 -0.3851245E-03 -0.1088706E-04  0.4814963E+00  0.2463068E+00  0.4032470E+01
  0.3732639E+01 -0.2713308E-01  0.1704150E+00 -0.4621327E-02 -0.1886369E+00 -0.2576568E-01  0.3470594E+01 -0.2453719E-03 -0.5993375E-05  0.4832673E+00  0.2427753E+00  0.4120644E+01
  0.3750000E+01 -0.2714127E-01  0.1706651E+00 -0.4638298E-02 -0.1887389E+00 -0.2542805E-01  0.3625010E+01 -0.1404536E-02  0.9905999E-05  0.4852027E+00  0.2366810E+00  0.4270218E+01
