  0.2282986E+02 -0.1861152E-01  0.2028449E+00 -0.2454029E-01 -0.1412302E+00  0.1133453E+00  0.2593707E+01 -0.5453554E-03  0.5318171E-05  0.1497046E+01 -0.1755910E+00  0.4046430E+01
  0.2284722E+02 -0.1860588E-01  0.2028378E+00 -0.2456355E-01 -0.1411529E+00  0.1350451E+00  0.2743215E+01 -0.4230192E-03  0.5854774E-05  0.1500829E+01 -0.1628824E+00  0.4234305E+01
  0.2286458E+02 -0.1860461E-01  0.2028336E+00 -0.2458706E-01 -0.1410874E+00  0.1514100E+00  0.2766118E+01  0.8215704E-04  0.2880663E-05  0.1504358E+01 -0.1039636E+00  0.4336562E+01
  0.2288194E+02 -0.1860357E-01  0.2028316E+00 -0.2460940E-01 -0.1409921E+00  0.1555431E+00  0.2710692E+01  0.1287184E-03  0.1623892E-05  0.1505930E+01 -0.1441249E-01  0.4376509E+01
  0.2289931E+02 -0.1860046E-01  0.2028308E+00 -0.2463048E-01 -0.1408876E+00  0.1505075E+00  0.2808760E+01 -0.4334588E-03  0.2541621E-05  0.1506641E+01  0.4232976E-01  0.4526519E+01
  0.2291667E+02 -0.1859846E-01  0.2028309E+00 -0.2465131E-01 -0.1407778E+00  0.1455322E+00  0.3057362E+01 -0.5468866E-03  0.1524074E-06  0.1508501E+01  0.3029309E-01  0.4759944E+01
  0.2293403E+02 -0.1859753E-01  0.2028321E+00 -0.2467286E-01 -0.1406141E+00  0.1482351E+00  0.3208704E+01 -0.1668868E-03  0.2035636E-05  0.1511472E+01 -0.1805274E-01  0.4869141E+01
  0.2295139E+02 -0.1859392E-01  0.2028348E+00 -0.2469565E-01 -0.1403953E+00  0.1594457E+00  0.3251240E+01 -0.2232144E-03  0.6667022E-05  0.1514215E+01 -0.6282570E-01  0.4881008E+01
  0.2296875E+02 -0.1858833E-01  0.2028386E+00 -0.2471996E-01 -0.1401919E+00  0.1741071E+00  0.3222902E+01  0.1409705E-03  0.9971282E-05  0.1516021E+01 -0.1067245E+00  0.4825794E+01
  0.2298611E+02 -0.1858489E-01  0.2028425E+00 -0.2474424E-01 -0.1400303E+00  0.1845410E+00  0.2857625E+01  0.1398438E-02  0.9289145E-05  0.1516278E+01 -0.1542265E+00  0.4425108E+01
  0.2300347E+02 -0.1858275E-01  0.2028481E+00 -0.2476646E-01 -0.1399189E+00  0.1843790E+00  0.2104331E+01  0.2022941E-02  0.6327767E-05  0.1514198E+01 -0.1750498E+00  0.3649467E+01
  0.2302083E+02 -0.1857874E-01  0.2028547E+00 -0.2478484E-01 -0.1398136E+00  0.1719805E+00  0.1409703E+01  0.1275857E-02 -0.4920715E-05  0.1510664E+01 -0.1473987E+00  0.2965897E+01
  0.2303819E+02 -0.1857512E-01  0.2028596E+00 -0.2479919E-01 -0.1396672E+00  0.1512682E+00  0.1121692E+01  0.3058299E-03 -0.1681052E-04  0.1508275E+01 -0.9666664E-01  0.2704675E+01
  0.2305556E+02 -0.1857201E-01  0.2028635E+00 -0.2481177E-01 -0.1395294E+00  0.1300790E+00  0.1335935E+01 -0.9629370E-03 -0.1491486E-04  0.1507825E+01 -0.4980017E-01  0.2943010E+01
  0.2307292E+02 -0.1857139E-01  0.2028696E+00 -0.2482538E-01 -0.1394277E+00  0.1155953E+00  0.1957752E+01 -0.1549233E-02 -0.2260359E-05  0.1508633E+01 -0.2770530E-01  0.3572769E+01
  0.2309028E+02 -0.1857202E-01  0.2028799E+00 -0.2484119E-01 -0.1393406E+00  0.1106732E+00  0.2646854E+01 -0.1341520E-02  0.2937963E-05  0.1510487E+01 -0.5985753E-01  0.4226945E+01
  0.2310764E+02 -0.1857134E-01  0.2028940E+00 -0.2485907E-01 -0.1392618E+00  0.1144595E+00  0.3056290E+01 -0.5094403E-03 -0.5803234E-06  0.1513288E+01 -0.1101186E+00  0.4593610E+01
  0.2312500E+02 -0.1856770E-01  0.2029105E+00 -0.2487870E-01 -0.1415853E+00  0.1229444E+00  0.3060714E+01  0.2053857E-03  0.2179395E-05  0.1517878E+01 -0.1121439E+00  0.4607478E+01
