  0.1032986E+02 -0.4366136E+02 -0.1849958E+00  0.3945252E-01  0.5589806E+00  0.3626158E-01 -0.3827245E-01  0.1005551E-02  0.1955462E-04 -0.1285116E-04  0.4125860E+02 -0.1990316E+01 -0.2153461E+01
  0.1034722E+02 -0.4365731E+02 -0.1853312E+00  0.3965271E-01  0.5685912E+00  0.3655353E-01 -0.3823589E-01  0.1008225E-02 -0.2246852E-05 -0.1634070E-05  0.4125537E+02 -0.1979704E+01 -0.2153801E+01
  0.1036458E+02 -0.4365484E+02 -0.1866268E+00  0.3983040E-01  0.5641112E+00  0.3916210E-01 -0.3821289E-01  0.1009901E-02 -0.2192414E-05  0.3086841E-04  0.4125312E+02 -0.1982417E+01 -0.2155520E+01
  0.1038194E+02 -0.4365355E+02 -0.1886447E+00  0.4002954E-01  0.5416702E+00  0.4098078E-01 -0.3818584E-01  0.1012008E-02  0.9249226E-05  0.5969930E-04  0.4125005E+02 -0.2006565E+01 -0.2156380E+01
  0.1039931E+02 -0.4365345E+02 -0.1903192E+00  0.4041453E-01  0.5475151E+00  0.4141760E-01 -0.3816323E-01  0.1014589E-02  0.5187979E-04  0.5080532E-04  0.4124665E+02 -0.2004822E+01 -0.2156824E+01
  0.1041667E+02 -0.4365397E+02 -0.1909274E+00  0.4107070E-01  0.5661797E+00  0.4156024E-01 -0.3814457E-01  0.1016453E-02  0.4330070E-04  0.2835189E-04  0.4124341E+02 -0.1989739E+01 -0.2157228E+01
  0.1043403E+02 -0.4365194E+02 -0.1904810E+00  0.4189087E-01  0.5742713E+00  0.4053766E-01 -0.3812519E-01  0.1016367E-02 -0.2117153E-04  0.1348413E-04  0.4124038E+02 -0.1982460E+01 -0.2157601E+01
  0.1045139E+02 -0.4364806E+02 -0.1892903E+00  0.4269117E-01  0.5704015E+00  0.3685300E-01 -0.3810379E-01  0.1015032E-02 -0.3306855E-04 -0.8778183E-05  0.4123740E+02 -0.1987132E+01 -0.2157980E+01
  0.1046875E+02 -0.4364098E+02 -0.1877116E+00  0.4329289E-01  0.5665247E+00  0.3056669E-01 -0.3808076E-01  0.1014579E-02 -0.3187134E-04 -0.4354321E-05  0.4123438E+02 -0.1991031E+01 -0.2158395E+01
  0.1048611E+02 -0.4363607E+02 -0.1859753E+00  0.4360833E-01  0.5630998E+00  0.2790582E-01 -0.3805792E-01  0.1015844E-02 -0.5778391E-04  0.7436656E-05  0.4123140E+02 -0.1993117E+01 -0.2158854E+01
  0.1050347E+02 -0.4363529E+02 -0.1837888E+00  0.4380583E-01  0.5590302E+00  0.3073517E-01 -0.3803300E-01  0.1017860E-02 -0.4180685E-04  0.3591166E-05  0.4122836E+02 -0.1994202E+01 -0.2159323E+01
  0.1052083E+02 -0.4363345E+02 -0.1815231E+00  0.4401586E-01  0.5588617E+00  0.3342848E-01 -0.3800147E-01  0.1019666E-02 -0.2656841E-04  0.6594020E-05  0.4122526E+02 -0.1990409E+01 -0.2159793E+01
  0.1053819E+02 -0.4363214E+02 -0.1798697E+00  0.4417211E-01  0.5555755E+00  0.3458295E-01 -0.3796333E-01  0.1021179E-02 -0.2246347E-04  0.1165596E-04  0.4122217E+02 -0.1992465E+01 -0.2160272E+01
  0.1055556E+02 -0.4363322E+02 -0.1793799E+00  0.4419039E-01  0.5509393E+00  0.3790505E-01 -0.3792250E-01  0.1022566E-02  0.2299252E-04  0.1472055E-04  0.4121901E+02 -0.1997415E+01 -0.2160694E+01
  0.1057292E+02 -0.4363695E+02 -0.1800084E+00  0.4418685E-01  0.5533130E+00  0.4257534E-01 -0.3788524E-01  0.1024398E-02  0.4674341E-04  0.2385396E-04  0.4121586E+02 -0.1997805E+01 -0.2161042E+01
  0.1059028E+02 -0.4363943E+02 -0.1812907E+00  0.4432615E-01  0.5597222E+00  0.4584607E-01 -0.3785331E-01  0.1026126E-02  0.1207929E-04  0.4121457E-04  0.4121280E+02 -0.1994798E+01 -0.2161428E+01
  0.1060764E+02 -0.4364042E+02 -0.1829861E+00  0.4460929E-01  0.5650611E+00  0.4853382E-01 -0.3782471E-01  0.1026873E-02  0.1645017E-04  0.1941129E-04  0.4120984E+02 -0.1992121E+01 -0.2161895E+01
  0.1062500E+02 -0.8951661E+02 -0.1849219E+00  0.4495790E-01  0.3644341E+01 -0.2351144E+01 -0.3780186E-01  0.1028330E-02  0.6419675E-01 -0.7976341E-03  0.4120694E+02 -0.4712981E+02 -0.2162335E+01
