  0.3767361E+01 -0.4656408E+02 -0.2230320E+00 -0.1787640E+00  0.4427468E+00 -0.6544730E-01 -0.5687746E-01  0.3466660E-03 -0.1689217E-03  0.4724212E-04  0.4272324E+02 -0.3921988E+01 -0.1892175E+01
  0.3784722E+01 -0.4454156E+02 -0.2152762E+00 -0.1779191E+00  0.4500449E+00 -0.6263525E-01 -0.5678518E-01  0.3496448E-03 -0.8911089E-04  0.2179300E-04  0.4271867E+02 -0.1885180E+01 -0.1893151E+01
  0.3802083E+01 -0.4454795E+02 -0.2124060E+00 -0.1773546E+00  0.4507562E+00 -0.5553347E-01 -0.5666349E-01  0.3531807E-03  0.2371080E-04 -0.1483834E-04  0.4271427E+02 -0.1884519E+01 -0.1894169E+01
  0.3819444E+01 -0.4455048E+02 -0.2163551E+00 -0.1770688E+00  0.4499762E+00 -0.4768142E-01 -0.5653936E-01  0.3573569E-03  0.1241839E-03 -0.1834747E-04  0.4270988E+02 -0.1887803E+01 -0.1895151E+01
  0.3836806E+01 -0.4454452E+02 -0.2256272E+00 -0.1769377E+00  0.4518636E+00 -0.4546352E-01 -0.5644415E-01  0.3616595E-03  0.1751594E-03  0.1635307E-04  0.4270528E+02 -0.1891302E+01 -0.1896070E+01
  0.3854167E+01 -0.4453242E+02 -0.2357904E+00 -0.1767298E+00  0.4555984E+00 -0.4971382E-01 -0.5639462E-01  0.3657866E-03  0.1320464E-03  0.4999576E-04  0.4270042E+02 -0.1894481E+01 -0.1896963E+01
  0.3871528E+01 -0.4452178E+02 -0.2419463E+00 -0.1762529E+00  0.4573106E+00 -0.5479982E-01 -0.5638120E-01  0.3693544E-03  0.3545835E-04  0.5821686E-04  0.4269530E+02 -0.1898084E+01 -0.1897873E+01
  0.3888889E+01 -0.4451872E+02 -0.2415699E+00 -0.1755161E+00  0.4631381E+00 -0.5626979E-01 -0.5637471E-01  0.3720500E-03 -0.4331718E-04  0.4046572E-04  0.4269004E+02 -0.1894896E+01 -0.1898807E+01
  0.3906250E+01 -0.4452173E+02 -0.2356632E+00 -0.1746818E+00  0.4765484E+00 -0.5525148E-01 -0.5634674E-01  0.3741180E-03 -0.1145929E-03  0.2492029E-04  0.4268509E+02 -0.1881750E+01 -0.1899875E+01
  0.3923611E+01 -0.4452519E+02 -0.2279019E+00 -0.1739008E+00  0.4762207E+00 -0.5407857E-01 -0.5629135E-01  0.3766886E-03 -0.1390104E-03  0.2930409E-04  0.4268112E+02 -0.1879758E+01 -0.1902040E+01
  0.3940972E+01 -0.4408125E+02 -0.2226176E+00 -0.1732845E+00  0.4688095E+00 -0.5175026E-01 -0.5618939E-01  0.3803168E-03 -0.4248885E-04  0.1488353E-04  0.4267656E+02 -0.1439371E+01 -0.1902964E+01
  0.3958333E+01 -0.4237722E+02 -0.2224774E+00 -0.1728509E+00  0.4691232E+00 -0.4819446E-01 -0.5607527E-01  0.3845465E-03  0.5271805E-04  0.1386379E-05  0.4267213E+02  0.2648771E+00 -0.1903904E+01
  0.3975694E+01 -0.4280939E+02 -0.2273166E+00 -0.1724714E+00  0.4671141E+00 -0.4660460E-01 -0.5597414E-01  0.3886506E-03  0.1004325E-03  0.1734577E-04  0.4266762E+02 -0.1765184E+00 -0.1904857E+01
  0.3993056E+01 -0.4449631E+02 -0.2345643E+00 -0.1719873E+00  0.4667881E+00 -0.4848277E-01 -0.5590194E-01  0.3923564E-03  0.1092506E-03  0.3796132E-04  0.4266285E+02 -0.1877065E+01 -0.1905808E+01
  0.4010417E+01 -0.4448868E+02 -0.2406577E+00 -0.1712910E+00  0.4698505E+00 -0.5172056E-01 -0.5586078E-01  0.3953219E-03  0.6244401E-04  0.3832004E-04  0.4265788E+02 -0.1879989E+01 -0.1906765E+01
  0.4027778E+01 -0.4448623E+02 -0.2425426E+00 -0.1703566E+00  0.4749928E+00 -0.5300380E-01 -0.5584095E-01  0.3974855E-03  0.4164835E-05  0.1086170E-04  0.4265283E+02 -0.1879739E+01 -0.1907756E+01
  0.4045139E+01 -0.4448869E+02 -0.2387791E+00 -0.1692048E+00  0.4789965E+00 -0.5243693E-01 -0.5582456E-01  0.3998472E-03 -0.8668703E-04  0.8390803E-06  0.4264791E+02 -0.1877713E+01 -0.1908728E+01
  0.4062500E+01 -0.4448994E+02 -0.2302768E+00 -0.1679003E+00  0.4731110E+00 -0.5231227E-01 -0.5578955E-01  0.4032636E-03 -0.2010730E-03  0.3449336E-04  0.4264319E+02 -0.1879682E+01 -0.1909630E+01
