  0.4079861E+01 -0.2716979E-01  0.1753841E+00 -0.4960571E-02 -0.1906120E+00 -0.2632064E-01  0.3467707E+01 -0.3344662E-04  0.1145620E-04  0.5156407E+00  0.2360807E+00  0.4145728E+01
  0.4097222E+01 -0.2717315E-01  0.1756320E+00 -0.4977891E-02 -0.1907091E+00 -0.2633236E-01  0.3448561E+01  0.1613061E-03  0.1961443E-04  0.5174599E+00  0.2227032E+00  0.4115344E+01
  0.4114583E+01 -0.2717640E-01  0.1758810E+00 -0.4994846E-02 -0.1908066E+00 -0.2654377E-01  0.3408676E+01  0.1080065E-03  0.1650375E-04  0.5196517E+00  0.2146281E+00  0.4069439E+01
  0.4131944E+01 -0.2717483E-01  0.1761322E+00 -0.5011468E-02 -0.1909073E+00 -0.2675375E-01  0.3343572E+01  0.3219666E-03  0.7672089E-05  0.5218218E+00  0.2054744E+00  0.3997483E+01
  0.4149306E+01 -0.2716500E-01  0.1763857E+00 -0.5027408E-02 -0.1910148E+00 -0.2686726E-01  0.3242121E+01  0.3291919E-03 -0.7097125E-05  0.5237402E+00  0.2010011E+00  0.3893496E+01
  0.4166667E+01 -0.2714979E-01  0.1766403E+00 -0.5042853E-02 -0.1911255E+00 -0.2703128E-01  0.3202897E+01 -0.8885937E-04 -0.1617412E-04  0.5249676E+00  0.2144869E+00  0.3868538E+01
  0.4184028E+01 -0.2713500E-01  0.1768935E+00 -0.5058760E-02 -0.1912338E+00 -0.2740650E-01  0.3241492E+01 -0.1465567E-03 -0.1670773E-05  0.5257925E+00  0.2424460E+00  0.3935641E+01
  0.4201389E+01 -0.2712690E-01  0.1771433E+00 -0.5075361E-02 -0.1913338E+00 -0.2790440E-01  0.3347815E+01 -0.5085828E-03  0.9160069E-05  0.5267075E+00  0.2644703E+00  0.4064196E+01
  0.4218750E+01 -0.2712830E-01  0.1773904E+00 -0.5093069E-02 -0.1914255E+00 -0.2826693E-01  0.3566255E+01 -0.9006374E-03  0.4606364E-05  0.5278577E+00  0.2687343E+00  0.4287428E+01
  0.4236111E+01 -0.2713372E-01  0.1776362E+00 -0.5112262E-02 -0.1915147E+00 -0.2823365E-01  0.3781114E+01 -0.5118695E-03 -0.1902895E-05  0.5299529E+00  0.2633610E+00  0.4499556E+01
  0.4253472E+01 -0.2713795E-01  0.1778816E+00 -0.5132078E-02 -0.1916067E+00 -0.2789886E-01  0.3886450E+01 -0.1869140E-03 -0.2763292E-05  0.5328811E+00  0.2512737E+00  0.4596521E+01
  0.4270833E+01 -0.2713871E-01  0.1781274E+00 -0.5151861E-02 -0.1917022E+00 -0.2757597E-01  0.3859436E+01  0.3801222E-03 -0.7663653E-05  0.5360624E+00  0.2314069E+00  0.4553836E+01
  0.4288194E+01 -0.2713600E-01  0.1783732E+00 -0.5170895E-02 -0.1918019E+00 -0.2753364E-01  0.3688538E+01  0.7786413E-03 -0.1498825E-04  0.5387945E+00  0.2191839E+00  0.4374011E+01
  0.4305556E+01 -0.2713007E-01  0.1786181E+00 -0.5188661E-02 -0.1919045E+00 -0.2780393E-01  0.3520178E+01  0.3505502E-03 -0.8282299E-05  0.5408109E+00  0.2268978E+00  0.4214820E+01
  0.4322917E+01 -0.2712161E-01  0.1788611E+00 -0.5205785E-02 -0.1920065E+00 -0.2805819E-01  0.3443165E+01  0.1538663E-03  0.7339059E-05  0.5424844E+00  0.2458472E+00  0.4158127E+01
  0.4340278E+01 -0.2711227E-01  0.1791019E+00 -0.5222659E-02 -0.1921042E+00 -0.2792416E-01  0.3430508E+01 -0.8114051E-04  0.8259850E-05  0.5436854E+00  0.2589826E+00  0.4159842E+01
  0.4357639E+01 -0.2710565E-01  0.1793410E+00 -0.5239909E-02 -0.1921955E+00 -0.2735813E-01  0.3455771E+01 -0.8580062E-04  0.3239993E-05  0.5444368E+00  0.2539159E+00  0.4181483E+01
  0.4375000E+01 -0.2710329E-01  0.1795807E+00 -0.5257707E-02 -0.1923150E+00 -0.2659154E-01  0.3594781E+01 -0.1393379E-02  0.3089294E-05  0.5454022E+00  0.2326926E+00  0.4299799E+01
