  0.6267361E+01 -0.4763859E+02 -0.2079636E+00 -0.8257755E-01  0.5144780E+00 -0.1107563E-01 -0.4804465E-01  0.6500217E-03 -0.4049858E-04 -0.2540867E-04  0.4208125E+02 -0.5391943E+01 -0.2011687E+01
  0.6284722E+01 -0.4426122E+02 -0.2052651E+00 -0.8218509E-01  0.5314369E+00 -0.6667887E-02 -0.4797699E-01  0.6512676E-03 -0.4245150E-04 -0.2386041E-06  0.4207745E+02 -0.1993825E+01 -0.2012386E+01
  0.6302083E+01 -0.4426215E+02 -0.2038907E+00 -0.8175216E-01  0.5216262E+00 -0.2746564E-02 -0.4791189E-01  0.6534708E-03 -0.3508945E-04  0.2578967E-04  0.4207368E+02 -0.2002506E+01 -0.2013077E+01
  0.6319444E+01 -0.4425952E+02 -0.2032426E+00 -0.8118048E-01  0.5074440E+00 -0.1142609E-02 -0.4785375E-01  0.6563558E-03 -0.1878473E-04  0.5639361E-04  0.4206974E+02 -0.2015054E+01 -0.2013791E+01
  0.6336806E+01 -0.4425159E+02 -0.2026180E+00 -0.8045529E-01  0.4938630E+00 -0.5032186E-02 -0.4780089E-01  0.6583864E-03 -0.5946303E-04  0.8631824E-04  0.4206558E+02 -0.2027375E+01 -0.2014515E+01
  0.6354167E+01 -0.4423939E+02 -0.2016714E+00 -0.7968635E-01  0.4839341E+00 -0.1310740E-01 -0.4774940E-01  0.6588294E-03 -0.7571093E-04  0.7707231E-04  0.4206118E+02 -0.2035828E+01 -0.2015274E+01
  0.6371528E+01 -0.4423051E+02 -0.2003509E+00 -0.7899019E-01  0.4865794E+00 -0.1997238E-01 -0.4769728E-01  0.6583657E-03 -0.4320477E-04  0.4284856E-04  0.4205669E+02 -0.2033592E+01 -0.2016146E+01
  0.6388889E+01 -0.4423090E+02 -0.1987129E+00 -0.7837557E-01  0.5058547E+00 -0.1977784E-01 -0.4764312E-01  0.6580914E-03 -0.7580555E-05 -0.6820845E-05  0.4205242E+02 -0.2016488E+01 -0.2017128E+01
  0.6406250E+01 -0.4423972E+02 -0.1970212E+00 -0.7784901E-01  0.5302890E+00 -0.1250342E-01 -0.4758502E-01  0.6587698E-03  0.2933541E-04 -0.6816073E-04  0.4204859E+02 -0.1995176E+01 -0.2018104E+01
  0.6423611E+01 -0.4424888E+02 -0.1957299E+00 -0.7743833E-01  0.5458176E+00 -0.3522979E-02 -0.4752380E-01  0.6610184E-03  0.4699305E-04 -0.8441009E-04  0.4204515E+02 -0.1981507E+01 -0.2018947E+01
  0.6440972E+01 -0.4425370E+02 -0.1951004E+00 -0.7708432E-01  0.5437549E+00  0.3357811E-02 -0.4746308E-01  0.6645056E-03  0.1756814E-04 -0.3292598E-04  0.4204192E+02 -0.1983662E+01 -0.2019608E+01
  0.6458333E+01 -0.4425089E+02 -0.1950298E+00 -0.7664011E-01  0.5214396E+00  0.4653976E-02 -0.4740461E-01  0.6683133E-03 -0.3741585E-04  0.4530164E-04  0.4203853E+02 -0.2004660E+01 -0.2020182E+01
  0.6475694E+01 -0.4424150E+02 -0.1953851E+00 -0.7603708E-01  0.4906768E+00  0.8152646E-03 -0.4734813E-01  0.6713666E-03 -0.5078536E-04  0.9722867E-04  0.4203468E+02 -0.2033376E+01 -0.2020856E+01
  0.6493056E+01 -0.4423407E+02 -0.1959641E+00 -0.7532374E-01  0.4699471E+00 -0.2922424E-02 -0.4729551E-01  0.6727365E-03 -0.2681042E-04  0.8825644E-04  0.4203033E+02 -0.2054568E+01 -0.2021670E+01
  0.6510417E+01 -0.4422753E+02 -0.1961882E+00 -0.7456345E-01  0.4612490E+00 -0.6374384E-02 -0.4724894E-01  0.6728631E-03 -0.3160927E-04  0.5692888E-04  0.4202570E+02 -0.2064255E+01 -0.2022500E+01
  0.6527778E+01 -0.4421739E+02 -0.1954315E+00 -0.7376580E-01  0.4623160E+00 -0.1253987E-01 -0.4720421E-01  0.6725334E-03 -0.4654721E-04  0.5649216E-04  0.4202096E+02 -0.2062366E+01 -0.2023271E+01
  0.6545139E+01 -0.4420928E+02 -0.1938123E+00 -0.7296135E-01  0.4809865E+00 -0.1941750E-01 -0.4715231E-01  0.6722946E-03 -0.2665748E-04  0.5648979E-04  0.4201638E+02 -0.2044553E+01 -0.2024025E+01
  0.6562500E+01 -0.4420749E+02 -0.1923826E+00 -0.7227392E-01  0.5157701E+00 -0.2193936E-01 -0.4708860E-01  0.6727328E-03  0.2552040E-04  0.1847103E-04  0.4201228E+02 -0.2012413E+01 -0.2024831E+01
