  0.2782986E+02 -0.4073176E+02  0.4918000E-01  0.2515738E+00  0.1027984E+00 -0.1200549E-01 -0.4115922E-01  0.1259162E-02  0.1407517E-03 -0.1799609E-04  0.3831660E+02 -0.2063385E+01 -0.2083814E+01
  0.2784722E+02 -0.4073410E+02  0.4780675E-01  0.2506075E+00  0.1330371E+00 -0.1207963E-01 -0.4116517E-01  0.1257546E-02  0.6982732E-04 -0.6763322E-04  0.3831339E+02 -0.2041240E+01 -0.2083747E+01
  0.2786458E+02 -0.4072888E+02  0.4719225E-01  0.2499200E+00  0.1304203E+00 -0.1177467E-01 -0.4116269E-01  0.1254645E-02 -0.2760015E-04 -0.3062168E-04  0.3831032E+02 -0.2042770E+01 -0.2083729E+01
  0.2788194E+02 -0.4072313E+02  0.4494134E-01  0.2493658E+00  0.1262240E+00 -0.1011182E-01 -0.4113880E-01  0.1251110E-02  0.1834420E-04  0.8892227E-05  0.3830711E+02 -0.2045462E+01 -0.2083788E+01
  0.2789931E+02 -0.4072379E+02  0.3860902E-01  0.2482634E+00  0.1537159E+00 -0.7355911E-02 -0.4110891E-01  0.1248504E-02  0.1566205E-03 -0.2285375E-04  0.3830390E+02 -0.2026387E+01 -0.2083772E+01
  0.2791667E+02 -0.4073008E+02  0.2970825E-01  0.2466162E+00  0.1994490E+00 -0.1978607E-02 -0.4111039E-01  0.1247899E-02  0.1816765E-03 -0.6276812E-04  0.3830098E+02 -0.1995058E+01 -0.2083690E+01
  0.2793403E+02 -0.4073844E+02  0.2422928E-01  0.2454970E+00  0.2188917E+00  0.5429239E-02 -0.4115569E-01  0.1248960E-02  0.6196181E-04 -0.5333259E-04  0.3829822E+02 -0.1986076E+01 -0.2083644E+01
  0.2795139E+02 -0.4073736E+02  0.2625474E-01  0.2455194E+00  0.1868545E+00  0.8501456E-02 -0.4121277E-01  0.1250802E-02 -0.1122649E-03  0.2005846E-04  0.3829522E+02 -0.2015069E+01 -0.2083589E+01
  0.2796875E+02 -0.4072207E+02  0.3443082E-01  0.2462030E+00  0.1328587E+00  0.3626375E-02 -0.4124237E-01  0.1252044E-02 -0.1824953E-03  0.9972021E-04  0.3829173E+02 -0.2053296E+01 -0.2083455E+01
  0.2798611E+02 -0.4070481E+02  0.4378867E-01  0.2469172E+00  0.1007398E+00 -0.6065524E-02 -0.4123471E-01  0.1251930E-02 -0.1537983E-03  0.1030985E-03  0.3828804E+02 -0.2071424E+01 -0.2083351E+01
  0.2800347E+02 -0.4069577E+02  0.5059492E-01  0.2474988E+00  0.9686670E-01 -0.1551789E-01 -0.4120703E-01  0.1250844E-02 -0.5649758E-04  0.1870458E-04  0.3828452E+02 -0.2071796E+01 -0.2083416E+01
  0.2802083E+02 -0.4069051E+02  0.5378050E-01  0.2481514E+00  0.1024539E+00 -0.2127845E-01 -0.4117956E-01  0.1250371E-02  0.1690963E-05 -0.5430941E-04  0.3828124E+02 -0.2066143E+01 -0.2083626E+01
  0.2803819E+02 -0.4069159E+02  0.5408534E-01  0.2489656E+00  0.1048588E+00 -0.1961756E-01 -0.4116041E-01  0.1250900E-02  0.2974035E-04 -0.4601916E-04  0.3827807E+02 -0.2065155E+01 -0.2083803E+01
  0.2805556E+02 -0.4070016E+02  0.5217397E-01  0.2494964E+00  0.1087807E+00 -0.1197041E-01 -0.4114897E-01  0.1249855E-02  0.3772448E-04 -0.8606413E-05  0.3827485E+02 -0.2066697E+01 -0.2083783E+01
  0.2807292E+02 -0.4070357E+02  0.4917133E-01  0.2491293E+00  0.1162764E+00 -0.6399765E-02 -0.4114833E-01  0.1246008E-02  0.2535563E-04  0.6721396E-05  0.3827158E+02 -0.2063679E+01 -0.2083603E+01
  0.2809028E+02 -0.4070445E+02  0.4661266E-01  0.2479071E+00  0.1269972E+00 -0.2903208E-02 -0.4116285E-01  0.1242330E-02  0.2422137E-04 -0.1099766E-04  0.3826831E+02 -0.2057442E+01 -0.2083420E+01
  0.2810764E+02 -0.4070543E+02  0.4617793E-01  0.2465453E+00  0.1357816E+00  0.2286516E-02 -0.4118251E-01  0.1241336E-02 -0.1582923E-04 -0.2241842E-04  0.3826507E+02 -0.2049547E+01 -0.2083262E+01
  0.2812500E+02 -0.5542314E+02  0.4720227E-01  0.2453467E+00  0.7245415E-01  0.4486508E-02 -0.4118844E-01  0.1242399E-02  0.1771956E-04 -0.1896008E-04  0.3826186E+02 -0.1683174E+02 -0.2083108E+01
