  0.7829861E+01 -0.2623769E-01  0.2202860E+00 -0.8650644E-02 -0.2043635E+00 -0.5314898E-01  0.3377933E+01  0.1069688E-02 -0.9569282E-05  0.7179240E+00  0.2323488E+00  0.4257151E+01
  0.7847222E+01 -0.2622520E-01  0.2204024E+00 -0.8667992E-02 -0.2043661E+00 -0.5318298E-01  0.3065795E+01  0.8332163E-03 -0.1488603E-04  0.7189165E+00  0.2216664E+00  0.3935156E+01
  0.7864583E+01 -0.2622547E-01  0.2205175E+00 -0.8683145E-02 -0.2043620E+00 -0.5295878E-01  0.2949478E+01 -0.8279368E-04 -0.2669217E-04  0.7178638E+00  0.2254731E+00  0.3820994E+01
  0.7881944E+01 -0.2623378E-01  0.2206315E+00 -0.8697621E-02 -0.2043593E+00 -0.5281409E-01  0.3062473E+01 -0.5276909E-03 -0.2738976E-04  0.7163626E+00  0.2327647E+00  0.3939572E+01
  0.7899306E+01 -0.2624208E-01  0.2207446E+00 -0.8712846E-02 -0.2043575E+00 -0.5279438E-01  0.3229122E+01 -0.4104251E-03 -0.1689482E-04  0.7154664E+00  0.2340237E+00  0.4106822E+01
  0.7916667E+01 -0.2624493E-01  0.2208571E+00 -0.8729658E-02 -0.2043588E+00 -0.5284448E-01  0.3402731E+01 -0.6091950E-03  0.2601560E-05  0.7150781E+00  0.2450230E+00  0.4290905E+01
  0.7934028E+01 -0.2623755E-01  0.2209682E+00 -0.8748858E-02 -0.2043709E+00 -0.5276547E-01  0.3609515E+01 -0.6651557E-03  0.1945443E-04  0.7153301E+00  0.2586110E+00  0.4511656E+01
  0.7951389E+01 -0.2622203E-01  0.2210765E+00 -0.8770099E-02 -0.2043864E+00 -0.5231987E-01  0.3739226E+01 -0.1991080E-03  0.1579979E-04  0.7161454E+00  0.2559381E+00  0.4640504E+01
  0.7968750E+01 -0.2619824E-01  0.2211815E+00 -0.8791803E-02 -0.2044101E+00 -0.5148755E-01  0.3705508E+01  0.3051577E-03 -0.6038216E-06  0.7173135E+00  0.2480517E+00  0.4601471E+01
  0.7986111E+01 -0.2617412E-01  0.2212841E+00 -0.8812676E-02 -0.2044347E+00 -0.5031715E-01  0.3528541E+01  0.6890748E-03 -0.4536792E-05  0.7195512E+00  0.2473621E+00  0.4427685E+01
  0.8003472E+01 -0.2615858E-01  0.2213855E+00 -0.8831718E-02 -0.2044489E+00 -0.4905744E-01  0.3298278E+01  0.6517292E-03  0.3213712E-05  0.7224592E+00  0.2495650E+00  0.4203846E+01
  0.8020833E+01 -0.2615204E-01  0.2214872E+00 -0.8848791E-02 -0.2044574E+00 -0.4832284E-01  0.3186086E+01  0.2910002E-04 -0.9905483E-05  0.7247159E+00  0.2473294E+00  0.4091856E+01
  0.8038194E+01 -0.2615308E-01  0.2215895E+00 -0.8864757E-02 -0.2044648E+00 -0.4827199E-01  0.3207945E+01 -0.1198111E-03 -0.2293666E-04  0.7257021E+00  0.2400340E+00  0.4107373E+01
  0.8055556E+01 -0.2615218E-01  0.2216916E+00 -0.8880244E-02 -0.2044646E+00 -0.4854793E-01  0.3179942E+01  0.3313562E-03 -0.1061178E-04  0.7253197E+00  0.2298069E+00  0.4069036E+01
  0.8072917E+01 -0.2614389E-01  0.2217927E+00 -0.8895212E-02 -0.2044668E+00 -0.4881786E-01  0.3085128E+01  0.3091715E-03  0.1067829E-04  0.7245546E+00  0.2163841E+00  0.3959856E+01
  0.8090278E+01 -0.2612996E-01  0.2218922E+00 -0.8909936E-02 -0.2044821E+00 -0.4910385E-01  0.3028206E+01  0.1145762E-03  0.2242287E-04  0.7239596E+00  0.2071970E+00  0.3892766E+01
  0.8107639E+01 -0.2610859E-01  0.2219906E+00 -0.8924395E-02 -0.2045099E+00 -0.4949621E-01  0.3042243E+01 -0.1404947E-03  0.1567417E-04  0.7229883E+00  0.2076592E+00  0.3905717E+01
  0.8125000E+01 -0.2608312E-01  0.2220889E+00 -0.8939039E-02 -0.2050392E+00 -0.4977857E-01  0.3116418E+01 -0.2987387E-03  0.9698527E-05  0.7218516E+00  0.2120267E+00  0.3982257E+01
