  0.1657986E+02 -0.4300134E+02 -0.7393979E-01  0.2094852E+00  0.4274923E+00  0.5915645E-01 -0.3289423E-01  0.1492971E-02  0.1091013E-03 -0.4899992E-04  0.4024658E+02 -0.2163911E+01 -0.2228508E+01
  0.1659722E+02 -0.4301943E+02 -0.8062086E-01  0.2097730E+00  0.4433203E+00  0.7407064E-01 -0.3288406E-01  0.1496398E-02  0.1344774E-03 -0.5209315E-05  0.4024492E+02 -0.2159227E+01 -0.2228569E+01
  0.1661458E+02 -0.4303578E+02 -0.8714260E-01  0.2099559E+00  0.4487597E+00  0.8499965E-01 -0.3289576E-01  0.1500679E-02  0.1201145E-03  0.2999099E-05  0.4024314E+02 -0.2167333E+01 -0.2228333E+01
  0.1663194E+02 -0.4303816E+02 -0.9103728E-01  0.2101542E+00  0.4298492E+00  0.8802576E-01 -0.3292687E-01  0.1505376E-02 -0.2610140E-05  0.3840439E-04  0.4024105E+02 -0.2191513E+01 -0.2227918E+01
  0.1664931E+02 -0.4302143E+02 -0.9056315E-01  0.2106192E+00  0.3789152E+00  0.7948227E-01 -0.3296420E-01  0.1508059E-02 -0.1225427E-03  0.9042576E-04  0.4023827E+02 -0.2236191E+01 -0.2227557E+01
  0.1666667E+02 -0.4299383E+02 -0.8600846E-01  0.2114176E+00  0.3216221E+00  0.6278617E-01 -0.3298898E-01  0.1507676E-02 -0.1529050E-03  0.8877702E-04  0.4023473E+02 -0.2280826E+01 -0.2227357E+01
  0.1668403E+02 -0.4296887E+02 -0.7966082E-01  0.2123189E+00  0.2886444E+00  0.4781989E-01 -0.3299169E-01  0.1504648E-02 -0.1344176E-03  0.4806625E-04  0.4023078E+02 -0.2300547E+01 -0.2227362E+01
  0.1670139E+02 -0.4295327E+02 -0.7391771E-01  0.2132830E+00  0.2888638E+00  0.3909788E-01 -0.3297829E-01  0.1501449E-02 -0.7192182E-04 -0.1347532E-04  0.4022692E+02 -0.2290585E+01 -0.2227605E+01
  0.1671875E+02 -0.4294988E+02 -0.6978697E-01  0.2144115E+00  0.3130347E+00  0.3810018E-01 -0.3296078E-01  0.1500575E-02  0.1158275E-04 -0.9041840E-04  0.4022354E+02 -0.2262119E+01 -0.2227979E+01
  0.1673611E+02 -0.4296102E+02 -0.6719191E-01  0.2157758E+00  0.3448431E+00  0.4705789E-01 -0.3294551E-01  0.1502239E-02  0.5330385E-04 -0.1252290E-03  0.4022072E+02 -0.2231326E+01 -0.2228343E+01
  0.1675347E+02 -0.4297998E+02 -0.6596493E-01  0.2171650E+00  0.3652784E+00  0.6347081E-01 -0.3293169E-01  0.1505987E-02  0.2228678E-04 -0.6995324E-04  0.4021834E+02 -0.2213165E+01 -0.2228512E+01
  0.1677083E+02 -0.4299096E+02 -0.6610660E-01  0.2181224E+00  0.3629615E+00  0.7742247E-01 -0.3291907E-01  0.1510371E-02 -0.2356055E-04  0.2627557E-04  0.4021605E+02 -0.2213917E+01 -0.2228346E+01
  0.1678819E+02 -0.4299212E+02 -0.6712626E-01  0.2184158E+00  0.3504200E+00  0.8402817E-01 -0.3291309E-01  0.1514115E-02 -0.4301879E-04  0.7379850E-04  0.4021350E+02 -0.2224256E+01 -0.2228011E+01
  0.1680556E+02 -0.4299332E+02 -0.6790736E-01  0.2181593E+00  0.3501813E+00  0.8753219E-01 -0.3292117E-01  0.1515629E-02  0.2246058E-04  0.2917752E-04  0.4021059E+02 -0.2226125E+01 -0.2227708E+01
  0.1682292E+02 -0.4298761E+02 -0.6670610E-01  0.2178382E+00  0.3516600E+00  0.8345028E-01 -0.3294320E-01  0.1514856E-02  0.3098016E-04 -0.1304829E-04  0.4020753E+02 -0.2225252E+01 -0.2227424E+01
  0.1684028E+02 -0.4296112E+02 -0.6260369E-01  0.2179654E+00  0.3325647E+00  0.6557714E-01 -0.3296646E-01  0.1513000E-02 -0.9783745E-04  0.2860855E-04  0.4020442E+02 -0.2234711E+01 -0.2227198E+01
  0.1685764E+02 -0.4292807E+02 -0.5689218E-01  0.2185699E+00  0.3041079E+00  0.4380106E-01 -0.3297658E-01  0.1510745E-02 -0.1535823E-03  0.5925985E-04  0.4020123E+02 -0.2248808E+01 -0.2227116E+01
  0.1687500E+02 -0.4290606E+02 -0.5181699E-01  0.2195589E+00  0.2901619E+00  0.2964100E-01 -0.3297152E-01  0.1509059E-02 -0.1123768E-03  0.2223259E-04  0.4019807E+02 -0.2251998E+01 -0.2227140E+01
