  0.2157986E+02 -0.1914127E-01  0.2033689E+00 -0.2314143E-01 -0.1494818E+00  0.1048975E+00  0.2179318E+01 -0.6929388E-03  0.6818803E-05  0.1504579E+01 -0.3007190E-01  0.3769640E+01
  0.2159722E+02 -0.1913657E-01  0.2033557E+00 -0.2316149E-01 -0.1494053E+00  0.1062701E+00  0.2501328E+01 -0.7824231E-03 -0.1195887E-04  0.1506240E+01  0.2293230E-01  0.4147629E+01
  0.2161458E+02 -0.1913036E-01  0.2033436E+00 -0.2318121E-01 -0.1492714E+00  0.1096053E+00  0.2846683E+01 -0.7803422E-03 -0.3399344E-04  0.1505882E+01  0.5649556E-01  0.4529613E+01
  0.2163194E+02 -0.1911811E-01  0.2033303E+00 -0.2320028E-01 -0.1490750E+00  0.1134781E+00  0.3141236E+01 -0.5047394E-03 -0.3532709E-04  0.1504007E+01  0.5551498E-01  0.4825633E+01
  0.2164931E+02 -0.1910234E-01  0.2033141E+00 -0.2322001E-01 -0.1488704E+00  0.1166476E+00  0.3172349E+01  0.4144738E-03 -0.1059345E-04  0.1503492E+01  0.2944615E-02  0.4807959E+01
  0.2166667E+02 -0.1908163E-01  0.2032968E+00 -0.2324016E-01 -0.1487061E+00  0.1190790E+00  0.2911206E+01  0.8037352E-03  0.3660737E-05  0.1505198E+01 -0.5257504E-01  0.4495985E+01
  0.2168403E+02 -0.1905961E-01  0.2032824E+00 -0.2326009E-01 -0.1485796E+00  0.1215948E+00  0.2586161E+01  0.6247011E-03  0.1786138E-04  0.1507910E+01 -0.8681488E-01  0.4141876E+01
  0.2170139E+02 -0.1903963E-01  0.2032709E+00 -0.2328042E-01 -0.1484410E+00  0.1240327E+00  0.2253172E+01  0.6718402E-03  0.3099170E-04  0.1510889E+01 -0.1230522E+00  0.3778254E+01
  0.2171875E+02 -0.1902241E-01  0.2032609E+00 -0.2330162E-01 -0.1483049E+00  0.1246014E+00  0.1908135E+01  0.6243986E-03  0.2629012E-04  0.1511036E+01 -0.1374280E+00  0.3419628E+01
  0.2173611E+02 -0.1901228E-01  0.2032493E+00 -0.2332270E-01 -0.1481800E+00  0.1215252E+00  0.1682995E+01  0.3130734E-03  0.2206772E-04  0.1506284E+01 -0.9868680E-01  0.3225187E+01
  0.2175347E+02 -0.1900607E-01  0.2032356E+00 -0.2334241E-01 -0.1480099E+00  0.1155184E+00  0.1689736E+01 -0.1756396E-03  0.1661289E-04  0.1500750E+01 -0.4480349E-01  0.3273919E+01
  0.2177083E+02 -0.1899928E-01  0.2032212E+00 -0.2336107E-01 -0.1478179E+00  0.1106345E+00  0.1943828E+01 -0.7525434E-03  0.1133565E-05  0.1500073E+01 -0.2641174E-01  0.3540415E+01
  0.2178819E+02 -0.1899161E-01  0.2032066E+00 -0.2338006E-01 -0.1477052E+00  0.1093260E+00  0.2300312E+01 -0.7602726E-03 -0.1397334E-04  0.1504111E+01 -0.3443518E-01  0.3891669E+01
  0.2180556E+02 -0.1898338E-01  0.2031934E+00 -0.2339936E-01 -0.1476560E+00  0.1092418E+00  0.2594290E+01 -0.5774155E-03 -0.1963701E-04  0.1508663E+01 -0.3350876E-01  0.4191244E+01
  0.2182292E+02 -0.1897296E-01  0.2031821E+00 -0.2341929E-01 -0.1476120E+00  0.1087696E+00  0.2802362E+01 -0.4079458E-03 -0.1975761E-04  0.1512063E+01 -0.3930575E-01  0.4396640E+01
  0.2184028E+02 -0.1895895E-01  0.2031702E+00 -0.2344063E-01 -0.1475621E+00  0.1104500E+00  0.2854034E+01  0.1050070E-03 -0.1323842E-04  0.1516140E+01 -0.7847065E-01  0.4415454E+01
  0.2185764E+02 -0.1894007E-01  0.2031553E+00 -0.2346279E-01 -0.1474855E+00  0.1161114E+00  0.2751061E+01  0.2376614E-03 -0.4005763E-05  0.1521683E+01 -0.1129451E+00  0.4289411E+01
  0.2187500E+02 -0.1891860E-01  0.2031385E+00 -0.2348468E-01 -0.1499044E+00  0.1225372E+00  0.2540287E+01  0.5679700E-03  0.1156359E-04  0.1524695E+01 -0.1132840E+00  0.4085646E+01
