  0.1907986E+02 -0.1979582E-01  0.2110124E+00 -0.2002667E-01 -0.1698332E+00  0.5093882E-01  0.2847607E+01 -0.8935343E-03 -0.2395134E-04  0.1390296E+01  0.1380221E+00  0.4427303E+01
  0.1909722E+02 -0.1980017E-01  0.2109565E+00 -0.2004896E-01 -0.1696272E+00  0.5679436E-01  0.3202576E+01 -0.8010434E-03 -0.1990989E-04  0.1393187E+01  0.1053805E+00  0.4758596E+01
  0.1911458E+02 -0.1979943E-01  0.2109008E+00 -0.2007328E-01 -0.1694490E+00  0.5749456E-01  0.3327416E+01  0.2303729E-03 -0.9048783E-05  0.1393233E+01  0.2985330E-01  0.4809798E+01
  0.1913194E+02 -0.1979508E-01  0.2108465E+00 -0.2009783E-01 -0.1692853E+00  0.5475212E-01  0.3155944E+01  0.5283598E-03 -0.2480037E-05  0.1389925E+01  0.2147097E-01  0.4624285E+01
  0.1914931E+02 -0.1979046E-01  0.2107946E+00 -0.2012305E-01 -0.1691346E+00  0.5290272E-01  0.2981277E+01  0.8775626E-04  0.1486194E-04  0.1385924E+01  0.8640329E-01  0.4508356E+01
  0.1916667E+02 -0.1978779E-01  0.2107434E+00 -0.2014992E-01 -0.1689770E+00  0.5396010E-01  0.2910607E+01 -0.4043331E-04  0.2733673E-04  0.1383662E+01  0.1349110E+00  0.4484956E+01
  0.1918403E+02 -0.1978589E-01  0.2106891E+00 -0.2017851E-01 -0.1687578E+00  0.5701735E-01  0.2856316E+01  0.8638606E-04  0.2593683E-04  0.1384773E+01  0.1311270E+00  0.4431313E+01
  0.1920139E+02 -0.1978598E-01  0.2106296E+00 -0.2020849E-01 -0.1684583E+00  0.6112634E-01  0.2768524E+01  0.3376325E-03  0.1359451E-04  0.1387584E+01  0.1143077E+00  0.4334070E+01
  0.1921875E+02 -0.1978996E-01  0.2105665E+00 -0.2023827E-01 -0.1681611E+00  0.6589237E-01  0.2720720E+01  0.1357642E-03 -0.8584292E-05  0.1391149E+01  0.9825651E-01  0.4278523E+01
  0.1923611E+02 -0.1979869E-01  0.2105063E+00 -0.2026625E-01 -0.1679273E+00  0.6948565E-01  0.2780883E+01 -0.1070879E-03 -0.2969312E-04  0.1396287E+01  0.5948665E-01  0.4308520E+01
  0.1925347E+02 -0.1980657E-01  0.2104549E+00 -0.2029178E-01 -0.1677837E+00  0.6920222E-01  0.2910596E+01 -0.2570318E-03 -0.3499414E-04  0.1400057E+01  0.1203862E-01  0.4394174E+01
  0.1927083E+02 -0.1980874E-01  0.2104130E+00 -0.2031462E-01 -0.1677158E+00  0.6518779E-01  0.3001887E+01 -0.1196962E-04 -0.1895766E-04  0.1400463E+01 -0.1813455E-01  0.4451946E+01
  0.1928819E+02 -0.1980660E-01  0.2103757E+00 -0.2033577E-01 -0.1676310E+00  0.6105291E-01  0.2973555E+01  0.1618436E-03 -0.3984810E-05  0.1399258E+01 -0.3010576E-01  0.4406521E+01
  0.1930556E+02 -0.1980001E-01  0.2103381E+00 -0.2035713E-01 -0.1675067E+00  0.5935219E-01  0.2846682E+01  0.2301829E-03  0.1792633E-05  0.1397618E+01 -0.1647782E-01  0.4290081E+01
  0.1932292E+02 -0.1979275E-01  0.2102983E+00 -0.2038024E-01 -0.1673737E+00  0.5934901E-01  0.2652576E+01  0.3024543E-03  0.1625611E-04  0.1395974E+01  0.2226526E-01  0.4133235E+01
  0.1934028E+02 -0.1978491E-01  0.2102557E+00 -0.2040511E-01 -0.1672255E+00  0.5949980E-01  0.2413158E+01  0.5148579E-03  0.2258337E-04  0.1395587E+01  0.5543000E-01  0.3927053E+01
  0.1935764E+02 -0.1977627E-01  0.2102105E+00 -0.2042965E-01 -0.1670854E+00  0.5955329E-01  0.2200496E+01  0.3782907E-03  0.1705900E-04  0.1397764E+01  0.7944135E-01  0.3740570E+01
  0.1937500E+02 -0.1976714E-01  0.2101620E+00 -0.2045250E-01 -0.1698585E+00  0.5984711E-01  0.2881647E+01 -0.4228551E-02  0.1242257E-04  0.1402020E+01  0.1541148E+00  0.4493496E+01
