  0.2626736E+02 -0.1824688E-01  0.2110117E+00 -0.2793799E-01 -0.1182013E+00  0.1020444E+00  0.2438880E+01 -0.9662840E-05  0.2797621E-04  0.1453450E+01 -0.1488448E+00  0.3892173E+01
  0.2628472E+02 -0.1825003E-01  0.2110773E+00 -0.2795334E-01 -0.1180860E+00  0.1082488E+00  0.2559238E+01 -0.5579518E-03  0.3329240E-04  0.1454131E+01 -0.1008730E+00  0.4067007E+01
  0.2630208E+02 -0.1825360E-01  0.2111426E+00 -0.2796833E-01 -0.1180240E+00  0.1125534E+00  0.2758612E+01 -0.3661426E-03  0.1073933E-04  0.1458756E+01 -0.4588664E-01  0.4330577E+01
  0.2631944E+02 -0.1825523E-01  0.2112072E+00 -0.2798267E-01 -0.1180291E+00  0.1137124E+00  0.2832227E+01  0.4918144E-04 -0.1718950E-04  0.1464130E+01 -0.1373500E-01  0.4443307E+01
  0.2633681E+02 -0.1825543E-01  0.2112737E+00 -0.2799647E-01 -0.1180533E+00  0.1115924E+00  0.2839160E+01 -0.2837544E-04 -0.2814524E-04  0.1466739E+01  0.5658297E-02  0.4470061E+01
  0.2635417E+02 -0.1825408E-01  0.2113431E+00 -0.2801013E-01 -0.1180434E+00  0.1069285E+00  0.2862046E+01  0.1532370E-05 -0.2399420E-04  0.1465653E+01  0.1264209E-01  0.4494282E+01
  0.2637153E+02 -0.1825079E-01  0.2114142E+00 -0.2802297E-01 -0.1179502E+00  0.1013770E+00  0.2831321E+01  0.1982532E-03 -0.8716876E-05  0.1461301E+01 -0.1374511E-01  0.4427634E+01
  0.2638889E+02 -0.1824219E-01  0.2114863E+00 -0.2803477E-01 -0.1177991E+00  0.9706861E-01  0.2740835E+01  0.2261245E-03  0.1095892E-04  0.1454794E+01 -0.5136659E-01  0.4288979E+01
  0.2640625E+02 -0.1823096E-01  0.2115594E+00 -0.2804627E-01 -0.1176668E+00  0.9607111E-01  0.2625194E+01  0.2647358E-03  0.1708964E-04  0.1447741E+01 -0.7496312E-01  0.4141940E+01
  0.2642361E+02 -0.1822176E-01  0.2116319E+00 -0.2805778E-01 -0.1175551E+00  0.9842893E-01  0.2386956E+01  0.7052153E-03  0.1306868E-04  0.1443003E+01 -0.8728745E-01  0.3889616E+01
  0.2644097E+02 -0.1821935E-01  0.2117027E+00 -0.2806898E-01 -0.1174913E+00  0.1013843E+00  0.2026525E+01  0.7864259E-03  0.4815146E-05  0.1441450E+01 -0.8318708E-01  0.3534886E+01
  0.2645833E+02 -0.1822654E-01  0.2117726E+00 -0.2807977E-01 -0.1174516E+00  0.1020521E+00  0.1772331E+01  0.2594496E-03 -0.3038289E-05  0.1442060E+01 -0.5256377E-01  0.3312150E+01
  0.2647569E+02 -0.1824156E-01  0.2118425E+00 -0.2809119E-01 -0.1174099E+00  0.1004572E+00  0.1765799E+01 -0.2729572E-03 -0.5316762E-05  0.1445097E+01 -0.1497725E-01  0.3344197E+01
  0.2649306E+02 -0.1825486E-01  0.2119126E+00 -0.2810400E-01 -0.1173473E+00  0.9912391E-01  0.2016819E+01 -0.8216164E-03 -0.1043661E-04  0.1447790E+01  0.6611545E-02  0.3617718E+01
  0.2651042E+02 -0.1826031E-01  0.2119830E+00 -0.2811837E-01 -0.1172540E+00  0.1005950E+00  0.2375051E+01 -0.6999587E-03 -0.1085532E-04  0.1446456E+01  0.4331279E-02  0.3974072E+01
  0.2652778E+02 -0.1825862E-01  0.2120528E+00 -0.2813338E-01 -0.1171095E+00  0.1053851E+00  0.2572963E+01 -0.1113978E-03 -0.6764760E-05  0.1441217E+01 -0.1165686E-01  0.4156341E+01
  0.2654514E+02 -0.1824791E-01  0.2121219E+00 -0.2814810E-01 -0.1169399E+00  0.1113437E+00  0.2522033E+01  0.3442741E-03  0.1346257E-05  0.1434317E+01 -0.2308316E-01  0.4093742E+01
  0.2656250E+02 -0.1823148E-01  0.2121913E+00 -0.2816166E-01 -0.1186866E+00  0.1145015E+00  0.2339910E+01  0.4331218E-03  0.1710338E-04  0.1428802E+01 -0.2669306E-01  0.3904082E+01
