  0.1189236E+02 -0.2255804E-01  0.2290037E+00 -0.1230088E-01 -0.2029439E+00 -0.7600970E-01  0.3040045E+01  0.4044582E-04  0.3138025E-04  0.9055944E+00  0.1119019E+00  0.3972804E+01
  0.1190972E+02 -0.2253242E-01  0.2289933E+00 -0.1231544E-01 -0.2029466E+00 -0.7749485E-01  0.3074259E+01 -0.2214387E-03  0.3371337E-04  0.9057167E+00  0.1157701E+00  0.4009262E+01
  0.1192708E+02 -0.2251108E-01  0.2289785E+00 -0.1233051E-01 -0.2029275E+00 -0.8004365E-01  0.3157622E+01 -0.1510877E-03  0.1901992E-04  0.9070590E+00  0.1143765E+00  0.4090091E+01
  0.1194444E+02 -0.2249372E-01  0.2289618E+00 -0.1234587E-01 -0.2028911E+00 -0.8301482E-01  0.3239099E+01 -0.1923097E-03  0.1534903E-05  0.9087812E+00  0.1012373E+00  0.4157143E+01
  0.1196181E+02 -0.2248363E-01  0.2289466E+00 -0.1236181E-01 -0.2028452E+00 -0.8501887E-01  0.3296605E+01 -0.6772083E-04 -0.2125535E-04  0.9109708E+00  0.8410357E-01  0.4197827E+01
  0.1197917E+02 -0.2248252E-01  0.2289343E+00 -0.1237813E-01 -0.2028037E+00 -0.8479955E-01  0.3275507E+01  0.1352472E-03 -0.3034003E-04  0.9137456E+00  0.9685424E-01  0.4192682E+01
  0.1199653E+02 -0.2247848E-01  0.2289252E+00 -0.1239367E-01 -0.2028027E+00 -0.8217413E-01  0.3260141E+01 -0.1076533E-03 -0.2622070E-04  0.9167268E+00  0.1415410E+00  0.4227351E+01
  0.1201389E+02 -0.2246826E-01  0.2289184E+00 -0.1240780E-01 -0.2028357E+00 -0.7809113E-01  0.3355163E+01 -0.4026490E-03 -0.3255151E-04  0.9201354E+00  0.1618554E+00  0.4349834E+01
  0.1203125E+02 -0.2245764E-01  0.2289115E+00 -0.1242113E-01 -0.2028683E+00 -0.7400120E-01  0.3511713E+01 -0.4541638E-03 -0.2074036E-04  0.9232201E+00  0.1427210E+00  0.4494342E+01
  0.1204861E+02 -0.2244293E-01  0.2289040E+00 -0.1243479E-01 -0.2028936E+00 -0.7108439E-01  0.3538616E+01  0.2143602E-03  0.2063118E-04  0.9238840E+00  0.1118890E+00  0.4494672E+01
  0.1206597E+02 -0.2242485E-01  0.2288967E+00 -0.1244873E-01 -0.2028981E+00 -0.6985362E-01  0.3321325E+01  0.8141489E-03  0.4607611E-04  0.9219052E+00  0.9328740E-01  0.4258650E+01
  0.1208333E+02 -0.2240659E-01  0.2288911E+00 -0.1246245E-01 -0.2028698E+00 -0.7027612E-01  0.3043087E+01  0.5411884E-03  0.4118043E-04  0.9196685E+00  0.9286735E-01  0.3977081E+01
  0.1210069E+02 -0.2239121E-01  0.2288882E+00 -0.1247684E-01 -0.2028060E+00 -0.7214469E-01  0.2925358E+01 -0.5100159E-04  0.2246751E-04  0.9185398E+00  0.1013817E+00  0.3864320E+01
  0.1211806E+02 -0.2238043E-01  0.2288854E+00 -0.1249338E-01 -0.2027227E+00 -0.7497514E-01  0.2875429E+01  0.2126263E-03  0.2074309E-05  0.9188768E+00  0.1046712E+00  0.3815505E+01
  0.1213542E+02 -0.2237302E-01  0.2288789E+00 -0.1251138E-01 -0.2026367E+00 -0.7750770E-01  0.2778285E+01  0.2868654E-03 -0.9289707E-05  0.9206561E+00  0.1080929E+00  0.3721162E+01
  0.1215278E+02 -0.2236682E-01  0.2288684E+00 -0.1252964E-01 -0.2025679E+00 -0.7831637E-01  0.2784256E+01 -0.2287676E-03 -0.1490501E-04  0.9229609E+00  0.1386236E+00  0.3758685E+01
  0.1217014E+02 -0.2236552E-01  0.2288564E+00 -0.1254782E-01 -0.2025151E+00 -0.7692561E-01  0.2977254E+01 -0.6004978E-03 -0.1675123E-04  0.9257427E+00  0.1796707E+00  0.3996553E+01
  0.1218750E+02 -0.2237053E-01  0.2288464E+00 -0.1256611E-01 -0.2031076E+00 -0.7447015E-01  0.3277459E+01 -0.7846390E-03 -0.1582862E-04  0.9295155E+00  0.1805582E+00  0.4303064E+01
