  0.6579861E+01 -0.2663206E-01  0.2089176E+00 -0.7433374E-02 -0.2019817E+00 -0.4058713E-01  0.2530033E+01  0.1251042E-02 -0.4531277E-05  0.6632973E+00  0.1475070E+00  0.3274367E+01
  0.6597222E+01 -0.2662673E-01  0.2091207E+00 -0.7443730E-02 -0.2020536E+00 -0.4104371E-01  0.2294643E+01  0.2287519E-03 -0.2446629E-05  0.6618527E+00  0.1759531E+00  0.3064628E+01
  0.6614583E+01 -0.2661541E-01  0.2093254E+00 -0.7454109E-02 -0.2021306E+00 -0.4137760E-01  0.2438662E+01 -0.1152210E-02  0.6554566E-05  0.6605230E+00  0.2286982E+00  0.3258486E+01
  0.6631944E+01 -0.2660015E-01  0.2095309E+00 -0.7467328E-02 -0.2022069E+00 -0.4154599E-01  0.2877210E+01 -0.1632249E-02  0.7998158E-05  0.6601166E+00  0.2808313E+00  0.3748244E+01
  0.6649306E+01 -0.2658189E-01  0.2097358E+00 -0.7484294E-02 -0.2022773E+00 -0.4168001E-01  0.3371049E+01 -0.1479213E-02  0.3022582E-05  0.6607045E+00  0.3054493E+00  0.4267439E+01
  0.6666667E+01 -0.2656441E-01  0.2099382E+00 -0.7504766E-02 -0.2023378E+00 -0.4191662E-01  0.3721925E+01 -0.6898830E-03  0.5334770E-05  0.6619203E+00  0.2982177E+00  0.4612993E+01
  0.6684028E+01 -0.2655316E-01  0.2101380E+00 -0.7526729E-02 -0.2023883E+00 -0.4233506E-01  0.3753739E+01  0.5616031E-03  0.1009160E-04  0.6634645E+00  0.2766874E+00  0.4625798E+01
  0.6701389E+01 -0.2655422E-01  0.2103355E+00 -0.7547254E-02 -0.2024291E+00 -0.4303878E-01  0.3477264E+01  0.1254848E-02  0.1923232E-04  0.6652611E+00  0.2452060E+00  0.4319771E+01
  0.6718750E+01 -0.2656445E-01  0.2105310E+00 -0.7564751E-02 -0.2024694E+00 -0.4400606E-01  0.3043759E+01  0.1542893E-02  0.1682320E-04  0.6665535E+00  0.2136186E+00  0.3855418E+01
  0.6736111E+01 -0.2657514E-01  0.2107239E+00 -0.7578787E-02 -0.2025128E+00 -0.4505617E-01  0.2660698E+01  0.9288100E-03 -0.3362220E-05  0.6663629E+00  0.2195761E+00  0.3476564E+01
  0.6753472E+01 -0.2658544E-01  0.2109145E+00 -0.7590660E-02 -0.2025557E+00 -0.4581114E-01  0.2604510E+01 -0.5181688E-03 -0.1316238E-04  0.6658242E+00  0.2640650E+00  0.3462240E+01
  0.6770833E+01 -0.2659410E-01  0.2111041E+00 -0.7603114E-02 -0.2025990E+00 -0.4599094E-01  0.2964205E+01 -0.1680676E-02 -0.8985069E-05  0.6663193E+00  0.3088436E+00  0.3865995E+01
  0.6788194E+01 -0.2659640E-01  0.2112931E+00 -0.7618407E-02 -0.2026493E+00 -0.4554814E-01  0.3559230E+01 -0.2011593E-02 -0.8215300E-05  0.6676792E+00  0.3378414E+00  0.4491612E+01
  0.6805556E+01 -0.2659123E-01  0.2114812E+00 -0.7637566E-02 -0.2027034E+00 -0.4478336E-01  0.4147682E+01 -0.1669614E-02 -0.1011731E-04  0.6690980E+00  0.3501232E+00  0.5094989E+01
  0.6822917E+01 -0.2658162E-01  0.2116686E+00 -0.7660451E-02 -0.2027539E+00 -0.4418618E-01  0.4533561E+01 -0.7356160E-03  0.1062379E-05  0.6707541E+00  0.3307829E+00  0.5464850E+01
  0.6840278E+01 -0.2657065E-01  0.2118545E+00 -0.7685516E-02 -0.2027995E+00 -0.4405903E-01  0.4542340E+01  0.7074734E-03  0.1034715E-04  0.6728360E+00  0.2812660E+00  0.5427899E+01
  0.6857639E+01 -0.2656048E-01  0.2120377E+00 -0.7709992E-02 -0.2028422E+00 -0.4435717E-01  0.4147765E+01  0.1764504E-02  0.1774981E-04  0.6750125E+00  0.2276370E+00  0.4982765E+01
  0.6875000E+01 -0.2655346E-01  0.2122172E+00 -0.7731518E-02 -0.2030429E+00 -0.4477738E-01  0.3514039E+01  0.2158649E-02  0.2500958E-04  0.6768033E+00  0.1891079E+00  0.4312246E+01
