  0.4079861E+01 -0.4449128E+02 -0.2203396E+00 -0.1666316E+00  0.4589560E+00 -0.5175198E-01 -0.5571980E-01  0.4074125E-03 -0.1856603E-03  0.4709072E-04  0.4263850E+02 -0.1887996E+01 -0.1910505E+01
  0.4097222E+01 -0.4449272E+02 -0.2131425E+00 -0.1656621E+00  0.4499339E+00 -0.5002067E-01 -0.5561741E-01  0.4113292E-03 -0.7694677E-04  0.3535854E-04  0.4263375E+02 -0.1893112E+01 -0.1911380E+01
  0.4114583E+01 -0.4449119E+02 -0.2114386E+00 -0.1650953E+00  0.4507030E+00 -0.4879880E-01 -0.5550145E-01  0.4143621E-03  0.1936220E-04  0.4028124E-04  0.4262902E+02 -0.1891822E+01 -0.1912258E+01
  0.4131944E+01 -0.4448726E+02 -0.2154138E+00 -0.1648347E+00  0.4629454E+00 -0.4903660E-01 -0.5539424E-01  0.4160210E-03  0.1253646E-03  0.3661022E-04  0.4262433E+02 -0.1884078E+01 -0.1913137E+01
  0.4149306E+01 -0.4448258E+02 -0.2230982E+00 -0.1647097E+00  0.4840342E+00 -0.5005693E-01 -0.5531054E-01  0.4168355E-03  0.1613965E-03  0.1093064E-04  0.4261981E+02 -0.1871322E+01 -0.1914061E+01
  0.4166667E+01 -0.4448018E+02 -0.2314423E+00 -0.1645371E+00  0.4999257E+00 -0.4905338E-01 -0.5525515E-01  0.4182535E-03  0.1350697E-03 -0.3278840E-04  0.4261548E+02 -0.1864537E+01 -0.1915059E+01
  0.4184028E+01 -0.4448033E+02 -0.2373671E+00 -0.1641389E+00  0.5056859E+00 -0.4509153E-01 -0.5522385E-01  0.4215531E-03  0.9668980E-04 -0.5163624E-04  0.4261116E+02 -0.1864834E+01 -0.1916030E+01
  0.4201389E+01 -0.4448038E+02 -0.2387439E+00 -0.1633827E+00  0.4997240E+00 -0.4173756E-01 -0.5520418E-01  0.4269357E-03 -0.2803218E-04  0.1761844E-05  0.4260679E+02 -0.1872541E+01 -0.1916851E+01
  0.4218750E+01 -0.4447802E+02 -0.2352265E+00 -0.1623143E+00  0.4779185E+00 -0.4107176E-01 -0.5517923E-01  0.4328778E-03 -0.1506771E-03  0.6030325E-04  0.4260215E+02 -0.1891400E+01 -0.1917555E+01
  0.4236111E+01 -0.4447350E+02 -0.2283683E+00 -0.1611490E+00  0.4528884E+00 -0.4302663E-01 -0.5513458E-01  0.4371811E-03 -0.1524900E-03  0.6638353E-04  0.4259710E+02 -0.1910837E+01 -0.1918258E+01
  0.4253472E+01 -0.4446952E+02 -0.2208873E+00 -0.1601027E+00  0.4369742E+00 -0.4728518E-01 -0.5506317E-01  0.4390278E-03 -0.1356371E-03  0.5977359E-04  0.4259181E+02 -0.1923708E+01 -0.1919057E+01
  0.4270833E+01 -0.4446866E+02 -0.2157908E+00 -0.1593066E+00  0.4349152E+00 -0.4940881E-01 -0.5496733E-01  0.4392016E-03 -0.4866551E-04  0.3698788E-04  0.4258645E+02 -0.1926341E+01 -0.1919986E+01
  0.4288194E+01 -0.4446912E+02 -0.2152089E+00 -0.1588258E+00  0.4489388E+00 -0.4750218E-01 -0.5486063E-01  0.4393251E-03  0.6298825E-04  0.6227659E-05  0.4258131E+02 -0.1914758E+01 -0.1920957E+01
  0.4305556E+01 -0.4446828E+02 -0.2192400E+00 -0.1586124E+00  0.4665084E+00 -0.4467558E-01 -0.5476407E-01  0.4407505E-03  0.9922901E-04 -0.4514921E-05  0.4257652E+02 -0.1902009E+01 -0.1921898E+01
  0.4322917E+01 -0.4446732E+02 -0.2256013E+00 -0.1584561E+00  0.4798261E+00 -0.4115161E-01 -0.5469561E-01  0.4438589E-03  0.1215456E-03 -0.4531352E-05  0.4257187E+02 -0.1894972E+01 -0.1922804E+01
  0.4340278E+01 -0.4446617E+02 -0.2305386E+00 -0.1580876E+00  0.4878277E+00 -0.3805281E-01 -0.5466026E-01  0.4479095E-03  0.5784593E-04  0.1285923E-04  0.4256725E+02 -0.1891909E+01 -0.1923656E+01
  0.4357639E+01 -0.4446349E+02 -0.2307555E+00 -0.1573707E+00  0.4881959E+00 -0.3819180E-01 -0.5464606E-01  0.4516980E-03 -0.5314793E-04  0.4041344E-04  0.4256260E+02 -0.1893217E+01 -0.1924466E+01
  0.4375000E+01 -0.4683982E+02 -0.2252281E+00 -0.1564005E+00  0.4737315E+00 -0.4081107E-01 -0.5463008E-01  0.4543375E-03 -0.1502962E-03  0.5480273E-04  0.4255794E+02 -0.4284864E+01 -0.1925312E+01
