  0.2595486E+02 -0.4111429E+02  0.8607321E-01  0.2903671E+00  0.4119423E-01 -0.1018021E-01 -0.4095496E-01  0.1343738E-02 -0.9677440E-04  0.1020740E-04  0.3867690E+02 -0.2069634E+01 -0.2096028E+01
  0.2597222E+02 -0.4110650E+02  0.8929935E-01  0.2903607E+00  0.2303230E-01 -0.1156185E-01 -0.4093831E-01  0.1342772E-02 -0.7219854E-04  0.3774162E-04  0.3867388E+02 -0.2081111E+01 -0.2095890E+01
  0.2598958E+02 -0.4109476E+02  0.8841643E-01  0.2903877E+00  0.1714866E-01 -0.1831824E-01 -0.4090831E-01  0.1341335E-02  0.3080170E-04  0.2392753E-04  0.3867065E+02 -0.2085994E+01 -0.2095898E+01
  0.2600694E+02 -0.4108917E+02  0.8313799E-01  0.2903521E+00  0.2947661E-01 -0.2178651E-01 -0.4088007E-01  0.1339040E-02  0.7591075E-04 -0.2075480E-05  0.3866741E+02 -0.2080047E+01 -0.2095966E+01
  0.2602431E+02 -0.4109013E+02  0.7457812E-01  0.2900785E+00  0.6132071E-01 -0.2228802E-01 -0.4086412E-01  0.1337230E-02  0.1601392E-03 -0.2273295E-04  0.3866426E+02 -0.2061574E+01 -0.2095979E+01
  0.2604167E+02 -0.4109523E+02  0.6478778E-01  0.2894670E+00  0.1095861E+00 -0.2263054E-01 -0.4086666E-01  0.1336637E-02  0.1881672E-03 -0.3537214E-04  0.3866144E+02 -0.2031957E+01 -0.2095905E+01
  0.2605903E+02 -0.4109911E+02  0.5643159E-01  0.2887420E+00  0.1409700E+00 -0.2369986E-01 -0.4088854E-01  0.1336907E-02  0.1326166E-03 -0.5490959E-04  0.3865903E+02 -0.2017112E+01 -0.2095737E+01
  0.2607639E+02 -0.4109294E+02  0.5149629E-01  0.2879426E+00  0.1414370E+00 -0.2741981E-01 -0.4092180E-01  0.1337296E-02  0.9722168E-04 -0.4284298E-04  0.3865671E+02 -0.2022314E+01 -0.2095468E+01
  0.2609375E+02 -0.4108347E+02  0.5041508E-01  0.2870199E+00  0.1210092E+00 -0.3119023E-01 -0.4095171E-01  0.1336761E-02 -0.7927966E-05  0.2568845E-04  0.3865420E+02 -0.2041619E+01 -0.2095197E+01
  0.2611111E+02 -0.4108209E+02  0.5174608E-01  0.2860633E+00  0.8603646E-01 -0.2726776E-01 -0.4096597E-01  0.1335523E-02 -0.9749852E-04  0.5574883E-04  0.3865129E+02 -0.2073895E+01 -0.2095069E+01
  0.2612847E+02 -0.4108794E+02  0.5296144E-01  0.2850575E+00  0.5807491E-01 -0.1618920E-01 -0.4096447E-01  0.1333959E-02 -0.1035929E-04  0.6709207E-05  0.3864786E+02 -0.2099814E+01 -0.2094983E+01
  0.2614583E+02 -0.4109128E+02  0.5267875E-01  0.2840716E+00  0.6009830E-01 -0.8403769E-02 -0.4096090E-01  0.1332356E-02  0.9184600E-04 -0.3529849E-04  0.3864415E+02 -0.2098264E+01 -0.2094791E+01
  0.2616319E+02 -0.4108790E+02  0.5190184E-01  0.2834269E+00  0.7300621E-01 -0.7662336E-02 -0.4096896E-01  0.1331358E-02  0.1537826E-04 -0.2167829E-04  0.3864053E+02 -0.2086339E+01 -0.2094568E+01
  0.2618056E+02 -0.4108234E+02  0.5260073E-01  0.2833672E+00  0.7523390E-01 -0.7849975E-02 -0.4098597E-01  0.1330418E-02 -0.6018428E-04 -0.2470668E-05  0.3863697E+02 -0.2081737E+01 -0.2094360E+01
  0.2619792E+02 -0.4107688E+02  0.5511491E-01  0.2835676E+00  0.7916465E-01 -0.9361634E-02 -0.4099890E-01  0.1328894E-02 -0.3010153E-04 -0.1425490E-04  0.3863348E+02 -0.2074630E+01 -0.2094076E+01
  0.2621528E+02 -0.4107156E+02  0.5835748E-01  0.2833772E+00  0.8726529E-01 -0.1397728E-01 -0.4100542E-01  0.1326508E-02 -0.4780051E-04 -0.1773432E-04  0.3863016E+02 -0.2066122E+01 -0.2093692E+01
  0.2623264E+02 -0.4106397E+02  0.6199122E-01  0.2826372E+00  0.9150767E-01 -0.1938738E-01 -0.4101380E-01  0.1324150E-02 -0.8191032E-04 -0.2925675E-05  0.3862692E+02 -0.2060082E+01 -0.2093336E+01
  0.2625000E+02 -0.4105382E+02  0.6636059E-01  0.2817198E+00  0.9634191E-01 -0.2642017E-01 -0.4102674E-01  0.1322822E-02 -0.5041938E-04 -0.7809178E-05  0.3862371E+02 -0.2051864E+01 -0.2093126E+01
