  0.1407986E+02 -0.2154560E-01  0.2256671E+00 -0.1430209E-01 -0.1982550E+00 -0.6852154E-01  0.3503061E+01 -0.5515690E-03 -0.9402387E-05  0.1073903E+01  0.7569683E-01  0.4575143E+01
  0.1409722E+02 -0.2153506E-01  0.2256243E+00 -0.1432393E-01 -0.1981690E+00 -0.6767921E-01  0.3526397E+01  0.4809623E-03 -0.2485632E-05  0.1078708E+01  0.3490881E-01  0.4564409E+01
  0.1411458E+02 -0.2152333E-01  0.2255803E+00 -0.1434510E-01 -0.1981099E+00 -0.7019347E-01  0.3153172E+01  0.1443902E-02  0.8393418E-05  0.1079842E+01 -0.4610606E-02  0.4151264E+01
  0.1413194E+02 -0.2151265E-01  0.2255349E+00 -0.1436375E-01 -0.1980751E+00 -0.7533192E-01  0.2533365E+01  0.1719325E-02 -0.4881947E-05  0.1077387E+01 -0.2986812E-01  0.3498849E+01
  0.1414931E+02 -0.2150749E-01  0.2254882E+00 -0.1437892E-01 -0.1980532E+00 -0.8026813E-01  0.2018501E+01  0.9342189E-03 -0.1701968E-04  0.1074444E+01 -0.1773000E-01  0.2987413E+01
  0.1416667E+02 -0.2150964E-01  0.2254417E+00 -0.1439141E-01 -0.1980248E+00 -0.8340128E-01  0.1869906E+01 -0.7250065E-04 -0.1004465E-04  0.1074319E+01  0.2791706E-01  0.2880174E+01
  0.1418403E+02 -0.2151716E-01  0.2253983E+00 -0.1440312E-01 -0.1979707E+00 -0.8503758E-01  0.2109794E+01 -0.1038889E-02 -0.2388864E-05  0.1077512E+01  0.7224033E-01  0.3164975E+01
  0.1420139E+02 -0.2151679E-01  0.2253599E+00 -0.1441586E-01 -0.1979193E+00 -0.8532275E-01  0.2703537E+01 -0.1951576E-02 -0.1885144E-05  0.1081589E+01  0.9780999E-01  0.3787168E+01
  0.1421875E+02 -0.2149997E-01  0.2253250E+00 -0.1443102E-01 -0.1978814E+00 -0.8362013E-01  0.3433826E+01 -0.1846725E-02 -0.8320467E-05  0.1085401E+01  0.1085150E+00  0.4533779E+01
  0.1423611E+02 -0.2147191E-01  0.2252902E+00 -0.1444930E-01 -0.1978499E+00 -0.7982957E-01  0.3952528E+01 -0.9289697E-03 -0.9185793E-05  0.1089265E+01  0.9859731E-01  0.5051141E+01
  0.1425347E+02 -0.2144755E-01  0.2252524E+00 -0.1446908E-01 -0.1978194E+00 -0.7565587E-01  0.4035881E+01  0.3936101E-03 -0.8577975E-06  0.1092243E+01  0.6292310E-01  0.5107300E+01
  0.1427083E+02 -0.2143341E-01  0.2252102E+00 -0.1448831E-01 -0.1977987E+00 -0.7356653E-01  0.3680693E+01  0.1300083E-02  0.1345330E-04  0.1093145E+01  0.3422321E-01  0.4727298E+01
  0.1428819E+02 -0.2143014E-01  0.2251634E+00 -0.1450603E-01 -0.1977803E+00 -0.7470336E-01  0.3066781E+01  0.1751158E-02  0.2447910E-04  0.1092674E+01  0.3368414E-01  0.4111658E+01
  0.1430556E+02 -0.2143289E-01  0.2251136E+00 -0.1452150E-01 -0.1977601E+00 -0.7829607E-01  0.2473413E+01  0.1349134E-02  0.1353020E-04  0.1091692E+01  0.3530937E-01  0.3514881E+01
  0.1432292E+02 -0.2143673E-01  0.2250651E+00 -0.1453469E-01 -0.1977275E+00 -0.8261364E-01  0.2134247E+01  0.6040175E-03 -0.4091963E-05  0.1089582E+01  0.1480393E-01  0.3147986E+01
  0.1434028E+02 -0.2144177E-01  0.2250208E+00 -0.1454628E-01 -0.1977043E+00 -0.8589213E-01  0.2011150E+01  0.1790265E-03 -0.3609081E-05  0.1087040E+01  0.1652761E-02  0.3005455E+01
  0.1435764E+02 -0.2144217E-01  0.2249798E+00 -0.1455695E-01 -0.1976976E+00 -0.8676011E-01  0.2018173E+01 -0.2938895E-03  0.7268193E-05  0.1086096E+01  0.3592005E-01  0.3044426E+01
  0.1437500E+02 -0.2143154E-01  0.2249380E+00 -0.1456799E-01 -0.1982650E+00 -0.8471971E-01  0.2885075E+01 -0.5138655E-02 -0.6493382E-05  0.1087593E+01  0.1424700E+00  0.4015946E+01
