  0.1251736E+02 -0.2214985E-01  0.2286904E+00 -0.1285461E-01 -0.2020019E+00 -0.8078248E-01  0.2897815E+01 -0.7899071E-03 -0.6377670E-05  0.9469278E+00  0.1347801E+00  0.3889629E+01
  0.1253472E+02 -0.2213817E-01  0.2286722E+00 -0.1286805E-01 -0.2020000E+00 -0.7752099E-01  0.3128858E+01 -0.5332816E-03 -0.7524976E-05  0.9507663E+00  0.1479504E+00  0.4141179E+01
  0.1255208E+02 -0.2212916E-01  0.2286556E+00 -0.1288311E-01 -0.2019916E+00 -0.7537073E-01  0.3234425E+01 -0.9496442E-04 -0.3825780E-05  0.9542537E+00  0.1483568E+00  0.4253218E+01
  0.1256944E+02 -0.2212208E-01  0.2286410E+00 -0.1289956E-01 -0.2019711E+00 -0.7493007E-01  0.3226754E+01  0.1287698E-03  0.2051873E-05  0.9574229E+00  0.1530360E+00  0.4254062E+01
  0.1258681E+02 -0.2211687E-01  0.2286280E+00 -0.1291680E-01 -0.2019407E+00 -0.7594090E-01  0.3135251E+01  0.4421604E-03  0.1880577E-04  0.9604784E+00  0.1477034E+00  0.4159607E+01
  0.1260417E+02 -0.2211050E-01  0.2286159E+00 -0.1293343E-01 -0.2019056E+00 -0.7831299E-01  0.3028144E+01  0.2795742E-03  0.3027329E-04  0.9621050E+00  0.1218445E+00  0.4025757E+01
  0.1262153E+02 -0.2210092E-01  0.2286048E+00 -0.1294921E-01 -0.2018671E+00 -0.8183389E-01  0.2972981E+01  0.1742793E-03  0.2281843E-04  0.9606423E+00  0.7984253E-01  0.3923516E+01
  0.1263889E+02 -0.2208973E-01  0.2285946E+00 -0.1296441E-01 -0.2018298E+00 -0.8509932E-01  0.2921928E+01  0.2079666E-03  0.2692762E-05  0.9573727E+00  0.3403602E-01  0.3820158E+01
  0.1265625E+02 -0.2207817E-01  0.2285846E+00 -0.1297878E-01 -0.2017978E+00 -0.8621292E-01  0.2914453E+01 -0.2184471E-03 -0.1045413E-04  0.9555042E+00  0.2565140E-01  0.3800897E+01
  0.1267361E+02 -0.2206708E-01  0.2285726E+00 -0.1299296E-01 -0.2017660E+00 -0.8451966E-01  0.2993337E+01 -0.4300708E-03 -0.1826374E-04  0.9570601E+00  0.4171622E-01  0.3898891E+01
  0.1269097E+02 -0.2205531E-01  0.2285565E+00 -0.1300813E-01 -0.2017406E+00 -0.8112658E-01  0.2983566E+01  0.5298966E-03 -0.6771091E-05  0.9601998E+00  0.6298159E-01  0.3917896E+01
  0.1270833E+02 -0.2207568E-01  0.2285250E+00 -0.1302408E-01 -0.2016467E+00 -0.7807827E-01  0.2939822E+01  0.6971429E-04 -0.7814693E-05  0.9624179E+00  0.8943523E-01  0.3905438E+01
  0.1272569E+02 -0.2211555E-01  0.2284851E+00 -0.1304139E-01 -0.2015154E+00 -0.7677071E-01  0.3280317E+01 -0.2160460E-02 -0.2489551E-05  0.9648498E+00  0.1249164E+00  0.4282962E+01
  0.1274306E+02 -0.2211215E-01  0.2284660E+00 -0.1306155E-01 -0.2014781E+00 -0.7708999E-01  0.3534553E+01  0.3890362E-03  0.1873366E-04  0.9688840E+00  0.1473554E+00  0.4565925E+01
  0.1276042E+02 -0.2210833E-01  0.2284505E+00 -0.1308137E-01 -0.2014369E+00 -0.7796154E-01  0.3398637E+01  0.4091895E-03  0.3958364E-05  0.9730560E+00  0.1438302E+00  0.4429799E+01
  0.1277778E+02 -0.2210041E-01  0.2284381E+00 -0.1309979E-01 -0.2013970E+00 -0.7831402E-01  0.3277229E+01  0.2508199E-03 -0.3202281E-05  0.9755322E+00  0.1441612E+00  0.4310697E+01
  0.1279514E+02 -0.2208597E-01  0.2284270E+00 -0.1311700E-01 -0.2013601E+00 -0.7770759E-01  0.3225719E+01 -0.6352403E-04 -0.8973500E-05  0.9757773E+00  0.1426428E+00  0.4258223E+01
  0.1281250E+02 -0.2206618E-01  0.2284125E+00 -0.1313359E-01 -0.2019383E+00 -0.7704207E-01  0.3239194E+01 -0.9251162E-04 -0.1596517E-04  0.9748289E+00  0.1289367E+00  0.4257083E+01
