  0.1814236E+02 -0.2004957E-01  0.2142314E+00 -0.1886001E-01 -0.1771753E+00  0.4481039E-03  0.2039131E+01  0.1068940E-02  0.1097547E-04  0.1354146E+01  0.4019957E-01  0.3433151E+01
  0.1815972E+02 -0.2004060E-01  0.2141550E+00 -0.1887851E-01 -0.1770548E+00 -0.6485650E-03  0.1769483E+01  0.4113594E-03  0.2253652E-05  0.1352380E+01  0.3535985E-01  0.3155169E+01
  0.1817708E+02 -0.2003097E-01  0.2140771E+00 -0.1889525E-01 -0.1769694E+00 -0.8338424E-03  0.1815589E+01 -0.4473923E-03 -0.7010882E-05  0.1349645E+01  0.3417975E-01  0.3196307E+01
  0.1819444E+02 -0.2002827E-01  0.2140019E+00 -0.1891253E-01 -0.1769036E+00  0.2887426E-03  0.2133918E+01 -0.1017317E-02 -0.4866838E-05  0.1347313E+01  0.2108427E-01  0.3499739E+01
  0.1821181E+02 -0.2002990E-01  0.2139316E+00 -0.1893262E-01 -0.1768185E+00  0.2584819E-02  0.2638978E+01 -0.1466403E-02 -0.1477219E-05  0.1345858E+01  0.2384177E-01  0.4007946E+01
  0.1822917E+02 -0.2002936E-01  0.2138653E+00 -0.1895640E-01 -0.1766702E+00  0.5231305E-02  0.3266143E+01 -0.1634310E-02 -0.1138077E-06  0.1346541E+01  0.5365154E-01  0.4668142E+01
  0.1824653E+02 -0.2002660E-01  0.2138016E+00 -0.1898349E-01 -0.1764778E+00  0.7256536E-02  0.3800845E+01 -0.1034521E-02 -0.3883931E-05  0.1348798E+01  0.7591168E-01  0.5230087E+01
  0.1826389E+02 -0.2001993E-01  0.2137383E+00 -0.1901239E-01 -0.1762769E+00  0.8704650E-02  0.3908881E+01  0.3127397E-03 -0.8204859E-05  0.1351233E+01  0.6667187E-01  0.5334224E+01
  0.1828125E+02 -0.2000989E-01  0.2136721E+00 -0.1904139E-01 -0.1760756E+00  0.1062490E-01  0.3495236E+01  0.1367854E-02 -0.1228247E-04  0.1353501E+01  0.6430950E-01  0.4923572E+01
  0.1829861E+02 -0.1999879E-01  0.2136009E+00 -0.1906878E-01 -0.1758718E+00  0.1318616E-01  0.2887914E+01  0.1294696E-02 -0.1260512E-04  0.1354676E+01  0.9958108E-01  0.4355301E+01
  0.1831597E+02 -0.1999046E-01  0.2135263E+00 -0.1909442E-01 -0.1756491E+00  0.1575417E-01  0.2431765E+01  0.8404330E-03 -0.1013752E-04  0.1355112E+01  0.1347110E+00  0.3936964E+01
  0.1833333E+02 -0.1998438E-01  0.2134511E+00 -0.1911912E-01 -0.1754021E+00  0.1868274E-01  0.2241387E+01  0.2118364E-03 -0.2143607E-05  0.1356275E+01  0.1252053E+00  0.3740705E+01
  0.1835069E+02 -0.1997841E-01  0.2133784E+00 -0.1914380E-01 -0.1751899E+00  0.2292777E-01  0.2261323E+01 -0.2355603E-04  0.1803835E-04  0.1358445E+01  0.7530178E-01  0.3717058E+01
  0.1836806E+02 -0.1998230E-01  0.2133085E+00 -0.1916833E-01 -0.1749964E+00  0.2815766E-01  0.1956766E+01  0.2250133E-02  0.1142807E-04  0.1359992E+01 -0.2244229E-01  0.3323896E+01
  0.1838542E+02 -0.2004926E-01  0.2132108E+00 -0.1919026E-01 -0.1746747E+00  0.3208989E-01  0.2326515E+01 -0.4115751E-02  0.4813658E-05  0.1360397E+01 -0.3447111E-01  0.3679716E+01
  0.1840278E+02 -0.2004580E-01  0.2131484E+00 -0.1921577E-01 -0.1745438E+00  0.3311115E-01  0.3197021E+01 -0.7686422E-03  0.1449077E-04  0.1362303E+01  0.3116816E-01  0.4622192E+01
  0.1842014E+02 -0.2003889E-01  0.2130883E+00 -0.1924172E-01 -0.1744616E+00  0.3218280E-01  0.3384023E+01 -0.2119097E-03  0.8765247E-05  0.1363756E+01  0.5099329E-01  0.4830098E+01
  0.1843750E+02 -0.2003038E-01  0.2130285E+00 -0.1926770E-01 -0.1770519E+00  0.3091449E-01  0.3203052E+01  0.9101656E-03 -0.2984011E-05  0.1366003E+01  0.6194962E-01  0.4659505E+01
