  0.2501736E+02 -0.1836740E-01  0.2066642E+00 -0.2680468E-01 -0.1264838E+00  0.1202805E+00  0.3065038E+01  0.4071697E-02  0.2122302E-04  0.1497172E+01  0.2045209E-01  0.4742044E+01
  0.2503472E+02 -0.1836054E-01  0.2067203E+00 -0.2681810E-01 -0.1264622E+00  0.1260037E+00  0.2354910E+01 -0.2352275E-03 -0.4228353E-05  0.1500263E+01 -0.8393130E-02  0.4007623E+01
  0.2505208E+02 -0.1835545E-01  0.2067753E+00 -0.2683103E-01 -0.1264718E+00  0.1360493E+00  0.2473015E+01 -0.4055885E-03 -0.3136846E-04  0.1505056E+01 -0.5007441E-01  0.4098726E+01
  0.2506944E+02 -0.1835250E-01  0.2068283E+00 -0.2684495E-01 -0.1265016E+00  0.1433940E+00  0.2543827E+01  0.3980457E-04 -0.5007797E-04  0.1508748E+01 -0.1303914E+00  0.4100696E+01
  0.2508681E+02 -0.1834739E-01  0.2068789E+00 -0.2685959E-01 -0.1264255E+00  0.1410115E+00  0.2385234E+01  0.7752210E-03 -0.4028912E-04  0.1505990E+01 -0.2060715E+00  0.3862145E+01
  0.2510417E+02 -0.1833766E-01  0.2069276E+00 -0.2687503E-01 -0.1262158E+00  0.1291853E+00  0.2040178E+01  0.1024306E-02 -0.1747859E-04  0.1497016E+01 -0.2249064E+00  0.3477979E+01
  0.2512153E+02 -0.1832729E-01  0.2069770E+00 -0.2689068E-01 -0.1259925E+00  0.1149539E+00  0.1753092E+01  0.5050785E-03  0.6855601E-05  0.1487757E+01 -0.1784980E+00  0.3213583E+01
  0.2513889E+02 -0.1831868E-01  0.2070282E+00 -0.2690561E-01 -0.1258074E+00  0.1045856E+00  0.1718778E+01 -0.2857107E-03  0.3083981E-04  0.1483781E+01 -0.1062963E+00  0.3236589E+01
  0.2515625E+02 -0.1831387E-01  0.2070821E+00 -0.2692039E-01 -0.1256732E+00  0.9962974E-01  0.1914847E+01 -0.6900165E-03  0.3884717E-04  0.1485483E+01 -0.4043725E-01  0.3495046E+01
  0.2517361E+02 -0.1831477E-01  0.2071371E+00 -0.2693501E-01 -0.1256136E+00  0.9911925E-01  0.2126701E+01 -0.3981251E-03  0.3050445E-04  0.1489888E+01  0.1491845E-01  0.3766532E+01
  0.2519097E+02 -0.1831736E-01  0.2071911E+00 -0.2694869E-01 -0.1256069E+00  0.1025807E+00  0.2355756E+01 -0.7294721E-03  0.1627230E-04  0.1493985E+01  0.6603661E-01  0.4053963E+01
  0.2520833E+02 -0.1831942E-01  0.2072437E+00 -0.2696261E-01 -0.1256063E+00  0.1088521E+00  0.2730458E+01 -0.1002306E-02 -0.1625821E-05  0.1498193E+01  0.9406408E-01  0.4466919E+01
  0.2522569E+02 -0.1832095E-01  0.2072951E+00 -0.2697841E-01 -0.1255780E+00  0.1141699E+00  0.3007507E+01 -0.1966726E-03 -0.2032047E-04  0.1502053E+01  0.5996095E-01  0.4719891E+01
  0.2524306E+02 -0.1832368E-01  0.2073473E+00 -0.2699548E-01 -0.1255236E+00  0.1140387E+00  0.3031913E+01  0.2166832E-03 -0.2009921E-04  0.1502253E+01 -0.9910602E-02  0.4674996E+01
  0.2526042E+02 -0.1832668E-01  0.2074013E+00 -0.2701335E-01 -0.1254471E+00  0.1073848E+00  0.2878692E+01  0.6062367E-03 -0.1349477E-04  0.1499175E+01 -0.7328889E-01  0.4449170E+01
  0.2527778E+02 -0.1832752E-01  0.2074558E+00 -0.2703106E-01 -0.1253047E+00  0.9749427E-01  0.2545658E+01  0.1003200E-02 -0.1427050E-04  0.1496283E+01 -0.1270778E+00  0.4050140E+01
  0.2529514E+02 -0.1832604E-01  0.2075085E+00 -0.2704776E-01 -0.1251649E+00  0.8779618E-01  0.2115575E+01  0.1019678E-02 -0.1232848E-04  0.1494934E+01 -0.1655763E+00  0.3570706E+01
  0.2531250E+02 -0.1832441E-01  0.2075578E+00 -0.2706259E-01 -0.1268681E+00  0.8011580E-01  0.1842703E+01  0.2766575E-03 -0.6849775E-05  0.1494467E+01 -0.1718523E+00  0.3281005E+01
