  0.1939236E+02 -0.1967707E-01  0.2101332E+00 -0.2047866E-01 -0.1669774E+00  0.5978438E-01  0.3074719E+01  0.3497521E-02  0.5752212E-05  0.1409976E+01  0.1637275E+00  0.4714711E+01
  0.1940972E+02 -0.1966704E-01  0.2100783E+00 -0.2049976E-01 -0.1668434E+00  0.5909561E-01  0.2558666E+01 -0.1279559E-03 -0.1194776E-04  0.1416655E+01  0.7181103E-01  0.4109156E+01
  0.1942708E+02 -0.1965557E-01  0.2100206E+00 -0.2052079E-01 -0.1667177E+00  0.5836617E-01  0.2674975E+01 -0.1996928E-03 -0.3072067E-04  0.1420163E+01  0.1677481E-01  0.4173176E+01
  0.1944444E+02 -0.1964820E-01  0.2099613E+00 -0.2054285E-01 -0.1665417E+00  0.5924480E-01  0.2787569E+01 -0.2406048E-03 -0.2159739E-04  0.1419448E+01  0.3400440E-02  0.4272629E+01
  0.1946181E+02 -0.1965101E-01  0.2099021E+00 -0.2056699E-01 -0.1662952E+00  0.6260759E-01  0.2678195E+01  0.6682993E-03 -0.9013345E-06  0.1418295E+01 -0.1324043E-01  0.4149914E+01
  0.1947917E+02 -0.1965812E-01  0.2098428E+00 -0.2059196E-01 -0.1660581E+00  0.6670830E-01  0.2238340E+01  0.1148574E-02 -0.4759696E-06  0.1418366E+01 -0.3305965E-01  0.3695037E+01
  0.1949653E+02 -0.1966411E-01  0.2097817E+00 -0.2061602E-01 -0.1658768E+00  0.6861538E-01  0.1833584E+01  0.4552915E-03 -0.1121419E-04  0.1417334E+01 -0.1217088E-01  0.3311431E+01
  0.1951389E+02 -0.1966737E-01  0.2097171E+00 -0.2063878E-01 -0.1657033E+00  0.6738275E-01  0.1710171E+01 -0.5336956E-04 -0.2023210E-04  0.1415066E+01  0.3538588E-01  0.3231640E+01
  0.1953125E+02 -0.1966605E-01  0.2096492E+00 -0.2066069E-01 -0.1655535E+00  0.6461066E-01  0.1263416E+01  0.2636623E-02  0.3103108E-05  0.1414344E+01  0.4846579E-01  0.2797245E+01
  0.1954861E+02 -0.1971904E-01  0.2095628E+00 -0.2067848E-01 -0.1652850E+00  0.6274983E-01  0.1267085E+01 -0.2310898E-02 -0.2541559E-05  0.1414030E+01  0.9665430E-01  0.2842086E+01
  0.1956597E+02 -0.1974247E-01  0.2094874E+00 -0.2069851E-01 -0.1650650E+00  0.6288609E-01  0.2247419E+01 -0.2592972E-02 -0.1701921E-04  0.1415898E+01  0.1547270E+00  0.3882302E+01
  0.1958333E+02 -0.1974177E-01  0.2094176E+00 -0.2072088E-01 -0.1649256E+00  0.6535927E-01  0.3102568E+01 -0.1460299E-02  0.4037331E-05  0.1420257E+01  0.1307110E+00  0.4721468E+01
  0.1960069E+02 -0.1974264E-01  0.2093479E+00 -0.2074442E-01 -0.1648338E+00  0.7011243E-01  0.3497354E+01 -0.2869932E-03  0.4491391E-05  0.1425474E+01  0.6902998E-01  0.5065715E+01
  0.1961806E+02 -0.1974140E-01  0.2092766E+00 -0.2076841E-01 -0.1647079E+00  0.7554928E-01  0.3404354E+01  0.7531087E-03  0.3591116E-05  0.1425952E+01  0.1311231E-02  0.4911983E+01
  0.1963542E+02 -0.1974014E-01  0.2092025E+00 -0.2079259E-01 -0.1645003E+00  0.7887954E-01  0.2980002E+01  0.1177658E-02  0.6469596E-05  0.1422888E+01 -0.3597360E-01  0.4451149E+01
  0.1965278E+02 -0.1973808E-01  0.2091270E+00 -0.2081676E-01 -0.1642750E+00  0.7894941E-01  0.2494653E+01  0.9921141E-03  0.5084074E-05  0.1420637E+01 -0.3008834E-01  0.3969445E+01
  0.1967014E+02 -0.1973280E-01  0.2090501E+00 -0.2084065E-01 -0.1641309E+00  0.7687322E-01  0.2180884E+01  0.4524538E-03  0.3457206E-05  0.1420274E+01 -0.2397837E-02  0.3680435E+01
  0.1968750E+02 -0.1972706E-01  0.2089698E+00 -0.2086369E-01 -0.1667242E+00  0.7336923E-01  0.2082702E+01  0.5880062E-04  0.1458172E-04  0.1422665E+01  0.1752158E-02  0.3582216E+01
