  0.6267361E+01 -0.2665265E-01  0.2052452E+00 -0.7119269E-02 -0.2011362E+00 -0.3861948E-01  0.3323713E+01  0.2651155E-02 -0.4376196E-05  0.6483598E+00  0.2485724E+00  0.4155009E+01
  0.6284722E+01 -0.2664638E-01  0.2054542E+00 -0.7135236E-02 -0.2011918E+00 -0.3892510E-01  0.3002143E+01  0.1789646E-03  0.2635754E-04  0.6482750E+00  0.2557879E+00  0.3837967E+01
  0.6302083E+01 -0.2664614E-01  0.2056632E+00 -0.7151263E-02 -0.2012369E+00 -0.3924010E-01  0.3030309E+01 -0.3258242E-03  0.2187756E-04  0.6488834E+00  0.2850877E+00  0.3895365E+01
  0.6319444E+01 -0.2664772E-01  0.2058728E+00 -0.7168360E-02 -0.2012736E+00 -0.3925428E-01  0.3184574E+01 -0.6435990E-03  0.5215287E-05  0.6503148E+00  0.3062380E+00  0.4072017E+01
  0.6336806E+01 -0.2664689E-01  0.2060823E+00 -0.7187288E-02 -0.2013101E+00 -0.3896186E-01  0.3393500E+01 -0.6950509E-03  0.5832104E-05  0.6523581E+00  0.2968967E+00  0.4274042E+01
  0.6354167E+01 -0.2664028E-01  0.2062906E+00 -0.7207860E-02 -0.2013547E+00 -0.3863428E-01  0.3549841E+01 -0.3120881E-03  0.4047390E-05  0.6542116E+00  0.2644264E+00  0.4400624E+01
  0.6371528E+01 -0.2663085E-01  0.2064968E+00 -0.7228919E-02 -0.2014031E+00 -0.3849524E-01  0.3516985E+01  0.5195419E-03 -0.5399263E-05  0.6555082E+00  0.2266257E+00  0.4332372E+01
  0.6388889E+01 -0.2662699E-01  0.2067006E+00 -0.7248925E-02 -0.2014486E+00 -0.3854167E-01  0.3249639E+01  0.1176003E-02 -0.1324186E-04  0.6563550E+00  0.1890978E+00  0.4029089E+01
  0.6406250E+01 -0.2662970E-01  0.2069018E+00 -0.7266653E-02 -0.2014971E+00 -0.3872389E-01  0.2886953E+01  0.1133291E-02 -0.9369445E-05  0.6564900E+00  0.1755756E+00  0.3652927E+01
  0.6423611E+01 -0.2663574E-01  0.2071003E+00 -0.7282014E-02 -0.2015456E+00 -0.3910493E-01  0.2606521E+01  0.6866204E-03 -0.8764138E-05  0.6558370E+00  0.2036244E+00  0.3399193E+01
  0.6440972E+01 -0.2664460E-01  0.2072979E+00 -0.7295586E-02 -0.2015856E+00 -0.3960039E-01  0.2551680E+01 -0.2454688E-03 -0.9912364E-05  0.6551329E+00  0.2516683E+00  0.3390397E+01
  0.6458333E+01 -0.2665294E-01  0.2074972E+00 -0.7308999E-02 -0.2016261E+00 -0.3997681E-01  0.2780444E+01 -0.1097422E-02 -0.2776313E-05  0.6551519E+00  0.2964824E+00  0.3662910E+01
  0.6475694E+01 -0.2665887E-01  0.2076996E+00 -0.7324178E-02 -0.2016658E+00 -0.4002947E-01  0.3183634E+01 -0.1415478E-02  0.2098052E-05  0.6561589E+00  0.3183574E+00  0.4088758E+01
  0.6493056E+01 -0.2665964E-01  0.2079043E+00 -0.7342260E-02 -0.2017053E+00 -0.3981357E-01  0.3559494E+01 -0.9943243E-03 -0.1947480E-05  0.6576184E+00  0.3045337E+00  0.4453033E+01
  0.6510417E+01 -0.2665018E-01  0.2081098E+00 -0.7362729E-02 -0.2017514E+00 -0.3965767E-01  0.3785051E+01 -0.4728488E-03 -0.1451812E-04  0.6590811E+00  0.2773553E+00  0.4653688E+01
  0.6527778E+01 -0.2663673E-01  0.2083143E+00 -0.7383996E-02 -0.2018015E+00 -0.3971254E-01  0.3796924E+01  0.3870050E-03 -0.9166089E-05  0.6609121E+00  0.2465958E+00  0.4637590E+01
  0.6545139E+01 -0.2662988E-01  0.2085162E+00 -0.7403873E-02 -0.2018545E+00 -0.3987651E-01  0.3517804E+01  0.1375835E-02  0.7491605E-05  0.6629456E+00  0.2004942E+00  0.4315379E+01
  0.6562500E+01 -0.2663104E-01  0.2087166E+00 -0.7420523E-02 -0.2022346E+00 -0.4015919E-01  0.3013976E+01  0.1802896E-02  0.4028712E-05  0.6639514E+00  0.1573959E+00  0.3769402E+01
