  0.1720486E+02 -0.4289128E+02 -0.4802233E-01  0.2320289E+00  0.3377302E+00  0.5922459E-01 -0.3293577E-01  0.1532543E-02  0.1773100E-04 -0.3752744E-04  0.4014787E+02 -0.2193869E+01 -0.2228278E+01
  0.1722222E+02 -0.4288226E+02 -0.4982126E-01  0.2324833E+00  0.3630013E+00  0.5270447E-01 -0.3294579E-01  0.1531390E-02  0.3391264E-04 -0.5351295E-04  0.4014597E+02 -0.2169359E+01 -0.2228155E+01
  0.1723958E+02 -0.4287863E+02 -0.5119498E-01  0.2330921E+00  0.3684886E+00  0.5187520E-01 -0.3295356E-01  0.1533903E-02  0.1817029E-04 -0.5387568E-04  0.4014423E+02 -0.2163603E+01 -0.2228085E+01
  0.1725694E+02 -0.4287187E+02 -0.5247417E-01  0.2340657E+00  0.3437957E+00  0.5281981E-01 -0.3295239E-01  0.1539228E-02 -0.5218805E-04  0.2115877E-04  0.4014230E+02 -0.2182809E+01 -0.2228108E+01
  0.1727431E+02 -0.4286701E+02 -0.5479463E-01  0.2352623E+00  0.3072967E+00  0.5489352E-01 -0.3293618E-01  0.1544226E-02 -0.4149110E-04  0.6480703E-04  0.4013988E+02 -0.2215838E+01 -0.2228257E+01
  0.1729167E+02 -0.4287673E+02 -0.5931946E-01  0.2362578E+00  0.2917506E+00  0.6275251E-01 -0.3291483E-01  0.1546879E-02  0.1070165E-03  0.2568295E-04  0.4013696E+02 -0.2239566E+01 -0.2228500E+01
  0.1730903E+02 -0.4289965E+02 -0.6538481E-01  0.2369042E+00  0.3080201E+00  0.7754377E-01 -0.3291030E-01  0.1548027E-02  0.1813763E-03 -0.2078617E-04  0.4013385E+02 -0.2239916E+01 -0.2228711E+01
  0.1732639E+02 -0.4292292E+02 -0.7013040E-01  0.2375510E+00  0.3284638E+00  0.9191069E-01 -0.3293254E-01  0.1548775E-02  0.1574687E-03 -0.3879157E-04  0.4013075E+02 -0.2235632E+01 -0.2228716E+01
  0.1734375E+02 -0.4292893E+02 -0.7098839E-01  0.2384663E+00  0.3323470E+00  0.9474441E-01 -0.3297009E-01  0.1548989E-02  0.5765265E-04 -0.1120066E-04  0.4012764E+02 -0.2238095E+01 -0.2228480E+01
  0.1736111E+02 -0.4291258E+02 -0.6785776E-01  0.2394166E+00  0.3231569E+00  0.8354779E-01 -0.3300509E-01  0.1548329E-02 -0.6396045E-04  0.4337536E-04  0.4012444E+02 -0.2241347E+01 -0.2228151E+01
  0.1737847E+02 -0.4288455E+02 -0.6246245E-01  0.2401347E+00  0.3120338E+00  0.6530026E-01 -0.3302606E-01  0.1546921E-02 -0.1273329E-03  0.4244237E-04  0.4012119E+02 -0.2239918E+01 -0.2227868E+01
  0.1739583E+02 -0.4285624E+02 -0.5678857E-01  0.2405581E+00  0.3056535E+00  0.4828337E-01 -0.3303064E-01  0.1545796E-02 -0.1394488E-03  0.1194996E-04  0.4011805E+02 -0.2232096E+01 -0.2227649E+01
  0.1741319E+02 -0.4283970E+02 -0.5240811E-01  0.2408426E+00  0.3131869E+00  0.4146359E-01 -0.3302167E-01  0.1546648E-02 -0.6675893E-04  0.1312046E-04  0.4011513E+02 -0.2213009E+01 -0.2227465E+01
  0.1743056E+02 -0.4283826E+02 -0.5024039E-01  0.2412130E+00  0.3267712E+00  0.4704031E-01 -0.3300370E-01  0.1550342E-02 -0.5197536E-04  0.2238102E-04  0.4011257E+02 -0.2192380E+01 -0.2227275E+01
  0.1744792E+02 -0.4283812E+02 -0.5050342E-01  0.2417286E+00  0.3198602E+00  0.5404817E-01 -0.3298380E-01  0.1555626E-02 -0.4904076E-04  0.1651198E-04  0.4011016E+02 -0.2194287E+01 -0.2227122E+01
  0.1746528E+02 -0.4283214E+02 -0.5242635E-01  0.2422845E+00  0.3038392E+00  0.5593884E-01 -0.3297227E-01  0.1559790E-02  0.2400027E-04  0.1944292E-06  0.4010753E+02 -0.2206363E+01 -0.2227112E+01
  0.1748264E+02 -0.4283689E+02 -0.5419181E-01  0.2427364E+00  0.3003526E+00  0.5976267E-01 -0.3297874E-01  0.1560890E-02  0.5161199E-04 -0.1673161E-04  0.4010474E+02 -0.2214871E+01 -0.2227238E+01
  0.1750000E+02 -0.4285489E+02 -0.5370750E-01  0.2432169E+00  0.3096707E+00  0.7038256E-01 -0.3300147E-01  0.1559556E-02  0.8447637E-04 -0.5830927E-04  0.4010193E+02 -0.2214813E+01 -0.2227370E+01
