  0.2689236E+02 -0.4093559E+02  0.8023565E-01  0.2719257E+00 -0.1302564E-01 -0.1860529E-01 -0.4112658E-01  0.1298676E-02  0.7070088E-04 -0.7801296E-04  0.3850622E+02 -0.2148675E+01 -0.2087932E+01
  0.2690972E+02 -0.4093629E+02  0.7796355E-01  0.2710682E+00  0.3547356E-03 -0.1663748E-01 -0.4109023E-01  0.1296860E-02  0.1047859E-03 -0.6274674E-04  0.3850205E+02 -0.2141237E+01 -0.2087631E+01
  0.2692708E+02 -0.4093213E+02  0.7125728E-01  0.2703290E+00  0.3683239E-01 -0.1713145E-01 -0.4106287E-01  0.1294962E-02  0.1125383E-03 -0.1770400E-04  0.3849803E+02 -0.2112490E+01 -0.2087244E+01
  0.2694444E+02 -0.4093597E+02  0.6144840E-01  0.2696565E+00  0.9527292E-01 -0.1191816E-01 -0.4105195E-01  0.1293351E-02  0.1654468E-03 -0.1987237E-04  0.3849444E+02 -0.2066686E+01 -0.2086919E+01
  0.2696181E+02 -0.4095197E+02  0.5146261E-01  0.2688744E+00  0.1612132E+00  0.1871593E-02 -0.4107093E-01  0.1293755E-02  0.1724838E-03 -0.3276948E-04  0.3849157E+02 -0.2016617E+01 -0.2086671E+01
  0.2697917E+02 -0.4096576E+02  0.4553098E-01  0.2681777E+00  0.1930763E+00  0.1547618E-01 -0.4111902E-01  0.1296410E-02  0.3812850E-04 -0.4112963E-05  0.3848930E+02 -0.1993988E+01 -0.2086528E+01
  0.2699653E+02 -0.4096812E+02  0.4638683E-01  0.2679825E+00  0.1765269E+00  0.2041490E-01 -0.4117109E-01  0.1298648E-02 -0.1873519E-04  0.1627829E-04  0.3848699E+02 -0.2009691E+01 -0.2086465E+01
  0.2701389E+02 -0.4095867E+02  0.5246274E-01  0.2679583E+00  0.1365932E+00  0.1424588E-01 -0.4119832E-01  0.1298060E-02 -0.4249896E-04  0.1969274E-04  0.3848431E+02 -0.2043022E+01 -0.2086286E+01
  0.2703125E+02 -0.4093953E+02  0.5960665E-01  0.2674705E+00  0.7945608E-01  0.5951543E-03 -0.4119409E-01  0.1294206E-02 -0.1243482E-03  0.2935794E-04  0.3848114E+02 -0.2091256E+01 -0.2085929E+01
  0.2704861E+02 -0.4091184E+02  0.6434987E-01  0.2664847E+00  0.1206375E-01 -0.1569587E-01 -0.4117252E-01  0.1290266E-02 -0.1436434E-03  0.2375296E-04  0.3847725E+02 -0.2147397E+01 -0.2085553E+01
  0.2706597E+02 -0.4088202E+02  0.6558569E-01  0.2656242E+00 -0.3147013E-01 -0.3168670E-01 -0.4114933E-01  0.1289783E-02 -0.8122815E-04  0.3097299E-04  0.3847267E+02 -0.2181202E+01 -0.2085257E+01
  0.2708333E+02 -0.4086267E+02  0.6361447E-01  0.2655450E+00 -0.1916502E-01 -0.4291128E-01 -0.4112892E-01  0.1291343E-02  0.2403708E-04  0.8379099E-05  0.3846786E+02 -0.2167528E+01 -0.2085057E+01
  0.2710069E+02 -0.4086226E+02  0.5893696E-01  0.2658870E+00  0.4190333E-01 -0.4316807E-01 -0.4111249E-01  0.1291463E-02  0.1209868E-03 -0.5320081E-04  0.3846350E+02 -0.2114958E+01 -0.2085003E+01
  0.2711806E+02 -0.4087805E+02  0.5276712E-01  0.2657377E+00  0.1176099E+00 -0.2829454E-01 -0.4111228E-01  0.1289751E-02  0.1095449E-03 -0.5806765E-04  0.3845993E+02 -0.2050078E+01 -0.2085106E+01
  0.2713542E+02 -0.4089891E+02  0.4829436E-01  0.2649856E+00  0.1759242E+00 -0.6269304E-02 -0.4114141E-01  0.1288608E-02  0.2836674E-04 -0.1926225E-04  0.3845717E+02 -0.1998651E+01 -0.2085254E+01
  0.2715278E+02 -0.4091318E+02  0.4919083E-01  0.2642781E+00  0.1983422E+00  0.7716934E-02 -0.4119373E-01  0.1289269E-02 -0.6481720E-04  0.1821560E-04  0.3845495E+02 -0.1978662E+01 -0.2085350E+01
  0.2717014E+02 -0.4091425E+02  0.5694924E-01  0.2641076E+00  0.1782692E+00  0.8723051E-02 -0.4124376E-01  0.1290084E-02 -0.1314930E-03  0.2456987E-04  0.3845291E+02 -0.1993353E+01 -0.2085346E+01
  0.2718750E+02 -0.4090654E+02  0.6930172E-01  0.2645109E+00  0.1167387E+00  0.4234204E-02 -0.4126409E-01  0.1290573E-02 -0.1653642E-03  0.2968989E-04  0.3845057E+02 -0.2041294E+01 -0.2085238E+01
