  0.4392361E+01 -0.2703519E-01  0.1798290E+00 -0.5275987E-02 -0.1925345E+00 -0.2604596E-01  0.3518546E+01  0.1902786E-02 -0.8044457E-05  0.5471526E+00  0.2056595E+00  0.4202191E+01
  0.4409722E+01 -0.2703719E-01  0.1800758E+00 -0.5293554E-02 -0.1926268E+00 -0.2603003E-01  0.3224413E+01  0.6127566E-03 -0.1469241E-04  0.5492484E+00  0.1886265E+00  0.3891975E+01
  0.4427083E+01 -0.2703493E-01  0.1803247E+00 -0.5310013E-02 -0.1927263E+00 -0.2661893E-01  0.3047537E+01  0.5554293E-03 -0.7899247E-05  0.5512266E+00  0.1946478E+00  0.3722593E+01
  0.4444444E+01 -0.2702982E-01  0.1805727E+00 -0.5325213E-02 -0.1928291E+00 -0.2744879E-01  0.2948271E+01  0.8716372E-04 -0.2931729E-05  0.5526099E+00  0.2155651E+00  0.3644470E+01
  0.4461806E+01 -0.2702567E-01  0.1808177E+00 -0.5339641E-02 -0.1929303E+00 -0.2803004E-01  0.2965965E+01 -0.2278000E-03 -0.3913315E-05  0.5536031E+00  0.2420624E+00  0.3688891E+01
  0.4479167E+01 -0.2702446E-01  0.1810605E+00 -0.5353646E-02 -0.1930253E+00 -0.2810645E-01  0.3041784E+01 -0.2793312E-03 -0.7599160E-05  0.5542065E+00  0.2636915E+00  0.3786946E+01
  0.4496528E+01 -0.2702501E-01  0.1813034E+00 -0.5367840E-02 -0.1931124E+00 -0.2791098E-01  0.3138503E+01 -0.3268638E-03 -0.5118433E-05  0.5543702E+00  0.2651878E+00  0.3885616E+01
  0.4513889E+01 -0.2702735E-01  0.1815494E+00 -0.5382986E-02 -0.1931943E+00 -0.2787958E-01  0.3226581E+01 -0.1900625E-03  0.5170391E-05  0.5546540E+00  0.2420702E+00  0.3951185E+01
  0.4531250E+01 -0.2702837E-01  0.1817991E+00 -0.5399176E-02 -0.1932781E+00 -0.2823958E-01  0.3256180E+01  0.5725029E-04  0.5239211E-05  0.5559584E+00  0.2070662E+00  0.3947121E+01
  0.4548611E+01 -0.2702619E-01  0.1820505E+00 -0.5415897E-02 -0.1933696E+00 -0.2888687E-01  0.3193939E+01  0.3786121E-03 -0.1010025E-04  0.5581424E+00  0.1904892E+00  0.3870291E+01
  0.4565972E+01 -0.2701770E-01  0.1823006E+00 -0.5432212E-02 -0.1934706E+00 -0.2968095E-01  0.3121094E+01  0.1044602E-03 -0.1769670E-04  0.5597526E+00  0.2103030E+00  0.3817935E+01
  0.4583333E+01 -0.2700730E-01  0.1825479E+00 -0.5448181E-02 -0.1935757E+00 -0.3040830E-01  0.3176648E+01 -0.4584802E-03 -0.2376314E-04  0.5602779E+00  0.2448200E+00  0.3907372E+01
  0.4600694E+01 -0.2700307E-01  0.1827917E+00 -0.5464595E-02 -0.1936758E+00 -0.3077092E-01  0.3344752E+01 -0.6241299E-03 -0.2248359E-04  0.5608852E+00  0.2667619E+00  0.4097630E+01
  0.4618056E+01 -0.2700583E-01  0.1830338E+00 -0.5481602E-02 -0.1937669E+00 -0.3069174E-01  0.3537561E+01 -0.6123624E-03  0.8547522E-05  0.5622328E+00  0.2725213E+00  0.4297799E+01
  0.4635417E+01 -0.2701011E-01  0.1832766E+00 -0.5499182E-02 -0.1938535E+00 -0.3043741E-01  0.3696601E+01 -0.3954722E-03  0.3094800E-04  0.5636462E+00  0.2684076E+00  0.4454767E+01
  0.4652778E+01 -0.2701052E-01  0.1835215E+00 -0.5517389E-02 -0.1939383E+00 -0.3023572E-01  0.3748921E+01  0.8045430E-04  0.2689509E-04  0.5645064E+00  0.2542370E+00  0.4494591E+01
  0.4670139E+01 -0.2700810E-01  0.1837673E+00 -0.5536067E-02 -0.1940228E+00 -0.3007930E-01  0.3704388E+01  0.2239724E-03  0.2659284E-04  0.5651922E+00  0.2339337E+00  0.4430886E+01
  0.4687500E+01 -0.2700436E-01  0.1840118E+00 -0.5555194E-02 -0.1941309E+00 -0.2990358E-01  0.3459026E+01  0.1929353E-02 -0.3432807E-05  0.5662375E+00  0.2199565E+00  0.4174563E+01
