  0.2751736E+02 -0.4082384E+02  0.2876653E-01  0.2583614E+00  0.1519302E+00 -0.1394655E-01 -0.4116595E-01  0.1273805E-02  0.2422584E-04  0.3242892E-04  0.3838000E+02 -0.2058573E+01 -0.2083565E+01
  0.2753472E+02 -0.4081637E+02  0.3088291E-01  0.2586454E+00  0.1514001E+00 -0.2162635E-01 -0.4119439E-01  0.1274746E-02 -0.4833173E-04  0.1930471E-04  0.3837654E+02 -0.2060476E+01 -0.2083285E+01
  0.2755208E+02 -0.4081400E+02  0.3621027E-01  0.2593581E+00  0.1332784E+00 -0.2369039E-01 -0.4121187E-01  0.1273492E-02 -0.1115759E-03 -0.9765613E-05  0.3837294E+02 -0.2075962E+01 -0.2083059E+01
  0.2756944E+02 -0.4082152E+02  0.4298702E-01  0.2602138E+00  0.9972668E-01 -0.1401662E-01 -0.4121030E-01  0.1271166E-02 -0.1058042E-03 -0.5060479E-04  0.3836911E+02 -0.2103594E+01 -0.2083019E+01
  0.2758681E+02 -0.4082817E+02  0.4862683E-01  0.2608275E+00  0.6661496E-01 -0.1518177E-02 -0.4119298E-01  0.1268905E-02 -0.8626171E-04 -0.4382571E-04  0.3836507E+02 -0.2128606E+01 -0.2083093E+01
  0.2760417E+02 -0.4082449E+02  0.5156423E-01  0.2609697E+00  0.4407689E-01  0.1453211E-02 -0.4117503E-01  0.1266755E-02 -0.6734442E-04 -0.5056054E-05  0.3836091E+02 -0.2145492E+01 -0.2083103E+01
  0.2762153E+02 -0.4081392E+02  0.5271052E-01  0.2607475E+00  0.4283127E-01 -0.2899619E-02 -0.4116806E-01  0.1265467E-02  0.6044067E-05  0.1435264E-04  0.3835676E+02 -0.2143650E+01 -0.2082933E+01
  0.2763889E+02 -0.4079699E+02  0.5346285E-01  0.2601585E+00  0.5799258E-01 -0.1240833E-01 -0.4116820E-01  0.1265811E-02  0.7398219E-05  0.3552654E-04  0.3835281E+02 -0.2124829E+01 -0.2082599E+01
  0.2765625E+02 -0.4077714E+02  0.5398748E-01  0.2590020E+00  0.1378885E+00 -0.2451203E-01 -0.4116633E-01  0.1265811E-02 -0.1429809E-04  0.2515243E-04  0.3834903E+02 -0.2041634E+01 -0.2082299E+01
  0.2767361E+02 -0.4076448E+02  0.5397903E-01  0.2575113E+00  0.1468377E+00 -0.3318455E-01 -0.4118231E-01  0.1264231E-02 -0.3019085E-04 -0.7626695E-05  0.3834769E+02 -0.2031599E+01 -0.2083598E+01
  0.2769097E+02 -0.3551559E+02  0.5377627E-01  0.2560862E+00  0.7981506E-01 -0.3755573E-01 -0.4118848E-01  0.1263078E-02 -0.3524209E-04 -0.2785336E-05  0.3834418E+02  0.3140746E+01 -0.2083940E+01
  0.2770833E+02 -0.2623741E+02  0.5430427E-01  0.2549507E+00  0.9851400E-01 -0.3700626E-01 -0.4119513E-01  0.1261622E-02  0.2966072E-04 -0.8392881E-05  0.3834045E+02  0.1243389E+02 -0.2084032E+01
  0.2772569E+02 -0.3147561E+02  0.5550176E-01  0.2539983E+00  0.1395173E+00 -0.3178753E-01 -0.4119701E-01  0.1259191E-02  0.4326014E-05 -0.3600697E-04  0.3833718E+02  0.7238834E+01 -0.2083936E+01
  0.2774306E+02 -0.4074160E+02  0.5626847E-01  0.2530615E+00  0.1472587E+00 -0.2694857E-01 -0.4119269E-01  0.1257507E-02 -0.5900771E-04 -0.5150395E-04  0.3833433E+02 -0.2017675E+01 -0.2083724E+01
  0.2776042E+02 -0.4073027E+02  0.5609853E-01  0.2524085E+00  0.1158852E+00 -0.2512684E-01 -0.4118639E-01  0.1258133E-02 -0.4693923E-04 -0.4059410E-04  0.3833135E+02 -0.2039669E+01 -0.2083630E+01
  0.2777778E+02 -0.4072101E+02  0.5505577E-01  0.2523771E+00  0.7974931E-01 -0.2238727E-01 -0.4117942E-01  0.1259904E-02 -0.2889583E-04  0.2211092E-05  0.3832798E+02 -0.2068183E+01 -0.2083670E+01
  0.2779514E+02 -0.4071967E+02  0.5344295E-01  0.2525981E+00  0.5702898E-01 -0.1731263E-01 -0.4116982E-01  0.1260620E-02 -0.4007430E-05  0.4370777E-04  0.3832427E+02 -0.2089515E+01 -0.2083721E+01
  0.2781250E+02 -0.4072507E+02  0.5131970E-01  0.2523773E+00  0.6361005E-01 -0.1331610E-01 -0.4116048E-01  0.1260107E-02  0.8521267E-04  0.4236415E-04  0.3832031E+02 -0.2090547E+01 -0.2083790E+01
