  0.1532986E+02 -0.2092943E-01  0.2223274E+00 -0.1551917E-01 -0.1945575E+00 -0.7643586E-01  0.2405636E+01 -0.1099524E-02 -0.9147110E-05  0.1162843E+01  0.7960268E-01  0.3561859E+01
  0.1534722E+02 -0.2093859E-01  0.2222719E+00 -0.1553943E-01 -0.1945005E+00 -0.7594821E-01  0.2968557E+01 -0.1777166E-02 -0.1147673E-04  0.1167185E+01  0.1473739E+00  0.4196673E+01
  0.1536458E+02 -0.2094373E-01  0.2222153E+00 -0.1556147E-01 -0.1944687E+00 -0.7198704E-01  0.3587125E+01 -0.1338134E-02 -0.8656889E-05  0.1169380E+01  0.1960800E+00  0.4870493E+01
  0.1538194E+02 -0.2093769E-01  0.2221574E+00 -0.1558399E-01 -0.1944203E+00 -0.6455795E-01  0.3962666E+01 -0.6367737E-03 -0.8951849E-05  0.1171080E+01  0.2256449E+00  0.5285402E+01
  0.1539931E+02 -0.2091949E-01  0.2220985E+00 -0.1560702E-01 -0.1943276E+00 -0.5589454E-01  0.4056874E+01  0.1394275E-04 -0.2085838E-05  0.1174838E+01  0.2271210E+00  0.5394195E+01
  0.1541667E+02 -0.2089698E-01  0.2220389E+00 -0.1563105E-01 -0.1942063E+00 -0.4964865E-01  0.3886895E+01  0.7017918E-03  0.1312011E-04  0.1180941E+01  0.1837053E+00  0.5193912E+01
  0.1543403E+02 -0.2087749E-01  0.2219798E+00 -0.1565536E-01 -0.1940769E+00 -0.4880431E-01  0.3512999E+01  0.1105439E-02  0.1296235E-04  0.1185594E+01  0.1145250E+00  0.4756802E+01
  0.1545139E+02 -0.2086062E-01  0.2219225E+00 -0.1567902E-01 -0.1939465E+00 -0.5364313E-01  0.3068108E+01  0.1190999E-02  0.8021516E-05  0.1186633E+01  0.5473394E-01  0.4248467E+01
  0.1546875E+02 -0.2084712E-01  0.2218666E+00 -0.1570146E-01 -0.1938445E+00 -0.6076832E-01  0.2696205E+01  0.8080294E-03  0.1032145E-04  0.1186997E+01  0.8000539E-02  0.3822726E+01
  0.1548611E+02 -0.2083992E-01  0.2218107E+00 -0.1572243E-01 -0.1938006E+00 -0.6565741E-01  0.2528151E+01  0.1391819E-03  0.1039570E-05  0.1188285E+01 -0.1576816E-01  0.3626598E+01
  0.1550347E+02 -0.2084009E-01  0.2217555E+00 -0.1574163E-01 -0.1938118E+00 -0.6627483E-01  0.2592583E+01 -0.3378606E-03 -0.1012528E-04  0.1189004E+01 -0.1447460E-01  0.3691852E+01
  0.1552083E+02 -0.2084425E-01  0.2217014E+00 -0.1575898E-01 -0.1938113E+00 -0.6369928E-01  0.2768453E+01 -0.3657004E-03 -0.1128397E-04  0.1187793E+01  0.3961533E-02  0.3887419E+01
  0.1553819E+02 -0.2083876E-01  0.2216492E+00 -0.1577543E-01 -0.1937668E+00 -0.6002839E-01  0.3007048E+01 -0.6869598E-03 -0.1004306E-04  0.1185253E+01  0.4731300E-01  0.4170157E+01
  0.1555556E+02 -0.2082285E-01  0.2215995E+00 -0.1579310E-01 -0.1936731E+00 -0.5646648E-01  0.3378671E+01 -0.1126827E-02 -0.6811807E-05  0.1183903E+01  0.1105547E+00  0.4606838E+01
  0.1557292E+02 -0.2080607E-01  0.2215528E+00 -0.1581346E-01 -0.1935254E+00 -0.5359244E-01  0.3662146E+01 -0.3762331E-03 -0.6585291E-05  0.1185057E+01  0.1575474E+00  0.4942183E+01
  0.1559028E+02 -0.2079239E-01  0.2215085E+00 -0.1583622E-01 -0.1933413E+00 -0.5239549E-01  0.3572449E+01  0.6281326E-03 -0.1100860E-04  0.1187784E+01  0.1556052E+00  0.4855598E+01
  0.1560764E+02 -0.2078263E-01  0.2214664E+00 -0.1586029E-01 -0.1931844E+00 -0.5395121E-01  0.3228202E+01  0.9278169E-03 -0.2278540E-07  0.1189630E+01  0.1312020E+00  0.4487650E+01
  0.1562500E+02 -0.2077650E-01  0.2214257E+00 -0.1588429E-01 -0.1945558E+00 -0.5767133E-01  0.2830020E+01  0.1002409E-02  0.2259846E-04  0.1190432E+01  0.1083268E+00  0.4062341E+01
