  0.1626736E+02 -0.2055794E-01  0.2198710E+00 -0.1655191E-01 -0.1903253E+00 -0.6119526E-01  0.2039438E+01 -0.7212322E-03  0.1189259E-04  0.1232343E+01  0.9940606E-01  0.3301718E+01
  0.1628472E+02 -0.2054671E-01  0.2198280E+00 -0.1657154E-01 -0.1902209E+00 -0.6303827E-01  0.2477164E+01 -0.1212378E-02  0.7495564E-05  0.1234527E+01  0.1485443E+00  0.3788481E+01
  0.1630208E+02 -0.2052986E-01  0.2197821E+00 -0.1659133E-01 -0.1901408E+00 -0.6267712E-01  0.3023939E+01 -0.1070793E-02 -0.4585467E-06  0.1236183E+01  0.1440939E+00  0.4332987E+01
  0.1631944E+02 -0.2051038E-01  0.2197338E+00 -0.1661070E-01 -0.1900896E+00 -0.6035466E-01  0.3371877E+01 -0.2668949E-03 -0.6317003E-05  0.1237588E+01  0.8750907E-01  0.4628870E+01
  0.1633681E+02 -0.2049052E-01  0.2196841E+00 -0.1662921E-01 -0.1900591E+00 -0.5659120E-01  0.3298167E+01  0.7380648E-03 -0.4050394E-05  0.1239889E+01  0.1610752E-01  0.4490812E+01
  0.1635417E+02 -0.2047267E-01  0.2196342E+00 -0.1664667E-01 -0.1900156E+00 -0.5230543E-01  0.2907356E+01  0.9817994E-03  0.7657440E-05  0.1242867E+01 -0.2260526E-01  0.4068801E+01
  0.1637153E+02 -0.2045983E-01  0.2195861E+00 -0.1666372E-01 -0.1899348E+00 -0.4875168E-01  0.2510802E+01  0.6142881E-03  0.2287849E-04  0.1244760E+01 -0.9102279E-02  0.3690872E+01
  0.1638889E+02 -0.2045813E-01  0.2195422E+00 -0.1668192E-01 -0.1898254E+00 -0.4702372E-01  0.2355369E+01 -0.2130261E-03  0.2700707E-04  0.1244023E+01  0.4074033E-01  0.3585500E+01
  0.1640625E+02 -0.2046531E-01  0.2195036E+00 -0.1670234E-01 -0.1896921E+00 -0.4721151E-01  0.2425511E+01 -0.3860285E-03  0.1614071E-04  0.1241773E+01  0.8694271E-01  0.3699290E+01
  0.1642361E+02 -0.2047151E-01  0.2194674E+00 -0.1672450E-01 -0.1895322E+00 -0.4796417E-01  0.2530347E+01 -0.2475369E-03  0.3440729E-05  0.1242897E+01  0.1136302E+00  0.3831405E+01
  0.1644097E+02 -0.2046882E-01  0.2194293E+00 -0.1674818E-01 -0.1893792E+00 -0.4769789E-01  0.2660349E+01 -0.4237633E-03 -0.1393817E-05  0.1248447E+01  0.1318167E+00  0.3985323E+01
  0.1645833E+02 -0.2045726E-01  0.2193879E+00 -0.1677268E-01 -0.1892471E+00 -0.4668587E-01  0.2926780E+01 -0.7907777E-03 -0.8250756E-05  0.1254004E+01  0.1435226E+00  0.4269732E+01
  0.1647569E+02 -0.2044288E-01  0.2193455E+00 -0.1679744E-01 -0.1891225E+00 -0.4596429E-01  0.3294409E+01 -0.7686110E-03 -0.1121805E-04  0.1256900E+01  0.1426162E+00  0.4640164E+01
  0.1649306E+02 -0.2042582E-01  0.2193050E+00 -0.1682182E-01 -0.1890071E+00 -0.4528318E-01  0.3529027E+01 -0.1471435E-03 -0.2482992E-06  0.1257381E+01  0.1101015E+00  0.4844130E+01
  0.1651042E+02 -0.2040822E-01  0.2192670E+00 -0.1684518E-01 -0.1889300E+00 -0.4404745E-01  0.3448883E+01  0.5599603E-03  0.3176196E-05  0.1256900E+01  0.5797378E-01  0.4713356E+01
  0.1652778E+02 -0.2039359E-01  0.2192303E+00 -0.1686660E-01 -0.1888790E+00 -0.4228406E-01  0.3073979E+01  0.1103205E-02 -0.2158324E-06  0.1255946E+01  0.2364196E-01  0.4305477E+01
  0.1654514E+02 -0.2038911E-01  0.2191932E+00 -0.1688565E-01 -0.1888247E+00 -0.4096338E-01  0.2568980E+01  0.1146486E-02  0.9989858E-05  0.1255947E+01  0.2022875E-01  0.3798442E+01
  0.1656250E+02 -0.2038992E-01  0.2191536E+00 -0.1690199E-01 -0.1904429E+00 -0.4172623E-01  0.2175873E+01  0.6521162E-03  0.1355292E-04  0.1257690E+01  0.4051381E-01  0.3424435E+01
