  0.5329861E+01 -0.2701157E-01  0.1930161E+00 -0.6184171E-02 -0.1971041E+00 -0.3436061E-01  0.3336781E+01 -0.1450672E-02 -0.1974038E-04  0.6055678E+00  0.2750474E+00  0.4144281E+01
  0.5347222E+01 -0.2701017E-01  0.1932502E+00 -0.6202579E-02 -0.1971844E+00 -0.3345187E-01  0.3599396E+01 -0.5354056E-03 -0.6346539E-05  0.6055774E+00  0.2715929E+00  0.4405426E+01
  0.5364583E+01 -0.2700140E-01  0.1934839E+00 -0.6221480E-02 -0.1972677E+00 -0.3271472E-01  0.3666847E+01  0.1093198E-03  0.3014597E-05  0.6066296E+00  0.2473668E+00  0.4451235E+01
  0.5381944E+01 -0.2699087E-01  0.1937180E+00 -0.6240137E-02 -0.1973492E+00 -0.3240462E-01  0.3557308E+01  0.6144331E-03  0.8776208E-05  0.6091883E+00  0.2202286E+00  0.4318082E+01
  0.5399306E+01 -0.2698249E-01  0.1939530E+00 -0.6257854E-02 -0.1974290E+00 -0.3266272E-01  0.3309268E+01  0.9950342E-03  0.7619318E-05  0.6117800E+00  0.2028477E+00  0.4055519E+01
  0.5416667E+01 -0.2697556E-01  0.1941877E+00 -0.6274013E-02 -0.1975064E+00 -0.3323668E-01  0.3027567E+01  0.8364073E-03  0.8202815E-05  0.6126209E+00  0.1985060E+00  0.3769733E+01
  0.5434028E+01 -0.2697234E-01  0.1944212E+00 -0.6289019E-02 -0.1975812E+00 -0.3371086E-01  0.2862714E+01  0.2537549E-03  0.7262464E-05  0.6120156E+00  0.2087581E+00  0.3613617E+01
  0.5451389E+01 -0.2697424E-01  0.1946543E+00 -0.6303901E-02 -0.1976550E+00 -0.3389101E-01  0.2929738E+01 -0.6666533E-03 -0.2216119E-05  0.6111701E+00  0.2334338E+00  0.3703503E+01
  0.5468750E+01 -0.2697855E-01  0.1948882E+00 -0.6319790E-02 -0.1977320E+00 -0.3379622E-01  0.3164517E+01 -0.8548806E-03 -0.1106127E-04  0.6109656E+00  0.2587488E+00  0.3963427E+01
  0.5486111E+01 -0.2697554E-01  0.1951219E+00 -0.6336631E-02 -0.1978163E+00 -0.3360997E-01  0.3377931E+01 -0.5409518E-03 -0.4218104E-05  0.6110225E+00  0.2670335E+00  0.4185825E+01
  0.5503472E+01 -0.2696421E-01  0.1953542E+00 -0.6354004E-02 -0.1979072E+00 -0.3348024E-01  0.3490784E+01 -0.1885604E-03  0.1807504E-05  0.6112280E+00  0.2552452E+00  0.4287719E+01
  0.5520833E+01 -0.2694970E-01  0.1955861E+00 -0.6371803E-02 -0.1979958E+00 -0.3356366E-01  0.3479095E+01  0.2841213E-03  0.4111919E-05  0.6126228E+00  0.2385098E+00  0.4261221E+01
  0.5538194E+01 -0.2693752E-01  0.1958180E+00 -0.6389541E-02 -0.1980772E+00 -0.3399063E-01  0.3368197E+01  0.4681847E-03  0.1774655E-04  0.6154452E+00  0.2235585E+00  0.4138110E+01
  0.5555556E+01 -0.2692976E-01  0.1960501E+00 -0.6406956E-02 -0.1981528E+00 -0.3470868E-01  0.3267053E+01  0.2333559E-03  0.1888597E-04  0.6184685E+00  0.2069716E+00  0.4022597E+01
  0.5572917E+01 -0.2692716E-01  0.1962818E+00 -0.6424274E-02 -0.1982202E+00 -0.3536767E-01  0.3187734E+01  0.3045564E-03  0.4022807E-05  0.6205179E+00  0.1992153E+00  0.3937118E+01
  0.5590278E+01 -0.2692968E-01  0.1965127E+00 -0.6441276E-02 -0.1982812E+00 -0.3560387E-01  0.3111367E+01  0.1663869E-03 -0.1079645E-04  0.6206479E+00  0.2173035E+00  0.3878731E+01
  0.5607639E+01 -0.2693426E-01  0.1967431E+00 -0.6458019E-02 -0.1983437E+00 -0.3537951E-01  0.3136237E+01 -0.3589498E-03 -0.1071048E-04  0.6194198E+00  0.2604905E+00  0.3945405E+01
  0.5625000E+01 -0.2693794E-01  0.1969734E+00 -0.6475091E-02 -0.1985281E+00 -0.3501325E-01  0.3448059E+01 -0.2317410E-02  0.3152217E-05  0.6183994E+00  0.3073990E+00  0.4301562E+01
