  0.2204861E+01 -0.4460971E+02 -0.2710878E+00 -0.2325334E+00  0.3558047E+00 -0.1007106E+00 -0.6353643E-01 -0.1352479E-03  0.6302781E-04  0.5726906E-04  0.4318753E+02 -0.1734251E+01 -0.1756943E+01
  0.2222222E+01 -0.4460137E+02 -0.2738526E+00 -0.2321980E+00  0.3600229E+00 -0.1064741E+00 -0.6346032E-01 -0.1286866E-03  0.2300719E-04  0.5285335E-04  0.4318170E+02 -0.1735680E+01 -0.1759386E+01
  0.2239583E+01 -0.4459869E+02 -0.2741073E+00 -0.2316144E+00  0.3604993E+00 -0.1091485E+00 -0.6339116E-01 -0.1219548E-03 -0.2098874E-04  0.4924079E-04  0.4317585E+02 -0.1740699E+01 -0.1761798E+01
  0.2256944E+01 -0.4460312E+02 -0.2716984E+00 -0.2308627E+00  0.3590191E+00 -0.1072540E+00 -0.6331880E-01 -0.1151655E-03 -0.6473402E-04  0.5024605E-04  0.4316999E+02 -0.1747371E+01 -0.1764139E+01
  0.2274306E+01 -0.4461173E+02 -0.2674540E+00 -0.2300838E+00  0.3565765E+00 -0.1030832E+00 -0.6323558E-01 -0.1085948E-03 -0.9176091E-04  0.5329635E-04  0.4316410E+02 -0.1755056E+01 -0.1766406E+01
  0.2291667E+01 -0.4461877E+02 -0.2628204E+00 -0.2294282E+00  0.3553732E+00 -0.1000823E+00 -0.6313780E-01 -0.1022603E-03 -0.8297950E-04  0.5825340E-04  0.4315820E+02 -0.1760796E+01 -0.1768599E+01
  0.2309028E+01 -0.4462174E+02 -0.2593823E+00 -0.2289715E+00  0.3577309E+00 -0.9933015E-01 -0.6302680E-01 -0.9619824E-04 -0.5245208E-04  0.6671843E-04  0.4315232E+02 -0.1762482E+01 -0.1770746E+01
  0.2326389E+01 -0.4462083E+02 -0.2582440E+00 -0.2286674E+00  0.3635554E+00 -0.9965503E-01 -0.6291072E-01 -0.9038456E-04 -0.4720994E-05  0.5909181E-04  0.4314656E+02 -0.1760223E+01 -0.1772885E+01
  0.2343750E+01 -0.4461679E+02 -0.2593553E+00 -0.2283947E+00  0.3697866E+00 -0.1004553E+00 -0.6280264E-01 -0.8444048E-04  0.3856712E-04  0.3896640E-04  0.4314098E+02 -0.1757042E+01 -0.1775038E+01
  0.2361111E+01 -0.4461035E+02 -0.2613651E+00 -0.2280242E+00  0.3732802E+00 -0.1024566E+00 -0.6271344E-01 -0.7807562E-04  0.3389801E-04  0.3502423E-04  0.4313553E+02 -0.1756100E+01 -0.1777207E+01
  0.2378472E+01 -0.4460431E+02 -0.2622899E+00 -0.2275279E+00  0.3726287E+00 -0.1054126E+00 -0.6264379E-01 -0.7123945E-04 -0.6120181E-05  0.4279484E-04  0.4313013E+02 -0.1759461E+01 -0.1779381E+01
  0.2395833E+01 -0.4460406E+02 -0.2606984E+00 -0.2269666E+00  0.3684531E+00 -0.1062249E+00 -0.6258154E-01 -0.6444608E-04 -0.5940758E-04  0.4755912E-04  0.4312467E+02 -0.1767485E+01 -0.1781544E+01
  0.2413194E+01 -0.4460971E+02 -0.2567883E+00 -0.2263975E+00  0.3629612E+00 -0.1032242E+00 -0.6250783E-01 -0.5827944E-04 -0.8544570E-04  0.4982763E-04  0.4311909E+02 -0.1776672E+01 -0.1783655E+01
  0.2430556E+01 -0.4461674E+02 -0.2525781E+00 -0.2259164E+00  0.3601818E+00 -0.9880353E-01 -0.6241122E-01 -0.5252879E-04 -0.6264643E-04  0.5838587E-04  0.4311343E+02 -0.1782896E+01 -0.1785706E+01
  0.2447917E+01 -0.4462038E+02 -0.2504333E+00 -0.2256100E+00  0.3617325E+00 -0.9555783E-01 -0.6229881E-01 -0.4671297E-04 -0.2147182E-04  0.5935219E-04  0.4310777E+02 -0.1784786E+01 -0.1787710E+01
  0.2465278E+01 -0.4461911E+02 -0.2510064E+00 -0.2253450E+00  0.3652476E+00 -0.9401067E-01 -0.6218900E-01 -0.4053248E-04  0.2580294E-04  0.4826517E-04  0.4310218E+02 -0.1784206E+01 -0.1789687E+01
  0.2482639E+01 -0.4461666E+02 -0.2531612E+00 -0.2248744E+00  0.3710270E+00 -0.9300397E-01 -0.6209272E-01 -0.3391683E-04  0.5056639E-04  0.4783063E-04  0.4309664E+02 -0.1782063E+01 -0.1791663E+01
  0.2500000E+01 -0.4461507E+02 -0.2555487E+00 -0.2242004E+00  0.3777855E+00 -0.9200084E-01 -0.6200924E-01 -0.2711401E-04  0.3583416E-04  0.5706208E-04  0.4309118E+02 -0.1779792E+01 -0.1793636E+01
