  0.5017361E+01 -0.4711416E+02 -0.2138243E+00 -0.1303747E+00  0.5021659E+00 -0.3109020E-01 -0.5232244E-01  0.5355792E-03 -0.3625310E-04 -0.6227723E-04  0.4239337E+02 -0.4645796E+01 -0.1955473E+01
  0.5034722E+01 -0.4441716E+02 -0.2098740E+00 -0.1295115E+00  0.4974842E+00 -0.2240538E-01 -0.5225639E-01  0.5390640E-03 -0.5921435E-04 -0.6302381E-05  0.4238940E+02 -0.1943853E+01 -0.1956215E+01
  0.5052083E+01 -0.4441603E+02 -0.2076713E+00 -0.1286265E+00  0.4749047E+00 -0.2007169E-01 -0.5217411E-01  0.5436325E-03 -0.7124282E-04  0.6930738E-04  0.4238511E+02 -0.1964016E+01 -0.1956870E+01
  0.5069444E+01 -0.4440682E+02 -0.2084054E+00 -0.1277712E+00  0.4621237E+00 -0.2444598E-01 -0.5208953E-01  0.5476656E-03 -0.4105558E-05  0.9737247E-04  0.4238043E+02 -0.1976338E+01 -0.1957542E+01
  0.5086806E+01 -0.4439942E+02 -0.2114557E+00 -0.1270450E+00  0.4679436E+00 -0.2931409E-01 -0.5201762E-01  0.5500844E-03  0.8000038E-04  0.4964730E-04  0.4237559E+02 -0.1975036E+01 -0.1958309E+01
  0.5104167E+01 -0.4439453E+02 -0.2147193E+00 -0.1264767E+00  0.4788500E+00 -0.3160138E-01 -0.5196595E-01  0.5508645E-03  0.4702759E-04  0.2433630E-05  0.4237082E+02 -0.1969017E+01 -0.1959155E+01
  0.5121528E+01 -0.4438988E+02 -0.2159376E+00 -0.1259527E+00  0.4838054E+00 -0.3344399E-01 -0.5192858E-01  0.5509921E-03 -0.1911570E-04  0.2880921E-05  0.4236616E+02 -0.1966646E+01 -0.1960042E+01
  0.5138889E+01 -0.4438664E+02 -0.2142777E+00 -0.1253456E+00  0.4882606E+00 -0.3539929E-01 -0.5188864E-01  0.5511125E-03 -0.3960791E-04  0.2102834E-05  0.4236161E+02 -0.1963171E+01 -0.1960958E+01
  0.5156250E+01 -0.4438790E+02 -0.2109021E+00 -0.1246441E+00  0.4920935E+00 -0.3320607E-01 -0.5183159E-01  0.5518062E-03 -0.3529413E-04 -0.2600061E-04  0.4235727E+02 -0.1958635E+01 -0.1961858E+01
  0.5173611E+01 -0.4439507E+02 -0.2079931E+00 -0.1238508E+00  0.4908542E+00 -0.2511369E-01 -0.5175563E-01  0.5539169E-03  0.9666599E-05 -0.4218776E-04  0.4235302E+02 -0.1959387E+01 -0.1962647E+01
  0.5190972E+01 -0.4439943E+02 -0.2073520E+00 -0.1229527E+00  0.4843339E+00 -0.1694895E-01 -0.5166901E-01  0.5579913E-03  0.4812324E-05  0.7820997E-05  0.4234873E+02 -0.1964724E+01 -0.1963297E+01
  0.5208333E+01 -0.4439387E+02 -0.2096550E+00 -0.1220123E+00  0.4732524E+00 -0.1641990E-01 -0.5158235E-01  0.5624567E-03 -0.1411474E-04  0.8248800E-04  0.4234422E+02 -0.1975432E+01 -0.1963877E+01
  0.5225694E+01 -0.4438022E+02 -0.2144075E+00 -0.1211175E+00  0.4721334E+00 -0.2430815E-01 -0.5150429E-01  0.5650603E-03  0.5412907E-04  0.9599809E-04  0.4233942E+02 -0.1979288E+01 -0.1964496E+01
  0.5243056E+01 -0.4436604E+02 -0.2203088E+00 -0.1203796E+00  0.4905376E+00 -0.3470739E-01 -0.5144034E-01  0.5648722E-03  0.1149740E-03  0.4677752E-04  0.4233460E+02 -0.1967008E+01 -0.1965280E+01
  0.5260417E+01 -0.4435917E+02 -0.2256132E+00 -0.1198484E+00  0.5192508E+00 -0.4043517E-01 -0.5139285E-01  0.5630534E-03  0.1311396E-03 -0.2205007E-04  0.4233002E+02 -0.1946519E+01 -0.1966297E+01
  0.5277778E+01 -0.4436070E+02 -0.2285630E+00 -0.1193893E+00  0.5424699E+00 -0.3856347E-01 -0.5135881E-01  0.5626134E-03  0.7868646E-04 -0.5764682E-04  0.4232582E+02 -0.1929704E+01 -0.1967396E+01
  0.5295139E+01 -0.4436541E+02 -0.2281673E+00 -0.1188222E+00  0.5486912E+00 -0.3257663E-01 -0.5132813E-01  0.5649774E-03 -0.3290640E-04 -0.4092366E-04  0.4232186E+02 -0.1925257E+01 -0.1968325E+01
  0.5312500E+01 -0.4152605E+02 -0.2247459E+00 -0.1181013E+00  0.5333529E+00 -0.2651302E-01 -0.5129677E-01  0.5689761E-03 -0.9013185E-04 -0.6915785E-05  0.4231830E+02  0.9054220E+00 -0.1969859E+01
