  0.2345486E+02 -0.3350644E+02  0.8875878E-01  0.3332452E+00 -0.5702065E-01 -0.1952686E-01 -0.3916329E-01  0.1468362E-02  0.2458357E-04  0.2949183E-04  0.3913379E+02  0.5935168E+01 -0.2134735E+01
  0.2347222E+02 -0.4157897E+02  0.8719588E-01  0.3336067E+00 -0.5241610E-01 -0.2317104E-01 -0.3919118E-01  0.1469260E-02  0.1976909E-04 -0.5467939E-04  0.3913005E+02 -0.2141462E+01 -0.2134200E+01
  0.2348958E+02 -0.4157173E+02  0.8752573E-01  0.3343094E+00 -0.5646485E-01 -0.2349321E-01 -0.3922840E-01  0.1469985E-02 -0.5941901E-04 -0.3443480E-04  0.3912646E+02 -0.2141245E+01 -0.2133855E+01
  0.2350694E+02 -0.4156671E+02  0.9090341E-01  0.3351859E+00 -0.7139526E-01 -0.2058307E-01 -0.3925771E-01  0.1468459E-02 -0.1321296E-03  0.4204282E-04  0.3912286E+02 -0.2147613E+01 -0.2133716E+01
  0.2352431E+02 -0.4156972E+02  0.9577552E-01  0.3355246E+00 -0.6942843E-01 -0.1603826E-01 -0.3925828E-01  0.1461966E-02 -0.5730817E-04  0.4165600E-04  0.3911919E+02 -0.2142506E+01 -0.2133721E+01
  0.2354167E+02 -0.4157881E+02  0.9836614E-01  0.3344902E+00 -0.2318934E-01 -0.1333908E-01 -0.3923266E-01  0.1452078E-02  0.1279509E-03 -0.3891773E-04  0.3911575E+02 -0.2104419E+01 -0.2133611E+01
  0.2355903E+02 -0.4159168E+02  0.9634555E-01  0.3321067E+00  0.5275303E-01 -0.1109128E-01 -0.3921240E-01  0.1446114E-02  0.2379876E-03 -0.9822898E-04  0.3911300E+02 -0.2046196E+01 -0.2133260E+01
  0.2357639E+02 -0.4160303E+02  0.9133106E-01  0.3292061E+00  0.1048275E+00 -0.3445717E-02 -0.3922756E-01  0.1447499E-02  0.1541288E-03 -0.8065393E-04  0.3911092E+02 -0.2007897E+01 -0.2132709E+01
  0.2359375E+02 -0.4159505E+02  0.8760302E-01  0.3268670E+00  0.9139600E-01  0.1415825E-02 -0.3927793E-01  0.1452226E-02 -0.5296369E-04  0.2247878E-04  0.3910901E+02 -0.2016616E+01 -0.2132050E+01
  0.2361111E+02 -0.4157454E+02  0.8787716E-01  0.3256321E+00  0.4345980E-01 -0.2356368E-02 -0.3933571E-01  0.1455560E-02 -0.1402405E-03  0.8998651E-04  0.3910664E+02 -0.2051217E+01 -0.2131422E+01
  0.2362847E+02 -0.4155589E+02  0.9150392E-01  0.3251040E+00 -0.5065586E-02 -0.8682550E-02 -0.3938078E-01  0.1456584E-02 -0.1877113E-03  0.4595820E-04  0.3910387E+02 -0.2087220E+01 -0.2130854E+01
  0.2364583E+02 -0.4153819E+02  0.9728444E-01  0.3247540E+00 -0.5450581E-01 -0.1358900E-01 -0.3941668E-01  0.1457015E-02 -0.1824307E-03 -0.6932339E-06  0.3910070E+02 -0.2121691E+01 -0.2130313E+01
  0.2366319E+02 -0.4152531E+02  0.1055182E+00  0.3248925E+00 -0.9087641E-01 -0.1665009E-01 -0.3944464E-01  0.1457433E-02 -0.1678705E-03  0.1514370E-04  0.3909717E+02 -0.2143389E+01 -0.2129907E+01
  0.2368056E+02 -0.4152095E+02  0.1151288E+00  0.3258925E+00 -0.1100718E+00 -0.1889298E-01 -0.3944654E-01  0.1455442E-02 -0.1370232E-03  0.1891544E-04  0.3909356E+02 -0.2153438E+01 -0.2129801E+01
  0.2369792E+02 -0.4152849E+02  0.1219511E+00  0.3272258E+00 -0.9856440E-01 -0.1645213E-01 -0.3941524E-01  0.1449588E-02  0.4663918E-04 -0.3170723E-04  0.3909002E+02 -0.2142264E+01 -0.2129907E+01
  0.2371528E+02 -0.4154677E+02  0.1227159E+00  0.3279999E+00 -0.6226985E-01 -0.6240887E-02 -0.3937850E-01  0.1443700E-02  0.1563891E-03 -0.8452485E-04  0.3908690E+02 -0.2115528E+01 -0.2129964E+01
  0.2373264E+02 -0.4156677E+02  0.1185629E+00  0.3278394E+00 -0.2283540E-01  0.8132921E-02 -0.3937290E-01  0.1441376E-02  0.2167866E-03 -0.9173481E-04  0.3908414E+02 -0.2088731E+01 -0.2129740E+01
  0.2375000E+02 -0.5412229E+02  0.1136521E+00  0.3269727E+00  0.1262247E-01  0.1887657E-01 -0.3941264E-01  0.1443152E-02  0.1425117E-03 -0.3877903E-04  0.3908173E+02 -0.1460630E+02 -0.2129166E+01
