  0.1001736E+02 -0.2471316E-01  0.2278703E+00 -0.1065599E-01 -0.2037699E+00 -0.6271796E-01 -0.1234201E+01 -0.5907739E-02 -0.2392819E-04  0.8048717E+00 -0.8886881E-01 -0.5981168E+00
  0.1003472E+02 -0.2470531E-01  0.2278967E+00 -0.1066760E-01 -0.2037118E+00 -0.6273785E-01  0.7744975E+00  0.3062616E-03 -0.1186857E-04  0.8032824E+00  0.2645267E-01  0.1530601E+01
  0.1005208E+02 -0.2469759E-01  0.2279241E+00 -0.1067900E-01 -0.2036588E+00 -0.6214289E-01  0.2308692E+01 -0.5803343E-03  0.8596875E-05  0.8039448E+00  0.1490536E+00  0.3187865E+01
  0.1006944E+02 -0.2468606E-01  0.2279528E+00 -0.1069152E-01 -0.2036443E+00 -0.6142892E-01  0.2582371E+01 -0.1016164E-02  0.1620370E-04  0.8067761E+00  0.1589674E+00  0.3474616E+01
  0.1008681E+02 -0.2466805E-01  0.2279826E+00 -0.1070574E-01 -0.2036749E+00 -0.6139594E-01  0.2899569E+01 -0.8329109E-03  0.1283289E-04  0.8100335E+00  0.1485131E+00  0.3784834E+01
  0.1010417E+02 -0.2464619E-01  0.2280119E+00 -0.1072155E-01 -0.2037198E+00 -0.6246069E-01  0.3152650E+01 -0.6254678E-03  0.1873692E-04  0.8121161E+00  0.1455682E+00  0.4036191E+01
  0.1012153E+02 -0.2462141E-01  0.2280381E+00 -0.1073845E-01 -0.2037582E+00 -0.6426318E-01  0.3351369E+01 -0.4414207E-03  0.2044677E-04  0.8125477E+00  0.1598530E+00  0.4248006E+01
  0.1013889E+02 -0.2460028E-01  0.2280594E+00 -0.1075574E-01 -0.2037757E+00 -0.6581173E-01  0.3475683E+01 -0.1429656E-03  0.2123956E-05  0.8124728E+00  0.1886973E+00  0.4399828E+01
  0.1015625E+02 -0.2458471E-01  0.2280770E+00 -0.1077277E-01 -0.2037699E+00 -0.6624595E-01  0.3448106E+01  0.4052566E-03 -0.1374077E-04  0.8133723E+00  0.2114686E+00  0.4396042E+01
  0.1017361E+02 -0.2457620E-01  0.2280950E+00 -0.1078874E-01 -0.2037453E+00 -0.6567441E-01  0.3331519E+01  0.3254685E-03 -0.1390548E-04  0.8143468E+00  0.2249735E+00  0.4294461E+01
  0.1019097E+02 -0.2457218E-01  0.2281165E+00 -0.1080384E-01 -0.2036983E+00 -0.6499329E-01  0.3267180E+01  0.6844914E-04 -0.2267053E-04  0.8139282E+00  0.2385437E+00  0.4243746E+01
  0.1020833E+02 -0.2456839E-01  0.2281425E+00 -0.1081934E-01 -0.2036441E+00 -0.6490382E-01  0.3235360E+01  0.1037524E-03 -0.3517556E-04  0.8136713E+00  0.2267704E+00  0.4200077E+01
  0.1022569E+02 -0.2456246E-01  0.2281725E+00 -0.1083543E-01 -0.2036083E+00 -0.6553903E-01  0.3185320E+01  0.1507316E-03 -0.2465793E-04  0.8150483E+00  0.1877427E+00  0.4111864E+01
  0.1024306E+02 -0.2454522E-01  0.2282057E+00 -0.1085166E-01 -0.2036077E+00 -0.6634852E-01  0.3142753E+01  0.2377382E-04 -0.1532276E-05  0.8181508E+00  0.1381834E+00  0.4021963E+01
  0.1026042E+02 -0.2451147E-01  0.2282388E+00 -0.1086778E-01 -0.2036311E+00 -0.6679752E-01  0.3083263E+01  0.1786001E-03  0.2212571E-04  0.8211766E+00  0.9098770E-01  0.3918059E+01
  0.1027778E+02 -0.2446788E-01  0.2282680E+00 -0.1088354E-01 -0.2036441E+00 -0.6694940E-01  0.3058680E+01 -0.1779616E-03  0.2885154E-04  0.8213883E+00  0.6503045E-01  0.3867272E+01
  0.1029514E+02 -0.2442731E-01  0.2282918E+00 -0.1089969E-01 -0.2036321E+00 -0.6706736E-01  0.3135263E+01 -0.3082058E-03  0.3362919E-04  0.8194807E+00  0.6270167E-01  0.3939436E+01
  0.1031250E+02 -0.2439985E-01  0.2283117E+00 -0.1091649E-01 -0.2042397E+00 -0.6704644E-01  0.3179139E+01  0.7606169E-04  0.3193584E-04  0.8185899E+00  0.7951908E-01  0.3999066E+01
