  0.2314236E+02 -0.4162965E+02  0.1056845E+00  0.3390462E+00 -0.8564303E-01 -0.4842844E-01 -0.3893129E-01  0.1497330E-02 -0.2257186E-04 -0.7302597E-05  0.3918753E+02 -0.2168925E+01 -0.2140328E+01
  0.2315972E+02 -0.4162294E+02  0.1046471E+00  0.3392155E+00 -0.3965284E-01 -0.5323202E-01 -0.3889786E-01  0.1490340E-02  0.1023278E-03 -0.4331624E-04  0.3918428E+02 -0.2125035E+01 -0.2140131E+01
  0.2317708E+02 -0.4163061E+02  0.9850088E-01  0.3386006E+00  0.3222040E-01 -0.4708680E-01 -0.3887884E-01  0.1483688E-02  0.2114493E-03 -0.8350551E-04  0.3918176E+02 -0.2063882E+01 -0.2139855E+01
  0.2319444E+02 -0.4164394E+02  0.8999319E-01  0.3371835E+00  0.8833564E-01 -0.3480868E-01 -0.3888710E-01  0.1479530E-02  0.1737757E-03 -0.9652008E-04  0.3918005E+02 -0.2020517E+01 -0.2139468E+01
  0.2321181E+02 -0.4165419E+02  0.8213046E-01  0.3353035E+00  0.9440848E-01 -0.2122179E-01 -0.3892230E-01  0.1477390E-02  0.5445516E-04 -0.7001144E-04  0.3917850E+02 -0.2022524E+01 -0.2139012E+01
  0.2322917E+02 -0.4165745E+02  0.7802278E-01  0.3337689E+00  0.6127500E-01 -0.1269647E-01 -0.3897967E-01  0.1478053E-02 -0.1926202E-04 -0.2628792E-04  0.3917650E+02 -0.2058128E+01 -0.2138687E+01
  0.2324653E+02 -0.4165537E+02  0.7972349E-01  0.3330977E+00  0.8036035E-02 -0.1000736E-01 -0.3904342E-01  0.1481281E-02 -0.9262613E-04  0.1822459E-04  0.3917376E+02 -0.2108397E+01 -0.2138554E+01
  0.2326389E+02 -0.4164949E+02  0.8666784E-01  0.3330937E+00 -0.4637928E-01 -0.9446967E-02 -0.3909026E-01  0.1483939E-02 -0.1195704E-03  0.1997319E-04  0.3917037E+02 -0.2152891E+01 -0.2138452E+01
  0.2328125E+02 -0.4164369E+02  0.9555356E-01  0.3333442E+00 -0.8829733E-01 -0.1092585E-01 -0.3910690E-01  0.1485210E-02 -0.1150385E-03  0.5346312E-05  0.3916654E+02 -0.2185206E+01 -0.2138254E+01
  0.2329861E+02 -0.4163410E+02  0.1025240E+00  0.3336217E+00 -0.1165027E+00 -0.1667988E-01 -0.3910441E-01  0.1485164E-02 -0.9705679E-04 -0.1950819E-05  0.3916252E+02 -0.2206336E+01 -0.2137932E+01
  0.2331597E+02 -0.4162136E+02  0.1068037E+00  0.3341866E+00 -0.1285402E+00 -0.2299254E-01 -0.3910261E-01  0.1483222E-02 -0.7798052E-04  0.9874206E-05  0.3915839E+02 -0.2211205E+01 -0.2137589E+01
  0.2333333E+02 -0.4161388E+02  0.1096738E+00  0.3352281E+00 -0.1175452E+00 -0.2466822E-01 -0.3910024E-01  0.1479598E-02 -0.6491649E-04  0.5008233E-04  0.3915439E+02 -0.2194444E+01 -0.2137318E+01
  0.2335069E+02 -0.4161167E+02  0.1103646E+00  0.3360124E+00 -0.7285875E-01 -0.2258419E-01 -0.3908417E-01  0.1473405E-02  0.1891422E-04  0.4032253E-04  0.3915077E+02 -0.2147515E+01 -0.2137045E+01
  0.2336806E+02 -0.4161623E+02  0.1070722E+00  0.3356262E+00 -0.5887097E-02 -0.1714852E-01 -0.3906385E-01  0.1465781E-02  0.1241335E-03 -0.5395567E-04  0.3914790E+02 -0.2086199E+01 -0.2136725E+01
  0.2338542E+02 -0.4162629E+02  0.1008929E+00  0.3342833E+00  0.4244751E-01 -0.8728636E-02 -0.3906561E-01  0.1461751E-02  0.1558401E-03 -0.1326075E-03  0.3914567E+02 -0.2049306E+01 -0.2136461E+01
  0.2340278E+02 -0.4163124E+02  0.9533868E-01  0.3331606E+00  0.4187168E-01 -0.2855763E-02 -0.3909374E-01  0.1463366E-02  0.8060837E-04 -0.7891579E-04  0.3914357E+02 -0.2057786E+01 -0.2136267E+01
  0.2342014E+02 -0.3732899E+02  0.9227171E-01  0.3328880E+00 -0.1058720E-02 -0.5038953E-02 -0.3912538E-01  0.1466593E-02 -0.1026966E-04  0.4701277E-04  0.3914095E+02  0.2193402E+01 -0.2135956E+01
  0.2343750E+02 -0.2922809E+02  0.9055730E-01  0.3330483E+00 -0.4438231E-01 -0.1289643E-01 -0.3914561E-01  0.1468110E-02 -0.7216467E-05  0.9845148E-04  0.3913758E+02  0.1023823E+02 -0.2135393E+01
