  0.2939236E+02 -0.1771829E-01  0.2256543E+00 -0.3013639E-01 -0.1003909E+00  0.2082498E-01  0.2147368E+01 -0.1638719E-04 -0.5336336E-05  0.1294247E+01 -0.7239264E-01  0.3467435E+01
  0.2940972E+02 -0.1771715E-01  0.2257248E+00 -0.3014698E-01 -0.1003300E+00  0.3052396E-01  0.2288247E+01 -0.7215604E-03 -0.1937811E-05  0.1290940E+01 -0.2700677E-01  0.3659511E+01
  0.2942708E+02 -0.1771415E-01  0.2257929E+00 -0.3015796E-01 -0.1002716E+00  0.4514429E-01  0.2637162E+01 -0.8938305E-03  0.1407995E-05  0.1289558E+01  0.2092597E-01  0.4069548E+01
  0.2944444E+02 -0.1770683E-01  0.2258583E+00 -0.3016928E-01 -0.1002127E+00  0.5362786E-01  0.3058625E+01 -0.1008585E-02  0.8920304E-05  0.1292158E+01  0.6332792E-01  0.4544508E+01
  0.2946181E+02 -0.1769948E-01  0.2259204E+00 -0.3018129E-01 -0.1001434E+00  0.5942559E-01  0.3392471E+01 -0.4445494E-03  0.1579380E-04  0.1296367E+01  0.1035533E+00  0.4929285E+01
  0.2947917E+02 -0.1769719E-01  0.2259787E+00 -0.3019342E-01 -0.1000519E+00  0.5867947E-01  0.3571155E+01 -0.2033817E-03  0.7099474E-05  0.1303618E+01  0.1326290E+00  0.5143922E+01
  0.2949653E+02 -0.1769785E-01  0.2260368E+00 -0.3020563E-01 -0.9988575E-01  0.5551262E-01  0.3612923E+01  0.2036522E-03 -0.7063092E-05  0.1309692E+01  0.1323717E+00  0.5188944E+01
  0.2951389E+02 -0.1769875E-01  0.2260947E+00 -0.3021826E-01 -0.9967327E-01  0.4841399E-01  0.3493128E+01  0.4170481E-03 -0.1083338E-04  0.1313964E+01  0.1052414E+00  0.5039658E+01
  0.2953125E+02 -0.1769812E-01  0.2261558E+00 -0.3023083E-01 -0.9951847E-01  0.4810449E-01  0.3205785E+01  0.8035847E-03 -0.5757602E-05  0.1315179E+01  0.6326161E-01  0.4711836E+01
  0.2954861E+02 -0.1769917E-01  0.2262175E+00 -0.3024209E-01 -0.9950027E-01  0.4600729E-01  0.2840223E+01  0.7127818E-03 -0.4166367E-06  0.1314176E+01  0.1893671E-01  0.4298831E+01
  0.2956597E+02 -0.1769898E-01  0.2262807E+00 -0.3025116E-01 -0.9954468E-01  0.5928634E-01  0.2586047E+01  0.4304255E-03 -0.7929731E-05  0.1311500E+01 -0.2127150E-01  0.4014770E+01
  0.2958333E+02 -0.1770111E-01  0.2263430E+00 -0.3025836E-01 -0.9954791E-01  0.6288894E-01  0.2465815E+01  0.1380782E-03 -0.9110977E-05  0.1308083E+01 -0.5691802E-01  0.3858833E+01
  0.2960069E+02 -0.1770099E-01  0.2264133E+00 -0.3026500E-01 -0.9953912E-01  0.6462520E-01  0.2407050E+01  0.9833747E-04  0.4361369E-06  0.1303315E+01 -0.7998231E-01  0.3774015E+01
  0.2961806E+02 -0.1770469E-01  0.2264841E+00 -0.3027145E-01 -0.9947823E-01  0.5798916E-01  0.2376640E+01 -0.1884029E-04  0.7281838E-05  0.1299503E+01 -0.7463875E-01  0.3738512E+01
  0.2963542E+02 -0.1770646E-01  0.2265573E+00 -0.3027824E-01 -0.9931774E-01  0.4854283E-01  0.2452252E+01 -0.3598338E-03  0.4593706E-05  0.1298085E+01 -0.2291607E-01  0.3854863E+01
  0.2965278E+02 -0.1771054E-01  0.2266252E+00 -0.3028693E-01 -0.9905629E-01  0.4120188E-01  0.2792541E+01 -0.1013906E-02  0.3611209E-05  0.1301765E+01  0.5836995E-01  0.4272440E+01
  0.2967014E+02 -0.1771668E-01  0.2266907E+00 -0.3029834E-01 -0.9878632E-01  0.3757132E-01  0.3292253E+01 -0.8248241E-03  0.1379705E-04  0.1307366E+01  0.9124115E-01  0.4807510E+01
  0.2968750E+02 -0.1772397E-01  0.2267537E+00 -0.3031146E-01 -0.1007344E+00  0.2626311E-01  0.3625157E+01 -0.3342534E-03  0.1452331E-04  0.1312963E+01  0.5334744E-01  0.5095395E+01
