  0.1439236E+02 -0.2133633E-01  0.2249308E+00 -0.1458464E-01 -0.1978483E+00 -0.8053261E-01  0.3509129E+01  0.1888214E-02 -0.1729270E-04  0.1092000E+01  0.1891960E+00  0.4702825E+01
  0.1440972E+02 -0.2132658E-01  0.2248801E+00 -0.1459971E-01 -0.1978434E+00 -0.7556152E-01  0.3589144E+01 -0.1417511E-02  0.3072673E-06  0.1095463E+01  0.1713201E+00  0.4770058E+01
  0.1442708E+02 -0.2132911E-01  0.2248266E+00 -0.1461623E-01 -0.1978577E+00 -0.7202229E-01  0.3929928E+01 -0.2921835E-03  0.1354703E-04  0.1099655E+01  0.1786077E+00  0.5126914E+01
  0.1444444E+02 -0.2133831E-01  0.2247732E+00 -0.1463311E-01 -0.1978807E+00 -0.7107501E-01  0.3899123E+01  0.3921970E-03  0.1357386E-04  0.1102682E+01  0.1694858E+00  0.5091543E+01
  0.1446181E+02 -0.2134460E-01  0.2247220E+00 -0.1465008E-01 -0.1978608E+00 -0.7236553E-01  0.3652078E+01  0.7774169E-03  0.1399997E-06  0.1104235E+01  0.1466132E+00  0.4822205E+01
  0.1447917E+02 -0.2134319E-01  0.2246729E+00 -0.1466716E-01 -0.1977961E+00 -0.7509590E-01  0.3316857E+01  0.8849972E-03 -0.1345804E-04  0.1105547E+01  0.1016480E+00  0.4440695E+01
  0.1449653E+02 -0.2133093E-01  0.2246245E+00 -0.1468404E-01 -0.1977240E+00 -0.7838485E-01  0.2925240E+01  0.1180210E-02 -0.9802096E-05  0.1105383E+01  0.5682070E-01  0.4001115E+01
  0.1451389E+02 -0.2131327E-01  0.2245765E+00 -0.1469981E-01 -0.1976421E+00 -0.8064042E-01  0.2539487E+01  0.8922066E-03  0.2590644E-05  0.1102889E+01  0.4450681E-01  0.3598058E+01
  0.1453125E+02 -0.2129781E-01  0.2245289E+00 -0.1471433E-01 -0.1975561E+00 -0.8016394E-01  0.2433081E+01 -0.3288149E-03  0.4980319E-05  0.1100119E+01  0.5986756E-01  0.3503540E+01
  0.1454861E+02 -0.2128489E-01  0.2244821E+00 -0.1472880E-01 -0.1974881E+00 -0.7672215E-01  0.2670486E+01 -0.9291588E-03 -0.1059393E-04  0.1099623E+01  0.8546757E-01  0.3768894E+01
  0.1456597E+02 -0.2127832E-01  0.2244376E+00 -0.1474446E-01 -0.1974552E+00 -0.7159561E-01  0.3048980E+01 -0.1052930E-02 -0.9678510E-05  0.1101900E+01  0.1171206E+00  0.4186303E+01
  0.1458333E+02 -0.2128149E-01  0.2243971E+00 -0.1476171E-01 -0.1974464E+00 -0.6690159E-01  0.3351147E+01 -0.5333900E-03  0.1170400E-04  0.1106812E+01  0.1363317E+00  0.4517775E+01
  0.1460069E+02 -0.2128789E-01  0.2243614E+00 -0.1477987E-01 -0.1974115E+00 -0.6426615E-01  0.3474029E+01 -0.1818434E-03  0.1631181E-04  0.1112674E+01  0.1421836E+00  0.4655337E+01
  0.1461806E+02 -0.2128493E-01  0.2243280E+00 -0.1479877E-01 -0.1973400E+00 -0.6403376E-01  0.3197059E+01  0.1674649E-02  0.3501785E-04  0.1117258E+01  0.1543809E+00  0.4397279E+01
  0.1463542E+02 -0.2129610E-01  0.2242797E+00 -0.1481683E-01 -0.1972042E+00 -0.6586717E-01  0.2378632E+01  0.2855946E-02  0.1171844E-04  0.1119330E+01  0.1083398E+00  0.3534265E+01
  0.1465278E+02 -0.2133407E-01  0.2242142E+00 -0.1483254E-01 -0.1969998E+00 -0.6926666E-01  0.2050122E+01 -0.1482401E-02 -0.1664769E-04  0.1119291E+01  0.6901797E-01  0.3158713E+01
  0.1467014E+02 -0.2131900E-01  0.2241642E+00 -0.1484929E-01 -0.1969299E+00 -0.7311194E-01  0.2039387E+01  0.1109565E-02 -0.1399670E-05  0.1118373E+01  0.7403714E-01  0.3150860E+01
  0.1468750E+02 -0.2130940E-01  0.2241114E+00 -0.1486364E-01 -0.1975825E+00 -0.7546654E-01  0.1855487E+01  0.5117621E-04 -0.9409953E-05  0.1115222E+01  0.6736383E-01  0.2953005E+01
