  0.2782986E+02 -0.1799001E-01  0.2187009E+00 -0.2915406E-01 -0.1088607E+00  0.7314017E-01  0.2586425E+01  0.7044375E-03 -0.2659041E-04  0.1376617E+01 -0.7252523E-01  0.4027032E+01
  0.2784722E+02 -0.1798242E-01  0.2187845E+00 -0.2916624E-01 -0.1087256E+00  0.7288609E-01  0.2389402E+01  0.1814618E-03 -0.2252074E-04  0.1373890E+01 -0.4587316E-01  0.3853374E+01
  0.2786458E+02 -0.1798035E-01  0.2188645E+00 -0.2917877E-01 -0.1085860E+00  0.7311645E-01  0.2408097E+01 -0.2471711E-03 -0.4072694E-05  0.1371355E+01 -0.1363030E-01  0.3901806E+01
  0.2788194E+02 -0.1798407E-01  0.2189436E+00 -0.2919164E-01 -0.1084253E+00  0.6991554E-01  0.2482633E+01 -0.8143794E-04  0.1732025E-05  0.1368880E+01 -0.1582755E-01  0.3968863E+01
  0.2789931E+02 -0.1798910E-01  0.2190228E+00 -0.2920451E-01 -0.1083098E+00  0.5995224E-01  0.2398470E+01  0.3885988E-03 -0.1361348E-05  0.1365172E+01 -0.3188791E-01  0.3855613E+01
  0.2791667E+02 -0.1799377E-01  0.2191010E+00 -0.2921663E-01 -0.1082518E+00  0.4595652E-01  0.2221950E+01  0.3367077E-03  0.3818897E-05  0.1359835E+01 -0.4388190E-01  0.3647838E+01
  0.2793403E+02 -0.1799845E-01  0.2191768E+00 -0.2922776E-01 -0.1082303E+00  0.3778677E-01  0.2213808E+01 -0.2318631E-03  0.7129020E-05  0.1356053E+01 -0.5539087E-01  0.3615753E+01
  0.2795139E+02 -0.1800216E-01  0.2192493E+00 -0.2923814E-01 -0.1082288E+00  0.4105262E-01  0.2473189E+01 -0.7329302E-03 -0.7269754E-05  0.1356023E+01 -0.5772233E-01  0.3875582E+01
  0.2796875E+02 -0.1800059E-01  0.2193194E+00 -0.2924815E-01 -0.1082046E+00  0.5332804E-01  0.2777757E+01 -0.4013552E-03 -0.2737832E-04  0.1358338E+01 -0.5526209E-01  0.4197598E+01
  0.2798611E+02 -0.1799578E-01  0.2193882E+00 -0.2925857E-01 -0.1081487E+00  0.6700882E-01  0.2855684E+01  0.1677775E-03 -0.3168180E-04  0.1361338E+01 -0.5680536E-01  0.4291347E+01
  0.2800347E+02 -0.1799460E-01  0.2194569E+00 -0.2926981E-01 -0.1080624E+00  0.7736238E-01  0.2713840E+01  0.3669206E-03 -0.1785554E-04  0.1364070E+01 -0.4896775E-01  0.4170783E+01
  0.2802083E+02 -0.1799782E-01  0.2195259E+00 -0.2928191E-01 -0.1079336E+00  0.8268042E-01  0.2535676E+01  0.1897412E-03  0.1595529E-05  0.1365131E+01 -0.9555041E-02  0.4038437E+01
  0.2803819E+02 -0.1800035E-01  0.2195948E+00 -0.2929444E-01 -0.1077470E+00  0.8389741E-01  0.2469739E+01 -0.5658830E-04  0.1099001E-04  0.1365869E+01  0.3408045E-01  0.4018093E+01
  0.2805556E+02 -0.1800263E-01  0.2196629E+00 -0.2930686E-01 -0.1075890E+00  0.8137180E-01  0.2491327E+01 -0.4950786E-04  0.4054793E-05  0.1367591E+01  0.4285971E-01  0.4047868E+01
  0.2807292E+02 -0.1800535E-01  0.2197328E+00 -0.2931878E-01 -0.1074920E+00  0.7701542E-01  0.2511651E+01  0.1823665E-04 -0.8017745E-06  0.1367272E+01  0.3265747E-01  0.4053530E+01
  0.2809028E+02 -0.1800778E-01  0.2198071E+00 -0.2932980E-01 -0.1074289E+00  0.7283614E-01  0.2521094E+01  0.5879662E-04  0.1016114E-05  0.1364513E+01  0.9317716E-02  0.4032861E+01
  0.2810764E+02 -0.1800680E-01  0.2198854E+00 -0.2933946E-01 -0.1074062E+00  0.7173799E-01  0.2538505E+01 -0.1696898E-04  0.4292001E-05  0.1361934E+01 -0.2738940E-01  0.4009908E+01
  0.2812500E+02 -0.1800233E-01  0.2199670E+00 -0.2934845E-01 -0.1093243E+00  0.7271593E-01  0.3312555E+01 -0.4035806E-02  0.4202232E-05  0.1361172E+01 -0.4690639E-01  0.4758797E+01
