  0.2376736E+02 -0.1845847E-01  0.2036052E+00 -0.2553879E-01 -0.1347022E+00  0.1486124E+00  0.2022707E+01 -0.7770864E-03 -0.7317213E-05  0.1492311E+01  0.8264440E-02  0.3696016E+01
  0.2378472E+02 -0.1845623E-01  0.2036268E+00 -0.2556000E-01 -0.1346320E+00  0.1497359E+00  0.2484297E+01 -0.1192516E-02  0.3629596E-05  0.1496769E+01 -0.1905741E-01  0.4135534E+01
  0.2380208E+02 -0.1844834E-01  0.2036459E+00 -0.2558233E-01 -0.1345888E+00  0.1554954E+00  0.2927730E+01 -0.6755341E-03  0.5836785E-05  0.1506275E+01 -0.6159383E-01  0.4552263E+01
  0.2381944E+02 -0.1843710E-01  0.2036627E+00 -0.2560529E-01 -0.1344982E+00  0.1633330E+00  0.3114675E+01 -0.9724097E-04  0.8308653E-05  0.1514619E+01 -0.8307590E-01  0.4734585E+01
  0.2383681E+02 -0.1842699E-01  0.2036788E+00 -0.2562828E-01 -0.1343565E+00  0.1688352E+00  0.3108794E+01  0.1471283E-03  0.7948671E-05  0.1518159E+01 -0.5775798E-01  0.4763452E+01
  0.2385417E+02 -0.1842420E-01  0.2036970E+00 -0.2565036E-01 -0.1342070E+00  0.1688958E+00  0.3041803E+01  0.2032433E-03  0.3783618E-05  0.1518098E+01  0.8298738E-03  0.4755249E+01
  0.2387153E+02 -0.1842777E-01  0.2037200E+00 -0.2567068E-01 -0.1340552E+00  0.1654650E+00  0.2974978E+01  0.1527495E-03  0.3160084E-05  0.1517950E+01  0.5920408E-01  0.4743319E+01
  0.2388889E+02 -0.1843582E-01  0.2037480E+00 -0.2569043E-01 -0.1338802E+00  0.1633651E+00  0.2832382E+01  0.4608785E-03  0.1575755E-05  0.1519908E+01  0.8343828E-01  0.4625297E+01
  0.2390625E+02 -0.1844175E-01  0.2037780E+00 -0.2571070E-01 -0.1336741E+00  0.1640472E+00  0.2529663E+01  0.8114927E-03 -0.4626350E-05  0.1522006E+01  0.6075547E-01  0.4303230E+01
  0.2392361E+02 -0.1843771E-01  0.2038086E+00 -0.2573081E-01 -0.1335014E+00  0.1644579E+00  0.1933991E+01  0.2181518E-02  0.7285258E-05  0.1521313E+01  0.1939213E-01  0.3667482E+01
  0.2394097E+02 -0.1846068E-01  0.2038261E+00 -0.2574789E-01 -0.1333235E+00  0.1618867E+00  0.1398126E+01  0.7167126E-03 -0.1972641E-04  0.1518130E+01 -0.8200886E-01  0.3023124E+01
  0.2395833E+02 -0.1848711E-01  0.2038401E+00 -0.2576252E-01 -0.1331628E+00  0.1571732E+00  0.1767447E+01 -0.2476602E-02 -0.4365147E-04  0.1516065E+01 -0.1447566E+00  0.3319837E+01
  0.2397569E+02 -0.1847701E-01  0.2038692E+00 -0.2577849E-01 -0.1331039E+00  0.1524605E+00  0.2332095E+01 -0.2542077E-03 -0.1858820E-04  0.1519375E+01 -0.1382332E+00  0.3891934E+01
  0.2399306E+02 -0.1846981E-01  0.2039018E+00 -0.2579374E-01 -0.1330586E+00  0.1483259E+00  0.2364657E+01  0.8837158E-04 -0.8407044E-05  0.1525118E+01 -0.1651531E+00  0.3899608E+01
  0.2401042E+02 -0.1846697E-01  0.2039355E+00 -0.2580823E-01 -0.1330113E+00  0.1431854E+00  0.2199591E+01  0.5514738E-03 -0.9398284E-06  0.1527519E+01 -0.1757086E+00  0.3721787E+01
  0.2402778E+02 -0.1846433E-01  0.2039678E+00 -0.2582201E-01 -0.1329728E+00  0.1361351E+00  0.1990180E+01  0.3693300E-03  0.1130691E-05  0.1523836E+01 -0.1278759E+00  0.3549354E+01
  0.2404514E+02 -0.1845986E-01  0.2039992E+00 -0.2583583E-01 -0.1329055E+00  0.1296011E+00  0.1991187E+01 -0.2585176E-03 -0.8144640E-05  0.1517056E+01 -0.3050168E-01  0.3633874E+01
  0.2406250E+02 -0.1845698E-01  0.2040304E+00 -0.2585108E-01 -0.1350528E+00  0.1280913E+00  0.2282883E+01 -0.9169093E-03 -0.1315918E-04  0.1511860E+01  0.4396243E-01  0.3990536E+01
