  0.9548611E+00 -0.1152665E-01  0.1068909E+00 -0.1618752E-02 -0.1740508E+00 -0.1253048E-01  0.4395739E+01  0.1150653E-03  0.6354330E-05  0.6932169E-01 -0.1779897E+00  0.4194357E+01
  0.9722222E+00 -0.1178993E-01  0.1080112E+00 -0.1642448E-02 -0.1744748E+00 -0.1260485E-01  0.4399530E+01  0.9511846E-04  0.4604755E-05  0.7147064E-01 -0.1668757E+00  0.4211724E+01
  0.9895833E+00 -0.1205195E-01  0.1091024E+00 -0.1666106E-02 -0.1748729E+00 -0.1267208E-01  0.4372049E+01  0.6208463E-03  0.1012392E-05  0.7365480E-01 -0.1557231E+00  0.4198442E+01
  0.1006944E+01 -0.1237360E-01  0.1101873E+00 -0.1689949E-02 -0.1751156E+00 -0.1273141E-01  0.4363439E+01 -0.2727787E-03 -0.4014228E-06  0.7585242E-01 -0.1481112E+00  0.4199184E+01
  0.1024306E+01 -0.1263988E-01  0.1112261E+00 -0.1713450E-02 -0.1754503E+00 -0.1277202E-01  0.4380647E+01  0.1157317E-03  0.3597685E-05  0.7810213E-01 -0.1417120E+00  0.4225807E+01
  0.1041667E+01 -0.1289622E-01  0.1122337E+00 -0.1736749E-02 -0.1757813E+00 -0.1278704E-01  0.4372293E+01  0.1304985E-03  0.6952020E-05  0.8030868E-01 -0.1312927E+00  0.4230479E+01
  0.1059028E+01 -0.1315212E-01  0.1132154E+00 -0.1759951E-02 -0.1760912E+00 -0.1282331E-01  0.4367670E+01  0.1087337E-03  0.3803411E-05  0.8251425E-01 -0.1222385E+00  0.4237447E+01
  0.1076389E+01 -0.1340691E-01  0.1141733E+00 -0.1783081E-02 -0.1763825E+00 -0.1293112E-01  0.4367998E+01  0.1140502E-03  0.2349747E-05  0.8474607E-01 -0.1168043E+00  0.4245725E+01
  0.1093750E+01 -0.1365946E-01  0.1151087E+00 -0.1806145E-02 -0.1766576E+00 -0.1310239E-01  0.4369008E+01  0.1343282E-03  0.4751509E-06  0.8703931E-01 -0.1146882E+00  0.4251377E+01
  0.1111111E+01 -0.1390857E-01  0.1160221E+00 -0.1829109E-02 -0.1769186E+00 -0.1327104E-01  0.4366437E+01  0.1404645E-03 -0.3406112E-05  0.8941840E-01 -0.1128964E+00  0.4253191E+01
  0.1128472E+01 -0.1415439E-01  0.1169137E+00 -0.1851951E-02 -0.1771656E+00 -0.1337349E-01  0.4355694E+01  0.1660203E-03 -0.6403096E-05  0.9182100E-01 -0.1077994E+00  0.4250243E+01
  0.1145833E+01 -0.1439846E-01  0.1177837E+00 -0.1874636E-02 -0.1773975E+00 -0.1341426E-01  0.4341933E+01  0.1236733E-03 -0.4721844E-05  0.9415058E-01 -0.9860212E-01  0.4248299E+01
  0.1163194E+01 -0.1464255E-01  0.1186327E+00 -0.1897214E-02 -0.1776140E+00 -0.1345577E-01  0.4336631E+01  0.8075625E-04  0.1586870E-05  0.9637878E-01 -0.8834379E-01  0.4255771E+01
  0.1180556E+01 -0.1488605E-01  0.1194622E+00 -0.1919746E-02 -0.1778166E+00 -0.1355988E-01  0.4340614E+01  0.6062471E-04  0.3391664E-05  0.9860973E-01 -0.8062198E-01  0.4269946E+01
  0.1197917E+01 -0.1512710E-01  0.1202745E+00 -0.1942247E-02 -0.1780084E+00 -0.1373435E-01  0.4346686E+01  0.8396661E-04  0.6964973E-06  0.1009815E+00 -0.7639213E-01  0.4282822E+01
  0.1215278E+01 -0.1536468E-01  0.1210704E+00 -0.1964685E-02 -0.1781916E+00 -0.1394034E-01  0.4348756E+01  0.1070391E-03  0.1997397E-06  0.1034841E+00 -0.7396343E-01  0.4289993E+01
  0.1232639E+01 -0.1559811E-01  0.1218497E+00 -0.1987033E-02 -0.1783672E+00 -0.1412168E-01  0.4341963E+01  0.1476539E-03  0.9334832E-06  0.1060625E+00 -0.7023251E-01  0.4289718E+01
  0.1250000E+01 -0.1582745E-01  0.1226123E+00 -0.2009231E-02 -0.1785351E+00 -0.1424138E-01  0.4369955E+01 -0.5283352E-03  0.1503587E-05  0.1086340E+00 -0.6612412E-01  0.4323937E+01
