  0.2845486E+02 -0.4063377E+02  0.3974837E-01  0.2411716E+00  0.1388365E+00 -0.9008136E-02 -0.4120135E-01  0.1241184E-02 -0.8271994E-04 -0.5394384E-04  0.3820074E+02 -0.2062375E+01 -0.2083242E+01
  0.2847222E+02 -0.4063183E+02  0.4333750E-01  0.2408068E+00  0.1246470E+00 -0.3985688E-02 -0.4115619E-01  0.1239654E-02 -0.3404648E-04 -0.4920423E-04  0.3819743E+02 -0.2069590E+01 -0.2083273E+01
  0.2848958E+02 -0.4061937E+02  0.4221905E-01  0.2402302E+00  0.1050072E+00 -0.5796079E-02 -0.4112223E-01  0.1239934E-02  0.1068765E-04 -0.2392602E-05  0.3819395E+02 -0.2083637E+01 -0.2083225E+01
  0.2850694E+02 -0.4060285E+02  0.3855827E-01  0.2400514E+00  0.9204983E-01 -0.1080290E-01 -0.4110367E-01  0.1241668E-02  0.9741337E-05  0.4258412E-04  0.3819027E+02 -0.2092531E+01 -0.2083191E+01
  0.2852431E+02 -0.4059297E+02  0.3400617E-01  0.2400326E+00  0.9314898E-01 -0.1559984E-01 -0.4109032E-01  0.1242889E-02  0.6026144E-04  0.4069588E-04  0.3818641E+02 -0.2094716E+01 -0.2083238E+01
  0.2854167E+02 -0.4059116E+02  0.2866924E-01  0.2394833E+00  0.1154206E+00 -0.1806406E-01 -0.4108225E-01  0.1243175E-02  0.1100214E-03  0.2069151E-04  0.3818252E+02 -0.2082843E+01 -0.2083323E+01
  0.2855903E+02 -0.4059517E+02  0.2387044E-01  0.2379711E+00  0.1444011E+00 -0.1574764E-01 -0.4109357E-01  0.1243176E-02  0.7577888E-04  0.1381071E-04  0.3817877E+02 -0.2065671E+01 -0.2083362E+01
  0.2857639E+02 -0.4060091E+02  0.2251848E-01  0.2360616E+00  0.1689843E+00 -0.9995240E-02 -0.4113167E-01  0.1242957E-02  0.4648568E-04  0.8328759E-05  0.3817509E+02 -0.2048080E+01 -0.2083303E+01
  0.2859375E+02 -0.4060189E+02  0.2750210E-01  0.2349207E+00  0.1727436E+00 -0.4776447E-02 -0.4117910E-01  0.1242713E-02 -0.1050562E-03  0.2365401E-04  0.3817158E+02 -0.2039944E+01 -0.2083148E+01
  0.2861111E+02 -0.4059619E+02  0.3760417E-01  0.2351530E+00  0.1409583E+00 -0.2464417E-02 -0.4119822E-01  0.1241762E-02 -0.1924178E-03  0.2806034E-04  0.3816806E+02 -0.2056996E+01 -0.2082977E+01
  0.2862847E+02 -0.4059397E+02  0.4694571E-01  0.2361986E+00  0.1139831E+00  0.6188113E-05 -0.4117559E-01  0.1239192E-02 -0.9728914E-04 -0.9788012E-05  0.3816441E+02 -0.2072475E+01 -0.2082882E+01
  0.2864583E+02 -0.4059250E+02  0.5169499E-01  0.2369331E+00  0.1003885E+00  0.2959426E-03 -0.4113698E-01  0.1236254E-02 -0.7122167E-04 -0.4233262E-04  0.3816088E+02 -0.2082319E+01 -0.2082917E+01
  0.2866319E+02 -0.4057886E+02  0.5251205E-01  0.2371520E+00  0.8781891E-01 -0.7777540E-02 -0.4111057E-01  0.1235609E-02  0.8750603E-05 -0.4050499E-04  0.3815734E+02 -0.2091721E+01 -0.2083046E+01
  0.2868056E+02 -0.4056325E+02  0.5188463E-01  0.2369426E+00  0.9421184E-01 -0.1864155E-01 -0.4109964E-01  0.1236625E-02  0.6335120E-04 -0.1206262E-04  0.3815386E+02 -0.2084810E+01 -0.2083130E+01
  0.2869792E+02 -0.4055573E+02  0.5083890E-01  0.2362130E+00  0.1044312E+00 -0.2257666E-01 -0.4108532E-01  0.1236746E-02  0.6703648E-05 -0.1230318E-05  0.3815057E+02 -0.2076099E+01 -0.2083065E+01
  0.2871528E+02 -0.4054993E+02  0.4734164E-01  0.2349195E+00  0.1114608E+00 -0.2282493E-01 -0.4106428E-01  0.1236791E-02  0.5633559E-04 -0.1352881E-04  0.3814723E+02 -0.2071593E+01 -0.2082913E+01
  0.2873264E+02 -0.4054155E+02  0.4166717E-01  0.2334448E+00  0.1247159E+00 -0.2607869E-01 -0.4104928E-01  0.1238377E-02  0.3956228E-04  0.1604073E-04  0.3814381E+02 -0.2063754E+01 -0.2082889E+01
  0.2875000E+02 -0.5557156E+02  0.3485453E-01  0.2320616E+00  0.7375845E-01 -0.2725318E-01 -0.4104446E-01  0.1239346E-02  0.5283520E-04  0.3397620E-04  0.3814034E+02 -0.1715751E+02 -0.2083112E+01
