  0.2126736E+02 -0.1923196E-01  0.2038153E+00 -0.2279319E-01 -0.1512714E+00  0.1637034E+00  0.3241376E+01  0.7768499E-03  0.9100052E-05  0.1490905E+01  0.2986873E-01  0.4937159E+01
  0.2128472E+02 -0.1922159E-01  0.2037937E+00 -0.2281870E-01 -0.1510224E+00  0.1569932E+00  0.2695765E+01  0.1878706E-02  0.1815773E-04  0.1493733E+01 -0.5896062E-01  0.4300158E+01
  0.2130208E+02 -0.1921865E-01  0.2037768E+00 -0.2284128E-01 -0.1508808E+00  0.1424947E+00  0.1903029E+01  0.1973576E-02  0.1750274E-04  0.1491859E+01 -0.1325085E+00  0.3417702E+01
  0.2131944E+02 -0.1921964E-01  0.2037612E+00 -0.2285950E-01 -0.1508626E+00  0.1240936E+00  0.1240982E+01  0.1254046E-02  0.1416309E-04  0.1488227E+01 -0.1774806E+00  0.2687910E+01
  0.2133681E+02 -0.1922014E-01  0.2037442E+00 -0.2287408E-01 -0.1508981E+00  0.1076983E+00  0.9514033E+00  0.2154438E-03  0.1264908E-04  0.1484711E+01 -0.1902491E+00  0.2364543E+01
  0.2135417E+02 -0.1921805E-01  0.2037237E+00 -0.2288669E-01 -0.1508758E+00  0.9961485E-01  0.1001851E+01 -0.3508489E-03  0.8732932E-05  0.1481352E+01 -0.1629645E+00  0.2430255E+01
  0.2137153E+02 -0.1921248E-01  0.2036988E+00 -0.2289929E-01 -0.1507430E+00  0.1022549E+00  0.1221799E+01 -0.7174236E-03 -0.5349389E-05  0.1478982E+01 -0.1132328E+00  0.2699924E+01
  0.2138889E+02 -0.1920333E-01  0.2036704E+00 -0.2291456E-01 -0.1505748E+00  0.1122748E+00  0.1607050E+01 -0.1259876E-02 -0.2285835E-04  0.1480277E+01 -0.4440571E-01  0.3164890E+01
  0.2140625E+02 -0.1919188E-01  0.2036402E+00 -0.2293351E-01 -0.1504096E+00  0.1221803E+00  0.2197967E+01 -0.1637722E-02 -0.2781278E-04  0.1486370E+01  0.2668498E-01  0.3842642E+01
  0.2142361E+02 -0.1918333E-01  0.2036103E+00 -0.2295590E-01 -0.1502452E+00  0.1250505E+00  0.2825154E+01 -0.1273282E-02 -0.2871983E-04  0.1493949E+01  0.5986042E-01  0.4513938E+01
  0.2144097E+02 -0.1917820E-01  0.2035824E+00 -0.2298071E-01 -0.1501021E+00  0.1201023E+00  0.3277834E+01 -0.6848720E-03 -0.3319270E-04  0.1498236E+01  0.7291795E-01  0.4979694E+01
  0.2145833E+02 -0.1917174E-01  0.2035557E+00 -0.2300572E-01 -0.1499902E+00  0.1131140E+00  0.3481257E+01 -0.1411679E-04 -0.2721608E-04  0.1497328E+01  0.6089260E-01  0.5163938E+01
  0.2147569E+02 -0.1916890E-01  0.2035280E+00 -0.2302878E-01 -0.1498919E+00  0.1096616E+00  0.3305333E+01  0.1011672E-02 -0.7045173E-05  0.1494099E+01 -0.1286576E-01  0.4908670E+01
  0.2149306E+02 -0.1916852E-01  0.2034983E+00 -0.2304908E-01 -0.1497568E+00  0.1101751E+00  0.2794071E+01  0.1316181E-02  0.4004865E-05  0.1491934E+01 -0.8794209E-01  0.4321082E+01
  0.2151042E+02 -0.1916548E-01  0.2034668E+00 -0.2306785E-01 -0.1496089E+00  0.1115090E+00  0.2164805E+01  0.1432358E-02  0.9110115E-05  0.1493233E+01 -0.1011496E+00  0.3681463E+01
  0.2152778E+02 -0.1916282E-01  0.2034358E+00 -0.2308582E-01 -0.1495310E+00  0.1111980E+00  0.1717111E+01  0.5029666E-03  0.2461832E-04  0.1496509E+01 -0.8679522E-01  0.3250207E+01
  0.2154514E+02 -0.1915899E-01  0.2034080E+00 -0.2310365E-01 -0.1495497E+00  0.1088407E+00  0.1678048E+01 -0.4083260E-03  0.3179749E-04  0.1499147E+01 -0.8660377E-01  0.3210651E+01
  0.2156250E+02 -0.1915009E-01  0.2033856E+00 -0.2312218E-01 -0.1516964E+00  0.1060332E+00  0.1892339E+01 -0.5969513E-03  0.2201360E-04  0.1502034E+01 -0.7699289E-01  0.3432255E+01
