  0.1751736E+02 -0.2014738E-01  0.2163820E+00 -0.1808111E-01 -0.1821467E+00 -0.2790546E-01  0.2625890E+01 -0.3246099E-03 -0.1459782E-04  0.1320254E+01  0.1557117E+00  0.4069617E+01
  0.1753472E+02 -0.2014262E-01  0.2163228E+00 -0.1810489E-01 -0.1820409E+00 -0.2193225E-01  0.2823158E+01 -0.7458270E-03 -0.2338151E-04  0.1321057E+01  0.1726469E+00  0.4290195E+01
  0.1755208E+02 -0.2013884E-01  0.2162607E+00 -0.1812774E-01 -0.1819882E+00 -0.1620035E-01  0.3112707E+01 -0.5631246E-03 -0.1338536E-04  0.1322109E+01  0.1424442E+00  0.4556489E+01
  0.1756944E+02 -0.2013557E-01  0.2161972E+00 -0.1814932E-01 -0.1819393E+00 -0.1103142E-01  0.3306522E+01 -0.1775456E-03  0.2208406E-05  0.1322914E+01  0.8645556E-01  0.4700658E+01
  0.1758681E+02 -0.2013361E-01  0.2161350E+00 -0.1817081E-01 -0.1818463E+00 -0.7930311E-02  0.3298446E+01  0.3705369E-03  0.2389455E-05  0.1323632E+01  0.3365194E-01  0.4644157E+01
  0.1760417E+02 -0.2013128E-01  0.2160772E+00 -0.1819361E-01 -0.1816887E+00 -0.8615432E-02  0.3090146E+01  0.6659832E-03 -0.5862764E-05  0.1323639E+01  0.8939054E-03  0.4402786E+01
  0.1762153E+02 -0.2012245E-01  0.2160232E+00 -0.1821797E-01 -0.1814765E+00 -0.1239645E-01  0.2756869E+01  0.8524249E-03 -0.1261076E-04  0.1322601E+01  0.1499898E-01  0.4079119E+01
  0.1763889E+02 -0.2011234E-01  0.2159705E+00 -0.1824316E-01 -0.1812831E+00 -0.1605436E-01  0.2386458E+01  0.8054822E-03 -0.3469712E-05  0.1321509E+01  0.7586871E-01  0.3764915E+01
  0.1765625E+02 -0.2010641E-01  0.2159167E+00 -0.1826707E-01 -0.1811541E+00 -0.1715218E-01  0.2154330E+01  0.2429643E-03  0.1477286E-04  0.1321258E+01  0.1420097E+00  0.3597093E+01
  0.1767361E+02 -0.2010489E-01  0.2158621E+00 -0.1828892E-01 -0.1810922E+00 -0.1559084E-01  0.2198051E+01 -0.4611381E-03  0.2254521E-04  0.1321878E+01  0.1674768E+00  0.3667753E+01
  0.1769097E+02 -0.2010928E-01  0.2158084E+00 -0.1830902E-01 -0.1810466E+00 -0.1209018E-01  0.2444053E+01 -0.7136146E-03  0.1328338E-04  0.1322091E+01  0.1472479E+00  0.3896945E+01
  0.1770833E+02 -0.2011934E-01  0.2157580E+00 -0.1832854E-01 -0.1809503E+00 -0.7208003E-02  0.2689647E+01 -0.5136849E-03 -0.1031880E-05  0.1323442E+01  0.1083361E+00  0.4110063E+01
  0.1772569E+02 -0.2012711E-01  0.2157117E+00 -0.1834979E-01 -0.1808008E+00 -0.2556634E-02  0.2872284E+01 -0.4440489E-03 -0.1706790E-04  0.1327030E+01  0.8023220E-01  0.4272963E+01
  0.1774306E+02 -0.2013033E-01  0.2156670E+00 -0.1837363E-01 -0.1806047E+00 -0.7769685E-03  0.3029469E+01 -0.2612814E-03 -0.2793852E-04  0.1331158E+01  0.6193465E-01  0.4418054E+01
  0.1776042E+02 -0.2012709E-01  0.2156202E+00 -0.1839887E-01 -0.1804053E+00 -0.2762527E-02  0.3073271E+01  0.2806118E-03 -0.2224364E-04  0.1333269E+01  0.2430669E-01  0.4425031E+01
  0.1777778E+02 -0.2011925E-01  0.2155684E+00 -0.1842340E-01 -0.1802261E+00 -0.6870038E-02  0.2871047E+01  0.9416921E-03 -0.2204872E-04  0.1332375E+01 -0.2409009E-01  0.4170181E+01
  0.1779514E+02 -0.2011038E-01  0.2155121E+00 -0.1844574E-01 -0.1800718E+00 -0.1108947E-01  0.2495565E+01  0.1019848E-02 -0.2013551E-04  0.1330715E+01 -0.4382443E-01  0.3769250E+01
  0.1781250E+02 -0.2010345E-01  0.2154541E+00 -0.1846557E-01 -0.1820818E+00 -0.1499874E-01  0.2195912E+01  0.4935208E-03 -0.5659242E-05  0.1330173E+01 -0.2016111E-01  0.3486216E+01
