  0.9704861E+01 -0.2480206E-01  0.2275435E+00 -0.1037650E-01 -0.2043841E+00 -0.6648882E-01  0.2569163E+01 -0.2225455E-03 -0.1996152E-04  0.7914271E+00  0.1449881E+00  0.3426827E+01
  0.9722222E+01 -0.2478755E-01  0.2275702E+00 -0.1038874E-01 -0.2043967E+00 -0.6480726E-01  0.2730973E+01 -0.7986445E-03 -0.5691927E-05  0.7919173E+00  0.2020054E+00  0.3647282E+01
  0.9739583E+01 -0.2477199E-01  0.2275980E+00 -0.1040234E-01 -0.2044042E+00 -0.6230638E-01  0.3134542E+01 -0.1530802E-02  0.7085633E-05  0.7922452E+00  0.2650941E+00  0.4116071E+01
  0.9756944E+01 -0.2475454E-01  0.2276285E+00 -0.1041803E-01 -0.2044323E+00 -0.6055293E-01  0.3677900E+01 -0.1462667E-02  0.9075280E-05  0.7928329E+00  0.3046213E+00  0.4701372E+01
  0.9774306E+01 -0.2473545E-01  0.2276621E+00 -0.1043567E-01 -0.2044696E+00 -0.6004476E-01  0.4077554E+01 -0.7128855E-03  0.6781619E-05  0.7947870E+00  0.3098630E+00  0.5109475E+01
  0.9791667E+01 -0.2471121E-01  0.2276977E+00 -0.1045475E-01 -0.2044898E+00 -0.6065198E-01  0.4166974E+01  0.1828788E-03  0.7358032E-05  0.7983332E+00  0.2823797E+00  0.5175267E+01
  0.9809028E+01 -0.2468309E-01  0.2277310E+00 -0.1047456E-01 -0.2044892E+00 -0.6203150E-01  0.3850658E+01  0.1530417E-02  0.5734046E-05  0.8020085E+00  0.2229851E+00  0.4803241E+01
  0.9826389E+01 -0.2465654E-01  0.2277576E+00 -0.1049316E-01 -0.2044833E+00 -0.6380843E-01  0.3187167E+01  0.2206214E-02  0.2470657E-06  0.8034484E+00  0.1489389E+00  0.4066077E+01
  0.9843750E+01 -0.2463358E-01  0.2277770E+00 -0.1050876E-01 -0.2044766E+00 -0.6536059E-01  0.2527069E+01  0.1587360E-02 -0.6568632E-05  0.8023953E+00  0.9209725E-01  0.3345940E+01
  0.9861111E+01 -0.2461770E-01  0.2277908E+00 -0.1052194E-01 -0.2044540E+00 -0.6580454E-01  0.2182557E+01  0.4256350E-03 -0.1804083E-04  0.8005830E+00  0.8733053E-01  0.2993270E+01
  0.9878472E+01 -0.2460989E-01  0.2278021E+00 -0.1053430E-01 -0.2044113E+00 -0.6452154E-01  0.2207079E+01 -0.5460581E-03 -0.1998716E-04  0.7996180E+00  0.1326097E+00  0.3062465E+01
  0.9895833E+01 -0.2460106E-01  0.2278147E+00 -0.1054711E-01 -0.2043748E+00 -0.6231016E-01  0.2527918E+01 -0.1243501E-02 -0.5233429E-05  0.7999979E+00  0.1781193E+00  0.3430768E+01
  0.9913194E+01 -0.2458962E-01  0.2278310E+00 -0.1056102E-01 -0.2043704E+00 -0.6033083E-01  0.3052590E+01 -0.1640928E-02  0.1365335E-04  0.8007390E+00  0.1924984E+00  0.3972179E+01
  0.9930556E+01 -0.2457003E-01  0.2278524E+00 -0.1057645E-01 -0.2043954E+00 -0.5944418E-01  0.3616824E+01 -0.1442665E-02  0.2450554E-04  0.8015537E+00  0.1951463E+00  0.4540973E+01
  0.9947917E+01 -0.2454195E-01  0.2278775E+00 -0.1059368E-01 -0.2044146E+00 -0.5972388E-01  0.3990527E+01 -0.6263842E-03  0.2607837E-04  0.8029991E+00  0.2136890E+00  0.4935218E+01
  0.9965278E+01 -0.2451466E-01  0.2279038E+00 -0.1061217E-01 -0.2044091E+00 -0.6059141E-01  0.4051836E+01  0.2614035E-03  0.2203742E-04  0.8053334E+00  0.2228074E+00  0.5008036E+01
  0.9982639E+01 -0.2449735E-01  0.2279304E+00 -0.1063060E-01 -0.2043840E+00 -0.6163728E-01  0.3766635E+01  0.1315136E-02  0.1026493E-05  0.8079418E+00  0.1970085E+00  0.4699683E+01
  0.1000000E+02 -0.2448661E-01  0.2279564E+00 -0.1064701E-01 -0.2047905E+00 -0.6259271E-01  0.8610416E+00  0.9237069E-02 -0.2117543E-04  0.8090191E+00  0.4061756E-01  0.1645334E+01
