  0.2532986E+02 -0.1832546E-01  0.2076043E+00 -0.2707612E-01 -0.1249232E+00  0.7565682E-01  0.1907621E+01 -0.5223148E-03  0.9101654E-05  0.1494745E+01 -0.1426562E+00  0.3372133E+01
  0.2534722E+02 -0.1832607E-01  0.2076505E+00 -0.2708961E-01 -0.1248097E+00  0.7537757E-01  0.2188049E+01 -0.7299636E-03  0.2497431E-04  0.1495368E+01 -0.1058804E+00  0.3689633E+01
  0.2536458E+02 -0.1832793E-01  0.2076997E+00 -0.2710374E-01 -0.1247029E+00  0.8063244E-01  0.2555003E+01 -0.9855077E-03  0.2360439E-04  0.1495631E+01 -0.6273761E-01  0.4105132E+01
  0.2538194E+02 -0.1833095E-01  0.2077529E+00 -0.2711976E-01 -0.1245912E+00  0.9310408E-01  0.2973156E+01 -0.1052949E-02  0.1172693E-04  0.1495385E+01  0.2835140E-02  0.4601150E+01
  0.2539931E+02 -0.1833329E-01  0.2078081E+00 -0.2713754E-01 -0.1245134E+00  0.1116525E+00  0.3314787E+01 -0.6270967E-03  0.6843935E-05  0.1494954E+01  0.5951598E-01  0.5018114E+01
  0.2541667E+02 -0.1833048E-01  0.2078640E+00 -0.2715553E-01 -0.1244844E+00  0.1302217E+00  0.3474035E+01 -0.1266992E-03  0.5402614E-06  0.1495419E+01  0.7050049E-01  0.5207944E+01
  0.2543403E+02 -0.1832355E-01  0.2079201E+00 -0.2717300E-01 -0.1244433E+00  0.1421536E+00  0.3431815E+01  0.3426820E-03 -0.1667663E-04  0.1496435E+01  0.4411258E-01  0.5152822E+01
  0.2545139E+02 -0.1831294E-01  0.2079780E+00 -0.2719052E-01 -0.1242863E+00  0.1456499E+00  0.3150562E+01  0.9245429E-03 -0.2069935E-04  0.1495866E+01  0.2062446E-01  0.4851794E+01
  0.2546875E+02 -0.1830089E-01  0.2080405E+00 -0.2720805E-01 -0.1240205E+00  0.1437434E+00  0.2765384E+01  0.7707380E-03 -0.1130605E-04  0.1494724E+01 -0.6915142E-02  0.4436206E+01
  0.2548611E+02 -0.1829305E-01  0.2081078E+00 -0.2722538E-01 -0.1238002E+00  0.1404848E+00  0.2490956E+01  0.4343495E-03 -0.1457948E-05  0.1495198E+01 -0.8535396E-01  0.4080507E+01
  0.2550347E+02 -0.1829200E-01  0.2081767E+00 -0.2724171E-01 -0.1236550E+00  0.1366569E+00  0.2290332E+01  0.4157853E-03 -0.5112270E-06  0.1496636E+01 -0.1700291E+00  0.3792999E+01
  0.2552083E+02 -0.1829700E-01  0.2082444E+00 -0.2725730E-01 -0.1236064E+00  0.1311301E+00  0.2063856E+01  0.5299513E-03 -0.7251006E-05  0.1495767E+01 -0.1820933E+00  0.3548266E+01
  0.2553819E+02 -0.1830385E-01  0.2083101E+00 -0.2727194E-01 -0.1236397E+00  0.1250035E+00  0.1908502E+01  0.1567733E-03  0.5995435E-05  0.1491225E+01 -0.1196925E+00  0.3444296E+01
  0.2555556E+02 -0.1830963E-01  0.2083716E+00 -0.2728543E-01 -0.1236253E+00  0.1211175E+00  0.2049724E+01 -0.6830999E-03  0.2836480E-04  0.1484373E+01 -0.3780966E-01  0.3655902E+01
  0.2557292E+02 -0.1831038E-01  0.2084287E+00 -0.2729912E-01 -0.1235154E+00  0.1221753E+00  0.2389722E+01 -0.6590657E-03  0.2883277E-04  0.1479561E+01  0.6996430E-02  0.4037128E+01
  0.2559028E+02 -0.1831010E-01  0.2084854E+00 -0.2731416E-01 -0.1233109E+00  0.1301592E+00  0.2666393E+01 -0.4836137E-03  0.1385416E-04  0.1478600E+01  0.8004886E-02  0.4322237E+01
  0.2560764E+02 -0.1830936E-01  0.2085469E+00 -0.2733135E-01 -0.1230524E+00  0.1439984E+00  0.2810521E+01 -0.2962300E-03 -0.5479480E-05  0.1480032E+01  0.1542391E-01  0.4489527E+01
  0.2562500E+02 -0.1830654E-01  0.2086127E+00 -0.2735076E-01 -0.1253775E+00  0.1586763E+00  0.2820139E+01 -0.1081921E-03 -0.1766661E-04  0.1481995E+01  0.5813704E-01  0.4556399E+01
