  0.1782986E+02 -0.4277460E+02 -0.2602321E-01  0.2548689E+00  0.2845631E+00  0.6440415E-01 -0.3307600E-01  0.1573292E-02  0.8891020E-04 -0.5846008E-04  0.4004966E+02 -0.2178602E+01 -0.2225626E+01
  0.1784722E+02 -0.4278123E+02 -0.2679506E-01  0.2556852E+00  0.2858619E+00  0.6878558E-01 -0.3311377E-01  0.1573469E-02  0.5284757E-05 -0.6687549E-05  0.4004744E+02 -0.2181793E+01 -0.2225804E+01
  0.1786458E+02 -0.4277732E+02 -0.2340737E-01  0.2572038E+00  0.2601135E+00  0.6535104E-01 -0.3315029E-01  0.1574832E-02 -0.1183157E-03  0.4082165E-04  0.4004505E+02 -0.2204660E+01 -0.2225771E+01
  0.1788194E+02 -0.4275905E+02 -0.1780877E-01  0.2589721E+00  0.2247581E+00  0.5452760E-01 -0.3316449E-01  0.1575403E-02 -0.1233817E-03  0.6181218E-04  0.4004222E+02 -0.2228039E+01 -0.2225616E+01
  0.1789931E+02 -0.4274480E+02 -0.1348020E-01  0.2604985E+00  0.2178112E+00  0.4756406E-01 -0.3315586E-01  0.1575150E-02 -0.2352952E-04  0.2625996E-04  0.4003919E+02 -0.2224794E+01 -0.2225366E+01
  0.1791667E+02 -0.4273870E+02 -0.1218932E-01  0.2616715E+00  0.2342859E+00  0.4634923E-01 -0.3314049E-01  0.1575202E-02  0.1218076E-04 -0.1312995E-04  0.4003635E+02 -0.2203799E+01 -0.2224954E+01
  0.1793403E+02 -0.4272537E+02 -0.1350128E-01  0.2626004E+00  0.2432274E+00  0.4072664E-01 -0.3312970E-01  0.1576440E-02 -0.6868030E-04  0.1167491E-04  0.4003381E+02 -0.2190118E+01 -0.2224606E+01
  0.1795139E+02 -0.4271657E+02 -0.1642787E-01  0.2633332E+00  0.2484857E+00  0.3628857E-01 -0.3312642E-01  0.1578242E-02 -0.3001616E-04  0.1135612E-04  0.4003141E+02 -0.2185042E+01 -0.2224641E+01
  0.1796875E+02 -0.4273269E+02 -0.1982476E-01  0.2640286E+00  0.2754476E+00  0.4636988E-01 -0.3313310E-01  0.1579407E-02  0.1406255E-03 -0.6483779E-04  0.4002927E+02 -0.2168880E+01 -0.2225014E+01
  0.1798611E+02 -0.4276172E+02 -0.2216895E-01  0.2648494E+00  0.3060217E+00  0.6558045E-01 -0.3315302E-01  0.1580835E-02  0.1620484E-03 -0.9755367E-04  0.4002752E+02 -0.2151428E+01 -0.2225383E+01
  0.1800347E+02 -0.4278143E+02 -0.2200086E-01  0.2657835E+00  0.2995518E+00  0.8014461E-01 -0.3318443E-01  0.1583423E-02  0.2949544E-04 -0.3651421E-04  0.4002589E+02 -0.2163664E+01 -0.2225496E+01
  0.1802083E+02 -0.4278712E+02 -0.1885902E-01  0.2668543E+00  0.2580876E+00  0.8641241E-01 -0.3321661E-01  0.1586356E-02 -0.4216315E-04  0.8641973E-05  0.4002382E+02 -0.2202469E+01 -0.2225320E+01
  0.1803819E+02 -0.4277500E+02 -0.1397278E-01  0.2679878E+00  0.2107646E+00  0.8270385E-01 -0.3323777E-01  0.1588886E-02 -0.6669553E-04  0.1144147E-04  0.4002116E+02 -0.2238067E+01 -0.2224892E+01
  0.1805556E+02 -0.4274620E+02 -0.9315636E-02  0.2689035E+00  0.1579822E+00  0.6720829E-01 -0.3324690E-01  0.1589688E-02 -0.1792507E-03  0.5055378E-04  0.4001803E+02 -0.2275178E+01 -0.2224300E+01
  0.1807292E+02 -0.4271241E+02 -0.5772928E-02  0.2694907E+00  0.1118021E+00  0.4853280E-01 -0.3325046E-01  0.1589608E-02 -0.1791388E-03  0.9672444E-04  0.4001436E+02 -0.2305735E+01 -0.2223727E+01
  0.1809028E+02 -0.4268762E+02 -0.3190772E-02  0.2700192E+00  0.1155333E+00  0.3565883E-01 -0.3325019E-01  0.1590434E-02 -0.2016811E-04  0.6749765E-04  0.4001054E+02 -0.2290674E+01 -0.2223326E+01
  0.1810764E+02 -0.4267517E+02 -0.1667941E-02  0.2707028E+00  0.1546183E+00  0.2717004E-01 -0.3324249E-01  0.1591980E-02 -0.9343360E-05  0.8133501E-05  0.4000721E+02 -0.2248788E+01 -0.2223181E+01
  0.1812500E+02 -0.4267048E+02 -0.1827842E-02  0.2713751E+00  0.1891970E+00  0.2337784E-01 -0.3322961E-01  0.1592724E-02 -0.6525109E-05 -0.2897510E-04  0.4000438E+02 -0.2215654E+01 -0.2223314E+01
