  0.2095486E+02 -0.1936120E-01  0.2045826E+00 -0.2238622E-01 -0.1541174E+00  0.1436457E+00  0.2575528E+01  0.4443823E-03 -0.7718015E-05  0.1463494E+01 -0.1427608E-01  0.4177546E+01
  0.2097222E+02 -0.1935238E-01  0.2045268E+00 -0.2240746E-01 -0.1539060E+00  0.1331296E+00  0.2275969E+01  0.1003389E-02 -0.9625054E-05  0.1464738E+01 -0.7466111E-01  0.3809030E+01
  0.2098958E+02 -0.1934117E-01  0.2044716E+00 -0.2242901E-01 -0.1537412E+00  0.1173555E+00  0.1857797E+01  0.9996772E-03 -0.2343302E-05  0.1462990E+01 -0.7752228E-01  0.3370578E+01
  0.2100694E+02 -0.1933106E-01  0.2044177E+00 -0.2245022E-01 -0.1536101E+00  0.1026638E+00  0.1660804E+01 -0.2337544E-06  0.4045633E-05  0.1459319E+01 -0.7546067E-03  0.3231063E+01
  0.2102431E+02 -0.1932533E-01  0.2043655E+00 -0.2247151E-01 -0.1534909E+00  0.9639462E-01  0.1966814E+01 -0.1355119E-02 -0.4161426E-05  0.1458465E+01  0.7756017E-01  0.3606952E+01
  0.2104167E+02 -0.1932502E-01  0.2043139E+00 -0.2249304E-01 -0.1534089E+00  0.1018394E+00  0.2615165E+01 -0.1696415E-02 -0.2564976E-05  0.1462663E+01  0.1015256E+00  0.4288582E+01
  0.2105903E+02 -0.1932722E-01  0.2042609E+00 -0.2251456E-01 -0.1533054E+00  0.1147609E+00  0.3133578E+01 -0.8790394E-03  0.3339740E-06  0.1469853E+01  0.1037069E+00  0.4830133E+01
  0.2107639E+02 -0.1932653E-01  0.2042066E+00 -0.2253729E-01 -0.1531364E+00  0.1270549E+00  0.3264685E+01  0.4456827E-04 -0.7347748E-05  0.1476335E+01  0.9176278E-01  0.4969081E+01
  0.2109375E+02 -0.1931822E-01  0.2041547E+00 -0.2256222E-01 -0.1529132E+00  0.1339866E+00  0.3143993E+01  0.3905363E-03  0.6587036E-06  0.1479588E+01  0.3311146E-01  0.4800431E+01
  0.2111111E+02 -0.1930613E-01  0.2041096E+00 -0.2258857E-01 -0.1526968E+00  0.1354755E+00  0.2877097E+01  0.8589981E-03  0.2402655E-04  0.1480617E+01 -0.5589164E-01  0.4447699E+01
  0.2112847E+02 -0.1929453E-01  0.2040719E+00 -0.2261440E-01 -0.1524939E+00  0.1320754E+00  0.2430914E+01  0.1270038E-02  0.2983409E-04  0.1481257E+01 -0.1193925E+00  0.3935823E+01
  0.2114583E+02 -0.1928238E-01  0.2040404E+00 -0.2263853E-01 -0.1522446E+00  0.1243946E+00  0.1918172E+01  0.1103867E-02  0.1816595E-04  0.1481678E+01 -0.1218700E+00  0.3413371E+01
  0.2116319E+02 -0.1927119E-01  0.2040123E+00 -0.2266123E-01 -0.1520427E+00  0.1158433E+00  0.1645966E+01  0.5576143E-04  0.9671193E-05  0.1482109E+01 -0.7558589E-01  0.3178435E+01
  0.2118056E+02 -0.1926457E-01  0.2039841E+00 -0.2268242E-01 -0.1519567E+00  0.1116883E+00  0.1819637E+01 -0.9175869E-03 -0.5527941E-07  0.1482958E+01 -0.1939738E-01  0.3404049E+01
  0.2119792E+02 -0.1926376E-01  0.2039521E+00 -0.2270222E-01 -0.1519140E+00  0.1156423E+00  0.2314509E+01 -0.1372267E-02 -0.1344736E-04  0.1482121E+01  0.2177354E-01  0.3942732E+01
  0.2121528E+02 -0.1926193E-01  0.2039157E+00 -0.2272228E-01 -0.1518570E+00  0.1283277E+00  0.2794969E+01 -0.8955604E-03 -0.1799572E-04  0.1479380E+01  0.4539484E-01  0.4457232E+01
  0.2123264E+02 -0.1925534E-01  0.2038782E+00 -0.2274404E-01 -0.1517508E+00  0.1458347E+00  0.3095336E+01 -0.5867200E-03 -0.2041907E-04  0.1479289E+01  0.6673704E-01  0.4796717E+01
  0.2125000E+02 -0.1924491E-01  0.2038439E+00 -0.2276768E-01 -0.1544381E+00  0.1598464E+00  0.3304681E+01 -0.4482603E-03 -0.1008732E-04  0.1484402E+01  0.7636491E-01  0.5032230E+01
