  0.1579861E+01 -0.4375816E+02 -0.2879622E+00 -0.2422279E+00  0.2399747E+00 -0.1264914E+00 -0.6765449E-01 -0.3515322E-03  0.4362453E-04  0.4163303E-04  0.4342855E+02 -0.8142364E+00 -0.1649828E+01
  0.1597222E+01 -0.4456181E+02 -0.2904106E+00 -0.2420066E+00  0.2467502E+00 -0.1257711E+00 -0.6751515E-01 -0.3463653E-03  0.4075488E-04  0.4075533E-04  0.4342100E+02 -0.1620032E+01 -0.1653674E+01
  0.1614583E+01 -0.4455931E+02 -0.2916688E+00 -0.2419390E+00  0.2503661E+00 -0.1267878E+00 -0.6739896E-01 -0.3410639E-03 -0.1248072E-05  0.4116103E-04  0.4341350E+02 -0.1623539E+01 -0.1657447E+01
  0.1631944E+01 -0.4455930E+02 -0.2898726E+00 -0.2419935E+00  0.2501268E+00 -0.1267921E+00 -0.6729499E-01 -0.3356395E-03 -0.6110706E-04  0.4483229E-04  0.4340602E+02 -0.1629453E+01 -0.1661108E+01
  0.1649306E+01 -0.4456384E+02 -0.2849168E+00 -0.2420872E+00  0.2472368E+00 -0.1245873E+00 -0.6718565E-01 -0.3302973E-03 -0.1084531E-03  0.5166836E-04  0.4339856E+02 -0.1637207E+01 -0.1664661E+01
  0.1666667E+01 -0.4457124E+02 -0.2785120E+00 -0.2420792E+00  0.2439620E+00 -0.1208649E+00 -0.6705675E-01 -0.3251444E-03 -0.1136419E-03  0.5529949E-04  0.4339112E+02 -0.1645058E+01 -0.1668148E+01
  0.1684028E+01 -0.4457972E+02 -0.2734007E+00 -0.2419148E+00  0.2436078E+00 -0.1158036E+00 -0.6690575E-01 -0.3200401E-03 -0.6680099E-04  0.5525406E-04  0.4338374E+02 -0.1650721E+01 -0.1671598E+01
  0.1701389E+01 -0.4458750E+02 -0.2717577E+00 -0.2416451E+00  0.2489443E+00 -0.1099253E+00 -0.6674601E-01 -0.3148885E-03  0.9146128E-05  0.4731658E-04  0.4337650E+02 -0.1652384E+01 -0.1675015E+01
  0.1718750E+01 -0.4459185E+02 -0.2735511E+00 -0.2413386E+00  0.2582112E+00 -0.1054292E+00 -0.6659944E-01 -0.3095193E-03  0.5386533E-04  0.3996468E-04  0.4336940E+02 -0.1651371E+01 -0.1678414E+01
  0.1736111E+01 -0.4459083E+02 -0.2763538E+00 -0.2410114E+00  0.2663761E+00 -0.1053043E+00 -0.6648008E-01 -0.3037515E-03  0.3786597E-04  0.4100473E-04  0.4336242E+02 -0.1651409E+01 -0.1681794E+01
  0.1753472E+01 -0.4458530E+02 -0.2771124E+00 -0.2406797E+00  0.2695873E+00 -0.1103611E+00 -0.6638299E-01 -0.2976436E-03 -0.2223906E-04  0.4386047E-04  0.4335546E+02 -0.1655061E+01 -0.1685137E+01
  0.1770833E+01 -0.4457958E+02 -0.2743334E+00 -0.2404127E+00  0.2675747E+00 -0.1170236E+00 -0.6629050E-01 -0.2914067E-03 -0.7614627E-04  0.4052992E-04  0.4334851E+02 -0.1661879E+01 -0.1688420E+01
  0.1788194E+01 -0.4457814E+02 -0.2687078E+00 -0.2402101E+00  0.2616949E+00 -0.1209494E+00 -0.6618645E-01 -0.2851392E-03 -0.1091718E-03  0.4052304E-04  0.4334157E+02 -0.1671274E+01 -0.1691635E+01
  0.1805556E+01 -0.4457966E+02 -0.2623330E+00 -0.2399609E+00  0.2537623E+00 -0.1215348E+00 -0.6606324E-01 -0.2787747E-03 -0.1104299E-03  0.4997025E-04  0.4333464E+02 -0.1681491E+01 -0.1694780E+01
  0.1822917E+01 -0.4458056E+02 -0.2576505E+00 -0.2395694E+00  0.2481254E+00 -0.1214617E+00 -0.6592189E-01 -0.2724175E-03 -0.6270645E-04  0.6084071E-04  0.4332767E+02 -0.1689636E+01 -0.1697880E+01
  0.1840278E+01 -0.4458061E+02 -0.2565318E+00 -0.2390342E+00  0.2495217E+00 -0.1217725E+00 -0.6577120E-01 -0.2661658E-03  0.9897996E-05  0.6816973E-04  0.4332069E+02 -0.1693691E+01 -0.1700978E+01
  0.1857639E+01 -0.4458150E+02 -0.2594579E+00 -0.2384689E+00  0.2589227E+00 -0.1205492E+00 -0.6562632E-01 -0.2602020E-03  0.7547343E-04  0.6574761E-04  0.4331375E+02 -0.1693044E+01 -0.1704097E+01
  0.1875000E+01 -0.4560470E+02 -0.2649359E+00 -0.2379789E+00  0.2702674E+00 -0.1182473E+00 -0.6550291E-01 -0.2543761E-03  0.1008156E-03  0.5642047E-04  0.4330691E+02 -0.2714285E+01 -0.1707212E+01
