  0.5017361E+01 -0.2693861E-01  0.1886546E+00 -0.5874705E-02 -0.1958127E+00 -0.3175256E-01  0.3078770E+01  0.1474225E-02 -0.8511229E-05  0.5870995E+00  0.2540189E+00  0.3849630E+01
  0.5034722E+01 -0.2694166E-01  0.1888975E+00 -0.5889898E-02 -0.1958953E+00 -0.3134348E-01  0.3056118E+01 -0.7405989E-03  0.5593379E-05  0.5860359E+00  0.2752822E+00  0.3845529E+01
  0.5052083E+01 -0.2694592E-01  0.1891425E+00 -0.5906221E-02 -0.1959779E+00 -0.3106010E-01  0.3302991E+01 -0.9095661E-03  0.1177092E-04  0.5863327E+00  0.2896262E+00  0.4107304E+01
  0.5069444E+01 -0.2694739E-01  0.1893889E+00 -0.5923836E-02 -0.1960628E+00 -0.3104151E-01  0.3500085E+01 -0.3928414E-03 -0.3968788E-07  0.5883442E+00  0.2795272E+00  0.4296976E+01
  0.5086806E+01 -0.2694423E-01  0.1896354E+00 -0.5941952E-02 -0.1961500E+00 -0.3127943E-01  0.3538954E+01  0.1637829E-03 -0.1471237E-04  0.5913145E+00  0.2580994E+00  0.4317837E+01
  0.5104167E+01 -0.2694074E-01  0.1898817E+00 -0.5959591E-02 -0.1962343E+00 -0.3169084E-01  0.3493071E+01  0.1801797E-03 -0.9991881E-05  0.5936748E+00  0.2490086E+00  0.4264981E+01
  0.5121528E+01 -0.2694245E-01  0.1901278E+00 -0.5976991E-02 -0.1963124E+00 -0.3209397E-01  0.3439694E+01  0.2074567E-03  0.3157900E-05  0.5948756E+00  0.2454084E+00  0.4208990E+01
  0.5138889E+01 -0.2694802E-01  0.1903738E+00 -0.5994446E-02 -0.1963882E+00 -0.3230705E-01  0.3334903E+01  0.4960704E-03  0.5599074E-05  0.5954645E+00  0.2380920E+00  0.4097697E+01
  0.5156250E+01 -0.2695424E-01  0.1906196E+00 -0.6011548E-02 -0.1964628E+00 -0.3230494E-01  0.3228869E+01  0.1969485E-03  0.2062504E-05  0.5952941E+00  0.2363222E+00  0.3989571E+01
  0.5173611E+01 -0.2695883E-01  0.1908647E+00 -0.6028690E-02 -0.1965389E+00 -0.3225474E-01  0.3211045E+01 -0.8944377E-04  0.1009277E-04  0.5946423E+00  0.2522725E+00  0.3986964E+01
  0.5190972E+01 -0.2696041E-01  0.1911091E+00 -0.6046068E-02 -0.1966178E+00 -0.3234913E-01  0.3284926E+01 -0.3963982E-03  0.1862073E-04  0.5948028E+00  0.2741659E+00  0.4082653E+01
  0.5208333E+01 -0.2695788E-01  0.1913535E+00 -0.6063845E-02 -0.1966993E+00 -0.3267991E-01  0.3443971E+01 -0.6186857E-03  0.1302118E-04  0.5967161E+00  0.2745092E+00  0.4243543E+01
  0.5225694E+01 -0.2694862E-01  0.1915976E+00 -0.6082297E-02 -0.1967852E+00 -0.3316919E-01  0.3555759E+01 -0.5908170E-04  0.9027005E-08  0.6001674E+00  0.2453225E+00  0.4329802E+01
  0.5243056E+01 -0.2693763E-01  0.1918407E+00 -0.6100717E-02 -0.1968713E+00 -0.3377092E-01  0.3485535E+01  0.5638037E-03  0.4561643E-06  0.6039752E+00  0.2078576E+00  0.4226093E+01
  0.5260417E+01 -0.2693144E-01  0.1920826E+00 -0.6118310E-02 -0.1969543E+00 -0.3448786E-01  0.3267732E+01  0.8779964E-03  0.1434109E-04  0.6064317E+00  0.1873827E+00  0.3990030E+01
  0.5277778E+01 -0.2692965E-01  0.1923228E+00 -0.6134711E-02 -0.1970364E+00 -0.3509546E-01  0.3055386E+01  0.5264155E-03  0.1611059E-04  0.6070078E+00  0.1908052E+00  0.3780868E+01
  0.5295139E+01 -0.2693100E-01  0.1925609E+00 -0.6150618E-02 -0.1971174E+00 -0.3534083E-01  0.2946683E+01  0.5650722E-03  0.5476204E-05  0.6065521E+00  0.2167755E+00  0.3697602E+01
  0.5312500E+01 -0.2697506E-01  0.1927869E+00 -0.6166857E-02 -0.1971821E+00 -0.3508510E-01  0.3036743E+01 -0.8707384E-03 -0.1450536E-04  0.6058983E+00  0.2524035E+00  0.3821537E+01
