  0.6423611E+00 -0.4441484E+02 -0.3564067E+00 -0.2470375E+00 -0.1497314E+00 -0.7297379E-01 -0.7825171E-01 -0.4276000E-03  0.6224907E-04  0.7812534E-05  0.4399665E+02 -0.1322947E+01 -0.1342768E+01
  0.6597222E+00 -0.4440931E+02 -0.3585397E+00 -0.2467289E+00 -0.1335789E+00 -0.8409582E-01 -0.7798263E-01 -0.4322927E-03  0.2279473E-04  0.8556685E-05  0.4398133E+02 -0.1329306E+01 -0.1351363E+01
  0.6770833E+00 -0.4440591E+02 -0.3579067E+00 -0.2465707E+00 -0.1222062E+00 -0.9348131E-01 -0.7772617E-01 -0.4365871E-03 -0.3419839E-04  0.1028365E-04  0.4396631E+02 -0.1337953E+01 -0.1359788E+01
  0.6944444E+00 -0.4440764E+02 -0.3542865E+00 -0.2465676E+00 -0.1152562E+00 -0.9854531E-01 -0.7747134E-01 -0.4405380E-03 -0.8346397E-04  0.1181159E-04  0.4395160E+02 -0.1348680E+01 -0.1368052E+01
  0.7118056E+00 -0.4441648E+02 -0.3486301E+00 -0.2466217E+00 -0.1109883E+00 -0.9740329E-01 -0.7720920E-01 -0.4442148E-03 -0.1050496E-03  0.1203606E-04  0.4393717E+02 -0.1360708E+01 -0.1376159E+01
  0.7291667E+00 -0.4443190E+02 -0.3426639E+00 -0.2466412E+00 -0.1064140E+00 -0.9065798E-01 -0.7693532E-01 -0.4476265E-03 -0.9142981E-04  0.1116401E-04  0.4392301E+02 -0.1372728E+01 -0.1384120E+01
  0.7465278E+00 -0.4444942E+02 -0.3382866E+00 -0.2466787E+00 -0.9872467E-01 -0.8217658E-01 -0.7665165E-01 -0.4507477E-03 -0.4842835E-04  0.1094105E-04  0.4390911E+02 -0.1383317E+01 -0.1391944E+01
  0.7638889E+00 -0.4446295E+02 -0.3366968E+00 -0.2468526E+00 -0.8667336E-01 -0.7696338E-01 -0.7636736E-01 -0.4535394E-03  0.4803061E-05  0.1096567E-04  0.4389546E+02 -0.1391480E+01 -0.1399617E+01
  0.7812500E+00 -0.4446818E+02 -0.3377344E+00 -0.2471455E+00 -0.7145380E-01 -0.7832742E-01 -0.7609393E-01 -0.4559926E-03  0.4279970E-04  0.1085960E-04  0.4388204E+02 -0.1397290E+01 -0.1407119E+01
  0.7986111E+00 -0.4446519E+02 -0.3401570E+00 -0.2474539E+00 -0.5591031E-01 -0.8562646E-01 -0.7583909E-01 -0.4581382E-03  0.5067359E-04  0.1268397E-04  0.4386885E+02 -0.1401721E+01 -0.1414440E+01
  0.8159722E+00 -0.4445839E+02 -0.3422588E+00 -0.2477090E+00 -0.4283331E-01 -0.9506844E-01 -0.7560654E-01 -0.4600058E-03  0.2295841E-04  0.1546934E-04  0.4385587E+02 -0.1406418E+01 -0.1421604E+01
  0.8333333E+00 -0.4445373E+02 -0.3421510E+00 -0.2478552E+00 -0.3395532E-01 -0.1027304E+00 -0.7539533E-01 -0.4616394E-03 -0.3553436E-04  0.1586737E-04  0.4384310E+02 -0.1413197E+01 -0.1428661E+01
  0.8506944E+00 -0.4445633E+02 -0.3383670E+00 -0.2478033E+00 -0.2931955E-01 -0.1059085E+00 -0.7519448E-01 -0.4630428E-03 -0.1024338E-03  0.1479264E-04  0.4383054E+02 -0.1422940E+01 -0.1435643E+01
  0.8680556E+00 -0.4446751E+02 -0.3311782E+00 -0.2475502E+00 -0.2712032E-01 -0.1041171E+00 -0.7498290E-01 -0.4641613E-03 -0.1413421E-03  0.1510531E-04  0.4381817E+02 -0.1434879E+01 -0.1442527E+01
  0.8854167E+00 -0.4431492E+02 -0.3232179E+00 -0.2472864E+00 -0.2424556E-01 -0.1001260E+00 -0.7474376E-01 -0.4649753E-03 -0.1211482E-03  0.1647562E-04  0.4380599E+02 -0.1279120E+01 -0.1449274E+01
  0.9027778E+00 -0.4400214E+02 -0.3180076E+00 -0.2472073E+00 -0.1775415E-01 -0.9819686E-01 -0.7447968E-01 -0.4655342E-03 -0.4722269E-04  0.1726871E-04  0.4379400E+02 -0.9642837E+00 -0.1455872E+01
  0.9201389E+00 -0.4416352E+02 -0.3176245E+00 -0.2473205E+00 -0.6388897E-02 -0.1003243E+00 -0.7421080E-01 -0.4658064E-03  0.4180960E-04  0.1688639E-04  0.4378220E+02 -0.1127598E+01 -0.1462338E+01
  0.9375000E+00 -0.4447486E+02 -0.3215662E+00 -0.2475051E+00  0.8883178E-02 -0.1053840E+00 -0.7396028E-01 -0.4657428E-03  0.1012362E-03  0.1599694E-04  0.4377059E+02 -0.1444145E+01 -0.1468691E+01
