  0.5954861E+01 -0.4245348E+02 -0.1997610E+00 -0.9380029E-01  0.4914001E+00 -0.1134682E-01 -0.4904983E-01  0.6271085E-03 -0.5462749E-04  0.1621321E-04  0.4215697E+02 -0.1584721E+00 -0.1997755E+01
  0.5972222E+01 -0.4427591E+02 -0.2000645E+00 -0.9318381E-01  0.4831598E+00 -0.1209424E-01 -0.4898551E-01  0.6296212E-03 -0.3115210E-04  0.6738478E-04  0.4215244E+02 -0.1993977E+01 -0.1998387E+01
  0.5989583E+01 -0.4427204E+02 -0.2011012E+00 -0.9268524E-01  0.4891680E+00 -0.1290082E-01 -0.4893031E-01  0.6308062E-03  0.1953381E-04  0.6295016E-04  0.4214844E+02 -0.1989343E+01 -0.2000129E+01
  0.6006944E+01 -0.4427218E+02 -0.2030046E+00 -0.9219882E-01  0.4956378E+00 -0.1181108E-01 -0.4886928E-01  0.6313249E-03  0.6461277E-04  0.2803243E-04  0.4214425E+02 -0.1987450E+01 -0.2001426E+01
  0.6024306E+01 -0.4427010E+02 -0.2056177E+00 -0.9158281E-01  0.5083472E+00 -0.1149905E-01 -0.4880681E-01  0.6319132E-03  0.5847429E-04  0.2640866E-04  0.4214002E+02 -0.1978518E+01 -0.2002238E+01
  0.6041667E+01 -0.4426320E+02 -0.2084626E+00 -0.9076163E-01  0.5212588E+00 -0.1408025E-01 -0.4875062E-01  0.6333960E-03  0.3566516E-04  0.4524278E-04  0.4213604E+02 -0.1967241E+01 -0.2002997E+01
  0.6059028E+01 -0.4425773E+02 -0.2110020E+00 -0.8982439E-01  0.5344497E+00 -0.1689580E-01 -0.4869987E-01  0.6348363E-03  0.5380854E-04  0.3066456E-04  0.4213216E+02 -0.1956821E+01 -0.2003736E+01
  0.6076389E+01 -0.4425389E+02 -0.2127427E+00 -0.8894806E-01  0.5455036E+00 -0.1947178E-01 -0.4865278E-01  0.6360446E-03  0.4770347E-04 -0.1204001E-04  0.4212836E+02 -0.1949174E+01 -0.2004473E+01
  0.6093750E+01 -0.4425056E+02 -0.2134125E+00 -0.8822806E-01  0.5439951E+00 -0.2088121E-01 -0.4860636E-01  0.6378946E-03 -0.2530033E-05 -0.2685490E-04  0.4212455E+02 -0.1952532E+01 -0.2005227E+01
  0.6111111E+01 -0.4425019E+02 -0.2131943E+00 -0.8764443E-01  0.5362241E+00 -0.1859459E-01 -0.4855510E-01  0.6400864E-03 -0.2071357E-04 -0.1499412E-04  0.4212056E+02 -0.1960794E+01 -0.2005978E+01
  0.6128472E+01 -0.4425046E+02 -0.2127750E+00 -0.8712707E-01  0.5278816E+00 -0.1569666E-01 -0.4849440E-01  0.6418263E-03 -0.2725163E-04 -0.5558982E-05  0.4211648E+02 -0.1969581E+01 -0.2006726E+01
  0.6145833E+01 -0.4425056E+02 -0.2130842E+00 -0.8662387E-01  0.5217415E+00 -0.1424081E-01 -0.4842564E-01  0.6427317E-03  0.3184908E-04 -0.9532125E-05  0.4211232E+02 -0.1978207E+01 -0.2007563E+01
  0.6163194E+01 -0.4425285E+02 -0.2145728E+00 -0.8610377E-01  0.5251059E+00 -0.1098161E-01 -0.4835771E-01  0.6432057E-03  0.8152026E-04 -0.7245773E-05  0.4210818E+02 -0.1978864E+01 -0.2008477E+01
  0.6180556E+01 -0.4425136E+02 -0.2166414E+00 -0.8550224E-01  0.5240977E+00 -0.8934262E-02 -0.4829969E-01  0.6439872E-03  0.1929992E-04  0.2938309E-04  0.4210411E+02 -0.1981841E+01 -0.2009281E+01
  0.6197917E+01 -0.4424166E+02 -0.2180689E+00 -0.8484266E-01  0.5109551E+00 -0.1270427E-01 -0.4825336E-01  0.6451008E-03 -0.5327808E-04  0.7455787E-04  0.4209984E+02 -0.1994063E+01 -0.2009978E+01
  0.6215278E+01 -0.4423428E+02 -0.2178141E+00 -0.8421183E-01  0.5056212E+00 -0.1662533E-01 -0.4821387E-01  0.6461913E-03 -0.3193295E-04  0.5316901E-04  0.4209530E+02 -0.1999558E+01 -0.2010734E+01
  0.6232639E+01 -0.4423434E+02 -0.2154934E+00 -0.8360579E-01  0.5158110E+00 -0.1650179E-01 -0.4817326E-01  0.6473506E-03 -0.1218458E-04 -0.8105756E-05  0.4209076E+02 -0.1990922E+01 -0.2011582E+01
  0.6250000E+01 -0.4762636E+02 -0.2117510E+00 -0.8303948E-01  0.5091324E+00 -0.1462867E-01 -0.4812338E-01  0.6485236E-03 -0.5234930E-04 -0.3077625E-04  0.4208647E+02 -0.5387729E+01 -0.2012443E+01
