  0.1470486E+02 -0.3540154E+02 -0.1327446E+00  0.1465997E+00  0.5805525E+00  0.6153015E-01 -0.3362313E-01  0.1359258E-02 -0.5361899E-04 -0.4299641E-04  0.4053755E+02  0.5759588E+01 -0.2223488E+01
  0.1472222E+02 -0.3966205E+02 -0.1311905E+00  0.1465335E+00  0.5453153E+00  0.6536792E-01 -0.3362621E-01  0.1363862E-02 -0.5383970E-04  0.3315756E-05  0.4053570E+02  0.1467364E+01 -0.2223577E+01
  0.1473958E+02 -0.4327737E+02 -0.1290524E+00  0.1467135E+00  0.5090250E+00  0.7150182E-01 -0.3362082E-01  0.1368608E-02 -0.4095043E-04  0.3835629E-04  0.4053332E+02 -0.2178121E+01 -0.2223586E+01
  0.1475694E+02 -0.4326719E+02 -0.1270830E+00  0.1473307E+00  0.4742088E+00  0.6887230E-01 -0.3361043E-01  0.1371475E-02 -0.9549990E-04  0.7881799E-04  0.4053053E+02 -0.2205585E+01 -0.2223564E+01
  0.1477431E+02 -0.4325018E+02 -0.1256442E+00  0.1483382E+00  0.4512013E+00  0.5871171E-01 -0.3359500E-01  0.1370936E-02 -0.6078684E-04  0.6240487E-04  0.4052746E+02 -0.2222336E+01 -0.2223624E+01
  0.1479167E+02 -0.4324005E+02 -0.1249480E+00  0.1494548E+00  0.4481987E+00  0.5051382E-01 -0.3357463E-01  0.1368719E-02 -0.4731042E-05  0.1185668E-04  0.4052436E+02 -0.2224662E+01 -0.2223821E+01
  0.1480903E+02 -0.4323682E+02 -0.1250441E+00  0.1504000E+00  0.4577698E+00  0.4658716E-01 -0.3355273E-01  0.1367946E-02  0.2966199E-04 -0.6083615E-05  0.4052143E+02 -0.2217838E+01 -0.2224114E+01
  0.1482639E+02 -0.4324117E+02 -0.1258398E+00  0.1510605E+00  0.4757858E+00  0.4831573E-01 -0.3353307E-01  0.1369438E-02  0.7042467E-04  0.6825268E-06  0.4051870E+02 -0.2205242E+01 -0.2224426E+01
  0.1484375E+02 -0.4325285E+02 -0.1271588E+00  0.1514815E+00  0.4893747E+00  0.5529282E-01 -0.3351693E-01  0.1371359E-02  0.5463765E-04 -0.6975809E-05  0.4051621E+02 -0.2199751E+01 -0.2224682E+01
  0.1486111E+02 -0.4326167E+02 -0.1289468E+00  0.1517583E+00  0.4991738E+00  0.6198277E-01 -0.3350250E-01  0.1372610E-02  0.6943314E-04 -0.1044602E-04  0.4051369E+02 -0.2196082E+01 -0.2224911E+01
  0.1487847E+02 -0.4326721E+02 -0.1313029E+00  0.1519085E+00  0.5204413E+00  0.6678741E-01 -0.3349103E-01  0.1374629E-02  0.7410862E-04 -0.1257911E-05  0.4051118E+02 -0.2180236E+01 -0.2225109E+01
  0.1489583E+02 -0.4326980E+02 -0.1339387E+00  0.1519189E+00  0.5398339E+00  0.7007909E-01 -0.3348797E-01  0.1378247E-02  0.3583987E-04  0.1298030E-04  0.4050878E+02 -0.2165184E+01 -0.2225187E+01
  0.1491319E+02 -0.4326345E+02 -0.1358610E+00  0.1519988E+00  0.5421024E+00  0.7001726E-01 -0.3349666E-01  0.1382208E-02 -0.7567907E-05  0.2737916E-04  0.4050644E+02 -0.2160852E+01 -0.2225165E+01
  0.1493056E+02 -0.4325181E+02 -0.1359428E+00  0.1524737E+00  0.5264435E+00  0.6525564E-01 -0.3351112E-01  0.1385089E-02 -0.6829665E-04  0.2039260E-04  0.4050402E+02 -0.2171734E+01 -0.2225132E+01
  0.1494792E+02 -0.4323587E+02 -0.1339507E+00  0.1534403E+00  0.5008267E+00  0.5600918E-01 -0.3351864E-01  0.1385964E-02 -0.7152040E-04  0.1155612E-04  0.4050140E+02 -0.2190337E+01 -0.2225164E+01
  0.1496528E+02 -0.4322027E+02 -0.1307938E+00  0.1547176E+00  0.4754205E+00  0.4601380E-01 -0.3351199E-01  0.1384984E-02 -0.6440381E-04  0.2712325E-04  0.4049862E+02 -0.2208459E+01 -0.2225344E+01
  0.1498264E+02 -0.4321464E+02 -0.1276773E+00  0.1560784E+00  0.4564678E+00  0.4057139E-01 -0.3349364E-01  0.1383977E-02 -0.3315290E-04  0.2146108E-04  0.4049576E+02 -0.2225561E+01 -0.2225599E+01
  0.1500000E+02 -0.5125463E+02 -0.1254943E+00  0.1572892E+00  0.4084560E+00  0.3837997E-01 -0.3346915E-01  0.1383421E-02  0.8204435E-05 -0.1655298E-04  0.4049280E+02 -0.1031529E+02 -0.2225782E+01
