  0.1845486E+02 -0.4262913E+02  0.2628960E-01  0.2820444E+00  0.1056224E+00  0.4740360E-01 -0.3352071E-01  0.1614636E-02  0.4906770E-05 -0.6609437E-05  0.3995221E+02 -0.2247468E+01 -0.2221518E+01
  0.1847222E+02 -0.4263374E+02  0.2713414E-01  0.2829300E+00  0.1337448E+00  0.5247991E-01 -0.3354290E-01  0.1613061E-02 -0.2490586E-04 -0.3955810E-04  0.3994948E+02 -0.2219970E+01 -0.2221445E+01
  0.1848958E+02 -0.4263893E+02  0.2913385E-01  0.2838601E+00  0.1471236E+00  0.6027866E-01 -0.3356234E-01  0.1611591E-02 -0.2027144E-04 -0.3210276E-04  0.3994706E+02 -0.2203472E+01 -0.2221365E+01
  0.1850694E+02 -0.4044244E+02  0.3162584E-01  0.2846849E+00  0.1586942E+00  0.6314007E-01 -0.3357151E-01  0.1612085E-02 -0.1017432E-04 -0.1647495E-04  0.3994491E+02  0.8623819E-02 -0.2221225E+01
  0.1852431E+02 -0.3273970E+02  0.3275139E-01  0.2851517E+00  0.1623235E+00  0.5806224E-01 -0.3356764E-01  0.1614244E-02 -0.1417551E-04  0.1455576E-04  0.3994287E+02  0.7709509E+01 -0.2221044E+01
  0.1854167E+02 -0.3491191E+02  0.3115908E-01  0.2852666E+00  0.1476947E+00  0.4897494E-01 -0.3356032E-01  0.1617233E-02 -0.2090197E-04  0.4224634E-04  0.3994074E+02  0.5509999E+01 -0.2220825E+01
  0.1855903E+02 -0.4258227E+02  0.2719510E-01  0.2853203E+00  0.1233968E+00  0.4260783E-01 -0.3356133E-01  0.1619430E-02  0.4305973E-05  0.4183679E-04  0.3993826E+02 -0.2197387E+01 -0.2220560E+01
  0.1857639E+02 -0.4257247E+02  0.2233336E-01  0.2855755E+00  0.1113527E+00  0.3995590E-01 -0.3357346E-01  0.1619665E-02  0.4248144E-04  0.1952196E-04  0.3993543E+02 -0.2209715E+01 -0.2220315E+01
  0.1859375E+02 -0.4256740E+02  0.1796039E-01  0.2860536E+00  0.1182178E+00  0.3631797E-01 -0.3359445E-01  0.1619538E-02  0.3688837E-04 -0.1611818E-04  0.3993247E+02 -0.2208334E+01 -0.2220168E+01
  0.1861111E+02 -0.4256495E+02  0.1495070E-01  0.2866507E+00  0.1385671E+00  0.3321357E-01 -0.3362255E-01  0.1620435E-02  0.1298884E-04 -0.3918296E-04  0.3992964E+02 -0.2193954E+01 -0.2220199E+01
  0.1862847E+02 -0.4257423E+02  0.1404343E-01  0.2874730E+00  0.1609136E+00  0.3978031E-01 -0.3365129E-01  0.1620736E-02  0.8445052E-05 -0.4229976E-04  0.3992710E+02 -0.2176990E+01 -0.2220371E+01
  0.1864583E+02 -0.4259234E+02  0.1504607E-01  0.2885580E+00  0.1713650E+00  0.5444796E-01 -0.3366889E-01  0.1619277E-02  0.2856540E-05 -0.3903421E-04  0.3992474E+02 -0.2170274E+01 -0.2220514E+01
  0.1866319E+02 -0.4260119E+02  0.1614860E-01  0.2895040E+00  0.1673524E+00  0.6287789E-01 -0.3367118E-01  0.1617098E-02  0.2242191E-04 -0.1596706E-04  0.3992237E+02 -0.2174982E+01 -0.2220490E+01
  0.1868056E+02 -0.4259485E+02  0.1570005E-01  0.2899467E+00  0.1580675E+00  0.5728922E-01 -0.3366924E-01  0.1616113E-02  0.1177006E-04  0.3328549E-04  0.3991986E+02 -0.2185992E+01 -0.2220332E+01
  0.1869792E+02 -0.4258067E+02  0.1397188E-01  0.2901582E+00  0.1550032E+00  0.4469333E-01 -0.3367441E-01  0.1616450E-02  0.2720635E-04  0.6731875E-04  0.3991722E+02 -0.2191581E+01 -0.2220109E+01
  0.1871528E+02 -0.4256697E+02  0.1176251E-01  0.2904948E+00  0.1652095E+00  0.3536472E-01 -0.3368302E-01  0.1617370E-02  0.6823360E-04  0.4361851E-04  0.3991460E+02 -0.2181489E+01 -0.2219834E+01
  0.1873264E+02 -0.4255630E+02  0.8585691E-02  0.2906496E+00  0.1756093E+00  0.3264298E-01 -0.3368977E-01  0.1618133E-02  0.1084199E-04  0.6670515E-05  0.3991215E+02 -0.2168721E+01 -0.2219585E+01
  0.1875000E+02 -0.5256406E+02  0.4373456E-02  0.2903804E+00  0.1292881E+00  0.3666604E-01 -0.3370332E-01  0.1618904E-02  0.1652541E-04 -0.6520418E-05  0.3990976E+02 -0.1222567E+02 -0.2219435E+01
