  0.1876736E+02 -0.5258182E+02  0.9961206E-03  0.2901187E+00  0.1501991E+00  0.4776890E-01 -0.3370832E-01  0.1623990E-02  0.3290340E-04 -0.5968020E-05  0.3990545E+02 -0.1221935E+02 -0.2217590E+01
  0.1878472E+02 -0.4259104E+02  0.3487623E-03  0.2906647E+00  0.2235381E+00  0.5922664E-01 -0.3373550E-01  0.1629793E-02 -0.8199101E-05 -0.7060497E-05  0.3990344E+02 -0.2145948E+01 -0.2217631E+01
  0.1880208E+02 -0.4259922E+02  0.1395591E-02  0.2922804E+00  0.2289703E+00  0.6566492E-01 -0.3374069E-01  0.1634098E-02  0.2545218E-04 -0.1247495E-04  0.3990160E+02 -0.2141403E+01 -0.2217794E+01
  0.1881944E+02 -0.4260596E+02  0.1042891E-02  0.2944118E+00  0.2347165E+00  0.6825563E-01 -0.3372104E-01  0.1634340E-02  0.6104510E-04 -0.3880168E-05  0.3989980E+02 -0.2139766E+01 -0.2218041E+01
  0.1883681E+02 -0.4260541E+02 -0.2734787E-02  0.2962456E+00  0.2422713E+00  0.6423558E-01 -0.3369755E-01  0.1632105E-02  0.9098764E-04  0.2331246E-04  0.3989795E+02 -0.2139394E+01 -0.2218191E+01
  0.1885417E+02 -0.4259746E+02 -0.9095524E-02  0.2971578E+00  0.2511928E+00  0.5409391E-01 -0.3369527E-01  0.1630235E-02  0.1375502E-03  0.4332843E-04  0.3989589E+02 -0.2140102E+01 -0.2218098E+01
  0.1887153E+02 -0.4007241E+02 -0.1480637E-01  0.2969988E+00  0.2597119E+00  0.4701799E-01 -0.3372748E-01  0.1630586E-02  0.1189728E-03  0.3108140E-04  0.3989367E+02  0.3782330E+00 -0.2217778E+01
  0.1888889E+02 -0.3251101E+02 -0.1583072E-01  0.2964837E+00  0.2438279E+00  0.5102872E-01 -0.3378737E-01  0.1632415E-02 -0.1045667E-04  0.1759566E-05  0.3989130E+02  0.7923631E+01 -0.2217311E+01
  0.1890625E+02 -0.3502239E+02 -0.1030341E-01  0.2965476E+00  0.1978416E+00  0.6114478E-01 -0.3384374E-01  0.1634134E-02 -0.1181949E-03 -0.1795878E-04  0.3988856E+02  0.5379058E+01 -0.2216838E+01
  0.1892361E+02 -0.4256831E+02 -0.1055364E-02  0.2972511E+00  0.1499685E+00  0.6436127E-01 -0.3386278E-01  0.1634592E-02 -0.1603450E-03  0.1324974E-05  0.3988538E+02 -0.2204796E+01 -0.2216472E+01
  0.1894097E+02 -0.4255561E+02  0.6498632E-02  0.2979638E+00  0.1784057E+00  0.6030733E-01 -0.3384669E-01  0.1634841E-02 -0.1263589E-03  0.1977867E-04  0.3988195E+02 -0.2162797E+01 -0.2216146E+01
  0.1895833E+02 -0.4255482E+02  0.1010340E-01  0.2984321E+00  0.2118485E+00  0.6054471E-01 -0.3384820E-01  0.1635066E-02  0.5845025E-06 -0.2822999E-04  0.3988029E+02 -0.2125845E+01 -0.2217055E+01
  0.1897569E+02 -0.4256502E+02  0.1256042E-01  0.2991966E+00  0.1908740E+00  0.6744399E-01 -0.3386961E-01  0.1637116E-02  0.4310287E-04 -0.9316235E-04  0.3987802E+02 -0.2149207E+01 -0.2217392E+01
  0.1899306E+02 -0.4256568E+02  0.1719469E-01  0.3006023E+00  0.1674468E+00  0.7027376E-01 -0.3389947E-01  0.1638055E-02 -0.9840959E-04 -0.5155399E-04  0.3987538E+02 -0.2167189E+01 -0.2217323E+01
  0.1901042E+02 -0.4255022E+02  0.2331935E-01  0.3018147E+00  0.1234291E+00  0.6532540E-01 -0.3391836E-01  0.1637027E-02 -0.1927609E-03  0.3744796E-04  0.3987251E+02 -0.2196250E+01 -0.2217243E+01
  0.1902778E+02 -0.4253586E+02  0.2861466E-01  0.3020128E+00  0.9169867E-01  0.6025785E-01 -0.3392970E-01  0.1634411E-02 -0.7472540E-04  0.3147379E-04  0.3986926E+02 -0.2216358E+01 -0.2216977E+01
  0.1904514E+02 -0.4253263E+02  0.3355124E-01  0.3016038E+00  0.9510987E-01  0.6018640E-01 -0.3395480E-01  0.1632667E-02  0.1143759E-04 -0.3362673E-04  0.3986607E+02 -0.2208453E+01 -0.2216452E+01
  0.1906250E+02 -0.4253232E+02  0.4039931E-01  0.3017336E+00  0.9511643E-01  0.6415796E-01 -0.3398991E-01  0.1633142E-02 -0.6183969E-04 -0.4226837E-04  0.3986323E+02 -0.2200141E+01 -0.2215844E+01
