  0.2595486E+02 -0.1832304E-01  0.2097966E+00 -0.2766874E-01 -0.1204725E+00  0.1230294E+00  0.2327000E+01 -0.2276541E-03 -0.1085067E-04  0.1473336E+01 -0.1104468E+00  0.3856013E+01
  0.2597222E+02 -0.1832119E-01  0.2098662E+00 -0.2768406E-01 -0.1203824E+00  0.1268746E+00  0.2425588E+01 -0.3253795E-03 -0.4698471E-05  0.1476320E+01 -0.1314742E+00  0.3940457E+01
  0.2598958E+02 -0.1831630E-01  0.2099382E+00 -0.2769944E-01 -0.1202558E+00  0.1243450E+00  0.2487851E+01 -0.2703322E-04 -0.5850891E-05  0.1478855E+01 -0.1392764E+00  0.3995408E+01
  0.2600694E+02 -0.1831167E-01  0.2100124E+00 -0.2771507E-01 -0.1200683E+00  0.1157893E+00  0.2449844E+01  0.1793604E-03 -0.8374340E-05  0.1480861E+01 -0.1322988E+00  0.3958284E+01
  0.2602431E+02 -0.1830796E-01  0.2100874E+00 -0.2773071E-01 -0.1198501E+00  0.1032044E+00  0.2268080E+01  0.6677150E-03 -0.5930581E-05  0.1481889E+01 -0.1146051E+00  0.3783428E+01
  0.2604167E+02 -0.1830248E-01  0.2101605E+00 -0.2774607E-01 -0.1196677E+00  0.8943648E-01  0.1977573E+01  0.7059364E-03 -0.8072374E-05  0.1480436E+01 -0.8533714E-01  0.3507250E+01
  0.2605903E+02 -0.1829672E-01  0.2102294E+00 -0.2776127E-01 -0.1194369E+00  0.7809517E-01  0.1811201E+01  0.1747947E-03 -0.9904471E-05  0.1475230E+01 -0.4195209E-01  0.3367473E+01
  0.2607639E+02 -0.1829034E-01  0.2102958E+00 -0.2777687E-01 -0.1192037E+00  0.7189962E-01  0.1878775E+01 -0.2799092E-03 -0.6826927E-05  0.1468833E+01  0.1445670E-02  0.3465691E+01
  0.2609375E+02 -0.1828495E-01  0.2103632E+00 -0.2779252E-01 -0.1190836E+00  0.7139368E-01  0.2121098E+01 -0.5870176E-03  0.5732658E-06  0.1464182E+01  0.4140355E-02  0.3705429E+01
  0.2611111E+02 -0.1828338E-01  0.2104352E+00 -0.2780725E-01 -0.1190201E+00  0.7436008E-01  0.2443160E+01 -0.7615466E-03  0.1036748E-04  0.1461214E+01 -0.2889613E-01  0.3994411E+01
  0.2612847E+02 -0.1828160E-01  0.2105104E+00 -0.2782105E-01 -0.1189456E+00  0.7718136E-01  0.2704310E+01 -0.5056404E-03  0.6804967E-05  0.1461072E+01 -0.5580973E-01  0.4231717E+01
  0.2614583E+02 -0.1827712E-01  0.2105835E+00 -0.2783454E-01 -0.1188584E+00  0.7739280E-01  0.2769961E+01  0.5079774E-04 -0.4207217E-05  0.1463591E+01 -0.5859359E-01  0.4298011E+01
  0.2616319E+02 -0.1826995E-01  0.2106522E+00 -0.2784788E-01 -0.1188000E+00  0.7583039E-01  0.2723098E+01  0.4411150E-04 -0.8861931E-05  0.1466370E+01 -0.4969614E-01  0.4261372E+01
  0.2618056E+02 -0.1826064E-01  0.2107154E+00 -0.2786134E-01 -0.1188158E+00  0.7564788E-01  0.2696487E+01  0.4230968E-04 -0.1492588E-04  0.1468123E+01 -0.5305968E-01  0.4233003E+01
  0.2619792E+02 -0.1825240E-01  0.2107731E+00 -0.2787534E-01 -0.1188104E+00  0.7832545E-01  0.2648851E+01  0.2078287E-03 -0.1828944E-04  0.1469091E+01 -0.6671416E-01  0.4175578E+01
  0.2621528E+02 -0.1824641E-01  0.2108281E+00 -0.2789020E-01 -0.1186991E+00  0.8286610E-01  0.2590189E+01  0.9916372E-04 -0.1341386E-04  0.1467969E+01 -0.8918887E-01  0.4097913E+01
  0.2623264E+02 -0.1824415E-01  0.2108855E+00 -0.2790596E-01 -0.1185045E+00  0.8858159E-01  0.2557215E+01  0.6676901E-04 -0.6785752E-05  0.1463651E+01 -0.1281054E+00  0.4027632E+01
  0.2625000E+02 -0.1824520E-01  0.2109472E+00 -0.2792216E-01 -0.1210037E+00  0.9519172E-01  0.2490545E+01  0.2548350E-03  0.7012228E-05  0.1457574E+01 -0.1594216E+00  0.3927926E+01
