  0.2970486E+02 -0.1772534E-01  0.2268196E+00 -0.3032466E-01 -0.9852342E-01  0.3405900E-01  0.3619627E+01  0.3297528E-03  0.4622979E-05  0.1313225E+01  0.3483136E-02  0.5050975E+01
  0.2972222E+02 -0.1773005E-01  0.2268854E+00 -0.3033687E-01 -0.9850636E-01  0.3900476E-01  0.3298632E+01  0.7438857E-03 -0.4498801E-05  0.1311599E+01 -0.3536730E-01  0.4694920E+01
  0.2973958E+02 -0.1773174E-01  0.2269554E+00 -0.3034765E-01 -0.9847971E-01  0.5510745E-01  0.2759359E+01  0.1202823E-02 -0.1119696E-04  0.1306980E+01 -0.6257998E-01  0.4140454E+01
  0.2975694E+02 -0.1773058E-01  0.2270263E+00 -0.3035660E-01 -0.9839850E-01  0.6062595E-01  0.2185105E+01  0.1064208E-02 -0.1076392E-04  0.1304223E+01 -0.7096571E-01  0.3560582E+01
  0.2977431E+02 -0.1772393E-01  0.2270982E+00 -0.3036424E-01 -0.9830246E-01  0.5536260E-01  0.1798295E+01  0.5774480E-03 -0.6421329E-05  0.1302517E+01 -0.7050544E-01  0.3166948E+01
  0.2979167E+02 -0.1772467E-01  0.2271696E+00 -0.3037168E-01 -0.9820860E-01  0.3826368E-01  0.1690893E+01  0.4989905E-04 -0.1755832E-05  0.1304623E+01 -0.9020359E-01  0.3024489E+01
  0.2980903E+02 -0.1772730E-01  0.2272361E+00 -0.3037922E-01 -0.9807235E-01  0.2589323E-01  0.1775991E+01 -0.2689877E-03 -0.2507551E-05  0.1305474E+01 -0.1230250E+00  0.3065120E+01
  0.2982639E+02 -0.1773919E-01  0.2273114E+00 -0.3038825E-01 -0.9787884E-01  0.5290535E-02  0.1980561E+01 -0.4318978E-03 -0.6875511E-05  0.1308824E+01 -0.1281402E+00  0.3247402E+01
  0.2984375E+02 -0.1774550E-01  0.2273674E+00 -0.3039804E-01 -0.9768704E-01  0.6196769E-02  0.2372869E+01 -0.1240107E-02  0.1387589E-05  0.1310330E+01 -0.9986041E-01  0.3669834E+01
  0.2986111E+02 -0.1776320E-01  0.2274482E+00 -0.3040975E-01 -0.9750206E-01  0.5746766E-02  0.2939628E+01 -0.1006340E-02  0.7530855E-05  0.1313987E+01 -0.6104762E-01  0.4279088E+01
  0.2987847E+02 -0.1776129E-01  0.2274799E+00 -0.3042068E-01 -0.9735428E-01  0.2111120E-01  0.3382249E+01 -0.1070424E-02  0.2579840E-05  0.1315282E+01 -0.2122959E-01  0.4778288E+01
  0.2989583E+02 -0.1777421E-01  0.2275866E+00 -0.3043285E-01 -0.9721821E-01  0.3083457E-01  0.3482638E+01  0.6505692E-03  0.3574342E-05  0.1317266E+01 -0.4017682E-01  0.4873377E+01
  0.2991319E+02 -0.1776495E-01  0.2275969E+00 -0.3044103E-01 -0.9712928E-01  0.4215162E-01  0.3083326E+01  0.1141758E-02  0.3082536E-05  0.1312694E+01 -0.6892310E-01  0.4452655E+01
  0.2993056E+02 -0.1777596E-01  0.2277108E+00 -0.3044930E-01 -0.9705205E-01  0.3333287E-01  0.2628042E+01  0.5305008E-03 -0.6574601E-06  0.1312605E+01 -0.1210244E+00  0.3935918E+01
  0.2994792E+02 -0.1776849E-01  0.2277507E+00 -0.3045576E-01 -0.9700210E-01  0.1584675E-01  0.2007578E+01  0.2638630E-02 -0.5010994E-05  0.1308363E+01 -0.6950428E-01  0.3347442E+01
  0.2996528E+02 -0.1774261E-01  0.2277945E+00 -0.3046060E-01 -0.9691460E-01 -0.6879960E-02  0.1927884E+01 -0.2817834E-02 -0.3467862E-05  0.1301625E+01 -0.8607326E-02  0.3293877E+01
