  0.2439236E+02 -0.5424147E+02  0.1013732E+00  0.3164638E+00 -0.1480272E+00 -0.3532064E-01 -0.3997692E-01  0.1418001E-02  0.5052446E-04  0.7605407E-04  0.3896605E+02 -0.1507937E+02 -0.2117434E+01
  0.2440972E+02 -0.4139846E+02  0.9525354E-01  0.3158680E+00 -0.6063725E-01 -0.2856462E-01 -0.3998270E-01  0.1415936E-02  0.1741073E-03 -0.7690971E-05  0.3896205E+02 -0.2152898E+01 -0.2117325E+01
  0.2442708E+02 -0.4141241E+02  0.8986698E-01  0.3157566E+00 -0.1831153E-01 -0.1843727E-01 -0.4001565E-01  0.1412853E-02  0.1178278E-03 -0.5270043E-04  0.3895834E+02 -0.2123724E+01 -0.2117095E+01
  0.2444444E+02 -0.4141678E+02  0.8793539E-01  0.3160690E+00 -0.5779552E-02 -0.9755598E-02 -0.4006711E-01  0.1410253E-02 -0.1326593E-04 -0.3304147E-04  0.3895497E+02 -0.2112041E+01 -0.2116715E+01
  0.2446181E+02 -0.4141370E+02  0.9068907E-01  0.3166651E+00 -0.2103487E-01 -0.4148698E-02 -0.4011754E-01  0.1409790E-02 -0.1180118E-03  0.2019227E-04  0.3895162E+02 -0.2118715E+01 -0.2116350E+01
  0.2447917E+02 -0.4141137E+02  0.9688640E-01  0.3175158E+00 -0.3831331E-01 -0.2449640E-02 -0.4014409E-01  0.1411204E-02 -0.1334078E-03  0.1271339E-04  0.3894820E+02 -0.2128385E+01 -0.2116098E+01
  0.2449653E+02 -0.4141001E+02  0.1028814E+00  0.3185178E+00 -0.4153870E-01 -0.5872882E-02 -0.4013447E-01  0.1412437E-02 -0.1642967E-04 -0.5446833E-04  0.3894480E+02 -0.2130016E+01 -0.2115836E+01
  0.2451389E+02 -0.4140465E+02  0.1045755E+00  0.3194911E+00 -0.2973202E-01 -0.1395449E-01 -0.4009498E-01  0.1411751E-02  0.7660433E-04 -0.5994328E-04  0.3894151E+02 -0.2121427E+01 -0.2115563E+01
  0.2453125E+02 -0.4139068E+02  0.9950040E-01  0.3201259E+00 -0.1809264E-01 -0.2757400E-01 -0.4005180E-01  0.1408781E-02  0.9135661E-04  0.1067347E-04  0.3893835E+02 -0.2116911E+01 -0.2115345E+01
  0.2454861E+02 -0.4136881E+02  0.8920470E-01  0.3200219E+00 -0.1420875E-01 -0.4475099E-01 -0.4004101E-01  0.1404462E-02  0.8960325E-04  0.5515552E-04  0.3893510E+02 -0.2121927E+01 -0.2115069E+01
  0.2456597E+02 -0.4135161E+02  0.7936367E-01  0.3192189E+00 -0.2746935E-02 -0.5567423E-01 -0.4008092E-01  0.1400718E-02  0.9473412E-04  0.3680229E-04  0.3893163E+02 -0.2118361E+01 -0.2114700E+01
  0.2458333E+02 -0.4044753E+02  0.7574526E-01  0.3178834E+00  0.1864437E-01 -0.5568845E-01 -0.4015572E-01  0.1398909E-02  0.2815538E-04 -0.4347001E-05  0.3892823E+02 -0.1201452E+01 -0.2114351E+01
  0.2460069E+02 -0.2836939E+02  0.8049292E-01  0.3162328E+00  0.2051916E-01 -0.5265637E-01 -0.4022901E-01  0.1398508E-02 -0.1511794E-03 -0.1168442E-04  0.3892508E+02  0.1088129E+02 -0.2114061E+01
  0.2461806E+02 -0.2924824E+02  0.9126894E-01  0.3148180E+00 -0.1193934E-02 -0.5091547E-01 -0.4026382E-01  0.1398491E-02 -0.1968299E-03  0.1780353E-05  0.3892194E+02  0.9988622E+01 -0.2113853E+01
  0.2463542E+02 -0.4130791E+02  0.1020098E+00  0.3139330E+00 -0.8870421E-02 -0.4752076E-01 -0.4024337E-01  0.1397696E-02 -0.5874512E-04 -0.2405794E-04  0.3891876E+02 -0.2068535E+01 -0.2113800E+01
  0.2465278E+02 -0.4131834E+02  0.1065162E+00  0.3132860E+00  0.1574763E-01 -0.3901575E-01 -0.4019096E-01  0.1396475E-02  0.5830023E-04 -0.7121209E-04  0.3891587E+02 -0.2044746E+01 -0.2113875E+01
  0.2467014E+02 -0.4133770E+02  0.1034902E+00  0.3128722E+00  0.1095925E+00 -0.2570597E-01 -0.4015300E-01  0.1396720E-02  0.1380616E-03 -0.9787001E-04  0.3891353E+02 -0.1962643E+01 -0.2113944E+01
  0.2468750E+02 -0.4135082E+02  0.9679264E-01  0.3129506E+00  0.1246249E+00 -0.1876058E-01 -0.4016825E-01  0.1397806E-02  0.1368473E-03 -0.5922784E-04  0.3891374E+02 -0.1960162E+01 -0.2115277E+01
