  0.2064236E+02 -0.1946505E-01  0.2058180E+00 -0.2197979E-01 -0.1565911E+00  0.1043049E+00  0.2777093E+01  0.3044195E-02 -0.1829996E-04  0.1439895E+01  0.2123711E-01  0.4353338E+01
  0.2065972E+02 -0.1945992E-01  0.2057476E+00 -0.2199909E-01 -0.1565184E+00  0.1062241E+00  0.2478195E+01 -0.1043334E-02 -0.3219408E-04  0.1442873E+01 -0.1439238E-01  0.4019595E+01
  0.2067708E+02 -0.1945654E-01  0.2056768E+00 -0.2202056E-01 -0.1564865E+00  0.1086645E+00  0.2786732E+01 -0.5049233E-03 -0.1683886E-04  0.1445464E+01  0.1021104E-01  0.4358263E+01
  0.2069444E+02 -0.1945228E-01  0.2056029E+00 -0.2204314E-01 -0.1564689E+00  0.1123285E+00  0.2948351E+01 -0.2377318E-03 -0.9631018E-06  0.1447732E+01  0.3385518E-01  0.4549667E+01
  0.2071181E+02 -0.1944735E-01  0.2055261E+00 -0.2206609E-01 -0.1563864E+00  0.1175585E+00  0.3042339E+01 -0.8872891E-04 -0.7756856E-06  0.1450459E+01  0.3593830E-01  0.4653831E+01
  0.2072917E+02 -0.1944316E-01  0.2054504E+00 -0.2209007E-01 -0.1562467E+00  0.1228693E+00  0.3039358E+01  0.1675425E-03  0.8586990E-05  0.1451722E+01  0.2547924E-01  0.4647275E+01
  0.2074653E+02 -0.1943688E-01  0.2053780E+00 -0.2211470E-01 -0.1560849E+00  0.1264923E+00  0.2910271E+01  0.3933489E-03  0.2860426E-04  0.1449788E+01  0.3532594E-01  0.4530040E+01
  0.2076389E+02 -0.1942888E-01  0.2053090E+00 -0.2213855E-01 -0.1558886E+00  0.1280492E+00  0.2779229E+01  0.1443440E-03  0.2690622E-04  0.1447814E+01  0.2757212E-01  0.4390688E+01
  0.2078125E+02 -0.1941778E-01  0.2052417E+00 -0.2216141E-01 -0.1556661E+00  0.1287909E+00  0.2666814E+01  0.2827930E-03  0.2182011E-05  0.1447819E+01 -0.1111101E-01  0.4240595E+01
  0.2079861E+02 -0.1939956E-01  0.2051750E+00 -0.2218319E-01 -0.1554767E+00  0.1291497E+00  0.2443753E+01  0.6024357E-03 -0.1617310E-04  0.1447642E+01 -0.3710525E-01  0.3992141E+01
  0.2081597E+02 -0.1938227E-01  0.2051078E+00 -0.2220430E-01 -0.1553485E+00  0.1279264E+00  0.2219018E+01  0.2888247E-03 -0.2221074E-04  0.1447149E+01 -0.4027912E-01  0.3762253E+01
  0.2083333E+02 -0.1937108E-01  0.2050389E+00 -0.2222617E-01 -0.1552687E+00  0.1252954E+00  0.2186931E+01 -0.2275600E-03 -0.1497795E-04  0.1449713E+01 -0.2650994E-02  0.3767218E+01
  0.2085069E+02 -0.1936482E-01  0.2049689E+00 -0.2224896E-01 -0.1552023E+00  0.1239815E+00  0.2465321E+01 -0.1040119E-02  0.8272528E-05  0.1455316E+01  0.7506038E-01  0.4126800E+01
  0.2086806E+02 -0.1936470E-01  0.2048991E+00 -0.2227324E-01 -0.1551199E+00  0.1262058E+00  0.2990630E+01 -0.1310520E-02  0.2324130E-04  0.1460760E+01  0.1163116E+00  0.4700761E+01
  0.2088542E+02 -0.1936773E-01  0.2048312E+00 -0.2229868E-01 -0.1549798E+00  0.1312878E+00  0.3333354E+01 -0.2046344E-03  0.1270985E-04  0.1464099E+01  0.8153959E-01  0.5018273E+01
  0.2090278E+02 -0.1936938E-01  0.2047654E+00 -0.2232303E-01 -0.1547901E+00  0.1374484E+00  0.3201151E+01  0.8887463E-03  0.6040304E-05  0.1464395E+01  0.2554366E-01  0.4837716E+01
  0.2092014E+02 -0.1936927E-01  0.2047014E+00 -0.2234486E-01 -0.1545568E+00  0.1432641E+00  0.2865038E+01  0.7201871E-03  0.6849105E-05  0.1462772E+01  0.1016746E-01  0.4490399E+01
  0.2093750E+02 -0.1936672E-01  0.2046402E+00 -0.2236544E-01 -0.1566202E+00  0.1464582E+00  0.2688909E+01  0.1471058E-03 -0.3432136E-05  0.1462170E+01  0.1856091E-01  0.4322530E+01
