  0.1689236E+02 -0.4289783E+02 -0.4877256E-01  0.2209789E+00  0.2976985E+00  0.2451490E-01 -0.3295609E-01  0.1510322E-02 -0.5442284E-04 -0.2896188E-04  0.4019522E+02 -0.2239717E+01 -0.2227229E+01
  0.1690972E+02 -0.4290196E+02 -0.4855278E-01  0.2226093E+00  0.3198643E+00  0.2916097E-01 -0.3293442E-01  0.1514327E-02  0.1682130E-04 -0.6104919E-04  0.4019275E+02 -0.2217592E+01 -0.2227376E+01
  0.1692708E+02 -0.4291697E+02 -0.5117749E-01  0.2238892E+00  0.3396338E+00  0.4329213E-01 -0.3291504E-01  0.1518537E-02  0.6164727E-04 -0.2892446E-04  0.4019057E+02 -0.2202128E+01 -0.2227490E+01
  0.1694444E+02 -0.4292842E+02 -0.5510209E-01  0.2245730E+00  0.3372535E+00  0.5622214E-01 -0.3290749E-01  0.1522210E-02 -0.7290239E-06  0.6237461E-04  0.4018832E+02 -0.2208472E+01 -0.2227462E+01
  0.1696181E+02 -0.4292195E+02 -0.5828732E-01  0.2248303E+00  0.3119447E+00  0.5845234E-01 -0.3290954E-01  0.1524904E-02 -0.7983554E-04  0.1280171E-03  0.4018564E+02 -0.2230707E+01 -0.2227395E+01
  0.1697917E+02 -0.4291778E+02 -0.6027813E-01  0.2246514E+00  0.3099275E+00  0.5692076E-01 -0.3291201E-01  0.1525154E-02  0.5652625E-04  0.8541246E-04  0.4018246E+02 -0.2235340E+01 -0.2227457E+01
  0.1699653E+02 -0.4292735E+02 -0.6180440E-01  0.2241490E+00  0.3631649E+00  0.5907035E-01 -0.3291432E-01  0.1523210E-02  0.2175459E-03 -0.4264239E-04  0.4017952E+02 -0.2194465E+01 -0.2227613E+01
  0.1701389E+02 -0.4292912E+02 -0.6294480E-01  0.2237851E+00  0.4105967E+00  0.5818066E-01 -0.3292330E-01  0.1521000E-02  0.8778486E-04 -0.1175024E-03  0.4017740E+02 -0.2153532E+01 -0.2227695E+01
  0.1703125E+02 -0.4291822E+02 -0.6289841E-01  0.2239482E+00  0.4046193E+00  0.5312657E-01 -0.3294077E-01  0.1520342E-02 -0.5109299E-04 -0.8190336E-04  0.4017564E+02 -0.2155335E+01 -0.2227696E+01
  0.1704861E+02 -0.4291227E+02 -0.6113054E-01  0.2247884E+00  0.3774366E+00  0.5445572E-01 -0.3296064E-01  0.1521543E-02 -0.6252383E-04 -0.2900742E-04  0.4017376E+02 -0.2174482E+01 -0.2227742E+01
  0.1706597E+02 -0.4291489E+02 -0.5790031E-01  0.2261840E+00  0.3495157E+00  0.6167172E-01 -0.3297480E-01  0.1524357E-02 -0.6806769E-04 -0.2380873E-04  0.4017172E+02 -0.2195244E+01 -0.2227863E+01
  0.1708333E+02 -0.4291512E+02 -0.5406875E-01  0.2276766E+00  0.3134587E+00  0.6680165E-01 -0.3298085E-01  0.1528539E-02 -0.9032794E-04 -0.9952036E-05  0.4016940E+02 -0.2223401E+01 -0.2227983E+01
  0.1710069E+02 -0.4291129E+02 -0.5004139E-01  0.2288545E+00  0.2660742E+00  0.6962707E-01 -0.3298151E-01  0.1533479E-02 -0.1178769E-03  0.4641778E-04  0.4016668E+02 -0.2261615E+01 -0.2228089E+01
  0.1711806E+02 -0.4290498E+02 -0.4587118E-01  0.2297213E+00  0.2229278E+00  0.7063556E-01 -0.3297618E-01  0.1537656E-02 -0.7692439E-04  0.8551279E-04  0.4016334E+02 -0.2295653E+01 -0.2228231E+01
  0.1713542E+02 -0.4289909E+02 -0.4246700E-01  0.2304188E+00  0.2055035E+00  0.6922159E-01 -0.3296169E-01  0.1540316E-02 -0.3683930E-04  0.6638427E-04  0.4015962E+02 -0.2308188E+01 -0.2228399E+01
  0.1715278E+02 -0.4290196E+02 -0.4129835E-01  0.2309327E+00  0.2219560E+00  0.7003814E-01 -0.3294166E-01  0.1540487E-02  0.3055970E-04  0.7451430E-05  0.4015589E+02 -0.2295807E+01 -0.2228514E+01
  0.1717014E+02 -0.4290816E+02 -0.4272378E-01  0.2312933E+00  0.2660004E+00  0.7212449E-01 -0.3292773E-01  0.1538157E-02  0.9110298E-04 -0.4442260E-04  0.4015263E+02 -0.2260174E+01 -0.2228507E+01
  0.1718750E+02 -0.4290409E+02 -0.4551022E-01  0.2316250E+00  0.3081210E+00  0.6818919E-01 -0.3292732E-01  0.1535287E-02  0.3664517E-04 -0.5116795E-04  0.4015005E+02 -0.2223015E+01 -0.2228412E+01
