  0.7517361E+01 -0.2636765E-01  0.2180058E+00 -0.8366689E-02 -0.2040264E+00 -0.4946113E-01  0.2840451E+01  0.1204932E-02  0.1298864E-05  0.7020268E+00  0.2103738E+00  0.3683842E+01
  0.7534722E+01 -0.2635319E-01  0.2181413E+00 -0.8380529E-02 -0.2040619E+00 -0.4988065E-01  0.2566976E+01  0.4769990E-03  0.5399755E-05  0.7016899E+00  0.2018935E+00  0.3400507E+01
  0.7552083E+01 -0.2635238E-01  0.2182744E+00 -0.8393184E-02 -0.2040757E+00 -0.4944862E-01  0.2513830E+01 -0.1432038E-03 -0.6516096E-05  0.7010979E+00  0.1960299E+00  0.3340812E+01
  0.7569444E+01 -0.2635669E-01  0.2184073E+00 -0.8406032E-02 -0.2040728E+00 -0.4845342E-01  0.2689755E+01 -0.9289152E-03 -0.1171081E-04  0.7003979E+00  0.2165359E+00  0.3536866E+01
  0.7586806E+01 -0.2635579E-01  0.2185419E+00 -0.8420744E-02 -0.2040738E+00 -0.4724708E-01  0.3030639E+01 -0.1186396E-02  0.4529026E-05  0.7004022E+00  0.2448287E+00  0.3907132E+01
  0.7604167E+01 -0.2634603E-01  0.2186781E+00 -0.8438348E-02 -0.2041000E+00 -0.4628379E-01  0.3328612E+01 -0.7119659E-03  0.1207735E-04  0.7016720E+00  0.2553643E+00  0.4218459E+01
  0.7621528E+01 -0.2632496E-01  0.2188136E+00 -0.8457871E-02 -0.2041438E+00 -0.4609032E-01  0.3391472E+01  0.2729258E-03  0.4769358E-05  0.7039756E+00  0.2423442E+00  0.4271867E+01
  0.7638889E+01 -0.2629904E-01  0.2189455E+00 -0.8477175E-02 -0.2041879E+00 -0.4699781E-01  0.3177987E+01  0.1057942E-02 -0.9725989E-05  0.7061365E+00  0.2183566E+00  0.4036512E+01
  0.7656250E+01 -0.2628061E-01  0.2190712E+00 -0.8494498E-02 -0.2042312E+00 -0.4866106E-01  0.2778753E+01  0.1469790E-02 -0.1332678E-04  0.7074064E+00  0.2065317E+00  0.3625552E+01
  0.7673611E+01 -0.2627229E-01  0.2191914E+00 -0.8508535E-02 -0.2042662E+00 -0.5022810E-01  0.2373627E+01  0.1119747E-02 -0.5872720E-05  0.7073609E+00  0.2179806E+00  0.3229999E+01
  0.7690972E+01 -0.2626870E-01  0.2193088E+00 -0.8519272E-02 -0.2042906E+00 -0.5111481E-01  0.2222788E+01 -0.4930333E-04 -0.3340899E-05  0.7057409E+00  0.2300204E+00  0.3087612E+01
  0.7708333E+01 -0.2627214E-01  0.2194266E+00 -0.8529035E-02 -0.2043045E+00 -0.5112636E-01  0.2431229E+01 -0.1086566E-02 -0.3975743E-05  0.7036796E+00  0.2249819E+00  0.3287995E+01
  0.7725694E+01 -0.2628507E-01  0.2195469E+00 -0.8540293E-02 -0.2043059E+00 -0.5047653E-01  0.2785061E+01 -0.1020210E-02  0.1914624E-05  0.7026253E+00  0.2189605E+00  0.3635568E+01
  0.7743056E+01 -0.2629768E-01  0.2196701E+00 -0.8553666E-02 -0.2043009E+00 -0.4973643E-01  0.3096101E+01 -0.9001329E-03  0.9605493E-05  0.7028472E+00  0.2291234E+00  0.3957962E+01
  0.7760417E+01 -0.2629925E-01  0.2197952E+00 -0.8569647E-02 -0.2043095E+00 -0.4954885E-01  0.3391021E+01 -0.9430483E-03 -0.2050611E-05  0.7040342E+00  0.2616501E+00  0.4286828E+01
  0.7777778E+01 -0.2628880E-01  0.2199209E+00 -0.8588387E-02 -0.2043297E+00 -0.5018848E-01  0.3676942E+01 -0.8031229E-03 -0.4396941E-05  0.7062930E+00  0.2915326E+00  0.4604486E+01
  0.7795139E+01 -0.2627277E-01  0.2200454E+00 -0.8609305E-02 -0.2043402E+00 -0.5138424E-01  0.3825359E+01 -0.7925179E-04  0.1068422E-04  0.7102080E+00  0.2866721E+00  0.4751610E+01
  0.7812500E+01 -0.2625488E-01  0.2201672E+00 -0.8630778E-02 -0.2047523E+00 -0.5253465E-01  0.3697164E+01  0.8448688E-03  0.2064573E-05  0.7146578E+00  0.2572309E+00  0.4597894E+01
