  0.2501736E+02 -0.5447601E+02  0.8804745E-01  0.3071281E+00 -0.5892724E-01 -0.2635357E-02 -0.4040190E-01  0.1386152E-02  0.9164305E-04 -0.1626803E-04  0.3885463E+02 -0.1532671E+02 -0.2109131E+01
  0.2503472E+02 -0.4132021E+02  0.9126583E-01  0.3068175E+00  0.1251432E-01  0.1717611E-03 -0.4046148E-01  0.1386377E-02 -0.5714194E-04 -0.4773199E-04  0.3885159E+02 -0.2097031E+01 -0.2108699E+01
  0.2505208E+02 -0.4130592E+02  0.9869228E-01  0.3073638E+00 -0.5905790E-02 -0.8313285E-02 -0.4049153E-01  0.1386416E-02 -0.1908248E-03 -0.4125951E-05  0.3884844E+02 -0.2104945E+01 -0.2108195E+01
  0.2506944E+02 -0.4128418E+02  0.1052545E+00  0.3084518E+00 -0.2447915E-01 -0.2165085E-01 -0.4046962E-01  0.1383331E-02 -0.1783529E-03  0.6688939E-04  0.3884504E+02 -0.2110754E+01 -0.2107674E+01
  0.2508681E+02 -0.4126804E+02  0.1053722E+00  0.3089680E+00 -0.9447259E-02 -0.3298165E-01 -0.4041339E-01  0.1377205E-02  0.1374714E-04  0.5963886E-04  0.3884164E+02 -0.2093451E+01 -0.2107224E+01
  0.2510417E+02 -0.4125927E+02  0.9816678E-01  0.3084802E+00  0.3889251E-01 -0.3952152E-01 -0.4036994E-01  0.1371822E-02  0.1846102E-03 -0.1847576E-04  0.3883866E+02 -0.2053424E+01 -0.2106900E+01
  0.2512153E+02 -0.4125976E+02  0.8783463E-01  0.3074284E+00  0.8414287E-01 -0.3841493E-01 -0.4036781E-01  0.1370702E-02  0.2158121E-03 -0.7283251E-04  0.3883621E+02 -0.2021417E+01 -0.2106796E+01
  0.2513889E+02 -0.4126886E+02  0.7893576E-01  0.3062571E+00  0.1002389E+00 -0.3016364E-01 -0.4039839E-01  0.1373059E-02  0.1483690E-03 -0.6802628E-04  0.3883402E+02 -0.2018523E+01 -0.2106935E+01
  0.2515625E+02 -0.4127566E+02  0.7337440E-01  0.3051366E+00  0.8806555E-01 -0.2323361E-01 -0.4044078E-01  0.1376034E-02  0.7094300E-04 -0.1618607E-04  0.3883171E+02 -0.2039617E+01 -0.2107133E+01
  0.2517361E+02 -0.4128492E+02  0.7125481E-01  0.3042172E+00  0.7265525E-01 -0.1701028E-01 -0.4048542E-01  0.1377785E-02  0.8166811E-04 -0.1351330E-04  0.3882910E+02 -0.2063739E+01 -0.2107116E+01
  0.2519097E+02 -0.4129517E+02  0.7270524E-01  0.3038419E+00  0.4857960E-01 -0.7229707E-02 -0.4052806E-01  0.1378926E-02 -0.3030268E-04 -0.6283407E-04  0.3882635E+02 -0.2090169E+01 -0.2106750E+01
  0.2520833E+02 -0.4129768E+02  0.7703466E-01  0.3042154E+00 -0.2487797E-02  0.2556563E-02 -0.4055449E-01  0.1379922E-02 -0.1313174E-03 -0.5502103E-04  0.3882317E+02 -0.2132549E+01 -0.2106145E+01
  0.2522569E+02 -0.4128964E+02  0.8142777E-01  0.3050218E+00 -0.4177740E-01  0.4492261E-02 -0.4054963E-01  0.1378942E-02 -0.8183672E-04  0.1870109E-04  0.3881935E+02 -0.2160354E+01 -0.2105502E+01
  0.2524306E+02 -0.4126709E+02  0.8241887E-01  0.3055470E+00 -0.4992206E-01 -0.9552386E-02 -0.4051898E-01  0.1375955E-02 -0.3910245E-04  0.8293638E-04  0.3881531E+02 -0.2162386E+01 -0.2104938E+01
  0.2526042E+02 -0.4123688E+02  0.7867761E-01  0.3053676E+00 -0.3161456E-01 -0.3087644E-01 -0.4048667E-01  0.1372442E-02  0.4426927E-04  0.9111494E-04  0.3881127E+02 -0.2143035E+01 -0.2104555E+01
  0.2527778E+02 -0.4122336E+02  0.7184244E-01  0.3047942E+00  0.2182870E-01 -0.4112892E-01 -0.4047125E-01  0.1370105E-02  0.1444427E-03  0.5954555E-04  0.3880752E+02 -0.2097408E+01 -0.2104450E+01
  0.2529514E+02 -0.4123107E+02  0.6428819E-01  0.3040537E+00  0.9555656E-01 -0.3916540E-01 -0.4047530E-01  0.1369245E-02  0.1886584E-03  0.9017149E-05  0.3880436E+02 -0.2040884E+01 -0.2104534E+01
  0.2531250E+02 -0.4124206E+02  0.5780956E-01  0.3029494E+00  0.1496104E+00 -0.3223705E-01 -0.4049648E-01  0.1368509E-02  0.1259200E-03 -0.4153135E-04  0.3880184E+02 -0.2001139E+01 -0.2104640E+01
