  0.2407986E+02 -0.1845940E-01  0.2040623E+00 -0.2586875E-01 -0.1325779E+00  0.1334471E+00  0.2726547E+01 -0.1075623E-02 -0.6048693E-05  0.1510222E+01  0.6249769E-01  0.4458788E+01
  0.2409722E+02 -0.1846585E-01  0.2040957E+00 -0.2588858E-01 -0.1324176E+00  0.1425131E+00  0.2974958E+01 -0.1813959E-03  0.4348984E-05  0.1511120E+01  0.4243806E-01  0.4698176E+01
  0.2411458E+02 -0.1847195E-01  0.2041295E+00 -0.2590921E-01 -0.1322394E+00  0.1500129E+00  0.2883104E+01  0.3802058E-03  0.1146681E-04  0.1512444E+01 -0.3635020E-02  0.4569827E+01
  0.2413194E+02 -0.1847678E-01  0.2041617E+00 -0.2592974E-01 -0.1320789E+00  0.1530603E+00  0.2686389E+01  0.3060612E-03  0.5469411E-05  0.1513696E+01 -0.3443870E-01  0.4346695E+01
  0.2414931E+02 -0.1847961E-01  0.2041923E+00 -0.2594950E-01 -0.1319558E+00  0.1517313E+00  0.2518760E+01  0.3809725E-03 -0.1188804E-04  0.1515619E+01 -0.2511922E-01  0.4189168E+01
  0.2416667E+02 -0.1848387E-01  0.2042230E+00 -0.2596755E-01 -0.1318466E+00  0.1472954E+00  0.2416408E+01  0.2732354E-03 -0.1647258E-04  0.1516721E+01 -0.4256359E-01  0.4066042E+01
  0.2418403E+02 -0.1849001E-01  0.2042564E+00 -0.2598396E-01 -0.1317883E+00  0.1405420E+00  0.2342690E+01  0.4741974E-03 -0.3738395E-05  0.1515408E+01 -0.1149927E+00  0.3912112E+01
  0.2420139E+02 -0.1849703E-01  0.2042951E+00 -0.2599900E-01 -0.1317309E+00  0.1326877E+00  0.2215870E+01  0.4654372E-03  0.9059392E-05  0.1513316E+01 -0.1760595E+00  0.3714357E+01
  0.2421875E+02 -0.1850499E-01  0.2043379E+00 -0.2601387E-01 -0.1316312E+00  0.1266920E+00  0.2115793E+01  0.6265315E-04  0.1205484E-04  0.1511882E+01 -0.1875956E+00  0.3595035E+01
  0.2423611E+02 -0.1851241E-01  0.2043817E+00 -0.2603022E-01 -0.1314949E+00  0.1243510E+00  0.2150786E+01 -0.4196288E-03  0.6716169E-05  0.1510452E+01 -0.1617156E+00  0.3651804E+01
  0.2425347E+02 -0.1851421E-01  0.2044247E+00 -0.2604889E-01 -0.1313254E+00  0.1236765E+00  0.2283347E+01 -0.4505845E-03 -0.1881392E-05  0.1509039E+01 -0.1251504E+00  0.3818996E+01
  0.2427083E+02 -0.1851206E-01  0.2044654E+00 -0.2606965E-01 -0.1311828E+00  0.1220570E+00  0.2365412E+01 -0.1115790E-03 -0.7667334E-05  0.1507550E+01 -0.9649887E-01  0.3927103E+01
  0.2428819E+02 -0.1850621E-01  0.2045041E+00 -0.2609078E-01 -0.1310612E+00  0.1202142E+00  0.2268982E+01  0.4605006E-03 -0.6600587E-05  0.1505111E+01 -0.6997159E-01  0.3853636E+01
  0.2430556E+02 -0.1849623E-01  0.2045422E+00 -0.2610993E-01 -0.1309080E+00  0.1207104E+00  0.2000569E+01  0.6942741E-03 -0.1057483E-05  0.1503802E+01 -0.4180988E-01  0.3612992E+01
  0.2432292E+02 -0.1848319E-01  0.2045783E+00 -0.2612610E-01 -0.1308204E+00  0.1248119E+00  0.1808540E+01  0.1331609E-03 -0.3018013E-05  0.1504979E+01 -0.1021886E-01  0.3457391E+01
  0.2434028E+02 -0.1847454E-01  0.2046102E+00 -0.2613968E-01 -0.1307716E+00  0.1311977E+00  0.1875140E+01 -0.3734544E-03 -0.9909304E-05  0.1506349E+01  0.2382679E-01  0.3565355E+01
  0.2435764E+02 -0.1847463E-01  0.2046393E+00 -0.2615275E-01 -0.1306800E+00  0.1362569E+00  0.2172156E+01 -0.7952937E-03 -0.8812910E-05  0.1506171E+01  0.3745107E-01  0.3880563E+01
  0.2437500E+02 -0.1848111E-01  0.2046688E+00 -0.2616742E-01 -0.1330645E+00  0.1367488E+00  0.3310260E+01 -0.4801174E-02 -0.6159563E-05  0.1504580E+01  0.2462426E-01  0.4998362E+01
