  0.2814236E+02 -0.1791458E-01  0.2200772E+00 -0.2936119E-01 -0.1073967E+00  0.7314679E-01  0.3282644E+01  0.4105081E-02  0.3283470E-06  0.1361217E+01 -0.7592222E-01  0.4710595E+01
  0.2815972E+02 -0.1790790E-01  0.2201604E+00 -0.2937273E-01 -0.1072381E+00  0.7027766E-01  0.2528066E+01 -0.1776937E-03 -0.3728375E-05  0.1359307E+01 -0.9598006E-01  0.3927130E+01
  0.2817708E+02 -0.1790298E-01  0.2202446E+00 -0.2938562E-01 -0.1070164E+00  0.6539656E-01  0.2608421E+01 -0.1884033E-03 -0.1109808E-04  0.1357917E+01 -0.6247470E-01  0.4035000E+01
  0.2819444E+02 -0.1790267E-01  0.2203298E+00 -0.2939903E-01 -0.1068093E+00  0.6065339E-01  0.2680050E+01 -0.1317856E-03 -0.8331972E-05  0.1358063E+01 -0.1853928E-01  0.4146306E+01
  0.2821181E+02 -0.1790634E-01  0.2204166E+00 -0.2941198E-01 -0.1066785E+00  0.5844208E-01  0.2720521E+01 -0.4804048E-04  0.3578422E-05  0.1357978E+01  0.3293998E-02  0.4206611E+01
  0.2822917E+02 -0.1790899E-01  0.2205055E+00 -0.2942359E-01 -0.1066588E+00  0.5779678E-01  0.2691098E+01  0.1888272E-03  0.1165958E-04  0.1356214E+01  0.1308908E-01  0.4184913E+01
  0.2824653E+02 -0.1790822E-01  0.2205961E+00 -0.2943376E-01 -0.1066840E+00  0.5781577E-01  0.2548811E+01  0.4261493E-03  0.1515770E-04  0.1352955E+01  0.1823158E-01  0.4044824E+01
  0.2826389E+02 -0.1790890E-01  0.2206883E+00 -0.2944317E-01 -0.1066529E+00  0.5702364E-01  0.2402104E+01  0.2029882E-03  0.1865120E-04  0.1350008E+01 -0.2849452E-02  0.3873192E+01
  0.2828125E+02 -0.1791037E-01  0.2207830E+00 -0.2945306E-01 -0.1065633E+00  0.5643690E-01  0.2380251E+01 -0.1349621E-03  0.1625792E-04  0.1348370E+01 -0.3570062E-01  0.3816094E+01
  0.2829861E+02 -0.1790895E-01  0.2208790E+00 -0.2946429E-01 -0.1064006E+00  0.5408826E-01  0.2418752E+01 -0.9839327E-04  0.4888097E-05  0.1347885E+01 -0.4041781E-01  0.3847319E+01
  0.2831597E+02 -0.1790550E-01  0.2209735E+00 -0.2947716E-01 -0.1061854E+00  0.4801201E-01  0.2431246E+01  0.3820493E-04 -0.3619171E-05  0.1346583E+01 -0.4172951E-01  0.3851552E+01
  0.2833333E+02 -0.1790418E-01  0.2210636E+00 -0.2949117E-01 -0.1060061E+00  0.3622038E-01  0.1835697E+01  0.3194129E-02  0.1514068E-04  0.1343553E+01 -0.8117680E-01  0.3205164E+01
  0.2835069E+02 -0.1797093E-01  0.2211267E+00 -0.2950252E-01 -0.1057921E+00  0.2251483E-01  0.1610101E+01 -0.1887155E-02 -0.1632015E-05  0.1342243E+01 -0.1322461E+00  0.2908585E+01
  0.2836806E+02 -0.1799589E-01  0.2212056E+00 -0.2951304E-01 -0.1057580E+00  0.1264442E-01  0.2200982E+01 -0.9990202E-03 -0.2252272E-04  0.1341681E+01 -0.1178333E+00  0.3504392E+01
  0.2838542E+02 -0.1800096E-01  0.2212889E+00 -0.2952180E-01 -0.1058171E+00  0.1110704E-01  0.2512005E+01 -0.2837499E-03 -0.3433957E-05  0.1341982E+01 -0.5310289E-01  0.3879652E+01
  0.2840278E+02 -0.1800299E-01  0.2213746E+00 -0.2952919E-01 -0.1058547E+00  0.1773425E-01  0.2668351E+01 -0.2878533E-03  0.1044037E-04  0.1339699E+01 -0.2752831E-02  0.4090742E+01
  0.2842014E+02 -0.1799982E-01  0.2214643E+00 -0.2953684E-01 -0.1057893E+00  0.3204589E-01  0.2723304E+01 -0.3809886E-04  0.2693614E-04  0.1336743E+01  0.9181604E-02  0.4169401E+01
  0.2843750E+02 -0.1799580E-01  0.2215567E+00 -0.2954568E-01 -0.1076631E+00  0.4901736E-01  0.2661371E+01  0.9082497E-04  0.2663934E-04  0.1336517E+01 -0.9480323E-02  0.4103895E+01
