  0.1657986E+02 -0.2039361E-01  0.2191113E+00 -0.1691721E-01 -0.1886647E+00 -0.4530271E-01  0.1987587E+01  0.3039886E-03 -0.4072015E-05  0.1260224E+01  0.7449461E-01  0.3270439E+01
  0.1659722E+02 -0.2039923E-01  0.2190674E+00 -0.1693262E-01 -0.1885972E+00 -0.5079588E-01  0.1991606E+01 -0.1320769E-03 -0.1768678E-04  0.1263353E+01  0.1030251E+00  0.3300176E+01
  0.1661458E+02 -0.2040245E-01  0.2190241E+00 -0.1694878E-01 -0.1885289E+00 -0.5628840E-01  0.2188936E+01 -0.5775788E-03 -0.1960877E-04  0.1265639E+01  0.1100862E+00  0.3500920E+01
  0.1663194E+02 -0.2040180E-01  0.2189832E+00 -0.1696641E-01 -0.1884560E+00 -0.5962371E-01  0.2609163E+01 -0.1278993E-02 -0.1646401E-04  0.1266716E+01  0.9449482E-01  0.3902614E+01
  0.1664931E+02 -0.2039965E-01  0.2189456E+00 -0.1698665E-01 -0.1883449E+00 -0.5918915E-01  0.3184673E+01 -0.1427997E-02 -0.1545239E-05  0.1267381E+01  0.6389022E-01  0.4448540E+01
  0.1666667E+02 -0.2039279E-01  0.2189105E+00 -0.1700947E-01 -0.1881740E+00 -0.5530105E-01  0.3656065E+01 -0.9091427E-03  0.2586866E-04  0.1267370E+01  0.4191128E-01  0.4902496E+01
  0.1668403E+02 -0.2037661E-01  0.2188754E+00 -0.1703459E-01 -0.1879936E+00 -0.5016230E-01  0.3800933E+01  0.4958676E-04  0.4607049E-04  0.1267204E+01  0.3398227E-01  0.5045523E+01
  0.1670139E+02 -0.2036429E-01  0.2188381E+00 -0.1706029E-01 -0.1878453E+00 -0.4592145E-01  0.3572352E+01  0.8793626E-03  0.4238812E-04  0.1267174E+01  0.3526883E-01  0.4823363E+01
  0.1671875E+02 -0.2036044E-01  0.2187990E+00 -0.1708412E-01 -0.1877174E+00 -0.4311187E-01  0.3115457E+01  0.1131288E-02  0.2082450E-04  0.1267753E+01  0.5680773E-01  0.4391695E+01
  0.1673611E+02 -0.2036067E-01  0.2187579E+00 -0.1710583E-01 -0.1876000E+00 -0.4136598E-01  0.2655774E+01  0.8774088E-03 -0.4487657E-05  0.1270219E+01  0.1066402E+00  0.3985831E+01
  0.1675347E+02 -0.2036734E-01  0.2187135E+00 -0.1712676E-01 -0.1874863E+00 -0.4067531E-01  0.2395989E+01  0.2598857E-03 -0.3099928E-04  0.1275730E+01  0.1554248E+00  0.3780430E+01
  0.1677083E+02 -0.2037282E-01  0.2186661E+00 -0.1714835E-01 -0.1873654E+00 -0.4135157E-01  0.2448154E+01 -0.4510082E-03 -0.4614341E-04  0.1281872E+01  0.1660670E+00  0.3848024E+01
  0.1678819E+02 -0.2037359E-01  0.2186183E+00 -0.1717145E-01 -0.1872253E+00 -0.4271231E-01  0.2711164E+01 -0.6881680E-03 -0.4006612E-04  0.1285305E+01  0.1217491E+00  0.4068625E+01
  0.1680556E+02 -0.2037086E-01  0.2185731E+00 -0.1719651E-01 -0.1870580E+00 -0.4312515E-01  0.2937652E+01 -0.3431738E-03 -0.2403476E-04  0.1285679E+01  0.3939655E-01  0.4213184E+01
  0.1682292E+02 -0.2036013E-01  0.2185323E+00 -0.1722279E-01 -0.1868969E+00 -0.4122515E-01  0.3057222E+01 -0.2106618E-03 -0.5890928E-05  0.1283785E+01 -0.5854438E-03  0.4293032E+01
  0.1684028E+02 -0.2034045E-01  0.2184951E+00 -0.1724903E-01 -0.1867452E+00 -0.3692813E-01  0.3177577E+01 -0.3775396E-03  0.1474560E-04  0.1280340E+01  0.1361560E-01  0.4428402E+01
  0.1685764E+02 -0.2031806E-01  0.2184589E+00 -0.1727495E-01 -0.1866008E+00 -0.3201535E-01  0.3278220E+01 -0.1306930E-03  0.3410393E-04  0.1277146E+01  0.1678770E-01  0.4534306E+01
  0.1687500E+02 -0.2029802E-01  0.2184197E+00 -0.1729991E-01 -0.1886799E+00 -0.2879247E-01  0.3191293E+01  0.5727973E-03  0.3807944E-04  0.1275685E+01  0.1130442E-01  0.4442242E+01
