  0.4392361E+01 -0.4684845E+02 -0.2156577E+00 -0.1553938E+00  0.4668699E+00 -0.4315104E-01 -0.5457609E-01  0.4557623E-03 -0.2037522E-03  0.3946352E-04  0.4255241E+02 -0.4297654E+01 -0.1924871E+01
  0.4409722E+01 -0.4447891E+02 -0.2055990E+00 -0.1545058E+00  0.4712709E+00 -0.4459041E-01 -0.5450231E-01  0.4572885E-03 -0.1601175E-03  0.1029625E-04  0.4254801E+02 -0.1918522E+01 -0.1925781E+01
  0.4427083E+01 -0.4447775E+02 -0.1989935E+00 -0.1537948E+00  0.4691946E+00 -0.4524216E-01 -0.5439832E-01  0.4592858E-03 -0.6598485E-04 -0.8632352E-05  0.4254384E+02 -0.1916767E+01 -0.1926679E+01
  0.4444444E+01 -0.4447528E+02 -0.1983738E+00 -0.1532330E+00  0.4689891E+00 -0.4454703E-01 -0.5428235E-01  0.4617971E-03  0.3165355E-04 -0.1036726E-04  0.4253981E+02 -0.1916429E+01 -0.1927541E+01
  0.4461806E+01 -0.4447181E+02 -0.2037124E+00 -0.1526975E+00  0.4717718E+00 -0.4337654E-01 -0.5417732E-01  0.4650257E-03  0.1324630E-03 -0.5377791E-06  0.4253573E+02 -0.1917678E+01 -0.1928385E+01
  0.4479167E+01 -0.4392730E+02 -0.2126003E+00 -0.1520451E+00  0.4813734E+00 -0.4255037E-01 -0.5409915E-01  0.4687752E-03  0.2001257E-03  0.1032276E-04  0.4253150E+02 -0.1375040E+01 -0.1929212E+01
  0.4496528E+01 -0.4202181E+02 -0.2215607E+00 -0.1512102E+00  0.4938414E+00 -0.4243959E-01 -0.5405047E-01  0.4725082E-03  0.1494621E-03  0.4095800E-04  0.4252717E+02  0.5306087E+00 -0.1930014E+01
  0.4513889E+01 -0.4254786E+02 -0.2276434E+00 -0.1502038E+00  0.5018161E+00 -0.4403585E-01 -0.5402137E-01  0.4754126E-03  0.3275288E-04  0.6973403E-04  0.4252276E+02  0.1386731E-02 -0.1930829E+01
  0.4531250E+01 -0.4443586E+02 -0.2295104E+00 -0.1490891E+00  0.5054977E+00 -0.4589460E-01 -0.5399564E-01  0.4771191E-03 -0.3224265E-04  0.4689143E-04  0.4251833E+02 -0.1890031E+01 -0.1931722E+01
  0.4548611E+01 -0.4443629E+02 -0.2276762E+00 -0.1479735E+00  0.5084588E+00 -0.4459020E-01 -0.5395783E-01  0.4781759E-03 -0.4003220E-04 -0.1396648E-04  0.4251397E+02 -0.1887637E+01 -0.1932667E+01
  0.4565972E+01 -0.4443756E+02 -0.2239901E+00 -0.1469780E+00  0.5062299E+00 -0.4201104E-01 -0.5389943E-01  0.4801473E-03 -0.4328997E-04 -0.4412897E-04  0.4250976E+02 -0.1888061E+01 -0.1933535E+01
  0.4583333E+01 -0.4443475E+02 -0.2208508E+00 -0.1461882E+00  0.4934310E+00 -0.4238867E-01 -0.5382115E-01  0.4831659E-03 -0.3918559E-04 -0.1977176E-04  0.4250554E+02 -0.1898608E+01 -0.1934308E+01
  0.4600694E+01 -0.4443126E+02 -0.2201992E+00 -0.1456334E+00  0.4788174E+00 -0.4335558E-01 -0.5373312E-01  0.4865108E-03  0.1063307E-04  0.1313374E-04  0.4250107E+02 -0.1913777E+01 -0.1935079E+01
  0.4618056E+01 -0.4442941E+02 -0.2224461E+00 -0.1452360E+00  0.4716019E+00 -0.4179381E-01 -0.5365099E-01  0.4901965E-03  0.5698714E-04  0.3627316E-04  0.4249634E+02 -0.1924005E+01 -0.1935888E+01
  0.4635417E+01 -0.4442634E+02 -0.2261637E+00 -0.1448649E+00  0.4711761E+00 -0.4106294E-01 -0.5358771E-01  0.4939223E-03  0.6013420E-04  0.5523666E-04  0.4249142E+02 -0.1928821E+01 -0.1936720E+01
  0.4652778E+01 -0.4442191E+02 -0.2288444E+00 -0.1444358E+00  0.4756441E+00 -0.4199639E-01 -0.5354713E-01  0.4967396E-03  0.9996496E-05  0.5876174E-04  0.4248641E+02 -0.1928116E+01 -0.1937574E+01
  0.4670139E+01 -0.4442100E+02 -0.2281203E+00 -0.1438624E+00  0.4787268E+00 -0.4067755E-01 -0.5352225E-01  0.4984414E-03 -0.7470987E-04  0.2940856E-04  0.4248147E+02 -0.1926529E+01 -0.1938426E+01
  0.4687500E+01 -0.4442363E+02 -0.2229606E+00 -0.1431022E+00  0.4862974E+00 -0.3747003E-01 -0.5349777E-01  0.4992242E-03 -0.1280788E-03 -0.2842945E-05  0.4247664E+02 -0.1917357E+01 -0.1939267E+01
