  0.1215278E+00 -0.4469075E-03  0.2558526E-01 -0.1553614E-03 -0.4511064E-02 -0.2666822E-03  0.3089022E+01  0.1880212E-01 -0.5718379E-05  0.8596254E-04 -0.2701631E+00  0.2857947E+01
  0.1388889E+00 -0.1285488E-02  0.3095856E-01 -0.2697558E-03 -0.1150384E-01 -0.6792266E-03  0.3770698E+01  0.2363301E-01 -0.3706012E-05  0.2650747E-03 -0.2953168E+00  0.3516496E+01
  0.1562500E+00 -0.2357698E-02  0.3234947E-01 -0.3520833E-03 -0.1852702E-01 -0.1232181E-02  0.4025915E+01  0.1001038E-01 -0.2371842E-05  0.5726748E-03 -0.3096778E+00  0.3736699E+01
  0.1736111E+00 -0.2257499E-02  0.3199718E-01 -0.4161755E-03 -0.2729181E-01 -0.1901980E-02  0.4206233E+01  0.1109022E-01 -0.1514717E-05  0.1012176E-02 -0.3323285E+00  0.3886135E+01
  0.1909722E+00 -0.2356166E-02  0.3151959E-01 -0.4668121E-03 -0.3595958E-01 -0.2580782E-02  0.4268268E+01  0.8572125E-02 -0.7856790E-06  0.1508976E-02 -0.3326405E+00  0.3935864E+01
  0.2083333E+00 -0.2313636E-02  0.3121129E-01 -0.5081049E-03 -0.4466040E-01 -0.3270146E-02  0.4281521E+01  0.6286435E-02 -0.6100870E-06  0.2098966E-02 -0.3277562E+00  0.3942609E+01
  0.2256944E+00 -0.2175738E-02  0.3124517E-01 -0.5431758E-03 -0.5341743E-01 -0.3933930E-02  0.4288196E+01  0.4711060E-02 -0.9577631E-06  0.2781009E-02 -0.3267587E+00  0.3940103E+01
  0.2430556E+00 -0.2048871E-02  0.3171213E-01 -0.5742478E-03 -0.6213092E-01 -0.4550185E-02  0.4297067E+01  0.3625769E-02 -0.1277664E-05  0.3548123E-02 -0.3293980E+00  0.3937249E+01
  0.2604167E+00 -0.1989818E-02  0.3258667E-01 -0.6028479E-03 -0.7066758E-01 -0.5108413E-02  0.4308616E+01  0.2864129E-02 -0.1535626E-05  0.4385149E-02 -0.3340178E+00  0.3936064E+01
  0.2777778E+00 -0.2007150E-02  0.3382824E-01 -0.6300002E-03 -0.7889901E-01 -0.5602985E-02  0.4314084E+01  0.2497325E-02 -0.6221211E-06  0.5276780E-02 -0.3383644E+00  0.3930182E+01
  0.2951389E+00 -0.2122213E-02  0.3543394E-01 -0.6564182E-03 -0.8665722E-01 -0.6029811E-02  0.4324761E+01  0.1776395E-02 -0.7365405E-06  0.6214608E-02 -0.3437661E+00  0.3928954E+01
  0.3125000E+00 -0.2253289E-02  0.3729115E-01 -0.6824375E-03 -0.9397470E-01 -0.6398389E-02  0.4342215E+01  0.1609228E-02 -0.9700851E-06  0.7205773E-02 -0.3499481E+00  0.3935063E+01
