  0.2564236E+02 -0.1830397E-01  0.2086789E+00 -0.2737158E-01 -0.1225587E+00  0.1681500E+00  0.2825113E+01 -0.2958980E-03 -0.1403969E-04  0.1484559E+01  0.8875065E-01  0.4606708E+01
  0.2565972E+02 -0.1830384E-01  0.2087424E+00 -0.2739258E-01 -0.1224369E+00  0.1695355E+00  0.2851766E+01  0.2162972E-04 -0.7467482E-05  0.1488238E+01  0.6331897E-01  0.4613481E+01
  0.2567708E+02 -0.1830838E-01  0.2088012E+00 -0.2741236E-01 -0.1224053E+00  0.1632915E+00  0.2718011E+01  0.6794043E-03 -0.7517328E-05  0.1491246E+01  0.7350826E-02  0.4421246E+01
  0.2569444E+02 -0.1831972E-01  0.2088559E+00 -0.2743050E-01 -0.1223803E+00  0.1508970E+00  0.2413202E+01  0.9082878E-03 -0.3111648E-05  0.1492084E+01 -0.3937768E-01  0.4058436E+01
  0.2571181E+02 -0.1833548E-01  0.2089108E+00 -0.2744745E-01 -0.1222502E+00  0.1358940E+00  0.2103912E+01  0.7540648E-03  0.6071818E-05  0.1489766E+01 -0.6479910E-01  0.3706410E+01
  0.2572917E+02 -0.1834781E-01  0.2089704E+00 -0.2746390E-01 -0.1220295E+00  0.1242685E+00  0.2063280E+01 -0.2557176E-03  0.7157228E-05  0.1485706E+01 -0.6901039E-01  0.3645125E+01
  0.2574653E+02 -0.1835277E-01  0.2090345E+00 -0.2748086E-01 -0.1217918E+00  0.1203690E+00  0.2401877E+01 -0.9988368E-03  0.4545875E-05  0.1483273E+01 -0.7437996E-01  0.3971553E+01
  0.2576389E+02 -0.1835081E-01  0.2091010E+00 -0.2749857E-01 -0.1216074E+00  0.1235600E+00  0.2737369E+01 -0.4392918E-03  0.7337212E-05  0.1483035E+01 -0.9683059E-01  0.4288346E+01
  0.2578125E+02 -0.1834443E-01  0.2091680E+00 -0.2751585E-01 -0.1215091E+00  0.1308227E+00  0.2830558E+01 -0.1615415E-03  0.6655054E-05  0.1482777E+01 -0.1068485E+00  0.4378952E+01
  0.2579861E+02 -0.1833561E-01  0.2092336E+00 -0.2753207E-01 -0.1214851E+00  0.1396042E+00  0.2854868E+01 -0.2662566E-03 -0.5525398E-06  0.1484751E+01 -0.7475220E-01  0.4446085E+01
  0.2581597E+02 -0.1832889E-01  0.2092953E+00 -0.2754750E-01 -0.1214714E+00  0.1468588E+00  0.2958552E+01 -0.4206782E-03  0.4269263E-06  0.1489918E+01 -0.2839894E-01  0.4608457E+01
  0.2583333E+02 -0.1832806E-01  0.2093535E+00 -0.2756307E-01 -0.1214623E+00  0.1482392E+00  0.3028329E+01  0.1059987E-03  0.2069704E-05  0.1495066E+01 -0.2247273E-02  0.4711495E+01
  0.2585069E+02 -0.1833103E-01  0.2094102E+00 -0.2757825E-01 -0.1214009E+00  0.1413491E+00  0.2897976E+01  0.6165153E-03  0.5851123E-05  0.1496277E+01  0.2699040E-02  0.4581023E+01
  0.2586806E+02 -0.1833823E-01  0.2094685E+00 -0.2759295E-01 -0.1212540E+00  0.1286089E+00  0.2617178E+01  0.8199863E-03  0.1429463E-04  0.1492515E+01 -0.4007579E-02  0.4277412E+01
  0.2588542E+02 -0.1834506E-01  0.2095302E+00 -0.2760731E-01 -0.1210376E+00  0.1158754E+00  0.2261791E+01  0.9716585E-03  0.1035439E-04  0.1485622E+01 -0.1967045E-01  0.3887140E+01
  0.2590278E+02 -0.1834345E-01  0.2095952E+00 -0.2762143E-01 -0.1208229E+00  0.1086631E+00  0.2037051E+01  0.2021842E-03  0.5743916E-05  0.1477897E+01 -0.3854935E-01  0.3628077E+01
  0.2592014E+02 -0.1833400E-01  0.2096618E+00 -0.2763646E-01 -0.1206505E+00  0.1091854E+00  0.2093414E+01 -0.4076677E-03  0.4643371E-05  0.1472243E+01 -0.5687353E-01  0.3660606E+01
  0.2593750E+02 -0.1832587E-01  0.2097287E+00 -0.2765272E-01 -0.1231410E+00  0.1155201E+00  0.2236394E+01 -0.2903487E-03 -0.6042512E-05  0.1470966E+01 -0.8274469E-01  0.3780448E+01
