  0.1126736E+02 -0.2306829E-01  0.2289204E+00 -0.1175583E-01 -0.2037124E+00 -0.7013312E-01  0.3767610E+01 -0.3119878E-03  0.1087331E-04  0.8722546E+00  0.2378442E+00  0.4797659E+01
  0.1128472E+02 -0.2305336E-01  0.2289208E+00 -0.1177387E-01 -0.2036830E+00 -0.7012015E-01  0.3746387E+01  0.3937371E-03  0.3405292E-04  0.8760653E+00  0.1640530E+00  0.4707223E+01
  0.1130208E+02 -0.2304147E-01  0.2289203E+00 -0.1179268E-01 -0.2036627E+00 -0.7096294E-01  0.3477966E+01  0.1016327E-02  0.3494763E-04  0.8787406E+00  0.1135957E+00  0.4390814E+01
  0.1131944E+02 -0.2303286E-01  0.2289179E+00 -0.1181001E-01 -0.2036536E+00 -0.7237502E-01  0.3018784E+01  0.1483050E-02  0.2197604E-04  0.8797621E+00  0.8788876E-01  0.3905986E+01
  0.1133681E+02 -0.2302458E-01  0.2289129E+00 -0.1182406E-01 -0.2036454E+00 -0.7371922E-01  0.2552704E+01  0.1104031E-02  0.9741228E-05  0.8793592E+00  0.7543863E-01  0.3425315E+01
  0.1135417E+02 -0.2301590E-01  0.2289068E+00 -0.1183528E-01 -0.2036195E+00 -0.7453834E-01  0.2251614E+01  0.6052878E-03  0.4289336E-05  0.8774919E+00  0.7926479E-01  0.3124878E+01
  0.1137153E+02 -0.2300006E-01  0.2289024E+00 -0.1184466E-01 -0.2035892E+00 -0.7443219E-01  0.2211567E+01 -0.3152153E-03 -0.6626728E-05  0.8746378E+00  0.1039395E+00  0.3105859E+01
  0.1138889E+02 -0.2298073E-01  0.2289006E+00 -0.1185422E-01 -0.2035618E+00 -0.7342549E-01  0.2540873E+01 -0.1421679E-02 -0.2453480E-04  0.8722726E+00  0.1464952E+00  0.3475273E+01
  0.1140625E+02 -0.2296713E-01  0.2289020E+00 -0.1186651E-01 -0.2035207E+00 -0.7204919E-01  0.3166876E+01 -0.1972979E-02 -0.2720195E-04  0.8721469E+00  0.1887510E+00  0.4144272E+01
  0.1142361E+02 -0.2295464E-01  0.2289060E+00 -0.1188337E-01 -0.2034685E+00 -0.7055823E-01  0.3812986E+01 -0.1629615E-02 -0.1296923E-04  0.8746903E+00  0.2221964E+00  0.4828271E+01
  0.1144097E+02 -0.2294375E-01  0.2289116E+00 -0.1190460E-01 -0.2034153E+00 -0.6877406E-01  0.4240830E+01 -0.9323762E-03  0.8899706E-05  0.8788098E+00  0.2369399E+00  0.5277531E+01
  0.1145833E+02 -0.2293821E-01  0.2289176E+00 -0.1192842E-01 -0.2033750E+00 -0.6677571E-01  0.4354993E+01 -0.4221147E-05  0.2345818E-04  0.8832092E+00  0.2217424E+00  0.5383864E+01
  0.1147569E+02 -0.2292888E-01  0.2289230E+00 -0.1195174E-01 -0.2033529E+00 -0.6532009E-01  0.4059152E+01  0.1410082E-02  0.2009286E-04  0.8868591E+00  0.1921524E+00  0.5064963E+01
  0.1149306E+02 -0.2291506E-01  0.2289271E+00 -0.1197153E-01 -0.2033426E+00 -0.6504095E-01  0.3443672E+01  0.1965280E-02  0.1172427E-04  0.8886129E+00  0.1581647E+00  0.4418083E+01
  0.1151042E+02 -0.2290028E-01  0.2289305E+00 -0.1198679E-01 -0.2033346E+00 -0.6579584E-01  0.2792456E+01  0.1774018E-02 -0.2191501E-05  0.8873233E+00  0.1159069E+00  0.3722371E+01
  0.1152778E+02 -0.2289030E-01  0.2289345E+00 -0.1199810E-01 -0.2033343E+00 -0.6709551E-01  0.2272359E+01  0.1244385E-02 -0.1510041E-04  0.8840978E+00  0.7186899E-01  0.3153172E+01
  0.1154514E+02 -0.2288465E-01  0.2289396E+00 -0.1200686E-01 -0.2033315E+00 -0.6871106E-01  0.2017552E+01  0.2287001E-03 -0.1680784E-04  0.8806234E+00  0.5643615E-01  0.2876829E+01
  0.1156250E+02 -0.2287551E-01  0.2289461E+00 -0.1201549E-01 -0.2039347E+00 -0.7028616E-01  0.2112003E+01 -0.6909043E-03 -0.1511959E-04  0.8780256E+00  0.7681745E-01  0.2985974E+01
