  0.1001736E+02 -0.5944859E+01 -0.1747286E+00  0.3016004E-01 -0.5762940E+01  0.3185181E+01 -0.3885071E-01  0.9802984E-03  0.8212694E-04 -0.7260592E-04  0.4131260E+02  0.3260755E+02 -0.2148855E+01
  0.1003472E+02 -0.4368986E+02 -0.1746532E+00  0.2992048E-01 -0.2603759E+01  0.2420578E+01 -0.3876194E-01  0.9816506E-03  0.6406445E-01 -0.4038048E-03  0.4131030E+02 -0.2681592E+01 -0.2146317E+01
  0.1005208E+02 -0.4369803E+02 -0.1743870E+00  0.3059679E-01  0.5948232E+00  0.4334085E-01 -0.3873576E-01  0.9841005E-03  0.1695010E-04 -0.2197965E-04  0.4130814E+02 -0.1933273E+01 -0.2146918E+01
  0.1006944E+02 -0.4370087E+02 -0.1742372E+00  0.3165804E-01  0.5788928E+00  0.4828879E-01 -0.3870390E-01  0.9866089E-03 -0.3068402E-05  0.3425759E-04  0.4130579E+02 -0.1948164E+01 -0.2147470E+01
  0.1008681E+02 -0.4369564E+02 -0.1749823E+00  0.3273327E-01  0.5632982E+00  0.4481849E-01 -0.3866684E-01  0.9883009E-03  0.6538153E-05  0.5027651E-04  0.4130315E+02 -0.1964251E+01 -0.2147937E+01
  0.1010417E+02 -0.4368644E+02 -0.1769257E+00  0.3356714E-01  0.5511393E+00  0.3745032E-01 -0.3862948E-01  0.9892737E-03 -0.3916937E-05  0.3622338E-04  0.4130029E+02 -0.1978522E+01 -0.2148338E+01
  0.1012153E+02 -0.4367900E+02 -0.1796406E+00  0.3402981E-01  0.5345993E+00  0.3363883E-01 -0.3859674E-01  0.9895368E-03 -0.1062808E-04  0.1662483E-04  0.4129721E+02 -0.1996764E+01 -0.2148724E+01
  0.1013889E+02 -0.4367472E+02 -0.1822298E+00  0.3420915E-01  0.5153971E+00  0.3482755E-01 -0.3857154E-01  0.9899378E-03  0.7641221E-05  0.9963817E-05  0.4129385E+02 -0.2016234E+01 -0.2149077E+01
  0.1015625E+02 -0.4367555E+02 -0.1837239E+00  0.3439491E-01  0.5090522E+00  0.3830237E-01 -0.3855034E-01  0.9913883E-03  0.2272079E-04  0.2469608E-04  0.4129026E+02 -0.2024783E+01 -0.2149418E+01
  0.1017361E+02 -0.4367893E+02 -0.1840262E+00  0.3466463E-01  0.5143923E+00  0.4225337E-01 -0.3852555E-01  0.9932839E-03  0.2678226E-04  0.7808408E-05  0.4128669E+02 -0.2022446E+01 -0.2149819E+01
  0.1019097E+02 -0.4368088E+02 -0.1839140E+00  0.3500737E-01  0.5196497E+00  0.4468056E-01 -0.3849456E-01  0.9943787E-03  0.2450876E-04 -0.1666441E-04  0.4128320E+02 -0.2019749E+01 -0.2150316E+01
  0.1020833E+02 -0.4368391E+02 -0.1842535E+00  0.3553876E-01  0.5303782E+00  0.4705687E-01 -0.3846206E-01  0.9956002E-03  0.4315148E-04  0.9597336E-06  0.4127979E+02 -0.2012824E+01 -0.2150853E+01
  0.1022569E+02 -0.4368411E+02 -0.1851427E+00  0.3628193E-01  0.5477685E+00  0.4852064E-01 -0.3843422E-01  0.9983893E-03  0.1885686E-04  0.3002057E-04  0.4127655E+02 -0.1997522E+01 -0.2151306E+01
  0.1024306E+02 -0.4367849E+02 -0.1859644E+00  0.3718388E-01  0.5637894E+00  0.4561910E-01 -0.3841246E-01  0.1001691E-02 -0.2247938E-04  0.5044286E-04  0.4127350E+02 -0.1981749E+01 -0.2151657E+01
  0.1026042E+02 -0.4367196E+02 -0.1860817E+00  0.3812057E-01  0.5802693E+00  0.3996794E-01 -0.3839051E-01  0.1003381E-02  0.1674972E-04  0.3035819E-04  0.4127055E+02 -0.1966471E+01 -0.2152011E+01
  0.1027778E+02 -0.4366672E+02 -0.1856980E+00  0.3887822E-01  0.5888014E+00  0.3464867E-01 -0.3836303E-01  0.1003247E-02 -0.1121779E-04  0.6812771E-05  0.4126775E+02 -0.1959706E+01 -0.2152431E+01
  0.1029514E+02 -0.4366272E+02 -0.1853563E+00  0.3926926E-01  0.5786497E+00  0.3282477E-01 -0.3833286E-01  0.1002603E-02 -0.4275993E-04  0.7343436E-05  0.4126488E+02 -0.1969819E+01 -0.2152863E+01
  0.1031250E+02 -0.4366206E+02 -0.1851619E+00  0.3935553E-01  0.5662159E+00  0.3501297E-01 -0.3830359E-01  0.1003072E-02  0.6156359E-05 -0.5319142E-07  0.4126178E+02 -0.1982146E+01 -0.2153204E+01
