  0.1220486E+02 -0.4358949E+02 -0.1658435E+00  0.8325345E-01  0.5096888E+00  0.4445288E-01 -0.3574537E-01  0.1148773E-02 -0.2389513E-03  0.1363121E-03  0.4092958E+02 -0.2223061E+01 -0.2190762E+01
  0.1222222E+02 -0.4356683E+02 -0.1598583E+00  0.8415594E-01  0.4902662E+00  0.2929848E-01 -0.3571453E-01  0.1147139E-02 -0.1351998E-03  0.5638082E-04  0.4092599E+02 -0.2231622E+01 -0.2190923E+01
  0.1223958E+02 -0.4355994E+02 -0.1556871E+00  0.8479351E-01  0.5022975E+00  0.2294135E-01 -0.3566759E-01  0.1145242E-02  0.2340913E-05 -0.5333699E-04  0.4092252E+02 -0.2217649E+01 -0.2191258E+01
  0.1225694E+02 -0.4356452E+02 -0.1547229E+00  0.8500744E-01  0.5249362E+00  0.2567286E-01 -0.3561283E-01  0.1144191E-02  0.5828858E-04 -0.7997030E-04  0.4091937E+02 -0.2198747E+01 -0.2191749E+01
  0.1227431E+02 -0.4357288E+02 -0.1572699E+00  0.8473559E-01  0.5401463E+00  0.3385811E-01 -0.3556589E-01  0.1144867E-02  0.7460341E-04 -0.3483090E-04  0.4091642E+02 -0.2189367E+01 -0.2192316E+01
  0.1229167E+02 -0.4358154E+02 -0.1617211E+00  0.8415749E-01  0.5473313E+00  0.4410587E-01 -0.3554185E-01  0.1147375E-02  0.5269115E-04  0.9990657E-05  0.4091355E+02 -0.2188448E+01 -0.2192812E+01
  0.1230903E+02 -0.4358982E+02 -0.1653748E+00  0.8368357E-01  0.5488614E+00  0.5519669E-01 -0.3554243E-01  0.1150806E-02  0.1876028E-04  0.1119569E-04  0.4091072E+02 -0.2191092E+01 -0.2193211E+01
  0.1232639E+02 -0.4359610E+02 -0.1662228E+00  0.8370245E-01  0.5475926E+00  0.6362570E-01 -0.3555460E-01  0.1154056E-02 -0.5796285E-05  0.1770396E-05  0.4090789E+02 -0.2193915E+01 -0.2193595E+01
  0.1234375E+02 -0.4359551E+02 -0.1639755E+00  0.8432655E-01  0.5474393E+00  0.6552049E-01 -0.3556228E-01  0.1156454E-02 -0.1582877E-04  0.1005394E-04  0.4090513E+02 -0.2191487E+01 -0.2193920E+01
  0.1236111E+02 -0.4358568E+02 -0.1598115E+00  0.8533527E-01  0.5383588E+00  0.6003745E-01 -0.3555507E-01  0.1158141E-02 -0.9800672E-04  0.3264234E-04  0.4090249E+02 -0.2193732E+01 -0.2194056E+01
  0.1237847E+02 -0.4356791E+02 -0.1554764E+00  0.8643688E-01  0.5177280E+00  0.4863573E-01 -0.3553013E-01  0.1158396E-02 -0.1361243E-03  0.3617515E-04  0.4089978E+02 -0.2205278E+01 -0.2194154E+01
  0.1239583E+02 -0.4355524E+02 -0.1525543E+00  0.8748566E-01  0.5168483E+00  0.3935504E-01 -0.3549130E-01  0.1157760E-02 -0.1353214E-04 -0.3901778E-05  0.4089697E+02 -0.2201483E+01 -0.2194506E+01
  0.1241319E+02 -0.4355723E+02 -0.1520645E+00  0.8842197E-01  0.5376386E+00  0.3924509E-01 -0.3544461E-01  0.1158129E-02  0.2411440E-04 -0.1770492E-04  0.4089442E+02 -0.2183850E+01 -0.2195067E+01
  0.1243056E+02 -0.4356113E+02 -0.1545496E+00  0.8906160E-01  0.5521698E+00  0.4275488E-01 -0.3539489E-01  0.1158860E-02  0.4716499E-04 -0.1640819E-04  0.4089211E+02 -0.2173790E+01 -0.2195613E+01
  0.1244792E+02 -0.4356449E+02 -0.1601023E+00  0.8905942E-01  0.5698265E+00  0.4710857E-01 -0.3535187E-01  0.1158606E-02  0.1044310E-03 -0.1386515E-04  0.4088985E+02 -0.2162849E+01 -0.2196061E+01
  0.1246528E+02 -0.4357589E+02 -0.1672731E+00  0.8843580E-01  0.5882891E+00  0.5738165E-01 -0.3533083E-01  0.1159362E-02  0.7815964E-04 -0.2331467E-05  0.4088769E+02 -0.2155461E+01 -0.2196379E+01
  0.1248264E+02 -0.4358576E+02 -0.1728860E+00  0.8781682E-01  0.5946064E+00  0.6856779E-01 -0.3533620E-01  0.1162386E-02  0.9754802E-04  0.2382134E-05  0.4088541E+02 -0.2156320E+01 -0.2196542E+01
  0.1250000E+02 -0.4358741E+02 -0.1744615E+00  0.8772922E-01  0.5916467E+00  0.7159965E-01 -0.3535283E-01  0.1166256E-02  0.5457755E-04  0.1093404E-04  0.4088302E+02 -0.2161988E+01 -0.2196627E+01
