  0.2907986E+02 -0.1782713E-01  0.2244706E+00 -0.2996282E-01 -0.1021665E+00  0.3214766E-01  0.2873511E+01 -0.5233097E-03  0.5059352E-05  0.1324367E+01 -0.9830348E-02  0.4294191E+01
  0.2909722E+02 -0.1781776E-01  0.2245373E+00 -0.2997708E-01 -0.1020176E+00  0.3346863E-01  0.3046709E+01 -0.3255076E-03 -0.7058063E-06  0.1329202E+01  0.2254170E-01  0.4506320E+01
  0.2911458E+02 -0.1780876E-01  0.2245998E+00 -0.2999195E-01 -0.1018763E+00  0.3707184E-01  0.3074912E+01  0.2179495E-03 -0.1046787E-04  0.1332466E+01  0.2567596E-01  0.4545256E+01
  0.2913194E+02 -0.1779932E-01  0.2246595E+00 -0.3000537E-01 -0.1018095E+00  0.3644850E-01  0.2963903E+01  0.4374531E-03 -0.1948584E-04  0.1332428E+01 -0.5270150E-02  0.4402973E+01
  0.2914931E+02 -0.1779041E-01  0.2247203E+00 -0.3001576E-01 -0.1017411E+00  0.3333654E-01  0.2830340E+01  0.4207014E-03 -0.1536640E-04  0.1328548E+01 -0.6184955E-01  0.4205954E+01
  0.2916667E+02 -0.1778645E-01  0.2247830E+00 -0.3002401E-01 -0.1016305E+00  0.2740530E-01  0.2638152E+01  0.6189353E-03 -0.9685120E-05  0.1322742E+01 -0.1186291E+00  0.3945622E+01
  0.2918403E+02 -0.1778430E-01  0.2248504E+00 -0.3003073E-01 -0.1015340E+00  0.2237646E-01  0.2331777E+01  0.7315718E-03 -0.1481665E-05  0.1316589E+01 -0.1512410E+00  0.3595733E+01
  0.2920139E+02 -0.1778204E-01  0.2249205E+00 -0.3003665E-01 -0.1014582E+00  0.1325519E-01  0.2043779E+01  0.4203982E-03  0.1356226E-04  0.1312192E+01 -0.1392854E+00  0.3306018E+01
  0.2921875E+02 -0.1777578E-01  0.2249912E+00 -0.3004263E-01 -0.1014232E+00  0.7517268E-02  0.1976856E+01 -0.2290908E-03  0.2017785E-04  0.1308577E+01 -0.8812172E-01  0.3280369E+01
  0.2923611E+02 -0.1776668E-01  0.2250568E+00 -0.3004936E-01 -0.1014211E+00  0.6663577E-02  0.2160882E+01 -0.5954837E-03  0.1411322E-04  0.1305398E+01 -0.3109760E-01  0.3517085E+01
  0.2925347E+02 -0.1775642E-01  0.2251165E+00 -0.3005757E-01 -0.1013671E+00  0.1693541E-01  0.2423384E+01 -0.5036138E-03  0.7546439E-05  0.1304501E+01  0.1255421E-01  0.3832815E+01
  0.2927083E+02 -0.1774772E-01  0.2251719E+00 -0.3006726E-01 -0.1012798E+00  0.3368304E-01  0.2765824E+01 -0.9055681E-03  0.1006509E-04  0.1307388E+01  0.5140496E-01  0.4233482E+01
  0.2928819E+02 -0.1773887E-01  0.2252285E+00 -0.3007768E-01 -0.1012556E+00  0.4991539E-01  0.3202487E+01 -0.8511643E-03  0.1898726E-04  0.1312197E+01  0.5745819E-01  0.4697381E+01
  0.2930556E+02 -0.1773410E-01  0.2252890E+00 -0.3008784E-01 -0.1012226E+00  0.5661327E-01  0.3454527E+01 -0.1033345E-03  0.1143163E-04  0.1315900E+01  0.1791903E-01  0.4921112E+01
  0.2932292E+02 -0.1772800E-01  0.2253562E+00 -0.3009693E-01 -0.1010918E+00  0.5605433E-01  0.3368737E+01  0.5526921E-03 -0.2050932E-05  0.1316273E+01 -0.2881251E-01  0.4789242E+01
  0.2934028E+02 -0.1772232E-01  0.2254280E+00 -0.3010568E-01 -0.1008405E+00  0.4178005E-01  0.3105272E+01  0.6112738E-03 -0.6957519E-07  0.1313626E+01 -0.7004083E-01  0.4468007E+01
  0.2935764E+02 -0.1772066E-01  0.2255041E+00 -0.3011549E-01 -0.1005933E+00  0.2767622E-01  0.2753092E+01  0.8266506E-03 -0.1916929E-05  0.1307561E+01 -0.1015401E+00  0.4064689E+01
  0.2937500E+02 -0.1771985E-01  0.2255801E+00 -0.3012599E-01 -0.1026773E+00  0.1720543E-01  0.2351397E+01  0.7294249E-03 -0.7923593E-05  0.1300087E+01 -0.1031620E+00  0.3641306E+01
