  0.1345486E+02 -0.2170158E-01  0.2272944E+00 -0.1370095E-01 -0.2002124E+00 -0.8726218E-01  0.2401344E+01  0.2005199E-03 -0.2844992E-04  0.1019464E+01  0.3327724E-01  0.3358675E+01
  0.1347222E+02 -0.2168686E-01  0.2272532E+00 -0.1371080E-01 -0.2001969E+00 -0.8587226E-01  0.2385911E+01 -0.1715109E-03 -0.2808327E-04  0.1017368E+01  0.6645845E-01  0.3375324E+01
  0.1348958E+02 -0.2167304E-01  0.2272091E+00 -0.1372132E-01 -0.2001717E+00 -0.8440089E-01  0.2520549E+01 -0.6155481E-03 -0.1808231E-05  0.1015431E+01  0.8167845E-01  0.3524284E+01
  0.1350694E+02 -0.2166431E-01  0.2271645E+00 -0.1373360E-01 -0.2001239E+00 -0.8346722E-01  0.2812016E+01 -0.1043484E-02  0.2534394E-04  0.1014427E+01  0.9362397E-01  0.3827224E+01
  0.1352431E+02 -0.2166048E-01  0.2271218E+00 -0.1374844E-01 -0.2000577E+00 -0.8358958E-01  0.3243903E+01 -0.1384454E-02  0.2902867E-04  0.1015016E+01  0.1210804E+00  0.4286710E+01
  0.1354167E+02 -0.2166083E-01  0.2270823E+00 -0.1376617E-01 -0.1999986E+00 -0.8480516E-01  0.3654516E+01 -0.8292129E-03  0.1140207E-04  0.1017702E+01  0.1300648E+00  0.4708316E+01
  0.1355903E+02 -0.2166591E-01  0.2270455E+00 -0.1378482E-01 -0.1999502E+00 -0.8618461E-01  0.3725481E+01  0.4954895E-03 -0.1175494E-04  0.1022484E+01  0.1083730E+00  0.4762282E+01
  0.1357639E+02 -0.2167027E-01  0.2270083E+00 -0.1380215E-01 -0.1999119E+00 -0.8655362E-01  0.3443046E+01  0.9914622E-03 -0.1483072E-04  0.1027762E+01  0.1066647E+00  0.4483520E+01
  0.1359375E+02 -0.2166902E-01  0.2269686E+00 -0.1381787E-01 -0.1998908E+00 -0.8568147E-01  0.3215155E+01  0.2284557E-03 -0.5685421E-05  0.1031688E+01  0.1429178E+00  0.4295893E+01
  0.1361111E+02 -0.2166762E-01  0.2269277E+00 -0.1383329E-01 -0.1998631E+00 -0.8390031E-01  0.3194060E+01 -0.9117589E-04 -0.4590542E-05  0.1034402E+01  0.1694389E+00  0.4305469E+01
  0.1362847E+02 -0.2166370E-01  0.2268879E+00 -0.1384928E-01 -0.1998087E+00 -0.8166135E-01  0.3232257E+01 -0.1405700E-03 -0.2416328E-05  0.1035339E+01  0.1549527E+00  0.4332311E+01
  0.1364583E+02 -0.2165821E-01  0.2268484E+00 -0.1386662E-01 -0.1997289E+00 -0.7963054E-01  0.3317851E+01 -0.3774372E-03  0.6861584E-05  0.1034388E+01  0.1301098E+00  0.4393943E+01
  0.1366319E+02 -0.2165086E-01  0.2268079E+00 -0.1388597E-01 -0.1996359E+00 -0.7775493E-01  0.3421648E+01 -0.3283486E-03  0.1113875E-04  0.1033670E+01  0.1335487E+00  0.4502429E+01
  0.1368056E+02 -0.2163809E-01  0.2267660E+00 -0.1390705E-01 -0.1995545E+00 -0.7570697E-01  0.3542876E+01 -0.5550842E-03  0.3342275E-05  0.1034813E+01  0.1573816E+00  0.4650479E+01
  0.1369792E+02 -0.2162222E-01  0.2267220E+00 -0.1392957E-01 -0.1995175E+00 -0.7370035E-01  0.3705817E+01 -0.5129853E-03 -0.1396090E-05  0.1037721E+01  0.1751136E+00  0.4836090E+01
  0.1371528E+02 -0.2160460E-01  0.2266745E+00 -0.1395218E-01 -0.1995052E+00 -0.7226009E-01  0.3775929E+01  0.6852840E-04  0.2020722E-05  0.1041791E+01  0.1704864E+00  0.4907629E+01
  0.1373264E+02 -0.2158759E-01  0.2266237E+00 -0.1397404E-01 -0.1995050E+00 -0.7172447E-01  0.3674919E+01  0.5260459E-03 -0.8733856E-05  0.1046320E+01  0.1473470E+00  0.4788936E+01
  0.1375000E+02 -0.2157649E-01  0.2265707E+00 -0.1399480E-01 -0.2001625E+00 -0.7182704E-01  0.3498537E+01  0.5314181E-03 -0.2683974E-04  0.1050474E+01  0.1219960E+00  0.4590522E+01
