  0.9079861E+01 -0.4393412E+02 -0.1950748E+00  0.6009470E-02  0.5314139E+00  0.3205688E-01 -0.4058143E-01  0.9023234E-03 -0.6235302E-04  0.4061520E-04  0.4148256E+02 -0.2116858E+01 -0.2121527E+01
  0.9097222E+01 -0.4392768E+02 -0.1906700E+00  0.6666072E-02  0.5065569E+00  0.3132491E-01 -0.4056026E-01  0.9042559E-03 -0.1460569E-03  0.5095576E-04  0.4147875E+02 -0.2134800E+01 -0.2121900E+01
  0.9114583E+01 -0.4391699E+02 -0.1857632E+00  0.7278360E-02  0.4792237E+00  0.2902498E-01 -0.4052852E-01  0.9064410E-03 -0.1767454E-03  0.5762885E-04  0.4147469E+02 -0.2152276E+01 -0.2122314E+01
  0.9131944E+01 -0.4390302E+02 -0.1814182E+00  0.7934642E-02  0.4697704E+00  0.2167882E-01 -0.4048597E-01  0.9083987E-03 -0.1101076E-03  0.6153691E-04  0.4147050E+02 -0.2154181E+01 -0.2122816E+01
  0.9149306E+01 -0.4389705E+02 -0.1785343E+00  0.8585002E-02  0.4924339E+00  0.1603662E-01 -0.4043348E-01  0.9093771E-03 -0.4107624E-06  0.3781849E-04  0.4146655E+02 -0.2131465E+01 -0.2123517E+01
  0.9166667E+01 -0.4390510E+02 -0.1777442E+00  0.9092683E-02  0.5367212E+00  0.1950995E-01 -0.4037785E-01  0.9094184E-03  0.8068578E-04 -0.1958250E-04  0.4146319E+02 -0.2093734E+01 -0.2124339E+01
  0.9184028E+01 -0.4391692E+02 -0.1788051E+00  0.9484887E-02  0.5742211E+00  0.2864284E-01 -0.4032882E-01  0.9094069E-03  0.7971365E-04 -0.4614281E-04  0.4146047E+02 -0.2062288E+01 -0.2125115E+01
  0.9201389E+01 -0.4392641E+02 -0.1807297E+00  0.9850208E-02  0.5912335E+00  0.3698117E-01 -0.4029423E-01  0.9109402E-03  0.9029079E-04 -0.4111102E-04  0.4145809E+02 -0.2050321E+01 -0.2125704E+01
  0.9218750E+01 -0.4392813E+02 -0.1819698E+00  0.1034311E-01  0.5861308E+00  0.3958922E-01 -0.4027473E-01  0.9149868E-03 -0.2359633E-05  0.9295545E-05  0.4145581E+02 -0.2057578E+01 -0.2126037E+01
  0.9236111E+01 -0.4392191E+02 -0.1815052E+00  0.1104020E-01  0.5598261E+00  0.3789507E-01 -0.4026113E-01  0.9194248E-03 -0.8834911E-04  0.6708020E-04  0.4145335E+02 -0.2080672E+01 -0.2126298E+01
  0.9253472E+01 -0.4391737E+02 -0.1794581E+00  0.1176295E-01  0.5327929E+00  0.3732004E-01 -0.4024245E-01  0.9218772E-03 -0.8371601E-04  0.7096461E-04  0.4145046E+02 -0.2103819E+01 -0.2126664E+01
  0.9270833E+01 -0.4390819E+02 -0.1767526E+00  0.1226553E-01  0.5119518E+00  0.3470897E-01 -0.4021344E-01  0.9231755E-03 -0.9711956E-04  0.5298805E-04  0.4144726E+02 -0.2118090E+01 -0.2127021E+01
  0.9288194E+01 -0.4389327E+02 -0.1743623E+00  0.1257472E-01  0.4939475E+00  0.2706483E-01 -0.4017320E-01  0.9243312E-03 -0.8732425E-04  0.5428164E-04  0.4144377E+02 -0.2129555E+01 -0.2127330E+01
  0.9305556E+01 -0.4388319E+02 -0.1733118E+00  0.1290998E-01  0.4949989E+00  0.1929412E-01 -0.4012203E-01  0.9245756E-03 -0.1353430E-04  0.3684094E-04  0.4144014E+02 -0.2128334E+01 -0.2127738E+01
  0.9322917E+01 -0.4387857E+02 -0.1745214E+00  0.1334330E-01  0.5225163E+00  0.1380881E-01 -0.4006154E-01  0.9237769E-03  0.7869526E-04 -0.1615315E-04  0.4143676E+02 -0.2105738E+01 -0.2128356E+01
  0.9340278E+01 -0.4388057E+02 -0.1786653E+00  0.1382219E-01  0.5650823E+00  0.1203651E-01 -0.3999923E-01  0.9227562E-03  0.1555829E-03 -0.4572621E-04  0.4143390E+02 -0.2073369E+01 -0.2129223E+01
  0.9357639E+01 -0.4389195E+02 -0.1853089E+00  0.1426116E-01  0.6075277E+00  0.1884912E-01 -0.3994861E-01  0.9239227E-03  0.2025520E-03 -0.5608657E-04  0.4143158E+02 -0.2043916E+01 -0.2130112E+01
  0.9375000E+01 -0.4897126E+02 -0.1926624E+00  0.1462324E-01  0.5943560E+00  0.3099486E-01 -0.3992047E-01  0.9283840E-03  0.1603149E-03 -0.2431582E-04  0.4142962E+02 -0.7133184E+01 -0.2130690E+01
