  0.1095486E+02 -0.4374440E+02 -0.1850247E+00  0.5441501E-01  0.5836944E+00  0.4458951E-01 -0.3732493E-01  0.1055728E-02  0.6290833E-04  0.2747515E-04  0.4114365E+02 -0.2139257E+01 -0.2167401E+01
  0.1097222E+02 -0.4374042E+02 -0.1858543E+00  0.5452410E-01  0.5816795E+00  0.4077288E-01 -0.3731454E-01  0.1055348E-02  0.2111008E-04 -0.1861098E-04  0.4114072E+02 -0.2144840E+01 -0.2167778E+01
  0.1098958E+02 -0.4374392E+02 -0.1854433E+00  0.5476194E-01  0.5778260E+00  0.4507721E-01 -0.3730201E-01  0.1056840E-02  0.9030650E-05 -0.5298559E-04  0.4113775E+02 -0.2150234E+01 -0.2168255E+01
  0.1100694E+02 -0.4375144E+02 -0.1842540E+00  0.5516766E-01  0.5747772E+00  0.5365086E-01 -0.3728544E-01  0.1059851E-02  0.1101296E-04 -0.3752326E-04  0.4113485E+02 -0.2153495E+01 -0.2168634E+01
  0.1102431E+02 -0.4375236E+02 -0.1828344E+00  0.5574985E-01  0.5656070E+00  0.5739018E-01 -0.3726245E-01  0.1063613E-02 -0.4354614E-04  0.2831130E-04  0.4113196E+02 -0.2160693E+01 -0.2168857E+01
  0.1104167E+02 -0.4374476E+02 -0.1818443E+00  0.5638155E-01  0.5458417E+00  0.5359374E-01 -0.3723252E-01  0.1066920E-02 -0.6425861E-04  0.5559099E-04  0.4112893E+02 -0.2178028E+01 -0.2169040E+01
  0.1105903E+02 -0.4373466E+02 -0.1816875E+00  0.5693616E-01  0.5257069E+00  0.4802514E-01 -0.3719868E-01  0.1069138E-02 -0.1126382E-04  0.2417226E-04  0.4112562E+02 -0.2196174E+01 -0.2169287E+01
  0.1107639E+02 -0.4372809E+02 -0.1823888E+00  0.5733220E-01  0.5201254E+00  0.4581678E-01 -0.3716661E-01  0.1070185E-02  0.2038828E-04  0.1849119E-04  0.4112207E+02 -0.2201184E+01 -0.2169667E+01
  0.1109375E+02 -0.4372821E+02 -0.1834056E+00  0.5755056E-01  0.5343395E+00  0.4635297E-01 -0.3714284E-01  0.1070619E-02  0.1214519E-04  0.4214109E-04  0.4111845E+02 -0.2190935E+01 -0.2170113E+01
  0.1111111E+02 -0.4372553E+02 -0.1836627E+00  0.5779556E-01  0.5602609E+00  0.4440068E-01 -0.3712819E-01  0.1071535E-02 -0.1219588E-04  0.5691189E-04  0.4111502E+02 -0.2167729E+01 -0.2170484E+01
  0.1112847E+02 -0.4371713E+02 -0.1826442E+00  0.5818437E-01  0.5831109E+00  0.3879879E-01 -0.3711439E-01  0.1072986E-02 -0.3938120E-04  0.5204666E-04  0.4111194E+02 -0.2143763E+01 -0.2170791E+01
  0.1114583E+02 -0.4370991E+02 -0.1808053E+00  0.5865151E-01  0.5907578E+00  0.3521821E-01 -0.3709199E-01  0.1074495E-02 -0.5543955E-04  0.2913365E-04  0.4110916E+02 -0.2132978E+01 -0.2171109E+01
  0.1116319E+02 -0.4370672E+02 -0.1790904E+00  0.5914123E-01  0.5833431E+00  0.3532063E-01 -0.3705948E-01  0.1075702E-02 -0.5650460E-04  0.2328946E-04  0.4110648E+02 -0.2137548E+01 -0.2171487E+01
  0.1118056E+02 -0.4370506E+02 -0.1781702E+00  0.5955479E-01  0.5761331E+00  0.3537429E-01 -0.3702394E-01  0.1076668E-02 -0.1634745E-04  0.2163315E-04  0.4110374E+02 -0.2144373E+01 -0.2171950E+01
  0.1119792E+02 -0.4370764E+02 -0.1778625E+00  0.5987745E-01  0.5778593E+00  0.3685595E-01 -0.3699342E-01  0.1077925E-02  0.5517506E-04 -0.2166918E-04  0.4110100E+02 -0.2145787E+01 -0.2172445E+01
  0.1121528E+02 -0.4371635E+02 -0.1775603E+00  0.6021644E-01  0.5775253E+00  0.4260631E-01 -0.3696894E-01  0.1079217E-02  0.9248720E-04 -0.9932846E-04  0.4109836E+02 -0.2151098E+01 -0.2172880E+01
  0.1123264E+02 -0.4372041E+02 -0.1770210E+00  0.6061924E-01  0.5537942E+00  0.4806549E-01 -0.3694752E-01  0.1080375E-02  0.1693717E-05 -0.1039950E-03  0.4109564E+02 -0.2175273E+01 -0.2173205E+01
  0.1125000E+02 -0.4371390E+02 -0.1762389E+00  0.6105700E-01  0.5092918E+00  0.4910644E-01 -0.3692767E-01  0.1082098E-02 -0.1158033E-03  0.1334113E-04  0.4109246E+02 -0.2214165E+01 -0.2173482E+01
