  0.2204861E+01 -0.2406883E-01  0.1484750E+00 -0.3103088E-02 -0.1825542E+00 -0.1979685E-01  0.3936897E+01  0.6568950E-04 -0.7239653E-05  0.2623941E+00  0.1524705E+00  0.4270772E+01
  0.2222222E+01 -0.2415282E-01  0.1487769E+00 -0.3121008E-02 -0.1826026E+00 -0.2002264E-01  0.3948590E+01 -0.1077219E-03 -0.6970376E-05  0.2653068E+00  0.1601433E+00  0.4292803E+01
  0.2239583E+01 -0.2423412E-01  0.1490769E+00 -0.3139108E-02 -0.1826530E+00 -0.2009857E-01  0.3970881E+01 -0.5634423E-04 -0.6596105E-05  0.2680911E+00  0.1754633E+00  0.4333325E+01
  0.2256944E+01 -0.2431246E-01  0.1493747E+00 -0.3157288E-02 -0.1827049E+00 -0.2000970E-01  0.3984699E+01 -0.7999116E-04 -0.7964966E-05  0.2707721E+00  0.1937192E+00  0.4368293E+01
  0.2274306E+01 -0.2439049E-01  0.1496692E+00 -0.3175611E-02 -0.1827547E+00 -0.1978623E-01  0.3999393E+01 -0.7024620E-04 -0.1046773E-04  0.2733732E+00  0.2038400E+00  0.4396088E+01
  0.2291667E+01 -0.2446901E-01  0.1499597E+00 -0.3194098E-02 -0.1828014E+00 -0.1950993E-01  0.4005625E+01  0.1638655E-04 -0.1675140E-04  0.2759842E+00  0.2007135E+00  0.4402308E+01
  0.2309028E+01 -0.2454608E-01  0.1502460E+00 -0.3212641E-02 -0.1828476E+00 -0.1938524E-01  0.3977283E+01  0.2502943E-03 -0.1943587E-04  0.2788539E+00  0.1856526E+00  0.4362275E+01
  0.2326389E+01 -0.2462091E-01  0.1505283E+00 -0.3230979E-02 -0.1828943E+00 -0.1955811E-01  0.3898498E+01  0.4356744E-03 -0.9172391E-05  0.2821953E+00  0.1702417E+00  0.4271586E+01
  0.2343750E+01 -0.2469202E-01  0.1508071E+00 -0.3248733E-02 -0.1829432E+00 -0.2001242E-01  0.3803613E+01  0.3617225E-03  0.4745554E-05  0.2855504E+00  0.1703180E+00  0.4179759E+01
  0.2361111E+01 -0.2475972E-01  0.1510832E+00 -0.3265858E-02 -0.1829947E+00 -0.2050344E-01  0.3747690E+01  0.1134154E-03  0.1000124E-05  0.2884554E+00  0.1857344E+00  0.4141554E+01
  0.2378472E+01 -0.2482653E-01  0.1513575E+00 -0.3282715E-02 -0.1830464E+00 -0.2075750E-01  0.3755561E+01 -0.1584163E-03 -0.1691176E-04  0.2908857E+00  0.2066646E+00  0.4172380E+01
  0.2395833E+01 -0.2489379E-01  0.1516303E+00 -0.3299759E-02 -0.1830964E+00 -0.2067256E-01  0.3812507E+01 -0.2987165E-03 -0.1887309E-04  0.2931168E+00  0.2229435E+00  0.4247917E+01
  0.2413194E+01 -0.2496237E-01  0.1519015E+00 -0.3317244E-02 -0.1831440E+00 -0.2039771E-01  0.3885417E+01 -0.2732339E-03 -0.5287139E-05  0.2953374E+00  0.2263219E+00  0.4326878E+01
  0.2430556E+01 -0.2503240E-01  0.1521711E+00 -0.3335256E-02 -0.1831888E+00 -0.2021806E-01  0.3930052E+01 -0.3795369E-04  0.6813095E-05  0.2978646E+00  0.2145749E+00  0.4362857E+01
  0.2447917E+01 -0.2510275E-01  0.1524397E+00 -0.3353489E-02 -0.1832322E+00 -0.2029739E-01  0.3922103E+01  0.1502886E-03  0.6616144E-05  0.3009316E+00  0.1995900E+00  0.4343236E+01
  0.2465278E+01 -0.2516919E-01  0.1527079E+00 -0.3371562E-02 -0.1832790E+00 -0.2062950E-01  0.3888964E+01  0.1402121E-03  0.2413652E-05  0.3040690E+00  0.1951235E+00  0.4308558E+01
  0.2482639E+01 -0.2522948E-01  0.1529761E+00 -0.3389361E-02 -0.1833323E+00 -0.2103024E-01  0.3840339E+01  0.2316025E-03 -0.1997875E-05  0.3070795E+00  0.1982699E+00  0.4265913E+01
  0.2500000E+01 -0.2528565E-01  0.1532431E+00 -0.3406707E-02 -0.1833885E+00 -0.2129078E-01  0.3800036E+01  0.4675603E-04 -0.1239454E-04  0.3099627E+00  0.2029078E+00  0.4232812E+01
