  0.1564236E+02 -0.2076986E-01  0.2213855E+00 -0.1590665E-01 -0.1929930E+00 -0.6098872E-01  0.2412139E+01  0.1076820E-02  0.2699147E-04  0.1191503E+01  0.7505373E-01  0.3610527E+01
  0.1565972E+02 -0.2075935E-01  0.2213447E+00 -0.1592596E-01 -0.1929513E+00 -0.6217484E-01  0.2046690E+01  0.6941970E-03  0.1999405E-04  0.1192812E+01  0.3557104E-01  0.3205320E+01
  0.1567708E+02 -0.2074788E-01  0.2213012E+00 -0.1594268E-01 -0.1929197E+00 -0.6213412E-01  0.1934379E+01 -0.1997997E-03  0.8319873E-05  0.1192683E+01  0.1123211E-01  0.3067659E+01
  0.1569444E+02 -0.2073814E-01  0.2212549E+00 -0.1595873E-01 -0.1928708E+00 -0.6224374E-01  0.2073474E+01 -0.4894212E-03 -0.6980944E-05  0.1192177E+01  0.1324612E-01  0.3207843E+01
  0.1571181E+02 -0.2073367E-01  0.2212076E+00 -0.1597537E-01 -0.1927848E+00 -0.6221795E-01  0.2299842E+01 -0.5946158E-03 -0.1322800E-04  0.1194246E+01  0.3630882E-01  0.3459284E+01
  0.1572917E+02 -0.2073298E-01  0.2211605E+00 -0.1599259E-01 -0.1926696E+00 -0.6148127E-01  0.2644481E+01 -0.1023793E-02 -0.6841118E-05  0.1198741E+01  0.7718214E-01  0.3849657E+01
  0.1574653E+02 -0.2073130E-01  0.2211144E+00 -0.1601090E-01 -0.1925361E+00 -0.6096318E-01  0.3074786E+01 -0.9210519E-03  0.4379425E-05  0.1203192E+01  0.1191904E+00  0.4327125E+01
  0.1576389E+02 -0.2073024E-01  0.2210707E+00 -0.1603037E-01 -0.1924202E+00 -0.6214239E-01  0.3342025E+01 -0.1372592E-03  0.6314178E-05  0.1206675E+01  0.1214551E+00  0.4599772E+01
  0.1578125E+02 -0.2072610E-01  0.2210298E+00 -0.1604910E-01 -0.1923701E+00 -0.6498090E-01  0.3328892E+01  0.4498541E-03 -0.6363288E-05  0.1209781E+01  0.7607839E-01  0.4542098E+01
  0.1579861E+02 -0.2071461E-01  0.2209910E+00 -0.1606526E-01 -0.1923877E+00 -0.6783140E-01  0.3028212E+01  0.1113510E-02 -0.1337722E-04  0.1211463E+01  0.2088736E-01  0.4185655E+01
  0.1581597E+02 -0.2069773E-01  0.2209528E+00 -0.1607863E-01 -0.1924105E+00 -0.6960769E-01  0.2597312E+01  0.8996404E-03  0.2229080E-05  0.1210781E+01 -0.2202236E-01  0.3709130E+01
  0.1583333E+02 -0.2068052E-01  0.2209144E+00 -0.1609091E-01 -0.1924128E+00 -0.7043576E-01  0.2318989E+01  0.2263526E-03  0.2091537E-04  0.1208206E+01 -0.2925895E-01  0.3419478E+01
  0.1585069E+02 -0.2066666E-01  0.2208761E+00 -0.1610388E-01 -0.1923930E+00 -0.7053008E-01  0.2269039E+01 -0.2810059E-03  0.1788499E-04  0.1206011E+01 -0.1399413E-02  0.3394571E+01
  0.1586806E+02 -0.2066113E-01  0.2208378E+00 -0.1611853E-01 -0.1923291E+00 -0.6982882E-01  0.2345547E+01 -0.3144634E-03  0.5651223E-05  0.1207190E+01  0.1740103E-01  0.3491729E+01
  0.1588542E+02 -0.2066300E-01  0.2208011E+00 -0.1613523E-01 -0.1922160E+00 -0.6862389E-01  0.2410765E+01 -0.1388219E-03  0.4013955E-05  0.1211291E+01  0.2860686E-01  0.3573691E+01
  0.1590278E+02 -0.2066740E-01  0.2207659E+00 -0.1615368E-01 -0.1921037E+00 -0.6737967E-01  0.2488708E+01 -0.2983400E-03  0.9694240E-05  0.1215428E+01  0.5948156E-01  0.3687791E+01
  0.1592014E+02 -0.2066880E-01  0.2207312E+00 -0.1617250E-01 -0.1920570E+00 -0.6605811E-01  0.2763323E+01 -0.9294253E-03  0.5357307E-05  0.1218524E+01  0.1141949E+00  0.4020893E+01
  0.1593750E+02 -0.2065904E-01  0.2206971E+00 -0.1619001E-01 -0.1929984E+00 -0.6407468E-01  0.3254619E+01 -0.1157316E-02 -0.1034147E-04  0.1221652E+01  0.1557099E+00  0.4557589E+01
