  0.8142361E+01 -0.2606340E-01  0.2221872E+00 -0.8954490E-02 -0.2045707E+00 -0.4986674E-01  0.3139219E+01  0.1057828E-03  0.6550585E-05  0.7218949E+00  0.2175998E+00  0.4011558E+01
  0.8159722E+01 -0.2605356E-01  0.2222855E+00 -0.8970126E-02 -0.2045743E+00 -0.5015087E-01  0.3093213E+01  0.1220072E-03 -0.8204492E-06  0.7239430E+00  0.2240397E+00  0.3973853E+01
  0.8177083E+01 -0.2604999E-01  0.2223825E+00 -0.8985746E-02 -0.2045723E+00 -0.5104326E-01  0.3113081E+01 -0.2276839E-03 -0.6445295E-05  0.7270286E+00  0.2262197E+00  0.3997827E+01
  0.8194444E+01 -0.2604300E-01  0.2224765E+00 -0.9001565E-02 -0.2045905E+00 -0.5213688E-01  0.3159444E+01  0.2981260E-04 -0.8238828E-05  0.7291083E+00  0.2121882E+00  0.4031466E+01
  0.8211806E+01 -0.2603221E-01  0.2225679E+00 -0.9017225E-02 -0.2046120E+00 -0.5263903E-01  0.3076555E+01  0.5741846E-03  0.3914448E-05  0.7294827E+00  0.1859627E+00  0.3922846E+01
  0.8229167E+01 -0.2602087E-01  0.2226582E+00 -0.9032267E-02 -0.2046221E+00 -0.5244384E-01  0.2900938E+01  0.5695414E-03  0.1344869E-04  0.7291258E+00  0.1737949E+00  0.3734981E+01
  0.8246528E+01 -0.2600645E-01  0.2227487E+00 -0.9046711E-02 -0.2046235E+00 -0.5202938E-01  0.2780754E+01  0.2028825E-03  0.1441108E-05  0.7289497E+00  0.1753720E+00  0.3616322E+01
  0.8263889E+01 -0.2598845E-01  0.2228387E+00 -0.9060924E-02 -0.2046209E+00 -0.5176869E-01  0.2777007E+01 -0.2046491E-03  0.6262039E-05  0.7284584E+00  0.1838185E+00  0.3620485E+01
  0.8281250E+01 -0.2596999E-01  0.2229283E+00 -0.9075536E-02 -0.2046200E+00 -0.5178573E-01  0.2856318E+01 -0.3674152E-03  0.2599898E-04  0.7276860E+00  0.1984511E+00  0.3713591E+01
  0.8298611E+01 -0.2595471E-01  0.2230177E+00 -0.9090967E-02 -0.2046214E+00 -0.5197222E-01  0.2918310E+01 -0.1249854E-03  0.2164876E-04  0.7285282E+00  0.2073686E+00  0.3785482E+01
  0.8315972E+01 -0.2594425E-01  0.2231061E+00 -0.9106725E-02 -0.2046219E+00 -0.5246231E-01  0.2943047E+01 -0.8007984E-04 -0.2062846E-05  0.7312905E+00  0.2218542E+00  0.3827081E+01
  0.8333333E+01 -0.2593644E-01  0.2231927E+00 -0.9122115E-02 -0.2046268E+00 -0.5318464E-01  0.3038360E+01 -0.4157651E-03 -0.3058365E-04  0.7342447E+00  0.2440559E+00  0.3946537E+01
  0.8350694E+01 -0.2593073E-01  0.2232775E+00 -0.9137213E-02 -0.2046414E+00 -0.5375206E-01  0.3223164E+01 -0.5376769E-03 -0.3581331E-04  0.7357887E+00  0.2530553E+00  0.4141251E+01
  0.8368056E+01 -0.2592799E-01  0.2233610E+00 -0.9152462E-02 -0.2046513E+00 -0.5385014E-01  0.3374367E+01 -0.2396068E-03 -0.9176799E-05  0.7361010E+00  0.2362844E+00  0.4276283E+01
  0.8385417E+01 -0.2592326E-01  0.2234436E+00 -0.9168217E-02 -0.2046629E+00 -0.5361034E-01  0.3329557E+01  0.5711275E-03  0.1332828E-04  0.7355946E+00  0.2066697E+00  0.4202484E+01
  0.8402778E+01 -0.2591244E-01  0.2235253E+00 -0.9183544E-02 -0.2046773E+00 -0.5355245E-01  0.3143760E+01  0.5665434E-03  0.1558518E-04  0.7343884E+00  0.1872616E+00  0.3996191E+01
  0.8420139E+01 -0.2589663E-01  0.2236069E+00 -0.9198305E-02 -0.2046924E+00 -0.5388822E-01  0.3084557E+01 -0.2024146E-03  0.1428581E-04  0.7336047E+00  0.1835243E+00  0.3931430E+01
  0.8437500E+01 -0.2587765E-01  0.2236884E+00 -0.9213920E-02 -0.2051607E+00 -0.5434059E-01  0.3175729E+01 -0.3790930E-03  0.5336475E-05  0.7338370E+00  0.1962605E+00  0.4034548E+01
