  0.8142361E+01 -0.4843727E+02 -0.1897411E+00 -0.2130216E-01  0.5304723E+00  0.2119332E-01 -0.4260515E-01  0.8124000E-03  0.6002063E-04  0.1272117E-04  0.4166519E+02 -0.6473179E+01 -0.2089480E+01
  0.8159722E+01 -0.4404887E+02 -0.1902384E+00 -0.2067621E-01  0.5392361E+00  0.2048010E-01 -0.4257291E-01  0.8144805E-03  0.2290563E-04  0.4004234E-05  0.4166180E+02 -0.2079995E+01 -0.2090139E+01
  0.8177083E+01 -0.4404106E+02 -0.1904279E+00 -0.2004892E-01  0.5349555E+00  0.1570582E-01 -0.4253374E-01  0.8176279E-03 -0.5788927E-04  0.2631250E-04  0.4165850E+02 -0.2084122E+01 -0.2090710E+01
  0.8194444E+01 -0.4403155E+02 -0.1907204E+00 -0.1950633E-01  0.5270439E+00  0.1203163E-01 -0.4249164E-01  0.8207287E-03 -0.4380960E-04  0.5046983E-04  0.4165507E+02 -0.2089292E+01 -0.2091197E+01
  0.8211806E+01 -0.4402636E+02 -0.1907992E+00 -0.1892728E-01  0.5336274E+00  0.9469413E-02 -0.4245101E-01  0.8233937E-03  0.1677160E-04  0.4942681E-04  0.4165160E+02 -0.2082951E+01 -0.2091655E+01
  0.8229167E+01 -0.4402355E+02 -0.1904781E+00 -0.1826687E-01  0.5481978E+00  0.6804853E-02 -0.4241026E-01  0.8254188E-03  0.2742524E-04  0.2623888E-04  0.4164828E+02 -0.2070550E+01 -0.2092214E+01
  0.8246528E+01 -0.4402693E+02 -0.1901110E+00 -0.1764427E-01  0.5581754E+00  0.9447838E-02 -0.4236749E-01  0.8264821E-03  0.1471533E-04  0.8223504E-05  0.4164512E+02 -0.2063466E+01 -0.2092968E+01
  0.8263889E+01 -0.4403447E+02 -0.1899456E+00 -0.1711953E-01  0.5593197E+00  0.1724931E-01 -0.4232527E-01  0.8267603E-03 -0.6047884E-05  0.9594016E-05  0.4164205E+02 -0.2064408E+01 -0.2093779E+01
  0.8281250E+01 -0.4403785E+02 -0.1897832E+00 -0.1658714E-01  0.5537489E+00  0.2279660E-01 -0.4228569E-01  0.8271962E-03 -0.2612819E-04  0.1923420E-04  0.4163899E+02 -0.2070145E+01 -0.2094534E+01
  0.8298611E+01 -0.4129498E+02 -0.1895912E+00 -0.1600360E-01  0.5497286E+00  0.2419781E-01 -0.4224614E-01  0.8281228E-03 -0.1556685E-04  0.4470283E-05  0.4163589E+02  0.6678122E+00 -0.2095233E+01
  0.8315972E+01 -0.3953757E+02 -0.1896371E+00 -0.1544739E-01  0.5479952E+00  0.2295759E-01 -0.4220418E-01  0.8292841E-03  0.2185527E-04 -0.3534515E-04  0.4163279E+02  0.2419700E+01 -0.2095863E+01
  0.8333333E+01 -0.4226978E+02 -0.1900854E+00 -0.1502870E-01  0.5404988E+00  0.2270636E-01 -0.4216214E-01  0.8317277E-03  0.2817721E-04 -0.3445875E-04  0.4162966E+02 -0.3233575E+00 -0.2096384E+01
  0.8350694E+01 -0.4401057E+02 -0.1905560E+00 -0.1469046E-01  0.5229308E+00  0.2267689E-01 -0.4212314E-01  0.8362756E-03 -0.2406500E-04  0.4190841E-04  0.4162630E+02 -0.2085182E+01 -0.2096798E+01
  0.8368056E+01 -0.4400214E+02 -0.1906548E+00 -0.1426302E-01  0.5064066E+00  0.2026280E-01 -0.4208479E-01  0.8406830E-03 -0.5018100E-04  0.1120677E-03  0.4162257E+02 -0.2099000E+01 -0.2097246E+01
  0.8385417E+01 -0.4399804E+02 -0.1905771E+00 -0.1372556E-01  0.5117055E+00  0.1750564E-01 -0.4204304E-01  0.8426894E-03  0.2867859E-04  0.8807513E-04  0.4161866E+02 -0.2095556E+01 -0.2097812E+01
  0.8402778E+01 -0.4399632E+02 -0.1908132E+00 -0.1317399E-01  0.5338370E+00  0.1563833E-01 -0.4199873E-01  0.8424846E-03  0.5716147E-04  0.2753617E-04  0.4161497E+02 -0.2076931E+01 -0.2098493E+01
  0.8420139E+01 -0.4399692E+02 -0.1915588E+00 -0.1267761E-01  0.5461026E+00  0.1765850E-01 -0.4195674E-01  0.8417184E-03  0.2148006E-05  0.1207293E-06  0.4161156E+02 -0.2066947E+01 -0.2099268E+01
  0.8437500E+01 -0.4400119E+02 -0.1923942E+00 -0.1222720E-01  0.5448921E+00  0.2394552E-01 -0.4192109E-01  0.8421643E-03 -0.3425130E-05 -0.1084101E-04  0.4160818E+02 -0.2069891E+01 -0.2099974E+01
