  0.2189236E+02 -0.4190422E+02  0.1095895E+00  0.3553628E+00 -0.3387509E-01 -0.1747929E-01 -0.3741806E-01  0.1596535E-02  0.1775378E-03 -0.1265567E-03  0.3940094E+02 -0.2125452E+01 -0.2163641E+01
  0.2190972E+02 -0.4192589E+02  0.1049120E+00  0.3536970E+00  0.3040932E-02 -0.5954158E-03 -0.3740083E-01  0.1594530E-02  0.1724084E-03 -0.1201988E-03  0.3939858E+02 -0.2102017E+01 -0.2163322E+01
  0.2192708E+02 -0.4193414E+02  0.9814301E-01  0.3516535E+00 -0.6768014E-02  0.1471112E-01 -0.3742074E-01  0.1596712E-02  0.4638847E-04 -0.1666524E-04  0.3939622E+02 -0.2115969E+01 -0.2162786E+01
  0.2194444E+02 -0.4192990E+02  0.9318777E-01  0.3503326E+00 -0.3222196E-01  0.2155075E-01 -0.3747014E-01  0.1602095E-02  0.3058281E-04  0.4751174E-04  0.3939334E+02 -0.2139494E+01 -0.2162215E+01
  0.2196181E+02 -0.4192457E+02  0.9198831E-01  0.3500994E+00 -0.4256043E-01  0.1901569E-01 -0.3753047E-01  0.1605774E-02 -0.9529881E-05  0.2484813E-04  0.3939011E+02 -0.2151828E+01 -0.2161686E+01
  0.2197917E+02 -0.4191300E+02  0.9514400E-01  0.3506476E+00 -0.6604449E-01  0.1085927E-01 -0.3758650E-01  0.1603417E-02 -0.1341097E-03  0.1838461E-04  0.3938664E+02 -0.2171853E+01 -0.2161199E+01
  0.2199653E+02 -0.4189425E+02  0.1022194E+00  0.3515344E+00 -0.1033772E+00  0.2178604E-02 -0.3762851E-01  0.1597467E-02 -0.1852611E-03  0.5525978E-04  0.3938279E+02 -0.2195066E+01 -0.2160773E+01
  0.2201389E+02 -0.4188425E+02  0.1112296E+00  0.3523510E+00 -0.1153668E+00 -0.4309657E-02 -0.3764809E-01  0.1592169E-02 -0.1253503E-03  0.5036168E-04  0.3937883E+02 -0.2197647E+01 -0.2160461E+01
  0.2203125E+02 -0.4188617E+02  0.1189872E+00  0.3527293E+00 -0.9114438E-01 -0.6051707E-02 -0.3764088E-01  0.1587770E-02 -0.2350303E-04 -0.3706134E-04  0.3937529E+02 -0.2172473E+01 -0.2160335E+01
  0.2204861E+02 -0.4188862E+02  0.1225610E+00  0.3523084E+00 -0.5521894E-01 -0.3297356E-02 -0.3761868E-01  0.1583356E-02  0.4192671E-04 -0.1099942E-03  0.3937252E+02 -0.2135846E+01 -0.2160212E+01
  0.2206597E+02 -0.4188869E+02  0.1213464E+00  0.3511207E+00 -0.2973297E-01  0.2460042E-02 -0.3760740E-01  0.1580742E-02  0.5291791E-04 -0.9578532E-04  0.3937041E+02 -0.2109152E+01 -0.2159871E+01
  0.2208333E+02 -0.4188518E+02  0.1175583E+00  0.3497423E+00 -0.2152292E-01  0.7756821E-02 -0.3762580E-01  0.1582444E-02  0.6411909E-05 -0.4571370E-04  0.3936852E+02 -0.2099208E+01 -0.2159359E+01
  0.2210069E+02 -0.4187750E+02  0.1144515E+00  0.3486995E+00 -0.3298425E-01  0.9741777E-02 -0.3766978E-01  0.1587417E-02 -0.6045418E-04 -0.4582351E-05  0.3936643E+02 -0.2107311E+01 -0.2158790E+01
  0.2211806E+02 -0.4187317E+02  0.1142473E+00  0.3479357E+00 -0.5500752E-01  0.1276946E-01 -0.3772167E-01  0.1591894E-02 -0.8357541E-04  0.1996093E-04  0.3936390E+02 -0.2125521E+01 -0.2158227E+01
  0.2213542E+02 -0.4187367E+02  0.1176567E+00  0.3473222E+00 -0.7858414E-01  0.1761124E-01 -0.3776755E-01  0.1592133E-02 -0.8950281E-04  0.3355068E-04  0.3936097E+02 -0.2144932E+01 -0.2157706E+01
  0.2215278E+02 -0.4186724E+02  0.1242211E+00  0.3472430E+00 -0.1060544E+00  0.1617065E-01 -0.3779816E-01  0.1588611E-02 -0.9886112E-04  0.3991897E-04  0.3935769E+02 -0.2164246E+01 -0.2157214E+01
  0.2217014E+02 -0.4184912E+02  0.1318771E+00  0.3478356E+00 -0.1403724E+00  0.4707274E-02 -0.3780533E-01  0.1583953E-02 -0.1450579E-03  0.4480269E-04  0.3935423E+02 -0.2187163E+01 -0.2156793E+01
  0.2218750E+02 -0.4183290E+02  0.1371740E+00  0.3485521E+00 -0.1507341E+00 -0.6786054E-02 -0.3778870E-01  0.1578394E-02 -0.4214614E-04  0.3078915E-04  0.3935071E+02 -0.2190209E+01 -0.2156507E+01
