  0.2970486E+02 -0.4037003E+02  0.1862787E-01  0.2266381E+00  0.8577280E-01 -0.3142669E-01 -0.4102266E-01  0.1240639E-02 -0.9108711E-04  0.9756807E-04  0.3794297E+02 -0.2167226E+01 -0.2080998E+01
  0.2972222E+02 -0.4035730E+02  0.2311597E-01  0.2265201E+00  0.1112190E+00 -0.4006792E-01 -0.4104512E-01  0.1237744E-02 -0.5006540E-04  0.8532296E-05  0.3793859E+02 -0.2137770E+01 -0.2081257E+01
  0.2973958E+02 -0.4035964E+02  0.3130319E-01  0.2262057E+00  0.1606242E+00 -0.3825501E-01 -0.4105191E-01  0.1234980E-02 -0.3490980E-04 -0.7638790E-04  0.3793478E+02 -0.2084914E+01 -0.2081548E+01
  0.2975694E+02 -0.4037455E+02  0.3702703E-01  0.2265757E+00  0.2177638E+00 -0.2401569E-01 -0.4100370E-01  0.1233999E-02  0.1936517E-04 -0.9698381E-04  0.3793180E+02 -0.2025250E+01 -0.2081698E+01
  0.2977431E+02 -0.4038651E+02  0.3333237E-01  0.2264189E+00  0.2626980E+00 -0.9877047E-02 -0.4094594E-01  0.1234242E-02  0.6135216E-04 -0.4391547E-04  0.3792954E+02 -0.1984093E+01 -0.2081589E+01
  0.2979167E+02 -0.4038458E+02  0.2527904E-01  0.2266043E+00  0.2873590E+00 -0.7929128E-02 -0.4092362E-01  0.1235428E-02  0.7726918E-04  0.3428640E-04  0.3792765E+02 -0.1965194E+01 -0.2081408E+01
  0.2980903E+02 -0.4038109E+02  0.1635381E-01  0.2266455E+00  0.3036116E+00 -0.1272972E-01 -0.4091033E-01  0.1237465E-02  0.1584173E-03  0.3566197E-04  0.3792577E+02 -0.1960911E+01 -0.2081344E+01
  0.2982639E+02 -0.4037931E+02  0.5440697E-02  0.2271762E+00  0.3096246E+00 -0.1695916E-01 -0.4094069E-01  0.1239890E-02  0.1432092E-03  0.8405760E-05  0.3792376E+02 -0.1969817E+01 -0.2081288E+01
  0.2984375E+02 -0.4037660E+02  0.3931385E-02  0.2271903E+00  0.2775485E+00 -0.1827118E-01 -0.4098947E-01  0.1241221E-02 -0.2442803E-04  0.2035985E-04  0.3792144E+02 -0.2004512E+01 -0.2081384E+01
  0.2986111E+02 -0.4036509E+02  0.4695364E-02  0.2266755E+00  0.2012697E+00 -0.2234152E-01 -0.4101915E-01  0.1243731E-02 -0.1396608E-03  0.5632653E-04  0.3791826E+02 -0.2076391E+01 -0.2081087E+01
  0.2987847E+02 -0.4034840E+02  0.1123011E-01  0.2262501E+00  0.1325220E+00 -0.3420507E-01 -0.4104071E-01  0.1243919E-02 -0.4100007E-04  0.2905700E-04  0.3791424E+02 -0.2138172E+01 -0.2081421E+01
  0.2989583E+02 -0.4032721E+02  0.1720868E-01  0.2262248E+00  0.1076415E+00 -0.4920153E-01 -0.4102777E-01  0.1244483E-02 -0.1279770E-03  0.1321786E-03  0.3790958E+02 -0.2155539E+01 -0.2080859E+01
  0.2991319E+02 -0.4033756E+02  0.2192895E-01  0.2264436E+00  0.1574755E+00 -0.5511892E-01 -0.4098719E-01  0.1241665E-02  0.2016996E-03 -0.1163730E-03  0.3790508E+02 -0.2121416E+01 -0.2081724E+01
  0.2993056E+02 -0.4033146E+02  0.1781884E-01  0.2268680E+00  0.2248269E+00 -0.5439644E-01 -0.4092307E-01  0.1243848E-02  0.1539669E-05  0.1789421E-03  0.3790176E+02 -0.2054081E+01 -0.2080768E+01
  0.2994792E+02 -0.4035652E+02  0.7101278E-02  0.2260287E+00  0.3066872E+00 -0.4370206E-01 -0.4088550E-01  0.1240130E-02  0.3836577E-03 -0.4909989E-03  0.3789831E+02 -0.2001848E+01 -0.2080265E+01
  0.2996528E+02 -0.4035375E+02 -0.4225301E-02  0.2254287E+00  0.3462407E+00 -0.6259359E-01 -0.4089550E-01  0.1242290E-02  0.1795203E-03  0.4277110E-03  0.3789739E+02 -0.1990555E+01 -0.2080467E+01
