  0.1626736E+02 -0.4307657E+02 -0.9699572E-01  0.1963703E+00  0.4947142E+00  0.6774631E-01 -0.3296291E-01  0.1475724E-02  0.6581318E-04  0.1182664E-04  0.4029533E+02 -0.2150814E+01 -0.2228168E+01
  0.1628472E+02 -0.4306647E+02 -0.9932720E-01  0.1972752E+00  0.4517287E+00  0.6235474E-01 -0.3298886E-01  0.1480442E-02 -0.3671578E-04  0.7558689E-04  0.4029339E+02 -0.2192516E+01 -0.2227849E+01
  0.1630208E+02 -0.4303904E+02 -0.9825986E-01  0.1982929E+00  0.3897396E+00  0.4498175E-01 -0.3301383E-01  0.1484169E-02 -0.1422035E-03  0.1139338E-03  0.4029078E+02 -0.2245054E+01 -0.2227425E+01
  0.1631944E+02 -0.4301381E+02 -0.9432694E-01  0.1992500E+00  0.3409242E+00  0.3119611E-01 -0.3302917E-01  0.1485964E-02 -0.1566128E-03  0.9702262E-04  0.4028752E+02 -0.2280850E+01 -0.2227178E+01
  0.1633681E+02 -0.4300838E+02 -0.8885877E-01  0.2001771E+00  0.3367561E+00  0.3194176E-01 -0.3302913E-01  0.1485489E-02 -0.8174981E-04  0.3444379E-04  0.4028397E+02 -0.2275993E+01 -0.2227234E+01
  0.1635417E+02 -0.4301707E+02 -0.8351750E-01  0.2011636E+00  0.3682688E+00  0.4193370E-01 -0.3301322E-01  0.1482526E-02 -0.2450514E-04 -0.4665989E-04  0.4028075E+02 -0.2240078E+01 -0.2227560E+01
  0.1637153E+02 -0.4303069E+02 -0.7987301E-01  0.2020699E+00  0.4058310E+00  0.5514494E-01 -0.3298691E-01  0.1477609E-02  0.2092418E-04 -0.1238282E-03  0.4027809E+02 -0.2201038E+01 -0.2228004E+01
  0.1638889E+02 -0.4304371E+02 -0.7870936E-01  0.2025653E+00  0.4250498E+00  0.6732513E-01 -0.3296193E-01  0.1473855E-02  0.3748379E-04 -0.1459857E-03  0.4027593E+02 -0.2183150E+01 -0.2228341E+01
  0.1640625E+02 -0.4304785E+02 -0.7951308E-01  0.2026122E+00  0.4210455E+00  0.7474032E-01 -0.3295022E-01  0.1474528E-02  0.4385656E-04 -0.7254082E-04  0.4027382E+02 -0.2186653E+01 -0.2228471E+01
  0.1642361E+02 -0.4304714E+02 -0.8072184E-01  0.2026561E+00  0.4110928E+00  0.7739587E-01 -0.3295474E-01  0.1478748E-02  0.3824520E-04  0.1223544E-04  0.4027156E+02 -0.2196582E+01 -0.2228415E+01
  0.1644097E+02 -0.4305050E+02 -0.8086057E-01  0.2032099E+00  0.4008472E+00  0.7982134E-01 -0.3296553E-01  0.1483557E-02  0.2839603E-04  0.2013817E-04  0.4026915E+02 -0.2209762E+01 -0.2228236E+01
  0.1645833E+02 -0.4305021E+02 -0.7981384E-01  0.2041096E+00  0.3777160E+00  0.8164087E-01 -0.3297339E-01  0.1486839E-02 -0.3839168E-04  0.3024040E-05  0.4026651E+02 -0.2231568E+01 -0.2227964E+01
  0.1647569E+02 -0.4303427E+02 -0.7798835E-01  0.2050012E+00  0.3366491E+00  0.7356179E-01 -0.3297862E-01  0.1487972E-02 -0.1161907E-03  0.2657677E-04  0.4026347E+02 -0.2265150E+01 -0.2227660E+01
  0.1649306E+02 -0.4301059E+02 -0.7548084E-01  0.2058398E+00  0.3034346E+00  0.5951758E-01 -0.3298228E-01  0.1488310E-02 -0.1286257E-03  0.6341407E-04  0.4026001E+02 -0.2288830E+01 -0.2227498E+01
  0.1651042E+02 -0.4299593E+02 -0.7252663E-01  0.2065647E+00  0.3008050E+00  0.5307756E-01 -0.3298141E-01  0.1488248E-02 -0.8872862E-04  0.7328893E-04  0.4025645E+02 -0.2283069E+01 -0.2227521E+01
  0.1652778E+02 -0.4299098E+02 -0.6968335E-01  0.2072660E+00  0.3271711E+00  0.5238008E-01 -0.3297198E-01  0.1487477E-02 -0.1812527E-04  0.3455458E-04  0.4025318E+02 -0.2252131E+01 -0.2227674E+01
  0.1654514E+02 -0.4298776E+02 -0.6812305E-01  0.2081213E+00  0.3669409E+00  0.4897661E-01 -0.3295077E-01  0.1487751E-02  0.3394319E-04 -0.4340032E-04  0.4025050E+02 -0.2212814E+01 -0.2227932E+01
  0.1656250E+02 -0.4298984E+02 -0.6938765E-01  0.2089454E+00  0.4020548E+00  0.4869010E-01 -0.3292062E-01  0.1489909E-02  0.8046573E-04 -0.8240536E-04  0.4024837E+02 -0.2182594E+01 -0.2228244E+01
