  0.2876736E+02 -0.5558862E+02  0.2838596E-01  0.2308528E+00  0.1171202E+00 -0.1857860E-01 -0.4103361E-01  0.1237915E-02  0.1496151E-03 -0.6133025E-05  0.3813441E+02 -0.1713608E+02 -0.2081762E+01
  0.2878472E+02 -0.4058103E+02  0.2452231E-01  0.2298262E+00  0.2307754E+00 -0.7420486E-03 -0.4106095E-01  0.1234223E-02  0.7707658E-04 -0.4000601E-04  0.3813159E+02 -0.2004846E+01 -0.2081959E+01
  0.2880208E+02 -0.4059912E+02  0.2496762E-01  0.2291568E+00  0.2371314E+00  0.1974719E-01 -0.4109922E-01  0.1233091E-02 -0.1327478E-04 -0.4619416E-04  0.3812904E+02 -0.1999006E+01 -0.2081943E+01
  0.2881944E+02 -0.4060911E+02  0.3026284E-01  0.2294980E+00  0.2068227E+00  0.3327141E-01 -0.4113070E-01  0.1235689E-02 -0.1156540E-03 -0.2079462E-04  0.3812648E+02 -0.2022800E+01 -0.2081894E+01
  0.2883681E+02 -0.4060758E+02  0.3827073E-01  0.2307672E+00  0.1536221E+00  0.3406982E-01 -0.4112565E-01  0.1239030E-02 -0.1075257E-03 -0.7833764E-05  0.3812356E+02 -0.2067290E+01 -0.2081928E+01
  0.2885417E+02 -0.4059683E+02  0.4309842E-01  0.2320824E+00  0.1064140E+00  0.2539068E-01 -0.4108472E-01  0.1240668E-02  0.1352888E-04 -0.2248178E-04  0.3812017E+02 -0.2109521E+01 -0.2081899E+01
  0.2887153E+02 -0.4058218E+02  0.4256416E-01  0.2329095E+00  0.6870316E-01  0.1301066E-01 -0.4104024E-01  0.1241505E-02  0.5073714E-04  0.3927266E-05  0.3811639E+02 -0.2148344E+01 -0.2081791E+01
  0.2888889E+02 -0.4056880E+02  0.3769496E-01  0.2334251E+00  0.4457154E-01  0.2997362E-02 -0.4102185E-01  0.1242183E-02  0.6075001E-04  0.4181866E-04  0.3811206E+02 -0.2177733E+01 -0.2081756E+01
  0.2890625E+02 -0.4056205E+02  0.3281615E-01  0.2341966E+00  0.4422922E-01 -0.1487233E-02 -0.4103886E-01  0.1241624E-02  0.2857674E-04  0.3642636E-04  0.3810739E+02 -0.2184637E+01 -0.2081825E+01
  0.2892361E+02 -0.4055927E+02  0.3143569E-01  0.2351496E+00  0.5237308E-01 -0.2748611E-02 -0.4106953E-01  0.1239064E-02 -0.5435963E-04  0.3274717E-04  0.3810263E+02 -0.2180284E+01 -0.2081974E+01
  0.2894097E+02 -0.4055412E+02  0.3341604E-01  0.2358243E+00  0.7031662E-01 -0.3671540E-02 -0.4109140E-01  0.1235355E-02 -0.6961102E-04  0.3059361E-04  0.3809801E+02 -0.2160119E+01 -0.2082183E+01
  0.2895833E+02 -0.4054998E+02  0.3722585E-01  0.2357921E+00  0.1131148E+00 -0.3392032E-02 -0.4109276E-01  0.1231548E-02  0.1829386E-05 -0.4839389E-05  0.3809394E+02 -0.2113163E+01 -0.2082314E+01
  0.2897569E+02 -0.4054980E+02  0.4000828E-01  0.2351066E+00  0.1605182E+00 -0.1694738E-02 -0.4107308E-01  0.1229222E-02  0.2128321E-04 -0.2657723E-04  0.3809064E+02 -0.2065073E+01 -0.2082239E+01
  0.2899306E+02 -0.4055095E+02  0.3999527E-01  0.2342822E+00  0.1869445E+00  0.7630439E-03 -0.4104821E-01  0.1229623E-02  0.4478751E-04 -0.1778205E-04  0.3808778E+02 -0.2040984E+01 -0.2081964E+01
  0.2901042E+02 -0.4054552E+02  0.3782035E-01  0.2339509E+00  0.1957852E+00 -0.1014494E-03 -0.4102300E-01  0.1232018E-02  0.6159832E-04  0.2337763E-04  0.3808495E+02 -0.2032814E+01 -0.2081584E+01
  0.2902778E+02 -0.4053532E+02  0.3263288E-01  0.2339296E+00  0.1938720E+00 -0.6849771E-02 -0.4100435E-01  0.1233688E-02  0.7173653E-04  0.4263279E-04  0.3808198E+02 -0.2039414E+01 -0.2081338E+01
  0.2904514E+02 -0.4053011E+02  0.2641941E-01  0.2340169E+00  0.1948262E+00 -0.1119528E-01 -0.4100126E-01  0.1232678E-02  0.1314385E-03 -0.2828060E-04  0.3807877E+02 -0.2046941E+01 -0.2081299E+01
  0.2906250E+02 -0.4053049E+02  0.2052189E-01  0.2342056E+00  0.1917333E+00 -0.8854856E-02 -0.4102001E-01  0.1231541E-02  0.8304250E-04 -0.8100638E-04  0.3807549E+02 -0.2057179E+01 -0.2081309E+01
