  0.1439236E+02 -0.5109087E+02 -0.1545963E+00  0.1370252E+00  0.5061869E+00  0.8260029E-01 -0.3381492E-01  0.1333419E-02 -0.1548256E-03  0.2827143E-04  0.4058457E+02 -0.9967694E+01 -0.2220080E+01
  0.1440972E+02 -0.4334968E+02 -0.1481104E+00  0.1377676E+00  0.4781722E+00  0.7643850E-01 -0.3382048E-01  0.1335252E-02 -0.2104470E-03  0.8068386E-04  0.4058156E+02 -0.2256474E+01 -0.2219862E+01
  0.1442708E+02 -0.4332542E+02 -0.1417889E+00  0.1387018E+00  0.4221835E+00  0.6443221E-01 -0.3380070E-01  0.1336135E-02 -0.1325163E-03  0.8432405E-04  0.4057783E+02 -0.2296574E+01 -0.2219748E+01
  0.1444444E+02 -0.4330738E+02 -0.1379356E+00  0.1396744E+00  0.4111867E+00  0.5204174E-01 -0.3376477E-01  0.1337257E-02 -0.4994749E-04  0.4191779E-04  0.4057393E+02 -0.2300911E+01 -0.2219784E+01
  0.1446181E+02 -0.4330133E+02 -0.1372406E+00  0.1406532E+00  0.4320324E+00  0.4622660E-01 -0.3372473E-01  0.1338961E-02 -0.9791258E-05  0.1008468E-04  0.4057021E+02 -0.2281833E+01 -0.2220013E+01
  0.1447917E+02 -0.4331016E+02 -0.1394868E+00  0.1413654E+00  0.4711819E+00  0.5361299E-01 -0.3368988E-01  0.1341229E-02  0.2505446E-04 -0.3157127E-05  0.4056684E+02 -0.2248969E+01 -0.2220329E+01
  0.1449653E+02 -0.4332616E+02 -0.1434338E+00  0.1415663E+00  0.5257548E+00  0.6485925E-01 -0.3367110E-01  0.1342692E-02  0.1388021E-03 -0.2204311E-04  0.4056387E+02 -0.2205760E+01 -0.2220505E+01
  0.1451389E+02 -0.4333556E+02 -0.1466802E+00  0.1414542E+00  0.5818771E+00  0.6824070E-01 -0.3367602E-01  0.1344602E-02  0.1309332E-03 -0.3371638E-04  0.4056149E+02 -0.2161408E+01 -0.2220587E+01
  0.1453125E+02 -0.4333997E+02 -0.1469643E+00  0.1413344E+00  0.5994345E+00  0.7020530E-01 -0.3370011E-01  0.1348719E-02 -0.1065577E-04 -0.3302276E-04  0.4055960E+02 -0.2148758E+01 -0.2220703E+01
  0.1454861E+02 -0.4334160E+02 -0.1433064E+00  0.1414528E+00  0.5721928E+00  0.7644160E-01 -0.3372884E-01  0.1353485E-02 -0.7816974E-04 -0.3805070E-04  0.4055763E+02 -0.2169684E+01 -0.2220741E+01
  0.1456597E+02 -0.4333315E+02 -0.1364732E+00  0.1420289E+00  0.5177260E+00  0.7717630E-01 -0.3374469E-01  0.1357450E-02 -0.1587983E-03  0.4946300E-05  0.4055533E+02 -0.2209905E+01 -0.2220608E+01
  0.1458333E+02 -0.4331014E+02 -0.1289037E+00  0.1430279E+00  0.4576018E+00  0.6688086E-01 -0.3373643E-01  0.1359573E-02 -0.1911211E-03  0.7312999E-04  0.4055250E+02 -0.2251531E+01 -0.2220427E+01
  0.1460069E+02 -0.4328013E+02 -0.1231807E+00  0.1442194E+00  0.4145908E+00  0.4990140E-01 -0.3370672E-01  0.1359838E-02 -0.1681454E-03  0.9916261E-04  0.4054931E+02 -0.2277713E+01 -0.2220359E+01
  0.1461806E+02 -0.4325737E+02 -0.1206385E+00  0.1454404E+00  0.4177134E+00  0.3404428E-01 -0.3366599E-01  0.1358975E-02 -0.6601022E-04  0.6300380E-04  0.4054593E+02 -0.2267189E+01 -0.2220494E+01
  0.1463542E+02 -0.4324854E+02 -0.1214324E+00  0.1465005E+00  0.4902441E+00  0.2750417E-01 -0.3363133E-01  0.1357965E-02  0.3674847E-04  0.8099083E-05  0.4054342E+02 -0.2194535E+01 -0.2221344E+01
  0.1465278E+02 -0.4325882E+02 -0.1249333E+00  0.1470882E+00  0.5315471E+00  0.3208205E-01 -0.3361503E-01  0.1355896E-02  0.9022329E-04 -0.3068660E-04  0.4054235E+02 -0.2162887E+01 -0.2222955E+01
  0.1467014E+02 -0.4328231E+02 -0.1294455E+00  0.1470841E+00  0.5510447E+00  0.4607011E-01 -0.3360410E-01  0.1354808E-02  0.1589432E-03 -0.7938221E-04  0.4054036E+02 -0.2159369E+01 -0.2223295E+01
  0.1468750E+02 -0.3902628E+02 -0.1324356E+00  0.1468109E+00  0.5898837E+00  0.5858939E-01 -0.3361172E-01  0.1355973E-02  0.8817148E-04 -0.9578391E-04  0.4053893E+02  0.2143233E+01 -0.2223408E+01
