  0.1595486E+02 -0.2064287E-01  0.2206638E+00 -0.1620614E-01 -0.1921761E+00 -0.6159928E-01  0.3652452E+01 -0.4513224E-03 -0.1810543E-04  0.1225913E+01  0.1249751E+00  0.4932910E+01
  0.1597222E+02 -0.2062648E-01  0.2206306E+00 -0.1622153E-01 -0.1922288E+00 -0.6011733E-01  0.3614351E+01  0.7286908E-03 -0.7852164E-05  0.1229483E+01  0.4215032E-01  0.4818141E+01
  0.1598958E+02 -0.2061257E-01  0.2205966E+00 -0.1623661E-01 -0.1922060E+00 -0.6131348E-01  0.3187577E+01  0.1187107E-02 -0.9778708E-06  0.1229856E+01 -0.1422890E-01  0.4334618E+01
  0.1600694E+02 -0.2060262E-01  0.2205614E+00 -0.1625173E-01 -0.1921026E+00 -0.6453874E-01  0.2727253E+01  0.8400150E-03 -0.5655784E-05  0.1227493E+01 -0.1534999E-01  0.3867297E+01
  0.1602431E+02 -0.2059493E-01  0.2205243E+00 -0.1626757E-01 -0.1919630E+00 -0.6726356E-01  0.2454833E+01  0.3327372E-03  0.5922893E-05  0.1225078E+01  0.7901574E-02  0.3612587E+01
  0.1604167E+02 -0.2059015E-01  0.2204827E+00 -0.1628491E-01 -0.1918354E+00 -0.6812875E-01  0.2247851E+01  0.5757697E-03  0.3013664E-04  0.1225371E+01  0.1702720E-01  0.3414499E+01
  0.1605903E+02 -0.2058901E-01  0.2204361E+00 -0.1630292E-01 -0.1917164E+00 -0.6804424E-01  0.1917150E+01  0.9842693E-03  0.3722461E-04  0.1227472E+01  0.1803076E-01  0.3087458E+01
  0.1607639E+02 -0.2058962E-01  0.2203873E+00 -0.1632010E-01 -0.1916177E+00 -0.6811773E-01  0.1716376E+01  0.1612576E-04  0.3035041E-04  0.1228495E+01  0.5037165E-01  0.2919031E+01
  0.1609375E+02 -0.2058822E-01  0.2203385E+00 -0.1633714E-01 -0.1915625E+00 -0.6830259E-01  0.2028872E+01 -0.1417725E-02  0.1990867E-04  0.1229740E+01  0.9946440E-01  0.3280226E+01
  0.1611111E+02 -0.2058054E-01  0.2202889E+00 -0.1635560E-01 -0.1915294E+00 -0.6749134E-01  0.2686864E+01 -0.1612110E-02  0.2803121E-05  0.1232547E+01  0.1146834E+00  0.3956817E+01
  0.1612847E+02 -0.2056904E-01  0.2202380E+00 -0.1637586E-01 -0.1914673E+00 -0.6464834E-01  0.3276390E+01 -0.1159205E-02 -0.9550680E-05  0.1234584E+01  0.9296330E-01  0.4529946E+01
  0.1614583E+02 -0.2055823E-01  0.2201858E+00 -0.1639790E-01 -0.1913533E+00 -0.5928773E-01  0.3607468E+01 -0.4934487E-03 -0.2112916E-04  0.1235316E+01  0.6605895E-01  0.4840917E+01
  0.1616319E+02 -0.2055224E-01  0.2201326E+00 -0.1642124E-01 -0.1911972E+00 -0.5196502E-01  0.3640214E+01  0.2221026E-03 -0.2917383E-04  0.1236683E+01  0.5051309E-01  0.4867600E+01
  0.1618056E+02 -0.2055425E-01  0.2200813E+00 -0.1644537E-01 -0.1910338E+00 -0.4540565E-01  0.3448465E+01  0.5933283E-03 -0.2046498E-04  0.1239099E+01  0.3711460E-01  0.4671894E+01
  0.1619792E+02 -0.2056120E-01  0.2200346E+00 -0.1646920E-01 -0.1908985E+00 -0.4305812E-01  0.3119550E+01  0.8890091E-03 -0.1269913E-04  0.1239730E+01  0.1448310E-01  0.4323687E+01
  0.1621528E+02 -0.2056513E-01  0.2199922E+00 -0.1649155E-01 -0.1907595E+00 -0.4582184E-01  0.2719563E+01  0.9294469E-03 -0.9336198E-05  0.1236661E+01 -0.7330920E-03  0.3902765E+01
  0.1623264E+02 -0.2056479E-01  0.2199519E+00 -0.1651276E-01 -0.1906062E+00 -0.5152460E-01  0.2286579E+01  0.1098217E-02  0.2435250E-06  0.1232586E+01  0.8401437E-02  0.3469409E+01
  0.1625000E+02 -0.2056268E-01  0.2199119E+00 -0.1653263E-01 -0.1920060E+00 -0.5719894E-01  0.1970831E+01  0.4366411E-03  0.9792251E-05  0.1230925E+01  0.4103287E-01  0.3176848E+01
