  0.6579861E+01 -0.4421253E+02 -0.1922779E+00 -0.7175798E-01  0.5502246E+00 -0.1779475E-01 -0.4701853E-01  0.6740682E-03  0.8002346E-04 -0.3212834E-04  0.4200881E+02 -0.1981620E+01 -0.2025723E+01
  0.6597222E+01 -0.4422146E+02 -0.1938163E+00 -0.7128245E-01  0.5686984E+00 -0.9046000E-02 -0.4695179E-01  0.6759207E-03  0.9370173E-04 -0.5390335E-04  0.4200580E+02 -0.1967339E+01 -0.2026645E+01
  0.6614583E+01 -0.4422719E+02 -0.1964139E+00 -0.7066909E-01  0.5606062E+00 -0.8431641E-03 -0.4689398E-01  0.6780145E-03  0.3893727E-04 -0.3710530E-04  0.4200292E+02 -0.1977800E+01 -0.2027512E+01
  0.6631944E+01 -0.4422597E+02 -0.1992446E+00 -0.6990629E-01  0.5313014E+00  0.2301587E-02 -0.4684425E-01  0.6799917E-03  0.3864824E-05 -0.2884321E-05  0.4199964E+02 -0.2008037E+01 -0.2028298E+01
  0.6649306E+01 -0.4421817E+02 -0.2016481E+00 -0.6911151E-01  0.4985537E+00 -0.3234748E-03 -0.4679901E-01  0.6815063E-03 -0.2757055E-04  0.3809832E-04  0.4199578E+02 -0.2041024E+01 -0.2029031E+01
  0.6666667E+01 -0.4420822E+02 -0.2031945E+00 -0.6837062E-01  0.4745239E+00 -0.5453435E-02 -0.4675428E-01  0.6827116E-03 -0.5094153E-04  0.5801369E-04  0.4199139E+02 -0.2065395E+01 -0.2029760E+01
  0.6684028E+01 -0.4420076E+02 -0.2038110E+00 -0.6771748E-01  0.4723927E+00 -0.9460292E-02 -0.4670486E-01  0.6836476E-03 -0.3450807E-05  0.5064173E-04  0.4198670E+02 -0.2068628E+01 -0.2030506E+01
  0.6701389E+01 -0.4419802E+02 -0.2040316E+00 -0.6719948E-01  0.4919143E+00 -0.1083872E-01 -0.4664626E-01  0.6842880E-03  0.2352649E-06  0.5129805E-04  0.4198216E+02 -0.2051925E+01 -0.2031317E+01
  0.6718750E+01 -0.4419901E+02 -0.2047231E+00 -0.6682635E-01  0.5234630E+00 -0.9403549E-02 -0.4657922E-01  0.6849894E-03  0.5941243E-04  0.1641874E-04  0.4197802E+02 -0.2024300E+01 -0.2032176E+01
  0.6736111E+01 -0.4420401E+02 -0.2063682E+00 -0.6650873E-01  0.5539154E+00 -0.5072567E-02 -0.4651107E-01  0.6869665E-03  0.1261944E-03 -0.4137972E-04  0.4197439E+02 -0.1999386E+01 -0.2033026E+01
  0.6753472E+01 -0.4421114E+02 -0.2087311E+00 -0.6605972E-01  0.5606942E+00  0.2932688E-02 -0.4644965E-01  0.6905492E-03  0.8169332E-04 -0.4251205E-04  0.4197106E+02 -0.1996964E+01 -0.2033886E+01
  0.6770833E+01 -0.4421816E+02 -0.2110844E+00 -0.6537115E-01  0.5396255E+00  0.1305107E-01 -0.4639827E-01  0.6943883E-03  0.3960083E-04 -0.3618959E-05  0.4196749E+02 -0.2020120E+01 -0.2034726E+01
  0.6788194E+01 -0.4422086E+02 -0.2125818E+00 -0.6454048E-01  0.5048069E+00  0.1914788E-01 -0.4635644E-01  0.6968735E-03 -0.9840409E-06  0.3086794E-04  0.4196329E+02 -0.2056369E+01 -0.2035432E+01
  0.6805556E+01 -0.4421335E+02 -0.2124593E+00 -0.6370038E-01  0.4680132E+00  0.1691808E-01 -0.4632074E-01  0.6977360E-03 -0.5765671E-04  0.4669625E-04  0.4195841E+02 -0.2091803E+01 -0.2035992E+01
  0.6822917E+01 -0.4419925E+02 -0.2104429E+00 -0.6290477E-01  0.4403463E+00  0.8543405E-02 -0.4628342E-01  0.6979093E-03 -0.1158959E-03  0.7663950E-04  0.4195297E+02 -0.2116361E+01 -0.2036559E+01
  0.6840278E+01 -0.4418494E+02 -0.2071257E+00 -0.6222530E-01  0.4354336E+00 -0.1266505E-02 -0.4623546E-01  0.6979316E-03 -0.1147657E-03  0.9866480E-04  0.4194729E+02 -0.2118390E+01 -0.2037206E+01
  0.6857639E+01 -0.4417533E+02 -0.2037991E+00 -0.6170626E-01  0.4582101E+00 -0.7639343E-02 -0.4617278E-01  0.6975562E-03 -0.5929298E-04  0.7261617E-04  0.4194190E+02 -0.2093824E+01 -0.2037923E+01
  0.6875000E+01 -0.4417606E+02 -0.2018346E+00 -0.6131776E-01  0.5002317E+00 -0.7973140E-02 -0.4609921E-01  0.6975975E-03  0.3691461E-04  0.1918110E-04  0.4193719E+02 -0.2055113E+01 -0.2038706E+01
