  0.2720486E+02 -0.4089441E+02  0.8122273E-01  0.2651032E+00  0.2483674E-01  0.1976654E-02 -0.4124490E-01  0.1291048E-02 -0.2274136E-03  0.5339824E-04  0.3844750E+02 -0.2113898E+01 -0.2085083E+01
  0.2722222E+02 -0.4087988E+02  0.8818852E-01  0.2655384E+00 -0.5699999E-01 -0.1262254E-03 -0.4120068E-01  0.1291039E-02 -0.1395487E-03  0.5165028E-04  0.3844344E+02 -0.2179827E+01 -0.2084927E+01
  0.2723958E+02 -0.4086816E+02  0.8883355E-01  0.2657862E+00 -0.8326301E-01 -0.5677851E-02 -0.4115771E-01  0.1290313E-02  0.2395286E-04  0.7555641E-05  0.3843873E+02 -0.2203588E+01 -0.2084823E+01
  0.2725694E+02 -0.4086107E+02  0.8501559E-01  0.2658225E+00 -0.6591877E-01 -0.1062721E-01 -0.4113393E-01  0.1288980E-02  0.7360618E-04 -0.4523031E-04  0.3843400E+02 -0.2192593E+01 -0.2084722E+01
  0.2727431E+02 -0.4085689E+02  0.7975960E-01  0.2654853E+00 -0.2458930E-01 -0.1202518E-01 -0.4112869E-01  0.1286399E-02  0.1254102E-03 -0.6340494E-04  0.3842949E+02 -0.2158552E+01 -0.2084604E+01
  0.2729167E+02 -0.4085590E+02  0.7474374E-01  0.2645354E+00  0.2931019E-01 -0.1190768E-01 -0.4113385E-01  0.1282988E-02  0.9473144E-04 -0.4769734E-04  0.3842547E+02 -0.2113560E+01 -0.2084591E+01
  0.2730903E+02 -0.4085721E+02  0.7067326E-01  0.2630927E+00  0.7827341E-01 -0.9499119E-02 -0.4114651E-01  0.1280084E-02  0.7025099E-04 -0.3833067E-04  0.3842197E+02 -0.2072533E+01 -0.2084585E+01
  0.2732639E+02 -0.4085413E+02  0.6818492E-01  0.2616829E+00  0.1141138E+00 -0.9317931E-02 -0.4116254E-01  0.1279384E-02  0.6801694E-04 -0.1920404E-04  0.3841895E+02 -0.2040346E+01 -0.2084398E+01
  0.2734375E+02 -0.4084351E+02  0.6711281E-01  0.2607211E+00  0.1297621E+00 -0.1613031E-01 -0.4117219E-01  0.1280791E-02  0.3745433E-04  0.2049769E-04  0.3841622E+02 -0.2025657E+01 -0.2084157E+01
  0.2736111E+02 -0.4083792E+02  0.6621825E-01  0.2603894E+00  0.1265924E+00 -0.2003431E-01 -0.4117250E-01  0.1282613E-02  0.2529396E-04  0.2418176E-04  0.3841354E+02 -0.2031049E+01 -0.2084029E+01
  0.2737847E+02 -0.4083778E+02  0.6475640E-01  0.2607133E+00  0.9387404E-01 -0.1616625E-01 -0.4116714E-01  0.1284151E-02 -0.1411135E-04 -0.3382629E-05  0.3841064E+02 -0.2063858E+01 -0.2083959E+01
  0.2739583E+02 -0.4083307E+02  0.6242080E-01  0.2614721E+00  0.3747964E-01 -0.1306749E-01 -0.4115712E-01  0.1284964E-02 -0.1129597E-04 -0.5168531E-05  0.3840708E+02 -0.2117571E+01 -0.2083903E+01
  0.2741319E+02 -0.4082742E+02  0.5874936E-01  0.2620949E+00 -0.3991120E-02 -0.1326672E-01 -0.4114132E-01  0.1283598E-02  0.6148932E-05  0.1557555E-04  0.3840281E+02 -0.2160855E+01 -0.2083925E+01
  0.2743056E+02 -0.4083004E+02  0.5334376E-01  0.2621565E+00 -0.8149791E-03 -0.9018048E-02 -0.4112355E-01  0.1279441E-02  0.9832702E-04  0.2649647E-05  0.3839816E+02 -0.2165955E+01 -0.2084003E+01
  0.2744792E+02 -0.4084237E+02  0.4674190E-01  0.2616286E+00  0.4266587E-01  0.9422824E-04 -0.4111179E-01  0.1274458E-02  0.1862700E-03 -0.4579945E-04  0.3839376E+02 -0.2137177E+01 -0.2084019E+01
  0.2746528E+02 -0.4084958E+02  0.4004733E-01  0.2606907E+00  0.9493253E-01  0.4491537E-02 -0.4111009E-01  0.1270998E-02  0.1831580E-03 -0.5058127E-04  0.3838993E+02 -0.2099201E+01 -0.2083934E+01
  0.2748264E+02 -0.4084392E+02  0.3429259E-01  0.2596376E+00  0.1299793E+00  0.8549807E-03 -0.4111863E-01  0.1270049E-02  0.1068732E-03  0.1075511E-04  0.3838657E+02 -0.2072325E+01 -0.2083829E+01
  0.2750000E+02 -0.4083290E+02  0.3017854E-01  0.2587470E+00  0.1450864E+00 -0.6261503E-02 -0.4113789E-01  0.1271402E-02  0.5855019E-04  0.4435665E-04  0.3838332E+02 -0.2061587E+01 -0.2083740E+01
