  0.9880473554E+00  0.4886233388E+00 -0.3486697383E-02
  0.9641661369E+00  0.5135233198E+00 -0.9389589448E-02
  0.9403569086E+00  0.5235368377E+00 -0.1577681368E-01
  0.9166669282E+00  0.5330647974E+00 -0.2215068388E-01
  0.8931423645E+00  0.5437376675E+00 -0.2833128359E-01
  0.8698278917E+00  0.5566748273E+00 -0.3453032059E-01
  0.8467663120E+00  0.5724381199E+00 -0.4139426598E-01
  0.8239982125E+00  0.5912111771E+00 -0.4935476969E-01
  0.8015616632E+00  0.6129984741E+00 -0.5847065614E-01
  0.7794919593E+00  0.6384343095E+00 -0.6872839148E-01
  0.7578214104E+00  0.6679414058E+00 -0.8005769441E-01
  0.7365791789E+00  0.7004024361E+00 -0.9224154757E-01
  0.7157911677E+00  0.7353942186E+00 -0.1052969075E+00
  0.6954799564E+00  0.7730199887E+00 -0.1192977989E+00
  0.6756647824E+00  0.8131054771E+00 -0.1337391262E+00
  0.6563615673E+00  0.8551519943E+00 -0.1481014769E+00
  0.6375829807E+00  0.8990772662E+00 -0.1624267761E+00
  0.6193385410E+00  0.9448565716E+00 -0.1771009783E+00
  0.6016347458E+00  0.9920944389E+00 -0.1923536010E+00
  0.5844752278E+00  0.1040583908E+01 -0.2079905406E+00
  0.5678609324E+00  0.1090837525E+01 -0.2236337202E+00
  0.5517903098E+00  0.1142408761E+01 -0.2391346182E+00
  0.5362595192E+00  0.1194534533E+01 -0.2544099186E+00
  0.5212626395E+00  0.1247241932E+01 -0.2694880767E+00
  0.5067918826E+00  0.1300199839E+01 -0.2843893712E+00
  0.4928378062E+00  0.1352771063E+01 -0.2990094007E+00
  0.4793895231E+00  0.1404936632E+01 -0.3133518610E+00
  0.4664349032E+00  0.1456763437E+01 -0.3274424196E+00
  0.4539607683E+00  0.1507935906E+01 -0.3411142533E+00
  0.4419530752E+00  0.1557954774E+01 -0.3541590749E+00
  0.4303970886E+00  0.1606728219E+01 -0.3664624114E+00
  0.4192775411E+00  0.1654256709E+01 -0.3780246623E+00
  0.4085787801E+00  0.1700635131E+01 -0.3889881046E+00
  0.3982849020E+00  0.1746097803E+01 -0.3995668700E+00
  0.3883798735E+00  0.1790660320E+01 -0.4098758793E+00
  0.3788476389E+00  0.1834303427E+01 -0.4198711242E+00
  0.3696722162E+00  0.1877086776E+01 -0.4294660070E+00
  0.3608377810E+00  0.1919008490E+01 -0.4385650559E+00
  0.3523287383E+00  0.1959924178E+01 -0.4470653874E+00
  0.3441297848E+00  0.1999533984E+01 -0.4548634876E+00
  0.3362259610E+00  0.2037547429E+01 -0.4618813623E+00
  0.3286026937E+00  0.2073902541E+01 -0.4681017977E+00
  0.3212458315E+00  0.2108723799E+01 -0.4735888002E+00
  0.3141416719E+00  0.2142211323E+01 -0.4784400880E+00
  0.3072769820E+00  0.2174578372E+01 -0.4827435345E+00
  0.3006390131E+00  0.2205956663E+01 -0.4865458938E+00
  0.2942155106E+00  0.2236307441E+01 -0.4898714694E+00
  0.2879947188E+00  0.2265500954E+01 -0.4927614643E+00
  0.2819653815E+00  0.2293466101E+01 -0.4952539772E+00
  0.2761167398E+00  0.2320244490E+01 -0.4973660162E+00
  0.2704385267E+00  0.2345944070E+01 -0.4991083627E+00
  0.2649209587E+00  0.2370665427E+01 -0.5004890220E+00
  0.2595547264E+00  0.2394458979E+01 -0.5014984252E+00
  0.2543309822E+00  0.2417368820E+01 -0.5021322690E+00
  0.2492413280E+00  0.2439420467E+01 -0.5023858690E+00
  0.2442778002E+00  0.2460620682E+01 -0.5022600865E+00
  0.2394328560E+00  0.2480955811E+01 -0.5017637513E+00
  0.2346993567E+00  0.2500423566E+01 -0.5009073418E+00
  0.2300705531E+00  0.2519030073E+01 -0.4997046338E+00
  0.2255400686E+00  0.2536784936E+01 -0.4981718844E+00
  0.2211018836E+00  0.2553720097E+01 -0.4963242193E+00
  0.2167503195E+00  0.2569895919E+01 -0.4941841032E+00
  0.2124800229E+00  0.2585388359E+01 -0.4917804524E+00
  0.2082859499E+00  0.2600270291E+01 -0.4891357188E+00
  0.2041633512E+00  0.2614599370E+01 -0.4862650714E+00
  0.2001077568E+00  0.2628421153E+01 -0.4831780098E+00
  0.1961149623E+00  0.2641766321E+01 -0.4798792537E+00
  0.1921810143E+00  0.2654652206E+01 -0.4763674146E+00
  0.1883021974E+00  0.2667099658E+01 -0.4726355466E+00
  0.1844750213E+00  0.2679121611E+01 -0.4686747139E+00
  0.1806962081E+00  0.2690724146E+01 -0.4644735098E+00
  0.1769626807E+00  0.2701910153E+01 -0.4600206614E+00
  0.1732715512E+00  0.2712688195E+01 -0.4553109650E+00
  0.1696201103E+00  0.2723076085E+01 -0.4503452172E+00
  0.1660058169E+00  0.2733092494E+01 -0.4451283501E+00
  0.1624262883E+00  0.2742754737E+01 -0.4396654064E+00
  0.1588792908E+00  0.2752075741E+01 -0.4339604343E+00
  0.1553627311E+00  0.2761057272E+01 -0.4280142556E+00
  0.1518746474E+00  0.2769683002E+01 -0.4218207668E+00
  0.1484132020E+00  0.2777930290E+01 -0.4153697794E+00
  0.1449766737E+00  0.2785774207E+01 -0.4086501931E+00
  0.1415634504E+00  0.2793213499E+01 -0.4016515571E+00
  0.1381720227E+00  0.2800258248E+01 -0.3943663979E+00
  0.1348009774E+00  0.2806921794E+01 -0.3867870694E+00
  0.1314489918E+00  0.2813209805E+01 -0.3789033422E+00
  0.1281148278E+00  0.2819107092E+01 -0.3707010832E+00
  0.1247973268E+00  0.2824574420E+01 -0.3621600863E+00
  0.1214954046E+00  0.2829567807E+01 -0.3532549493E+00
  0.1182080468E+00  0.2834065238E+01 -0.3439663071E+00
  0.1149343045E+00  0.2838053795E+01 -0.3342817158E+00
  0.1116732900E+00  0.2841509161E+01 -0.3241953683E+00
  0.1084241728E+00  0.2844410621E+01 -0.3137075122E+00
  0.1051861765E+00  0.2846749871E+01 -0.3028215516E+00
  0.1019585747E+00  0.2848517551E+01 -0.2915430084E+00
  0.9874068825E-01  0.2849673828E+01 -0.2798708748E+00
  0.9553188202E-01  0.2850144333E+01 -0.2677926466E+00
  0.9233156218E-01  0.2849831258E+01 -0.2552851046E+00
  0.8913917351E-01  0.2848646861E+01 -0.2423243708E+00
  0.8595419692E-01  0.2846505239E+01 -0.2288908517E+00
  0.8277614712E-01  0.2843313426E+01 -0.2149727763E+00
  0.7960457047E-01  0.2838957431E+01 -0.2005702953E+00
  0.7643904287E-01  0.2833299899E+01 -0.1856880590E+00
  0.7327916792E-01  0.2826184027E+01 -0.1703356091E+00
  0.7012457510E-01  0.2817443919E+01 -0.1545350077E+00
  0.6697491809E-01  0.2806888204E+01 -0.1383311278E+00
  0.6382987318E-01  0.2794237366E+01 -0.1217856151E+00
  0.6068913785E-01  0.2779072625E+01 -0.1049791799E+00
  0.5755242935E-01  0.2760806447E+01 -0.8800894502E-01
  0.5441948345E-01  0.2738620702E+01 -0.7100343274E-01
  0.5129005320E-01  0.2711449951E+01 -0.5413682552E-01
  0.4816390782E-01  0.2677817379E+01 -0.3762959424E-01
  0.4504083165E-01  0.2635718398E+01 -0.2176016558E-01
  0.4192062316E-01  0.2582476162E+01 -0.6878220095E-02
  0.3880309403E-01  0.2514316825E+01  0.6609731976E-02
  0.3568806828E-01  0.2425733643E+01  0.1831319333E-01
  0.3257538147E-01  0.2309848950E+01  0.2784254043E-01
  0.2946487995E-01  0.2159028986E+01  0.3470331927E-01
  0.2635642014E-01  0.1965370292E+01  0.3845397831E-01
  0.2324986788E-01  0.1722940157E+01  0.3883926586E-01
  0.2014509783E-01  0.1431859044E+01  0.3584537008E-01
  0.1704199287E-01  0.1104561283E+01  0.2992355772E-01
  0.1394044356E-01  0.7708147916E+00  0.2207789713E-01
  0.1084034764E-01  0.4722895002E+00  0.1380382274E-01
  0.7741609588E-02  0.2411142570E+00  0.6726837683E-02
  0.4644140138E-02  0.8727041873E-01  0.2131715437E-02
  0.1547855893E-02  0.1002257081E-01  0.2004666304E-03
