  0.9880473554E+00  0.7255417692E+00  0.1016329871E-01
  0.9641661369E+00  0.7672091132E+00  0.2827534365E-01
  0.9403569086E+00  0.7836585255E+00  0.4866158547E-01
  0.9166669282E+00  0.8007094910E+00  0.7008591342E-01
  0.8931423645E+00  0.8201350721E+00  0.9142692882E-01
  0.8698278917E+00  0.8431776769E+00  0.1122762540E+00
  0.8467663120E+00  0.8706071276E+00  0.1330789131E+00
  0.8239982125E+00  0.9015407891E+00  0.1542406193E+00
  0.8015616632E+00  0.9345080504E+00  0.1756154311E+00
  0.7794919593E+00  0.9693172420E+00  0.1966720544E+00
  0.7578214104E+00  0.1006377595E+01  0.2172724216E+00
  0.7365791789E+00  0.1045555485E+01  0.2377561707E+00
  0.7157911677E+00  0.1086625344E+01  0.2581865454E+00
  0.6954799564E+00  0.1129136502E+01  0.2781382789E+00
  0.6756647824E+00  0.1172628690E+01  0.2972832662E+00
  0.6563615673E+00  0.1216113477E+01  0.3155138012E+00
  0.6375829807E+00  0.1258734769E+01  0.3328299734E+00
  0.6193385410E+00  0.1300573725E+01  0.3495180685E+00
  0.6016347458E+00  0.1342318637E+01  0.3657837425E+00
  0.5844752278E+00  0.1384237014E+01  0.3814769401E+00
  0.5678609324E+00  0.1426018469E+01  0.3966481443E+00
  0.5517903098E+00  0.1467510916E+01  0.4115382968E+00
  0.5362595192E+00  0.1508540968E+01  0.4264714096E+00
  0.5212626395E+00  0.1548787487E+01  0.4414826274E+00
  0.5067918826E+00  0.1588119351E+01  0.4561817352E+00
  0.4928378062E+00  0.1626728101E+01  0.4701922374E+00
  0.4793895231E+00  0.1665064793E+01  0.4834145414E+00
  0.4664349032E+00  0.1703415364E+01  0.4959873450E+00
  0.4539607683E+00  0.1741707019E+01  0.5080416787E+00
  0.4419530752E+00  0.1779535868E+01  0.5196131905E+00
  0.4303970886E+00  0.1816575199E+01  0.5308219241E+00
  0.4192775411E+00  0.1852964057E+01  0.5418700209E+00
  0.4085787801E+00  0.1889026965E+01  0.5528200441E+00
  0.3982849020E+00  0.1924834624E+01  0.5635241410E+00
  0.3883798735E+00  0.1960248869E+01  0.5737748132E+00
  0.3788476389E+00  0.1995193409E+01  0.5834828928E+00
  0.3696722162E+00  0.2029724292E+01  0.5926825921E+00
  0.3608377810E+00  0.2063965607E+01  0.6014136744E+00
  0.3523287383E+00  0.2098051927E+01  0.6096505917E+00
  0.3441297848E+00  0.2132101196E+01  0.6173416558E+00
  0.3362259610E+00  0.2166202479E+01  0.6244765583E+00
  0.3286026937E+00  0.2200411495E+01  0.6311041751E+00
  0.3212458315E+00  0.2234753382E+01  0.6373157641E+00
  0.3141416719E+00  0.2269230786E+01  0.6432160494E+00
  0.3072769820E+00  0.2303816212E+01  0.6488879122E+00
  0.3006390131E+00  0.2338429178E+01  0.6543736422E+00
  0.2942155106E+00  0.2372946289E+01  0.6596837386E+00
  0.2879947188E+00  0.2407260811E+01  0.6648116355E+00
  0.2819653815E+00  0.2441331597E+01  0.6697400275E+00
  0.2761167398E+00  0.2475171430E+01  0.6744467055E+00
  0.2704385267E+00  0.2508803515E+01  0.6789121510E+00
  0.2649209587E+00  0.2542236344E+01  0.6831222789E+00
  0.2595547264E+00  0.2575464624E+01  0.6870677161E+00
  0.2543309822E+00  0.2608483238E+01  0.6907448894E+00
  0.2492413280E+00  0.2641301599E+01  0.6941566789E+00
  0.2442778002E+00  0.2673949174E+01  0.6973091982E+00
  0.2394328560E+00  0.2706471762E+01  0.7002078799E+00
  0.2346993567E+00  0.2738922544E+01  0.7028567718E+00
  0.2300705531E+00  0.2771352227E+01  0.7052598706E+00
  0.2255400686E+00  0.2803804195E+01  0.7074218685E+00
  0.2211018836E+00  0.2836317645E+01  0.7093483885E+00
  0.2167503195E+00  0.2868934590E+01  0.7110467886E+00
  0.2124800229E+00  0.2901705250E+01  0.7125269108E+00
  0.2082859499E+00  0.2934690304E+01  0.7138003477E+00
  0.2041633512E+00  0.2967959997E+01  0.7148778729E+00
  0.2001077568E+00  0.3001589473E+01  0.7157662439E+00
  0.1961149623E+00  0.3035650972E+01  0.7164664066E+00
  0.1921810143E+00  0.3070205533E+01  0.7169742947E+00
  0.1883021974E+00  0.3105297104E+01  0.7172834230E+00
  0.1844750213E+00  0.3140950610E+01  0.7173872867E+00
  0.1806962081E+00  0.3177173830E+01  0.7172802302E+00
  0.1769626807E+00  0.3213961426E+01  0.7169568107E+00
  0.1732715512E+00  0.3251298734E+01  0.7164104739E+00
  0.1696201103E+00  0.3289163551E+01  0.7156324545E+00
  0.1660058169E+00  0.3327525840E+01  0.7146114367E+00
  0.1624262883E+00  0.3366346873E+01  0.7133339640E+00
  0.1588792908E+00  0.3405579567E+01  0.7117852474E+00
  0.1553627311E+00  0.3445170414E+01  0.7099499648E+00
  0.1518746474E+00  0.3485061499E+01  0.7078126768E+00
  0.1484132020E+00  0.3525190340E+01  0.7053575948E+00
  0.1449766737E+00  0.3565486007E+01  0.7025676520E+00
  0.1415634504E+00  0.3605863038E+01  0.6994230620E+00
  0.1381720227E+00  0.3646217240E+01  0.6958997268E+00
  0.1348009774E+00  0.3686423885E+01  0.6919680000E+00
  0.1314489918E+00  0.3726334415E+01  0.6875921460E+00
  0.1281148278E+00  0.3765770937E+01  0.6827304238E+00
  0.1247973268E+00  0.3804522364E+01  0.6773358153E+00
  0.1214954046E+00  0.3842343838E+01  0.6713574484E+00
  0.1182080468E+00  0.3878955021E+01  0.6647418792E+00
  0.1149343045E+00  0.3914034708E+01  0.6574336785E+00
  0.1116732900E+00  0.3947214677E+01  0.6493761541E+00
  0.1084241728E+00  0.3978074076E+01  0.6405126642E+00
  0.1051861765E+00  0.4006133545E+01  0.6307879159E+00
  0.1019585747E+00  0.4030849470E+01  0.6201487080E+00
  0.9874068825E-01  0.4051610149E+01  0.6085441805E+00
  0.9553188202E-01  0.4067735075E+01  0.5959255401E+00
  0.9233156218E-01  0.4078475969E+01  0.5822449918E+00
  0.8913917351E-01  0.4083017223E+01  0.5674542413E+00
  0.8595419692E-01  0.4080474250E+01  0.5515035932E+00
  0.8277614712E-01  0.4069889062E+01  0.5343424644E+00
  0.7960457047E-01  0.4050223900E+01  0.5159215250E+00
  0.7643904287E-01  0.4020356032E+01  0.4961962688E+00
  0.7327916792E-01  0.3979078527E+01  0.4751317190E+00
  0.7012457510E-01  0.3925111516E+01  0.4527079317E+00
  0.6697491809E-01  0.3857126394E+01  0.4289257893E+00
  0.6382987318E-01  0.3773782595E+01  0.4038125264E+00
  0.6068913785E-01  0.3673775174E+01  0.3774268897E+00
  0.5755242935E-01  0.3555892340E+01  0.3498645505E+00
  0.5441948345E-01  0.3419084555E+01  0.3212646579E+00
  0.5129005320E-01  0.3262549551E+01  0.2918177505E+00
  0.4816390782E-01  0.3085839913E+01  0.2617738578E+00
  0.4504083165E-01  0.2888998439E+01  0.2314485221E+00
  0.4192062316E-01  0.2672719324E+01  0.2012244628E+00
  0.3880309403E-01  0.2438523019E+01  0.1715472942E+00
  0.3568806828E-01  0.2188923240E+01  0.1429142370E+00
  0.3257538147E-01  0.1927556892E+01  0.1158547944E+00
  0.2946487995E-01  0.1659240323E+01  0.9090242649E-01
  0.2635642014E-01  0.1389909084E+01  0.6855732055E-01
  0.2324986788E-01  0.1126402321E+01  0.4924227134E-01
  0.2014509783E-01  0.8760791408E+00  0.3325561581E-01
  0.1704199287E-01  0.6463046761E+00  0.2072674893E-01
  0.1394044356E-01  0.4438989986E+00  0.1158082060E-01
  0.1084034764E-01  0.2746716475E+00  0.5521076948E-02
  0.7741609588E-02  0.1431671718E+00  0.2039624126E-02
  0.4644140138E-02  0.5274308930E-01  0.4634442060E-03
  0.1547855893E-02  0.6068285138E-02  0.2981417068E-04
