  0.9880473554E+00  0.8086524550E+00  0.1293180596E-01
  0.9641661369E+00  0.8486032843E+00  0.3669515690E-01
  0.9403569086E+00  0.8581893371E+00  0.6029168942E-01
  0.9166669282E+00  0.8682168180E+00  0.8231797426E-01
  0.8931423645E+00  0.8795589244E+00  0.1032479245E+00
  0.8698278917E+00  0.8917899377E+00  0.1232335632E+00
  0.8467663120E+00  0.9043369484E+00  0.1422729030E+00
  0.8239982125E+00  0.9170344001E+00  0.1603976149E+00
  0.8015616632E+00  0.9289882122E+00  0.1774826657E+00
  0.7794919593E+00  0.9388877679E+00  0.1930452574E+00
  0.7578214104E+00  0.9466278590E+00  0.2065797945E+00
  0.7365791789E+00  0.9532106658E+00  0.2181836724E+00
  0.7157911677E+00  0.9593415795E+00  0.2284921938E+00
  0.6954799564E+00  0.9648386841E+00  0.2379047999E+00
  0.6756647824E+00  0.9692112727E+00  0.2463534178E+00
  0.6563615673E+00  0.9721709021E+00  0.2535014922E+00
  0.6375829807E+00  0.9736504679E+00  0.2589916253E+00
  0.6193385410E+00  0.9736247516E+00  0.2626255405E+00
  0.6016347458E+00  0.9719240110E+00  0.2644272837E+00
  0.5844752278E+00  0.9683360680E+00  0.2646000831E+00
  0.5678609324E+00  0.9628207978E+00  0.2634042674E+00
  0.5517903098E+00  0.9555514361E+00  0.2609998651E+00
  0.5362595192E+00  0.9469897074E+00  0.2574446091E+00
  0.5212626395E+00  0.9376697295E+00  0.2528424961E+00
  0.5067918826E+00  0.9279763392E+00  0.2473640432E+00
  0.4928378062E+00  0.9181316846E+00  0.2412053397E+00
  0.4793895231E+00  0.9082387660E+00  0.2345544076E+00
  0.4664349032E+00  0.8983778256E+00  0.2275678598E+00
  0.4539607683E+00  0.8886428282E+00  0.2203781819E+00
  0.4419530752E+00  0.8791798110E+00  0.2130710146E+00
  0.4303970886E+00  0.8701269761E+00  0.2056971319E+00
  0.4192775411E+00  0.8615476517E+00  0.1982810188E+00
  0.4085787801E+00  0.8534238533E+00  0.1908390441E+00
  0.3982849020E+00  0.8457247067E+00  0.1833914222E+00
  0.3883798735E+00  0.8384007493E+00  0.1759553823E+00
  0.3788476389E+00  0.8314239378E+00  0.1685409076E+00
  0.3696722162E+00  0.8248062519E+00  0.1611609906E+00
  0.3608377810E+00  0.8185749910E+00  0.1538318759E+00
  0.3523287383E+00  0.8127494003E+00  0.1465822503E+00
  0.3441297848E+00  0.8073257195E+00  0.1394526965E+00
  0.3362259610E+00  0.8022884059E+00  0.1324727553E+00
  0.3286026937E+00  0.7976406426E+00  0.1256446812E+00
  0.3212458315E+00  0.7934118660E+00  0.1189511597E+00
  0.3141416719E+00  0.7896302787E+00  0.1123752185E+00
  0.3072769820E+00  0.7862939406E+00  0.1059181810E+00
  0.3006390131E+00  0.7833749032E+00  0.9959983849E-01
  0.2942155106E+00  0.7808488997E+00  0.9344784314E-01
  0.2879947188E+00  0.7787088985E+00  0.8748496774E-01
  0.2819653815E+00  0.7769513143E+00  0.8172641280E-01
  0.2761167398E+00  0.7755667602E+00  0.7618022596E-01
  0.2704385267E+00  0.7745436872E+00  0.7084709478E-01
  0.2649209587E+00  0.7738694751E+00  0.6572281503E-01
  0.2595547264E+00  0.7735394909E+00  0.6079886012E-01
  0.2543309822E+00  0.7735554408E+00  0.5606358714E-01
  0.2492413280E+00  0.7739155941E+00  0.5150645263E-01
  0.2442778002E+00  0.7746045999E+00  0.4711995207E-01
  0.2394328560E+00  0.7755964847E+00  0.4289976846E-01
  0.2346993567E+00  0.7768676125E+00  0.3884282357E-01
  0.2300705531E+00  0.7784032432E+00  0.3494295955E-01
  0.2255400686E+00  0.7802019013E+00  0.3118682120E-01
  0.2211018836E+00  0.7822731462E+00  0.2755625291E-01
  0.2167503195E+00  0.7846287503E+00  0.2403465909E-01
  0.2124800229E+00  0.7872820025E+00  0.2060989864E-01
  0.2082859499E+00  0.7902429635E+00  0.1727510324E-01
  0.2041633512E+00  0.7935219447E+00  0.1402669467E-01
  0.2001077568E+00  0.7971294461E+00  0.1086262191E-01
  0.1961149623E+00  0.8010771465E+00  0.7782427656E-02
  0.1921810143E+00  0.8053735233E+00  0.4787041866E-02
  0.1883021974E+00  0.8100302619E+00  0.1875829675E-02
  0.1844750213E+00  0.8150641219E+00 -0.9532102688E-03
  0.1806962081E+00  0.8204904473E+00 -0.3701252178E-02
  0.1769626807E+00  0.8263233934E+00 -0.6368720661E-02
  0.1732715512E+00  0.8325725335E+00 -0.8954631332E-02
  0.1696201103E+00  0.8392474985E+00 -0.1145740040E-01
  0.1660058169E+00  0.8463547279E+00 -0.1387498156E-01
  0.1624262883E+00  0.8538991768E+00 -0.1620417639E-01
  0.1588792908E+00  0.8618901537E+00 -0.1844159717E-01
  0.1553627311E+00  0.8703419266E+00 -0.2058409049E-01
  0.1518746474E+00  0.8792685566E+00 -0.2262903901E-01
  0.1484132020E+00  0.8886856644E+00 -0.2457503918E-01
  0.1449766737E+00  0.8986160497E+00 -0.2642091946E-01
  0.1415634504E+00  0.9090947364E+00 -0.2816558238E-01
  0.1381720227E+00  0.9201574133E+00 -0.2980557244E-01
  0.1348009774E+00  0.9318338191E+00 -0.3133174738E-01
  0.1314489918E+00  0.9441541209E+00 -0.3273318674E-01
  0.1281148278E+00  0.9571423597E+00 -0.3399824274E-01
  0.1247973268E+00  0.9708271856E+00 -0.3511783551E-01
  0.1214954046E+00  0.9852393273E+00 -0.3608555877E-01
  0.1182080468E+00  0.1000412628E+01 -0.3689853173E-01
  0.1149343045E+00  0.1016389026E+01 -0.3755802969E-01
  0.1116732900E+00  0.1033224854E+01 -0.3806559482E-01
  0.1084241728E+00  0.1050992729E+01 -0.3842326863E-01
  0.1051861765E+00  0.1069782507E+01 -0.3863537483E-01
  0.1019585747E+00  0.1089696954E+01 -0.3870598496E-01
  0.9874068825E-01  0.1110845436E+01 -0.3863766915E-01
  0.9553188202E-01  0.1133347117E+01 -0.3843226464E-01
  0.9233156218E-01  0.1157325725E+01 -0.3809091858E-01
  0.8913917351E-01  0.1182920806E+01 -0.3761470401E-01
  0.8595419692E-01  0.1210283129E+01 -0.3700528483E-01
  0.8277614712E-01  0.1239550981E+01 -0.3626033781E-01
  0.7960457047E-01  0.1270842495E+01 -0.3536879880E-01
  0.7643904287E-01  0.1304270517E+01 -0.3431113763E-01
  0.7327916792E-01  0.1339954575E+01 -0.3305979676E-01
  0.7012457510E-01  0.1377979240E+01 -0.3157544118E-01
  0.6697491809E-01  0.1418352450E+01 -0.2980721145E-01
  0.6382987318E-01  0.1461015807E+01 -0.2770537255E-01
  0.6068913785E-01  0.1505832993E+01 -0.2522933189E-01
  0.5755242935E-01  0.1552524351E+01 -0.2236202163E-01
  0.5441948345E-01  0.1600502919E+01 -0.1909406179E-01
  0.5129005320E-01  0.1648757625E+01 -0.1540571620E-01
  0.4816390782E-01  0.1695822786E+01 -0.1130320442E-01
  0.4504083165E-01  0.1739541349E+01 -0.6849382651E-02
  0.4192062316E-01  0.1776774144E+01 -0.2188204354E-02
  0.3880309403E-01  0.1803037511E+01  0.2462467182E-02
  0.3568806828E-01  0.1812104648E+01  0.6869842458E-02
  0.3257538147E-01  0.1795690527E+01  0.1080464098E-01
  0.2946487995E-01  0.1743686132E+01  0.1403699209E-01
  0.2635642014E-01  0.1645443012E+01  0.1628634670E-01
  0.2324986788E-01  0.1491425540E+01  0.1720568169E-01
  0.2014509783E-01  0.1276168737E+01  0.1654955586E-01
  0.1704199287E-01  0.1005795652E+01  0.1433506950E-01
  0.1394044356E-01  0.7064811876E+00  0.1092797567E-01
  0.1084034764E-01  0.4243449939E+00  0.7025443407E-02
  0.7741609588E-02  0.2063645560E+00  0.3534170994E-02
  0.4644140138E-02  0.7045690708E-01  0.1169316199E-02
  0.1547855893E-02  0.7585746093E-02  0.1158000150E-03
