   176.579210060318       0.474808715250933     
   172.311270195957       0.489489329902516     
   168.056196086381       0.530136726741421     
   163.822433393677       0.581079837418081     
   159.618233206414       0.636717141388549     
   155.451579494609       0.693314241368606     
   151.330121639319       0.749425627948941     
   147.261113198955       0.804543296828018     
   143.251357878318       0.857559160247356     
   139.307163446949       0.907221527975865     
   135.434304120570       0.953455549638908     
   131.637991683222       0.996918588556430     
   127.922855397611        1.03829745938119     
   124.292930535689        1.07831746184894     
   120.751655167705        1.11757897097785     
   117.301874681253        1.15600300705857     
   113.945853365933        1.19310481306312     
   110.685292295891        1.22859553745154     
   107.521352672047        1.26248699954314     
   104.454683746870        1.29501141457493     
   101.485454444738        1.32639683157728     
   98.6133878068723        1.35675775779929     
   95.8377974275682        1.38604410778998     
   93.1576251036987        1.41406139083459     
   90.5714789879963        1.44064440340577     
   88.0776716141424        1.46578720054829     
   85.6742572444874        1.48958701318675     
   83.3590680758360        1.51212617091827     
   81.1297489223017        1.53350559756985     
   78.9837900744312        1.55392499848653     
   76.9185581088174        1.57358621216857     
   74.9313244909856        1.59259682481035     
   73.0192918756236        1.61101320779894     
   71.1796180618079        1.62889387461406     
   69.4094376066801        1.64628767050164     
   67.7058811392198        1.66320267524682     
   66.0660924467451        1.67960470363158     
   64.4872434310744        1.69544587114329     
   62.9665470495428        1.71069118414897     
   61.5012683689587        1.72532310622417     
   60.0887338688269        1.73933941046654     
   58.7263391344180        1.75275608152385     
   57.4115550812220        1.76560561301336     
   56.1419328505671        1.77792694542670     
   54.9151075122912        1.78975348023605     
   53.7288007048107        1.80110440556344     
   52.5808223361756        1.81198175212336     
   51.4690714621050        1.82237342652747     
   50.3915364488779        1.83226042035723     
   49.3462945205699        1.84162500832371     
   48.3315107816996        1.85045616560419     
   47.3454367980272        1.85875189909762     
   46.3864088101861        1.86652038921073     
   45.4528456471065        1.87377919599903     
   44.5432463988848        1.88055210199759     
   43.6561879019057        1.88686566127790     
   42.7903220826694        1.89274642415926     
   41.9443732009144        1.89821852935961     
   41.1171350272680        1.90330224692201     
   40.3074679857804        1.90801461370329     
   39.5142962872952        1.91237206484951     
   38.7366050756516        1.91639317417052     
   37.9734376051779        1.92009942048381     
   37.2238924647916        1.92351354950636     
   36.4871208612421        1.92665664907751     
   35.7623239715876        1.92954527134143     
   35.0487503728540        1.93218947448698     
   34.3456935549642        1.93459217952316     
   33.6524895214093        1.93674968203050     
   32.9685144807448        1.93865274352100     
   32.2931826308091        1.94028783232172     
   31.6259440365488        1.94163853111850     
   30.9662826014868        1.94268722327938     
   30.3137141321581        1.94341684695418     
   29.6677844942486        1.94381232683894     
   29.0280678586931        1.94386151477055     
   28.3941650356017        1.94355566207775     
   27.7657018935780        1.94288934026325     
   27.1423278617578        1.94185972176507     
   26.5237145117222        1.94046539234809     
   25.9095542163159        1.93870499386852     
   25.2995588823229        1.93657597854710     
   24.6934587539092        1.93407387342353     
   24.0910012837327        1.93119236217237     
   23.4919500686326        1.92792383443685     
   22.8960838468528        1.92425964282565     
   22.3031955538005        1.92019001677093     
   21.7130914334160        1.91570452387049     
   21.1255902023041        1.91079372835748     
   20.5405222638675        1.90545129223370     
   19.9577289697751        1.89967490932980     
   19.3770619261975        1.89346556853168     
   18.7983823423425        1.88682619460928     
   18.2215604189268        1.87976079883824     
   17.6464747743234        1.87227442457646     
   17.0730119062268        1.86437361441440     
   16.5010656867807        1.85606704020003     
   15.9305368892130        1.84736607095467     
   15.3613327441191        1.83828529856261     
   14.7933665236333        1.82884313412540     
   14.2265571518157        1.81906234634362     
   13.6608288396764        1.80897017397014     
   13.0961107433393        1.79859786086961     
   12.5323366439363        1.78798006262699     
   11.9694446478965        1.77715491535737     
   11.4073769063716        1.76616514645869     
   10.8460793526157        1.75505974420510     
   10.2855014561989        1.74389517129509     
   9.72559599300680        1.73273538261688     
   9.16631883003705        1.72165071839084     
   8.60762872406443        1.71071635880539     
   8.04948713330724        1.70001106509667     
   7.49185804128719        1.68961659408301     
   6.93470779213629        1.67961777798123     
   6.37800493667411        1.67010299567757     
   5.82172008864918        1.66116464850486     
   5.26582579059062        1.65289937496281     
   4.71029638868772        1.64540782016772     
   4.15510791585764        1.63879333982107     
   3.60023798145383        1.63315886735552     
   3.04566566480118        1.62860230286241     
   2.49137140859834        1.62521202413098     
   1.93733690988807        1.62306344348069     
   1.38354501595939        1.62221598252546     
  0.829979653194199        1.62271038278396     
  0.276625833711815        1.62456855494336     
