   0.976094711E+00   0.100738932E+01   0.955362136E+00
   0.952237563E+00   0.100738899E+01   0.955361821E+00
   0.928476254E+00   0.100739361E+01   0.955366198E+00
   0.904857602E+00   0.100740647E+01   0.955378401E+00
   0.881427127E+00   0.100742824E+01   0.955399040E+00
   0.858228657E+00   0.100745416E+01   0.955423623E+00
   0.835303967E+00   0.100748221E+01   0.955450228E+00
   0.812692458E+00   0.100751363E+01   0.955480024E+00
   0.790430869E+00   0.100754951E+01   0.955514054E+00
   0.768553050E+00   0.100758927E+01   0.955551759E+00
   0.747089771E+00   0.100763259E+01   0.955592834E+00
   0.726068587E+00   0.100768100E+01   0.955638746E+00
   0.705513749E+00   0.100773476E+01   0.955689735E+00
   0.685446164E+00   0.100779306E+01   0.955745017E+00
   0.665883401E+00   0.100785544E+01   0.955804181E+00
   0.646839734E+00   0.100792086E+01   0.955866224E+00
   0.628326228E+00   0.100798798E+01   0.955929878E+00
   0.610350854E+00   0.100805674E+01   0.955995083E+00
   0.592918637E+00   0.100812704E+01   0.956061757E+00
   0.576031819E+00   0.100819789E+01   0.956128941E+00
   0.559690046E+00   0.100826891E+01   0.956196299E+00
   0.543890573E+00   0.100834063E+01   0.956264310E+00
   0.528628465E+00   0.100841301E+01   0.956332956E+00
   0.513896814E+00   0.100848510E+01   0.956401319E+00
   0.499686951E+00   0.100855646E+01   0.956468997E+00
   0.485988661E+00   0.100862752E+01   0.956536383E+00
   0.472790385E+00   0.100869878E+01   0.956603961E+00
   0.460079421E+00   0.100877075E+01   0.956672219E+00
   0.447842115E+00   0.100884341E+01   0.956741129E+00
   0.436064035E+00   0.100891618E+01   0.956810139E+00
   0.424730142E+00   0.100898880E+01   0.956879007E+00
   0.413824940E+00   0.100906128E+01   0.956947744E+00
   0.403332620E+00   0.100913319E+01   0.957015939E+00
   0.393237184E+00   0.100920381E+01   0.957082910E+00
   0.383522563E+00   0.100927296E+01   0.957148488E+00
   0.374172715E+00   0.100934104E+01   0.957213057E+00
   0.365171718E+00   0.100940847E+01   0.957276999E+00
   0.356503844E+00   0.100947545E+01   0.957340528E+00
   0.348153632E+00   0.100954208E+01   0.957403710E+00
   0.340105938E+00   0.100960830E+01   0.957466508E+00
   0.332345984E+00   0.100967408E+01   0.957528893E+00
   0.324859403E+00   0.100973935E+01   0.957590792E+00
   0.317632260E+00   0.100980411E+01   0.957652211E+00
   0.310651084E+00   0.100986851E+01   0.957713283E+00
   0.303902880E+00   0.100993264E+01   0.957774106E+00
   0.297375146E+00   0.100999646E+01   0.957834626E+00
   0.291055875E+00   0.101005970E+01   0.957894601E+00
   0.284933562E+00   0.101012213E+01   0.957953810E+00
   0.278997201E+00   0.101018375E+01   0.958012242E+00
   0.273236279E+00   0.101024469E+01   0.958070040E+00
   0.267640774E+00   0.101030513E+01   0.958127354E+00
   0.262201143E+00   0.101036521E+01   0.958184329E+00
   0.256908310E+00   0.101042505E+01   0.958241078E+00
   0.251753655E+00   0.101048476E+01   0.958297704E+00
   0.246729001E+00   0.101054450E+01   0.958354358E+00
   0.241826599E+00   0.101060442E+01   0.958411187E+00
   0.237039113E+00   0.101066460E+01   0.958468261E+00
   0.232359601E+00   0.101072502E+01   0.958525556E+00
   0.227781505E+00   0.101078564E+01   0.958583051E+00
   0.223298632E+00   0.101084648E+01   0.958640749E+00
   0.218905135E+00   0.101090754E+01   0.958698653E+00
   0.214595504E+00   0.101096885E+01   0.958756798E+00
   0.210364542E+00   0.101103043E+01   0.958815198E+00
   0.206207358E+00   0.101109226E+01   0.958873836E+00
   0.202119345E+00   0.101115437E+01   0.958932734E+00
   0.198096169E+00   0.101121681E+01   0.958991951E+00
   0.194133755E+00   0.101127968E+01   0.959051569E+00
   0.190228273E+00   0.101134307E+01   0.959111688E+00
   0.186376122E+00   0.101140710E+01   0.959172415E+00
   0.182573921E+00   0.101147187E+01   0.959233839E+00
   0.178818495E+00   0.101153746E+01   0.959296038E+00
   0.175106866E+00   0.101160394E+01   0.959359082E+00
   0.171436236E+00   0.101167135E+01   0.959423016E+00
   0.167803984E+00   0.101173972E+01   0.959487853E+00
   0.164207650E+00   0.101180904E+01   0.959553596E+00
   0.160644927E+00   0.101187936E+01   0.959620280E+00
   0.157113655E+00   0.101195075E+01   0.959687987E+00
   0.153611807E+00   0.101202333E+01   0.959756814E+00
   0.150137487E+00   0.101209718E+01   0.959826857E+00
   0.146688917E+00   0.101217242E+01   0.959898210E+00
   0.143264431E+00   0.101224913E+01   0.959970951E+00
   0.139862470E+00   0.101232735E+01   0.960045138E+00
   0.136481575E+00   0.101240714E+01   0.960120801E+00
   0.133120380E+00   0.101248850E+01   0.960197965E+00
   0.129777604E+00   0.101257150E+01   0.960276675E+00
   0.126452052E+00   0.101265621E+01   0.960357007E+00
   0.123142602E+00   0.101274274E+01   0.960439070E+00
   0.119848207E+00   0.101283121E+01   0.960522973E+00
   0.116567886E+00   0.101292174E+01   0.960608824E+00
   0.113300723E+00   0.101301446E+01   0.960696755E+00
   0.110045857E+00   0.101310952E+01   0.960786907E+00
   0.106802488E+00   0.101320706E+01   0.960879412E+00
   0.103569865E+00   0.101330723E+01   0.960974412E+00
   0.100347285E+00   0.101341021E+01   0.961072073E+00
   0.971340918E-01   0.101351623E+01   0.961172614E+00
   0.939296722E-01   0.101362557E+01   0.961276304E+00
   0.907334521E-01   0.101373855E+01   0.961383453E+00
   0.875448949E-01   0.101385553E+01   0.961494394E+00
   0.843634989E-01   0.101397690E+01   0.961609489E+00
   0.811887953E-01   0.101410308E+01   0.961729159E+00
   0.780203456E-01   0.101423462E+01   0.961853902E+00
   0.748577401E-01   0.101437212E+01   0.961984303E+00
   0.717005957E-01   0.101451629E+01   0.962121022E+00
   0.685485545E-01   0.101466796E+01   0.962264863E+00
   0.654012817E-01   0.101482819E+01   0.962416816E+00
   0.622584647E-01   0.101499832E+01   0.962578157E+00
   0.591198110E-01   0.101518021E+01   0.962750659E+00
   0.559850477E-01   0.101537642E+01   0.962936732E+00
   0.528539192E-01   0.101559029E+01   0.963139557E+00
   0.497261872E-01   0.101582626E+01   0.963363342E+00
   0.466016285E-01   0.101609032E+01   0.963613764E+00
   0.434800348E-01   0.101639065E+01   0.963898583E+00
   0.403612115E-01   0.101673857E+01   0.964228532E+00
   0.372449766E-01   0.101715004E+01   0.964618753E+00
   0.341311600E-01   0.101764788E+01   0.965090888E+00
   0.310196029E-01   0.101826459E+01   0.965675741E+00
   0.279101570E-01   0.101904700E+01   0.966417741E+00
   0.248026833E-01   0.102006343E+01   0.967381683E+00
   0.216970524E-01   0.102141315E+01   0.968661696E+00
   0.185931432E-01   0.102323703E+01   0.970391384E+00
   0.154908425E-01   0.102572753E+01   0.972753257E+00
   0.123900446E-01   0.102912491E+01   0.975975180E+00
   0.929065068E-02   0.103366731E+01   0.980282985E+00
   0.619256849E-02   0.103946520E+01   0.985781433E+00
   0.309571179E-02   0.104639418E+01   0.992352561E+00
   0.000000000E+00   0.105445808E+01   0.100000000E+01
