   0.976094711E+00   0.100144544E+01   0.946283054E+00
   0.952237563E+00   0.100145279E+01   0.946289999E+00
   0.928476254E+00   0.100146909E+01   0.946305406E+00
   0.904857602E+00   0.100149464E+01   0.946329543E+00
   0.881427127E+00   0.100152716E+01   0.946360276E+00
   0.858228657E+00   0.100156363E+01   0.946394732E+00
   0.835303967E+00   0.100160373E+01   0.946432629E+00
   0.812692458E+00   0.100164957E+01   0.946475937E+00
   0.790430869E+00   0.100170208E+01   0.946525559E+00
   0.768553050E+00   0.100176055E+01   0.946580808E+00
   0.747089771E+00   0.100182344E+01   0.946640237E+00
   0.726068587E+00   0.100189061E+01   0.946703706E+00
   0.705513749E+00   0.100196342E+01   0.946772505E+00
   0.685446164E+00   0.100204224E+01   0.946846978E+00
   0.665883401E+00   0.100212608E+01   0.946926207E+00
   0.646839734E+00   0.100221345E+01   0.947008763E+00
   0.628326228E+00   0.100230263E+01   0.947093025E+00
   0.610350854E+00   0.100239293E+01   0.947178352E+00
   0.592918637E+00   0.100248462E+01   0.947264994E+00
   0.576031819E+00   0.100257761E+01   0.947352866E+00
   0.559690046E+00   0.100267123E+01   0.947441322E+00
   0.543890573E+00   0.100276469E+01   0.947529638E+00
   0.528628465E+00   0.100285780E+01   0.947617621E+00
   0.513896814E+00   0.100295093E+01   0.947705622E+00
   0.499686951E+00   0.100304444E+01   0.947793979E+00
   0.485988661E+00   0.100313853E+01   0.947882886E+00
   0.472790385E+00   0.100323327E+01   0.947972406E+00
   0.460079421E+00   0.100332814E+01   0.948062052E+00
   0.447842115E+00   0.100342279E+01   0.948151489E+00
   0.436064035E+00   0.100351741E+01   0.948240897E+00
   0.424730142E+00   0.100361229E+01   0.948330550E+00
   0.413824940E+00   0.100370752E+01   0.948420534E+00
   0.403332620E+00   0.100380279E+01   0.948510553E+00
   0.393237184E+00   0.100389757E+01   0.948600114E+00
   0.383522563E+00   0.100399159E+01   0.948688956E+00
   0.374172715E+00   0.100408477E+01   0.948777003E+00
   0.365171718E+00   0.100417694E+01   0.948864092E+00
   0.356503844E+00   0.100426809E+01   0.948950227E+00
   0.348153632E+00   0.100435843E+01   0.949035594E+00
   0.340105938E+00   0.100444806E+01   0.949120285E+00
   0.332345984E+00   0.100453713E+01   0.949204443E+00
   0.324859403E+00   0.100462584E+01   0.949288270E+00
   0.317632260E+00   0.100471430E+01   0.949371858E+00
   0.310651084E+00   0.100480244E+01   0.949455142E+00
   0.303902880E+00   0.100488996E+01   0.949537845E+00
   0.297375146E+00   0.100497650E+01   0.949619610E+00
   0.291055875E+00   0.100506183E+01   0.949700244E+00
   0.284933562E+00   0.100514595E+01   0.949779727E+00
   0.278997201E+00   0.100522895E+01   0.949858158E+00
   0.273236279E+00   0.100531099E+01   0.949935683E+00
   0.267640774E+00   0.100539227E+01   0.950012484E+00
   0.262201143E+00   0.100547303E+01   0.950088794E+00
   0.256908310E+00   0.100555351E+01   0.950164839E+00
   0.251753655E+00   0.100563393E+01   0.950240833E+00
   0.246729001E+00   0.100571452E+01   0.950316982E+00
   0.241826599E+00   0.100579543E+01   0.950393432E+00
   0.237039113E+00   0.100587674E+01   0.950470268E+00
   0.232359601E+00   0.100595847E+01   0.950547491E+00
   0.227781505E+00   0.100604051E+01   0.950625020E+00
   0.223298632E+00   0.100612281E+01   0.950702779E+00
   0.218905135E+00   0.100620530E+01   0.950780724E+00
   0.214595504E+00   0.100628802E+01   0.950858890E+00
   0.210364542E+00   0.100637113E+01   0.950937421E+00
   0.206207358E+00   0.100645484E+01   0.951016528E+00
   0.202119345E+00   0.100653941E+01   0.951096432E+00
   0.198096169E+00   0.100662503E+01   0.951177338E+00
   0.194133755E+00   0.100671188E+01   0.951259406E+00
   0.190228273E+00   0.100680005E+01   0.951342721E+00
   0.186376122E+00   0.100688956E+01   0.951427297E+00
   0.182573921E+00   0.100698042E+01   0.951513150E+00
   0.178818495E+00   0.100707267E+01   0.951600322E+00
   0.175106866E+00   0.100716639E+01   0.951688881E+00
   0.171436236E+00   0.100726166E+01   0.951778904E+00
   0.167803984E+00   0.100735855E+01   0.951870453E+00
   0.164207650E+00   0.100745713E+01   0.951963601E+00
   0.160644927E+00   0.100755751E+01   0.952058455E+00
   0.157113655E+00   0.100765984E+01   0.952155147E+00
   0.153611807E+00   0.100776428E+01   0.952253838E+00
   0.150137487E+00   0.100787102E+01   0.952354697E+00
   0.146688917E+00   0.100798022E+01   0.952457880E+00
   0.143264431E+00   0.100809201E+01   0.952563511E+00
   0.139862470E+00   0.100820652E+01   0.952671718E+00
   0.136481575E+00   0.100832393E+01   0.952782659E+00
   0.133120380E+00   0.100844439E+01   0.952896483E+00
   0.129777604E+00   0.100856805E+01   0.953013335E+00
   0.126452052E+00   0.100869509E+01   0.953133373E+00
   0.123142602E+00   0.100882567E+01   0.953256760E+00
   0.119848207E+00   0.100895993E+01   0.953383630E+00
   0.116567886E+00   0.100909804E+01   0.953514133E+00
   0.113300723E+00   0.100924019E+01   0.953648452E+00
   0.110045857E+00   0.100938658E+01   0.953786776E+00
   0.106802488E+00   0.100953746E+01   0.953929342E+00
   0.103569865E+00   0.100969312E+01   0.954076432E+00
   0.100347285E+00   0.100985391E+01   0.954228363E+00
   0.971340918E-01   0.101002019E+01   0.954385483E+00
   0.939296722E-01   0.101019235E+01   0.954548163E+00
   0.907334521E-01   0.101037084E+01   0.954716815E+00
   0.875448949E-01   0.101055616E+01   0.954891929E+00
   0.843634989E-01   0.101074893E+01   0.955074081E+00
   0.811887953E-01   0.101094985E+01   0.955263935E+00
   0.780203456E-01   0.101115979E+01   0.955462309E+00
   0.748577401E-01   0.101137982E+01   0.955670225E+00
   0.717005957E-01   0.101161127E+01   0.955888924E+00
   0.685485545E-01   0.101185570E+01   0.956119885E+00
   0.654012817E-01   0.101211498E+01   0.956364887E+00
   0.622584647E-01   0.101239147E+01   0.956626144E+00
   0.591198110E-01   0.101268807E+01   0.956906410E+00
   0.559850477E-01   0.101300840E+01   0.957209092E+00
   0.528539192E-01   0.101335705E+01   0.957538540E+00
   0.497261872E-01   0.101374010E+01   0.957900494E+00
   0.466016285E-01   0.101416558E+01   0.958302538E+00
   0.434800348E-01   0.101464429E+01   0.958754876E+00
   0.403612115E-01   0.101519094E+01   0.959271417E+00
   0.372449766E-01   0.101582524E+01   0.959870780E+00
   0.341311600E-01   0.101657372E+01   0.960578024E+00
   0.310196029E-01   0.101747288E+01   0.961427664E+00
   0.279101570E-01   0.101857386E+01   0.962467994E+00
   0.248026833E-01   0.101994899E+01   0.963767377E+00
   0.216970524E-01   0.102170135E+01   0.965423212E+00
   0.185931432E-01   0.102397711E+01   0.967573621E+00
   0.154908425E-01   0.102697935E+01   0.970410483E+00
   0.123900446E-01   0.103095927E+01   0.974171185E+00
   0.929065068E-02   0.103613010E+01   0.979057187E+00
   0.619256849E-02   0.104251685E+01   0.985092137E+00
   0.309571179E-02   0.104991580E+01   0.992083532E+00
   0.000000000E+00   0.105829375E+01   0.100000000E+01
