  0.9880473554E+00  0.6383872671E-02
  0.9641661369E+00  0.1740546444E-01
  0.9403569086E+00  0.2811270182E-01
  0.9166669282E+00  0.3820801162E-01
  0.8931423645E+00  0.4889775956E-01
  0.8698278917E+00  0.6065219676E-01
  0.8467663120E+00  0.7284921786E-01
  0.8239982125E+00  0.8514725103E-01
  0.8015616632E+00  0.9810170845E-01
  0.7794919593E+00  0.1119676976E+00
  0.7578214104E+00  0.1267663910E+00
  0.7365791789E+00  0.1420111321E+00
  0.7157911677E+00  0.1578256787E+00
  0.6954799564E+00  0.1742975734E+00
  0.6756647824E+00  0.1910184185E+00
  0.6563615673E+00  0.2078699353E+00
  0.6375829807E+00  0.2254102660E+00
  0.6193385410E+00  0.2434446135E+00
  0.6016347458E+00  0.2613782832E+00
  0.5844752278E+00  0.2787708044E+00
  0.5678609324E+00  0.2956345169E+00
  0.5517903098E+00  0.3119417357E+00
  0.5362595192E+00  0.3278440267E+00
  0.5212626395E+00  0.3437574394E+00
  0.5067918826E+00  0.3598371320E+00
  0.4928378062E+00  0.3758264426E+00
  0.4793895231E+00  0.3914888897E+00
  0.4664349032E+00  0.4065284157E+00
  0.4539607683E+00  0.4207335619E+00
  0.4419530752E+00  0.4343953459E+00
  0.4303970886E+00  0.4477697427E+00
  0.4192775411E+00  0.4610793779E+00
  0.4085787801E+00  0.4743814253E+00
  0.3982849020E+00  0.4876583073E+00
  0.3883798735E+00  0.5008352122E+00
  0.3788476389E+00  0.5137647762E+00
  0.3696722162E+00  0.5262579999E+00
  0.3608377810E+00  0.5382128875E+00
  0.3523287383E+00  0.5496052714E+00
  0.3441297848E+00  0.5605056574E+00
  0.3362259610E+00  0.5709629771E+00
  0.3286026937E+00  0.5809803355E+00
  0.3212458315E+00  0.5905715131E+00
  0.3141416719E+00  0.5997914449E+00
  0.3072769820E+00  0.6086820636E+00
  0.3006390131E+00  0.6172855907E+00
  0.2942155106E+00  0.6257194117E+00
  0.2879947188E+00  0.6340440079E+00
  0.2819653815E+00  0.6422921897E+00
  0.2761167398E+00  0.6504450141E+00
  0.2704385267E+00  0.6584430527E+00
  0.2649209587E+00  0.6662310937E+00
  0.2595547264E+00  0.6737775751E+00
  0.2543309822E+00  0.6810518227E+00
  0.2492413280E+00  0.6880811641E+00
  0.2442778002E+00  0.6949292353E+00
  0.2394328560E+00  0.7016031985E+00
  0.2346993567E+00  0.7081025515E+00
  0.2300705531E+00  0.7144154742E+00
  0.2255400686E+00  0.7205384647E+00
  0.2211018836E+00  0.7264635609E+00
  0.2167503195E+00  0.7321807676E+00
  0.2124800229E+00  0.7377088092E+00
  0.2082859499E+00  0.7430840736E+00
  0.2041633512E+00  0.7483517360E+00
  0.2001077568E+00  0.7535309962E+00
  0.1961149623E+00  0.7586471142E+00
  0.1921810143E+00  0.7637372276E+00
  0.1883021974E+00  0.7688146099E+00
  0.1844750213E+00  0.7738626450E+00
  0.1806962081E+00  0.7788809429E+00
  0.1769626807E+00  0.7838579238E+00
  0.1732715512E+00  0.7887861752E+00
  0.1696201103E+00  0.7936726082E+00
  0.1660058169E+00  0.7985321009E+00
  0.1624262883E+00  0.8033906581E+00
  0.1588792908E+00  0.8082422256E+00
  0.1553627311E+00  0.8131059715E+00
  0.1518746474E+00  0.8180119983E+00
  0.1484132020E+00  0.8230128940E+00
  0.1449766737E+00  0.8281515048E+00
  0.1415634504E+00  0.8334397704E+00
  0.1381720227E+00  0.8388991254E+00
  0.1348009774E+00  0.8445515159E+00
  0.1314489918E+00  0.8503864853E+00
  0.1281148278E+00  0.8563717271E+00
  0.1247973268E+00  0.8624841246E+00
  0.1214954046E+00  0.8687314038E+00
  0.1182080468E+00  0.8750737050E+00
  0.1149343045E+00  0.8814837799E+00
  0.1116732900E+00  0.8878948109E+00
  0.1084241728E+00  0.8942289935E+00
  0.1051861765E+00  0.9004496820E+00
  0.1019585747E+00  0.9065439467E+00
  0.9874068825E-01  0.9125326969E+00
  0.9553188202E-01  0.9184331243E+00
  0.9233156218E-01  0.9242218565E+00
  0.8913917351E-01  0.9298359604E+00
  0.8595419692E-01  0.9351600309E+00
  0.8277614712E-01  0.9400656916E+00
  0.7960457047E-01  0.9444307816E+00
  0.7643904287E-01  0.9481451890E+00
  0.7327916792E-01  0.9511090046E+00
  0.7012457510E-01  0.9532430709E+00
  0.6697491809E-01  0.9544489612E+00
  0.6382987318E-01  0.9546361392E+00
  0.6068913785E-01  0.9536790128E+00
  0.5755242935E-01  0.9513844528E+00
  0.5441948345E-01  0.9474141197E+00
  0.5129005320E-01  0.9412828855E+00
  0.4816390782E-01  0.9324328933E+00
  0.4504083165E-01  0.9201439514E+00
  0.4192062316E-01  0.9034959789E+00
  0.3880309403E-01  0.8814495649E+00
  0.3568806828E-01  0.8526422550E+00
  0.3257538147E-01  0.8146564820E+00
  0.2946487995E-01  0.7638984874E+00
  0.2635642014E-01  0.6961496700E+00
  0.2324986788E-01  0.6071365723E+00
  0.2014509783E-01  0.4944908742E+00
  0.1704199287E-01  0.3618658668E+00
  0.1394044356E-01  0.2240193291E+00
  0.1084034764E-01  0.1077019608E+00
  0.7741609588E-02  0.3599414315E-01
  0.4644140138E-02  0.7245059067E-02
  0.1547855893E-02  0.6087113396E-03
