   0.42479E+03   0.25999E+03   0.98805E+00   0.13696E+02   0.13698E+02   0.54362E+01   0.54370E+01   0.15167E+02   0.60508E+01   0.13567E+02
   0.41452E+03   0.25371E+03   0.96417E+00   0.13699E+02   0.13701E+02   0.54372E+01   0.54381E+01   0.15170E+02   0.60508E+01   0.13569E+02
   0.40428E+03   0.24747E+03   0.94036E+00   0.13705E+02   0.13707E+02   0.54397E+01   0.54406E+01   0.15174E+02   0.60551E+01   0.13574E+02
   0.39410E+03   0.24127E+03   0.91667E+00   0.13715E+02   0.13717E+02   0.54437E+01   0.54446E+01   0.15182E+02   0.60620E+01   0.13582E+02
   0.38399E+03   0.23514E+03   0.89314E+00   0.13729E+02   0.13731E+02   0.54492E+01   0.54502E+01   0.15192E+02   0.60715E+01   0.13593E+02
   0.37396E+03   0.22907E+03   0.86983E+00   0.13747E+02   0.13750E+02   0.54564E+01   0.54575E+01   0.15206E+02   0.60841E+01   0.13607E+02
   0.36405E+03   0.22307E+03   0.84677E+00   0.13770E+02   0.13773E+02   0.54656E+01   0.54668E+01   0.15225E+02   0.61001E+01   0.13627E+02
   0.35426E+03   0.21714E+03   0.82400E+00   0.13799E+02   0.13802E+02   0.54769E+01   0.54781E+01   0.15248E+02   0.61196E+01   0.13650E+02
   0.34461E+03   0.21132E+03   0.80156E+00   0.13832E+02   0.13836E+02   0.54902E+01   0.54916E+01   0.15276E+02   0.61427E+01   0.13679E+02
   0.33512E+03   0.20559E+03   0.77949E+00   0.13871E+02   0.13875E+02   0.55056E+01   0.55072E+01   0.15309E+02   0.61693E+01   0.13712E+02
   0.32581E+03   0.19998E+03   0.75782E+00   0.13914E+02   0.13918E+02   0.55227E+01   0.55245E+01   0.15346E+02   0.61990E+01   0.13748E+02
   0.31667E+03   0.19448E+03   0.73658E+00   0.13961E+02   0.13965E+02   0.55412E+01   0.55431E+01   0.15385E+02   0.62310E+01   0.13788E+02
   0.30774E+03   0.18910E+03   0.71579E+00   0.14010E+02   0.14016E+02   0.55610E+01   0.55631E+01   0.15427E+02   0.62653E+01   0.13830E+02
   0.29901E+03   0.18385E+03   0.69548E+00   0.14064E+02   0.14070E+02   0.55821E+01   0.55845E+01   0.15472E+02   0.63018E+01   0.13875E+02
   0.29049E+03   0.17873E+03   0.67566E+00   0.14120E+02   0.14127E+02   0.56045E+01   0.56072E+01   0.15519E+02   0.63407E+01   0.13922E+02
   0.28219E+03   0.17375E+03   0.65636E+00   0.14180E+02   0.14187E+02   0.56283E+01   0.56312E+01   0.15569E+02   0.63819E+01   0.13973E+02
   0.27411E+03   0.16890E+03   0.63758E+00   0.14243E+02   0.14251E+02   0.56534E+01   0.56566E+01   0.15621E+02   0.64252E+01   0.14026E+02
   0.26627E+03   0.16419E+03   0.61934E+00   0.14309E+02   0.14318E+02   0.56796E+01   0.56831E+01   0.15677E+02   0.64706E+01   0.14082E+02
   0.25866E+03   0.15962E+03   0.60163E+00   0.14378E+02   0.14388E+02   0.57069E+01   0.57107E+01   0.15735E+02   0.65178E+01   0.14140E+02
   0.25128E+03   0.15519E+03   0.58448E+00   0.14449E+02   0.14459E+02   0.57350E+01   0.57391E+01   0.15795E+02   0.65664E+01   0.14200E+02
   0.24414E+03   0.15090E+03   0.56786E+00   0.14521E+02   0.14532E+02   0.57638E+01   0.57681E+01   0.15856E+02   0.66161E+01   0.14261E+02
   0.23723E+03   0.14674E+03   0.55179E+00   0.14595E+02   0.14607E+02   0.57931E+01   0.57978E+01   0.15918E+02   0.66667E+01   0.14323E+02
   0.23055E+03   0.14273E+03   0.53626E+00   0.14670E+02   0.14683E+02   0.58228E+01   0.58279E+01   0.15982E+02   0.67181E+01   0.14387E+02
   0.22410E+03   0.13885E+03   0.52126E+00   0.14746E+02   0.14760E+02   0.58530E+01   0.58584E+01   0.16046E+02   0.67702E+01   0.14451E+02
   0.21788E+03   0.13510E+03   0.50679E+00   0.14823E+02   0.14838E+02   0.58835E+01   0.58893E+01   0.16111E+02   0.68229E+01   0.14516E+02
   0.21188E+03   0.13149E+03   0.49284E+00   0.14901E+02   0.14916E+02   0.59143E+01   0.59204E+01   0.16176E+02   0.68759E+01   0.14582E+02
   0.20610E+03   0.12800E+03   0.47939E+00   0.14979E+02   0.14995E+02   0.59453E+01   0.59518E+01   0.16242E+02   0.69294E+01   0.14647E+02
   0.20053E+03   0.12465E+03   0.46643E+00   0.15057E+02   0.15075E+02   0.59765E+01   0.59834E+01   0.16308E+02   0.69832E+01   0.14713E+02
   0.19517E+03   0.12141E+03   0.45396E+00   0.15136E+02   0.15154E+02   0.60077E+01   0.60150E+01   0.16373E+02   0.70370E+01   0.14779E+02
   0.19001E+03   0.11830E+03   0.44195E+00   0.15214E+02   0.15234E+02   0.60388E+01   0.60465E+01   0.16438E+02   0.70906E+01   0.14845E+02
   0.18504E+03   0.11530E+03   0.43040E+00   0.15292E+02   0.15312E+02   0.60697E+01   0.60777E+01   0.16502E+02   0.71437E+01   0.14910E+02
   0.18026E+03   0.11242E+03   0.41928E+00   0.15369E+02   0.15390E+02   0.61003E+01   0.61087E+01   0.16565E+02   0.71964E+01   0.14973E+02
   0.17566E+03   0.10964E+03   0.40858E+00   0.15446E+02   0.15468E+02   0.61306E+01   0.61394E+01   0.16627E+02   0.72485E+01   0.15036E+02
   0.17123E+03   0.10697E+03   0.39828E+00   0.15521E+02   0.15544E+02   0.61606E+01   0.61698E+01   0.16688E+02   0.73001E+01   0.15098E+02
   0.16697E+03   0.10440E+03   0.38838E+00   0.15596E+02   0.15620E+02   0.61903E+01   0.61999E+01   0.16748E+02   0.73512E+01   0.15160E+02
   0.16288E+03   0.10192E+03   0.37885E+00   0.15670E+02   0.15695E+02   0.62197E+01   0.62296E+01   0.16807E+02   0.74017E+01   0.15220E+02
   0.15893E+03   0.99536E+02   0.36967E+00   0.15743E+02   0.15769E+02   0.62486E+01   0.62589E+01   0.16865E+02   0.74513E+01   0.15279E+02
   0.15513E+03   0.97239E+02   0.36084E+00   0.15814E+02   0.15841E+02   0.62770E+01   0.62878E+01   0.16921E+02   0.75001E+01   0.15337E+02
   0.15148E+03   0.95024E+02   0.35233E+00   0.15885E+02   0.15913E+02   0.63049E+01   0.63160E+01   0.16975E+02   0.75480E+01   0.15393E+02
   0.14795E+03   0.92889E+02   0.34413E+00   0.15953E+02   0.15983E+02   0.63322E+01   0.63438E+01   0.17028E+02   0.75948E+01   0.15448E+02
   0.14455E+03   0.90830E+02   0.33623E+00   0.16021E+02   0.16051E+02   0.63590E+01   0.63709E+01   0.17080E+02   0.76407E+01   0.15502E+02
   0.14127E+03   0.88844E+02   0.32860E+00   0.16087E+02   0.16118E+02   0.63852E+01   0.63975E+01   0.17130E+02   0.76856E+01   0.15554E+02
   0.13811E+03   0.86926E+02   0.32125E+00   0.16151E+02   0.16184E+02   0.64108E+01   0.64235E+01   0.17178E+02   0.77295E+01   0.15604E+02
   0.13506E+03   0.85074E+02   0.31414E+00   0.16214E+02   0.16248E+02   0.64358E+01   0.64490E+01   0.17224E+02   0.77724E+01   0.15653E+02
   0.13211E+03   0.83284E+02   0.30728E+00   0.16276E+02   0.16310E+02   0.64603E+01   0.64739E+01   0.17269E+02   0.78144E+01   0.15701E+02
   0.12925E+03   0.81552E+02   0.30064E+00   0.16336E+02   0.16372E+02   0.64842E+01   0.64982E+01   0.17312E+02   0.78553E+01   0.15747E+02
   0.12649E+03   0.79874E+02   0.29422E+00   0.16395E+02   0.16432E+02   0.65076E+01   0.65220E+01   0.17353E+02   0.78953E+01   0.15792E+02
   0.12382E+03   0.78248E+02   0.28799E+00   0.16453E+02   0.16490E+02   0.65304E+01   0.65452E+01   0.17394E+02   0.79343E+01   0.15835E+02
   0.12122E+03   0.76671E+02   0.28197E+00   0.16509E+02   0.16547E+02   0.65527E+01   0.65679E+01   0.17433E+02   0.79724E+01   0.15877E+02
   0.11871E+03   0.75141E+02   0.27612E+00   0.16564E+02   0.16603E+02   0.65745E+01   0.65901E+01   0.17470E+02   0.80097E+01   0.15918E+02
   0.11627E+03   0.73653E+02   0.27044E+00   0.16617E+02   0.16658E+02   0.65958E+01   0.66118E+01   0.17506E+02   0.80461E+01   0.15958E+02
   0.11390E+03   0.72207E+02   0.26492E+00   0.16670E+02   0.16711E+02   0.66166E+01   0.66330E+01   0.17541E+02   0.80816E+01   0.15997E+02
   0.11159E+03   0.70800E+02   0.25955E+00   0.16721E+02   0.16763E+02   0.66369E+01   0.66537E+01   0.17575E+02   0.81164E+01   0.16034E+02
   0.10934E+03   0.69430E+02   0.25433E+00   0.16771E+02   0.16815E+02   0.66568E+01   0.66740E+01   0.17607E+02   0.81504E+01   0.16070E+02
   0.10716E+03   0.68095E+02   0.24924E+00   0.16820E+02   0.16865E+02   0.66763E+01   0.66938E+01   0.17638E+02   0.81835E+01   0.16105E+02
   0.10502E+03   0.66792E+02   0.24428E+00   0.16868E+02   0.16913E+02   0.66953E+01   0.67132E+01   0.17667E+02   0.82160E+01   0.16138E+02
   0.10294E+03   0.65520E+02   0.23943E+00   0.16915E+02   0.16961E+02   0.67139E+01   0.67322E+01   0.17695E+02   0.82477E+01   0.16171E+02
   0.10090E+03   0.64277E+02   0.23470E+00   0.16961E+02   0.17008E+02   0.67322E+01   0.67508E+01   0.17722E+02   0.82788E+01   0.16202E+02
   0.98913E+02   0.63061E+02   0.23007E+00   0.17006E+02   0.17054E+02   0.67500E+01   0.67691E+01   0.17747E+02   0.83092E+01   0.16232E+02
   0.96966E+02   0.61871E+02   0.22554E+00   0.17050E+02   0.17099E+02   0.67675E+01   0.67870E+01   0.17771E+02   0.83390E+01   0.16261E+02
   0.95058E+02   0.60704E+02   0.22110E+00   0.17093E+02   0.17143E+02   0.67847E+01   0.68045E+01   0.17794E+02   0.83682E+01   0.16289E+02
   0.93187E+02   0.59560E+02   0.21675E+00   0.17136E+02   0.17187E+02   0.68015E+01   0.68218E+01   0.17816E+02   0.83969E+01   0.16316E+02
   0.91351E+02   0.58436E+02   0.21248E+00   0.17177E+02   0.17229E+02   0.68180E+01   0.68387E+01   0.17837E+02   0.84250E+01   0.16342E+02
   0.89548E+02   0.57332E+02   0.20829E+00   0.17218E+02   0.17271E+02   0.68342E+01   0.68553E+01   0.17856E+02   0.84525E+01   0.16367E+02
   0.87775E+02   0.56247E+02   0.20416E+00   0.17258E+02   0.17312E+02   0.68502E+01   0.68716E+01   0.17875E+02   0.84796E+01   0.16391E+02
   0.86032E+02   0.55178E+02   0.20011E+00   0.17298E+02   0.17353E+02   0.68658E+01   0.68877E+01   0.17892E+02   0.85061E+01   0.16414E+02
   0.84315E+02   0.54126E+02   0.19611E+00   0.17336E+02   0.17393E+02   0.68811E+01   0.69034E+01   0.17907E+02   0.85321E+01   0.16436E+02
   0.82624E+02   0.53090E+02   0.19218E+00   0.17374E+02   0.17432E+02   0.68961E+01   0.69189E+01   0.17922E+02   0.85577E+01   0.16457E+02
   0.80956E+02   0.52068E+02   0.18830E+00   0.17411E+02   0.17470E+02   0.69109E+01   0.69341E+01   0.17934E+02   0.85827E+01   0.16477E+02
   0.79311E+02   0.51059E+02   0.18448E+00   0.17448E+02   0.17507E+02   0.69253E+01   0.69489E+01   0.17946E+02   0.86071E+01   0.16495E+02
   0.77686E+02   0.50062E+02   0.18070E+00   0.17483E+02   0.17544E+02   0.69395E+01   0.69635E+01   0.17956E+02   0.86311E+01   0.16513E+02
   0.76081E+02   0.49077E+02   0.17696E+00   0.17518E+02   0.17580E+02   0.69533E+01   0.69778E+01   0.17965E+02   0.86545E+01   0.16529E+02
   0.74494E+02   0.48103E+02   0.17327E+00   0.17552E+02   0.17615E+02   0.69667E+01   0.69917E+01   0.17971E+02   0.86773E+01   0.16544E+02
   0.72924E+02   0.47139E+02   0.16962E+00   0.17585E+02   0.17649E+02   0.69799E+01   0.70054E+01   0.17977E+02   0.86995E+01   0.16557E+02
   0.71370E+02   0.46185E+02   0.16601E+00   0.17617E+02   0.17683E+02   0.69927E+01   0.70186E+01   0.17980E+02   0.87212E+01   0.16570E+02
   0.69831E+02   0.45239E+02   0.16243E+00   0.17649E+02   0.17715E+02   0.70051E+01   0.70315E+01   0.17982E+02   0.87421E+01   0.16580E+02
   0.68306E+02   0.44301E+02   0.15888E+00   0.17679E+02   0.17747E+02   0.70171E+01   0.70440E+01   0.17982E+02   0.87624E+01   0.16590E+02
   0.66795E+02   0.43371E+02   0.15536E+00   0.17708E+02   0.17777E+02   0.70287E+01   0.70561E+01   0.17980E+02   0.87820E+01   0.16597E+02
   0.65295E+02   0.42448E+02   0.15187E+00   0.17736E+02   0.17807E+02   0.70398E+01   0.70677E+01   0.17976E+02   0.88008E+01   0.16603E+02
   0.63807E+02   0.41532E+02   0.14841E+00   0.17763E+02   0.17835E+02   0.70505E+01   0.70789E+01   0.17970E+02   0.88188E+01   0.16607E+02
   0.62329E+02   0.40622E+02   0.14498E+00   0.17789E+02   0.17861E+02   0.70606E+01   0.70895E+01   0.17961E+02   0.88359E+01   0.16609E+02
   0.60862E+02   0.39718E+02   0.14156E+00   0.17813E+02   0.17887E+02   0.70702E+01   0.70996E+01   0.17950E+02   0.88520E+01   0.16609E+02
   0.59404E+02   0.38819E+02   0.13817E+00   0.17835E+02   0.17911E+02   0.70792E+01   0.71092E+01   0.17935E+02   0.88671E+01   0.16607E+02
   0.57954E+02   0.37925E+02   0.13480E+00   0.17856E+02   0.17933E+02   0.70875E+01   0.71180E+01   0.17918E+02   0.88811E+01   0.16603E+02
   0.56513E+02   0.37036E+02   0.13145E+00   0.17876E+02   0.17954E+02   0.70951E+01   0.71262E+01   0.17898E+02   0.88940E+01   0.16595E+02
   0.55080E+02   0.36151E+02   0.12811E+00   0.17893E+02   0.17973E+02   0.71020E+01   0.71337E+01   0.17874E+02   0.89055E+01   0.16585E+02
   0.53654E+02   0.35270E+02   0.12480E+00   0.17908E+02   0.17990E+02   0.71081E+01   0.71404E+01   0.17847E+02   0.89157E+01   0.16572E+02
   0.52234E+02   0.34392E+02   0.12150E+00   0.17921E+02   0.18004E+02   0.71133E+01   0.71462E+01   0.17816E+02   0.89244E+01   0.16556E+02
   0.50821E+02   0.33518E+02   0.11821E+00   0.17932E+02   0.18017E+02   0.71176E+01   0.71511E+01   0.17781E+02   0.89316E+01   0.16536E+02
   0.49413E+02   0.32647E+02   0.11493E+00   0.17940E+02   0.18026E+02   0.71208E+01   0.71550E+01   0.17741E+02   0.89370E+01   0.16513E+02
   0.48011E+02   0.31778E+02   0.11167E+00   0.17946E+02   0.18033E+02   0.71229E+01   0.71578E+01   0.17697E+02   0.89406E+01   0.16486E+02
   0.46614E+02   0.30912E+02   0.10842E+00   0.17948E+02   0.18038E+02   0.71239E+01   0.71595E+01   0.17648E+02   0.89422E+01   0.16454E+02
   0.45222E+02   0.30048E+02   0.10519E+00   0.17947E+02   0.18039E+02   0.71236E+01   0.71599E+01   0.17593E+02   0.89416E+01   0.16418E+02
   0.43835E+02   0.29187E+02   0.10196E+00   0.17943E+02   0.18036E+02   0.71219E+01   0.71589E+01   0.17533E+02   0.89388E+01   0.16378E+02
   0.42451E+02   0.28327E+02   0.98741E-01   0.17935E+02   0.18030E+02   0.71187E+01   0.71565E+01   0.17467E+02   0.89335E+01   0.16331E+02
   0.41072E+02   0.27469E+02   0.95532E-01   0.17923E+02   0.18020E+02   0.71139E+01   0.71525E+01   0.17393E+02   0.89255E+01   0.16280E+02
   0.39696E+02   0.26612E+02   0.92332E-01   0.17906E+02   0.18006E+02   0.71073E+01   0.71468E+01   0.17313E+02   0.89146E+01   0.16221E+02
   0.38323E+02   0.25756E+02   0.89139E-01   0.17885E+02   0.17987E+02   0.70988E+01   0.71392E+01   0.17225E+02   0.89005E+01   0.16156E+02
   0.36954E+02   0.24902E+02   0.85954E-01   0.17858E+02   0.17962E+02   0.70881E+01   0.71294E+01   0.17128E+02   0.88828E+01   0.16084E+02
   0.35588E+02   0.24048E+02   0.82776E-01   0.17825E+02   0.17932E+02   0.70752E+01   0.71174E+01   0.17022E+02   0.88613E+01   0.16004E+02
   0.34224E+02   0.23195E+02   0.79605E-01   0.17786E+02   0.17895E+02   0.70596E+01   0.71029E+01   0.16905E+02   0.88357E+01   0.15915E+02
   0.32863E+02   0.22343E+02   0.76439E-01   0.17740E+02   0.17851E+02   0.70413E+01   0.70856E+01   0.16778E+02   0.88054E+01   0.15816E+02
   0.31505E+02   0.21491E+02   0.73279E-01   0.17686E+02   0.17800E+02   0.70198E+01   0.70652E+01   0.16638E+02   0.87700E+01   0.15706E+02
   0.30148E+02   0.20640E+02   0.70125E-01   0.17623E+02   0.17740E+02   0.69948E+01   0.70414E+01   0.16485E+02   0.87290E+01   0.15585E+02
   0.28794E+02   0.19789E+02   0.66975E-01   0.17550E+02   0.17671E+02   0.69660E+01   0.70139E+01   0.16317E+02   0.86818E+01   0.15450E+02
   0.27442E+02   0.18939E+02   0.63830E-01   0.17467E+02   0.17591E+02   0.69328E+01   0.69821E+01   0.16131E+02   0.86275E+01   0.15299E+02
   0.26092E+02   0.18090E+02   0.60689E-01   0.17371E+02   0.17499E+02   0.68947E+01   0.69456E+01   0.15925E+02   0.85653E+01   0.15132E+02
   0.24743E+02   0.17241E+02   0.57552E-01   0.17261E+02   0.17393E+02   0.68510E+01   0.69036E+01   0.15697E+02   0.84943E+01   0.14944E+02
   0.23396E+02   0.16393E+02   0.54419E-01   0.17134E+02   0.17272E+02   0.68009E+01   0.68555E+01   0.15443E+02   0.84131E+01   0.14733E+02
   0.22051E+02   0.15547E+02   0.51290E-01   0.16990E+02   0.17133E+02   0.67436E+01   0.68004E+01   0.15158E+02   0.83203E+01   0.14495E+02
   0.20707E+02   0.14703E+02   0.48164E-01   0.16824E+02   0.16973E+02   0.66777E+01   0.67371E+01   0.14838E+02   0.82142E+01   0.14225E+02
   0.19364E+02   0.13861E+02   0.45041E-01   0.16633E+02   0.16790E+02   0.66018E+01   0.66641E+01   0.14474E+02   0.80926E+01   0.13915E+02
   0.18023E+02   0.13023E+02   0.41921E-01   0.16412E+02   0.16577E+02   0.65140E+01   0.65799E+01   0.14059E+02   0.79527E+01   0.13558E+02
   0.16682E+02   0.12190E+02   0.38803E-01   0.16155E+02   0.16331E+02   0.64121E+01   0.64820E+01   0.13580E+02   0.77912E+01   0.13143E+02
   0.15343E+02   0.11364E+02   0.35688E-01   0.15854E+02   0.16042E+02   0.62928E+01   0.63673E+01   0.13025E+02   0.76037E+01   0.12655E+02
   0.14005E+02   0.10545E+02   0.32575E-01   0.15500E+02   0.15701E+02   0.61522E+01   0.62318E+01   0.12375E+02   0.73847E+01   0.12077E+02
   0.12668E+02   0.97363E+01   0.29465E-01   0.15078E+02   0.15292E+02   0.59848E+01   0.60698E+01   0.11610E+02   0.71272E+01   0.11387E+02
   0.11331E+02   0.89372E+01   0.26356E-01   0.14571E+02   0.14797E+02   0.57836E+01   0.58731E+01   0.10710E+02   0.68224E+01   0.10559E+02
   0.99957E+01   0.81449E+01   0.23250E-01   0.13954E+02   0.14185E+02   0.55386E+01   0.56303E+01   0.96577E+01   0.64589E+01   0.95691E+01
   0.86609E+01   0.73486E+01   0.20145E-01   0.13191E+02   0.13416E+02   0.52359E+01   0.53249E+01   0.84495E+01   0.60220E+01   0.84013E+01
   0.73268E+01   0.65207E+01   0.17042E-01   0.12232E+02   0.12430E+02   0.48552E+01   0.49338E+01   0.71163E+01   0.54923E+01   0.70705E+01
   0.59934E+01   0.56063E+01   0.13940E-01   0.11002E+02   0.11154E+02   0.43670E+01   0.44273E+01   0.57383E+01   0.48454E+01   0.56466E+01
   0.46606E+01   0.45427E+01   0.10840E-01   0.94063E+01   0.95044E+01   0.37335E+01   0.37724E+01   0.44152E+01   0.40544E+01   0.42455E+01
   0.33283E+01   0.33199E+01   0.77416E-02   0.73556E+01   0.74115E+01   0.29196E+01   0.29418E+01   0.31818E+01   0.31012E+01   0.29527E+01
   0.19966E+01   0.20038E+01   0.46441E-02   0.48103E+01   0.48386E+01   0.19093E+01   0.19205E+01   0.19736E+01   0.19855E+01   0.17584E+01
   0.66546E+00   0.66546E+00   0.15479E-02   0.17686E+01   0.17767E+01   0.70198E+00   0.70520E+00   0.70198E+00   0.71315E+00   0.60078E+00
