   0.41946E+03   0.26572E+03   0.98805E+00   0.13326E+02   0.13340E+02   0.54756E+01   0.54814E+01   0.14209E+02   0.61846E+01   0.12787E+02
   0.40932E+03   0.25931E+03   0.96417E+00   0.13338E+02   0.13352E+02   0.54805E+01   0.54863E+01   0.14220E+02   0.61846E+01   0.12798E+02
   0.39921E+03   0.25295E+03   0.94036E+00   0.13366E+02   0.13380E+02   0.54918E+01   0.54977E+01   0.14246E+02   0.62036E+01   0.12822E+02
   0.38915E+03   0.24664E+03   0.91667E+00   0.13407E+02   0.13422E+02   0.55089E+01   0.55147E+01   0.14285E+02   0.62322E+01   0.12859E+02
   0.37917E+03   0.24037E+03   0.89314E+00   0.13461E+02   0.13475E+02   0.55309E+01   0.55368E+01   0.14337E+02   0.62691E+01   0.12907E+02
   0.36927E+03   0.23417E+03   0.86983E+00   0.13524E+02   0.13539E+02   0.55570E+01   0.55629E+01   0.14398E+02   0.63127E+01   0.12964E+02
   0.35948E+03   0.22804E+03   0.84677E+00   0.13597E+02   0.13611E+02   0.55868E+01   0.55928E+01   0.14468E+02   0.63626E+01   0.13030E+02
   0.34981E+03   0.22199E+03   0.82400E+00   0.13679E+02   0.13694E+02   0.56205E+01   0.56266E+01   0.14548E+02   0.64190E+01   0.13104E+02
   0.34029E+03   0.21602E+03   0.80156E+00   0.13768E+02   0.13784E+02   0.56572E+01   0.56635E+01   0.14635E+02   0.64804E+01   0.13186E+02
   0.33092E+03   0.21016E+03   0.77949E+00   0.13864E+02   0.13880E+02   0.56966E+01   0.57030E+01   0.14728E+02   0.65461E+01   0.13272E+02
   0.32172E+03   0.20441E+03   0.75782E+00   0.13965E+02   0.13981E+02   0.57381E+01   0.57447E+01   0.14825E+02   0.66156E+01   0.13363E+02
   0.31270E+03   0.19878E+03   0.73658E+00   0.14073E+02   0.14090E+02   0.57823E+01   0.57892E+01   0.14928E+02   0.66895E+01   0.13460E+02
   0.30388E+03   0.19328E+03   0.71579E+00   0.14187E+02   0.14205E+02   0.58294E+01   0.58366E+01   0.15038E+02   0.67681E+01   0.13563E+02
   0.29525E+03   0.18790E+03   0.69548E+00   0.14305E+02   0.14323E+02   0.58776E+01   0.58851E+01   0.15149E+02   0.68487E+01   0.13667E+02
   0.28684E+03   0.18267E+03   0.67566E+00   0.14423E+02   0.14442E+02   0.59260E+01   0.59339E+01   0.15260E+02   0.69297E+01   0.13772E+02
   0.27865E+03   0.17756E+03   0.65636E+00   0.14541E+02   0.14560E+02   0.59746E+01   0.59827E+01   0.15370E+02   0.70108E+01   0.13876E+02
   0.27067E+03   0.17259E+03   0.63758E+00   0.14658E+02   0.14678E+02   0.60227E+01   0.60312E+01   0.15479E+02   0.70911E+01   0.13980E+02
   0.26293E+03   0.16777E+03   0.61934E+00   0.14774E+02   0.14795E+02   0.60704E+01   0.60791E+01   0.15586E+02   0.71706E+01   0.14081E+02
   0.25541E+03   0.16309E+03   0.60163E+00   0.14890E+02   0.14912E+02   0.61181E+01   0.61272E+01   0.15692E+02   0.72503E+01   0.14182E+02
   0.24813E+03   0.15856E+03   0.58448E+00   0.15007E+02   0.15030E+02   0.61661E+01   0.61755E+01   0.15798E+02   0.73302E+01   0.14284E+02
   0.24107E+03   0.15417E+03   0.56786E+00   0.15123E+02   0.15147E+02   0.62138E+01   0.62236E+01   0.15902E+02   0.74098E+01   0.14384E+02
   0.23425E+03   0.14992E+03   0.55179E+00   0.15237E+02   0.15262E+02   0.62606E+01   0.62709E+01   0.16004E+02   0.74878E+01   0.14482E+02
   0.22766E+03   0.14582E+03   0.53626E+00   0.15348E+02   0.15374E+02   0.63062E+01   0.63170E+01   0.16101E+02   0.75637E+01   0.14576E+02
   0.22129E+03   0.14186E+03   0.52126E+00   0.15456E+02   0.15483E+02   0.63506E+01   0.63619E+01   0.16195E+02   0.76377E+01   0.14667E+02
   0.21515E+03   0.13804E+03   0.50679E+00   0.15561E+02   0.15590E+02   0.63939E+01   0.64057E+01   0.16285E+02   0.77098E+01   0.14756E+02
   0.20922E+03   0.13435E+03   0.49284E+00   0.15664E+02   0.15694E+02   0.64363E+01   0.64486E+01   0.16373E+02   0.77803E+01   0.14842E+02
   0.20352E+03   0.13079E+03   0.47939E+00   0.15765E+02   0.15796E+02   0.64777E+01   0.64905E+01   0.16459E+02   0.78492E+01   0.14925E+02
   0.19802E+03   0.12736E+03   0.46643E+00   0.15863E+02   0.15896E+02   0.65180E+01   0.65314E+01   0.16541E+02   0.79162E+01   0.15007E+02
   0.19272E+03   0.12405E+03   0.45396E+00   0.15959E+02   0.15993E+02   0.65574E+01   0.65713E+01   0.16621E+02   0.79817E+01   0.15085E+02
   0.18762E+03   0.12087E+03   0.44195E+00   0.16053E+02   0.16088E+02   0.65959E+01   0.66103E+01   0.16698E+02   0.80457E+01   0.15162E+02
   0.18272E+03   0.11781E+03   0.43040E+00   0.16144E+02   0.16180E+02   0.66335E+01   0.66483E+01   0.16773E+02   0.81080E+01   0.15236E+02
   0.17800E+03   0.11486E+03   0.41928E+00   0.16233E+02   0.16270E+02   0.66698E+01   0.66852E+01   0.16845E+02   0.81684E+01   0.15308E+02
   0.17345E+03   0.11202E+03   0.40858E+00   0.16318E+02   0.16357E+02   0.67050E+01   0.67209E+01   0.16913E+02   0.82268E+01   0.15376E+02
   0.16908E+03   0.10928E+03   0.39828E+00   0.16401E+02   0.16441E+02   0.67391E+01   0.67554E+01   0.16978E+02   0.82833E+01   0.15442E+02
   0.16488E+03   0.10665E+03   0.38838E+00   0.16481E+02   0.16522E+02   0.67719E+01   0.67888E+01   0.17040E+02   0.83377E+01   0.15505E+02
   0.16083E+03   0.10412E+03   0.37885E+00   0.16558E+02   0.16600E+02   0.68035E+01   0.68209E+01   0.17099E+02   0.83901E+01   0.15565E+02
   0.15694E+03   0.10168E+03   0.36967E+00   0.16632E+02   0.16676E+02   0.68339E+01   0.68519E+01   0.17154E+02   0.84405E+01   0.15622E+02
   0.15319E+03   0.99337E+02   0.36084E+00   0.16704E+02   0.16749E+02   0.68633E+01   0.68818E+01   0.17206E+02   0.84892E+01   0.15676E+02
   0.14957E+03   0.97076E+02   0.35233E+00   0.16773E+02   0.16819E+02   0.68918E+01   0.69108E+01   0.17256E+02   0.85362E+01   0.15728E+02
   0.14609E+03   0.94897E+02   0.34413E+00   0.16840E+02   0.16887E+02   0.69193E+01   0.69388E+01   0.17303E+02   0.85818E+01   0.15778E+02
   0.14274E+03   0.92795E+02   0.33623E+00   0.16905E+02   0.16954E+02   0.69460E+01   0.69660E+01   0.17348E+02   0.86260E+01   0.15825E+02
   0.13950E+03   0.90767E+02   0.32860E+00   0.16968E+02   0.17018E+02   0.69718E+01   0.69924E+01   0.17391E+02   0.86687E+01   0.15871E+02
   0.13638E+03   0.88808E+02   0.32125E+00   0.17029E+02   0.17080E+02   0.69969E+01   0.70180E+01   0.17432E+02   0.87101E+01   0.15915E+02
   0.13336E+03   0.86916E+02   0.31414E+00   0.17088E+02   0.17140E+02   0.70212E+01   0.70428E+01   0.17471E+02   0.87503E+01   0.15957E+02
   0.13045E+03   0.85086E+02   0.30728E+00   0.17145E+02   0.17199E+02   0.70447E+01   0.70668E+01   0.17508E+02   0.87891E+01   0.15997E+02
   0.12763E+03   0.83315E+02   0.30064E+00   0.17201E+02   0.17256E+02   0.70675E+01   0.70901E+01   0.17543E+02   0.88267E+01   0.16036E+02
   0.12490E+03   0.81602E+02   0.29422E+00   0.17254E+02   0.17311E+02   0.70896E+01   0.71127E+01   0.17576E+02   0.88631E+01   0.16073E+02
   0.12226E+03   0.79941E+02   0.28799E+00   0.17306E+02   0.17364E+02   0.71110E+01   0.71346E+01   0.17608E+02   0.88984E+01   0.16108E+02
   0.11970E+03   0.78331E+02   0.28197E+00   0.17357E+02   0.17415E+02   0.71317E+01   0.71558E+01   0.17637E+02   0.89326E+01   0.16142E+02
   0.11722E+03   0.76769E+02   0.27612E+00   0.17406E+02   0.17466E+02   0.71518E+01   0.71764E+01   0.17665E+02   0.89658E+01   0.16174E+02
   0.11481E+03   0.75252E+02   0.27044E+00   0.17453E+02   0.17514E+02   0.71714E+01   0.71965E+01   0.17692E+02   0.89980E+01   0.16205E+02
   0.11247E+03   0.73777E+02   0.26492E+00   0.17500E+02   0.17562E+02   0.71904E+01   0.72160E+01   0.17717E+02   0.90293E+01   0.16234E+02
   0.11019E+03   0.72342E+02   0.25955E+00   0.17545E+02   0.17608E+02   0.72089E+01   0.72349E+01   0.17740E+02   0.90597E+01   0.16262E+02
   0.10797E+03   0.70945E+02   0.25433E+00   0.17588E+02   0.17653E+02   0.72268E+01   0.72533E+01   0.17762E+02   0.90892E+01   0.16289E+02
   0.10581E+03   0.69583E+02   0.24924E+00   0.17631E+02   0.17696E+02   0.72442E+01   0.72713E+01   0.17782E+02   0.91179E+01   0.16314E+02
   0.10370E+03   0.68255E+02   0.24428E+00   0.17672E+02   0.17739E+02   0.72612E+01   0.72887E+01   0.17801E+02   0.91458E+01   0.16338E+02
   0.10165E+03   0.66957E+02   0.23943E+00   0.17712E+02   0.17780E+02   0.72777E+01   0.73057E+01   0.17819E+02   0.91729E+01   0.16361E+02
   0.99637E+02   0.65689E+02   0.23470E+00   0.17751E+02   0.17821E+02   0.72939E+01   0.73223E+01   0.17836E+02   0.91994E+01   0.16383E+02
   0.97672E+02   0.64449E+02   0.23007E+00   0.17790E+02   0.17860E+02   0.73097E+01   0.73385E+01   0.17851E+02   0.92253E+01   0.16404E+02
   0.95749E+02   0.63234E+02   0.22554E+00   0.17828E+02   0.17899E+02   0.73251E+01   0.73544E+01   0.17865E+02   0.92507E+01   0.16424E+02
   0.93865E+02   0.62045E+02   0.22110E+00   0.17864E+02   0.17937E+02   0.73403E+01   0.73700E+01   0.17878E+02   0.92755E+01   0.16442E+02
   0.92017E+02   0.60878E+02   0.21675E+00   0.17900E+02   0.17974E+02   0.73551E+01   0.73853E+01   0.17890E+02   0.92998E+01   0.16460E+02
   0.90204E+02   0.59732E+02   0.21248E+00   0.17936E+02   0.18010E+02   0.73695E+01   0.74002E+01   0.17901E+02   0.93235E+01   0.16477E+02
   0.88424E+02   0.58606E+02   0.20829E+00   0.17970E+02   0.18046E+02   0.73837E+01   0.74148E+01   0.17910E+02   0.93467E+01   0.16493E+02
   0.86674E+02   0.57499E+02   0.20416E+00   0.18003E+02   0.18080E+02   0.73974E+01   0.74289E+01   0.17918E+02   0.93692E+01   0.16508E+02
   0.84952E+02   0.56410E+02   0.20011E+00   0.18036E+02   0.18114E+02   0.74108E+01   0.74428E+01   0.17925E+02   0.93911E+01   0.16521E+02
   0.83257E+02   0.55337E+02   0.19611E+00   0.18068E+02   0.18147E+02   0.74238E+01   0.74562E+01   0.17930E+02   0.94124E+01   0.16533E+02
   0.81587E+02   0.54280E+02   0.19218E+00   0.18098E+02   0.18178E+02   0.74364E+01   0.74692E+01   0.17934E+02   0.94329E+01   0.16544E+02
   0.79940E+02   0.53237E+02   0.18830E+00   0.18128E+02   0.18209E+02   0.74486E+01   0.74818E+01   0.17936E+02   0.94528E+01   0.16554E+02
   0.78315E+02   0.52208E+02   0.18448E+00   0.18157E+02   0.18238E+02   0.74603E+01   0.74940E+01   0.17937E+02   0.94720E+01   0.16562E+02
   0.76711E+02   0.51191E+02   0.18070E+00   0.18184E+02   0.18267E+02   0.74716E+01   0.75056E+01   0.17935E+02   0.94904E+01   0.16569E+02
   0.75126E+02   0.50186E+02   0.17696E+00   0.18210E+02   0.18294E+02   0.74824E+01   0.75168E+01   0.17932E+02   0.95081E+01   0.16575E+02
   0.73559E+02   0.49193E+02   0.17327E+00   0.18235E+02   0.18320E+02   0.74927E+01   0.75275E+01   0.17927E+02   0.95249E+01   0.16578E+02
   0.72009E+02   0.48209E+02   0.16962E+00   0.18259E+02   0.18345E+02   0.75025E+01   0.75377E+01   0.17920E+02   0.95408E+01   0.16580E+02
   0.70475E+02   0.47235E+02   0.16601E+00   0.18282E+02   0.18368E+02   0.75118E+01   0.75473E+01   0.17911E+02   0.95559E+01   0.16581E+02
   0.68955E+02   0.46270E+02   0.16243E+00   0.18303E+02   0.18390E+02   0.75205E+01   0.75564E+01   0.17900E+02   0.95701E+01   0.16579E+02
   0.67449E+02   0.45313E+02   0.15888E+00   0.18323E+02   0.18411E+02   0.75287E+01   0.75649E+01   0.17887E+02   0.95834E+01   0.16576E+02
   0.65956E+02   0.44363E+02   0.15536E+00   0.18341E+02   0.18430E+02   0.75363E+01   0.75728E+01   0.17872E+02   0.95958E+01   0.16571E+02
   0.64475E+02   0.43421E+02   0.15187E+00   0.18358E+02   0.18448E+02   0.75433E+01   0.75801E+01   0.17855E+02   0.96071E+01   0.16564E+02
   0.63006E+02   0.42485E+02   0.14841E+00   0.18374E+02   0.18464E+02   0.75496E+01   0.75868E+01   0.17835E+02   0.96175E+01   0.16556E+02
   0.61547E+02   0.41555E+02   0.14498E+00   0.18388E+02   0.18479E+02   0.75554E+01   0.75928E+01   0.17813E+02   0.96267E+01   0.16545E+02
   0.60098E+02   0.40631E+02   0.14156E+00   0.18400E+02   0.18492E+02   0.75604E+01   0.75981E+01   0.17788E+02   0.96348E+01   0.16532E+02
   0.58658E+02   0.39712E+02   0.13817E+00   0.18410E+02   0.18503E+02   0.75646E+01   0.76026E+01   0.17760E+02   0.96417E+01   0.16516E+02
   0.57227E+02   0.38798E+02   0.13480E+00   0.18419E+02   0.18512E+02   0.75680E+01   0.76063E+01   0.17729E+02   0.96473E+01   0.16498E+02
   0.55804E+02   0.37888E+02   0.13145E+00   0.18425E+02   0.18519E+02   0.75706E+01   0.76092E+01   0.17695E+02   0.96514E+01   0.16477E+02
   0.54389E+02   0.36983E+02   0.12811E+00   0.18429E+02   0.18523E+02   0.75722E+01   0.76111E+01   0.17658E+02   0.96540E+01   0.16453E+02
   0.52980E+02   0.36081E+02   0.12480E+00   0.18430E+02   0.18526E+02   0.75728E+01   0.76119E+01   0.17616E+02   0.96550E+01   0.16426E+02
   0.51579E+02   0.35182E+02   0.12150E+00   0.18429E+02   0.18525E+02   0.75723E+01   0.76117E+01   0.17572E+02   0.96542E+01   0.16396E+02
   0.50183E+02   0.34287E+02   0.11821E+00   0.18425E+02   0.18521E+02   0.75706E+01   0.76103E+01   0.17523E+02   0.96515E+01   0.16362E+02
   0.48793E+02   0.33394E+02   0.11493E+00   0.18418E+02   0.18515E+02   0.75677E+01   0.76076E+01   0.17470E+02   0.96467E+01   0.16325E+02
   0.47409E+02   0.32503E+02   0.11167E+00   0.18407E+02   0.18505E+02   0.75634E+01   0.76035E+01   0.17412E+02   0.96398E+01   0.16283E+02
   0.46029E+02   0.31614E+02   0.10842E+00   0.18393E+02   0.18492E+02   0.75577E+01   0.75980E+01   0.17350E+02   0.96306E+01   0.16237E+02
   0.44655E+02   0.30727E+02   0.10519E+00   0.18376E+02   0.18474E+02   0.75504E+01   0.75909E+01   0.17282E+02   0.96189E+01   0.16187E+02
   0.43285E+02   0.29842E+02   0.10196E+00   0.18354E+02   0.18453E+02   0.75414E+01   0.75822E+01   0.17209E+02   0.96045E+01   0.16132E+02
   0.41918E+02   0.28958E+02   0.98741E-01   0.18328E+02   0.18427E+02   0.75306E+01   0.75716E+01   0.17130E+02   0.95872E+01   0.16072E+02
   0.40556E+02   0.28076E+02   0.95532E-01   0.18297E+02   0.18397E+02   0.75179E+01   0.75591E+01   0.17045E+02   0.95668E+01   0.16006E+02
   0.39198E+02   0.27194E+02   0.92332E-01   0.18260E+02   0.18362E+02   0.75030E+01   0.75445E+01   0.16953E+02   0.95431E+01   0.15934E+02
   0.37842E+02   0.26313E+02   0.89139E-01   0.18219E+02   0.18320E+02   0.74858E+01   0.75276E+01   0.16854E+02   0.95156E+01   0.15855E+02
   0.36490E+02   0.25433E+02   0.85954E-01   0.18170E+02   0.18273E+02   0.74660E+01   0.75081E+01   0.16746E+02   0.94841E+01   0.15769E+02
   0.35141E+02   0.24554E+02   0.82776E-01   0.18115E+02   0.18219E+02   0.74434E+01   0.74859E+01   0.16629E+02   0.94480E+01   0.15675E+02
   0.33795E+02   0.23675E+02   0.79605E-01   0.18053E+02   0.18157E+02   0.74176E+01   0.74605E+01   0.16502E+02   0.94071E+01   0.15571E+02
   0.32451E+02   0.22797E+02   0.76439E-01   0.17981E+02   0.18087E+02   0.73883E+01   0.74317E+01   0.16364E+02   0.93606E+01   0.15458E+02
   0.31109E+02   0.21918E+02   0.73279E-01   0.17901E+02   0.18008E+02   0.73552E+01   0.73991E+01   0.16214E+02   0.93081E+01   0.15334E+02
   0.29770E+02   0.21040E+02   0.70125E-01   0.17810E+02   0.17918E+02   0.73178E+01   0.73623E+01   0.16051E+02   0.92490E+01   0.15197E+02
   0.28433E+02   0.20161E+02   0.66975E-01   0.17707E+02   0.17817E+02   0.72757E+01   0.73209E+01   0.15873E+02   0.91825E+01   0.15048E+02
   0.27098E+02   0.19283E+02   0.63830E-01   0.17592E+02   0.17704E+02   0.72282E+01   0.72742E+01   0.15679E+02   0.91077E+01   0.14883E+02
   0.25764E+02   0.18404E+02   0.60689E-01   0.17462E+02   0.17576E+02   0.71748E+01   0.72216E+01   0.15466E+02   0.90237E+01   0.14701E+02
   0.24433E+02   0.17525E+02   0.57552E-01   0.17315E+02   0.17432E+02   0.71146E+01   0.71625E+01   0.15232E+02   0.89293E+01   0.14499E+02
   0.23103E+02   0.16646E+02   0.54419E-01   0.17150E+02   0.17270E+02   0.70467E+01   0.70958E+01   0.14974E+02   0.88232E+01   0.14276E+02
   0.21774E+02   0.15768E+02   0.51290E-01   0.16963E+02   0.17087E+02   0.69700E+01   0.70207E+01   0.14688E+02   0.87037E+01   0.14026E+02
   0.20447E+02   0.14889E+02   0.48164E-01   0.16752E+02   0.16880E+02   0.68832E+01   0.69356E+01   0.14369E+02   0.85688E+01   0.13746E+02
   0.19121E+02   0.14012E+02   0.45041E-01   0.16512E+02   0.16645E+02   0.67847E+01   0.68392E+01   0.14012E+02   0.84162E+01   0.13431E+02
   0.17797E+02   0.13136E+02   0.41921E-01   0.16239E+02   0.16378E+02   0.66723E+01   0.67295E+01   0.13611E+02   0.82431E+01   0.13073E+02
   0.16473E+02   0.12262E+02   0.38803E-01   0.15926E+02   0.16073E+02   0.65438E+01   0.66040E+01   0.13155E+02   0.80461E+01   0.12664E+02
   0.15151E+02   0.11392E+02   0.35688E-01   0.15567E+02   0.15722E+02   0.63961E+01   0.64598E+01   0.12634E+02   0.78210E+01   0.12193E+02
   0.13829E+02   0.10525E+02   0.32575E-01   0.15151E+02   0.15316E+02   0.62254E+01   0.62930E+01   0.12035E+02   0.75628E+01   0.11647E+02
   0.12509E+02   0.96642E+01   0.29465E-01   0.14668E+02   0.14842E+02   0.60268E+01   0.60986E+01   0.11341E+02   0.72653E+01   0.11009E+02
   0.11189E+02   0.88097E+01   0.26356E-01   0.14101E+02   0.14285E+02   0.57941E+01   0.58697E+01   0.10533E+02   0.69207E+01   0.10258E+02
   0.98703E+01   0.79615E+01   0.23250E-01   0.13430E+02   0.13621E+02   0.55184E+01   0.55968E+01   0.95898E+01   0.65189E+01   0.93703E+01
   0.85522E+01   0.71153E+01   0.20145E-01   0.12626E+02   0.12817E+02   0.51877E+01   0.52665E+01   0.84966E+01   0.60469E+01   0.83246E+01
   0.72348E+01   0.62572E+01   0.17042E-01   0.11645E+02   0.11827E+02   0.47848E+01   0.48596E+01   0.72563E+01   0.54879E+01   0.71137E+01
   0.59181E+01   0.53557E+01   0.13940E-01   0.10430E+02   0.10587E+02   0.42855E+01   0.43501E+01   0.59088E+01   0.48209E+01   0.57662E+01
   0.46021E+01   0.43593E+01   0.10840E-01   0.89005E+01   0.90187E+01   0.36571E+01   0.37057E+01   0.45363E+01   0.40225E+01   0.43633E+01
   0.32866E+01   0.32244E+01   0.77416E-02   0.69690E+01   0.70438E+01   0.28635E+01   0.28942E+01   0.32205E+01   0.30730E+01   0.30129E+01
   0.19716E+01   0.19674E+01   0.46441E-02   0.45699E+01   0.46083E+01   0.18777E+01   0.18935E+01   0.19647E+01   0.19654E+01   0.17692E+01
   0.65711E+00   0.65711E+00   0.15479E-02   0.16846E+01   0.16951E+01   0.69220E+00   0.69648E+00   0.69220E+00   0.70487E+00   0.59821E+00
