    0.98804736E+00    0.16847892E+02    0.16847364E+02    0.14438331E-03    0.14494603E-03
    0.96416614E+00    0.16840434E+02    0.16839885E+02    0.14749403E-03    0.14810574E-03
    0.94035691E+00    0.16826157E+02    0.16825577E+02    0.15334496E-03    0.15404907E-03
    0.91666693E+00    0.16804485E+02    0.16803865E+02    0.16152271E-03    0.16236133E-03
    0.89314236E+00    0.16774917E+02    0.16774252E+02    0.17155745E-03    0.17253354E-03
    0.86982789E+00    0.16737948E+02    0.16737242E+02    0.18287436E-03    0.18395552E-03
    0.84676631E+00    0.16694960E+02    0.16694211E+02    0.19645991E-03    0.19765782E-03
    0.82399821E+00    0.16647298E+02    0.16646499E+02    0.21290499E-03    0.21428078E-03
    0.80156166E+00    0.16596043E+02    0.16595190E+02    0.23153675E-03    0.23313315E-03
    0.77949196E+00    0.16542025E+02    0.16541112E+02    0.25259161E-03    0.25443958E-03
    0.75782141E+00    0.16486029E+02    0.16485047E+02    0.27593573E-03    0.27807765E-03
    0.73657918E+00    0.16428721E+02    0.16427669E+02    0.30120756E-03    0.30370054E-03
    0.71579117E+00    0.16370731E+02    0.16369606E+02    0.32785593E-03    0.33073517E-03
    0.69547996E+00    0.16312862E+02    0.16311659E+02    0.35619483E-03    0.35949312E-03
    0.67566478E+00    0.16255946E+02    0.16254663E+02    0.38619805E-03    0.38993307E-03
    0.65636157E+00    0.16200616E+02    0.16199263E+02    0.41723138E-03    0.42140488E-03
    0.63758298E+00    0.16147306E+02    0.16145892E+02    0.44986513E-03    0.45448961E-03
    0.61933854E+00    0.16096285E+02    0.16094812E+02    0.48475291E-03    0.48985071E-03
    0.60163475E+00    0.16047651E+02    0.16046123E+02    0.52208385E-03    0.52771527E-03
    0.58447523E+00    0.16001266E+02    0.15999688E+02    0.56205512E-03    0.56832452E-03
    0.56786093E+00    0.15957010E+02    0.15955392E+02    0.60439459E-03    0.61140611E-03
    0.55179031E+00    0.15914972E+02    0.15913328E+02    0.64788127E-03    0.65571214E-03
    0.53625952E+00    0.15875345E+02    0.15873696E+02    0.69214107E-03    0.70085826E-03
    0.52126264E+00    0.15838281E+02    0.15836645E+02    0.73750053E-03    0.74717840E-03
    0.50679188E+00    0.15803797E+02    0.15802189E+02    0.78400378E-03    0.79472719E-03
    0.49283781E+00    0.15771836E+02    0.15770268E+02    0.83174589E-03    0.84358962E-03
    0.47938952E+00    0.15742289E+02    0.15740768E+02    0.88148380E-03    0.89451321E-03
    0.46643490E+00    0.15715046E+02    0.15713579E+02    0.93327413E-03    0.94757210E-03
    0.45396077E+00    0.15690035E+02    0.15688636E+02    0.98657676E-03    0.10022484E-02
    0.44195308E+00    0.15667190E+02    0.15665876E+02    0.10407539E-02    0.10579143E-02
    0.43039709E+00    0.15646473E+02    0.15645262E+02    0.10947869E-02    0.11135298E-02
    0.41927754E+00    0.15627823E+02    0.15626726E+02    0.11481847E-02    0.11685382E-02
    0.40857878E+00    0.15611120E+02    0.15610152E+02    0.12012598E-02    0.12232293E-02
    0.39828490E+00    0.15596208E+02    0.15595384E+02    0.12547747E-02    0.12784020E-02
    0.38837987E+00    0.15582903E+02    0.15582236E+02    0.13092362E-02    0.13346187E-02
    0.37884764E+00    0.15571037E+02    0.15570541E+02    0.13645038E-02    0.13917309E-02
    0.36967222E+00    0.15560476E+02    0.15560167E+02    0.14203459E-02    0.14494909E-02
    0.36083778E+00    0.15551095E+02    0.15550986E+02    0.14766128E-02    0.15077570E-02
    0.35232874E+00    0.15542764E+02    0.15542865E+02    0.15332135E-02    0.15664463E-02
    0.34412978E+00    0.15535372E+02    0.15535690E+02    0.15899723E-02    0.16253810E-02
    0.33622596E+00    0.15528820E+02    0.15529360E+02    0.16468550E-02    0.16844961E-02
    0.32860269E+00    0.15523019E+02    0.15523783E+02    0.17040154E-02    0.17439306E-02
    0.32124583E+00    0.15517895E+02    0.15518888E+02    0.17614762E-02    0.18036971E-02
    0.31414167E+00    0.15513393E+02    0.15514621E+02    0.18190564E-02    0.18636094E-02
    0.30727698E+00    0.15509462E+02    0.15510930E+02    0.18766829E-02    0.19236111E-02
    0.30063901E+00    0.15506058E+02    0.15507771E+02    0.19342403E-02    0.19835959E-02
    0.29421551E+00    0.15503140E+02    0.15505108E+02    0.19917316E-02    0.20435817E-02
    0.28799472E+00    0.15500666E+02    0.15502902E+02    0.20492773E-02    0.21037110E-02
    0.28196538E+00    0.15498597E+02    0.15501117E+02    0.21070234E-02    0.21641358E-02
    0.27611674E+00    0.15496890E+02    0.15499708E+02    0.21651363E-02    0.22250354E-02
    0.27043853E+00    0.15495503E+02    0.15498631E+02    0.22236681E-02    0.22864484E-02
    0.26492096E+00    0.15494395E+02    0.15497841E+02    0.22826459E-02    0.23483866E-02
    0.25955473E+00    0.15493530E+02    0.15497303E+02    0.23420623E-02    0.24108160E-02
    0.25433098E+00    0.15492880E+02    0.15496988E+02    0.24019832E-02    0.24737937E-02
    0.24924133E+00    0.15492418E+02    0.15496871E+02    0.24624649E-02    0.25373801E-02
    0.24427780E+00    0.15492118E+02    0.15496926E+02    0.25235504E-02    0.26016343E-02
    0.23943286E+00    0.15491951E+02    0.15497126E+02    0.25852753E-02    0.26666137E-02
    0.23469936E+00    0.15491889E+02    0.15497443E+02    0.26476883E-02    0.27323822E-02
    0.23007055E+00    0.15491904E+02    0.15497848E+02    0.27108549E-02    0.27990189E-02
    0.22554007E+00    0.15491975E+02    0.15498319E+02    0.27747983E-02    0.28665568E-02
    0.22110188E+00    0.15492084E+02    0.15498840E+02    0.28395021E-02    0.29349778E-02
    0.21675032E+00    0.15492217E+02    0.15499395E+02    0.29049521E-02    0.30042525E-02
    0.21248002E+00    0.15492357E+02    0.15499966E+02    0.29711636E-02    0.30743906E-02
    0.20828595E+00    0.15492484E+02    0.15500536E+02    0.30382222E-02    0.31454859E-02
    0.20416335E+00    0.15492578E+02    0.15501084E+02    0.31062607E-02    0.32176836E-02
    0.20010776E+00    0.15492614E+02    0.15501590E+02    0.31754242E-02    0.32911517E-02
    0.19611496E+00    0.15492569E+02    0.15502031E+02    0.32458158E-02    0.33660098E-02
    0.19218101E+00    0.15492414E+02    0.15502380E+02    0.33175289E-02    0.34423767E-02
    0.18830220E+00    0.15492119E+02    0.15502608E+02    0.33906306E-02    0.35203329E-02
    0.18447502E+00    0.15491653E+02    0.15502681E+02    0.34651616E-02    0.35999204E-02
    0.18069621E+00    0.15490983E+02    0.15502568E+02    0.35411845E-02    0.36812178E-02
    0.17696268E+00    0.15490078E+02    0.15502237E+02    0.36187860E-02    0.37643309E-02
    0.17327155E+00    0.15488907E+02    0.15501658E+02    0.36980773E-02    0.38493797E-02
    0.16962011E+00    0.15487440E+02    0.15500799E+02    0.37791856E-02    0.39365014E-02
    0.16600582E+00    0.15485646E+02    0.15499632E+02    0.38622550E-02    0.40258447E-02
    0.16242629E+00    0.15483494E+02    0.15498125E+02    0.39474578E-02    0.41175878E-02
    0.15887929E+00    0.15480945E+02    0.15496241E+02    0.40350257E-02    0.42119752E-02
    0.15536273E+00    0.15477954E+02    0.15493940E+02    0.41252430E-02    0.43093234E-02
    0.15187465E+00    0.15474467E+02    0.15491170E+02    0.42183657E-02    0.44099314E-02
    0.14841320E+00    0.15470425E+02    0.15487878E+02    0.43146119E-02    0.45140556E-02
    0.14497667E+00    0.15465768E+02    0.15484005E+02    0.44142311E-02    0.46219768E-02
    0.14156345E+00    0.15460435E+02    0.15479492E+02    0.45175033E-02    0.47340007E-02
    0.13817202E+00    0.15454360E+02    0.15474276E+02    0.46247554E-02    0.48504905E-02
    0.13480098E+00    0.15447478E+02    0.15468292E+02    0.47363623E-02    0.49718613E-02
    0.13144899E+00    0.15439713E+02    0.15461471E+02    0.48527585E-02    0.50986052E-02
    0.12811483E+00    0.15430986E+02    0.15453737E+02    0.49744076E-02    0.52312650E-02
    0.12479733E+00    0.15421206E+02    0.15445009E+02    0.51017766E-02    0.53704111E-02
    0.12149540E+00    0.15410272E+02    0.15435192E+02    0.52353499E-02    0.55166400E-02
    0.11820805E+00    0.15398076E+02    0.15424185E+02    0.53756585E-02    0.56705821E-02
    0.11493430E+00    0.15384498E+02    0.15411872E+02    0.55232716E-02    0.58328885E-02
    0.11167329E+00    0.15369398E+02    0.15398123E+02    0.56788140E-02    0.60042974E-02
    0.10842417E+00    0.15352619E+02    0.15382788E+02    0.58430083E-02    0.61856655E-02
    0.10518618E+00    0.15333984E+02    0.15365702E+02    0.60165760E-02    0.63778365E-02
    0.10195857E+00    0.15313296E+02    0.15346679E+02    0.62003622E-02    0.65818157E-02
    0.98740688E-01    0.15290331E+02    0.15325507E+02    0.63954174E-02    0.67988364E-02
    0.95531882E-01    0.15264837E+02    0.15301950E+02    0.66029516E-02    0.70303174E-02
    0.92331562E-01    0.15236536E+02    0.15275747E+02    0.68243510E-02    0.72779042E-02
    0.89139174E-01    0.15205120E+02    0.15246612E+02    0.70612229E-02    0.75434948E-02
    0.85954197E-01    0.15170247E+02    0.15214224E+02    0.73154455E-02    0.78293011E-02
    0.82776147E-01    0.15131538E+02    0.15178231E+02    0.75893212E-02    0.81379950E-02
    0.79604570E-01    0.15088563E+02    0.15138244E+02    0.78856932E-02    0.84728974E-02
    0.76439043E-01    0.15040822E+02    0.15093819E+02    0.82080554E-02    0.88382271E-02
    0.73279168E-01    0.14987736E+02    0.15044446E+02    0.85605947E-02    0.92391696E-02
    0.70124575E-01    0.14928641E+02    0.14989541E+02    0.89482894E-02    0.96819205E-02
    0.66974918E-01    0.14862783E+02    0.14928446E+02    0.93771255E-02    0.10173935E-01
    0.63829873E-01    0.14789293E+02    0.14860408E+02    0.98544759E-02    0.10724318E-01
    0.60689138E-01    0.14707142E+02    0.14784552E+02    0.10389981E-01    0.11344905E-01
    0.57552429E-01    0.14615090E+02    0.14699835E+02    0.10995738E-01    0.12050633E-01
    0.54419483E-01    0.14511644E+02    0.14605005E+02    0.11687056E-01    0.12860424E-01
    0.51290053E-01    0.14394950E+02    0.14498518E+02    0.12483664E-01    0.13798856E-01
    0.48163908E-01    0.14262676E+02    0.14378417E+02    0.13411404E-01    0.14898649E-01
    0.45040832E-01    0.14111875E+02    0.14242172E+02    0.14504055E-01    0.16202687E-01
    0.41920623E-01    0.13938774E+02    0.14086453E+02    0.15806665E-01    0.17767860E-01
    0.38803094E-01    0.13738440E+02    0.13906772E+02    0.17380771E-01    0.19671465E-01
    0.35688068E-01    0.13504356E+02    0.13696977E+02    0.19311331E-01    0.22018851E-01
    0.32575381E-01    0.13227910E+02    0.13448509E+02    0.21716826E-01    0.24953841E-01
    0.29464880E-01    0.12897644E+02    0.13149223E+02    0.24765815E-01    0.28672255E-01
    0.26356420E-01    0.12498084E+02    0.12781460E+02    0.28701790E-01    0.33435456E-01
    0.23249868E-01    0.12008297E+02    0.12319357E+02    0.33880462E-01    0.39576858E-01
    0.20145098E-01    0.11399059E+02    0.11725049E+02    0.40806435E-01    0.47467007E-01
    0.17041993E-01    0.10627715E+02    0.10943751E+02    0.50087888E-01    0.57368282E-01
    0.13940444E-01    0.96315243E+01    0.99014929E+01    0.62072200E-01    0.69057956E-01
    0.10840348E-01    0.83200859E+01    0.85122184E+01    0.76016342E-01    0.81451856E-01
    0.77416096E-02    0.65870030E+01    0.66981568E+01    0.89545452E-01    0.92899477E-01
    0.46441401E-02    0.43593341E+01    0.44118909E+01    0.10050128E+00    0.10240903E+00
    0.15478559E-02    0.16220308E+01    0.16363991E+01    0.10898367E+00    0.11021959E+00
