    0.98804736E+00    0.19321081E+02    0.19321081E+02   -0.38715025E-56   -0.38715025E-56
    0.96416614E+00    0.19310492E+02    0.19310492E+02    0.24439897E-56    0.24439897E-56
    0.94035691E+00    0.19289885E+02    0.19289885E+02    0.19392464E-55    0.19392464E-55
    0.91666693E+00    0.19260685E+02    0.19260685E+02    0.17394556E-55    0.17394556E-55
    0.89314236E+00    0.19223789E+02    0.19223789E+02   -0.74626883E-55   -0.74626883E-55
    0.86982789E+00    0.19179425E+02    0.19179425E+02   -0.12618776E-54   -0.12618776E-54
    0.84676631E+00    0.19127946E+02    0.19127946E+02    0.10633856E-54    0.10633856E-54
    0.82399821E+00    0.19070061E+02    0.19070061E+02   -0.47906179E-53   -0.47906179E-53
    0.80156166E+00    0.19006829E+02    0.19006829E+02   -0.11196383E-51   -0.11196383E-51
    0.77949196E+00    0.18939257E+02    0.18939257E+02    0.54365374E-51    0.54365374E-51
    0.75782141E+00    0.18867493E+02    0.18867493E+02    0.22659422E-49    0.22659422E-49
    0.73657918E+00    0.18791043E+02    0.18791043E+02   -0.92488297E-49   -0.92488297E-49
    0.71579117E+00    0.18709732E+02    0.18709732E+02   -0.16967401E-47   -0.16967401E-47
    0.69547996E+00    0.18623909E+02    0.18623909E+02    0.63625529E-47    0.63625529E-47
    0.67566478E+00    0.18534310E+02    0.18534310E+02    0.92080921E-46    0.92080921E-46
    0.65636157E+00    0.18442071E+02    0.18442071E+02   -0.23145004E-45   -0.23145004E-45
    0.63758298E+00    0.18348170E+02    0.18348170E+02   -0.35348752E-44   -0.35348752E-44
    0.61933854E+00    0.18253307E+02    0.18253307E+02    0.20275485E-44    0.20275485E-44
    0.60163475E+00    0.18158059E+02    0.18158059E+02    0.83611008E-43    0.83611008E-43
    0.58447523E+00    0.18062806E+02    0.18062806E+02    0.14099658E-42    0.14099658E-42
    0.56786093E+00    0.17967735E+02    0.17967735E+02   -0.12604104E-41   -0.12604104E-41
    0.55179031E+00    0.17873118E+02    0.17873118E+02   -0.48882716E-41   -0.48882716E-41
    0.53625952E+00    0.17779412E+02    0.17779412E+02    0.88803687E-41    0.88803687E-41
    0.52126264E+00    0.17687098E+02    0.17687098E+02    0.71940300E-40    0.71940300E-40
    0.50679188E+00    0.17596516E+02    0.17596516E+02    0.40802215E-40    0.40802215E-40
    0.49283781E+00    0.17507717E+02    0.17507717E+02   -0.54872054E-39   -0.54872054E-39
    0.47938952E+00    0.17420496E+02    0.17420496E+02   -0.12451659E-38   -0.12451659E-38
    0.46643490E+00    0.17334719E+02    0.17334719E+02    0.13826193E-38    0.13826193E-38
    0.45396077E+00    0.17250504E+02    0.17250504E+02    0.88774557E-38    0.88774557E-38
    0.44195308E+00    0.17168033E+02    0.17168033E+02    0.83476090E-38    0.83476090E-38
    0.43039709E+00    0.17087338E+02    0.17087338E+02   -0.22123270E-37   -0.22123270E-37
    0.41927754E+00    0.17008335E+02    0.17008335E+02   -0.61887921E-37   -0.61887921E-37
    0.40857878E+00    0.16930991E+02    0.16930991E+02    0.26569132E-38    0.26569132E-38
    0.39828490E+00    0.16855389E+02    0.16855389E+02    0.21021298E-36    0.21021298E-36
    0.38837987E+00    0.16781627E+02    0.16781627E+02    0.16171118E-37    0.16171118E-37
    0.37884764E+00    0.16709692E+02    0.16709692E+02   -0.14764010E-35   -0.14764010E-35
    0.36967222E+00    0.16639417E+02    0.16639417E+02   -0.23310950E-35   -0.23310950E-35
    0.36083778E+00    0.16570556E+02    0.16570556E+02    0.55660931E-35    0.55660931E-35
    0.35232874E+00    0.16502888E+02    0.16502888E+02    0.25732422E-34    0.25732422E-34
    0.34412978E+00    0.16436266E+02    0.16436266E+02    0.25346165E-34    0.25346165E-34
    0.33622596E+00    0.16370607E+02    0.16370607E+02   -0.73138876E-34   -0.73138876E-34
    0.32860269E+00    0.16305876E+02    0.16305876E+02   -0.26594049E-33   -0.26594049E-33
    0.32124583E+00    0.16242069E+02    0.16242069E+02   -0.14169335E-33   -0.14169335E-33
    0.31414167E+00    0.16179184E+02    0.16179184E+02    0.10507186E-32    0.10507186E-32
    0.30727698E+00    0.16117204E+02    0.16117204E+02    0.22278023E-32    0.22278023E-32
    0.30063901E+00    0.16056085E+02    0.16056085E+02   -0.22341232E-32   -0.22341232E-32
    0.29421551E+00    0.15995746E+02    0.15995746E+02   -0.14589195E-31   -0.14589195E-31
    0.28799472E+00    0.15936082E+02    0.15936082E+02   -0.13261794E-31   -0.13261794E-31
    0.28196538E+00    0.15876981E+02    0.15876981E+02    0.46074353E-31    0.46074353E-31
    0.27611674E+00    0.15818338E+02    0.15818338E+02    0.16081155E-30    0.16081155E-30
    0.27043853E+00    0.15760072E+02    0.15760072E+02    0.15079725E-30    0.15079725E-30
    0.26492096E+00    0.15702119E+02    0.15702119E+02   -0.35898184E-30   -0.35898184E-30
    0.25955473E+00    0.15644431E+02    0.15644431E+02   -0.15036629E-29   -0.15036629E-29
    0.25433098E+00    0.15586965E+02    0.15586965E+02   -0.22876092E-29   -0.22876092E-29
    0.24924133E+00    0.15529676E+02    0.15529676E+02   -0.36951365E-30   -0.36951365E-30
    0.24427780E+00    0.15472511E+02    0.15472511E+02    0.57708875E-29    0.57708875E-29
    0.23943286E+00    0.15415405E+02    0.15415405E+02    0.13445213E-28    0.13445213E-28
    0.23469936E+00    0.15358283E+02    0.15358283E+02    0.17365770E-28    0.17365770E-28
    0.23007055E+00    0.15301059E+02    0.15301059E+02    0.18969341E-28    0.18969341E-28
    0.22554007E+00    0.15243639E+02    0.15243639E+02    0.28086235E-28    0.28086235E-28
    0.22110188E+00    0.15185921E+02    0.15185921E+02    0.35220001E-28    0.35220001E-28
    0.21675032E+00    0.15127793E+02    0.15127793E+02   -0.77561082E-29   -0.77561082E-29
    0.21248002E+00    0.15069136E+02    0.15069136E+02   -0.60991873E-28   -0.60991873E-28
    0.20828595E+00    0.15009827E+02    0.15009827E+02    0.13361221E-27    0.13361221E-27
    0.20416335E+00    0.14949739E+02    0.14949739E+02    0.21534796E-27    0.21534796E-27
    0.20010776E+00    0.14888744E+02    0.14888744E+02   -0.29826025E-26   -0.29826025E-26
    0.19611496E+00    0.14826713E+02    0.14826713E+02   -0.15777445E-25   -0.15777445E-25
    0.19218101E+00    0.14763517E+02    0.14763517E+02   -0.41939747E-25   -0.41939747E-25
    0.18830220E+00    0.14699027E+02    0.14699027E+02   -0.72984806E-25   -0.72984806E-25
    0.18447502E+00    0.14633115E+02    0.14633115E+02   -0.82555410E-25   -0.82555410E-25
    0.18069621E+00    0.14565648E+02    0.14565648E+02   -0.31228551E-25   -0.31228551E-25
    0.17696268E+00    0.14496494E+02    0.14496494E+02    0.11908009E-24    0.11908009E-24
    0.17327155E+00    0.14425517E+02    0.14425517E+02    0.38804618E-24    0.38804618E-24
    0.16962011E+00    0.14352575E+02    0.14352575E+02    0.76893643E-24    0.76893643E-24
    0.16600582E+00    0.14277523E+02    0.14277523E+02    0.12541216E-23    0.12541216E-23
    0.16242629E+00    0.14200206E+02    0.14200206E+02    0.19571123E-23    0.19571123E-23
    0.15887929E+00    0.14120464E+02    0.14120464E+02    0.34829506E-23    0.34829506E-23
    0.15536273E+00    0.14038127E+02    0.14038127E+02    0.77913063E-23    0.77913063E-23
    0.15187465E+00    0.13953017E+02    0.13953017E+02    0.19932898E-22    0.19932898E-22
    0.14841320E+00    0.13864946E+02    0.13864946E+02    0.51574915E-22    0.51574915E-22
    0.14497667E+00    0.13773715E+02    0.13773715E+02    0.12890404E-21    0.12890404E-21
    0.14156345E+00    0.13679112E+02    0.13679112E+02    0.31121869E-21    0.31121869E-21
    0.13817202E+00    0.13580911E+02    0.13580911E+02    0.73003017E-21    0.73003017E-21
    0.13480098E+00    0.13478872E+02    0.13478872E+02    0.16668161E-20    0.16668161E-20
    0.13144899E+00    0.13372735E+02    0.13372735E+02    0.37139193E-20    0.37139193E-20
    0.12811483E+00    0.13262222E+02    0.13262222E+02    0.80820809E-20    0.80820809E-20
    0.12479733E+00    0.13147036E+02    0.13147036E+02    0.17244077E-19    0.17244077E-19
    0.12149540E+00    0.13026855E+02    0.13026855E+02    0.36210318E-19    0.36210318E-19
    0.11820805E+00    0.12901340E+02    0.12901340E+02    0.75312764E-19    0.75312764E-19
    0.11493430E+00    0.12770124E+02    0.12770124E+02    0.15617602E-18    0.15617602E-18
    0.11167329E+00    0.12632817E+02    0.12632817E+02    0.32408886E-18    0.32408886E-18
    0.10842417E+00    0.12489003E+02    0.12489003E+02    0.67484922E-18    0.67484922E-18
    0.10518618E+00    0.12338237E+02    0.12338237E+02    0.14117648E-17    0.14117648E-17
    0.10195857E+00    0.12180043E+02    0.12180043E+02    0.29674495E-17    0.29674495E-17
    0.98740688E-01    0.12013916E+02    0.12013916E+02    0.62645283E-17    0.62645283E-17
    0.95531882E-01    0.11839318E+02    0.11839318E+02    0.13271692E-16    0.13271692E-16
    0.92331562E-01    0.11655679E+02    0.11655679E+02    0.28196847E-16    0.28196847E-16
    0.89139174E-01    0.11462398E+02    0.11462398E+02    0.60072833E-16    0.60072833E-16
    0.85954197E-01    0.11258842E+02    0.11258842E+02    0.12840153E-15    0.12840153E-15
    0.82776147E-01    0.11044347E+02    0.11044347E+02    0.27564686E-15    0.27564686E-15
    0.79604570E-01    0.10818227E+02    0.10818227E+02    0.59529181E-15    0.59529181E-15
    0.76439043E-01    0.10579768E+02    0.10579768E+02    0.12959562E-14    0.12959562E-14
    0.73279168E-01    0.10328243E+02    0.10328243E+02    0.28504911E-14    0.28504911E-14
    0.70124575E-01    0.10062913E+02    0.10062913E+02    0.63482087E-14    0.63482087E-14
    0.66974918E-01    0.97830402E+01    0.97830402E+01    0.14339394E-13    0.14339394E-13
    0.63829873E-01    0.94879021E+01    0.94879021E+01    0.32884102E-13    0.32884102E-13
    0.60689138E-01    0.91768053E+01    0.91768053E+01    0.76567909E-13    0.76567909E-13
    0.57552429E-01    0.88491055E+01    0.88491055E+01    0.18086008E-12    0.18086008E-12
    0.54419483E-01    0.85042287E+01    0.85042287E+01    0.43265578E-12    0.43265578E-12
    0.51290053E-01    0.81416956E+01    0.81416956E+01    0.10457181E-11    0.10457181E-11
    0.48163908E-01    0.77611495E+01    0.77611495E+01    0.25461970E-11    0.25461970E-11
    0.45040832E-01    0.73623865E+01    0.73623865E+01    0.62248646E-11    0.62248646E-11
    0.41920623E-01    0.69453883E+01    0.69453883E+01    0.15224275E-10    0.15224275E-10
    0.38803094E-01    0.65103552E+01    0.65103552E+01    0.37101106E-10    0.37101106E-10
    0.35688068E-01    0.60577367E+01    0.60577367E+01    0.89704333E-10    0.89704334E-10
    0.32575381E-01    0.55882553E+01    0.55882553E+01    0.21418072E-09    0.21418072E-09
    0.29464880E-01    0.51029198E+01    0.51029198E+01    0.50238681E-09    0.50238682E-09
    0.26356420E-01    0.46030196E+01    0.46030196E+01    0.11509752E-08    0.11509752E-08
    0.23249868E-01    0.40900947E+01    0.40900947E+01    0.25585394E-08    0.25585395E-08
    0.20145098E-01    0.35658773E+01    0.35658773E+01    0.54763053E-08    0.54763057E-08
    0.17041993E-01    0.30322057E+01    0.30322056E+01    0.11184474E-07    0.11184475E-07
    0.13940444E-01    0.24909159E+01    0.24909158E+01    0.21557765E-07    0.21557769E-07
    0.10840348E-01    0.19437233E+01    0.19437232E+01    0.38679283E-07    0.38679294E-07
    0.77416096E-02    0.13921081E+01    0.13921080E+01    0.63448266E-07    0.63448289E-07
    0.46441401E-02    0.83722091E+00    0.83722082E+00    0.92787547E-07    0.92787590E-07
    0.15478559E-02    0.27982316E+00    0.27982313E+00    0.11632799E-06    0.11632805E-06
