    0.98804736E+00    0.13696016E+02    0.13698066E+02    0.14798140E-02    0.14901864E-02
    0.96416614E+00    0.13698586E+02    0.13700694E+02    0.14834992E-02    0.14941342E-02
    0.94035691E+00    0.13704870E+02    0.13707071E+02    0.14957004E-02    0.15067356E-02
    0.91666693E+00    0.13714852E+02    0.13717168E+02    0.15182701E-02    0.15298684E-02
    0.89314236E+00    0.13728729E+02    0.13731182E+02    0.15501130E-02    0.15625535E-02
    0.86982789E+00    0.13747017E+02    0.13749642E+02    0.15877403E-02    0.16012631E-02
    0.84676631E+00    0.13770200E+02    0.13773053E+02    0.16281356E-02    0.16428048E-02
    0.82399821E+00    0.13798527E+02    0.13801682E+02    0.16735010E-02    0.16893244E-02
    0.80156166E+00    0.13832139E+02    0.13835679E+02    0.17260512E-02    0.17431292E-02
    0.77949196E+00    0.13870858E+02    0.13874839E+02    0.17857782E-02    0.18042857E-02
    0.75782141E+00    0.13913935E+02    0.13918398E+02    0.18513092E-02    0.18714367E-02
    0.73657918E+00    0.13960504E+02    0.13965468E+02    0.19208008E-02    0.19426464E-02
    0.71579117E+00    0.14010357E+02    0.14015862E+02    0.19957960E-02    0.20195078E-02
    0.69547996E+00    0.14063540E+02    0.14069644E+02    0.20777717E-02    0.21035345E-02
    0.67566478E+00    0.14120132E+02    0.14126868E+02    0.21660765E-02    0.21940230E-02
    0.65636157E+00    0.14180054E+02    0.14187431E+02    0.22592162E-02    0.22893468E-02
    0.63758298E+00    0.14243165E+02    0.14251198E+02    0.23553909E-02    0.23876623E-02
    0.61933854E+00    0.14309327E+02    0.14318051E+02    0.24527966E-02    0.24871916E-02
    0.60163475E+00    0.14378104E+02    0.14387552E+02    0.25519267E-02    0.25885047E-02
    0.58447523E+00    0.14448865E+02    0.14459076E+02    0.26530147E-02    0.26919072E-02
    0.56786093E+00    0.14521279E+02    0.14532306E+02    0.27557473E-02    0.27970905E-02
    0.55179031E+00    0.14595109E+02    0.14606994E+02    0.28589542E-02    0.29028382E-02
    0.53625952E+00    0.14670128E+02    0.14682896E+02    0.29620866E-02    0.30085546E-02
    0.52126264E+00    0.14746181E+02    0.14759840E+02    0.30651744E-02    0.31142306E-02
    0.50679188E+00    0.14823048E+02    0.14837597E+02    0.31689092E-02    0.32205216E-02
    0.49283781E+00    0.14900570E+02    0.14916018E+02    0.32734210E-02    0.33276309E-02
    0.47938952E+00    0.14978730E+02    0.14995098E+02    0.33792151E-02    0.34361653E-02
    0.46643490E+00    0.15057335E+02    0.15074643E+02    0.34860621E-02    0.35459067E-02
    0.45396077E+00    0.15135991E+02    0.15154255E+02    0.35929864E-02    0.36557706E-02
    0.44195308E+00    0.15214334E+02    0.15233560E+02    0.37000337E-02    0.37657515E-02
    0.43039709E+00    0.15292123E+02    0.15312307E+02    0.38075271E-02    0.38761699E-02
    0.41927754E+00    0.15369184E+02    0.15390321E+02    0.39158412E-02    0.39874637E-02
    0.40857878E+00    0.15445508E+02    0.15467590E+02    0.40249040E-02    0.40995829E-02
    0.39828490E+00    0.15521142E+02    0.15544172E+02    0.41341391E-02    0.42119524E-02
    0.38837987E+00    0.15596028E+02    0.15620016E+02    0.42429607E-02    0.43239787E-02
    0.37884764E+00    0.15669996E+02    0.15694966E+02    0.43513733E-02    0.44357169E-02
    0.36967222E+00    0.15742850E+02    0.15768830E+02    0.44592693E-02    0.45470882E-02
    0.36083778E+00    0.15814438E+02    0.15841447E+02    0.45663230E-02    0.46577054E-02
    0.35232874E+00    0.15884666E+02    0.15912707E+02    0.46727461E-02    0.47677359E-02
    0.34412978E+00    0.15953482E+02    0.15982549E+02    0.47786885E-02    0.48773063E-02
    0.33622596E+00    0.16020871E+02    0.16050957E+02    0.48842159E-02    0.49865068E-02
    0.32860269E+00    0.16086835E+02    0.16117940E+02    0.49897219E-02    0.50958199E-02
    0.32124583E+00    0.16151379E+02    0.16183511E+02    0.50954137E-02    0.52054756E-02
    0.31414167E+00    0.16214497E+02    0.16247667E+02    0.52012739E-02    0.53154070E-02
    0.30727698E+00    0.16276180E+02    0.16310399E+02    0.53070705E-02    0.54253411E-02
    0.30063901E+00    0.16336432E+02    0.16371702E+02    0.54122996E-02    0.55347552E-02
    0.29421551E+00    0.16395274E+02    0.16431585E+02    0.55165652E-02    0.56432469E-02
    0.28799472E+00    0.16452748E+02    0.16490079E+02    0.56197457E-02    0.57506828E-02
    0.28196538E+00    0.16508904E+02    0.16547237E+02    0.57218933E-02    0.58571284E-02
    0.27611674E+00    0.16563792E+02    0.16603115E+02    0.58232222E-02    0.59628363E-02
    0.27043853E+00    0.16617457E+02    0.16657756E+02    0.59239222E-02    0.60680135E-02
    0.26492096E+00    0.16669925E+02    0.16711192E+02    0.60242819E-02    0.61729552E-02
    0.25955473E+00    0.16721214E+02    0.16763442E+02    0.61246115E-02    0.62779840E-02
    0.25433098E+00    0.16771347E+02    0.16814535E+02    0.62251642E-02    0.63833391E-02
    0.24924133E+00    0.16820355E+02    0.16864502E+02    0.63262473E-02    0.64893535E-02
    0.24427780E+00    0.16868275E+02    0.16913386E+02    0.64281289E-02    0.65963314E-02
    0.23943286E+00    0.16915158E+02    0.16961239E+02    0.65309755E-02    0.67044565E-02
    0.23469936E+00    0.16961064E+02    0.17008120E+02    0.66348780E-02    0.68138181E-02
    0.23007055E+00    0.17006043E+02    0.17054083E+02    0.67397751E-02    0.69243585E-02
    0.22554007E+00    0.17050139E+02    0.17099171E+02    0.68455488E-02    0.70359614E-02
    0.22110188E+00    0.17093383E+02    0.17143413E+02    0.69521355E-02    0.71485644E-02
    0.21675032E+00    0.17135805E+02    0.17186838E+02    0.70594934E-02    0.72621163E-02
    0.21248002E+00    0.17177435E+02    0.17229475E+02    0.71677490E-02    0.73767364E-02
    0.20828595E+00    0.17218293E+02    0.17271349E+02    0.72771785E-02    0.74927192E-02
    0.20416335E+00    0.17258395E+02    0.17312478E+02    0.73881310E-02    0.76104482E-02
    0.20010776E+00    0.17297751E+02    0.17352877E+02    0.75009259E-02    0.77302718E-02
    0.19611496E+00    0.17336367E+02    0.17392555E+02    0.76158655E-02    0.78525172E-02
    0.19218101E+00    0.17374242E+02    0.17431512E+02    0.77331642E-02    0.79774214E-02
    0.18830220E+00    0.17411370E+02    0.17469748E+02    0.78529217E-02    0.81051072E-02
    0.18447502E+00    0.17447743E+02    0.17507248E+02    0.79751597E-02    0.82355975E-02
    0.18069621E+00    0.17483342E+02    0.17543992E+02    0.80999677E-02    0.83689961E-02
    0.17696268E+00    0.17518141E+02    0.17579952E+02    0.82274500E-02    0.85054118E-02
    0.17327155E+00    0.17552111E+02    0.17615099E+02    0.83577658E-02    0.86450108E-02
    0.16962011E+00    0.17585220E+02    0.17649399E+02    0.84910727E-02    0.87879769E-02
    0.16600582E+00    0.17617427E+02    0.17682813E+02    0.86275041E-02    0.89344757E-02
    0.16242629E+00    0.17648687E+02    0.17715292E+02    0.87672255E-02    0.90846742E-02
    0.15887929E+00    0.17678948E+02    0.17746783E+02    0.89104397E-02    0.92387759E-02
    0.15536273E+00    0.17708149E+02    0.17777223E+02    0.90574142E-02    0.93970721E-02
    0.15187465E+00    0.17736215E+02    0.17806541E+02    0.92084850E-02    0.95599371E-02
    0.14841320E+00    0.17763062E+02    0.17834659E+02    0.93640046E-02    0.97277711E-02
    0.14497667E+00    0.17788599E+02    0.17861488E+02    0.95242897E-02    0.99009315E-02
    0.14156345E+00    0.17812729E+02    0.17886935E+02    0.96895851E-02    0.10079694E-01
    0.13817202E+00    0.17835348E+02    0.17910898E+02    0.98602330E-02    0.10264450E-01
    0.13480098E+00    0.17856338E+02    0.17933268E+02    0.10036620E-01    0.10455651E-01
    0.13144899E+00    0.17875576E+02    0.17953923E+02    0.10219084E-01    0.10653696E-01
    0.12811483E+00    0.17892926E+02    0.17972730E+02    0.10408005E-01    0.10859008E-01
    0.12479733E+00    0.17908233E+02    0.17989543E+02    0.10603824E-01    0.11072113E-01
    0.12149540E+00    0.17921333E+02    0.18004198E+02    0.10807017E-01    0.11293614E-01
    0.11820805E+00    0.17932055E+02    0.18016525E+02    0.11017977E-01    0.11524006E-01
    0.11493430E+00    0.17940214E+02    0.18026338E+02    0.11237250E-01    0.11763953E-01
    0.11167329E+00    0.17945609E+02    0.18033441E+02    0.11465401E-01    0.12014167E-01
    0.10842417E+00    0.17948026E+02    0.18037625E+02    0.11703054E-01    0.12275454E-01
    0.10518618E+00    0.17947235E+02    0.18038659E+02    0.11950938E-01    0.12548655E-01
    0.10195857E+00    0.17942979E+02    0.18036294E+02    0.12209858E-01    0.12834692E-01
    0.98740688E-01    0.17934965E+02    0.18030248E+02    0.12480806E-01    0.13134775E-01
    0.95531882E-01    0.17922856E+02    0.18020192E+02    0.12764874E-01    0.13450245E-01
    0.92331562E-01    0.17906272E+02    0.18005752E+02    0.13063278E-01    0.13782625E-01
    0.89139174E-01    0.17884791E+02    0.17986505E+02    0.13377315E-01    0.14133497E-01
    0.85954197E-01    0.17857955E+02    0.17961990E+02    0.13708421E-01    0.14504474E-01
    0.82776147E-01    0.17825251E+02    0.17931702E+02    0.14058297E-01    0.14897467E-01
    0.79604570E-01    0.17786100E+02    0.17895077E+02    0.14428950E-01    0.15314844E-01
    0.76439043E-01    0.17739834E+02    0.17851475E+02    0.14822965E-01    0.15759784E-01
    0.73279168E-01    0.17685697E+02    0.17800159E+02    0.15243425E-01    0.16235940E-01
    0.70124575E-01    0.17622819E+02    0.17740289E+02    0.15694219E-01    0.16747882E-01
    0.66974918E-01    0.17550178E+02    0.17670890E+02    0.16180189E-01    0.17301418E-01
    0.63829873E-01    0.17466563E+02    0.17590819E+02    0.16707401E-01    0.17904073E-01
    0.60689138E-01    0.17370561E+02    0.17498734E+02    0.17283325E-01    0.18565049E-01
    0.57552429E-01    0.17260502E+02    0.17393052E+02    0.17917605E-01    0.19296311E-01
    0.54419483E-01    0.17134399E+02    0.17271890E+02    0.18622580E-01    0.20113277E-01
    0.51290053E-01    0.16989837E+02    0.17132961E+02    0.19414768E-01    0.21036520E-01
    0.48163908E-01    0.16823813E+02    0.16973430E+02    0.20317080E-01    0.22094660E-01
    0.45040832E-01    0.16632590E+02    0.16789740E+02    0.21360560E-01    0.23326870E-01
    0.41920623E-01    0.16411529E+02    0.16577421E+02    0.22587226E-01    0.24785873E-01
    0.38803094E-01    0.16154677E+02    0.16330706E+02    0.24056919E-01    0.26545627E-01
    0.35688068E-01    0.15854199E+02    0.16041908E+02    0.25854928E-01    0.28710269E-01
    0.32575381E-01    0.15499888E+02    0.15700576E+02    0.28103200E-01    0.31424793E-01
    0.29464880E-01    0.15078304E+02    0.15292294E+02    0.30979242E-01    0.34888703E-01
    0.26356420E-01    0.14571311E+02    0.14796747E+02    0.34743492E-01    0.39372811E-01
    0.23249868E-01    0.13954112E+02    0.14184954E+02    0.39769062E-01    0.45213264E-01
    0.20145098E-01    0.13191497E+02    0.13415501E+02    0.46563248E-01    0.52763097E-01
    0.17041993E-01    0.12232256E+02    0.12430353E+02    0.55680715E-01    0.62227285E-01
    0.13940444E-01    0.11002395E+02    0.11154260E+02    0.67288799E-01    0.73294234E-01
    0.10840348E-01    0.94063296E+01    0.95043552E+01    0.80394191E-01    0.84852676E-01
    0.77416096E-02    0.73556425E+01    0.74115069E+01    0.92770873E-01    0.95454107E-01
    0.46441401E-02    0.48103190E+01    0.48386299E+01    0.10283377E+00    0.10436659E+00
    0.15478559E-02    0.17685837E+01    0.17766941E+01    0.11084245E+00    0.11184102E+00
