    0.98804736E+00    0.13326342E+02    0.13340475E+02    0.62311693E-02    0.62605864E-02
    0.96416614E+00    0.13338082E+02    0.13352355E+02    0.62371326E-02    0.62668684E-02
    0.94035691E+00    0.13365714E+02    0.13379994E+02    0.62593649E-02    0.62895827E-02
    0.91666693E+00    0.13407297E+02    0.13421507E+02    0.62911732E-02    0.63217562E-02
    0.89314236E+00    0.13460903E+02    0.13475118E+02    0.63266754E-02    0.63576992E-02
    0.86982789E+00    0.13524382E+02    0.13538680E+02    0.63667938E-02    0.63982895E-02
    0.84676631E+00    0.13596900E+02    0.13611401E+02    0.64099573E-02    0.64420622E-02
    0.82399821E+00    0.13678940E+02    0.13693731E+02    0.64544688E-02    0.64872989E-02
    0.80156166E+00    0.13768342E+02    0.13783533E+02    0.65029110E-02    0.65366003E-02
    0.77949196E+00    0.13864026E+02    0.13879698E+02    0.65562197E-02    0.65909886E-02
    0.75782141E+00    0.13965064E+02    0.13981297E+02    0.66154989E-02    0.66515825E-02
    0.73657918E+00    0.14072715E+02    0.14089574E+02    0.66796376E-02    0.67171722E-02
    0.71579117E+00    0.14187231E+02    0.14204783E+02    0.67487435E-02    0.67877197E-02
    0.69547996E+00    0.14304573E+02    0.14322881E+02    0.68249333E-02    0.68654871E-02
    0.67566478E+00    0.14422538E+02    0.14441587E+02    0.69058897E-02    0.69482525E-02
    0.65636157E+00    0.14540740E+02    0.14560496E+02    0.69885464E-02    0.70328797E-02
    0.63758298E+00    0.14657868E+02    0.14678340E+02    0.70726309E-02    0.71189044E-02
    0.61933854E+00    0.14773815E+02    0.14795050E+02    0.71610455E-02    0.72092642E-02
    0.60163475E+00    0.14890014E+02    0.14912057E+02    0.72534819E-02    0.73038225E-02
    0.58447523E+00    0.15006746E+02    0.15029703E+02    0.73487951E-02    0.74015632E-02
    0.56786093E+00    0.15122814E+02    0.15146810E+02    0.74457398E-02    0.75012051E-02
    0.55179031E+00    0.15236713E+02    0.15261819E+02    0.75455556E-02    0.76039455E-02
    0.53625952E+00    0.15347678E+02    0.15373950E+02    0.76483133E-02    0.77098873E-02
    0.52126264E+00    0.15455772E+02    0.15483250E+02    0.77533207E-02    0.78182713E-02
    0.50679188E+00    0.15561294E+02    0.15589978E+02    0.78594530E-02    0.79278489E-02
    0.49283781E+00    0.15664402E+02    0.15694319E+02    0.79648977E-02    0.80368068E-02
    0.47938952E+00    0.15765109E+02    0.15796312E+02    0.80688265E-02    0.81443559E-02
    0.46643490E+00    0.15863262E+02    0.15895766E+02    0.81723610E-02    0.82516302E-02
    0.45396077E+00    0.15959073E+02    0.15992837E+02    0.82766124E-02    0.83597339E-02
    0.44195308E+00    0.16052808E+02    0.16087786E+02    0.83810243E-02    0.84680191E-02
    0.43039709E+00    0.16144184E+02    0.16180369E+02    0.84852162E-02    0.85761297E-02
    0.41927754E+00    0.16232738E+02    0.16270142E+02    0.85886786E-02    0.86835809E-02
    0.40857878E+00    0.16318382E+02    0.16357002E+02    0.86919641E-02    0.87909229E-02
    0.39828490E+00    0.16401203E+02    0.16441033E+02    0.87955324E-02    0.88986356E-02
    0.38837987E+00    0.16481145E+02    0.16522208E+02    0.88997118E-02    0.90071404E-02
    0.37884764E+00    0.16558079E+02    0.16600408E+02    0.90045279E-02    0.91164719E-02
    0.36967222E+00    0.16632123E+02    0.16675748E+02    0.91100888E-02    0.92267021E-02
    0.36083778E+00    0.16703623E+02    0.16748555E+02    0.92161244E-02    0.93375543E-02
    0.35232874E+00    0.16772823E+02    0.16819064E+02    0.93225465E-02    0.94489433E-02
    0.34412978E+00    0.16839845E+02    0.16887386E+02    0.94290950E-02    0.95605615E-02
    0.33622596E+00    0.16904796E+02    0.16953626E+02    0.95352855E-02    0.96719191E-02
    0.32860269E+00    0.16967747E+02    0.17017851E+02    0.96407001E-02    0.97825862E-02
    0.32124583E+00    0.17028744E+02    0.17080115E+02    0.97453003E-02    0.98925767E-02
    0.31414167E+00    0.17087833E+02    0.17140468E+02    0.98491852E-02    0.10002014E-01
    0.30727698E+00    0.17145078E+02    0.17198957E+02    0.99523528E-02    0.10110822E-01
    0.30063901E+00    0.17200535E+02    0.17255635E+02    0.10055065E-01    0.10219190E-01
    0.29421551E+00    0.17254257E+02    0.17310559E+02    0.10157574E-01    0.10327391E-01
    0.28799472E+00    0.17306316E+02    0.17363806E+02    0.10260040E-01    0.10435642E-01
    0.28196538E+00    0.17356804E+02    0.17415468E+02    0.10362492E-01    0.10544012E-01
    0.27611674E+00    0.17405823E+02    0.17465653E+02    0.10465089E-01    0.10652693E-01
    0.27043853E+00    0.17453447E+02    0.17514444E+02    0.10567992E-01    0.10761854E-01
    0.26492096E+00    0.17499717E+02    0.17561890E+02    0.10671389E-01    0.10871688E-01
    0.25955473E+00    0.17544651E+02    0.17608012E+02    0.10775371E-01    0.10982294E-01
    0.25433098E+00    0.17588289E+02    0.17652842E+02    0.10879778E-01    0.11093473E-01
    0.24924133E+00    0.17630698E+02    0.17696435E+02    0.10984394E-01    0.11204964E-01
    0.24427780E+00    0.17671964E+02    0.17738866E+02    0.11089355E-01    0.11316892E-01
    0.23943286E+00    0.17712190E+02    0.17780236E+02    0.11194961E-01    0.11429548E-01
    0.23469936E+00    0.17751477E+02    0.17820648E+02    0.11301495E-01    0.11543216E-01
    0.23007055E+00    0.17789905E+02    0.17860188E+02    0.11409143E-01    0.11658126E-01
    0.22554007E+00    0.17827527E+02    0.17898910E+02    0.11518046E-01    0.11774439E-01
    0.22110188E+00    0.17864363E+02    0.17936837E+02    0.11628370E-01    0.11892359E-01
    0.21675032E+00    0.17900401E+02    0.17973957E+02    0.11740089E-01    0.12011852E-01
    0.21248002E+00    0.17935619E+02    0.18010246E+02    0.11853052E-01    0.12132706E-01
    0.20828595E+00    0.17969987E+02    0.18045675E+02    0.11967352E-01    0.12255039E-01
    0.20416335E+00    0.18003476E+02    0.18080215E+02    0.12083232E-01    0.12379138E-01
    0.20010776E+00    0.18036057E+02    0.18113842E+02    0.12200933E-01    0.12505283E-01
    0.19611496E+00    0.18067698E+02    0.18146520E+02    0.12320634E-01    0.12633676E-01
    0.19218101E+00    0.18098361E+02    0.18178212E+02    0.12442518E-01    0.12764506E-01
    0.18830220E+00    0.18128008E+02    0.18208872E+02    0.12566652E-01    0.12897812E-01
    0.18447502E+00    0.18156591E+02    0.18238451E+02    0.12693198E-01    0.13033724E-01
    0.18069621E+00    0.18184058E+02    0.18266893E+02    0.12822394E-01    0.13172500E-01
    0.17696268E+00    0.18210359E+02    0.18294144E+02    0.12954437E-01    0.13314365E-01
    0.17327155E+00    0.18235451E+02    0.18320161E+02    0.13089517E-01    0.13459531E-01
    0.16962011E+00    0.18259295E+02    0.18344903E+02    0.13227688E-01    0.13608087E-01
    0.16600582E+00    0.18281851E+02    0.18368331E+02    0.13369001E-01    0.13760099E-01
    0.16242629E+00    0.18303088E+02    0.18390411E+02    0.13513399E-01    0.13915520E-01
    0.15887929E+00    0.18322967E+02    0.18411106E+02    0.13660998E-01    0.14074491E-01
    0.15536273E+00    0.18341443E+02    0.18430372E+02    0.13811930E-01    0.14237170E-01
    0.15187465E+00    0.18358464E+02    0.18448155E+02    0.13966377E-01    0.14403699E-01
    0.14841320E+00    0.18373965E+02    0.18464390E+02    0.14124626E-01    0.14574334E-01
    0.14497667E+00    0.18387860E+02    0.18479000E+02    0.14287064E-01    0.14749482E-01
    0.14156345E+00    0.18400044E+02    0.18491882E+02    0.14454037E-01    0.14929573E-01
    0.13817202E+00    0.18410390E+02    0.18502916E+02    0.14625894E-01    0.15115028E-01
    0.13480098E+00    0.18418756E+02    0.18511963E+02    0.14802893E-01    0.15306146E-01
    0.13144899E+00    0.18424982E+02    0.18518863E+02    0.14985306E-01    0.15503311E-01
    0.12811483E+00    0.18428896E+02    0.18523446E+02    0.15173237E-01    0.15706697E-01
    0.12479733E+00    0.18430326E+02    0.18525534E+02    0.15366795E-01    0.15916470E-01
    0.12149540E+00    0.18429097E+02    0.18524945E+02    0.15566156E-01    0.16132832E-01
    0.11820805E+00    0.18425017E+02    0.18521481E+02    0.15771610E-01    0.16356132E-01
    0.11493430E+00    0.18417878E+02    0.18514935E+02    0.15983552E-01    0.16586817E-01
    0.11167329E+00    0.18407449E+02    0.18505079E+02    0.16202356E-01    0.16825333E-01
    0.10842417E+00    0.18393485E+02    0.18491672E+02    0.16428393E-01    0.17072092E-01
    0.10518618E+00    0.18375725E+02    0.18474460E+02    0.16662197E-01    0.17327666E-01
    0.10195857E+00    0.18353880E+02    0.18453168E+02    0.16904403E-01    0.17592800E-01
    0.98740688E-01    0.18327630E+02    0.18427490E+02    0.17155747E-01    0.17868418E-01
    0.95531882E-01    0.18296614E+02    0.18397073E+02    0.17417104E-01    0.18155575E-01
    0.92331562E-01    0.18260411E+02    0.18361511E+02    0.17689517E-01    0.18455498E-01
    0.89139174E-01    0.18218530E+02    0.18320327E+02    0.17974148E-01    0.18769642E-01
    0.85954197E-01    0.18170389E+02    0.18272963E+02    0.18272313E-01    0.19099733E-01
    0.82776147E-01    0.18115322E+02    0.18218774E+02    0.18585473E-01    0.19447679E-01
    0.79604570E-01    0.18052582E+02    0.18157034E+02    0.18915400E-01    0.19815789E-01
    0.76439043E-01    0.17981360E+02    0.18086948E+02    0.19263860E-01    0.20206357E-01
    0.73279168E-01    0.17900757E+02    0.18007636E+02    0.19632900E-01    0.20622138E-01
    0.70124575E-01    0.17809756E+02    0.17918098E+02    0.20025113E-01    0.21066454E-01
    0.66974918E-01    0.17707174E+02    0.17817173E+02    0.20443932E-01    0.21543663E-01
    0.63829873E-01    0.17591647E+02    0.17703530E+02    0.20893448E-01    0.22058954E-01
    0.60689138E-01    0.17461590E+02    0.17575637E+02    0.21379030E-01    0.22619164E-01
    0.57552429E-01    0.17315110E+02    0.17431688E+02    0.21907763E-01    0.23233504E-01
    0.54419483E-01    0.17149947E+02    0.17269529E+02    0.22488651E-01    0.23913854E-01
    0.51290053E-01    0.16963371E+02    0.17086557E+02    0.23133704E-01    0.24676010E-01
    0.48163908E-01    0.16752100E+02    0.16879630E+02    0.23858768E-01    0.25540718E-01
    0.45040832E-01    0.16512188E+02    0.16644946E+02    0.24684978E-01    0.26535781E-01
    0.41920623E-01    0.16238824E+02    0.16377848E+02    0.25641626E-01    0.27699599E-01
    0.38803094E-01    0.15926058E+02    0.16072515E+02    0.26770880E-01    0.29086664E-01
    0.35688068E-01    0.15566552E+02    0.15721598E+02    0.28132523E-01    0.30771632E-01
    0.32575381E-01    0.15151090E+02    0.15315695E+02    0.29814188E-01    0.32860034E-01
    0.29464880E-01    0.14667832E+02    0.14842475E+02    0.31945361E-01    0.35503231E-01
    0.26356420E-01    0.14101308E+02    0.14285318E+02    0.34718631E-01    0.38913863E-01
    0.23249868E-01    0.13430475E+02    0.13621181E+02    0.38424855E-01    0.43383319E-01
    0.20145098E-01    0.12625637E+02    0.12817281E+02    0.43490023E-01    0.49282881E-01
    0.17041993E-01    0.11645099E+02    0.11827093E+02    0.50464825E-01    0.56977057E-01
    0.13940444E-01    0.10429757E+02    0.10587021E+02    0.59886334E-01    0.66600335E-01
    0.10840348E-01    0.89005021E+01    0.90186872E+01    0.71759580E-01    0.77684520E-01
    0.77416096E-02    0.69689610E+01    0.70438054E+01    0.84768701E-01    0.88970672E-01
    0.46441401E-02    0.45699182E+01    0.46082934E+01    0.96564411E-01    0.99056647E-01
    0.15478559E-02    0.16846421E+01    0.16950577E+01    0.10593097E+00    0.10744427E+00
