   255.150263071487                          NaN                     NaN
   248.988012725748                          NaN                     NaN
   242.849785928211                          NaN                     NaN
   236.745694165511                          NaN                     NaN
   230.686525307512                          NaN                     NaN
   224.684136136045                          NaN                     NaN
   218.749627429444                          NaN                     NaN
   212.893933757128                          NaN                     NaN
   207.126530946025                          NaN                     NaN
   201.455365185299                          NaN                     NaN
   195.888636646958                          NaN                     NaN
   190.433609156378                          NaN                     NaN
   185.096060961368                          NaN                     NaN
   179.881376033230                          NaN                     NaN
   174.795277892635                          NaN                     NaN
   169.842836496175                          NaN                     NaN
   165.027669221342                          NaN                     NaN
   160.352125927277                          NaN                     NaN
   155.816625984884                          NaN                     NaN
   151.420921674331                          NaN                     NaN
   147.164565300424                          NaN                     NaN
   143.047218432195                          NaN                     NaN
   139.068185489007                          NaN                     NaN
   135.226174649344                          NaN                     NaN
   131.519452195305                          NaN                     NaN
   127.945530712918                          NaN                     NaN
   124.501673676004                          NaN                     NaN
   121.184907954321                          NaN                     NaN
   117.991701656496                          NaN                     NaN
   114.917948087761                          NaN                     NaN
   111.959305447553                          NaN                     NaN
   109.111831359898                          NaN                     NaN
   106.371759035599                          NaN                     NaN
   103.735064786006                          NaN                     NaN
   101.197678655219                          NaN                     NaN
   98.7555788298589                          NaN                     NaN
   96.4047425353671                          NaN                     NaN
   94.1411648848595                          NaN                     NaN
   91.9608773301040                          NaN                     NaN
   89.8600344304743                          NaN                     NaN
   87.8348372406571                          NaN                     NaN
   85.8815131391538                          NaN                     NaN
   83.9963282652122                          NaN                     NaN
   82.1756578961374                          NaN                     NaN
   80.4160117845532                          NaN                     NaN
   78.7140853109915                          NaN                     NaN
   77.0667553389689                          NaN                     NaN
   75.4710361283659                          NaN                     NaN
   73.9240426415549                          NaN                     NaN
   72.4230497900098                          NaN                     NaN
   70.9654514984849                          NaN                     NaN
   69.5487780550105                          NaN                     NaN
   68.1706846937229                          NaN                     NaN
   66.8289125166964                          NaN                     NaN
   65.5213112437081                          NaN                     NaN
   64.2458469868531                          NaN                     NaN
   63.0006158499123                          NaN                     NaN
   61.7838187973080                          NaN                     NaN
   60.5937788991211                          NaN                     NaN
   59.4288940348714                          NaN                     NaN
   58.2876301243374                          NaN                     NaN
   57.1685377655489                          NaN                     NaN
   56.0702404626268                          NaN                     NaN
   54.9914382555708                          NaN                     NaN
   53.9309058804309                          NaN                     NaN
   52.8874952331077                          NaN                     NaN
   51.8601347957109                          NaN                     NaN
   50.8478145868942                          NaN                     NaN
   49.8495722073762                          NaN                     NaN
   48.8645077447394                          NaN                     NaN
   47.8917787549052                          NaN                     NaN
   46.9305881100054                          NaN                     NaN
   45.9801791224286                          NaN                     NaN
   45.0398369554681                          NaN                     NaN
   44.1088960607628                          NaN                     NaN
   43.1867445656204                          NaN                     NaN
   42.2728014119326                          NaN                     NaN
   41.3665399982603                          NaN                     NaN
   40.4674831869021                          NaN                     NaN
   39.5751851047196                          NaN                     NaN
   38.6892234116563                          NaN                     NaN
   37.8091918528000                          NaN                     NaN
   36.9347177724975                          NaN                     NaN
   36.0654442448029                          NaN                     NaN
   35.2010305122279                          NaN                     NaN
   34.3411721712430                          NaN                     NaN
   33.4855756873898                          NaN                     NaN
   32.6339809537552                          NaN                     NaN
   31.7861289060583                          NaN                     NaN
   30.9417722644193                          NaN                     NaN
   30.1006838155336                          NaN                     NaN
   29.2626542367493                          NaN                     NaN
   28.4275058336383                          NaN                     NaN
   27.5950753171375                          NaN                     NaN
   26.7652162377232                          NaN                     NaN
   25.9377974472908                          NaN                     NaN
   25.1127118438331                          NaN                     NaN
   24.2898576448765                          NaN                     NaN
   23.4691550921642                          NaN                     NaN
   22.6505527952781                          NaN                     NaN
   21.8340282906721                          NaN                     NaN
   21.0195761637919                          NaN                     NaN
   20.2072264786762                          NaN                     NaN
   19.3970523964470                          NaN                     NaN
   18.5891662472520                          NaN                     NaN
   17.7837419950491                          NaN                     NaN
   16.9810057436245                          NaN                     NaN
   16.1812345562878                          NaN                     NaN
   15.3848096597756                          NaN                     NaN
   14.5921980129000                          NaN                     NaN
   13.8039598551402                          NaN                     NaN
   13.0207719336830                          NaN                     NaN
   12.2434506427657                          NaN                     NaN
   11.4730013770810                          NaN                     NaN
   10.7105792302465                          NaN                     NaN
   9.95737303891959                          NaN                     NaN
   9.21416230334781                          NaN                     NaN
   8.48051176604586                          NaN                     NaN
   7.75356520564967                          NaN                     NaN
   7.02399738620635                          NaN                     NaN
   6.26684821353601                          NaN                     NaN
   5.43028042098805                          NaN                     NaN
   4.44311506760077                          NaN                     NaN
   3.27431594811106                          NaN                     NaN
   1.98497769502552                          NaN                     NaN
  0.660436780960808                          NaN                     NaN
